7.15	44.1	35.51	17.46	8.91	34.78	143.99	21.23
7.88	48.87	42.71	16.96	7.13	34.43	144.52	19.84
8.19	39.66	48.79	17.69	6.83	36.72	141.78	21.15
8.9	45.58	47.01	18.16	8.12	25.68	158.28	20.23
9.57	40.03	41.95	18.95	8.18	34.04	143.17	15.83
7.62	39.29	36.59	20.6	8.09	31.42	163	23.64
9.37	48.61	43.3	22.34	7.01	29.29	147.44	19.53
8.03	48.87	41.84	17.19	6.97	31.67	190.34	20.01
7.5	42.81	44.02	20.39	6.18	31.93	154.24	17.04
8.98	57.38	37.46	18.45	8.06	30.85	174.91	17.61
9.8	37.07	45.81	16.39	8.33	30.49	161.3	17.55
8.32	47.77	36.11	17.05	7.41	28.65	127	25.34
7.88	53.02	38.82	20.85	7.63	32.36	156.88	20.05
6.82	49.57	42.58	18.97	8.13	35.18	147.12	23.27
8.26	47.55	41.43	17.1	7.61	31.32	125	17.33
9.1	48.82	39.24	18.88	7.78	34.56	177.23	20.79
8.55	49.13	48.24	15.78	7.39	32.44	167.12	20.88
8.78	53.03	40.88	19.2	7.03	36.01	174.82	20.97
9.05	49.46	36.89	20.41	8.5	31.03	152.38	21.79
8.64	53.68	39.05	18.42	7.71	30.24	156.34	17.55
7.53	47.14	38.1	18.52	7.39	33.82	199.2	19.6
7.99	50.21	34.73	16.51	6.59	31.77	143.49	19.53
11.99	44.51	35.61	18.32	6.93	36.43	148.27	16.04
9.14	48.59	43.73	17.4	6.15	29.42	155.1	21.51
8.85	51.2	42.18	20.15	7.95	31.48	138.96	18.85
8.38	38.28	38.9	16.36	8.16	27.15	139.78	21.58
9.06	48.06	43.6	21.35	7.03	28.91	152.6	18.64
8.97	52.41	39.74	17.92	8.24	26.13	161.65	21.95
9.13	47.8	42.19	21.36	7.16	32.36	166.27	20.58
9.51	46.09	35.94	17.06	8.33	38.13	146.75	22.15
9.82	54.76	34.98	17.89	7.65	34.09	178.56	18.39
7.85	48.5	35.57	16.46	8.02	38.34	145.86	20.07
9.81	53.48	39	22.24	6.9	38.11	171.39	19.7
8.46	38.57	40.8	17.19	6.92	31.9	142.01	19.49
10.16	48.83	42.3	15.73	9.17	30.78	156.83	18.14
10.32	42.76	40.7	15.45	7.16	28.12	166.98	18.53
8.72	45.84	40.35	17.72	7.49	28.45	145.71	20.12
7.99	41.73	48.56	16.82	6.19	28.57	177.08	18.43
7.68	48.49	40.1	20.04	7.54	29.93	171.64	22.58
7.04	41.8	42.45	17.38	9.58	31.53	142.18	20.1
9.05	37.73	29.93	18.03	9.79	29.85	147.48	18.39
9.41	57.31	40	18.92	9.65	33.71	157.04	20.22
8.4	47.98	37.86	18.63	7.43	31.15	147.28	20.09
9.28	43.56	36.69	19.62	6.67	28.5	153.19	19.1
8.76	44.89	43.34	19.61	7.03	35.09	165.66	18.83
7.11	47.68	38.22	16.23	7.86	36.58	132.99	17.34
10.07	44.87	41.41	17	8.74	31.29	162.77	22.61
8.86	43.6	34.42	19.06	7.88	30.14	142.75	22.57
8.18	46.38	45.01	19.82	8.65	34.16	130.32	22.13
8.97	54.78	47.24	17.58	8.91	30.87	142.63	21.54
10.27	42.32	40.77	18.86	7.23	36.85	152.79	22.88
7.74	50.98	43.05	20.2	7.58	33.01	159	19.76
9.68	45.32	41.22	17.17	7.61	31.45	166.57	19.64
9.51	43	43.59	20.7	8.12	27.32	163.99	20.27
9.91	43.93	36.57	18.23	6.96	37.14	167.93	20.23
7.24	47.45	39.5	19.19	7.99	32.91	172.41	20.36
9.64	50.7	46.06	18.06	7.65	35	138.19	21.04
8.6	48.64	42.47	17.64	6.42	32.63	168.93	20.24
9.42	52.66	38.79	15.89	6.88	30.25	152.65	18.16
7.81	57.23	44.28	15.81	8.32	31.53	165.86	21.28
10.34	41.79	44.85	16.39	7.46	35.98	148.53	19.11
7.98	46.13	46.26	18.21	6.67	30.06	158.76	17.49
8.52	45.64	34.26	16.92	6.64	30.28	161.34	21.75
10.64	45.41	38.36	18.04	6.22	28.45	150.48	20.27
8.75	50.56	37.24	18.93	8.82	32.41	167.77	16.83
7.04	54.08	45.12	19.76	8	37.21	164.17	20.52
8.66	47.98	43.89	20.45	8.44	29.35	145.32	20.94
8.72	58.41	34.63	17.75	6.81	38.42	163.6	21.14
9.29	51.19	35.36	19.79	7.7	33.92	165.19	18.35
8.45	41.93	37.73	16.9	8.26	31	175.76	23.28
6.93	39.74	39.52	17.76	7.1	30.76	147.54	16.48
8.7	42.21	40.29	20.32	7.2	32.35	202.91	20.27
7.87	39.83	37.01	16.25	7.43	32.85	167.97	17.46
8.56	54	44.23	19.26	7.43	34.35	149.19	19.95
8.06	47.7	43.96	19.36	7.28	30.73	179.06	20.37
8.78	46.56	37.81	20.17	7.76	27.78	164.53	18.75
9.5	46.88	35.81	18.46	6.57	37.72	163.05	17.18
8.05	46.53	41.58	19.65	7.59	30.64	145.67	21.68
9	38.8	33.71	20.06	8.42	23.95	137.34	20.64
7.88	41.72	38.57	20.84	5.96	28.42	160.24	18.5
8.82	49.28	35.82	19.6	7.77	34.31	163.11	19.9
8.92	52.82	41.82	20.32	7.04	38.25	161.28	22.02
8.04	52.28	37.7	21.54	8.59	28.56	145.53	18.86
8.3	53.65	32.16	22.35	6.42	32.08	126.65	19.12
8.72	47.23	40.95	16.8	7.72	36.95	150.25	19.85
10.25	41.14	42	19.67	8.51	28.49	150.98	21.63
9	45.8	35.78	18.83	8.59	30.43	147.8	19.81
9.16	44.93	34.66	16.03	7.02	31.74	147.14	21.51
6.75	47.43	37.87	20.35	7.85	34.16	147.74	20.63
9.63	48.22	34.38	18.14	6.97	27.95	151.71	19.41
8.17	43.23	38.1	18.85	6.64	38.65	147.72	16.57
7.98	46	46.85	21.44	9.05	29.68	158.16	19.18
8.8	42.15	43.65	19.72	7.08	29.89	148.13	15.63
9.31	50.18	41.75	23.65	8.11	38.81	128.6	22.6
8.1	53.71	40.3	20.68	7.59	30.08	154.85	22.12
9.64	44.49	40.66	18.49	6.02	28.15	183.86	22.24
6.54	52.74	39.03	17.4	8.72	32.01	161.81	21.1
9.24	47.68	34.41	18.26	7.37	35.31	159.32	16.95
8.68	47.78	39.81	17	7.31	28.47	155.89	19.61
9.22	53.02	37.26	19.54	6.7	35.17	149.82	23.62
6.43	46.26	38.78	21.25	9.6	33.06	160.62	20.39
9.45	40.37	44.31	17.11	5.79	30.19	138.02	18.76
9.39	46.69	34.32	21	7.16	29.36	165.66	17.65
8.35	44.42	42.21	18.52	8.07	30.76	159.96	19.8
9.44	48.21	41.12	15.4	8.07	35.85	133.43	20.21
8.76	39.21	34.01	17.04	7.33	27.58	155.75	18.23
9.37	41.55	35.62	17.87	8.7	30.12	140.69	16.08
8.29	44.72	34.96	17.73	6.78	34.62	144.05	16.63
9.78	51.71	36.5	17.71	7.86	26.8	142.41	20.39
8.49	43.81	41.42	16.9	8.79	26.35	155.81	19.43
9.73	43.1	50.36	18.26	7.72	34.46	155.39	17.75
7.77	52.22	41.73	16.24	7.04	34.58	175.51	21.46
7.38	52.34	44.78	18.41	7.84	28.54	172.51	18.04
7.85	47.55	31.78	18.63	6.16	30.93	186.02	16.24
7.92	50.72	46.51	17.55	8.26	28.82	159.95	22.62
7.48	44.48	36.24	19.5	7.89	29.78	187.51	18.2
9.39	48.2	42.11	19.23	9.16	30.85	141.11	21.8
8.53	50.37	34.31	16.45	7.83	29.65	130.93	19.2
9.39	43.68	44.88	16.58	7.43	31.61	153.05	20.05
7.92	36.31	41.09	16.66	8.91	34.42	145.86	19.25
8.36	44.89	41.62	20.47	8.74	35.29	158.7	19.63
8.51	53.14	43.93	16.49	7.61	35.18	131.31	20.91
8.27	39.22	42.9	21.16	7.45	33.55	116.53	20.73
8.34	47.15	45.23	19.56	7.23	40.32	148.37	18.03
7.82	44.68	39.98	18.88	6.63	36.23	144.96	18.37
9.37	47.26	37.22	17.61	8.62	40.15	151.12	23.16
9.74	46.96	47.28	16.16	7.85	33.48	198.15	19.44
8.65	48.96	41.27	20.7	8.08	35.26	149.69	19.71
7.43	50.65	39.09	17.81	8.8	29.34	167.11	21
8.4	47.85	43.18	19.61	7.94	30.69	160.62	19.44
9.23	49.68	38.09	18.99	9.14	35.69	151.5	23.14
8.66	45.48	36.17	15.63	7.46	36.48	132.63	20
9.81	41.54	39.25	21.79	7.73	34.51	147.85	19.1
9.39	51.78	43.7	16.28	8.44	26.98	167.38	21.54
8.44	47.9	40.74	17.14	7.19	31.31	168.2	18.79
8.22	47.2	36	17.4	8.18	32.07	129.95	18.04
8.85	53.39	40.43	17.34	7.7	32.71	122.99	21.15
7.99	53.63	39.76	16.95	6.59	27.76	136.72	16.95
9.15	44.27	40.88	21.37	6.81	30.09	165.89	17.24
9.07	46.91	43.05	20.67	6.68	32.16	141.85	22.08
8.78	43.51	34.31	16.78	8.25	33.57	163.01	18.93
11.16	45.04	38.07	19.59	7.43	33.57	158.78	21.53
8.26	50.15	36.44	16.97	8.59	31.84	162.64	24.72
8.73	43.86	42.35	23.43	7.5	32.1	175.89	22.15
9.54	41.93	41.3	18.05	6.83	29.54	140.04	18.89
8.46	38.1	36.69	19.98	8.49	32.49	149.76	23.7
9.23	51.01	43.95	20.5	8.15	37.09	146.44	24.65
8.26	33.49	49.17	16.91	8.54	31.27	184.97	19.59
8.68	41.83	38.08	18.75	8.45	35.07	164.83	16.95
8.99	45.28	36.4	17.73	7.18	31.67	166.01	19.59
8.15	47.69	40.17	15.19	8.35	35.61	164.04	21.44
9.46	47.73	38.12	19.24	7.03	27.1	146.75	17.95
7.24	48.02	32.29	17.43	8.42	35.76	179.21	18.01
9.62	48.7	38.44	16.31	7.41	31.23	166.08	21.13
8.48	43.15	50.35	19.6	7.36	36.24	148.45	19.2
7.36	42.75	45.59	19.98	8.17	29.04	169.66	16.79
8.94	56.74	40.06	18.17	7.72	34.39	123.95	20.02
8.14	45.83	37.12	20.16	7.46	29.53	147.85	18.64
9.45	47.91	38.95	20.26	8.04	31.55	151.1	16.37
8.96	47.33	37.37	20.27	7.39	34.33	162.75	19.35
8.38	37.78	33.74	18.68	7.41	34.43	152.96	23.3
7.63	39.73	37.46	17.76	8.8	31.31	167.89	22.6
9.2	51.43	40.79	14.23	8.37	32.16	117.76	18.96
8.93	44.07	43.54	18.42	8.43	32.63	152.44	21.01
8.54	53.69	40.45	18.56	7.36	31.12	171.86	16.07
9.2	47.02	38.47	20.35	6.69	32.16	156.63	17.28
9.87	45.02	33.62	21.64	7.38	31.77	168.43	18.21
8.36	40.37	42.17	18.13	8.19	28.15	167.19	21.44
8.23	46.77	40.92	17.32	7.93	38.02	153.53	19.58
7.48	45.1	33.93	18.37	8.71	27.08	145.35	22.14
9.32	43.33	33.9	20.87	7.17	36.82	164.44	17.79
8.32	50.8	42.95	17.13	8.07	33.19	142.54	20.69
8.54	42.82	42.54	20.76	6.85	27.55	167.99	22.12
8.65	46.8	39.68	14.97	8.3	34.43	159.66	18.87
8.16	47.61	37.1	15.74	9.31	31.91	151.01	18.81
6.5	41.07	40.29	19.07	8.38	34.58	173.23	22.12
8.04	47.84	41.54	20.08	7.94	30.12	155.22	22.8
8.22	43.4	38.32	18.87	8.56	29	147.94	18.83
8.68	48.88	36.38	18.63	10.14	29.04	129.12	16.78
8.79	44.06	43.36	19.91	5.38	29.5	155.38	18.58
8.66	44.44	42.14	20.77	7.81	33.94	149.52	20.03
8.18	46.85	38.04	16.29	7.22	35.91	164.73	17.33
7.78	44.58	41.06	16.61	7.39	26.78	172.92	21.06
7.73	43.92	40.06	22.02	7.54	26.78	146.99	21.31
8.01	49.41	44.53	17.21	7.97	29.42	139.63	19.93
7.96	46.53	39.34	16.99	7.68	33.18	168.24	16.95
8.47	44.92	38.08	18.74	8.14	26.72	157.49	20.31
7.96	54.02	48.08	20.24	9.2	33.94	161.2	18.52
8.8	41.69	42.83	16.47	7.72	31.83	172.8	18.44
8.82	51.16	41.45	18.76	7.23	34.25	164.55	19.71
6.7	55.4	45.91	17.9	7.31	34.43	177.06	20.76
8.54	49.95	39.91	20.16	7.89	33.11	126.59	20.02
7.43	45.12	40.64	19.2	8.76	30.31	211.37	20.47
8.75	53.56	37.05	15.67	7.76	27.42	115.26	18.24
8.98	44.41	33.95	22.32	7.51	35.59	149.48	19.05
8.54	50.43	41.18	15.89	6.88	34.2	178.63	19.86
8.87	55.85	37.31	15.27	6.93	28.69	131.83	20.31
7.83	43.07	38.47	17.41	8.13	29.16	159.44	24.83
9.89	44.13	41.19	20.92	8.77	32.84	186.01	22.99
8.93	49.77	40.55	17.7	8.21	28.42	143.8	17.49
8.02	49.14	46.38	15.13	7.83	30.81	173.02	19.14
7.36	49.38	44.79	18.52	8.37	32.14	159.4	17.84
8.76	44.49	36.89	19.6	6.25	37.03	158.47	23.01
8.21	47.92	37.59	22.87	7.55	33.06	150.2	17.9
8.7	45.01	38.74	17.98	7.93	39.16	150.51	20.14
7.46	44.88	41.21	15.92	7	34.56	134.47	19.76
7.48	44.27	36.25	19.2	7.77	30.72	159.08	22.04
7.2	43.4	34.46	18.34	7.16	27.8	178.92	23.84
8.28	43.65	36.32	18.72	7.25	30.13	160.23	20.1
7.24	46.17	33.94	20.57	6.24	25.43	134.48	20.96
9.02	44.03	42.84	15.06	8.02	35.07	162.38	18.94
8.11	53.16	42.03	20.05	7.7	32.05	164.14	23.34
8.22	43.03	51.01	18.1	7.75	36.9	150.16	19.83
8.97	38.2	35.98	15.61	9.23	31.24	158.82	18.78
8.72	48.98	38.54	16.59	8.78	37.26	166.53	19.6
10.36	49.89	42.07	19.67	8.76	33.78	149.97	20.25
8.46	45.92	52.97	16.27	7.38	35.04	163.35	20.63
9.5	53.14	40.18	19.85	7.62	30.46	147.43	22.66
9.68	42.23	40.17	22.36	7.79	32.22	143.4	23.41
10.46	44.65	41.65	18.68	7.64	32.36	172.02	23.23
9.69	52.81	40.65	19.22	9.1	31.78	146.69	23.92
9.61	44.53	45.74	18.17	6.81	37.56	143.51	19.79
8.53	44.45	42.48	22.28	6.27	28.19	218.39	22.85
9.1	48.91	35.8	17.33	8.94	31.57	176.97	20.73
7.38	41.91	37.66	16.95	5.89	32.56	139.3	23.45
10.35	50.89	36.79	18.66	8.28	39.26	172.93	19.86
8.47	43.96	44.34	16.95	7.3	34.22	158	17.57
8.08	56.2	36.3	16.31	5.79	35.62	168.53	21.7
8.5	52.24	32.24	16.32	7.78	27.68	159.21	18.31
8.02	48.7	36.92	18.27	7.61	28.9	134.11	18.62
7.51	45.7	38.57	17.69	7.92	29.19	156.32	24.91
8.6	44.56	39.77	18.86	6.86	32.15	157.61	16.86
9.22	41.73	47.85	16.73	6.36	29.39	144.91	19.01
6.85	45.11	47.74	17.52	6.17	38.93	137.85	17.07
7.55	48.49	40.35	20.44	8.44	34.75	160.95	17.66
7.62	43.45	33.71	19.11	8.85	28.91	153.7	21.46
7.72	45.52	41.9	16.05	7	26.55	153	24.04
8.58	43.56	38.1	18.03	7.8	35.34	158.22	17.39
7.91	56.02	39.4	15.58	7.49	36.61	158.12	23.81
7.42	49.58	32.63	19.74	6.55	27.12	140.2	19.87
9.7	44.36	35.3	16	7.28	27.49	151.99	20.09
8.75	49.14	35.25	16.24	8.21	32.71	188.14	22.2
9.19	46.09	43.91	17.74	6.34	36.21	175.44	17.74
8.43	61.16	40.45	15.66	8.79	31.98	156.45	16.91
9.09	50.05	41.35	19.07	8.19	32.69	157.99	20.46
7.15	51.83	38.99	15.69	7.6	28.34	150.18	17.63
8.62	44.15	41.17	20.59	8.07	31.3	150.91	19.6
8.51	43.85	50.06	21.27	6.32	34.01	148.01	17.98
8.87	41.69	33.5	20.09	7.37	37.82	147.83	23.5
9.37	42.9	40.51	22.02	7.46	35.49	151.1	21.42
7.3	50.33	42.74	16.87	5.92	38.98	174.2	19.32
7.73	45.23	39.95	15.93	7.82	31	158.38	18.84
10.47	52.5	39.36	19.15	8.32	34.62	143.49	21.56
8.55	56.43	45.79	19.76	7.92	33.73	141.3	20.25
10.26	47.55	38.79	19	9.1	31.78	167.49	19.81
7.96	45.81	39.89	17.52	7.24	29.97	151.15	18.83
8.07	49.96	42.84	20.37	6.72	35.57	182.19	17.42
8.17	41.9	39.25	20.76	8.55	30.15	141.48	25.1
9.77	42.59	33.66	15.93	8.1	27.96	163.54	18.75
8.43	43.2	44.26	14.55	9.66	31.45	160.52	21.23
7.96	42.98	38.94	15.83	7.01	35.51	151.37	17.77
7.89	45.59	41.67	17.57	7.39	32.51	133.29	21.21
8.06	35.15	38.94	18.68	7.77	30.54	162.35	20.7
8.3	46.29	48.55	20.07	7.19	27.67	139.22	22.25
8.63	51.64	35.45	16.71	8.94	31.52	160.7	20.23
9.15	50.12	34.92	15.29	7.13	35.07	134.4	18.14
8.61	48.67	39.9	17.68	6.21	32.59	148.25	20.72
8.62	43.89	41.61	14.75	6.28	27.12	147.09	17.46
10.57	51.62	33.92	20.09	7.94	40	153.14	20.9
9.26	48.51	36.26	18.84	6.79	32.05	166.9	19.17
8.62	47.67	40.41	21.12	7.04	29.1	168.38	19.98
8.45	49.47	37.76	17.78	8.2	32.43	134.75	19.91
7.24	46.59	43.52	18.89	7.97	30.15	149.44	21.17
7.91	46.34	39.62	16.77	7.54	37.59	137.21	17.55
8.02	53.54	35.1	18.92	8.36	30.13	160.91	19.83
8.43	46.61	39.96	16.11	6.19	30.92	155.3	16.64
7.3	48.04	41.59	18.23	6.69	28.51	179.92	17.14
9.93	45.29	40.95	16.28	5.58	30.19	153.9	20.47
8.5	55.56	38.47	20.56	7.22	36.26	117.2	19.97
7.08	47.09	40.28	18.41	7.21	32.92	141.37	20.9
8.87	44.94	42.91	19.66	7.41	32.44	157.88	19.58
7.79	51.56	39.41	19.83	7.92	32.25	178.11	18.71
10.28	48.64	39.93	17.17	6.63	33.42	161.4	18.75
8.72	50.54	38.9	19.96	7.71	30.68	145.29	22.39
8.86	45.07	43.12	14.15	9.3	30.35	166.43	17.57
8.81	50.33	35.28	18.59	8.18	36.74	140.61	20.22
8.91	53.8	32.27	18	8.93	29.34	161.68	18.3
8.95	45.79	38.94	18.82	8.01	30	162.09	21.47
8.33	41.02	46.99	13.67	8.05	34.89	190.32	19.69
7.3	44.21	37.96	19.17	7.61	34.81	145.26	19.79
10.66	53.59	40.26	20.31	6.99	32.69	164.31	19.25
8.24	39.65	40.06	16.54	8.05	31.52	175.03	19.55
8.64	58.16	41	16.89	8.43	35.31	161	20.67
9.19	47.9	41.07	17.55	7.48	29.8	130.52	21.56
10.03	40.93	42.43	15.61	8.39	27.05	161.04	17.78
9.04	46.21	36.17	15.8	7.63	29.76	172.75	22.95
9.6	50.82	37.02	18.23	7.48	25.71	151.44	19.27
7.51	52.77	40.93	15.57	6.86	33.26	185.49	19.26
9.09	47.65	31.1	17.79	6.99	29.76	175.83	20.89
9.89	52.77	35.05	15.87	7.56	28.45	169.07	18.01
6.6	46.95	36.02	20.36	7.75	32.53	131.94	18.98
8.44	43.88	43.53	17.4	7.09	29.32	170.61	20.12
8.31	46.24	36.56	18.48	8.19	25.79	163.13	20.3
8.76	50.94	45.73	14.57	8.44	33.71	175.3	19.59
8.57	50.74	35.67	15.58	6.65	32.57	156.87	20.68
7.59	53.15	36.65	16.22	10.41	31.78	150.14	21.19
8.65	54.67	42.39	17.79	9.74	38.46	142.26	19.63
9.36	55.71	43.34	17.72	7.4	35.48	127.25	17.52
7.32	51.33	38.63	19.2	8.42	36.89	157.03	18.97
7.73	50.14	32.35	21.07	9.55	32.4	128.09	17.15
9.54	51.04	44.73	18.66	7.66	34.53	150.11	19.25
8.17	47.51	37.79	16.68	7.88	33.46	152.63	21
9.69	43.61	47.34	15.38	7.12	38.39	171.89	18.55
8.64	43.6	40.04	21	8.46	31.17	157.44	21.7
9.29	54.59	43.93	17.37	8.45	31.21	200.93	18.28
7.54	39.97	37.99	16.7	8	33.18	161.93	21.31
8.05	53.78	42.95	20.13	7.54	33.27	157.37	18.2
8.68	52.63	39.93	21.91	9.07	31.42	138.76	22.45
9.73	50.95	44.82	18.54	7.82	31.53	201.93	18.07
8.02	40.08	36.9	18.91	7.45	29.07	160.01	22.95
8.13	49.18	34.02	19.01	7.52	34.12	166.02	17.46
8.11	50.1	36.92	19.38	7.43	33.54	163.93	21.56
7.83	42.41	47.93	17.18	7.59	31.98	167.64	17.64
7.56	47.49	40.93	17.47	6.96	37.34	170.55	20.23
7.91	53.81	39.5	18.95	7.92	31.44	155.28	17.57
8.13	41.12	43.44	17.35	9.95	32.4	167.16	18.51
10.46	53.42	41.29	20.43	7.69	33.11	142.49	20.07
9.62	48.67	41.27	23.67	8.59	30.56	194.43	17.86
7.76	62.41	37.12	18.13	7.51	30.14	127.35	14.81
8.63	49.84	40.07	17.76	7	29.9	151.64	19.99
9.85	47.98	37.71	17.68	6.77	33.96	157.99	18.53
9.31	48.08	35.86	17.86	7.84	31.15	161.7	22.25
8.02	46.46	36.23	17.71	6.64	33.03	181.68	22.03
9.4	44.59	38.88	19.21	6.52	32.99	145.76	17.23
8.77	41.19	29.7	16.16	8.51	31.95	145.44	19.25
8.3	44.34	42.25	19.15	6.52	26.32	198.62	19.53
10.26	42.77	39.71	24.5	8.3	32.58	130.84	19.39
9.02	33.94	38.32	19.31	7.85	36.14	176.7	21.31
7.04	50.46	39.29	16.67	7.41	38.82	150.12	21.38
7.62	51.91	38.7	20.44	7.19	25.72	149.91	19.9
9.68	54.5	31.76	16.21	9.11	27.95	160.54	18.12
10.37	51.12	32.74	19.47	7.1	32.31	162.84	21.05
9.19	38.1	42.21	20.39	7.6	31.29	168.2	18.79
8.91	42.1	44.1	18.25	8.38	31.43	165.17	18.76
10.53	46.07	41.24	15.37	7.75	34.04	155.5	17.44
9.47	39.49	38.24	22.35	8.2	30.14	121.35	25.97
8.86	38.03	38.55	20.61	6.9	37.69	145.54	20.49
7.42	48.78	43.61	20.08	9.13	32.41	164.24	16.74
7.62	43.37	36.79	21.14	7.97	27.95	152.23	18.85
8.33	41.86	43.83	19.35	8.04	39.38	154.4	19.28
6.9	42.55	34.62	15.25	6.45	34.08	151.38	15.76
7.42	48.91	43.96	19.48	8.62	30	178.18	19.08
10.13	44.3	44.43	11.78	6.75	32.83	165.58	18.31
8.65	48.49	43.03	17.13	7.43	29.2	160.85	19.05
8.99	50.45	37.57	18.32	7.14	35.27	143.44	18.89
8.09	36.86	45.49	15.97	7.55	34.8	144.35	17.07
8.98	55.07	41.17	18.91	7.88	31.27	140.62	24.14
9.53	49.01	35.95	18.31	8.41	39.18	155.8	17.86
9.15	43.35	46.14	21.09	6.13	29.33	140.12	21.69
7.61	55.68	42.67	17.3	7.37	34.82	154.59	18.89
6.9	42.22	45.68	14.57	8.52	29.41	134.43	20.89
7.36	52.07	44.16	16.83	6.93	29.84	154.16	21.79
8.28	44.59	37.06	19.26	7.77	30.82	157.08	21.5
10.57	40.62	46.32	18.62	7.36	25.91	178.51	20.39
7.98	44.04	44.44	16.57	6.83	31.98	170.84	20.36
8.68	54.12	38.64	17.54	7.61	34.12	163.95	20.92
9.59	55.02	34.37	21.07	8.19	31.68	154.17	23.48
8.49	53.98	45.78	17.58	7.92	37.36	141.32	18.95
9.18	41.79	37.11	17.78	6.72	35.73	158.06	19.37
7.21	48.75	38.55	19.79	9.15	29.45	166.78	21.41
9.01	45.59	42.05	16.27	8.65	42.45	141.97	18.57
7.86	43.62	39.37	16.58	8.04	31.12	137.04	20.78
12.07	46.29	48.01	16.42	6.28	37.18	179.13	18.88
10	43.81	41.79	18.32	8.14	34.04	127.53	19.54
9.5	47.11	45.94	18.34	6.9	31.84	172.76	22.21
9.28	50.21	39.43	17.04	8.07	35.26	165.32	21.99
9.19	44.18	37.23	19.71	6.93	34.17	159.32	21.31
8.39	47.94	43.21	21.5	7.63	36.35	166.85	22.24
8.63	43.96	39.95	19.58	7.67	32.24	160.39	18.67
9.06	46.04	45.21	16.95	8.27	31.15	186.54	21.93
8.82	47.02	36.83	17.4	7.31	35.1	162.18	21.69
7.9	47.43	45.17	16.64	6.78	30.29	165.68	19.58
8.79	50.59	40.12	17.6	8.24	30.32	153.46	18.33
7.75	43.62	38.85	17.52	8.23	31.71	156.76	21.21
8.64	54.64	42.78	18.75	6.05	32.31	198.36	22.45
9.35	47.24	36.65	18.68	7.68	32.8	166.62	18.39
9.28	51.89	40.93	18.18	8.71	32.93	139.26	23.23
8	39.8	42.27	21.62	6.93	37.72	153.1	16.19
9.74	38.4	36.58	20.41	7.95	35.9	168.16	17.13
8.03	41.98	44.73	19.03	8.14	37.83	169.91	19.53
7.19	43	44.06	16.02	7.88	33.02	147.28	17.83
8.25	44	35.84	17.73	8.43	27.99	172.22	19.44
8.65	41.74	37.39	17.25	7.84	34.84	149.93	19.57
8.34	50.49	44.62	19.56	8.23	35.06	154.53	16.8
7.07	44.81	42.37	18.72	8.06	36.52	156.1	23.92
7.54	46.87	41.63	15.77	7.48	30.71	191.59	18.75
8.69	40.53	38.23	16.04	8.45	34.9	152.88	18.2
9.23	40.37	41.61	17.55	8.78	33.46	166.91	17.63
9.37	49.46	45.49	16.26	6.74	32.85	140.82	21.62
7.54	52.04	41.28	18.28	7.41	29.17	181.91	20.79
7.66	46.36	38.9	18.91	7.93	31.12	177.55	19.19
7.86	43.69	30.51	17.66	6.1	24.57	166.33	19.27
7.88	50.44	39.59	17.41	7.57	34.89	150.81	21.82
9.16	51.77	44.38	16.65	7.71	34.38	172.8	19.78
9.39	39.2	40.84	16.97	7.93	32.59	151.7	16.74
8.45	47.98	39.54	19.9	8.17	32.04	161.62	19.21
8.97	45.05	36.87	19.48	7.04	29.25	150.86	17.76
8.43	40.58	33.93	19.03	6.93	31	136.55	17.17
8.64	46.95	33.25	18.23	7.69	30.49	145.31	19.39
8.1	45.81	39.18	19.69	8.84	27.5	135.77	18.5
7.89	47.8	37.05	20.25	7.89	30.37	158.2	22.27
9.34	45.23	34.73	18.34	6.57	33.1	142.42	20.55
8.97	34.18	35.75	20.57	7.61	35.98	160.15	22.22
8.37	52.92	41.06	18.36	7.1	31.74	155.32	20.99
9.52	42.22	38.9	13.33	8.16	29.1	151.67	20.52
8.2	48.55	34.69	19.62	7.57	35.58	149.01	16.07
8.27	40.99	35.87	15.41	7.46	35.76	160.26	20.22
8.83	54.21	45.19	15.86	7.19	35.25	169.27	18.95
9.61	44.55	38.84	20.55	9.13	32.43	140.82	18.52
8.61	44.34	38.49	15.67	7.69	37.34	150.47	20.09
8.35	34.26	35.31	14.46	6.58	29.3	149.27	21.83
9.81	46.76	45.71	16.87	7.8	35.03	176.32	24.57
8.78	53.85	39.1	16.27	9.27	32.45	168.49	17.36
7.45	51.68	36.55	19.54	8	30.21	167.09	17.02
9.06	51.18	41.02	19.06	7.28	31.42	177.18	17.66
7.29	56.95	42.26	22.03	6.14	31.26	149.53	19.45
8.02	37.19	39.75	16.67	6.2	24.42	183.87	19.73
8.13	48.99	36.92	17.69	7.09	35.25	183.68	21.51
7.91	44.69	44.43	20.86	7.88	27.79	176.71	20.35
7.24	47.71	36	15.44	8.57	31.99	156.4	18.85
7.67	47.42	38.87	17.69	8.18	32.67	175.86	18.7
8.96	39.84	42.4	19.57	6.87	36.75	169.27	20.25
9.21	43.69	48.89	18.73	8.15	28.51	143.77	17.14
9.07	38.75	39.59	18.13	7	32.52	157	17.37
7.32	45.45	39.22	21.46	7.23	27.89	117.42	18.83
8.23	46.65	38.82	21.25	6.15	31.12	184.9	17.47
9.4	51.58	42.07	18.05	7.89	29.53	147.76	16.37
7.99	53.54	43	19.16	8.95	32.18	144.5	19.31
7.96	43.92	40.16	16.97	7.13	29.26	138.49	20.53
10.26	44.58	32.16	21.02	7.7	31.08	142.83	26.81
9.95	50.06	42.48	18.55	7.33	32.76	150.6	17
9.9	43.26	37.04	16.51	6.3	29.39	171.97	18.72
8.14	42.62	38.38	15.44	6.04	27.86	156.06	18.54
9.33	35.79	43.72	18.64	9.17	29.52	153.67	24.66
9.03	50.55	40.7	18.6	8.25	29.71	148.29	20.69
7.78	49.14	46.43	20.87	7.77	32.28	146.7	21.55
9.09	51.65	38.07	16.91	6.62	31.93	153.39	18.74
9.56	40.11	36.61	17.8	7.71	30.24	150.41	18.69
8	40.06	39.53	17.59	7.49	25.49	149.29	19.22
7.74	54.78	42.95	19.27	8.22	30.53	152.23	18.13
7.76	56.69	30.3	17.71	8.73	25.69	159.99	23.62
9.52	50.37	47.94	20.86	6.5	34.47	130.65	22.66
7.48	42.92	36.83	19.88	8.07	32.41	175.35	22.25
8.38	46.13	41.36	16.99	7.75	31.33	168.98	19.48
9.33	46.83	39.85	17.49	8.07	33.2	134.39	19.19
8	47.3	34.54	21.65	8.21	33.79	160.76	17.93
9.2	54.86	37.37	22.58	7.81	27.19	169.5	22.07
7.7	54.6	41.95	16.65	8.04	32.57	163.59	18.88
9.84	43.16	37.18	19.57	7.11	35.72	165.83	23.48
8.08	50.19	37.3	18.13	6.89	36.48	169.52	21.29
7.83	48.61	37.56	17.32	9.02	29.27	138.2	20.14
9.21	40.21	38.83	18.11	8.28	29.01	168.7	18.66
9	45.56	39.54	17.19	7.9	32.79	150.26	23.05
8.47	43.91	38.23	17.28	6.7	29.38	144.42	17.51
6.85	47.58	41.14	19.72	8.12	32.46	174.3	19.98
6.45	40.79	39.75	16.25	8.01	32.38	138.22	18.47
8.87	47.19	48.69	15.2	7.92	27.91	135.67	21.25
8.52	34.38	31.9	18.59	8.59	30.02	128.8	22.21
7.72	41.91	34.02	17.74	8	30.34	157.27	22.09
7.79	56.19	37.3	19.81	7.02	30.89	174.4	19.99
7.87	44.35	39.31	15.96	7.67	33.31	123.61	20.76
9.2	41.23	43.19	19.2	7.15	35.34	160.94	20.33
9.28	43.1	40.6	18.3	6.97	33.86	146.41	19.23
9.79	39.01	42.71	20.54	7.63	27.62	146.51	25.98
8.96	48.52	41.53	18.95	8.76	29.86	163.4	21.24
8.09	45.72	35.62	19.81	8.59	32.78	133.87	20.63
9.71	49.4	38.27	21.4	7.77	32.78	151.85	16.77
9.11	47.45	42.35	17.5	6.97	27.89	151.31	16.87
9.06	44.6	40.5	21.4	7.73	30.35	163.64	21.5
7.69	49.22	40.36	19.29	7.04	29.86	184.12	19.66
9.21	51.76	37.17	15.61	6.63	35.36	147.11	21.41
9.61	46.62	40.46	18.37	6.67	30.18	150.74	19.56
8.27	43.59	40.48	19.34	7.6	29.14	166.71	22.79
6.8	47.57	44.59	15.33	7.44	28.29	141.47	17.57
10.5	52.33	43.27	20.31	8.42	27.86	152.45	19.14
8.35	47.04	39.41	20.68	7.76	29.11	163.45	19.19
6.8	46.87	41.57	15.46	8.39	30.14	169.79	19.97
7.88	51.23	39.45	20.56	7.83	35.83	158.19	22.16
8.9	49.78	38.21	16.92	7.42	29.65	166.69	20.16
9.52	49.85	46.24	17.25	8.88	39.87	183.51	19.45
7.21	46.15	35.62	17.73	7.29	29.34	189.57	19.63
8.59	38.99	39.2	16.27	6.76	34.61	150.68	19.33
7.55	50.39	34.52	17.46	6.84	35.47	169.51	23.16
7.18	50.98	40.47	16.8	8	34.26	168.33	18.38
9.98	51.01	37.47	18.95	7.32	32.05	154.64	18.04
8.95	34.83	39.04	18.04	7.46	35.34	135.68	20.16
7.7	39.55	47.56	17.41	7.09	23.73	147.87	20.65
8.84	42.66	39.3	21.25	6.58	30.16	142.93	19.76
8.83	48.56	38.95	19.28	8.04	28.17	147.16	19.06
8.41	52.11	34.99	18.02	7.35	32.47	156.15	17.33
6.74	41.55	47.9	18.7	7.35	33.17	156.41	17.46
7.71	46.77	43.59	18.95	8.12	33.73	146.87	22.13
8.87	41.89	39.47	20.09	7.84	30.8	134.37	23.24
9.07	48.68	40.59	20.18	8.9	28.91	138.23	19.9
8.18	45.5	45.68	16.82	7.19	26.98	162.34	22.64
7.98	49.02	39.53	17.46	8.8	32.78	179.6	19.2
8.64	47.35	39.05	17.79	8.55	31.79	168.15	18.33
7.87	41.63	38	19.84	9.33	31.37	162.9	19.82
7.15	40.77	48	18.76	8.49	35.47	151.26	19.39
9.84	49.76	41.29	22.81	8.17	32.2	150.74	21.6
9.04	39.49	41.71	17.62	8.18	37.61	153.59	19.08
8.22	45.51	41.76	17.29	7.94	28.89	145.83	20.59
8.94	43.59	37.18	19.3	8.25	35.17	161.84	20.77
8.41	45.1	45.29	21.58	8.57	33.47	156.58	18.39
9.8	54.52	35.96	18.79	7.7	37.92	157.88	19.17
9.86	42.26	47.68	20.77	7.12	37.56	175.14	23.33
8.44	47.97	38.64	16.08	7.11	33.05	125.26	18.31
7.37	53.61	35.2	19.9	8.88	37.4	161.04	19.9
9.15	48.18	40.4	18.39	7.07	31.57	179.9	19.12
8.79	43.06	42.16	25.31	9	31.07	183.42	18.55
8.55	46.28	40.05	18.39	7.55	33.4	177.88	17.79
9.82	39.95	49.29	20.16	6.86	33.56	189.48	18.66
7.77	41.73	36.39	20.6	7.54	25.81	123.3	20.62
9.73	43.28	32.45	16.63	7.31	30.52	127.29	26.02
8.42	48.86	35.28	15.37	8.65	30.42	150.47	21.75
10.22	43.59	43.02	20.49	6.13	33.42	156.15	21.91
8.1	47.48	41.5	18.27	8.26	33.91	174.14	19.19
8.84	40.3	40.07	18.38	7.95	28.19	192.18	19.2
7.94	47.59	35.33	15.71	7.01	29.55	147.15	23.4
9.81	43.98	41.26	17.88	7.91	28.66	160.79	21
8.7	36.07	43.98	15.9	6.84	27.5	142.18	18.18
9.35	45.06	36.6	19.81	8.54	29.7	150.82	17.87
8.58	50	38.45	18.74	7.34	34.7	133.25	16.02
8.21	44.66	37.01	22.66	8.36	30.25	151.43	21.58
9.46	45.01	39.77	17.57	8.2	36.05	141.47	17.71
8.68	56.13	41.42	16.82	8.42	34.85	174.63	18.67
10.05	45.73	41.67	15.35	7.65	32.8	181.6	21.79
8.65	46.51	42.88	18.34	7.54	32.9	177.32	19.46
9.07	45.95	43.34	17.65	7.63	34.11	132.62	23.54
8.26	45.54	46.18	17.66	7.62	29.46	136.81	18.25
8.56	45.75	36.58	22.1	7.74	29.2	158.33	20.35
8.95	43.82	32	17.4	7.01	30.36	158.19	17.37
8.66	49.57	37.99	15.61	8.6	31.13	129.39	21.21
9.38	41.25	42.22	20.38	7.89	28.8	167.86	19.71
8.36	45.52	34.46	18.57	6.63	31.5	160.35	17.67
8.77	53.56	45.34	20.66	7.53	30.52	158.5	18.77
8.55	46.3	43.84	15.78	7.11	32.95	157.19	19.7
8.62	47.87	38.16	17.69	6.94	34.9	172.72	20.19
7.38	48.11	40.56	22.97	8.1	32.81	158.83	15.11
11.12	57.53	42.44	18.18	7.18	27.86	169.66	18.54
9.44	48.73	36.36	20.46	7.92	35.82	138.06	19.86
8.54	52.27	47.48	18.78	8.1	27.61	148.68	19.52
8.98	44.4	37.52	18.68	8.54	26.24	176.84	19.67
10.67	46.44	44.83	18.52	9.39	33.7	141.56	23.08
7.63	50.04	40.94	17.63	6.99	29.88	140.19	20.26
8.83	45.08	37.86	18.6	8.42	33.12	186.37	18.89
8.45	46.48	44.47	16.41	6.91	32.69	146.75	20.84
8.4	43.44	40.5	20.32	8.14	27.2	159.31	19.67
10.43	55.14	37.32	17.03	7.33	31.15	147.66	16.14
9.4	47.03	34.84	16.73	7.35	36.19	132.77	19.4
8.87	44	41.98	19.84	6.96	34.09	146.7	20.39
9.88	42.67	42.78	18.55	8.5	32.63	160.15	21.16
8.06	58.33	41.46	17.5	7.44	35.79	146.52	17.77
9.8	49.85	41.4	19.13	8.15	32.26	169.2	21.17
7.95	52.19	36.96	18.88	7.5	32.79	159.21	19.03
9.35	49.72	41.85	21.49	7.34	33.49	139.66	19.91
9.82	49.51	41.71	21.67	8.48	37.72	174.13	20.53
8.81	54.64	37.98	18.47	6.23	30.82	151.45	19.04
8.38	50.69	40.86	17.85	7.21	41.61	147.3	22.48
12.19	46.15	38.49	17.53	7.04	32.08	135.92	18.99
8.38	48.27	40.1	19.25	7.23	26.79	128.07	19.11
7.15	57.53	41.27	19.97	7.51	27.37	159.07	19.21
9.11	47.25	38.75	16.96	7.21	35.44	161.08	17.57
8.16	43.94	43.49	16.9	6.54	30.65	190.65	19.37
8.85	37.96	51.48	15.69	5.78	37.42	159.23	19.52
9.43	44.5	44.87	18.39	6.38	30.83	163.09	20.93
10.15	49.61	40.85	18.84	6.79	33.16	189	19.56
8.27	35.17	39.53	18.83	8.38	29.59	127.09	16.71
8.05	48.61	44.5	15.58	7.59	34.15	146.54	19.93
8.89	46.39	37.3	17.53	7.06	32.2	152.42	17.98
8.99	44.92	42	15.47	7.49	33.13	152.54	18.84
8.43	48.22	35.35	16.35	6.21	34.33	151.84	19.85
8.47	45.48	32.58	15.7	8.08	32.39	149.15	20.95
10.44	53.02	35.82	17.2	7.26	29.65	131.43	20.63
7.21	40.45	35.86	19.73	7.51	33.65	136.42	17.91
8.39	47.6	42.65	17.21	6.89	37.25	144.42	21.95
9.79	43.57	35.66	18.57	7	35.13	168.8	18.44
9.2	46.5	49.17	20.94	6.52	25.72	143.63	21.92
8.81	48.07	28.49	21.66	8.28	37.15	181.29	18.19
10.98	51.55	43.3	16.6	7.18	31.3	163.67	24.29
9.38	54.74	42.16	18.38	8.97	29.49	139.36	21.14
9.26	47.26	39.31	18.78	7.87	30.58	150.08	22.12
8.95	47.47	35.44	17.43	6.05	32.55	160.14	17.61
9.09	52.68	42.99	20.92	8.27	35.56	162.21	21.92
8.92	41.5	38.42	17.03	6.39	32.67	152.14	20.35
8.16	40.91	38.48	15.53	8.24	34.24	149.67	22.1
9.31	44.98	34.52	16.17	8.72	32.41	168.55	19.24
8.73	51.06	42.35	16.56	8.01	34.8	170.14	17.82
9.19	44.03	42.86	17.1	7.56	36.79	166.8	17.91
7.53	48.33	39.73	15.29	5.76	24.48	148.13	18.89
10.34	42.78	41.35	19.75	7.3	31.59	141.24	20.38
10.04	45.28	43.75	18.45	7.04	32.77	155.75	21.11
8.57	48.62	36.03	19.92	8.07	33.71	148.05	18.01
8.28	43.23	33.12	17.36	7.79	30.9	151.36	20.66
9.41	50.95	34.7	18.07	6.92	35.51	169.51	19.85
7.05	46.75	35.2	17.53	9.02	29.04	176.74	21.33
7.86	46.7	46.78	18.67	7.84	32.39	184.1	20.53
8.95	41.89	44.78	20.35	6.94	33.78	171.06	18.46
8.01	41.15	38.13	22.52	7.79	28.36	140.63	18.46
9.22	36.51	43.6	19.7	7.6	39.39	148.67	21.7
8.02	47.82	42.2	17.42	8.34	38.72	154.83	19.69
8.18	48.95	40.11	17.92	7.98	31.14	174.9	21.96
8.38	43.04	38.41	21.28	6.98	30.41	147.41	18.97
7.75	43.66	38.42	17.5	8.34	32.7	183.64	18.67
9.35	48.68	47.15	19.39	7.41	33.3	154.84	20.31
9.14	41.48	38.88	18.18	8.87	31.85	150.14	21.53
8.01	43.88	41.43	17.75	7.68	30.84	136.79	18.84
8.36	38.02	37.17	17.74	6.05	31.61	144.49	20.68
8.44	45.13	45.42	15.66	6.9	29.6	164.26	18.65
7.62	43.09	42.56	15.91	7.29	34.82	147.56	23.67
9.13	55.47	46.83	19.76	9.17	31.09	144.58	16.04
7.28	59.63	42.87	21.51	8.26	34.4	155.62	21.43
9.91	48.29	42.1	19.8	7.84	42	136.32	19.59
7.15	44.8	49.42	18.26	6.87	25.03	152.52	20.72
8.18	45.93	43.96	19.41	6.91	31.89	182.28	23.68
10.94	42.06	39.29	20.19	8.07	31.59	165.23	19.33
8.31	55.22	41.01	16.85	7.75	33.42	146.74	17.95
9.1	45.21	37.07	17.26	6.81	27.37	131.45	18.89
7.44	49.69	37.1	17.92	7.11	29.62	158.78	19.02
9.22	37.55	42.19	18.15	7	28.71	180.45	21.95
9.22	41.38	38.52	17.99	8.77	33.4	141.44	20.79
8.53	39.3	39.94	18.93	8.17	28.41	152.07	21.65
8	55.02	43.91	20.5	7.07	34.62	139.78	22.57
9.91	51.49	34.6	20.8	7.3	32.65	150.83	22.73
9.65	44.63	42.4	21.05	7.82	30.78	155.52	20.15
10.58	45.15	41.03	17.8	8.15	38.39	152.47	19.02
7.45	44.9	32.61	16.54	7.3	30.12	146.41	23.98
8.07	43.92	41.05	18.74	7.87	33.23	146.41	19.5
8.7	40.51	42.41	18.27	6.35	32.78	137.39	23.17
8.79	43.43	39.08	17.38	8.06	32.13	166.35	20.16
9.51	34.12	33.7	17.6	7.46	33.85	148.53	16.67
7.73	55.53	44.84	19.39	8.03	30.1	147.82	15.54
7.94	48.87	43.44	18.31	7.62	29.17	149.96	20.02
8.28	57.81	38.1	19.56	7.5	29.39	179.23	19.84
9.29	45.91	42.41	18.09	7.41	31.59	178.41	18.36
9.23	56.01	37.96	16.77	7.14	34.67	149.46	23.15
7.84	52.92	35.22	18.58	7.55	32.09	151.83	16.98
9.89	44.77	37.21	19.23	7.05	31.02	162.5	21.83
8.46	54.12	38.46	18.66	7.42	30.47	173.74	19.8
9.88	50.71	37.39	17.67	8.04	30	152.5	23.02
9.09	47.87	42.66	16.34	7.46	29.18	159.47	20.34
8.61	42.73	45.17	17.97	7.66	34.32	169.5	20.17
8.1	46.26	43.21	19.86	7.68	31.95	159.27	21.87
8.12	48.48	41.5	17.04	8.62	38.47	158.31	18.16
9.17	49.42	42.96	16.11	7.61	34.1	169.07	16.28
7.85	52.67	42.41	18.23	7.12	29.64	164.39	18.77
7.86	53.52	35.84	20.91	7.67	32.16	136.23	18.41
8.79	38.07	32.52	20.97	7.88	33.72	145.08	20.29
8.54	45.3	32.1	16.65	9.3	35.15	129.24	19.19
9.94	46.65	38.52	16.32	8	29.3	173.54	17.62
8.93	49.7	42.62	18.56	7.55	37.93	161.66	23.05
8.99	49.51	48.62	18.47	9.03	25.78	140.76	25.12
8.42	46.48	37.58	18.42	8.32	28.46	135.65	20.05
9.52	38.36	37.8	16.59	6.81	31.32	124.46	21.36
6.56	48.04	40.6	19.85	6.81	36.4	161.68	18.72
9.07	43.05	38.18	16.93	7.64	26.58	153.09	18.31
9.17	47.04	39.26	16.49	7.3	32.83	146.11	21.77
7.95	43.39	37.56	17.25	6.65	32.93	143.82	22.03
9.19	34.42	38.67	21.34	7.75	25.73	187.13	23.6
9.2	42.56	37.15	18.94	8.01	28.12	150.52	19.38
8.99	40.08	46.56	18.86	8.07	36.43	145.89	20.35
7.71	42.17	36.27	16.82	8.6	34.69	174.7	23.91
8.42	43.72	38.02	18.57	7.93	27.79	173.07	19.07
8.48	46.45	38.24	17.68	7.43	31.83	136.86	20.67
8.99	36.68	37.02	18.9	6.78	31.68	133.36	22.76
8.95	47.13	34.66	20.44	7.49	30.03	137.51	17.38
7.7	51.05	42.68	20.85	9.09	29.27	145.99	19.4
8.89	45.76	43.66	19.11	8.55	28.43	160.56	25.66
8.34	53.32	39.67	19.22	6.12	28.68	154.39	22.07
8.32	40.19	39.32	16.4	7.59	30.26	146.02	18.08
10.11	47.85	34.21	17.87	6.9	31.02	151.18	19.42
10.24	51.3	33	18.99	8.71	31.07	148.59	16.18
8.34	44.02	36.4	17.49	8.63	32.17	158.47	20.4
7.83	46.64	41.07	18.63	8.59	37.88	194.21	20.48
7.79	41.66	44.35	18.83	8.57	34.51	173.45	17.36
7.68	40.72	39.55	18.8	7.81	32.63	145.13	17.46
9.25	39.46	42.57	18.99	8.47	34.14	151.44	19.33
6.99	50.19	41.27	16.5	7.23	30.12	121.78	20.2
7.97	44.14	38.96	19.08	7.25	29.37	156.14	19.35
8.66	44.82	41.85	16.78	7.54	32.03	164.15	16.58
9.79	41.79	36.65	18.94	6.82	31.45	135.76	22.24
8.2	47.25	42.94	20.61	9.15	37.59	175.92	16.47
8.09	47.12	36.94	19.36	6.64	29.15	185.45	17.36
9.71	49.23	42.94	19.79	7.2	36.22	131.7	17.4
9.06	45.97	36.81	17.82	6.17	30.22	148.89	21.74
9.32	54.02	38.7	14.4	7.46	35.34	179.54	19.06
9.26	44.99	35.48	16.13	6.94	34.99	141.61	18.91
8.36	42.88	37.95	20.8	7.63	27.2	162.85	20.68
8.76	47.54	39.65	20.43	8.3	28.86	195.22	24.55
10.85	49.21	41.55	18.14	8.6	33.77	164.53	20.76
9.51	43.17	45.17	15.31	6.57	35.09	138.71	19.84
7.9	43.8	37.46	18.47	6.99	31.57	150.37	16.87
8.79	51.63	36.1	19.49	7.16	34.22	156.94	16.32
9.08	43.43	37.39	22.16	7.33	29.42	163.72	18.9
8.42	46.83	32.07	19.11	7.81	35.33	133.98	18.18
8.2	47.97	44.07	19.72	7.37	32.3	158.77	20.61
7.95	49.89	34.55	16.44	7.16	28.79	174.14	19.02
8.61	48.39	43.48	16.84	6.81	25.95	149.19	17.44
8.92	49	39.38	18.32	6.38	33.78	168.57	21.11
8.98	36.73	37.06	18.22	7.88	27.74	150.31	21.38
8.62	45.05	44.85	18.08	7.46	26.29	152.11	21.5
8.53	48.55	41.45	18.57	7.82	32.39	148.82	19.42
10.28	46.1	47.89	18.86	7.28	32.68	142.13	21.2
8.87	42.21	39.3	17.21	8.27	33.94	148.49	19.81
6.98	43.96	40.81	17.5	8.81	31.49	144.41	19.8
9.21	53.63	43.98	17.23	8.29	29.4	166.02	20.45
7.63	47.85	41.44	17.4	7.97	29.53	144.14	15.98
8.79	46.47	32.57	20.02	6.83	31.64	129.8	22.53
7.61	41.92	40.43	18.26	6.29	33.11	176.05	19.64
9.3	55.64	39.91	20.33	8.19	33.27	156.44	21.37
9.6	47.89	43.01	19.6	8.86	31.82	171.14	18.93
6.95	44.65	45.79	18.1	5.89	31.3	153.83	16.09
7.82	43.2	29.44	17.7	8.28	26.67	168.66	22.14
9.47	46.62	36.62	19.52	7.41	30.14	174.5	18.2
7.39	41.71	46.27	16.39	9	31.1	164.88	23.16
8.61	50.09	41.22	18.71	6.91	34.51	156.38	20.74
8.82	45.7	40.13	18.96	7.73	32.75	161.57	21.28
7.95	48.41	31.59	18.53	7.84	30.25	131.28	19.75
8.43	51.36	38.82	17.47	6.94	33.23	147.6	19.33
9.64	49.75	46.62	17.36	6.77	35.77	152.55	18.34
9.68	40.69	37.25	18.11	6.66	25.86	125.06	18.82
8.44	39	40.77	15.45	8.42	33.26	128.83	21.09
7.03	42.74	42.33	20.09	7.78	33.25	137.2	18.84
7.69	55.7	35.31	17.27	6.35	31.06	154.57	19.28
9.83	48.51	38.7	19.28	7.91	32.2	153.27	17.92
8.85	55.55	41.46	18.53	8.17	26.82	149.24	20.57
8.79	44.43	38.44	19.92	7.09	29.86	155.55	19.17
7.98	45.76	35.94	17.12	6.71	33.22	162.22	19.12
9.55	53.1	41.55	17.88	7.01	31.49	169.91	21.14
8.84	50.35	38.14	18.79	8.15	31.22	153.05	18.88
6.53	43.89	37.45	15.02	7.35	27.85	169.21	17.45
8.1	45.23	42.18	20.38	7.95	29.51	128.6	19.16
9.33	54.08	51.7	16.25	7.72	30.74	150.03	21.9
9.2	54.23	51.68	16.34	8.34	33.74	174.99	18.8
7.83	42.14	35.59	21.08	7.41	30.79	150.82	20.97
7.95	45.7	36.28	18.18	6.45	29.61	148.14	19.26
8.06	52.83	37.87	18.99	8.41	26.36	157.66	17.57
8.64	47.23	41.25	19.81	5.69	30.48	145.25	19.71
9.37	42.34	38.77	15.93	9.35	33.42	135.74	21.02
8.92	49.95	39.09	19.52	8.01	34.81	159.15	19.27
9.44	44.85	38.31	19.32	8.17	37.89	161.06	20.73
6.76	48.94	37.31	15.94	7.71	31.29	136.59	21.6
7.78	50.19	38.1	19.14	8.42	33.65	140.09	21.87
8.23	42.45	40.23	17.34	8.31	37.08	166.48	20.12
7.99	44.45	34.7	19.79	8.01	36.9	178.7	18.16
7.95	47.49	41.32	16.5	7.57	36.72	153.76	23.23
6.39	51.84	39.99	17.44	8.03	31.29	157.74	17.58
9.17	39.58	45.86	20.11	8	36.64	149.5	20.46
7.15	53.49	34.45	19.12	7.69	33.2	147.25	23.23
10.68	55.93	42.21	17.87	7.76	30.86	154.47	19.39
9.13	45.2	38.44	15.98	8.05	27.44	167.91	20.12
8.45	53.7	41.14	22.67	7.47	31.98	167.17	15.1
8.69	45.56	34.78	17.51	7.23	28.54	150.59	23
7.55	47.27	42.09	18.9	7.49	38.59	156.23	20.68
10.03	45.87	42.05	16.31	7.12	38.9	153.86	22.54
8.49	56.44	39.33	15.58	8.07	33.65	138.78	19.84
7.07	47.22	41.19	23	7.99	28.19	161.49	18.54
8.99	40.92	49.05	15.64	7.91	33.21	172.09	20.37
7.71	45.53	47.3	17.48	6.01	31.29	147.02	17.12
10.55	44.51	26.04	17.65	8.05	33.61	146.02	20.42
8.1	47.69	41.43	17.62	8.03	30.74	168.04	19.5
8.45	44.9	40	15.48	7.35	34.06	139.8	17.63
7.77	47.72	37.14	18.67	7.69	32.58	164.79	19.45
8.96	45.32	40.58	17.38	8.22	35.32	138.21	22.75
10.01	49.61	41.43	20.46	8.12	33.78	154.79	19.26
8.07	49.22	39.08	18.15	9.82	30.14	149.36	19.69
8.83	53.55	41.29	19.63	7.85	36.4	172.06	20.6
10.17	44.14	36.64	18.62	8.4	30.72	163.24	18.14
8.34	37.05	37.85	16.36	8.21	32.91	184.94	17.72
8.28	35.17	34.09	16.49	7.19	30.99	169.39	18.53
9.69	43.08	35.37	18.74	8.1	32.73	154.28	19.02
9.48	41	33.93	20.4	8.02	26.77	170.62	20.13
8.49	40.1	40.47	18.24	7.86	35.27	139.52	18.13
8.07	41.84	38.2	21.74	7.48	30.77	160.05	18.26
6.69	47.28	39.86	18.15	7.64	37.25	152.93	23.16
8.17	52.4	37.63	19.96	8.19	27.63	154.12	21.91
8.87	44.21	45.05	19.29	8.21	37.78	160.55	20.09
8.83	45.09	42.63	21.09	6.79	29.19	156.54	18.09
9.81	43.59	31.77	16.03	6.9	27.42	157.75	18.21
8.4	42.12	39.8	19.11	8.01	30.82	149.18	21.6
9.88	44.14	41.53	18.3	8.89	28.26	146.81	16.04
8.32	50.56	39.11	14.46	8.03	36.29	139.86	19.67
8.94	54.59	38.9	14.06	7.95	36.76	189.86	13.7
8.69	52	42.44	17.27	7.68	32.63	131.41	20.97
8.69	45.4	38.58	20.67	8.09	36.37	166.3	18.29
8.65	49.59	36.95	16.73	6.77	33.18	146.53	20.81
9.16	47.81	42.26	20.22	8.15	31.08	172.71	17.3
9.49	40.35	38.08	19.84	7.78	30.55	167.49	17.92
8.03	42.28	39.72	17.88	6.88	31.58	159.31	20.52
8.19	42.62	39.65	19.97	5.97	27.56	143.41	22.11
8.85	47.16	36.71	17.86	7.82	30.81	149.12	17.82
8.85	50.69	41.41	17.52	6.96	32.54	122.68	17.09
6.14	48.42	40.6	16.03	7.76	36.06	155.52	21.09
9.03	42.35	41.41	17.75	7.63	31.34	149.47	20.45
6.9	55.6	40.19	19.06	6.05	32.44	158.32	15.76
7.73	44.73	43.7	18.38	8.26	29.05	146.49	22.9
7.89	48.86	39.35	20.4	7.78	27.78	160.63	18.44
8.26	46.35	38.73	20.54	6.96	31.49	156.1	20.95
8.54	40.82	36.35	21.28	8.45	27.63	153.15	19.83
8.62	45.64	40.32	18.91	8.07	29.38	160.54	17.83
7.57	42.29	42.67	15.79	8.61	30.75	153.49	18.18
8.25	51.16	40.64	17.57	7.95	30.17	142.52	20.62
8.39	43.81	33.86	18.47	7.62	35.43	146.33	21.13
7.74	42.05	37.61	20.97	7.11	31.28	156.75	20.3
8.85	53.09	37.47	15.59	7.5	31.26	162.55	18.23
9.23	43.18	37.27	21.42	8.43	32.41	137.55	23.92
7.48	46.72	46.16	17.4	7.29	29.56	156.25	18.11
9.61	58.55	37.05	16.79	6.49	33.2	147.13	17.76
7.21	51.44	39.22	18.85	7.5	31.79	132.99	18.04
9.26	50.64	39.34	14.51	7.36	32.88	168.85	18.14
6.63	49.13	42.6	20.53	8.29	32.79	152.46	19.52
9.76	46.06	39.44	18.79	6.05	29.44	155.31	17.66
8.9	50.7	41.25	19.82	8.48	30.69	153.68	21.28
10.39	46.71	41.95	16.69	7.81	33.96	141.19	18.56
8.8	43.37	37.67	16.78	7.41	35.06	127.45	20.46
8	52.79	39.08	14.29	6.51	25.16	153.28	20.02
9.4	53.94	35.94	20.99	7.77	37.81	193.92	22.19
8.44	40.14	37.74	17.37	7.41	33.36	152.48	20.67
8	63.2	40.48	16.59	7.57	26.94	167.34	22.34
8.96	49.6	37.61	17.74	7.37	33.39	165.84	18.87
9.2	38.68	43.88	14.49	8.87	30.32	179.74	19.52
8.82	40.98	39.58	17.97	8.47	34.62	126.07	20.24
7.6	42.31	46.37	17.13	8.55	35.84	147.62	20.35
8.52	53.93	31.14	20.62	7.82	32.73	146.37	21.72
8.64	51.9	36	14.56	7.6	30.42	143.94	16.92
7.36	45.27	33.97	15.57	8.1	33.22	154.21	19.31
8.96	50.47	34.83	15.59	6.72	34.9	184.36	20.74
9.75	46.86	44.69	19.76	7.75	38.11	164.55	21.76
8.79	49.82	35.78	19.67	7.84	30.48	155.59	19.51
7.13	52.64	33.18	18.88	6.74	27.04	149.11	20.02
8.68	51.15	36.41	16.71	6.91	32.23	152.85	20.35
8.75	40.2	39.2	18.22	7.48	28.33	151.66	19.98
7.62	45.93	39.88	16.88	8.06	31.49	165.47	23.43
8.91	49.32	35.24	18.5	6.42	35.28	158.14	19.79
8.3	47.26	41.73	19.71	7.04	29.06	119.52	21.52
8.32	44.48	39.12	18.04	8.62	39.94	134.09	18.93
7.94	43.59	40.63	20.68	8.86	27.41	157.29	21.38
8.34	47.23	40.16	17.39	8.09	37.17	175.65	19.32
7.56	47.35	45.37	19.87	7.26	30.19	158.56	17.87
9.54	54.08	47.72	19.21	6.97	31.56	161.37	17.7
10.25	50.36	41.88	17.92	7.74	32.69	143.6	19.99
9.68	52.84	47.64	17.01	7.7	33.72	174.31	18.84
7.95	45.86	43.92	18.53	9.07	31.03	160.17	19.5
7.88	46.96	35.86	16.07	7.43	27.15	138.62	20.58
7.95	45.91	48.32	18.85	9.32	30.2	163.22	20.54
8.43	48.95	36.88	21.23	7.13	34.23	156.77	20.5
7.75	49.31	46.06	16.98	8.44	35.55	147.93	22.46
8.4	43.71	48.33	17.73	7.79	32.02	152.18	23.3
8.62	48.45	40.37	18.38	8.55	37.41	142.32	19.32
8.51	44.35	34.82	18.88	8.16	29.03	148.28	16.72
9.49	45.32	40.55	16.33	7.27	38.17	163.26	20.93
8.19	55.05	34.2	18.38	8.54	30.13	186.27	19.16
7.73	48.29	42.75	18.82	7.38	28.19	161.24	20.34
9.29	42.27	48.45	19.08	8.77	31.92	142.95	20.58
7.18	52.3	39.77	14.69	8.29	36.03	153.99	21.71
7.51	50.18	37.52	20.72	8.58	33.21	155.06	15.35
8.02	45.13	44.99	16.98	7.45	34.84	171.56	21.6
8.68	44.79	42.09	18.67	8.83	26.69	148.97	21.05
10.47	51.64	39.33	17.64	8.82	33.41	151.84	20.86
7.69	43.84	34.93	20.19	8.26	31.19	173.53	20.65
8.44	47.1	45.11	16.8	6.7	29.94	131.05	21.56
9.95	41.16	45.89	17	9.06	28.17	154.17	23.17
10.36	45.84	37.87	19.61	7.41	31.3	167.94	18.76
9.19	45.22	37.46	16.55	7.64	33.32	160.15	20.88
7.66	47.6	40.29	18.66	8.42	32.79	154.33	21.68
9.52	50.44	33.34	19.57	8.04	33.74	166.82	18.67
8.54	46.41	32.81	20.32	8.67	30.94	121.99	20.67
9.37	53.01	40.84	16.66	8.16	31.8	149.49	17.03
10.47	44.46	40.35	19.99	8.9	29.4	148.84	21.41
8.29	53.86	42.23	22.2	7.28	31.56	142.75	18.47
7.43	44.71	49.32	16.4	7.45	32.24	168.27	22.26
8.44	46.12	45.81	21.11	7.55	42.07	153.83	21.32
7.65	53.08	36.8	17.89	7.55	34.59	166	22.56
8.32	45.91	37.22	16.61	7.4	32.81	147.93	16.15
9.2	48.07	37.7	21.06	7.91	31.6	192.06	19.68
8.34	39.35	29.34	18.13	8.5	32.14	160.84	21.82
8.37	52.2	40.18	17.47	9.46	31.1	163.08	19.57
8.89	47.98	38.33	14.43	8.94	31.59	146.28	20.61
9.58	44.6	39.99	16.33	6.47	29.07	156.47	17.51
8.38	42.31	41.91	17.45	6.37	34.59	137.75	19.36
7.73	41.34	39.59	17.88	6.92	24.74	138.56	18.29
8.56	55.19	40.27	18.31	7.64	32.15	151.33	22.45
10.06	48.71	41.2	18.46	7.82	37.24	156.73	19.96
7.33	52.12	32.08	19.47	7.41	34.07	137.51	20.75
9.71	53.89	38.18	16.14	8.12	35.73	196.29	16.74
8.14	49.61	35.35	20.21	7.1	36.26	165.81	20.46
8.42	46.05	38.45	17.9	8.24	30.36	159.9	19.19
8.56	45	39.32	13.79	6.46	31.09	172	21.07
8.64	42.55	43.28	17.97	7.69	30.5	144.26	23.41
7.33	46.75	45.39	19.2	8.12	32.3	161.8	18.07
9.23	49.14	36.85	20.92	7.96	28.29	124.1	19.72
7.84	45.3	38.53	18.8	7.66	32.25	145.75	19.16
8.91	41.1	35.56	18.6	8.21	28.4	119.33	19.94
10.53	45.33	45.57	18.75	7.14	28.55	145.38	18.03
7.51	53.14	40.43	16.3	7.27	31.37	181.54	18.61
7.73	46.42	42.97	18.33	7.69	30.42	151.09	18.08
8.28	53.13	43.81	20.66	6.79	37.75	128.88	20.7
8.39	39.06	37.06	16.53	8.65	29.64	127.67	21.44
9.01	42.39	35.59	18.83	6.8	34	142.03	18.39
8.63	44.97	40.08	18.67	7.24	35.1	165.23	18.8
7.61	51.81	46.78	15.45	7.87	32.15	151.67	18.98
9.58	49.83	38.87	16.73	7.08	32.37	164.17	20.59
8.38	47.24	37.2	16.37	7.21	31.2	158.55	21.12
9.69	49.73	36.3	18.65	7.1	29.72	168.12	17.63
7.18	50.87	38.16	18.06	7.16	30.1	135.25	18.42
8.46	48.9	46.59	17.21	8.35	32.9	144.86	20.35
9.03	43.47	40.2	18.7	6.91	27.45	153.31	19.93
7.84	50.28	43.43	22.01	8.97	28.36	163.55	18.94
8.81	46.88	37.3	17.17	6.78	34.66	141.8	18
8	49.65	47.67	17.54	7.27	35.28	145.43	20.64
9.21	45.85	43.36	21.94	7.74	31.57	157.15	20.36
8.92	46.38	40.43	19.79	8.05	28.24	155.95	18.44
8.81	48.37	39.24	17.31	7.41	27.84	126.19	17.81
9.72	43.82	42.06	17.88	8.05	25.49	154.3	18.98
9.01	43.11	35.39	20.48	6.97	28.92	153.46	20.01
7.88	47.77	34.27	18.3	7.53	30.41	141.31	18.53
7.82	47.78	38.39	19.03	5.96	36.82	157.4	21.14
7.85	40.96	42.3	19.69	7.28	31.77	160.02	16.6
9.78	49.62	43.87	19.14	8.84	37.04	146.12	18.79
7.27	51.2	37.63	19.15	8	28.3	147.16	20.48
8.3	40.81	35.35	16.23	7.64	33.63	170.47	22.49
9.65	43.87	37.01	19.51	6.09	27.27	164.02	18.04
8.81	52.78	39.13	18.1	8.5	30.05	152.18	22.87
8.75	50.43	35.48	19.64	7.11	30.52	133.44	20.58
9.34	44.65	37.91	21.78	8.22	35.8	156.83	20.18
7.51	47.96	48.43	16.38	8.39	33.8	187.13	22.16
9.03	48.46	40.29	19.25	6.64	28.38	156.75	18.21
7.88	47.27	41.14	17	7.06	27.34	166.29	18.96
8.25	56.53	35.92	17.28	9.06	33.05	168.3	24.45
7.39	44.13	41.52	16.34	8.14	30.97	146.44	18.45
8.08	42.02	40.73	22.42	8.84	32.28	147.81	23.09
8.5	46.62	42.14	17.21	7.25	33.59	164.12	20.72
8.5	45.47	39.2	17.06	7.48	34.15	184.66	18.19
8.88	38.19	42.13	19.55	8.24	28.91	175.77	18.82
8.06	42.49	41.71	18.12	7.67	35.67	161.21	19.53
8.94	42.35	42.6	18.88	7.45	30.8	124.96	20.17
9.15	48.51	45.22	21.32	7.21	31	165.41	19.03
8.37	45.65	42.99	18.33	8.19	34.81	149.11	20.01
8.01	46.16	37.03	18.67	7.91	35.15	146.81	24.48
7.57	47.51	35.94	19.37	8.61	33.13	156.81	20.71
7.29	43.51	42.46	19.31	7.55	28.07	175.88	19.76
8.32	43.98	33.55	16.03	8.12	28.37	152.37	20.2
8	47.94	42.48	21.09	8.17	28.99	176.07	23.85
9.01	51.62	36.44	18.3	7.98	28.95	189.46	16.02
9.83	50.61	36.98	18.98	7.22	28.81	154.8	16.72
10.2	44.42	36.67	15.99	7.02	30.16	138.98	20.66
8.75	44.81	48.64	15.24	8.18	31.21	146.94	22.66
7.54	45.23	44.89	21.32	8.4	29.78	175.26	18.47
8.86	52.57	36.61	18.25	7.87	30.05	168.05	22.25
10.31	57.36	39.88	18.88	9.07	38.18	154.89	20.76
9.99	44.31	38.3	19.32	8.2	33.36	146.58	21.03
9.1	41.29	39.12	20.96	7.66	29.3	163.3	19.29
6.81	54.91	39.88	17.33	8.37	31.71	145.9	22.67
8.94	45.06	49.52	16.7	7.79	30.37	144.92	21.5
8.27	44.52	37.8	15.71	7.03	32.91	145.89	17.84
8.31	40.5	40.11	15.86	8.87	36.95	169.72	19.26
8.42	50.55	37.24	19.95	8.04	31.07	156.16	19.74
9.82	44.31	32.72	19.08	7.81	30.1	136.53	21.24
8.2	39.5	43.44	19.52	6.78	24.84	142.97	23.48
8.2	43.47	28.15	16.53	6.67	29.41	127.94	19.6
10.91	46.28	39.27	14.49	7.33	34.35	151.88	20.26
7.69	48.61	44.59	21.51	7.87	33.88	152.35	16.03
8.76	39.49	37.47	14.94	8.89	28.67	125.27	18.98
7.38	45.1	41.74	18.19	7.9	37.97	148.63	21.26
7.36	42.79	34.58	20.5	9.31	34.16	131.17	23.07
7.88	44.02	38.75	19.15	7.71	32.03	186.94	21.21
8.54	41.76	29.63	19.72	7.72	37.72	174.69	19.96
8.49	43.44	42.07	16.62	8.18	29.75	167.6	22.28
6.5	47.19	38.7	17.75	7.29	28.21	138.21	16.2
8.4	42.98	34.11	15.6	5.88	32.87	159	21.7
8.95	42.46	31.74	17.52	8.3	28.69	135.12	19.29
8.99	47.16	34.21	22.73	6.53	28.68	180.79	20.09
7.2	47.63	44.02	19.29	6.74	36.16	151.44	18.76
8.45	51.48	40.05	18.83	7.88	30.18	145.61	17.33
6.97	53.91	30.13	16.3	6.64	32.28	151.1	19.9
8.12	47.64	41.73	16.74	8.47	32.9	182.29	20.49
8.11	46.51	41.08	16.85	7.65	38.62	147.89	21.5
7.78	44.74	40.33	14.84	8.02	30.83	158.16	20.47
8.42	41.11	44.19	19.73	7.2	28.92	168.38	19.32
9.22	40.58	40.91	15.91	6.9	29.36	159.92	16.7
10.15	47.85	46.62	20.49	9.04	30.2	178.13	17.4
8.07	57.17	41.11	15.42	7.75	32.37	171.31	18.2
7.99	46.07	48.12	19.48	6.6	30.51	148.85	16.81
10.01	47.28	41.91	18.33	8.41	34.83	164.07	21.76
6.97	42.47	46.31	18.96	8.59	30.39	135.69	23.33
9.16	42.3	35.32	17.06	6.75	26.06	185.29	22.06
9.12	43.54	32.85	16.76	7.66	29.1	161	19.68
7.34	48.66	40.49	18.9	7.43	31.03	155.37	21.61
9.68	57.67	31.08	23.53	6.62	31.49	141.46	21.42
9.48	52.17	40.61	16.92	8.91	33.11	153.27	21.05
8.62	47.79	35.05	18.29	6.72	30.59	161.34	19.51
8.97	44.28	33.23	15.14	7.35	37.77	167.16	17.74
8.87	47.57	47.35	20.69	7.13	28.8	141.13	19.54
8.36	54.83	41.21	17.35	6.94	33.04	147.39	20.94
8.41	50.21	38.52	19.54	8.3	30.63	149.5	22.55
8.77	53.87	39.88	22.24	7.24	32.39	164.17	23.01
8.3	34.7	37.43	19.62	6.98	30.12	146.86	18.36
11.18	47	39.29	19.55	7.88	33.68	186.12	20.57
7.87	45.62	37.31	17.02	6.7	32	182.17	21.03
8.93	45.6	37.99	17.52	7.03	35.53	146.46	20.44
9.12	49.77	39.57	19.44	8.53	25.39	148.37	19.8
9.81	48.66	41.27	17.75	7.88	25.4	147.42	18.74
6.88	49.1	27.7	15.6	7.23	33.72	160.55	16.01
9.53	50.84	43.71	17.34	8.5	35.59	167.6	17.8
9.37	41.49	40.51	19.81	7.09	29.49	157.56	19.38
8.82	41.67	43.35	17.32	8.61	33.14	155.84	19.99
10.28	38.5	33.14	20.15	8.2	36.08	134.58	20.95
9.13	44.8	31.36	16.48	6.04	32.5	153.14	16.21
9.75	42.35	40.2	16.01	8.97	32.49	149.25	18.83
9	46.89	44.87	19.89	8.99	36.14	158.5	16.64
9.04	51.6	38.51	18.71	7.65	29.88	150.38	17.85
10.07	51.23	38.03	15.97	7.84	36.39	167.28	20.38
9.5	55.95	47.65	17.91	7.41	29.36	161.68	17.64
9.54	33.49	47.81	17.61	8.72	32	150.93	20.31
