2.67	6.88	56.87	21.46	48.67	22.91	3.46	52.14
2.8	7.27	52.09	23.99	42.65	22.16	3.17	63.22
2.61	8.17	56.5	20.05	47.71	18.29	2.99	61.38
3.08	6.77	70.05	17.24	42.48	28.04	3.13	58.42
3.14	8.17	55.98	19	39.08	22.78	3.99	57.84
3.13	6.52	54.26	23.84	41.18	24.04	4.23	65.09
2.98	8.9	59.99	19.1	47.22	24.34	3	52.74
3.05	6.26	66.68	20.17	42.6	24.16	3.49	61.44
2.92	7.83	57.08	31.11	47.18	24.97	2.99	57.94
3.2	8.01	52.38	23.83	46.85	18.22	3.44	66.86
3.19	6.58	53.54	24.47	44.94	22.12	3.73	54.06
3.29	6.27	60.17	19.77	42	19.33	3.92	60.15
3.07	6.81	62.09	25.07	45.81	19.91	3.44	61.52
3.05	7.57	62.39	24.06	41.04	22.79	3.04	57.14
2.79	6.69	65.63	24.9	36.37	24.05	3.3	68.27
3.22	7.23	65.48	25.03	44.82	22.67	3.83	59.67
3.3	8.01	49.6	22.86	38.23	26.25	2.95	65.36
3.17	6.44	63.53	24.79	54.57	22.05	3.45	58.51
2.7	6.44	62.19	21.82	50.54	25.11	3.96	55.4
3.11	7.96	60.73	22.35	38.13	23.42	3.89	68.3
3.54	6.36	66.56	20.64	41.95	20.95	3.28	68.44
2.66	5.74	61.47	18.68	45.42	25.56	3.38	65.45
3.09	7.77	74.13	20.96	46.86	24.45	3.42	55.27
2.7	6.61	58.34	29.96	40.09	23.6	3.43	52.89
2.9	7.65	60.23	23.49	42.65	24.46	3.23	51.06
2.48	7.26	69.75	23.7	35.71	21.11	4.01	57.1
3.07	8.32	56.09	28.98	40.72	26.13	3.36	63.28
3.04	7.48	62.52	22.56	49.45	21.11	3.9	63.48
3.29	7.22	65.99	20.6	39.66	22.25	3.01	53.93
3.28	7.16	69.71	26.2	46.58	29.17	3.77	69.27
2.43	7.47	55.2	25.56	47.18	23.59	3.17	68.7
2.52	7.25	57.38	20.37	45.42	26	3.17	64.33
3.52	6.17	60.81	27.41	38.96	24.72	3.31	68.86
3.09	7.56	56.31	22.1	41.81	26.56	3.34	60.37
2.9	8.13	61.35	23.96	43.3	22.46	3.46	61.76
3.1	8.79	60.6	22.63	42.46	20.29	3.05	71.11
3.45	7.16	53.56	25.35	43.39	24.76	3.26	56.56
2.54	7.73	54.15	26.89	41.44	26.49	3.43	48.38
2.61	6.43	69.23	22.96	41.44	21.82	3.38	64.16
2.92	6.7	55.67	21.31	49.08	21.8	3.55	55.39
2.99	5.65	60.25	20.2	41.92	28.47	3.24	64.49
2.36	6.63	65.87	24.5	40.04	22.84	3.8	60.03
2.52	6.3	58.04	23.08	51.43	23.44	3.51	57.72
3.82	7.24	67.58	18.74	45	21.6	3.16	74.36
3.07	7.04	56.54	24.77	40.21	27.9	3.79	58.47
3.12	7.72	57.96	28.74	44.33	28.78	3.81	55.13
3.19	7.83	65.4	28.89	52.52	25.41	3.8	49.33
3.2	6.76	64.82	22.58	43.37	20.86	3.25	55.48
3.25	6.84	50.19	21.22	39.67	26.89	3.64	73.06
3.55	8	66.73	22.7	47.65	24.04	3.45	64.69
3.29	6.46	51.04	21.71	43.81	23.9	4.15	58.29
3.38	6.61	65.93	23.15	37.1	20.38	3.36	61.07
2.74	8.12	65.26	23.22	45.48	21.21	2.8	66.17
3.49	6.76	62.41	25.71	41.8	23.2	3.5	64.07
2.75	7.01	65.5	23.98	46.67	20.45	3.61	56.91
3.04	6.21	65.12	29.03	45.44	24.84	3.39	58.38
3.31	7.2	57.79	23.3	38.9	24.87	3.59	59.42
3.48	7.5	59.8	20.65	38.56	21.91	3.25	52.17
3.23	6.06	55.42	19.51	38.83	25.17	3.48	69.96
3.04	7.05	59.65	22.07	41.75	24.15	3.52	54.53
3.34	6.83	64.03	25.94	44.96	23.28	4.13	58.69
2.4	6.78	61.4	24.68	49.13	20.28	3.98	54.53
3.11	8.02	59.19	22.43	43.79	18.88	3.84	76.64
3.39	7.55	61.26	21.34	44.42	22.68	3.63	68.84
2.89	8.04	69.91	23.28	55.16	24.8	3.85	62.41
3.01	6.85	68.38	27.91	41.83	22.65	3.65	60.47
2.78	7.16	62.13	21.78	42.38	24.3	3.61	50.96
2.72	6.12	56.43	22.76	42.38	22.78	3.54	63.32
2.71	8.12	58.75	19.64	43.89	18.57	3.6	62.91
3.53	7.16	60.02	25.21	36.57	26.33	3.1	63.17
2.97	7.92	53.89	22.48	38.69	25.01	3.22	68.8
3	7.4	60.95	24.13	42.85	22.42	3.47	64.23
2.77	6.49	64.47	28.76	40.33	24.84	3.1	49.37
3.21	6.1	65.16	25.33	43.93	23.85	3.26	73.1
2.54	6.71	63.28	22.53	45.87	20.29	2.97	57.73
2.97	5.22	57.56	23.38	57.29	27.77	3.44	66.71
2.49	7.79	62.91	25.54	49.81	20.29	3.02	65.61
2.66	6.45	60.28	22.61	39.18	20.53	4.16	69.86
2.94	5.02	58.22	23.1	48.76	27.8	3.32	48.8
3.71	6.95	54.94	22.31	48.3	23.09	3.38	59.79
3.01	6.7	67.45	21.59	42.14	24.77	3.05	56.59
3.15	6.56	51.7	25.01	42.45	25.04	3.68	61.99
2.42	5.55	57.5	20.96	54.43	24.77	3.74	59.14
2.6	7.66	56.88	23.92	42.05	21.93	3.73	54.69
3.63	7.72	67.68	22.98	44.69	23.95	4.04	53.67
3.06	7.02	56.76	21.95	43.51	26.18	3.06	60.91
2.87	6.91	59.55	25.57	45.02	24.06	3.21	56.58
2.79	7.04	60.46	26.93	47.69	22.54	3.6	60.31
3.6	6.43	68.46	23.59	41.67	22.88	3.65	61.88
2.71	6.57	59.07	24.36	45.17	18.91	3.23	59.81
3.33	7.54	72.41	23.39	40.54	22.88	3.25	56.38
3.35	6.35	58.94	26.59	38.56	28.99	3.05	60.06
2.91	6.3	65.29	25.34	39.4	20.77	3.74	60.22
3.23	8.31	66.02	23.84	38.06	25.05	3.39	57.97
3.02	7.43	56.62	25.27	40.49	24.07	2.84	64.22
3.07	7.02	60.57	26.92	39.43	23.99	3.42	63.12
3.19	6.69	60.01	25.32	47.7	23.73	3.36	57.94
2.95	5.79	62.98	24.47	41.39	22.3	3.79	69.45
3.08	7.15	58.57	23.17	36.41	22.76	3.7	70.73
3.63	7.55	49.11	20.64	42.96	23.43	2.9	58.83
3.41	6.97	70.81	24.5	39.28	22.45	3.5	67.88
2.94	6.95	55.86	20.97	45.05	24.36	3.41	54.99
3.4	6.56	54.99	19.53	47.98	25.48	3.79	61.01
2.94	6.52	56.87	27.25	42.59	22.8	3.72	70.94
2.98	6.47	52.56	23.96	38.14	22.11	3.17	58
3.48	7.06	68.73	24.54	39.99	22.21	3.67	63.23
3.57	8.84	55.47	24.36	39.02	22.84	3.61	62.47
3.18	7.41	60.4	24.23	39.89	25.5	3.47	58.41
2.82	7	65	24.37	43.95	22.94	2.88	60.08
2.8	6.3	65.03	19.03	42.02	25.45	3.24	63.17
2.95	6.71	56.07	21.49	38.41	24.17	2.96	63.28
3.07	7.34	71.06	27.69	40.81	25.3	3.58	67.75
2.6	7.29	58.45	24.67	34.97	24.57	3.3	50.56
3.33	7.94	50.18	26.15	48.26	20.86	4.05	52.49
3.14	6.28	49.66	21.52	45.02	22.38	3.22	54.73
2.71	8.83	59.83	24.13	43.89	18.7	3.31	55.78
3.12	6.88	58.8	22.69	48.02	21.35	3.63	60.79
3.2	7.58	56.52	19.03	40.6	25.15	3.13	61.59
2.5	6.28	62.75	23.01	43.66	23.62	2.83	68.73
2.77	6.39	54.83	20.54	41.04	25.75	4.03	68.68
3.24	6.46	58.42	23.37	45.37	24.5	2.74	48.45
2.98	6.75	64.63	25.02	53.26	25.6	3.61	51.49
2.63	6.87	65.96	22.81	43.75	26.61	3.46	63.69
2.85	6.93	50.79	24.82	43.98	25.63	3.86	60.96
3.06	7.56	53.98	25.46	43.72	31.17	3.42	75.3
2.67	6.58	56.47	26.3	40.19	22.84	2.8	57.55
2.49	7.65	59.9	20.93	44.5	25.67	3.44	62.95
3	7.38	57.99	21.47	40.74	24.11	3.7	55.89
3.19	6.51	49.33	26.16	43.9	22.07	3.04	64.33
3	7.6	58.41	18.95	37.86	24.31	3.54	64.84
2.99	7.35	64.09	24.55	39.68	21.05	3.68	63.26
2.74	7.54	59.78	21.82	42.86	22.63	4.18	67.11
2.57	7.04	61.78	16.27	40.05	20.3	2.97	59.9
3	6.84	60.83	24.42	45.26	22.54	3.68	66.91
2.91	7.61	52.84	22.17	43.21	27.87	3.44	58.99
3.08	7.38	57.36	25.53	39.89	27.53	3.66	65.71
3.22	7.61	62.76	21.59	41.46	21.48	3.61	58.51
2.92	7.74	61.73	21.68	41.01	22.89	3.55	67.84
3.02	7.33	53.37	23.11	45.08	22.57	3.09	64.23
2.76	7.37	63.21	23.26	40.61	25.82	2.91	61.78
2.86	7.04	61.54	22.38	51.19	23.21	3.04	64.34
3.16	7.32	50.8	20.84	44.38	21.35	3.16	53.83
3.09	7.82	54.07	23.02	46.92	25.45	3.45	55.08
2.76	5.9	55.7	22.06	44.6	24.94	3.7	63.85
3.1	7.9	66.11	26.09	43.87	24.86	3.15	50.48
3.28	6.41	56.48	23.61	43.79	22.04	3.19	63
2.87	6.46	48.25	22.42	43.93	20.84	3.89	57.14
3.04	6.6	48.69	23.6	38.29	22.67	2.78	57.64
2.93	6.79	61.8	20.19	41.47	27.4	2.91	61.04
3.02	6.7	53.64	21.56	45.9	19.24	3.83	63.94
3.33	6.31	68.54	26.92	43.82	23.7	3.25	58.6
3.23	8.46	61.2	22.56	40.79	19.02	3.67	52.8
3.45	6.92	71.41	24.05	33.93	19.75	3.67	55.97
3.06	7.3	69.69	23.08	50.23	23.01	3.77	69.62
2.53	6.82	55.48	21.91	45.89	21.47	3.45	60.51
3.3	6.4	55.29	18.57	47.16	21.4	3.08	68.71
3.07	7.06	65.87	23.76	35.63	21.61	3.18	66.53
3.04	6.39	78.21	21.97	44.88	29.92	3.93	64.41
2.76	7.1	60.86	23.31	40.31	25.26	3.04	59.99
2.81	6.77	57.15	28.43	46.89	20.92	3.18	63.07
3.06	7.19	52.21	20.86	41.28	23.75	3.58	60.32
2.73	6.93	62.09	23.15	42.84	26.57	3.57	63.79
3.19	7.29	62.74	26.29	39.75	21.48	3.06	66.32
3.04	7.64	59.1	28.58	40.7	24.97	3.73	60.08
2.85	7.61	54.89	23	40.8	19.65	3.12	62.07
2.72	7.34	61.9	25.53	46.21	27.78	3.11	66.75
2.56	8.16	57.31	21.49	39.2	26.37	3.81	52.4
2.72	6.08	58.08	27.09	45.92	21.8	3.48	56.5
3.49	7.47	63.67	26.06	42.27	22.88	2.81	55.37
2.92	6.58	52.46	21.59	34.91	23.21	3.45	70.64
3.49	7.35	59.02	18.9	37.8	26.23	3.14	63.36
3.11	7.38	55.33	24.81	40.26	22.46	3.98	60.32
3.39	7.13	54.52	23.06	39.24	24.35	3.18	58.26
2.54	7.98	54.85	22.81	41.68	29.41	3.45	62.49
2.83	7.44	63.89	20.05	40.19	24.57	3.57	78.1
3.02	6.3	67.5	21.92	45.44	24.36	2.89	62.23
3.18	7.58	55.82	24.95	47.91	24.12	3.83	75.25
2.83	8.45	59.85	26.4	43.56	22.32	2.83	61.38
3	8.47	60.26	22.85	48.45	20.56	3.48	57.42
3.59	8.34	66.51	25.91	44.47	24.13	2.73	63.41
2.65	6.53	61.86	27.78	50.53	23.99	3.5	67.21
3.16	5.65	62.18	20.34	49.27	28.41	3.48	67.37
3.21	7.1	65.71	23.89	42.56	20.15	3.83	63.33
2.86	6.34	58.17	20.73	45.69	18.69	3.18	60.67
3.29	8.47	61.73	24.02	50.27	26.03	2.97	61.42
2.65	6.95	65.42	20.67	50.01	22.09	3.45	58.35
3.42	8.61	61.28	28.23	49.81	19.57	3.43	62.44
3.6	6.48	62.82	23.95	40.14	20.09	3.81	54
3.18	6.51	66.9	24.57	40	23.07	3.82	62.21
2.97	8.71	64.43	22.34	46.96	21.95	3.49	65.79
2.77	7.39	66.61	26.35	39.59	23.75	3.15	66.2
3.96	7.15	57.36	20.13	44.28	25.01	3.58	61.26
2.74	7.09	55.23	23.77	44.24	26.04	3.52	57.8
3.56	8.59	50.4	22.94	50.12	25.85	3.26	50.99
3.44	7.75	61.71	25.35	35.72	21.16	2.67	61.43
3.1	6.83	54.15	22.43	38.18	23.61	3.65	58.95
2.83	6.49	59.28	23.3	46.4	22.7	3.04	61.9
3.11	7.93	45.94	22.27	45.19	27.96	3.52	64.64
3.23	6.91	59.26	21.98	42.57	21.28	2.51	58.27
2.76	8.16	60.14	22.87	44.78	25.53	3.46	67.95
3.03	6.78	50.79	23.72	41.6	22.63	3.29	57.22
2.83	7.64	60.91	20.16	40.45	21.19	3.92	57.01
2.96	5.42	59.45	22.86	45.08	22.7	4.13	62.43
2.68	7.65	59.76	25.13	46.87	20.55	3.53	54.41
2.55	7.69	59.96	20.64	41.01	20.45	3.62	75.13
3.2	7.96	71.75	17.78	45.87	20.81	3.59	65.02
2.81	7.37	54.46	24.16	38.55	24.17	3.35	54.79
3.58	7.62	61.69	29.62	37.34	24.78	3.55	63.32
2.85	6.51	52.82	23.07	47.07	23.82	3.3	64.32
3.46	8.57	54.21	24.86	40.72	25.88	3.33	56.14
3.77	6.98	71.61	21.33	41.21	22.54	3.77	50.61
3.22	7.16	66.89	29.07	37.14	21.78	3.19	58.37
2.73	8.15	57.68	20.88	38.49	27.37	3.96	62.05
2.93	7.28	58.05	28.1	36.47	24.35	3.62	68.93
2.77	8.34	54.38	22.61	41.66	21.38	3.57	63.07
2.93	8.4	60.64	32.08	35.38	26.49	3.8	68.5
3.33	7.84	56.62	23.76	40.49	24.52	3.21	66.17
2.97	7.43	54.69	23.12	43.42	22.22	3.12	53.45
2.82	6.49	69.68	17.89	39.8	20.41	3.27	67.26
2.88	5.89	61.06	19.58	45.5	23.59	3.35	56.83
2.61	7.07	57.59	23.01	53.18	26.24	3.16	59.63
3.35	7.24	63.55	24.18	37.58	21.32	3.16	56.04
3.07	8.41	69.87	22.81	40.07	23.04	2.8	55.57
2.81	7.25	73.51	21.95	40.18	23.55	2.99	54.1
2.68	7.23	56.81	24.73	48.16	21.07	3.22	59.68
2.94	6.75	53.56	27.87	32.33	24.22	3.63	56.48
3.67	6.35	58.5	21.28	43.19	22.92	2.94	64.07
3.28	6.21	49.64	23.06	47.24	24.79	3.45	62.7
3.03	6.35	67.81	28.11	50.86	19.78	3.46	68.58
2.88	8.25	68.54	24.92	40.22	29.37	3.32	55.62
3.3	7.98	58.07	22.37	38.93	23.34	3.49	63.33
3.07	6.86	63.88	24.6	45.93	24.26	3.54	55.81
2.86	8.06	58.42	25.99	42.95	23.68	3.47	68.86
3.29	7.12	62.31	20.91	41.63	23.33	3.83	54.27
2.55	8.75	52.53	23	40.83	24.02	3.03	46.43
3.08	6.74	52.95	21.37	38.33	27.05	3.36	66.39
2.65	7.36	63.98	21.54	38.94	22.58	3.08	55.88
3.9	7.64	58.85	24.86	40.29	25.61	3.3	63.97
2.61	8.18	60.58	22.26	45.51	23.48	2.75	64.69
3.08	5.81	62.9	19.73	44.07	22.12	3.13	72.6
2.4	7.46	58.46	22.8	43.63	21.41	3.2	56.92
3.46	6.37	63.85	25.53	40.06	23.03	3.79	52.76
3.12	7.69	67.54	24.88	51.56	21.76	3.32	66.37
2.93	7.53	61.89	23.55	43.17	18.13	3.46	54.58
2.72	7.35	61.17	24.07	42.11	22.46	3.23	62.19
2.76	7.32	57.68	24.04	50.8	22.7	3.24	67.09
3.03	8.46	56.39	24.03	31.74	25.68	2.8	68.49
2.92	7.67	57.01	29.54	41.78	20.68	4.15	64.45
2.85	7.52	67.11	24.72	51.41	24.75	2.93	51.35
2.77	7.6	57.93	22.11	40.46	24.64	3.73	66.95
2.73	6.73	70.5	22.95	44.71	26.27	3.16	60.86
3.04	8.14	68.66	19.66	51.63	21.56	3.11	53.28
3.37	6.21	55.84	24.65	50.31	20.69	3.58	69.36
2.7	7.29	53.88	26.4	41.82	25.87	2.82	60.31
2.85	6.55	72.53	27.03	40.79	20.1	4.1	63.8
2.91	7.43	66.48	21.97	53.83	25.39	3.22	55.15
2.62	6.26	67.16	26.03	43.96	26.73	3.23	56.99
3.06	7.39	67.37	21.53	43.92	20.89	3.52	63.25
3.52	8.54	56.16	22.02	42.92	22.61	3.85	69.19
3.04	7.48	60.21	20.4	41.86	24.12	3.11	60.52
3.59	7.27	57.21	23.91	41.34	21.66	3.51	68.13
2.66	6.32	57.19	21.74	39.94	21.05	3.28	70.45
2.56	7.67	71.69	20.38	42.91	21.45	3.55	53.81
2.8	8.45	61	22.79	41.35	22.38	3.63	71.02
3.02	7.28	64.21	23.15	50.16	18.17	3.8	55.37
2.89	7.29	56.28	22.04	43.08	24.64	3.15	52.58
3.24	6.33	62.29	23.88	50.28	21.24	3.65	61.02
2.79	7.01	59.63	25.03	42.53	24.63	3.4	69.94
2.98	7.04	53.85	25.54	51.76	21.57	3.77	59.83
3.35	7.98	62.64	22.48	41.21	23.48	3.42	62.83
3.23	7.25	59.35	23.68	38.01	24.14	3.51	67.48
3.51	7.18	69.92	24.53	44.15	23.87	3.48	60.97
2.76	7.3	58.51	23.38	39.35	20.2	3.9	54.41
3.42	7.07	73.13	25.52	41.16	22.93	3.88	61.3
3.09	6.88	57.28	27.07	43.68	20.87	3.33	58.64
3.14	7.81	53.68	22.88	39.56	23.03	3.59	66.22
3.6	6.92	59.56	21.83	38.97	22.96	3.29	66.03
3.19	6.01	57.69	25.49	37.97	23.82	3.61	62.75
2.87	5.58	54.86	23.74	39.97	24.65	3.94	49.96
2.71	6.87	55.69	19.21	43.69	23.01	3.28	63.57
3.42	5.92	54.49	23.2	44.75	25.22	3.81	56.44
3.52	6.75	57.77	19.73	44.36	23.85	3.33	57.66
2.57	7.23	62.7	23.26	47.96	22.88	2.75	57.27
3.3	6.53	66.77	24.82	45.79	26.38	3.26	67.27
3.11	7.78	56.74	26.83	41.79	21.61	3.76	54.16
2.9	6.45	64.38	21.93	54.17	24.03	3.18	57.49
2.85	7.89	70.94	19.55	40.37	20.72	3.97	58.67
2.94	6.55	58.06	21.55	51.91	23.96	3.91	64.67
2.27	7.59	51.89	22.16	33.97	22.28	3.19	64.31
3.25	5.7	68.02	29.15	47.08	21.75	3.69	57.8
3.3	8.21	69.32	27.44	43.72	24.93	4.55	59.58
2.79	8.86	51.96	21.86	44.34	20.53	2.79	73.8
3.11	6.9	64.45	25.69	40.87	22.85	3.12	57.76
2.96	6.07	69.2	25.29	42.2	22.48	3.43	73.47
3.11	6.77	64.82	27.68	39.75	23.14	3.47	56.26
3.13	7.19	56.08	23.33	44.84	25.58	3.6	60.1
3.6	7.83	59.1	23.44	43.55	21.21	3.44	51.18
2.74	6.22	64.84	28.9	45.19	21.4	3.74	51.77
3.13	6.62	58.71	26.18	44.84	20.24	3.64	63.88
2.8	8.65	68.13	21.86	42.69	25.2	3.28	69.6
2.78	5.47	52.39	24.93	48.83	27.68	3.16	55.96
3.28	8.65	55.1	19.32	41.52	24.78	2.81	66.1
2.87	6.55	72.7	22.43	41.71	20.29	2.96	60.51
2.87	6.39	54.68	26.52	47.95	22.28	3.4	68
3.18	6.84	62.57	23.95	41.11	19.92	3.35	53.51
3.21	5.62	61.04	24.42	45.34	22.48	3.36	57.16
3.02	6.56	72.71	22.63	44.34	23.91	3.63	65.71
2.95	6.88	56.98	27.95	43.84	23.21	3.1	55.38
3.26	6.79	51.49	22.87	39.22	23.58	3.38	66.56
2.64	6.82	57.49	20.79	41.06	25.39	3.45	69.68
2.92	6.09	51.01	24.08	44.63	23.66	3.13	56.16
3.2	9.01	61.04	19.99	47.01	24.48	3.63	64.48
3.05	9.51	64.66	23	39.66	24.64	3.61	62.31
3.31	7.28	49.89	20.08	42.18	23.15	3.98	61.06
2.78	6.06	58.28	24.84	42.28	25.96	3.16	63.13
3.03	8.04	57.1	20.54	40.52	26.77	4.16	59.98
3.17	6.95	63.93	21.82	51.2	26.36	2.88	64.66
3.05	7.34	66.41	25.82	45.76	24.29	3.4	63.73
2.95	7.85	58.08	21.82	40.14	27.98	3.33	62.72
3.13	7.4	55.27	20.79	43.78	24.7	3	66.9
3.38	7.27	64.62	21.45	40.65	24.31	3.61	68.83
2.58	7.36	51.36	20.46	42.58	21.03	2.99	57.79
3.19	8.15	66.58	23.71	44.34	26.7	3.72	59.12
2.99	8.01	60.95	23.93	42.94	24.64	3.64	60.71
2.63	8.42	53.42	24.82	41.34	22.01	3.47	67.66
3.25	6.57	67.3	25.84	40.93	27.56	3.01	64.7
2.64	7.7	75.01	23.32	40.34	20.61	3.86	55.09
2.77	8.18	55.22	24.5	39.87	18.97	2.96	57.99
2.81	6.08	70.28	25.07	37.64	22.51	4.07	69.7
3.3	8.24	55.5	26.23	46.35	26.32	3.5	71.17
2.94	7.42	66.98	23.51	43.02	26.31	3.7	51.89
3.15	6.46	52.57	21.71	46.11	26.76	3.99	58.87
3.17	6.06	55.82	23.44	34.37	24.25	3.16	62.49
2.95	6.8	62.17	24.1	45.02	25.22	3.34	53.33
2.81	7.26	56.18	25.43	48.09	24.85	3.39	80.79
2.91	6.45	70.52	24.04	41.61	21.12	3.41	59.99
3.08	7.1	60.5	22.09	38.36	22.67	2.93	63.54
2.41	7.8	62.48	20.37	43.39	22.99	3.09	67.74
2.69	8.4	52.61	28.52	47.64	20.8	3.82	70.44
2.7	7	55.71	24.27	43.6	25.04	3.58	69.32
3.26	6.93	61.85	22.32	43.71	27.02	3.46	68.07
2.68	7.92	66.05	22.3	40.55	23.03	4.28	62.83
3.05	7.64	64.89	25.78	43.59	25.05	3.69	64.07
3.35	6.63	60.86	22.41	43.93	23.39	3.54	55.13
3.29	7.08	55.09	22.32	43.72	23.26	3.53	68.49
2.88	7.37	68.64	24.08	54.07	28.01	2.81	59.06
2.66	6.6	61.37	25.81	42.12	22.35	3.9	69.5
2.76	7.52	53.75	22.95	45.16	18.92	3.85	65.4
2.86	6.26	59.14	21.02	42.88	26.12	3.6	56.09
3.4	6.8	64.64	25.32	44.81	25.31	3.13	51.73
2.76	7.23	54.65	24.05	48.46	27.31	3.42	63.01
3.37	6.9	61.15	25.69	45.87	21.58	3.7	58.35
3.57	7.8	58.92	22.7	45.06	21.74	2.77	48.43
2.92	7.68	59.38	23.64	44.25	23.17	3.56	65.66
2.65	8.52	53.39	24.51	40.62	23.06	4.15	62.5
2.95	6.77	67.02	24.95	40.42	25.58	3.67	66.88
2.72	6.98	68.59	25.71	46.2	22.88	4.37	57.01
2.79	5.93	55.91	23.72	42.79	25.44	3.07	52.21
3.33	7.03	63.44	23.55	42.25	27.52	2.93	64.59
3.22	7.68	53.98	21.51	44.2	21.96	3.09	54.88
3.59	6.08	61.85	24.11	38.87	28.36	3.09	58.91
2.88	7.6	64.96	23.93	48.16	25.05	3.16	61.36
3.46	6.08	59.53	21.12	36.05	18.31	3.75	60.91
3.17	6.75	56.52	21.22	49.11	26.21	3.3	68.04
2.95	6.22	71.91	23.46	46.26	21.79	2.91	57.53
3.83	6.17	57.87	24.92	43.67	21.97	3.89	61.45
3.27	6.86	59.68	24.41	36.03	25.05	3.57	61.54
2.88	7.63	65.04	24.84	46.82	21.08	3.44	59.74
3.42	7.46	64.16	19.96	45.01	19.54	4.2	61.59
2.95	7.36	55.78	23.46	41.23	20.71	3.34	53.7
3.58	6.79	59.77	19.05	41.42	19.38	3.16	59.28
3.38	7.88	54.57	22.79	43.11	21.79	3.47	57.83
3.68	6.78	69.55	22.76	52.04	20.73	3.36	64.04
3.48	6.97	52.09	22.42	39.64	22.56	3.46	63.56
3.25	7.16	59.44	23.88	41.66	25.44	3.41	67.38
2.36	6.6	65.46	26.06	47.97	25.5	3.57	65.21
3.15	7.4	56.38	22.88	37.78	21.71	3.27	59.36
2.48	6.01	60.14	25.29	41.65	19.09	3.72	70.07
3	6.1	69.95	24.13	41.64	25.12	3.48	56.15
2.95	8.64	57.69	23.43	42.89	22.97	3.32	47.2
3.11	6.9	65.72	23.27	40.84	20.87	3.06	61.12
3.06	6.62	63.51	26.15	45.73	22.94	4.33	56.22
2.77	6.63	61.61	22.15	40.6	26.32	2.88	58.31
3.16	6.79	73.04	18.71	38.63	19.15	3.01	57.44
3.12	6.33	59.8	22.53	39.95	25.61	3.14	58.55
3.25	8.09	50.26	23.71	47.73	24.4	3.15	65.53
2.42	6.24	61.63	21.38	40.38	23.26	3.02	55.44
3.25	7.01	50.79	27.22	42.63	24.59	3.63	68.83
2.96	6.61	58.32	24.18	44.91	25.6	3.47	59.67
3.21	7.23	53.44	22.37	40.86	26.84	3.16	63.7
3.5	6.79	61.81	22.93	47.95	22.35	3.33	55.55
2.84	6.68	49.52	19.01	40.54	22.22	3.27	57.63
3.05	7.21	55.3	24.18	39.64	19.27	3.66	57.08
2.76	7.71	51.11	28.76	43.06	23.95	2.79	52
3.03	6.64	66.61	25.3	38.34	23.02	3.48	53.06
3.08	6.8	61.35	23.34	39.72	19.98	3.81	65.23
3.1	6.17	57.68	26.39	47	20.62	3.53	64.98
3.35	6.35	59.9	23	39.08	25.31	4	67.7
2.72	6.07	69.62	25.73	42.31	24.7	3.53	51.82
2.69	6.73	60.83	27.2	43.72	21.32	3.67	52.82
2.89	7.33	49.83	23.14	48.08	21.87	3.68	58.39
2.68	7.53	60.78	26.96	47.18	24.14	3.67	64.18
2.96	5.82	63.44	28.38	44.94	24.82	2.98	60.33
2.79	6.99	68.52	27.67	44.07	24.4	3.06	56.43
2.94	7.36	63.24	22.12	46.51	22.1	3.1	68.52
2.5	6.56	55.91	25.08	42.16	25.99	3.57	47.92
2.8	6.1	60.56	26.91	42.58	24.44	3.49	64.78
3.27	7.13	77.03	20.73	43.97	25.99	3.46	57.95
2.56	7.1	54.41	25.68	43.21	23.48	3.48	65.63
2.78	7.77	55.26	23.89	53.74	22.89	3.26	67.99
2.97	6.77	58.32	20.21	42.98	20.4	3.92	56.74
3.62	6.13	57.35	31.02	42.73	25.65	3.39	58.65
3.23	6.5	66.38	21.7	44.87	26.08	3.61	58.8
3.18	6.88	67.42	22.08	34.55	24.81	3.9	68.84
2.91	6.99	58.47	20.43	35.59	22.24	2.97	62.63
3.35	7.32	56.23	27.77	48.12	28.06	3.33	65.53
2.46	6.38	59.21	23.51	48.65	23.79	4.42	67.47
2.85	7.08	78.76	19.68	50.9	19.06	3.24	60.23
3.14	8.24	49.95	21.59	39.18	22.9	3.9	48.26
2.46	6.6	55.03	21.63	46.04	25.1	3.56	54.76
3.03	7.01	64.37	18.02	46.77	22.41	3.42	58.07
3	6.7	58.43	25.87	43.65	24.81	2.94	54.68
3.05	7.7	60.51	24.78	47.31	21.62	3.62	60.65
2.53	7.35	58.88	20.01	39.64	22.32	3.36	56.51
2.83	6.95	69.46	22.8	44.83	23.32	3.15	63.26
2.82	6.49	64.72	25	36.9	21.94	4.09	60.84
2.62	7.37	61	20.79	37.98	25.48	3.03	61.2
3.45	6.68	60.72	21.04	41.7	20.3	3.86	59.9
2.91	7.31	63	24.27	51.31	23.84	2.83	64.17
3.34	6.81	66.79	19.8	45.97	21.85	3.59	48.68
2.99	7.04	63.18	22.51	44.69	27.93	3.62	55.77
2.83	6.63	56.53	25.26	40.1	25.3	3.32	56.92
3.33	6.67	59.88	22.24	46.8	20.06	3.27	65.16
2.81	7.22	68.04	22.61	42.52	25.59	3.39	65.83
3.24	7.83	62.04	21.36	41.68	26.69	3.21	49.97
2.57	6.4	62.57	24.62	40.39	17.48	3.67	57.16
3.04	6.79	63.23	25.62	41.74	22.64	3.18	54.33
2.63	9.01	55.58	24.75	45.55	23.97	3.72	63.7
3.04	6.36	55.58	23.18	42.68	22.74	3.42	63.9
3.01	7.58	63.49	23.35	43.98	23.03	2.92	53.14
3.14	6.26	70.97	23.35	43.08	21.87	3.84	64.68
2.96	7.08	58.75	23.96	47.46	27.95	2.79	64.7
2.63	6.88	55.6	25.9	46.36	25.03	3.02	66.3
3.71	7.07	56.49	26.22	47.21	23.36	2.98	64.45
2.68	7.55	62.77	22.41	50.26	20.61	3.59	56.74
2.97	6.55	52.13	25.35	46.73	17.79	3.14	61.8
3.04	7.54	53.75	20.76	40.59	22.71	3.99	65.32
3.64	6.27	61.28	18.76	42.82	24.67	3.74	65.51
3.41	6.75	53.65	25.2	45.95	26.73	3.42	63.71
2.69	8.09	61.6	28.91	42.42	25.26	3.77	55.26
3.02	7.37	59.57	30.34	38.3	25.93	2.61	69.15
2.72	6.95	61	19.02	43.14	22.4	3.43	60.64
2.9	7.14	69.54	17.96	38.26	23.42	3.15	51.53
2.95	6.29	59.12	22.24	47.26	22.43	3.87	61.43
2.8	6.98	64.81	20.77	46.91	24.97	3.66	59.34
2.83	8.57	57.22	20.01	43.8	22.23	3.59	62.98
3.06	6.7	53.41	26.94	40.3	21.58	3.49	50.79
3.23	6.68	67.71	23.46	44.68	23.68	3.43	59.14
2.88	8.35	67.79	24.82	51.24	22.96	3.37	59.33
3.29	6.24	67.89	25.01	43.02	20.18	3.38	59.9
2.98	7.27	65.74	22.67	49.58	21.78	3.15	70.54
2.51	7.06	65.49	26.53	40.33	20.47	3.12	51.54
3.12	7.13	51.27	27.54	42.32	25.21	4.24	60.92
2.88	8.02	59.68	27.57	45.76	21.61	3.33	60.61
2.19	6.36	62.16	21.8	44.71	26.92	3.33	64.64
3.14	7.07	59.95	19.84	44.94	25.13	3.27	59.41
3.53	8.7	59.26	21.68	43.27	21.86	3.48	53.26
3	7.28	61.59	18.37	40.57	22.79	3.26	62.36
3.44	7.95	64.89	21.02	47.53	28.13	3.79	61.22
3.32	7.85	60.84	22.68	41.66	24.87	3.91	59.08
3	6.63	59	23.06	51.71	25.74	3.67	63.79
3.12	6.98	52.99	22.84	42.93	19.22	3.58	51.9
2.86	6.75	65.52	26.02	34.3	25.88	3.55	67.61
2.76	7.87	55.96	23.21	39.13	25.15	3.34	67.43
3.28	7.96	59.27	23.59	49.53	21.16	3.33	64.18
3.35	6.76	63.36	26.78	43.55	23.95	3.65	62.67
3.14	8.11	53.38	26.52	41.82	25.07	3.06	67.89
2.85	6.74	61.18	22.84	40.3	22.52	3.55	65.76
3.32	6.96	64.61	22.42	41.69	26.34	2.51	62.65
3.05	7.28	61.57	23.2	44.41	27.19	3.27	51.11
3.46	7.08	62.7	27.72	41.65	23.47	3.79	51.08
2.72	8.57	55.5	25.19	45.02	24.18	3.03	67.63
2.75	9.27	54.65	22.29	43.86	21.58	3.74	59.25
3.77	7.78	54.98	22.36	42.41	25	3.34	67
3.42	7.03	53.8	22.14	42.24	22.59	3.74	50.56
3.32	7.68	59.01	26.83	38.1	20.51	3.03	55.64
3.06	5.55	62.05	25.35	38.51	23.84	3.54	59.55
3.06	6.29	54.22	23.03	37.91	19.64	3.06	71.42
2.87	7.81	60.8	24.23	44.2	23.72	3.15	62.66
2.75	8.02	60.18	23.48	43.67	21.3	3.94	63.13
3.14	5.7	70.05	21.08	37.68	24.27	3.73	62.37
2.83	7.04	55.58	24.07	43.56	18.19	3.51	58.87
2.69	7.59	52.71	24.31	46.83	22.74	3.6	59.76
2.68	8.66	64.83	23.26	41.58	25.96	3	58.43
2.7	7.27	53.95	24.3	45.01	25.58	3.33	47.86
3.25	7.09	68.14	23.83	52.89	20.93	3.65	57.2
3.01	7.17	47.93	25.06	39.1	26.75	3.64	58.27
3.42	7.8	48.59	23.72	44.96	23.28	3.63	63.67
3.64	6.47	65.29	27.93	44.64	22.83	3.54	67.6
2.83	6.76	58.44	22.95	44.19	26.45	4.01	48.72
3.26	7.47	66.69	23.19	46.02	23.42	3.3	60.43
3.45	7.84	57.14	26.99	45.3	21.83	3.67	61.09
2.89	7.34	61.55	21.58	43.19	19.98	3.83	52.15
2.82	7.8	65.28	21.41	43.96	21.54	3.05	56.63
2.7	7.54	63.12	24.53	40.88	22.43	3.37	60.25
3.12	6.35	63.27	21.5	46.46	26.19	3.52	78.21
3.2	7.04	64.34	22.44	41.52	21.79	3.06	54.39
2.75	6.77	66.21	22.73	43.99	21.22	3.55	62.18
3.14	7.61	51.87	24.63	46.61	24.44	3.23	58.81
2.84	6.7	66.04	21.84	44.62	23	3.67	60.37
3.03	6.78	65.98	24.25	46.32	21.77	3.58	60.08
2.9	6.97	46.36	18.4	50.54	26.87	3.13	63.31
2.87	7.06	61.04	23.53	39.05	22.44	3.25	56.69
3.13	7.13	64.4	21.98	37.07	24.74	3.2	59.4
2.8	7.1	66.33	22.82	44.76	21.7	3.49	66.82
2.94	6.23	61.92	21.25	53.45	27.8	2.81	57.01
3.16	6.88	57.23	27.5	42.16	26.34	2.77	62.28
3	8.21	57.4	23.54	36.61	25.11	3.33	64.55
3.01	6.8	61.09	24.62	44.14	24.33	3.32	68.36
2.88	6.49	62.79	23.82	46.12	21.53	3.36	71.43
2.56	7.37	66.97	19.52	39.56	24.31	3.3	64.41
2.81	7.07	68.95	21.88	51.1	20.75	3.99	59.61
3.03	6.23	48.79	25.64	49.56	20.24	3.35	73.9
3.26	7.07	63.28	24.01	47.08	21.49	3.82	70.73
3.43	8.22	64.63	25.01	36.92	25.01	3.12	67.42
3.56	6.55	64.92	23.87	47.18	23.89	3.45	56.28
2.95	7.17	59.99	25.14	47.76	22.6	2.79	52.9
3.06	7.35	70.17	22.02	40.89	24.08	3.72	76.66
2.68	6.71	73.13	24.79	43.43	20.75	4.17	64.22
3.09	6.93	58.69	24.37	40.84	23.22	3.27	62.9
3.42	7.46	56.24	25.48	41.73	24.32	2.73	62.87
2.78	7.03	56.31	26.62	40.95	22.7	3.25	61.52
2.81	7.16	54.82	23.97	52.52	21.86	3.26	65.37
3.46	6.1	61.29	22.58	49.56	19.84	3.87	56.28
2.81	6.73	62.14	23.23	45.99	21.4	3.38	59.96
3.29	7.09	57.2	21.19	39.94	26.75	3.21	58.85
2.64	6.75	67.04	28.53	40.69	24.75	3.83	72.72
3.19	6.62	69.04	28.92	46.87	23.1	3.27	55.4
2.52	6.3	59.76	24.35	38.46	25.86	3.78	65.02
3.55	6.43	62.14	23.93	48.31	24.32	3.23	61.32
2.91	8.28	62.33	23.64	45.87	21.85	3.35	71.71
3.43	8.03	54.3	24.27	40.94	27.84	3.4	69.9
2.71	8.37	65.08	21.82	47.97	20.06	3.67	56.97
2.98	6.6	53.91	20.16	40.01	23.55	3.69	53.54
3.03	8.03	71.66	21.67	43.49	23.53	3.86	59.69
3.73	8.12	59.34	24.6	43.92	24.06	3.83	55.05
2.8	6.84	64.56	27.1	46.71	22.18	3.95	57.74
2.49	6.48	61.01	20.54	49.27	29.64	3.54	58.45
3.13	7.39	60.86	21.07	45.92	22.76	3.27	71.16
3.02	6.57	69.39	24.6	43.76	25.88	4.05	66.9
2.99	7.23	63.96	21.23	39.02	24.2	3.66	62.79
2.97	6.59	50.9	21.09	42.31	27.66	3.37	58.14
2.81	7.93	56.24	20.32	48.67	22.65	3.06	49.62
2.99	6.05	57.4	21.39	46.39	22.16	3.52	67.08
3.02	7.42	67.43	27.58	44.45	23.39	2.87	64.09
2.59	8.33	62.02	23.85	49.5	25.09	3.35	56.65
3.43	7.14	59.74	27.42	36.7	25.15	3.6	64.89
3.08	6.55	60.82	26.9	47.46	22.51	3.76	64.83
3.29	5.65	49.7	25.9	45.21	24.02	3.94	66.67
3.1	7.21	73.48	21.7	39.9	22.75	3.71	58.12
3.11	6.24	56.74	22.02	40.96	23.29	2.67	70.25
2.85	7.34	59.8	26.47	46.2	18.9	3.4	59.78
3.09	8.16	66.29	27.89	44.16	22.88	3.89	62.78
2.98	6.43	66.72	20.75	43.93	25.81	3.9	58.74
3.14	7.05	68.11	22.73	43.98	26.71	3.16	65.82
3.03	7.67	63.33	19.06	41.28	17.95	3.7	61.53
3.18	6.65	54.23	21.75	51.67	19.53	3.37	65.51
2.43	6.84	63.14	20.81	45	22.4	3.33	68.44
2.71	6.95	59.03	21.99	49.71	23.57	3.72	53.22
3.08	7.03	62.25	25.18	36.15	25.05	3.06	65.11
3	6.96	59.96	23.84	49.62	26.54	3.35	55
3	6.55	65.86	22.79	44.46	25.42	3.39	55.66
2.96	5.99	66.73	19.61	31.54	21.55	3.24	61.58
3.15	7.24	55.33	22.89	40.22	20.71	2.98	49.59
3	6.31	51.45	22.33	45.39	25.36	3.79	64.5
3.02	7.08	61.49	24.73	43.98	23.87	3.42	53.13
3.16	7.95	68.3	23.31	50.05	20.77	3.78	65.87
3.25	7.73	58.45	26.21	41.68	23.4	3.09	64.24
2.98	6.28	62.21	24.17	41.52	22.32	3.56	61.39
3.3	7.35	61.65	21.64	47.74	24.15	3.6	65.11
2.55	7.58	58.35	24.15	45.63	22.99	3.32	58.53
2.82	6.29	63.86	22.88	40.1	22.17	2.79	53.76
2.98	7.8	51.34	26.25	44.47	25.59	2.82	57.14
3.05	7.38	58.05	28.15	41.41	21.22	3.45	70.55
2.96	7.49	61.23	20.02	42.06	23.8	4.1	64.75
3.02	7.54	56.8	22.09	46.93	23.57	3.08	62.08
3.37	7.05	66.54	22.99	37.61	27.06	3.37	47.09
2.66	6.18	73.18	26.2	39.94	21.72	3.85	57.44
2.74	7.83	60.83	24.59	40.7	25.48	4.19	58.75
3.02	8.95	56.12	26.33	48.18	22.15	3.58	68.17
2.78	7.83	61.34	21.59	44.85	19.27	3.03	66.77
3.36	7.37	58.17	23.07	37.68	20.98	3.48	52.62
3.82	6.68	58.72	20.85	39.11	23.43	3.33	66.57
2.43	6.61	55.82	22.79	45.07	21.95	3.64	57.65
2.89	6.72	61.89	24.52	39.63	21.36	3.49	79.4
3.09	6.9	56.27	22.2	45.39	25.61	3.54	77.95
2.86	7.94	63.05	24.15	49.74	22.46	3.89	56.57
2.84	5.86	63.59	25.17	36.24	20.39	3.37	61.77
3.5	7.46	54.47	22.51	46.18	23.08	3.35	59.63
2.55	7.72	58.18	27.18	33.94	22.61	3.67	54.18
3.26	7.98	58.21	22.6	43.42	23.51	2.7	61.64
3.56	6.52	60.81	21.25	41.92	22.41	3.64	70.25
2.81	7.01	63.37	23.32	49.38	21.8	3.63	63.43
3.66	7.57	61.97	25.53	48.6	23.28	3.94	71.04
2.42	7.3	58.23	22.46	40.36	22.7	3.27	58.95
2.99	6.59	50.89	22.72	38.48	24.85	3.43	51.79
2.96	7.31	61.13	20.3	43.13	23.99	3.99	77.12
3.11	7.12	51.94	23.19	48.04	24.69	3.64	55.59
3.22	8.72	65.43	18.97	43.33	24.39	2.99	60.49
3.37	6.86	58.58	21.8	40.66	21.55	3.44	57.05
2.97	6.19	64.66	23.96	44.75	27.05	2.85	62.73
3.02	6.91	61.91	26.49	42.18	21.69	3.25	67.24
3.61	7.5	61.7	22.15	38.58	24.71	3.59	54.81
2.85	7.06	58.41	22.11	38.87	20.82	3.45	68.23
3.05	7.96	66.44	26.19	38.05	26.09	3.43	70.06
2.83	7.13	66.69	26.25	41.35	24.28	3.64	58.3
3.15	8.41	48.61	20.19	41.4	22.64	3.07	58.9
3.18	6.02	54.44	28.68	44.85	23.69	3.75	58.44
2.78	6.36	70.49	24.42	42.68	21.61	3.03	73
3.03	8.1	62.06	21.27	30.77	25.98	3.36	61.02
3.33	6.31	58.88	24.02	44.25	28.41	2.93	65.59
3.64	7.31	55.52	20.81	45.89	27.27	3.16	59.46
2.75	6.4	64.61	25.05	36.84	22.29	3.58	65.97
3.53	7.47	67.45	28.11	45.78	23.14	3.25	64.21
3.2	6.49	63.52	20.61	44.99	23.54	4.09	58.47
2.78	6.64	58.18	28.11	52.43	24.25	3.84	55.65
3.24	7.12	53.9	23.46	51.87	21.62	3.33	60.53
2.9	6.62	62.45	20.97	37.86	21.72	3.78	54.64
2.81	6.48	47.73	21.12	48.55	23.06	3.68	65.45
3.12	6.35	59.61	25.6	46.17	25.28	3.37	68.76
3.01	7.89	56.67	22.78	39.97	24.53	3.82	65.03
3.42	7.68	66.08	25.6	40.7	24.69	3.48	58.75
3.16	7.61	52.9	21.21	45.54	22.4	2.99	61.93
3.56	7.45	62.98	24.26	50.09	22.58	3.51	69.81
2.77	7.3	62.7	23.03	43.28	29.39	3.77	71.42
2.88	7.08	64.04	20.82	42.58	25.86	3.69	53.62
2.9	7.24	60.21	22.02	42.12	26.31	3.01	63.03
3.08	7.09	64.64	24.81	41.68	22.61	4.04	52.18
2.92	6.73	59.85	25.31	46.25	20.88	3.86	62.86
2.93	8.23	66.88	21.14	45.93	23.54	3.18	65.41
3.32	7.23	54.26	25.89	46.28	22.41	4.04	54.48
2.52	7.86	62.82	20.66	40.61	23.73	2.7	52.1
2.84	7.41	62.81	24.02	39.58	23.62	3.25	68.22
2.84	7.98	56.61	25.65	43.85	24.73	3.63	58.3
2.96	6.33	70.24	24.57	38.91	21.67	2.97	68.22
3.16	5.97	66.33	23.4	38.33	23.75	3.65	60.91
2.81	7.54	55.78	22.99	38.39	23.65	3.06	66.44
2.26	6.31	67.09	26.05	44.02	23.74	3.98	63.54
3.12	7.43	52.29	21.99	48.11	21.63	3.28	57.22
2.71	5.82	52.23	24.61	46.7	20.64	3.05	61.97
3.16	7.61	65.49	25.2	42.24	24.01	3.46	71.05
3.02	7.73	58.28	22.87	46.38	28.06	3.02	60.27
3.2	5.9	63.09	23.72	43.97	26.31	3.4	53.5
3.2	7.18	54.92	21.91	42.58	22.84	3.84	57.75
2.88	7.97	67.44	25.57	44.89	25.27	4.3	55.61
3.01	6.01	68.91	24.25	40.49	20.45	3.13	56.27
2.69	7.17	67.25	25.32	38.94	25.42	2.55	51.94
3.34	7.18	62.89	28.09	50.06	22.24	3.58	63.85
2.78	6.73	61.78	25.77	47.73	21.79	3.33	55.55
2.88	6.22	65.78	20	42.12	23.01	3.62	58.07
3.32	8.2	69.49	24.18	46.7	24.2	3.16	63.14
2.76	6.6	60.74	23.18	43.37	21.43	3.1	54.2
3.05	7.5	61.51	23.86	50.05	24.81	3.41	59.45
3.49	7.09	53.34	24.75	48.6	20.85	2.99	55.94
2.93	6.13	63.93	23.17	42.46	24.45	2.47	49.57
2.61	7.13	58.96	26.73	40.66	22.46	3.05	46.32
3.26	7.63	58.85	20.09	37.1	23.17	3.71	60.22
3.41	6.19	53.68	24.65	40.68	25.1	3.41	63.95
3.11	7.38	58.63	25.41	45.5	18.74	2.96	58.28
2.59	6.91	59.58	27.64	39.21	23.01	3.57	69.62
2.88	6.02	56.33	24.26	43.37	22.79	4.26	62.76
3.28	6.63	55.24	25.91	41.59	23.67	3.68	55.41
3.35	9.16	54.22	21.9	45.73	24.57	3.2	70.05
3.07	6.22	60.06	22.23	46.31	22.99	3.13	61.74
2.86	6.6	66.67	21.67	43.83	23.43	3.15	67.41
2.89	6.63	59.21	24.66	36.88	27.03	3.37	50.62
3.11	7.69	65.29	24.24	38.92	24.86	3.16	63.29
3.02	6.79	63.15	25.04	49.41	21.36	3.29	67.99
3.54	7.44	69.67	24.86	40.47	22.89	3.84	63.29
3.03	8.43	56.79	22.85	47.57	23.99	3.35	64.03
2.78	7.09	60.2	24.51	45.77	27.12	3.25	59.44
3.01	6.54	61.01	27.11	46.22	24.67	3.53	66.33
2.93	7.97	56.41	26.31	36.63	25.65	3.95	56.6
2.69	7.23	61.31	21.98	48.6	18.76	3.01	59.41
2.74	8.7	58.89	21.64	41.26	17.59	3.46	58.04
2.87	7.99	63.72	23.85	44.79	24.24	2.93	73.29
3.43	8.73	61.28	27.78	43.72	27.41	3.72	66.54
3.22	7.37	53.7	25.97	44.17	22.52	3.65	60.85
3.74	8.32	63.19	20.42	49.03	24.03	3.6	62.49
2.94	6.84	57.3	25.79	42.6	24.91	3.24	63.17
3.34	7.14	64.76	26.93	43.49	19.41	2.74	65.35
3.48	8.25	55.26	20.58	41.77	32.64	3.38	57.19
2.91	7.34	58	20.48	38.67	24.36	3.48	61.19
2.73	7.38	58.22	20.93	44.01	24.35	3.62	56.81
2.76	6.43	52.48	25.02	50.37	21.9	3.91	64.98
3.27	7.49	58.45	23.05	43.66	21.61	3.59	58.58
2.84	7.58	63.96	26.36	39.68	24.49	3.83	64.33
3.14	7.15	61.12	25.09	45.31	26.05	2.83	56.7
3.02	5.84	61.63	27.31	45.92	20.69	3.33	55.08
3.28	6.52	59.44	21.73	45.12	19.1	3.22	63.6
2.88	6.43	58	25.11	40.64	24.47	4.14	58.18
2.96	6.65	56.85	22.84	43.36	19.52	3.3	56.56
3.06	6.9	60.3	23.76	38.98	25.64	3.36	62.57
3	6.52	66.98	22.43	46.6	24.14	3.29	63.43
3.15	6.72	62.26	19.54	40.92	25.05	3.02	68.06
2.5	6.87	54.69	22.45	36.95	25.82	3.29	74.71
2.8	7.31	64.57	21.1	41.96	23.03	3.57	59.93
2.68	7.71	64.64	22.97	48.42	29.08	3.19	57.38
2.79	6.57	56.9	23.62	45.27	23.06	3.92	65.15
2.85	8.06	75.37	23.45	41.99	21.46	2.85	58.48
2.62	6.88	59	22.42	38.33	21.8	4.03	57.23
2.61	8.05	66.86	15.71	33.65	22.53	3.16	53.33
2.78	6.46	61.23	23.07	41.99	25.51	3.26	60.94
3.7	7.09	74.19	25.57	37.44	22.79	3.18	56.67
3.59	7.25	64.06	25.83	46.99	25.13	3.61	68.7
3.1	8	58.9	22.89	49.22	23.6	4.03	57.72
2.99	6.92	56.51	25.35	41.12	23.88	3.64	70.73
3.18	7.2	51.83	23.7	45.22	23.88	3.27	64.5
3.03	7.64	69.84	26.6	44.99	24.13	3.64	66.29
2.97	7.92	66.43	20.83	32.97	25.83	3.28	53.4
3.03	7.58	58.26	20.88	41.45	24.48	3.16	61.11
3.03	8.2	65.25	29.35	49.89	25.56	3.22	72.02
2.63	7.01	51.55	23.61	42.28	24.09	3.77	60.88
3.45	8.4	64.9	27.84	41.11	27.11	3.95	58.81
2.8	6.54	55.3	21.99	44.58	21.44	3.44	55.16
3.4	5.86	59.12	23.08	45.93	24.2	3.29	71.22
2.96	5.51	57.94	20.25	39.57	21.91	3.22	65.76
3.3	7.64	70	18.68	46.16	27.65	3.86	67.58
2.98	8.01	60.34	25.78	46.92	26.08	3.3	65.94
3.09	6.39	56.72	21.95	38.02	20.66	3.68	65.09
2.86	6.19	55.57	22.85	43.61	22.38	3.3	53.84
3.05	7.19	54.51	21.09	43.01	25.27	2.85	67.99
2.9	7.11	60.28	22.9	48.28	21.33	3.47	53.08
3.15	7.11	60.06	22.95	45.9	24.97	4.04	51.52
3.5	7.25	69.24	24.75	47.66	21.59	2.78	65.33
2.74	6.74	59.34	24.87	45.15	26.5	3.44	59.48
3.48	7.79	52.82	26.94	45.07	20.68	3.45	58.58
2.86	7.09	73.28	26.2	38.94	23.83	3.68	62.24
3.19	7.59	63.03	26.92	42.43	21.72	4.15	51.77
3.09	6.29	62.72	24.19	42.79	25.76	3.15	72.35
3.27	6.53	63.81	22.45	39.18	24.63	3.36	71.65
2.94	6.29	58.19	25.91	42.02	22.32	3.45	57.16
3.2	6.36	67.2	24.35	49.47	23.29	3.55	66.52
2.69	7.14	63.06	25.15	38.1	22.16	4.21	60.28
2.72	7.61	64.08	25.84	41.32	24.81	3.56	59.22
2.81	7.28	61.26	22.71	47.88	22.36	3.05	62.81
3	7.75	59.32	21.06	42.03	23.91	3.46	57.49
3.37	7.26	62.11	26.93	47.87	19.09	3.37	66.16
3.54	7.06	61.01	27.7	46.73	24.83	3.13	59.77
2.99	7.04	61.57	24.48	48.05	21.98	4.01	63.99
3.01	6.86	57.91	20.77	35.79	19.94	3.41	62.71
3.39	8.13	69.2	23.16	53.43	26.75	3.12	68.4
2.29	6.12	61.83	24.87	43.31	22.52	3.46	57.55
2.54	5.92	63.27	23.02	42.75	19.44	3.2	57.49
3.14	8.08	62.49	25.8	38	21.6	3.51	71.16
2.58	6.35	53.87	24.62	38.78	20.92	3.17	59.11
2.54	7.38	63.56	22.78	47.39	22.71	2.69	53.1
3.39	7.56	58.4	27.39	44.55	22.69	2.92	57.78
4.01	6.5	63.97	21.47	32.7	23.83	3.92	69.73
3.3	6.36	57.56	22.24	50.76	22.57	3.28	59.42
2.98	6.39	57.7	27.4	45.15	20.51	3.18	57.75
2.69	6.46	58.04	26.77	44.37	21.47	3.75	57.41
2.59	6.93	69.73	25.26	50.7	21.95	3.23	69.15
3.05	6.74	66.73	21.37	44.13	20.23	2.78	61.51
3.11	9.47	62.01	25.45	45.19	24.39	3.64	61.39
3.13	7.93	58.51	23.96	47.79	20.96	3.39	52.44
3.22	6.9	56.37	22.2	41.26	23.15	3.41	60.3
3.42	5.48	55.28	21.54	41.8	22.35	3.97	62.46
3.77	8.19	57.06	23.11	39.45	25.34	3.62	61
3.08	7.55	46.55	23.5	48.33	23.7	3.08	59.66
3.13	7.23	63.42	20.66	32.89	27.3	3.33	73
3.16	7.63	68.78	27.12	43.16	18.86	2.74	50.7
3.27	5.94	51.38	24.74	42.48	20.53	3.72	58.14
2.97	8.05	58.06	24.49	41.13	23.87	3.88	52.81
2.99	5.76	52.61	24.91	40.8	27.12	3.07	69.02
3.42	7.43	50.34	25.59	40.34	22.05	2.92	51.62
3.24	7.84	71.35	22.31	42.93	25.25	3.27	51.19
2.9	8.03	60.69	26.28	39.89	22.87	3.75	73.53
2.58	7.48	55.9	25.26	46.7	25.06	3.01	57.63
2.89	7.97	59.91	23.65	49.66	23.59	3.36	56.61
3.12	7.92	56.99	24.85	40.88	27.83	3.4	58.62
2.96	6.61	55.67	22.74	47.79	23.28	4.07	63.53
2.66	6.59	68.55	26.59	45.94	19.85	3.01	48.38
2.72	5.74	51.81	22.62	33.52	27.91	3.51	49.61
2.71	6.71	68.26	25.97	46.95	20.6	3.57	52.28
3.05	6.08	59.2	26.01	48.12	24.36	3.53	62.22
3.65	7.22	58.44	22.71	42.88	23.27	3.35	55.08
3.03	7.21	58.71	24.04	45.49	24.5	3.36	64.06
2.99	7.31	56.33	25.98	46.56	21	3.66	52.19
3.54	8.61	61.02	26.76	39.82	27.19	3.69	71.31
3.37	7.91	62.22	22.52	40.64	27.11	4.02	72.5
2.8	7.49	58.28	22.76	43.63	23.21	3.26	67.05
2.48	7.5	50.6	26.45	39.03	23.01	3.38	61.16
3.26	6.03	64.51	23.71	45.25	29.91	3.47	52.19
3.39	6.54	53.49	20.99	41.98	24.51	3.5	61.34
3.19	7.45	58.81	22.78	47.96	29.38	3.2	60.5
3.06	6.84	62.04	23.25	42.94	26.7	3.9	52.81
3.17	7.46	65.59	21.52	44.13	24.94	3.92	67.56
3.2	7.73	58.13	23.65	42.29	24.5	3.27	58.49
3.29	7.2	63.65	23	41.43	24.24	3.02	46.64
3.06	7.04	61.19	23.77	43.21	19.83	3.02	62.87
2.93	8.18	58.6	22.45	45.88	27.74	3.21	48.54
3.21	6.38	63.08	26.17	45.13	20.14	2.93	66.01
2.78	6.27	62.11	26.39	34.31	26.37	3.3	55.27
3.36	5.95	61.86	24	49.84	25.37	4.04	51.89
2.91	7.29	63.89	19.19	36.9	20.2	3.65	63.88
2.88	6.41	65.03	25.7	44.62	20.81	3.43	60.07
2.69	6.44	70.35	24.5	38.43	22.82	4.07	63.99
2.83	7.95	60.35	19.93	35.35	23.19	4.05	59.15
2.74	8.63	63	30.07	49.96	20.23	3.53	66.96
3.05	6.76	59.1	24.01	44.4	23.69	3.66	63.82
2.71	7.62	73.34	22.65	39.66	20.22	3.05	69.48
2.99	7.07	61.71	24.59	43.32	23.7	3.43	59.78
2.51	7.51	55.83	24.03	40.95	23.44	3.27	71.55
2.5	7.37	59.14	25.64	44.06	22.93	3.69	66.78
2.48	8.58	66.58	22.59	52.82	20.31	3.74	60.61
3.15	7.06	61.79	25.71	46.42	22.09	3.37	65.26
3.38	7.53	61.93	22.71	31.82	19.61	3.08	63.34
3.09	6.83	54.69	20.35	39.1	22.05	3.04	52.21
2.69	6.3	45.53	21.63	43.28	21.25	3.62	68.55
2.86	6.39	58.03	24.11	40.8	22.05	3.74	67.56
3.51	7.84	51.32	29.83	36.49	26.6	3.05	52.79
3.02	7.56	61.39	28.82	46.62	23.7	3.26	62.52
2.98	6.6	53.66	25.41	46.16	19.34	3.51	66.6
2.42	7.56	59.16	24.94	36.46	22.67	3.02	70.5
2.77	7.44	55.55	26.06	51.03	25.29	3.48	52.72
3.03	6.38	55.42	26.73	36	21.45	3.11	65.95
3.03	8.57	60.53	24.2	38	24.36	3.25	58.02
3.39	6.74	59.92	26.13	49.12	23.6	3.47	69.57
3.2	6.42	54.61	22.78	44.21	26.29	3.33	56.96
2.89	6.59	51.87	26.3	46.97	23.74	3.34	60.08
2.96	6.73	65.59	28.91	44.52	23.98	3.51	73.58
3.14	7.45	58.08	24.42	43.78	22.95	3.58	54.73
3.2	6.9	61.72	28.21	41.87	21.32	3.07	50.15
3.25	8.42	66.46	23.01	42.55	27.53	3.2	65.26
3.02	8	59.89	23.19	34.32	22.21	3.1	70.77
3.15	7.88	63.41	21.59	43.06	24.13	3.33	60.06
3.24	7.43	66.33	23.49	41.02	22.48	3.07	61.23
2.76	8.71	50.15	22	41.83	24.91	3.31	49.1
2.89	7.9	65.59	28.57	43.21	25.99	3.17	56.19
3.44	6.74	62	23.88	43.8	25.3	4.03	58.47
2.73	7.26	57.04	23.34	41.75	25.04	4.11	58.09
2.65	6.7	53.49	23.2	47.87	20.07	3.46	66.77
3.42	6.62	60.17	23.7	41.74	28.52	3	69.13
2.85	6.82	58.75	22.26	36.69	23	3.6	59.09
3.11	6.83	46.9	21.25	40.26	24.14	3.63	63.96
3.4	6.22	48.72	23.62	39.23	20.59	3.7	58.88
3.39	7.27	75.5	18.43	47.58	29.2	3.63	59.75
3.08	7.75	52.13	27.82	39.51	24.12	2.82	70.25
2.6	6.73	64.03	21.44	37.89	23.2	3.56	63.47
3.48	6.3	58.27	29.04	46.62	24.67	3.88	68.23
3.54	6.44	55.39	21.52	46.25	25.65	3.31	54.22
3.26	7.27	56.2	28.31	44.16	21.6	3.03	62.93
3.32	7.48	62.67	21.8	37.08	25.13	3.76	63.4
2.75	7.25	55.8	24.33	44.44	23.15	3.14	53.89
2.55	7.78	63.72	24.94	43.77	22.42	2.86	48.83
2.99	9.06	57.16	25.59	42.38	25.03	3.89	62.52
2.79	5.68	65.08	22.55	46.98	24.44	4.05	60.1
2.92	6.84	60.59	23.31	54.15	26.51	3.8	55.49
2.82	7.08	60.27	25.32	42.66	28	3.67	56.32
3.19	5.69	71.42	24.09	45.67	22.22	3.03	56.89
3	7.31	52.74	24.26	38.57	22.64	3.79	56.39
3.27	7.33	62.74	24.87	36.87	22.74	3.24	52.32
2.81	7.13	53.93	23.32	40.9	25.16	4.29	52.92
2.97	7.76	54.49	19.92	41.78	17.7	3.17	73.37
3.23	6.68	64.43	23.18	40.04	22.26	3.17	79.47
3.06	8	56.62	23.71	36.96	24.46	3.56	63.82
2.97	5.49	59.16	25.94	44.75	22.53	3.66	60.71
3.07	7.42	70.48	21.54	41.66	19.63	3.57	51.25
3.03	7.49	60.77	25.45	48.18	25.46	4.11	70.25
2.82	7.87	54.5	24.07	46.7	22.23	3.13	54.75
2.61	7.36	64.29	23.27	41.48	23.96	3.04	47.84
3.86	5.94	55.41	25.84	49.28	23.21	3.02	63.25
2.65	8.19	62.5	19.21	40.99	18.36	3.03	58.82
3.23	8.1	59.23	25.99	36.55	21.07	4.45	67.57
3.04	6.87	61.94	24.08	38.09	22.68	3.37	61.78
3.19	6.09	56.04	24.35	48.96	20.87	3.02	59.28
3.07	6.66	75.75	25.72	33.79	25.21	3.32	60.25
3.37	7.42	56.6	26.07	40.04	27.27	3.66	63.29
3.07	6.38	58.1	24.65	41.26	21.96	3.93	57.83
3	6.19	64.14	22.31	43.66	25.62	2.88	61.85
3.21	7.16	57.65	21.58	39.34	22.97	3.6	64.73
2.88	8.27	66.35	24.89	39.54	20.93	3.77	61.05
3	6.9	62.59	20.75	45.15	24.27	3.78	68.67
3.46	7.84	55.24	23.73	36.59	21.8	3.47	55.18
3.02	7.21	54.84	19.86	45.93	23.05	3.57	53.41
3.09	7.5	56.35	18.69	41.73	26.58	3.76	68.37
2.95	6.65	58.01	24.24	46.47	22.83	3.65	54.58
3.44	6.67	62.25	24.44	52.2	22.11	3.11	54.95
3.15	9.04	62.57	23.42	45.15	23.05	3.14	73.24
2.39	6.58	58.98	20.66	44.58	27.7	3.05	54.8
2.76	8.22	56.75	23.91	41.42	22.31	3.35	54.48
3.17	7.73	63.18	23.02	48.35	24.68	3.54	59.52
2.89	6.79	75.05	19.23	50.62	24.63	4.06	62.94
2.77	7.4	61.22	25.27	41.67	24.32	3.38	54.53
3.48	7.3	54.52	23.75	42.61	25.29	3.8	62.22
2.8	6.76	56.53	22.04	46.12	20.52	3.76	60.78
2.58	7.68	52.3	20.91	41.16	24.27	3.34	60.82
2.89	6.56	60.08	27.59	45.99	26.49	3.29	61.16
2.92	8.3	60.71	21.79	45.05	24.03	3.07	65.27
2.6	6.78	56.34	23.26	46.68	23.16	4.07	66.17
2.94	7.45	64.47	24.79	48.25	21.56	3.3	66.24
3.39	7.87	64.22	27.59	38.63	24.62	3.18	53.36
2.83	6.3	59.96	19.04	48.96	19.74	3.95	60.54
3.12	6.82	55.23	28.61	41.31	23.56	3.55	59.83
3.38	6.18	46.5	26.15	40.34	22.1	3.45	62.78
3.03	7.11	47.08	20.58	42.2	21.91	3.44	61.78
3.19	6.65	60.78	21.11	40.45	27.39	3.07	57.68
2.83	8.09	53.26	21.01	41.99	25.61	3.34	59.89
2.9	7.19	52.61	18.95	48.16	23.36	3.31	64.94
3.05	6.51	63.77	19.7	45.37	21.71	3.14	55.41
2.75	7.83	57.19	25.37	42.67	18.66	3.27	61.37
3.18	6.63	62.73	23.57	47.3	20.76	3.49	58.49
3.2	6.6	54.12	20.65	41.66	24.21	2.98	61.87
3.1	7.55	60.56	26.03	54.1	21.63	3.56	57.78
3.6	7.73	60.17	21.38	45.13	20.7	3.8	62.92
2.41	7.7	52.85	23.2	43.62	29.3	3.78	63.66
3.14	6.81	73.25	22.82	40.92	24.02	3.31	54.48
3.12	6.85	54.46	21.53	38.71	21.95	3.31	69.16
3.18	6.17	63.88	27.04	44.25	23.64	3.48	59.72
2.96	7.72	62.14	23.15	53.21	18.13	3.89	67.42
2.79	6.49	52.52	21.07	39.51	21.8	3.72	61.02
3.54	7.61	52.2	25.21	43.49	22.79	3	55.09
2.96	6.12	62.56	25.96	44.72	25.18	2.55	58.04
2.83	8.04	59.61	24.14	38.51	22.43	3.54	61.59
3.07	6.97	54.88	24.49	38.51	20.53	3.85	62.57
2.87	6.83	64.19	22.16	41.09	26.68	3.55	71.76
2.63	6.82	56.78	26.01	47.77	26.13	3.43	63.69
2.96	7.37	67.3	21.77	40.04	20.98	3.54	62.29
2.53	8.46	72.41	22.21	43.89	19.13	2.9	63.65
3.52	7.63	70.9	22.18	42.19	20.41	3.58	66.19
3.09	7.51	50.71	22.53	45.43	21.71	3.42	59.48
2.89	6.93	66.77	25.31	48.49	18.48	3.54	63.73
3.73	6.94	57.54	22.06	44.93	21.9	3.27	56.02
3.57	6.74	51.59	25.69	45.74	24.55	3.84	56.26
3.35	7.12	67.16	21.99	44.79	25.84	3.2	54.57
2.67	6.79	59.08	23.75	48.67	24.63	3.29	54.51
3.29	8.21	67	22.83	43.05	26	3.35	59.63
2.76	7.35	72.19	26.43	39.16	20.5	3.16	62.85
2.98	7.69	61.85	20.46	38.61	24.48	3.46	62.66
3.35	6.85	68.13	24.59	42.69	24.32	3.27	60.4
2.88	7.12	52.42	23.1	36.84	22.06	3.45	60.31
3.23	7.52	58.23	23.26	45.63	29.25	3.41	60.75
2.8	6.7	62.46	23.53	33.62	21.33	2.9	63.29
3.12	7.25	71.41	23.76	38.6	24.8	2.92	47.63
3.26	7.65	70.09	24.74	50.42	26.17	3.63	63.26
2.89	6.98	60.28	24.92	40.17	25.68	3.37	63.93
3	6.77	57.2	24.38	43.14	24.7	3.79	67.06
3.1	6.68	66.7	22	40.97	22.84	3.19	72.04
2.28	6.14	64.81	23.02	47.11	22.48	3.4	57.95
3.24	6.39	59.01	22.09	41.61	23.14	3.04	54.56
3.36	6.67	57.89	22.08	47.94	22.49	3.3	64.49
2.98	7.54	56.88	20	40.23	24.52	3.33	67.21
2.92	6.96	70.71	22.38	41.16	23.42	3.59	62.83
2.61	6.56	60.06	19.26	43.84	26.09	3.87	62.83
3.1	8.02	60.45	27.63	49.06	21.89	3.52	61.98
3.21	7.76	60.61	27.49	40.8	19.7	3.61	60.37
3.48	7.78	56.62	24.41	47.4	24.23	3.49	60.39
2.74	7.92	58.83	23.11	42.78	27.48	3.53	61.89
2.93	6.46	67.75	21.83	43.78	20.31	3.39	66.18
3.12	8.97	59.72	22.97	48.18	22.38	3.03	58.56
3.19	7.72	52.32	20.54	45.22	23.6	3.24	64.3
3.31	7.15	66.04	18.52	40.75	26.56	2.75	52.3
2.91	6.45	72.79	24.77	46.77	26.82	3.28	56.71
3.29	7.48	54.23	25.98	43.57	22.75	3.12	58.79
3.69	7.7	63.4	25	45.3	25.55	3.07	79.34
2.97	7.14	58.8	22.03	40.88	22.74	3.36	58.31
3.41	7.3	52.88	19.43	40.3	18.6	3.48	59.94
2.96	6.52	58.53	24.07	49.96	22.64	2.73	49.64
3.21	7.05	69.2	25.1	42.3	20.07	3.82	73.09
2.65	7.52	68.18	22.2	40.24	20.3	3.6	72.94
3.15	7.8	59.15	25.12	50.98	25.05	4.12	58.46
2.63	7.18	54.97	25.91	46.73	20.06	3.2	46.8
3.38	8.24	62.37	26.21	38.86	23.1	3.83	58.21
3.04	7.75	60.27	22.48	45	24.86	3.09	59.9
2.53	7.07	57.68	22.01	43.35	21.3	3.84	73.48
3.08	7.66	52.52	25	46.32	20.88	3.27	64.06
3.44	7.12	61.77	20.5	40.46	25.49	3.54	47.36
2.82	6.11	70.48	21.82	41.65	19.13	3.73	59.16
3.46	7.1	66.01	23.86	38.78	22.04	3.24	64.3
3.87	6.87	71.63	20.08	46.32	19.34	3.77	75.48
2.71	7.27	56.91	22.33	39.76	23.01	3.19	62.04
3	5.74	58.25	26.68	46.41	20.81	3.41	50.05
3.16	7.42	53.09	25.89	43.84	22.66	4.05	61.44
3.72	7.28	76.03	25.24	40.99	22.08	3.74	61.92
2.64	8.21	61.69	24.88	46.81	22.74	3.12	51.65
3.05	6.92	69.93	25.26	37.7	23.85	3.78	58.65
2.89	7.7	60.94	24.76	38.37	24.44	3.81	66.98
2.66	7.13	55.03	21.1	44.95	23.94	3.52	65.56
3.02	6.66	56.08	26.75	45.99	24.65	3.32	66.88
3.46	6.72	68.13	23.29	44.92	22.73	3.72	62.81
3.19	7.45	48.49	21.85	38.82	25.52	3.52	59.4
2.74	6.87	62.56	26.73	43.92	20.77	2.96	62.2
2.82	6.55	51.93	24.98	46.57	22.49	3.72	60.28
3.21	5.3	70.57	22.15	43.36	21.78	4.02	70.76
3.02	8.32	60.8	22.88	41.61	25.86	3.69	60.84
2.81	7.04	50.6	23.03	46.14	24.45	3.03	57.55
3.43	6.84	53.08	24.74	39.55	20.52	3.13	49.88
3.23	6.62	72.22	19.84	46.68	23.9	3.48	60.33
2.92	6.62	56.14	25.1	44.19	24.79	3.26	52.28
3.31	5.76	63.1	19.04	42.36	26.06	3.26	60.77
3.28	6.55	67.3	24.86	42.9	24.87	2.93	78.08
3.37	7.78	61.84	25.12	46.41	25.7	3.33	63.83
2.68	6.82	57.71	19	45.42	20.5	3.61	64.34
3.11	7.27	49.55	24.35	45.51	21.48	3.73	78.99
3.5	7.09	65.42	21.35	41.56	24.68	3.67	58.24
3	6.84	61.01	26.62	34.88	22.83	3.16	65.61
2.95	8.65	50.6	24.3	46.7	22.43	3.68	67.02
3.08	7.99	60.72	22.48	39.8	26.81	4.1	55.64
3.76	6.51	63.22	23.75	40.31	19.85	3.41	61.71
3.04	7.19	56.43	20.35	46.38	22.41	4.15	64.23
2.88	7.28	65.83	27.21	41.49	25.05	3.41	59.87
2.69	6.88	52.85	21.26	49.31	22.84	3.24	61.54
3.07	7.82	54.3	22.32	48.42	20.01	3.05	52.6
3.15	6.89	67.69	23.96	49.4	22.38	3.93	60.63
3.25	7.95	56.28	22.32	40.59	24.78	3.73	64.99
2.56	6.43	56.16	23.51	41.63	23.22	3.14	69.47
2.86	5.9	57.55	22.85	46.03	20.72	3.64	65.28
2.54	6.58	69.99	21.6	51.02	28.77	3.35	67.71
2.95	7.11	64.51	20.79	43.01	28.15	3.66	63.54
3.3	8	56.13	22.1	39.81	19.06	3.76	67.96
3.32	6.96	62.92	20.67	40.12	24.54	3.44	52.13
2.84	6.83	58.86	21.04	47.05	21.11	3.12	57.28
3.55	6.62	68.51	27.05	44.67	24.41	3.48	55.16
