27.82	5.47	2.3	8.07	48.99	80.66	89.33	1.41
28.84	5.25	2.34	10.09	49.05	72.11	77.18	1.6
27.51	5.2	2.42	10.97	51.03	95.32	100.5	1.54
37.8	5.77	2.69	10.94	51.12	69.64	91.78	1.24
23.45	5.8	2.21	9.99	50.1	94.76	73.68	1.52
32.9	6.2	2.25	10.5	44.22	74.49	86.58	1.5
23.93	5.96	2.11	9.84	54.71	66.44	99.03	1.61
29.15	6.17	1.94	9.02	46.41	91.5	103.98	1.45
30.92	5.84	2.33	11.76	47.46	103	93.75	1.34
31.35	6.17	2.51	9.75	55.45	94.17	101.27	1.39
30.33	5.84	2.22	9.65	43.5	86.18	79.41	1.31
29.16	6.49	2.19	10.72	47.39	76.28	73.92	1.46
30.34	5.08	2.22	11.32	47.96	80.24	89.16	1.29
34.17	5.57	2.15	10.13	49.53	82.2	77.62	1.71
28.22	5.52	2.17	10.83	48.84	78.12	77.33	1.29
28.16	6.19	2.65	11.92	54.11	83.59	95.96	1.28
29.07	5.66	2.36	9.83	52.42	79.22	88.07	1.33
27.59	4.82	2.89	9.53	47.26	76.47	100.29	1.43
25.62	5.13	2.66	9.53	48.5	89.31	65.2	1.43
28.21	5.47	2.89	11.58	57.01	70.87	83.31	1.42
28.21	6.06	2.13	11.44	49.72	86.81	86.68	1.48
29.67	5.04	2.47	8.75	60.22	68.57	99.63	1.21
34.34	5.05	2.38	9.84	59.68	70.43	92.73	1.44
31.11	4.97	2.32	9.68	56.3	94.9	109.62	1.5
29.36	6.12	2.33	12.75	53.03	77.7	85.61	1.63
31.55	5.62	2.54	10.06	49.73	73.95	86.65	1.39
33.88	6.07	1.76	11.97	50.5	77.6	90.39	1.26
31.27	5.79	2.46	10.86	53.82	78.36	79.77	1.18
30.74	4.66	2.99	10.37	64.64	83.61	87.3	1.42
30.35	5.12	2.23	12.17	49.61	75.76	87.73	1.62
28.81	5.51	2.21	11.35	50.26	74.45	78.12	1.29
30.43	5.67	2.16	12.27	59.33	78.39	90.06	1.48
32.86	5.22	2.74	9.76	48.43	100.04	77.37	1.63
32.9	4.96	2.42	10.87	52.77	84.98	99.48	1.36
35.2	6.86	2.47	10.65	54.53	81.82	93.37	1.57
31.58	6.39	2.49	8.63	49.77	80.61	79.69	1.69
32.03	5.59	2.53	9.43	50.68	70.51	103.81	1.1
26.17	4.86	2.33	10.82	48.74	73.73	87.88	1.47
31.25	5.73	2.48	8.41	60.37	87.36	97.23	1.38
28.16	6.72	2.41	8.84	55.95	91.41	81.76	1.43
25.78	5.69	2.58	10.47	46.5	83.56	82.92	1.35
27.66	6.21	2.33	13.05	57.52	77.04	90.44	1.48
30.66	5.57	2.26	10.39	48.4	86.62	103.59	1.41
29.29	5.38	2.17	10.88	52.66	79.35	89.23	1.41
34.14	6.69	1.8	10.02	48.01	80.97	90.12	1.71
31.2	4.94	2.4	9.82	46.3	86.79	72.1	1.37
29.39	4.45	2.35	9.71	46.95	75.56	97.99	1.46
27.8	5.96	2.44	10.17	48.91	80.55	68.6	1.31
30.15	6.18	2.63	11	56.43	85.84	85.53	1.33
29.84	5.76	2.76	9.46	40.82	83.03	82.41	1.64
30.51	5.39	2.33	10.25	46.26	79.24	72.4	1.46
29.21	6.18	2.4	8.62	42.49	60.72	83.84	1.43
29.91	5.02	2.58	11.64	48.21	85.42	77.49	1.57
28.3	6.59	2.48	10.67	52.78	77.29	77.37	1.57
29.21	6.08	2.25	11.43	52.95	82.31	80.22	1.23
30.73	5.99	2.24	11.18	45.17	88.18	100.31	1.25
32.67	4.83	2.3	8.58	43.89	79.16	88.73	1.47
28.97	6.17	2.23	11.56	51.39	79.24	78.71	1.4
29.56	5.53	2.57	10.91	53.99	74.56	89.06	1.34
33.58	5.85	2.22	11.65	53.84	80.35	79.78	1.44
29.88	5.69	2.58	10.52	55.78	93.57	90.53	1.27
31.98	5.83	2.38	9.46	52.27	89.62	80.21	1.1
27.22	6.13	2.8	9.54	54.53	100.28	92.74	1.46
25.77	5.57	2.4	10.74	40.49	79.7	102.69	1.52
31.07	5.05	2.91	9.31	62.19	88.72	83.31	1.55
30	5.64	2.45	8.22	55.49	94.64	99.48	1.57
27.45	6.18	2.67	10.42	50.35	89.58	98.87	1.49
30.65	5.83	2.09	10.29	49.48	79.95	82.23	1.4
28.8	5.35	2.61	12.17	54.62	73.47	103.54	1.42
25.93	6.04	2.24	11	48.61	94.13	89.56	1.43
29.09	6.65	2.64	12.98	55.95	68.52	82.84	1.45
31.51	5.05	2.1	11.23	56.16	87.59	79.97	1.32
31.94	6.63	2.82	10.93	46.68	81.42	90.54	1.74
26.01	5.64	2.27	11.77	46.33	90.32	94.83	1.37
32.13	6.43	2.46	10.73	55.05	83.94	81.17	1.34
26.9	6.46	1.95	12.09	48.98	73.8	95.98	1.59
33.83	6.35	2.8	10.19	49.45	80.18	93.83	1.19
27.3	5.79	2.29	9.19	54.82	84.38	74.97	1.34
26.44	4.97	2.32	10.22	51.26	84.03	104.04	1.67
33.87	6.02	2.3	11.61	48.48	75.11	87.14	1.41
29.44	6.6	3	11.1	48.28	73.04	102.02	1.45
34.83	6.63	2.27	9.54	50.46	75.69	80.26	1.51
32.35	5.71	2.66	11.71	51.12	91	74.25	1.5
33.36	5.64	1.97	12.79	63.62	76.73	81.98	1.33
27.55	6.61	2.27	11.93	50.97	77.45	89.63	1.37
31.58	5.37	3.03	10.22	49.21	64.41	79.38	1.36
29.34	6.45	2.25	9.88	46.05	96.2	82.1	1.23
30.85	7.79	2.35	9.62	44.2	84.28	88.2	1.23
29.61	6.12	2.84	10.25	56.25	77.73	81.9	1.26
27.66	6.12	2.22	11.95	44.38	81.25	75.56	1.58
33.02	5.88	2.81	8.71	46.18	77.01	80.28	1.53
33.64	6.14	2.65	10.89	56.44	95.45	75.68	1.3
30.29	5.32	2.77	14.56	58.82	78.42	77.86	1.41
26.99	5.45	2.07	11.43	45.34	94.63	101.38	1.59
34.65	6.17	2.55	10.79	54.74	75.74	84.19	1.32
25.54	4.75	2.43	10.62	57.85	76.21	100.44	1.55
32.26	4.63	2.52	9.8	52.57	95.6	83.45	1.55
23.37	6.08	2.4	8.56	55.54	87.52	91.03	1.29
33.26	6.63	3.19	10.59	49.17	94.4	76	1.3
29.26	5.31	2.26	9.48	48.11	88.87	94.53	1.43
35.24	6.3	2.39	11.02	44.2	70.67	90.12	1.45
27.69	6.3	2.15	9.4	55.56	77.54	90.57	1.45
29.33	6.82	2.95	8.76	52.3	93.24	87.88	1.53
30.17	5.79	2.73	10.92	54.49	71.46	94.29	1.32
33.72	6.13	2.44	9.56	49.73	74.49	80.97	1.46
29.85	5.71	2.9	11.05	54.33	79.32	82.4	1.46
29.98	5.62	2.67	10.2	55.19	74.02	81.95	1.51
36.39	4.88	3.08	9.15	48.5	86.39	90.83	1.27
42.46	6.35	3.05	9.83	55.09	80.17	86.34	1.46
31.13	5.72	2.35	10.69	52.46	78.8	79.15	1.47
35.09	5.6	2.3	10.91	47.32	97.68	103.34	1.35
25.56	5.64	2.49	10.11	44.58	88.86	95.79	1.38
31.19	5.65	2.02	10.57	48.72	74.88	97.29	1.42
28.53	5.79	2.53	9.89	48.92	99.31	95.48	1.46
30.47	5.89	2.78	9.68	51.87	78.7	87.35	1.34
33.57	5.63	2.31	12.02	44.76	81.8	87.47	1.38
30.04	6.63	2.55	10.15	52.47	80.35	78.89	1.4
28.39	5.48	2.33	11.71	48.31	79.23	92.41	1.34
32.85	5.89	2.84	10.74	51.65	76.19	81.11	1.26
27.69	6.98	2.91	9.99	47.75	76.65	86.32	1.35
28.7	5.24	2.42	10.89	49.36	91.42	68.65	1.46
30.08	5.89	2.77	12.56	55.31	85.16	72.68	1.53
27.5	5.15	2.84	9.71	41.66	86.78	83.03	1.35
30.33	4.91	2.38	8.94	51.94	74.97	90.1	1.45
36.46	5.53	2.09	9.44	53.43	68.27	78.69	1.38
24.63	5.2	2.42	12.42	42.07	88.08	91.74	1.27
32.58	5.71	2.54	10.45	62.15	77.04	101.1	1.49
24.78	5.79	2.45	8.73	54.82	83.78	85.14	1.43
30.39	5.89	2.2	10.45	50.23	90.5	87.85	1.62
32.08	6.38	2.49	10.64	50.02	82.91	88.6	1.29
29.47	6.05	2.46	10.65	47.91	75.9	74.8	1.46
29.9	6.44	2.85	10.6	55.7	97.57	85.79	1.66
29.11	5.62	2.91	8.87	44.14	79.88	88.28	1.51
29.93	6.2	1.91	10.09	48.49	82.18	78.82	1.51
29.2	5.41	2.27	11.74	43.2	73.25	76.91	1.35
32.14	5.88	2.29	9.3	45.11	82.91	104.4	1.55
32.37	5.86	2.39	11.29	42.96	92.41	87.95	1.57
29.98	6.84	2.61	9.9	45.63	76.97	90.96	1.42
30.09	5.76	2.31	8.87	46.45	71.27	71.11	1.61
30.33	6.18	2.08	9.63	53.75	74.27	93.41	1.7
27.96	5.53	2.21	11.27	48.15	83.85	77	1.37
34.45	5.8	2.1	12.27	52.69	77.78	78.88	1.38
27.74	6.92	2.42	9.88	56.51	72.44	79.79	1.58
29.4	5.47	2.3	9.18	56.37	86.37	72.22	1.58
30.11	6	2.16	11.82	46.54	70.88	79.13	1.49
32.29	6.49	2.45	10.19	53.64	91.38	90.68	1.27
32.94	6.26	2.59	12.4	49.21	89.71	73.81	1.46
29.7	6.53	2.24	10.13	53.94	81.37	84.05	1.35
27.33	5.08	2.01	9.5	58.07	92.77	84.65	1.62
26.58	6	2.15	13.62	54.68	85.56	93.04	1.6
33.05	5.05	2.31	10.15	52.86	78.2	78.51	1.55
30.67	6.02	2.65	10.78	44.82	86.34	91.05	1.45
32.51	5.42	2.91	12.25	55.12	77.19	97.32	1.44
29.67	6.06	2.49	11.04	50.75	75.43	88.9	1.52
28.68	5.91	2.46	11.47	45.75	93.41	91.09	1.49
29.6	4.82	2.54	9.77	51.75	84.22	95.6	1.67
25.29	5.51	2.31	10.08	56.47	75.39	82.01	1.35
28.21	5.59	2.06	10.39	56.62	77.09	77.28	1.31
29.68	6.21	2.39	9.52	49.92	81.69	86.07	1.66
31.66	6.12	2.33	10.84	47.17	82.35	83.42	1.23
29.33	5.78	3.19	12.4	46.89	75.64	79.23	1.26
26.27	5.22	2.41	10.96	50.29	81.88	96.93	1.34
26.48	6.06	2.13	9.16	45.28	84.54	108.26	1.47
28.14	4.79	2.33	10.17	65.82	83.13	88.23	1.54
32.27	7.19	2.33	13.26	50	89.99	86.47	1.51
27.6	6.21	2.71	9.03	46.81	75.87	94.72	1.35
31.54	5.76	2.55	8.98	59.45	83.03	93.61	1.33
35.12	6.06	2.76	10.11	55.69	67.89	77.59	1.57
33.22	6.07	2.3	10.72	55.73	84.77	80.39	1.49
27.69	5.9	2.6	10.55	42.93	73.92	79.53	1.52
28.31	5.82	2.74	9.88	50.51	75.73	73.29	1.53
32.19	4.33	2.23	11.27	49.3	88.52	102.68	1.39
24.47	5.2	2.86	11.02	52	80.61	83.73	1.73
26.14	6.19	2.86	9.63	47.06	83.74	81.14	1.57
31.1	6.12	2.34	8.59	46.88	69.91	86.23	1.4
26.94	6.04	2.27	12.33	53.87	81.73	79.48	1.32
35.9	6.06	2.69	10.24	59.19	70.13	84.31	1.48
32.65	5.58	2.61	9.63	49.13	81.03	100.08	1.45
27.8	5.56	2.59	10.29	52.14	80.75	81.56	1.43
29.18	5.67	2.28	10.29	50.69	75.26	84.2	1.42
31.22	5.22	1.9	10.57	41.24	72.62	85.22	1.59
28.5	6.16	2.25	12.36	55.04	69.2	94.57	1.3
30.7	4.82	2.26	10.65	49.63	89.6	78.52	1.9
30.35	5.49	2.58	12.48	48.04	82.44	104.05	1.38
30.95	5.99	2.91	10.46	51.47	79.98	87.52	1.61
27.88	5.48	3.02	10.55	43.61	82.77	90.09	1.52
28.18	6.68	2.44	10.25	53.55	74.57	74.3	1.19
30.24	4.71	2.66	10.02	50.11	85.98	94.37	1.61
29.73	6.67	2.7	12.1	47.02	69.61	76.88	1.31
26.91	4.81	2.02	11.75	50.79	80.01	81.4	1.62
28.19	5.73	2.38	10.99	45.82	91.6	107.67	1.34
30.68	6.99	2.75	10.06	52.25	69.57	87.35	1.4
30.48	4.73	2.32	9.6	53.19	72.21	84.67	1.33
33.52	5.72	2.52	12.22	51.82	77.59	83.44	1.26
28.45	5.71	2.46	10.5	55.63	73.02	79.6	1.46
30.79	5.59	2.37	10.57	48.41	77.43	84.34	1.45
30.65	5.45	2.19	9.6	54.96	77.77	91.52	1.7
31.34	5.91	2.43	10.04	49.19	77.36	84.18	1.72
32.97	5.15	2.13	11.76	47.41	73.15	86.42	1.49
29.96	5.18	2.55	10.28	56.92	92.02	80.08	1.45
29.29	5.85	2.59	10.85	47	96.61	81.95	1.45
38.95	6.54	2.33	11.08	39.07	98.22	93.05	1.52
29.92	6.22	2.33	10.69	50.1	79.94	91.23	1.37
30.76	6.14	2.61	8.56	52.13	87.09	82.81	1.42
37.39	5.79	2.29	11.37	48.56	75.61	93.65	1.49
29.1	6.09	2.24	10.02	52.15	78.55	92.84	1.58
36.46	5.32	2.16	12.68	49.38	78.44	77.96	1.56
33.13	5.58	2.63	11.13	54.64	71.7	84.8	1.55
29.13	5.21	2.15	11.57	50.97	62.87	78.39	1.51
28.86	6.17	3.04	8.65	37.69	88.63	85.27	1.56
31.66	6.6	2.32	10.06	51.99	80.63	99.39	1.32
32.45	5.98	2.72	11.23	58.6	94.35	69.07	1.33
30.53	5.3	2.1	12.17	50.98	75.9	95.47	1.25
32.94	5.46	2.79	9.17	57.67	82.06	83.7	1.44
29.44	5.25	2.22	11.12	56.66	76.73	89.26	1.34
33.49	4.78	2.38	9.28	48.61	81.39	81.45	1.45
29.77	5.35	2.66	9.39	38.22	75.16	93.02	1.47
28.8	5.07	2.3	9.73	50.33	78.42	87.14	1.25
29.1	6.14	2.56	12.39	49.98	79.12	96.67	1.26
29.46	5.56	2.1	11.35	49.74	88.03	74.44	1.6
30.21	5.46	2.19	10.45	52.76	74.6	80.61	1.48
33.81	5.97	2.17	10.34	50.53	72.68	84.21	1.37
30.94	5.8	2.15	10.75	49.22	82.32	93.29	1.66
28.27	5.84	2.48	10	45.07	88.21	78.63	1.59
37.83	6.94	2.21	10.1	50.16	92.75	107.37	1.54
31.65	6.17	2.41	10.01	58.58	80.28	77.23	1.44
30.59	6.38	2.46	9.43	44.05	95.43	89.45	1.45
31	5.05	2.07	11.43	44.19	80.7	80.6	1.44
32.32	4.59	2.42	10.48	52.55	83.82	84.49	1.37
27.29	6.44	2.15	10.06	46.42	73.34	89.36	1.34
31.5	5.53	2.14	9.44	55.95	82.07	83.94	1.5
30.32	6.53	2.59	10.69	47.02	79.02	84.78	1.47
30.16	5.2	2.25	10.89	59.1	86.95	74.1	1.34
31.9	6.04	2.71	12.11	51.8	61.08	79.1	1.67
24.05	6.02	2.53	8.89	59.76	67.53	84.49	1.47
33.23	6.88	2.11	11.53	48.79	78.92	85.24	1.39
35.34	4.92	2.58	8.82	50	98.87	77.18	1.57
33	5.43	2.11	10.04	47.39	91.63	78.77	1.28
31.29	5.93	2.61	10.37	42.8	93.73	80.82	1.59
31.1	5.79	2.4	9.07	50.27	66.84	86.71	1.2
26.79	6.87	2.51	9.74	47.18	69.66	88.76	1.31
27.32	5.23	2.8	10.82	55.85	83.32	85.94	1.43
27.28	5.42	2.84	12.22	42.15	62.64	96.06	1.52
29.43	5.44	2.56	9.23	59.03	78.79	93.43	1.51
24.93	5.05	2.19	11.15	49.86	81.67	81.64	1.34
35.01	4.62	2.47	10.6	49.31	87.85	77.98	1.43
26.81	6.91	2.07	11.25	54.18	95.45	97.41	1.24
28.76	5.97	2.18	11.61	55.79	70.71	81.62	1.53
29.48	5.84	2.39	11.95	51.71	83.25	106.25	1.32
36.61	6.35	2.69	10.54	52.85	82.15	92.46	1.4
31.02	5.38	2.64	10.43	50.69	87.05	82.56	1.3
30.18	5.69	2.43	9.74	53.43	93.04	90.31	1.2
28.3	6.08	3.02	10.56	49.38	68.78	81.81	1.55
29.72	6.81	2.53	8.46	52.23	69.43	86.24	1.41
30.26	6.22	2.83	11.5	45.81	90.4	79.8	1.59
33.77	6.19	1.75	9.02	51.23	84.17	88.1	1.33
26.7	5.93	2.44	11.49	51.65	83.34	84.68	1.5
28.52	6.06	2.09	11.58	50.29	95.91	95.11	1.36
36.95	5.77	2.81	10.23	52.13	76.32	96.67	1.28
25.58	6.33	2.42	11.56	46.33	84.03	76.25	1.48
32.48	5.39	2.14	10.75	62.96	75.05	92.34	1.18
32.82	7.1	2.47	11.1	48.56	86.48	85.24	1.62
32.06	6.8	2.12	10.44	46.17	83.1	92.09	1.38
26.15	5.91	2.48	11.39	49.29	76.61	74.95	1.28
28.85	4.9	2.48	10.13	46.64	86.98	94.83	1.51
34.27	4.67	2.59	9.63	59.39	82.97	87.42	1.51
34.2	5.18	2.43	8.76	47.91	92.97	91.02	1.35
37.62	5.76	2.79	10.63	55.83	94.31	93.49	1.49
30.34	5.62	2.48	11.66	58.11	96.83	79.21	1.54
32.44	6.11	2.38	9.28	46.04	71.67	88.7	1.25
30.18	6.07	2.24	8.26	42.97	69.89	82.51	1.13
29.93	5.13	2.64	11.68	53.81	86.59	86.36	1.33
40.14	5.77	2.59	10.66	49.16	77.38	83.46	1.55
28.37	6.81	2.03	10.33	49.04	81.64	89.36	1.28
22.47	5.95	2.41	11.77	50.92	74.69	96.56	1.43
28.64	6.7	2.34	10.88	56.71	83.86	81.71	1.48
30.35	5.2	2.93	12.19	37.33	71.29	97.2	1.58
29.97	5.73	2.15	10.11	51.59	85.05	96.23	1.4
32.56	6.41	2.07	10.97	52.38	88.63	85.53	1.6
28.76	7.13	2.49	9	56.93	64.86	77.9	1.5
28.09	5.2	2.94	10.04	52.26	90.83	75.09	1.56
31.37	5.8	2.34	10.68	48.53	84.09	82.82	1.68
28.55	6.01	2.61	10.43	42.38	82.22	86.39	1.17
31.41	6.32	2.36	11.17	51.72	95.92	81.39	1.53
34.96	5.87	2.64	10.08	41.91	70.69	85.89	1.4
29.93	6.39	2.47	11.14	50.13	79.91	101.76	1.63
30.57	5.64	2.22	9.55	54.44	69.58	82.71	1.34
28.39	6.11	2.78	9.89	44.31	91.1	83.68	1.49
26.28	6.37	2.45	11.11	56.37	73.45	103.39	1.47
29.48	5.18	2.25	11.12	45.77	84.19	88.15	1.35
28.97	6.95	2.33	9.67	64.31	85.69	88.87	1.33
28.44	5.73	2.33	11.77	40.54	75.55	90.31	1.22
33.92	6.13	2.11	10.05	55.4	92.83	79.71	1.62
29.34	4.9	2.49	10.91	46.37	77.11	78.26	1.39
34.3	5.11	2.46	10.54	46.64	69.56	82.75	1.54
25.64	6.64	2.6	11.16	43.41	93.84	94.82	1.44
28.84	5.48	2.31	10.93	46.63	95.9	69.62	1.5
35.17	6.87	2.67	10.95	42.26	88.35	83.71	1.48
29.62	5.61	2.32	11.59	50.59	76.48	85.56	1.66
30.79	6.78	2.6	9.69	46.38	68.27	98.5	1.61
27.36	5.49	2.41	11.43	53.36	82.75	93.89	1.3
34.75	5.96	2.51	10.74	49.92	80.21	83.08	1.22
28.46	5.83	2.5	12.47	45.88	87.89	89.76	1.26
31.41	6.74	2.42	11.84	51.95	93.31	90.54	1.53
34.04	5.45	2.1	9.05	48.5	74.14	99.99	1.47
28.96	6.2	2.42	11.13	46.59	65.19	86.04	1.48
33.44	5.83	2.11	9.06	47.62	91.38	81.03	1.24
31.21	5.53	2.6	12.28	51.29	86.55	84.84	1.41
27.62	4.58	1.9	9.99	48.14	70.85	73.29	1.39
28.98	6.33	2.64	12.26	48.74	75.31	85.92	1.53
29.74	6.06	2.63	9.88	43.9	70.74	80.44	1.37
25.87	4.84	2.7	9.74	52.03	86.72	94.41	1.83
29.9	5.38	2.53	11.07	43.52	86.96	103.37	1.46
30.97	5.97	2.6	7.23	57.62	67.14	92.36	1.35
30.32	6.21	2.52	10.06	43.26	76.43	95.84	1.62
31.97	5.76	1.95	11.38	50.35	83.78	85.93	1.41
32.09	5.59	2.3	10.88	49.68	89.36	100.33	1.53
33.05	5.37	2.09	10.62	47.65	81.01	93.02	1.27
30.94	5.13	2.7	11.07	47.93	80.23	84.09	1.48
30.57	6.36	2.55	11.43	59.86	78.57	97.37	1.43
26.96	5.5	2.12	11.53	48.01	79.57	95.33	1.27
29.24	4.73	2.5	10.3	47.4	83.37	104.98	1.57
30.09	6.48	2.94	9.6	47.65	86.04	93.77	1.4
31.49	5.82	2.61	12.85	49.76	78.45	103.99	1.83
30.65	6.09	2.39	9.77	55.53	82.83	79.86	1.65
24.62	5.59	2.12	9.95	41.27	96.49	95.41	1.34
23.39	5.88	2.24	11.39	61.87	80.64	88.1	1.68
29.05	6.65	2.33	11.06	44.93	93.63	110.35	1.59
29.41	5.07	2.14	11.29	49.11	84.48	86.12	1.6
28.45	6.54	2.44	10.34	49.67	79.23	85.81	1.68
29.43	5.52	2.58	10.13	45.89	70.87	98.63	1.26
34.39	5.77	2.7	10.39	43.07	85.57	93.27	1.63
27.46	5.33	2.97	10.44	49.89	94.33	88.82	1.57
32.77	5.44	2.45	10.5	48.77	91.2	81.1	1.27
30.74	5.78	2.29	12.39	50.29	82.67	90.57	1.59
31.57	6.07	2.91	13.5	52.12	73.89	66.75	1.52
28.8	7.01	2.73	9.17	54.37	94.14	79.91	1.38
32.87	6.07	2.3	10.01	48.87	93.98	80.58	1.37
29.23	5.73	2.53	10.64	44.66	69.71	86.54	1.44
37.12	5.28	2.44	12.23	46.91	88.78	78.58	1.46
33.11	4.82	2.42	10.42	53.83	80.35	79.64	1.51
31.57	5.66	2.38	11.51	45.81	91.89	87.7	1.42
31.73	5.81	2.82	10.33	52.6	84.71	97.41	1.44
29.88	6.13	2.95	10.03	53.26	93.05	77.67	1.58
32.49	4.99	2.67	10.98	54.64	81.85	94.98	1.22
26.14	5.98	2.51	9.15	52.3	81.95	82.51	1.39
29.37	5.68	2.65	11.9	44.81	94.95	88.07	1.64
30.64	6	2.54	10.79	46.03	83.68	84.56	1.21
27.4	5.41	2.24	9.99	56.92	89.52	92.7	1.52
30.71	6.19	2.6	11.35	54.29	82.5	79.32	1.44
24.66	4.75	2.7	8.95	48.79	90.92	90.75	1.34
32.75	5.05	2.54	11.8	54.46	73.95	86.41	1.45
24.04	5.93	2.25	11.48	56.09	83.24	90.14	1.52
27.11	5.7	2.55	11.14	47.5	94.07	75.33	1.53
29.87	5.74	2.92	12.05	42.79	82.55	83.72	1.5
23.58	5.02	2.62	9.67	52.71	75.72	93.59	1.36
31.24	6.43	2.98	10.21	49.64	75.16	79.57	1.53
27.35	5.71	2.66	10.66	50.28	72.75	82.19	1.29
29.11	5.83	2.59	10.05	45.65	82.77	84.01	1.45
27.16	5.77	2.49	10.23	43.98	72.7	101.7	1.57
23.59	4.63	2.12	10.6	46.15	89.29	82.94	1.24
31.37	5.32	2.4	11.96	45.29	80.08	77.03	1.46
26.99	5.63	2.23	10.46	47.7	78.05	101.37	1.53
29.71	7.08	2.19	10.34	51.54	78.6	74.06	1.32
31.83	5.63	2.39	10.15	63.42	86.19	71.5	1.03
28.85	5.25	2.43	12.35	49.96	75.3	83.95	1.51
29.56	6.02	2.56	10.78	48.84	81.03	80.88	1.61
29.46	5.52	2.22	8.98	52.35	73.71	85.34	1.77
30.21	5.79	2.5	12.6	44.12	82.52	95.72	1.5
31.88	5.88	2.31	10.67	41.46	74.35	89.71	1.41
28.97	6.96	2.31	9.23	49.63	71.45	99.03	1.72
32.24	4.95	2.87	10.66	47.3	89.57	87.9	1.46
28.57	5.62	2.17	9.42	56.8	86.67	76.58	1.2
30.8	5.65	2.35	10.86	50.75	95.63	95.7	1.42
29.92	5.62	2.67	10.36	54.29	84.78	87.74	1.27
29.5	7.04	2.5	9.83	42.79	75.44	90.23	1.17
30.97	5.2	2.3	10.71	50.62	75.93	98.42	1.56
32.03	5.85	2.72	10.5	57.63	80.73	94.77	1.32
33.49	6.08	2.49	9.75	53.4	73.43	92.47	1.31
35.47	6.24	2.06	10.82	51.43	80.83	93.02	1.46
27.07	5.98	2.73	10.01	46.44	72.3	92.06	1.41
27.59	5.56	2.43	12.05	51.15	72.21	84.38	1.53
33.31	5.41	2.72	12.2	40.9	72.24	92.74	1.53
31.92	5.75	2.55	10.2	45.72	85.27	84.89	1.45
32.19	4.94	2.76	10.7	45.23	76.85	87.48	1.22
30.94	4.74	2.72	9.65	52.73	86.9	90.71	1.35
33.53	5.47	2.27	10.93	58.8	88.17	80.19	1.63
29.75	6.56	2.49	9.5	57.95	77.55	82.68	1.29
34.37	4.25	2.28	12.18	45.74	78.32	89.02	1.54
26.36	6.59	2.42	11.4	53.8	86.35	77.99	1.41
32.34	6.19	2.45	11.18	46.52	72.94	87.62	1.31
31.55	6.12	2.79	9.9	50.42	89.32	88.12	1.51
30.23	6.37	2.67	11.04	44.54	76.2	90.61	1.45
31.27	5.64	2.49	12.64	55.49	75.4	70	1.47
33.14	5.72	2.03	10.02	47.11	78.84	92.89	1.49
30.5	5.32	1.8	11.44	43.89	83.96	72.86	1.22
31.28	5.44	2.7	12.14	53.28	98.68	75.89	1.51
28.68	5.86	2.18	12.42	45.71	80.55	80.87	1.57
30.99	6.06	2.7	11.23	47.5	82.54	82.83	1.43
29.55	5.19	2.16	9.02	43.52	83	89.07	1.38
29.45	5.69	2.21	11.62	52.62	78.24	104.83	1.53
27.12	6.89	2.37	10.66	45.7	90.75	98.29	1.31
27.31	6.14	2.47	11.4	59.74	73.38	96.08	1.15
26.79	5.54	2.49	10.24	52.98	79.85	81.08	1.28
32.53	6.37	2.33	11.01	52.89	76.11	85.67	1.28
29.34	6.18	2.54	10.66	45.82	86.66	79.07	1.4
34.85	6.52	2.82	10.04	57.4	89.54	96.75	1.38
32.32	6.28	2.26	10.7	45.96	84.8	82.15	1.51
29.46	5.9	2.22	9.66	52.78	89.36	86.16	1.33
27.52	5.9	2.17	10.23	55.58	79.74	102.1	1.41
24.51	6.15	2.41	8.47	56.19	78.86	90.69	1.23
28.07	6.11	2.36	9.43	47.74	66.7	82.93	1.4
27.54	7.57	2.54	9.18	41.9	85.57	86.48	1.39
27.13	5.37	2.72	10.86	53.33	94.06	81.08	1.47
30.27	5.28	2.76	9.64	53.67	83.8	80.38	1.19
29.58	5.55	2.78	8.62	57.55	73.09	93.27	1.54
29.29	6.27	2.5	9.42	49.92	85.5	96.53	1.49
29.3	6.78	2.43	9.54	46.2	82.57	108.45	1.34
27.71	4.99	2.83	9.56	50.42	92.24	81.28	1.43
34.21	6.1	2.59	11.69	53.3	83.05	82.9	1.56
29.58	6.25	2.57	11.27	44.51	74.2	87.51	1.15
30.62	6.31	2.37	12.41	54.24	85.07	73.33	1.4
31.72	6.01	2.41	11.77	56.56	87.09	93.58	1.38
31.4	5.27	2.47	10.64	52.11	72.37	84.86	1.5
32.35	5.86	2.85	12.33	50.11	86.35	94.46	1.46
33.69	5.35	2.56	12.07	54.95	84.97	84.9	1.51
27.41	6.16	2.57	9.32	51.85	83.81	94.23	1.4
31.16	5.53	2.64	10.24	49.78	69.82	77.41	1.41
30.74	6.62	2.41	11.82	51	73.89	88.96	1.15
33.05	6.17	2.44	10.89	54.14	79.83	90.95	1.67
24.37	5.73	2.1	10.95	48.41	77.69	91.36	1.6
28.24	5.2	2.63	10.85	50.62	72.73	82.41	1.21
23.27	5.97	2.37	10.49	42.97	67.97	92.05	1.41
32.41	5.76	2.3	11.51	52.09	90.22	94.42	1.52
34.04	5.08	3.12	11.08	57.08	84.72	82.34	1.6
33.58	6.66	2.46	9.66	48.54	81.04	101.21	1.3
27.93	6.19	2.34	11.1	57.76	100.04	80.74	1.49
27.68	5.15	2.66	10.17	52.68	72.97	86.42	1.57
29.74	5.97	2.17	11.14	40.51	83.5	88.21	1.29
28.17	5.17	2.5	10.29	54.47	75.63	81.53	1.1
30.67	5.33	2.23	10.35	52.04	70.25	95.46	1.59
29.89	5.79	2.43	10.55	48.91	80.31	91.63	1.39
26.73	5.03	2.15	10.62	47.25	80.89	81.97	1.35
34.55	5.61	3.08	11.27	53.92	76.42	84.31	1.89
30.93	7.21	2.64	12.58	54.04	82.08	74.32	1.5
29.04	5.37	2.33	10.85	46.75	72.67	88.92	1.29
30.89	5.65	2.17	10.67	45.2	79.83	85.15	1.37
31.93	4.18	2.15	8.96	44.83	83.18	92.54	1.54
30.75	4.81	2.58	9.74	48.4	84.64	76.03	1.44
29.28	5.81	2.58	11.44	55.6	87.07	86.75	1.7
31.52	5.29	2.27	10.97	43.95	87.67	84.28	1.5
27.18	5.08	2.62	11.41	46.07	72.97	92.74	1.7
25.72	6.71	2.36	10.45	50.91	83.08	79.26	1.32
26.67	5.83	2.37	9.93	54.82	95.34	93.49	1.18
25.21	5.25	2.24	11.69	49.51	77.42	100.22	1.57
33.06	4.89	2.1	9.7	45.48	71.41	87.43	1.38
31.09	5.02	2.61	10.21	51	72.81	92.23	1.32
30.9	5.42	2.44	9.89	49.52	79.94	85.62	1.62
36.06	6.93	2.55	9.56	55.57	77.15	85.2	1.3
30.97	6.35	2.65	12.1	56.63	78.48	77.69	1.44
30.86	6.34	2.87	11.73	46.41	80.84	84.64	1.5
29.41	5.93	3.08	9.76	58.07	80.48	86.23	1.42
29.54	5.71	3.05	8.72	45.87	72.52	96.56	1.49
30.74	5.49	2.33	10.98	51.95	80.04	77.97	1.43
26.88	5.72	2.86	9.66	55.34	91.12	90.51	1.52
29.6	6.66	2.61	10.54	46.65	92.52	86	1.4
27.59	6.97	2.6	10.6	47.32	83.03	72.69	1.59
32.03	6.27	2.33	13.15	45.42	72	84.99	1.52
39.61	6.13	2.88	10.55	50.77	80.17	96.44	1.55
29.9	5.37	2.59	10.57	51.7	76.35	77.33	1.49
38.39	5.58	2.55	10.06	49.67	73.82	71.18	1.64
28.95	4.88	2.61	11.81	59.61	81.37	77.23	1.24
26.87	6.19	2.49	11.87	47.51	80.6	90.33	1.01
29.25	5.77	2.39	9.92	50.1	71.14	88.46	1.44
28.48	6.23	2.4	10.2	57.17	80.64	74.04	1.43
28.42	5.29	2.71	10.65	60.09	78.05	90.73	1.38
34.89	7.35	2.27	11.28	48.69	79.61	79.53	1.44
33.26	5.47	2.14	11.48	50.31	84.32	75.75	1.36
31.69	6.35	2.49	12.68	52.71	90.48	84.17	1.39
30.45	6.15	2.47	8.4	42.14	81.28	90.49	1.29
36.29	5.54	2.51	10.69	49.51	84.91	86.6	1.46
35.4	4.99	2.22	9.43	53.34	100.39	84.48	1.46
32.41	5.75	2.58	11.32	50.31	73.94	76.68	1.36
25.53	5.68	2.45	8.79	52.9	68.23	73.35	1.29
27.32	6.34	2.54	10.92	47.43	89.27	111.04	1.31
28.9	6.15	2.69	9.34	52.4	88.18	87.12	1.32
28.66	5.81	2.45	10.62	61.34	83.55	82.97	1.88
32.28	4.88	1.96	12.14	49.57	72.56	96.18	1.37
32.44	6.29	2.19	11.49	51.52	71.56	95.83	1.31
33.91	6.47	2.19	11.37	52.83	84.87	90.56	1.54
31.04	7.18	2.66	11.52	46.05	92.27	91.06	1.47
35.79	6.95	2.37	10.15	49.32	101.76	88.96	1.31
34.51	5.77	2.01	11.37	56.79	92.14	76.98	1.33
33.07	5.43	2.58	10.79	54.38	87.11	90.8	1.33
35.44	5.97	2.37	9.31	44.5	74.39	75.46	1.31
30.83	5.87	2.65	9.46	48.62	98.67	90.58	1.57
27.5	5.97	2.45	10.14	54.5	95.8	103.18	1.62
30.59	5.56	2.33	9.78	47.88	88.64	77.46	1.15
33.23	5.57	2.46	10.51	49.38	88.04	77.92	1.2
33.13	5.95	2.34	9.43	48.56	69.84	74.52	1.65
31.27	5.98	2.33	8.29	54.71	90.88	103.78	1.69
33.5	5.32	2.36	11.14	57.98	78.37	85.48	1.51
27.48	5.62	2.45	9.79	43.49	75.48	87.78	1.43
24.5	5.12	2.03	10.23	55.85	78.12	80.19	1.21
31.04	5.4	2.82	9.96	41.04	87.22	68.47	1.5
29.94	5.15	2.49	8.86	54.93	75.75	81.55	1.45
31.48	5.01	2.63	13.02	50.8	87.37	73.16	1.37
27.16	5.94	2.26	8.84	47.92	74.8	106.09	1.54
30.95	5.53	2.52	9	51.81	84.46	92.11	1.46
26.51	5.65	2.8	8.67	52.81	69.45	99.17	1.28
35.99	5.14	2.12	11.37	52.86	80.41	93.3	1.64
33.35	5.35	2.15	9.97	45	72.74	89.31	1.53
32.52	6.49	1.99	10.8	47.37	78.96	95.95	1.23
28.44	6.43	2.27	11.09	53.44	69.71	65.28	1.4
30.11	5.81	2.74	12.34	53.87	81.68	85.11	1.6
35.43	6.17	2.03	8.82	47.38	71.57	76.48	1.39
33.31	5.36	2.25	10.99	50.38	86.44	77.17	1.15
31.48	5.47	2.45	11.34	50.17	86.99	107.99	1.43
29.12	5.15	2.07	10.43	62.21	84.44	90.39	1.27
27.79	5.91	2.63	11.73	49.73	76.71	94.39	1.37
31.97	6.45	2.32	10.62	43.52	76.64	80.59	1.24
32.38	5.85	2.08	8.8	42.18	87	85.46	1.5
25.67	5.31	3.13	10.05	47.6	72.89	99.05	1.49
31.21	5.7	2.15	9.86	53.51	75.25	84.34	1.38
28.89	7.07	2.55	10.62	52.32	68.05	89.69	1.38
26.86	5.17	2.23	12.47	54.7	98.19	86.38	1.25
32.95	5.59	2.54	12.41	51.16	82.1	95.8	1.43
31.25	4.61	2.53	10.11	58.28	76.96	74.95	1.4
27.84	6.32	2.53	9.93	54.14	84.57	82.21	1.55
31.65	5.45	1.99	9.04	46.31	78.6	77.18	1.58
25.83	5.94	2.55	11.4	51.52	80.21	80.21	1.37
29.51	5.94	2.42	9.08	47.92	86.61	78.07	1.31
32.51	5.98	2.51	10.14	51.38	79.05	88.3	1.42
30.75	6.29	2.46	10.68	49.78	84.8	92.83	1.59
31.6	5.79	2.36	11.14	49.5	76.51	75.36	1.28
31.59	6.03	2.6	11.12	53.84	92.77	71.86	1.47
31.99	5.22	2.36	10.48	57.64	80.78	98.82	1.52
32.89	6.53	2.35	10.19	46.33	72.1	83.11	1.15
27.26	4.8	2.71	9.67	47.75	79.75	89.57	1.38
30.12	5.07	2.44	9.25	50.37	80.05	71.49	1.41
26.37	6.08	2.49	9.68	45.2	82.22	97.83	1.48
30.02	5.04	2.45	10.78	57.98	87.16	75.5	1.52
31.78	5.65	2.29	10.39	55.5	95.94	92.24	1.24
25.79	6.66	2.54	10.16	51.14	88.43	70.21	1.51
30.79	5.66	2.47	8.69	50.4	68.49	98.75	1.61
31.22	4.9	2.5	13.12	48.91	79.54	83.07	1.32
29.45	5.44	2.6	9.35	49.21	78.08	76.2	1.43
34.37	5.44	2.5	10.73	58.66	94.05	85.78	1.66
28.86	6.58	2.61	8.58	54.32	88.03	84.93	1.27
32.73	6.02	2.49	8.75	43.01	74.96	73.92	1.55
30.64	6.24	2.35	11.64	43.41	75.25	74.11	1.22
27.2	5.83	2.57	11.11	54.65	82.09	98.57	1.32
28.47	6.22	1.9	9.58	56.59	73.54	77.88	1.49
28.79	4.88	2.69	9	53.34	77.87	97.25	1.58
31.34	5.37	2.24	11.94	52.92	73.5	82.83	1.45
23.91	6.22	2.66	9.82	57.7	68.17	85.46	1.46
34.18	5.27	2.98	10.77	51.09	81.56	81.07	1.5
26.43	6.47	2.46	11.11	56.09	82.41	69.39	1.52
27.87	5.39	2.62	10.84	61.15	77.88	76.63	1.53
31.5	5.45	2.32	10.69	52.05	84.67	100.98	1.41
27.98	4.48	2.25	11.39	47.47	88.25	91.84	1.52
31.17	5.37	2.41	10.89	42.95	67.45	105.51	1.46
28.56	5.46	2.11	10.85	53.38	85.98	96.9	1.57
31.76	6.15	2.59	11.6	47.64	89.28	100.9	1.58
34.08	6.62	2.49	9.68	60.46	75.19	75.53	1.45
30.74	4.88	2.41	10.16	58.62	71.42	74.03	1.35
30.23	5.94	2.74	10.22	53.58	89.25	78.96	1.28
28.71	6.26	2.62	12.63	55.47	86.07	97.57	1.5
30.36	5.34	2.14	10.54	45.95	92.31	89.11	1.38
34.15	5.37	2.19	13.91	40.21	79.31	85.47	1.34
22.6	6.06	2.17	10.83	50.89	68.85	87.12	1.39
29.05	6.69	2.65	13	48.97	74.03	100.46	1.39
25.22	5.84	2.46	9.14	51.31	77.92	92.39	1.7
31.57	6.14	2.54	10.69	52.34	84.92	102.53	1.43
32.62	5.38	2.57	9.41	49.6	84.85	79.18	1.28
27.46	6.45	2.57	10.11	49.11	68.77	93.71	1.41
33.02	5.66	2.55	9.97	51.92	70.18	79.91	1.43
32.79	5.16	2.62	8.1	47.41	74.13	100.25	1.31
24.8	5.01	2.73	10.44	60.83	71.49	88.33	1.28
28.76	6.27	2.41	9.83	54.92	81.73	101.73	1.26
34.9	5.62	2.77	9.87	56.45	89.89	86.53	1.47
33.65	5.1	2.16	10.74	54.6	86.86	82.06	1.41
31.31	6.31	2.29	9.26	49.45	71.59	86.53	1.52
27.45	5.52	2.44	10.34	42.86	82.3	76.75	1.73
28.34	5.44	1.91	11.01	51.74	86.9	85.19	1.42
26.94	6.36	2.73	10.43	57.01	76.47	87.97	1.24
32.22	6.31	2.44	11.45	45.34	77.36	93.56	1.45
31.62	5.91	2.67	11.73	58.56	77.01	83.95	1.33
24.99	6.06	2.76	11.14	43.8	86.26	90.1	1.29
29.14	5.77	2.63	9.71	50.96	101.87	84.94	1.26
28.71	6.18	2.22	10.04	56.95	77.26	99.38	1.36
27.82	5.8	2.21	13.5	45.83	92.73	94.85	1.45
30.37	5.65	2.7	10.32	52.7	88.56	103.38	1.48
33.05	6.5	2.33	9.77	57.42	71.37	82.82	1.23
34.67	7.2	2.45	10.19	57.21	83.55	83.92	1.52
32.2	5.62	2.73	9.45	49.28	76.44	83.55	1.27
30.44	5.49	2.23	10.19	51.86	92.75	76.58	1.31
27.99	5.3	2.45	10.96	53.34	81.12	89.8	1.47
25.57	6.49	2.36	9.52	56.98	96.19	86.84	1.58
27.78	4.93	2.2	8.33	50.5	79.75	91.84	1.4
34.25	5.79	2.48	9.39	62.68	87.71	86.33	1.49
33.76	6.52	2.47	10.9	48.36	75.5	82.22	1.22
28.43	5.43	2.55	9.9	41.96	83.14	68.79	1.27
34.13	4.85	2.14	10.77	48.75	77.85	74.99	1.36
31.84	4.76	2.61	10.01	52.1	73.72	75.69	1.38
30.19	5.55	2.63	12.59	53.51	89.04	102.43	1.45
23.39	5.74	2.22	9.8	50.69	87.44	81.79	1.47
29.67	6.19	2.58	10.4	46.25	94.15	77.56	1.42
34.11	5.2	2.94	10.59	48.55	84.83	86.25	1.62
32.81	6.7	2.77	9.54	55.05	87.57	92.75	1.41
27	6.24	2.32	9.35	51.44	93.41	89.06	1.23
27.94	5.18	2.21	11.15	48.61	78.76	78.87	1.55
34.78	7.37	2.08	10.48	50.69	75.13	96.6	1.54
34.22	5.24	2.06	8.83	56.08	76.26	90.71	1.42
24.79	6.09	2.17	10.04	50.35	82.11	88.72	1.56
33.59	6.39	2.15	11.32	46.66	73.57	93.45	1.19
35.41	5.51	2.12	9.87	54.88	76.23	94.78	1.33
32.56	6.54	2.44	10.34	51.79	76.39	99.46	1.41
29.48	5.97	2.08	9.69	55.39	79.31	97.64	1.35
25.92	5.81	2.09	11.51	56.52	79.8	85.76	1.25
33.55	6.97	2.82	11.62	43.27	72.51	96.36	1.32
30.1	5.48	2.48	10.18	48.99	82.23	84.22	1.4
30.65	5.72	2.53	11.44	48.6	79.97	95.35	1.4
26.87	6.16	2.24	9.79	52.43	80.26	98	1.58
27.59	5.53	2.57	10.13	45.74	67.38	91.95	1.61
26.76	5.69	2.57	9.72	48.56	78.32	77.42	1.52
32.35	4.88	2.16	10.91	44.88	80.7	87.57	1.77
27.65	6.04	2.63	11.36	54.88	76.71	91.85	1.35
34.78	6.97	2.27	13.02	54.09	72.55	83.41	1.51
30.89	5.96	2.44	10.3	48.53	82.53	86.99	1.67
30.28	5.77	2.83	10.7	50.24	70.87	87.67	1.34
32.95	4.6	2.09	11.61	52.94	75.8	75.72	1.43
30.69	5.85	2.24	10.14	56.66	83.84	68.19	1.49
29.34	5.99	2.52	10.07	61.3	81	90.4	1.57
29.64	5.89	2.17	10.19	54.02	77.47	87.29	1.56
36.06	5.67	2.5	12.35	51.4	74.04	88.5	1.35
37.87	5	2.32	11.67	52.91	71.48	84.95	1.3
33.44	4.51	1.9	11.08	46.52	85.07	77.25	1.47
27.3	5.78	2.56	11.84	48.26	83.14	88.29	1.48
32.64	5.98	2.42	11.27	52.3	84.5	87.16	1.6
26.78	5.37	2.86	11.59	47.45	79.51	79.69	1.62
29.1	6.11	2.33	9.9	44.4	73.09	84.93	1.11
32.91	5.73	2.59	12.03	44.15	75.74	88.14	1.5
26.29	7.06	2.38	9.27	59.76	80.63	82.82	1.65
28.62	5.4	2.4	9.73	53.02	64.94	95.82	1.41
35.14	6.56	2.47	9.81	49.72	76.64	74.64	1.4
33.1	6.63	2.6	11.59	49.67	91.95	87.88	1.72
28.91	5.33	2.51	10.18	51.22	85.29	73.51	1.41
27.38	4.86	2.35	10.53	55.7	65.08	83.48	1.4
30.74	5.76	2.41	9.99	43.03	88.06	81.16	1.36
28.59	5.95	2.56	12.4	48.39	89.66	94.59	1.62
24.47	6.12	1.98	10.09	45.29	87.84	92.22	1.49
33.73	5.51	2.54	9.48	49.38	80.33	72.94	1.4
29.92	6.28	2.4	12.79	49.6	93.18	88.23	1.63
29.13	5.64	2.53	10.73	54.37	79.87	83.34	1.2
27.93	6.63	2.56	9.74	47.13	88.65	85.48	1.42
30.62	5.47	2.8	10.39	56.13	88.07	87.65	1.39
29.21	5.45	2.1	9.27	55.62	77.06	86.04	1.42
27.99	5.48	2.69	9.36	42.89	76.9	87.2	1.38
29.79	6.03	2.11	9.77	51.53	81.2	96.96	1.29
27.36	5.47	3.03	11.81	36.5	85.15	91.29	1.28
31.1	6.02	2.36	9.06	57.69	101.21	81.53	1.58
36.16	5.74	2.24	11.78	46.35	79.54	98.23	1.39
31.45	5.46	2.7	10.31	53.64	79.73	82.19	1.49
31.37	5.48	2.48	11.41	44.33	82.06	99.73	1.32
29.95	5.09	2.34	9.93	55.17	82.61	81.27	1.27
28.79	5.95	2.28	10.85	52.01	89.26	91.35	1.58
28.88	6.05	2.49	11.84	46.21	81.64	92.89	1.26
29.46	4.99	2.77	11.42	42.53	90.78	76.86	1.66
32.42	5.81	2.36	9.6	46.87	83.58	93.34	1.66
31.36	5.77	2.53	11.08	45.69	84.71	72.56	1.59
32.25	5.82	2.71	10.64	54.29	78.69	89.19	1.27
29	5.82	2.36	11.82	47.83	87.04	104.18	1.3
32.5	6.43	2.12	9.74	47.16	69.75	118.39	1.38
30.12	6.38	2.5	9.65	50.34	91.25	96.84	1.67
28.89	6.32	2.51	10.85	48.7	88.96	89.47	1.4
28.37	4.99	2.58	11.91	53.93	94.59	100.17	1.29
29.99	5.35	2.5	10.88	48.08	93.47	81.87	1.64
28.98	5.87	2.5	9.55	50.1	74.8	98.08	1.2
33.88	5.85	2.59	10.27	45.19	68.53	79.31	1.51
32.64	5.96	2.43	11.26	48.02	72.29	79.78	1.52
30.86	5.37	2.41	9.26	49.88	79.19	90.12	1.46
30.13	5.98	2.19	11	52.48	97.01	85.68	1.7
29.38	5.85	2.72	11.42	54.75	83.31	83.26	1.36
27.12	5.92	2.08	9.15	50.52	75.29	72.03	1.33
26.44	5.48	2.49	10.77	42.55	67.49	95.92	1.17
27.01	6.51	2.44	9.24	50.96	86.62	86.56	1.31
26.34	5.9	2.75	10.12	50.93	79.42	89.94	1.43
29.82	4.82	2.02	9.17	50.34	78.5	79.71	1.56
20.36	5.56	2.76	7.95	49.5	74.23	99.21	1.69
27.51	6.36	2.65	12.27	52.57	82.86	109.28	1.47
27.91	6.73	2.37	8.88	55.73	94.79	82.22	1.46
28.09	5.78	2.41	10.56	49.23	94.38	98.76	1.59
27.62	6.95	2.29	10.28	43.03	98.46	97.8	1.53
26.29	6.35	2.51	12.49	45.6	71.43	86.6	1.41
31.19	5.83	2.66	9.75	54.07	78.44	85.03	1.44
29.9	5.64	2.77	10.95	52.61	87.55	96.95	1.34
32.12	5.76	2.09	9.12	57.19	90.73	87.91	1.41
31.56	6.31	2.3	8.73	53.16	80.51	91.19	1.4
25.75	5.38	2.2	10	52.2	78.73	87.67	1.31
34.92	6.29	2.72	9.82	55.56	88.48	93.81	1.52
28.24	5.97	2.65	10.77	43.53	91.34	90.57	1.43
29.59	5.65	2.76	10.46	55.16	73.97	87.5	1.25
28.73	5.81	2.81	9.68	54.5	89.59	86.6	1.32
30.09	5.39	2.44	9.68	53.12	95.71	76.5	1.12
26.23	5.19	3.03	11.97	50.89	78.31	91.93	1.58
35.09	6.04	2.62	10.08	55.01	66.67	102.47	1.17
33.25	5.62	2.76	11.32	53.7	86.42	88.89	1.47
26.43	5.97	2.8	11	41.65	68.9	84.86	1.19
25.57	5.46	2.39	11.06	40.69	83.93	87.26	1.53
29.35	5.39	2.27	10.01	46.29	87.97	77.72	1.32
26.35	5.23	2.24	11.84	56.61	82.57	89.45	1.43
34.31	7.39	1.54	9.41	51.25	73.09	90.37	1.73
31.24	4.96	1.9	9.36	66.08	81.46	88.55	1.46
31.49	5.63	2.51	11.87	47.65	76.41	81.71	1.36
31.36	5.11	2.36	9.47	53.73	88.64	84.41	1.47
31.1	5.68	2.26	11.19	47.94	94.81	82.75	1.54
33.51	5.35	2.33	10.5	46.25	69.72	82.92	1.37
30.81	6.64	2.17	12.26	52.14	82.54	99.42	1.56
31.52	7.43	2.56	11.53	45.96	87.91	99.81	1.52
29.14	6.06	2.53	12.53	45.73	92.58	87.86	1.32
32.18	6.27	2.86	8.78	46.48	78.17	84.84	1.24
27.26	5.93	2.22	10.84	54.12	69.93	91.61	1.31
25.24	5.23	2.36	10.53	49.61	64.88	89.24	1.47
32.81	6.79	2.7	8.59	46.05	82.18	102.51	1.37
30.02	4.98	2.69	9.97	60.52	67.64	93.64	1.51
29.59	7.05	2.62	10.64	49.49	79.61	72.19	1.35
36.48	5.48	2.49	11.89	55.26	88.18	68.55	1.44
28.82	6.62	2.98	10.52	45.58	78.05	84.74	1.33
34.49	6.43	2.96	9.77	58.11	77.67	84.3	1.35
27.75	5.17	2.4	10.84	47.45	90.74	80.88	1.52
32.23	5.77	2.08	11.17	54.99	69.08	74.68	1.45
34.96	5.96	2.35	9.45	51.74	81.17	74.1	1.32
29.01	5.89	2.44	10.24	50.08	76.89	76.6	1.16
31.88	6.1	2.82	12.03	60.39	80.73	93.12	1.23
31.04	5.45	2.44	9.87	61.97	86.68	89.78	1.73
26.88	6.04	2.51	9.56	45.47	93.2	81.28	1.29
31.12	6.22	2.27	11.74	58.24	85.33	84.21	1.54
32.54	5.14	2.26	11.04	40.64	77.94	84.45	1.26
32.45	5.16	2.35	11.19	46.37	81.49	81.01	1.37
29.39	6.07	2.58	12.78	57.11	82.15	82.97	1.44
33.75	5.78	2.47	10.01	50.95	60.49	112.13	1.37
30.03	5.79	2.09	11.24	48.01	81.73	85.66	1.38
28.41	6.06	1.82	10.05	54.14	77.82	78.9	1.39
34.21	5.15	2.16	12.56	42.23	71.09	89.36	1.39
28.25	6.67	2.26	9.11	45.54	65.48	80.54	1.61
32.84	5.2	2.41	12.05	65.07	77.46	87.85	1.39
27.06	5.58	2.73	10.3	52.45	83.48	98.91	1.24
25.8	5.46	2.35	10.3	39.08	84.72	89.17	1.41
28.8	6.24	2.27	9.94	46.49	89.78	97.54	1.62
29.67	5.65	2.25	12.23	48.55	75.02	87.84	1.35
28.45	6.28	2.42	10.02	44.45	73.99	107.78	1.46
32.52	5.02	2.47	10.07	54.73	88.7	89.64	1.49
26.62	6.26	2.22	9.55	46.26	83.51	73.36	1.44
29.27	6.45	2.03	10.01	48.34	86.67	92.42	1.52
24.14	6.02	2.31	9.89	48.89	87.73	74.7	1.52
38.5	5.56	2.62	10.32	49.65	79.16	78.39	1.29
27.64	5.88	2.51	10.39	49.31	76.47	79.37	1.38
28.83	6.61	2.22	10.71	50.95	82.94	95.71	1.7
27.59	5.8	2.2	9.47	48.62	87.22	92.5	1.28
35.69	5.99	2.88	9.45	47.5	84.31	77.12	1.24
31.13	5.58	2.05	10.34	51.41	77.89	81.76	1.42
28.32	6	2.09	9.86	47.92	80.87	82.3	1.38
31.95	5.91	2.4	9.29	64.53	82.84	81.03	1.55
29.3	5.29	2.71	11.29	49.71	76.02	94.44	1.46
32.84	5.76	2.38	9.26	55.45	85.9	76.42	1.24
28.16	7.37	2.18	9.2	45.61	73.29	87.96	1.42
28.96	6.58	2.29	12.21	46.47	89.23	92.21	1.52
27.43	6.69	2.77	11.57	45.62	80.51	73.4	1.39
25.13	5.44	2.35	11.06	53.13	94.46	70.37	1.41
30.2	5.75	2.53	11.64	50.82	86.84	107.63	1.4
35.37	5.64	2.45	9.51	58.73	73.58	94.38	1.28
26.68	4.86	2.15	11.1	45.42	82.86	88.23	1.41
26.46	4.98	2.12	9.97	45.81	85.74	85.07	1.31
28.79	5.25	2.34	10.86	56.28	91.65	98.92	1.28
26.13	4.76	2.35	10.04	55.01	78.76	76.44	1.6
29.14	6.38	2.9	8.73	50.52	87.35	104.38	1.46
28.06	5.84	2.44	10.94	49.51	75.63	82.57	1.6
30.77	5.47	2.45	9.93	41.48	87.73	107.86	1.6
28.17	5.96	2.19	9.53	43.08	91.2	85.78	1.42
30.41	5.79	2.32	11.65	52.39	83.88	71.9	1.14
31.95	6.34	2.16	9.99	41.57	73.44	88.79	1.41
33.74	6.37	1.91	10.74	56.86	91.93	101.44	1.53
32.61	7.06	2.15	11.27	56.5	69.7	82.32	1.59
31.36	5.52	2.74	10.49	47.67	76.42	85.19	1.41
29.05	5.59	2.4	10.73	50.21	71.05	103.96	1.55
33.46	6.33	2.64	11.07	51.14	81.17	95.58	1.36
30.02	5.21	2.42	9.21	44.76	73.56	91.72	1.36
34.04	5.36	2	12.78	49.71	71.39	73.19	1.35
32.28	6	2.26	11.38	51.5	84.88	88.66	1.32
31.86	5.78	2.19	9.32	52.96	84.47	90.69	1.26
29.29	5.08	2.38	10.57	49.54	85.01	83.74	1.45
40.1	6.25	2.13	10.87	53.1	76.43	85.21	1.53
33.42	5.65	2.2	9.23	46.77	69.75	97.99	1.22
30.29	5.84	2.53	10.32	53.87	83.66	93.96	1.44
33.02	6.16	2.75	9.99	43.51	80.71	118.04	1.52
29.19	5.78	2.45	9.29	50.42	83	91.16	1.37
29.54	6.21	2.11	9.9	55.53	79.33	79.81	1.45
31.22	5.06	2.3	10.61	47.82	85.13	75.45	1.25
26.93	7.34	2.55	13.38	45.77	67.54	90.26	1.34
37.78	6.52	3.02	11.08	56.68	91.5	86.44	1.4
26.35	6.22	2.87	8.83	54.71	88.63	94.9	1.5
36.9	5.4	2.52	10.05	50.79	76.52	79.15	1.35
30.58	5.75	2.48	14.67	47.93	83.12	95.28	1.31
29.73	4.76	2.64	11.04	54.16	88.64	78.92	1.27
35.53	6.18	2.75	8.51	55.94	87.81	85.26	1.36
32.58	6.31	2.89	12.62	44.04	77.02	81.72	1.31
34.04	5.92	2.15	10.51	53.12	66.63	80.49	1.5
26.63	5.65	2.77	10.5	52.07	94.03	98.47	1.37
31.7	6.54	2.12	12.18	43.84	82.02	91.08	1.58
27.37	5.64	2.65	11.34	55.7	95.21	93.61	1.58
28.28	5.72	2.79	11.04	54.69	77.94	86.31	1.19
24.6	5.46	2.52	10.33	46.11	77.75	91.26	1.56
26.92	6.8	2.53	10.51	54.39	76.07	91.43	1.43
26.25	7.61	2.77	10.46	55.22	83.5	76.4	1.38
30.07	5.31	2.05	10.15	57.63	70.14	82.72	1.28
35.01	5.59	2.34	11.41	52.07	76.85	99.68	1.34
27.61	5.98	2.77	9.92	59.13	80.02	89.75	1.26
31.87	5.2	2.38	8.76	51.44	67.33	80.92	1.34
30.42	5.79	2.39	9.7	47.04	78.15	84.38	1.52
31.05	5.95	2.26	9.83	54.39	70.76	77.33	1.54
31.68	5.18	2.39	10.15	45.18	85.48	80.77	1.69
31.23	4.84	2.64	11.01	39.88	76.63	97.52	1.59
33.86	5.66	2.39	8.98	49.78	72.25	91.4	1.61
31.43	6.72	2.74	11.29	51.82	78.42	86.91	1.33
30.86	6.25	2.47	11.22	45.28	75.4	103.77	1.54
26.53	5.29	2.46	11.49	48.33	75.71	82.49	1.52
35.29	6.39	2.69	10.05	43.08	79.01	90.26	1.43
29.09	5.91	2.31	11.87	51.07	64.07	83.87	1.33
28.82	6.35	2.38	8.4	51.67	98.94	83.53	1.33
33.88	6.78	2.68	12.05	55.31	76.77	101.47	1.26
32.5	6.09	2.15	10	47.79	96.72	76.48	1.47
27.61	5.75	2.62	10.67	57.7	85.28	91.74	1.4
30.23	5.98	2.71	9.42	55.39	78.73	97.16	1.32
26.18	5.42	3.1	10.74	46.77	89.31	103.95	1.39
28.47	5.08	2.21	10.61	58.05	77.88	81.06	1.62
28.15	5.6	2.22	10.43	43.85	79.23	86.15	1.54
30.7	5.82	2.03	12.41	43.35	86.39	97.37	1.38
26.95	6.53	2.66	11.1	62.26	91.93	96.52	1.39
34.56	5.76	2.44	10.2	48.7	78.86	91.31	1.35
35.55	5.39	2.31	9.35	44.37	71.39	78.13	1.42
27.88	5.66	2.52	10.24	54.75	62.69	79.34	1.5
30.73	6.23	2.5	9.32	48.63	88.13	93.37	1.43
27.8	6.42	2.72	8.7	54.54	76.7	75.58	1.28
37.59	6.02	2.69	9.58	55.9	68.06	95.56	1.58
31.1	7.03	2.67	10.54	50.96	74.35	64.73	1.69
28.42	5.34	2.43	9.49	37.08	77.28	90.91	1.53
26.46	6.87	2.19	10.2	45.65	78.99	71.06	1.43
30.6	6.42	2.56	10.37	57.04	83.21	100.49	1.51
29.38	5.36	2.67	11.42	44.97	66.96	93.95	1.67
27.79	5.87	2.58	11.08	52.11	76.11	84.67	1.34
28.03	6.12	3.02	10.01	50.13	83.69	94.33	1.34
31.1	5.62	2.27	12.65	51.91	83.87	94.39	1.64
29.62	6.2	3.13	11.25	59.08	84.52	98.45	1.24
29.22	5.34	2.19	10.29	43.99	93.94	80.99	1.51
27.23	5.96	2.3	11.51	57.09	76.48	71.24	1.46
30.28	5.91	2.73	10.98	62.87	85.06	87.98	1.42
28.92	4.86	2.63	10.9	47.57	69.49	93.13	1.58
28.1	5.47	2.39	11.62	53.45	81.75	79.46	1.21
32.33	6.19	2.43	9.5	52.13	97.28	87.89	1.54
30.39	5.58	2.63	10.18	51.19	73.33	86.63	1.61
36.78	5.06	2.14	11.4	55.4	87.37	89.73	1.66
31.39	6.75	2.28	9.09	55.28	72.72	88	1.49
31.66	5.92	2.23	10.06	54.27	75.82	110.47	1.5
35.85	6.53	2.25	9.54	46.15	69.02	87.66	1.36
25.88	5.06	2.68	11.1	49.16	82.99	100.32	1.65
31.21	4.81	2.32	9.95	69.38	73.64	90.65	1.4
30.79	6.56	2.45	10.72	43.85	71.68	76.56	1.29
34.09	6.32	2.81	9.19	51.11	73.13	77.91	1.54
25.86	6.6	2.35	10.21	59.23	80.18	77.7	1.54
27.14	5.12	2.42	12.62	54.01	83.53	86.62	1.47
34.6	6.12	2.83	10.91	42.27	94.51	74.09	1.57
28.33	6.06	2.84	12.06	53.39	80.2	92.14	1.56
25.68	4.88	2.33	10.41	59.74	80.03	76.33	1.42
29.81	5.92	2.61	10.94	48.61	86.26	89.26	1.64
35.81	6.12	2.6	11.65	48.41	74.77	87.96	1.41
26.92	5.88	2.6	12.17	54.38	82.96	82.85	1.46
29.12	6.26	2.02	9.6	47.27	74.05	84.72	1.47
28.94	5.09	2.49	11.12	50.15	79.34	90.99	1.48
30.89	6.14	2.28	10.18	52.07	78.42	107.01	1.37
36.47	4.4	2.01	9.71	63.97	75.7	66.38	1.29
29.66	6.41	2.43	9.42	52.37	79.21	95.33	1.3
26.74	5.23	2.22	12.22	48.39	90.5	84.45	1.43
28.47	5.54	2.31	10.14	51	84.69	88.68	1.37
25.89	5.79	2.44	11.11	48.58	86.15	72.54	1.7
29.82	5.73	2.38	13.31	44.41	79	101.21	1.28
28.71	5.92	2.73	12.83	44.48	70.5	90.61	1.53
23.18	5.77	2.5	9.82	49.69	107.63	85.26	1.4
30.5	5.35	2.54	10.98	54.97	75.51	91.83	1.22
25.08	5.75	2.5	10.56	48.5	66.49	84.1	1.44
33.41	6.31	2.62	11.31	48.96	89.05	88.87	1.34
31.92	6.01	2.48	10.98	48.33	67.13	90.51	1.39
27.05	6.1	2.47	11.9	51.61	72.73	91.25	1.47
29.85	6.27	2.13	10.01	46	64.99	72.45	1.43
32.56	6.24	2.24	9.8	45.93	86.77	101.63	1.56
29.86	5.63	2.43	10.13	42.27	70.66	82.99	1.43
28.08	5.33	2.31	11.98	53.56	77.36	87.91	1.54
33.88	6.26	2.49	11.79	48.29	77.53	84.65	1.4
30.29	5.23	2.47	11.42	48.94	73.33	88.57	1.22
29.25	5.46	2.14	9.26	48.54	85.35	101.84	1.51
29.38	6.16	2.12	9.98	53.82	73.47	84.92	1.4
33.49	4.9	2.16	11.33	43.52	82.25	78.6	1.23
32.52	4.47	2.29	9.63	51.53	92.21	97.61	1.61
31.84	6.36	2.52	11.18	44.92	71.33	90.43	1.17
32.89	5.05	3.1	11.11	46.63	90.41	85.86	1.16
28.52	4.88	2.67	9.88	44.38	92.9	81.93	1.45
29.22	5.36	2.24	12.26	55.47	80.96	111.58	1.56
35.41	5.36	2.83	11.78	58.67	93.95	85.33	1.32
38.67	4.17	2.4	9.46	51.01	79.84	87.56	1.68
31.21	6.21	2.25	10.64	43.7	75.81	75.88	1.3
32.67	5.15	2.58	11.4	56.28	87.18	94.26	1.37
30.12	6.24	2.29	8.97	52.65	79.51	103.51	1.33
28.98	5.41	2.14	10.71	58.14	75.31	80.34	1.3
33.43	5.77	2.66	10.02	43.91	77.14	101.9	1.55
29.74	5.67	2.14	11.14	49.67	85.08	94.18	1.33
32.04	5.9	1.93	9.64	45.96	75.55	93.54	1.27
29.83	5.49	2.63	8.5	55.02	76.96	80.13	1.31
27.74	7.32	2.57	10.65	54.7	93.79	88.96	1.41
31.99	6.19	2.46	11.79	52.49	92.5	104.16	1.33
34.43	6.07	2.26	10.11	59.38	69	98.01	1.45
29.95	4.62	2.36	9.59	58.54	80.85	92.77	1.38
23.87	6.38	3.01	11.93	59.35	85.52	80.57	1.22
31.87	5.63	2.65	10.94	46.1	80.15	101.43	1.36
32.18	5.19	2.96	11.09	48.59	85.83	97.36	1.54
26.44	5.85	2.03	10.41	48.58	76.41	92.56	1.28
29.66	5.94	2.11	10.22	60.71	69.35	97.61	1.39
29.85	6.51	2.68	9.9	51.39	80.51	79	1.4
31.06	6.37	2.4	11.73	46.07	92.33	76.12	1.1
28.49	5.18	2.46	12.78	47.05	66.61	84.88	1.22
34.09	6.56	2.52	10.13	51.51	69.15	73.17	1.41
28.39	5.3	2.85	11.49	55.41	93.84	84.37	1.75
31.35	5.59	2.31	10.2	56.76	75.44	64.54	1.41
35.37	5.48	2.53	9.53	53.15	102.56	87.75	1.17
28.65	5.95	2.8	9.81	47.94	79	86.22	1.47
27.94	4.66	2.5	10.75	60.7	86.93	99.44	1.35
29.07	5.7	2.56	9.45	46.67	88.3	89.92	1.5
29.42	5.32	2.41	12.58	50.25	87.14	98.96	1.45
31.33	6.46	2.34	10.3	61.17	87.74	85.6	1.44
32.21	6.24	2.76	9.94	51.06	83.58	96.55	1.41
32.1	4.85	2.62	9.99	52.6	75.87	92.16	1.42
37.75	5.96	2.31	12.46	63.45	81.18	102.48	1.29
29.85	6.36	2.46	9.05	54.88	80.6	85.98	1.32
33.89	6.1	2.51	10.83	52.33	86.07	88.16	1.35
31.24	6.07	2.27	11.1	54.32	85.59	86.7	1.32
26.68	5.84	2.08	10.45	54.52	87.73	93.66	1.28
25.83	5.66	2.42	12.14	53.34	79.37	86.02	1.47
31.85	5.15	2.34	7.96	45.77	70.16	71.98	1.39
31.12	5.78	2.45	9.21	48.26	82.05	64.07	1.46
27.92	6.37	1.97	10.71	44.33	80.67	86.34	1.35
28.55	5.34	2.58	10.2	54.96	80.64	88.43	1.37
30.52	6.39	2.49	11.23	48.32	78.87	80.77	1.41
29.48	6.51	2.6	9.49	53.45	84.67	92.55	1.34
28.36	5.04	2.3	10.36	49.77	65.37	87.92	1.6
32.72	6.56	2.67	10.01	51.34	73.52	92.99	1.56
28.14	6.68	2.44	10.5	51.67	89.43	82.75	1.43
32.02	5.81	2.29	10.71	51.43	86.5	81.49	1.23
28.39	6.23	2.57	9.21	58.56	89.36	87.65	1.3
26.4	6.05	2.44	11.49	52.96	84.76	89.89	1.38
33	6.4	2	9.65	54.18	88.98	89.35	1.6
24.85	5.75	1.94	9.5	56.65	76.08	79.05	1.17
35.64	5.29	2.63	10.44	51.67	78.12	81.98	1.5
30.32	6.13	2.37	11.51	47.36	81.69	73.66	1.21
30.03	5.65	2.81	10.31	62.75	89.13	79.34	1.41
29.04	6.1	2.71	10.3	47.55	72.62	87.25	1.59
31.67	5.81	2.53	10.91	51.84	98.49	100.69	1.25
25.95	5.98	2.53	8.93	53.4	81.08	79.92	1.54
32.66	5.93	2.74	10.71	46.1	83.2	83.15	1.34
28.72	5.95	2.34	11.2	48.01	68.64	91.68	1.32
24.31	6.34	2.27	10.69	51.02	88.68	100.82	1.48
29.88	5.97	2.26	9.75	47.65	85.57	90.99	1.47
34.83	5.22	2.46	10.37	51.33	77.75	90.57	1.38
29.73	7.18	2.27	11.23	54.63	90.5	83.92	1.22
31.55	5.5	2.64	11.23	53.71	83.1	99.47	1.53
30.44	5.84	2.39	12.6	47.34	78.21	86.65	1.4
33.81	5.15	2.12	10.57	56.49	80.96	90.96	1.52
31.3	5.6	2.64	11.6	43.53	90.47	81.06	1.63
29.16	5.75	2.37	9.65	54.12	78.14	73.89	1.44
25.71	6.22	2.23	10.78	48.02	75.55	84.05	1.66
34.68	5.17	2.77	9.65	54.57	77.34	89.9	1.41
27.23	5.24	2.38	10.23	49.26	70.53	84.1	1.41
31.64	5.55	2.4	11.1	50.52	79.08	90.13	1.58
28.9	5.93	2.33	10.03	54.68	78.26	89.91	1.44
28.13	5.41	2.35	9.34	57.28	66.87	92.2	1.53
32.02	6.32	2.54	8.89	52.3	79.24	96.62	1.34
24.16	5.19	2.52	11.17	44.88	76.95	91.37	1.28
32.58	5.78	2.06	11.1	55.62	73.75	87.38	1.4
30.99	4.48	2.67	9.87	51.66	70.73	86	1.04
31.71	5.71	2.41	8.07	46.84	69.26	80.32	1.41
32.45	6.81	2.56	9.61	44.87	72.63	86.13	1.37
25.39	6.2	2.32	12.91	48.81	91.71	72.07	1.4
29.96	5.98	2.64	10.94	47.98	63.75	75.11	1.35
26.87	5.78	2.14	10.47	50.75	83.74	85.83	1.44
29.76	6.17	2.17	8.87	48.61	93.05	68.27	1.81
30.84	6.35	2.39	11.01	43.96	78.25	92.2	1.22
26.94	5.09	2.41	9.08	48.09	89.18	89.1	1.68
35.12	6.22	2.52	10.33	43.55	78.29	77.73	1.31
26.83	6.37	2.53	9.82	53.29	68.4	78.57	1.29
27.94	6.22	2.21	10.54	49.77	79.13	96.9	1.68
32.1	6.24	2.37	9.92	55.21	72.11	81.16	1.48
26.15	5.23	2.36	10.84	54.44	96.49	81.85	1.38
27.09	5.3	2.67	11.42	48.79	78.96	100.64	1.34
26.73	6.07	2.29	12.23	48.58	65.4	104.23	1.27
29.08	6.44	2.56	11.03	54.49	82.04	85.87	1.55
30.83	5.18	2.33	10.98	50.47	77.2	92.58	1.35
27.71	5.62	2.75	10.92	59.05	75.67	78.73	1.11
27	5.52	2.77	10.87	67.74	74.68	77.09	1.46
31.24	5.16	2.8	11.11	50.83	65.58	93.94	1.35
30.84	4.78	2.31	10.73	60.56	80.44	79.37	1.47
26.73	5.68	2.52	8.89	54.3	79.61	113.84	1.36
30.7	5.07	2.04	11.66	56.19	71.3	81.75	1.32
33.59	5.72	2.61	9.12	65.51	68.73	99.73	1.46
26.13	5.92	2.24	10.06	51.76	72.81	82.99	1.78
29.02	4.81	2.38	10.64	42.01	74.54	84.89	1.53
30.44	5.25	2.04	10.37	50.28	98.53	85.15	1.26
31.44	6.54	2.62	10.15	46.68	88.43	81.95	1.57
35.25	6.32	2.45	8.08	55.48	75.24	100.13	1.35
32.38	6.06	2.3	12.6	50.64	75.88	93.44	1.39
33.26	5.21	2.44	12.33	48.36	78.38	84.95	1.62
31.16	6.3	2.36	8.59	54.16	70.02	92.65	1.21
33.58	5.48	2.22	10	54.25	76.07	91.92	1.38
30.52	4.77	2.33	9.89	51.46	82.35	81.19	1.32
30.97	5.67	2.14	9.8	48.62	78.85	105.2	1.21
31.24	5.76	2.45	9.75	49.98	79.82	79.1	1.43
31.09	4.74	2.83	12.6	38.59	80.88	85.71	1.28
