35.54	46.97	31.09	7.54	24.67	1.4	24.61	11.52
36.79	43.98	25.53	6.21	28.17	1.47	26.92	12.03
42.65	41.56	27.15	6.89	29.61	1.51	26.05	12.55
39.55	39.42	22.43	6.96	25.09	1.39	24.73	14.32
34.18	40.9	21.88	6.89	31.64	1.62	26.48	12.59
45.58	40.9	26.84	6.47	28.64	1.41	30.67	10.25
35.91	51.55	32.15	6.93	31.63	1.5	28.18	12.83
43.13	42.47	23.13	6.43	27.68	1.67	21.75	11.45
36.05	45.32	26.64	6.7	24.47	1.87	26.49	11.51
42.19	49.93	22.35	6.96	26.84	1.32	24.47	11.55
37.03	40.49	24.62	6.72	31.84	1.48	26.21	13.05
45.4	45.92	32.54	6.4	29.38	1.69	24.56	15.34
33.16	43.98	28.17	7.43	29.64	1.43	25.15	11.13
38.93	40.5	28.86	7.72	30.44	1.22	23.64	11.5
32.15	41.12	24.76	7.72	25.37	1.26	25.06	14.19
36.41	40.64	25.9	6.67	25.39	1.69	24.9	14.42
37.11	48.38	27.92	6.05	32.87	1.49	26.34	12
43.05	42.4	25.93	7.46	25.81	1.61	27.47	14.34
36.34	42.46	23.82	7.54	26.34	1.42	27.13	15.26
40.25	46.24	25.28	7.4	32.45	1.54	28.33	13.98
43.47	49.61	25.22	7.9	24.43	1.38	31.31	14.34
37.83	42.77	25.99	7.43	27.5	1.62	28.47	15.01
36.36	41.9	28.74	6.33	27.91	1.78	24.6	12.79
40.33	45.45	24.51	7.06	26.72	1.47	22.99	13.38
42.46	39.75	25.3	7.32	29.71	1.44	28.42	14.14
36.95	49.67	28.11	6.93	22.67	1.5	26.42	11.7
37.52	46.78	29.8	7.29	27.87	1.57	30.01	14.9
40.6	42.73	29.85	7.16	26.89	1.63	32.8	13.07
40.63	39.26	27.7	6.75	27.53	1.55	23.24	12.64
32.68	44.98	31.74	7.31	25.19	1.62	28.43	12.45
38.81	42.49	33.47	6.47	25.7	1.59	27	12.87
39.13	49.32	31.19	7.63	30.17	1.36	25.54	14.05
32.45	39.29	27.79	6.78	24.87	1.59	29.74	12.07
41.62	44.04	33.94	6.39	31.77	1.53	26.17	10.58
44.14	52.68	28.14	6.73	30.44	1.72	28.89	11.96
37.29	49.49	29.37	7.39	26.19	1.56	22.82	11.13
41.54	43.9	24.32	7.3	28.07	1.56	24.33	12.2
37.21	43.07	28.35	6.38	27.88	1.66	31.89	13.3
37.9	35.2	32.78	6.12	29.04	1.59	35.24	14.77
38.82	45.43	26.8	6.02	29.28	1.36	25.79	12.67
38.91	37.66	26.43	6.58	28.16	1.62	29.86	15.1
35.67	50.07	23.69	5.82	30.23	1.46	28.84	13.79
36.14	38.5	26.23	7.24	23.39	1.58	24.42	12.79
39.39	43.58	25.74	7.27	24.12	1.6	28.39	10.71
35.86	60.43	32.63	5.95	35.46	1.59	24.44	14.5
36.32	40.49	30.97	6.52	26.04	1.49	29.44	12.07
34.82	53.6	31.27	6.5	29.82	1.47	23.94	15.27
36.15	41.12	25.74	6.25	30.91	1.48	33.48	13.7
31.98	42.52	25.9	7.78	28.73	1.39	26.6	13.36
39.39	42.55	26.14	6.35	33.28	1.68	28.63	13.01
37.36	40.88	22.55	7.28	22.75	1.47	26.6	13.48
38.93	47.89	29.47	8.48	28.07	1.49	30.39	10.37
37.05	49.03	31.36	7.33	27.82	1.3	19.83	12.34
38.92	44.43	26.07	7.89	29.54	1.63	22.86	13.79
33.51	51.67	25.15	7.56	26.81	1.42	28.87	13.9
33.45	47.02	25.04	7.62	24.8	1.44	30.5	13.44
33.51	52.69	26.12	6.78	26.78	1.52	30.52	14.93
41.66	42.47	31.61	7.09	29.9	1.42	29.53	14.28
36.04	41.46	26.99	6.82	28.35	1.28	28.26	12.93
39.43	44.44	26.17	7.1	25.82	1.37	21.44	11.5
39.17	44.96	26.32	5.73	28.87	1.76	25.38	11.31
38.96	41.66	24.27	6.72	27.9	1.41	30.19	12.7
36.83	52.43	32.15	7.56	22.51	1.39	26.73	11.54
33.84	45.2	28.1	6.65	29.65	1.33	31.42	12.5
37.76	44.92	30.73	7.3	28.58	1.38	27.36	14.69
34.76	42.89	26.53	8.39	30.5	1.47	27.69	13.83
37.74	50.96	30.21	6.46	33.59	1.67	28.3	12.66
37.48	38.35	29.76	6.11	32.41	1.68	25.51	12.69
33.92	40.3	28.21	6.86	27.83	1.37	24.8	11.24
46.39	47.94	27.24	8.08	25.57	1.25	23.24	12.85
40.49	45.39	30.89	5.84	29.58	1.45	26.63	12.86
37.78	50.7	25.94	5.92	25.51	1.53	23.02	12.29
36.51	48.08	27.84	6.69	26.85	1.47	23.29	13.37
38.47	51.65	27.61	6.86	27.55	1.56	27.38	13
37.2	54.56	29.38	8.87	34.75	1.54	26.59	14.77
34.48	44.74	26.84	8.08	27.28	1.51	27.64	12.79
38.95	36.18	29.57	6.28	28.57	1.47	26.17	13.9
38.43	45.62	27.23	7.48	27.46	1.65	27.9	13.44
37.61	56.84	28	6.46	28.27	1.23	25.52	13.99
42.84	44.41	37.28	5.78	29.28	1.47	24.64	11.78
39.85	44.43	29.19	5.64	30.67	1.29	26.68	15.06
34.74	41.95	30.41	6.81	25.71	1.5	26.82	11.92
38.7	39.82	23.68	7.1	28.83	1.39	24.68	13.11
39.99	48.14	25.77	6.67	24.99	1.59	25.2	14.18
36.85	41.65	32.65	7.76	28.45	1.42	29.32	14.06
34	42.23	26.48	8.12	26.97	1.65	27.22	15.41
33.43	41.71	26.93	6.56	29.41	1.34	27.17	13.66
39.92	43.37	28.19	6.19	26.55	1.42	27.18	14.84
39.58	44.35	27.43	7.05	26.33	1.49	28.32	14.48
34.29	41.9	31.37	7.24	29.46	1.28	26.48	14.08
37.13	39.43	29.81	5.94	27.18	1.39	27.39	13.66
36.43	39.89	32.3	6.25	30.33	1.58	28.58	14.26
36.57	43.06	23.68	7.74	30.55	1.46	24.07	12.44
39.12	46.61	29.1	7.12	26.2	1.32	30.67	11.85
38.68	39.12	25.86	7.47	28.59	1.32	29.28	13.27
38.5	44	34.31	6.93	31.22	1.62	28.99	11.59
31.47	41.24	32.08	6.81	28.53	1.52	26.68	13.23
36.14	38.03	23.19	5.52	26.18	1.56	27.01	13.54
34.04	45.53	26.52	7	22.29	1.7	22.47	11.25
43.21	46.8	28.12	6.66	25.92	1.41	26.32	10.56
42.62	43.65	26.76	7.91	30.95	1.15	28.3	12.54
42.37	54.5	28.37	8.26	30.45	1.27	27.07	13.69
40.79	41.78	31.95	6.37	30.09	1.68	30.89	14.41
38.43	43.01	32.87	6.62	29.94	1.51	26.17	13.68
45.23	41.79	31.38	6.22	31.22	1.38	25.38	9.98
51.39	47.65	27.86	5.88	31.05	1.38	31.41	13.61
45.92	44.23	32.79	7.58	27.11	1.41	26.59	12.71
37.8	46.86	27.03	7.49	28.01	1.68	26.54	12.56
35.35	47.39	25.21	6.39	25.59	1.46	26.44	13.03
30.81	43.53	27.12	7.49	30.26	1.46	29.52	15.62
39.43	41.87	22.1	7.83	30.26	1.53	30.82	13.19
37.98	50.46	27.77	6.9	28.29	1.67	30.1	14
31.75	48.69	27.17	6.78	30.43	1.58	29.21	14.22
41.55	46.58	25.14	6.87	30.83	1.66	33.16	12.63
43	48.53	28.05	5.94	34.35	1.43	27.37	13.2
42.67	39.56	24.98	6.85	27.04	1.48	28.63	14.45
40.43	42.99	33.69	6.55	28.71	1.62	30.48	12.64
37.56	46.51	29.54	6.18	28.25	1.41	28.47	13.24
40.93	47.12	29.69	6.45	28.02	1.45	29.95	14.05
39.64	42.15	26.03	6.28	35.5	1.38	28.98	12
42.27	40.78	25	6.34	27.69	1.42	27.65	12.48
39.41	40.31	27.87	7.15	31.06	1.64	21.37	14.6
38.95	48.73	29.28	7.19	25.72	1.58	25.77	14.23
40.88	45	27.5	5.8	33.77	1.55	25.45	13.95
34.2	45.27	31.87	6.37	28.81	1.39	26.04	14.63
41.96	45.91	24.77	6.83	28.31	1.45	29.57	15.8
40.33	47.2	31.89	7.1	26.12	1.68	27.68	14.7
35.71	44.66	27.23	7.05	27.26	1.46	33.79	11.36
36.45	43.65	27.7	8.13	33.33	1.26	27.22	13.58
38.54	48.5	27.43	7.63	27.45	1.43	25.7	14.25
38.09	47.38	29.05	6.7	28.91	1.47	28.32	10.61
39.01	44.3	26.62	6.76	25.03	1.29	26.54	13.54
40.02	44.19	29.44	8.04	29.48	1.27	21.13	13.12
34.12	53.25	25.21	7.39	34.17	1.35	22.56	13.75
37	55.39	27.43	6.43	27.09	1.45	29.97	10.11
38.53	41.84	24.18	7.35	26.22	1.41	27.89	12.82
40.9	50.1	28.37	7.45	30.1	1.66	27.62	14.39
36.79	36.51	27.85	6.54	28.42	1.23	31.22	11.7
28.44	35.93	28.76	7.9	27.29	1.35	28.69	14.46
42.92	44.73	26.9	5.9	29.29	1.4	26.81	15.03
40.96	45.94	25.98	6.79	30.69	1.27	29.14	11.45
41.69	47.61	29	6.7	31.04	1.59	25.61	13.41
32.74	41.05	25.52	7.27	27.3	1.68	26.74	13.18
38.77	39.96	24.78	6.86	30.32	1.36	27.39	11.6
40.86	44.77	33.56	7.4	25.59	1.68	33.2	13.24
35.46	42.3	29.73	7.1	26.55	1.44	29.49	14.46
35.33	38.44	29.37	7	27.15	1.28	27.76	12.46
44.6	38.18	27.76	6.85	27.74	1.34	31.07	11.66
34.11	50.16	25.1	6.83	26.07	1.65	30.14	11.93
40.12	49.96	26.38	7.76	29.49	1.3	31.44	11.81
32.78	49.38	29.29	6.44	32.43	1.32	25.82	13.62
36.31	42.04	28.82	6.08	29.29	1.38	25.36	14.25
33.3	44.38	32.66	6.96	28.97	1.45	27.67	12.09
41.98	44.54	27.65	7.63	25.28	1.31	29	14.32
41.46	47.01	25.48	5.98	24.03	1.64	28.47	13.55
34	43.45	29.7	7.29	28.47	1.53	22.41	11.95
36.54	47.92	26.56	5.9	32.03	1.31	25.94	13.4
36.84	42.03	29.2	5.58	29.88	1.44	24.52	12.93
33.69	40.19	30.67	6.1	25	1.56	27.52	13.96
28.48	38.64	28.13	5.76	27.97	1.54	21.54	14.15
37.54	46.51	29.33	6.1	29.19	1.47	22.26	13.13
40.95	34.05	28.97	6.78	25.6	1.45	27.27	13.85
43.67	36	28.42	6.63	25.29	1.29	32.63	14.76
38.7	44.2	28.13	7.34	28.95	1.71	23.35	11.76
35.25	38.33	26.81	7.4	30.06	1.63	27.25	11.14
42.86	45.2	28.39	7.37	22.6	1.63	25.87	12.29
34.81	43.11	24.91	7.3	33.17	1.47	25.28	12.82
36.56	45.69	29.19	7.77	24.29	1.4	31.2	13.81
39.42	43.92	25.83	7.89	27.44	1.25	27.32	13.9
36.05	46.28	27.91	7.61	30.34	1.75	26.54	14.62
42.82	54	27.17	8.83	32.22	1.78	29.62	12.97
39.09	43.09	23.72	7.64	28.72	1.85	22.94	11.24
35.01	42	25.05	7.26	32.1	1.36	24.92	13.53
39.79	49.32	25.14	7.68	25.35	1.61	29.09	13.97
34.82	47.56	30.12	7.69	29.39	1.53	24.9	13.24
32.49	43.09	31.6	6.24	30.11	1.66	30.38	15.23
39.36	49.21	22.96	7.62	27.08	1.58	28.62	15.44
36.99	39.65	26.49	6.2	26.79	1.4	28.2	12.28
34.77	39.71	29.18	6.88	30.97	1.39	28.89	14.05
46.19	45.27	27.22	5.6	35.26	1.55	24.65	12.11
34.75	41.03	30.44	6.9	31.61	1.5	30.42	11.88
36.07	45.33	23.52	5.78	26.31	1.49	27.02	13.83
34.78	49.55	27.57	5.91	31.29	1.52	28.14	12.95
46.89	47.96	26.56	8.05	33.73	1.63	23.07	13.35
41.56	44.95	27.02	7.29	29.27	1.49	27.16	13.44
36.31	41.96	28.45	6.68	25.6	1.49	27.43	14.46
46.41	40.63	31.19	6.63	35.01	1.42	29.52	12.64
36.67	43.28	28.18	6.72	32.77	1.63	30.12	12.36
32.4	40.94	30.02	8.04	29.59	1.48	30.07	14.64
35.18	41.92	25.87	6.48	28.76	1.59	23.39	13.16
39.02	43.43	27.89	6.33	26.95	1.32	28.23	12.5
29.02	51.31	30.84	6.99	28.37	1.29	24.86	13.15
35.92	47.52	27.33	8.78	28.15	1.48	27.17	16.53
38.87	44.73	26.29	6.46	23.98	1.51	28.98	12.47
41.53	43.93	27.62	6.58	27.36	1.59	29.21	11.59
39.57	39.56	28.73	6.42	25.81	1.62	30.71	12.81
37.83	40.15	24.43	5.88	26.89	1.48	28.12	13.96
41.89	46.86	27.83	6.05	26.84	1.7	24.89	10.75
37.39	41.03	24.29	5.78	32.53	1.66	30.15	12.43
36.63	44.47	23.87	7.02	30.07	1.88	28.18	14.52
38.69	45.96	25.81	5.44	26.96	1.41	27.3	9.64
35.74	49.87	29.76	6.47	29.66	1.31	25.83	14.55
31.69	55.83	26.77	8.84	30.86	1.66	23.67	13.9
40.17	48.51	25.04	6.73	28.91	1.69	27.62	14.1
39.04	40.86	25.93	7.07	29.55	1.49	28.13	13.21
39.22	46.13	32.1	7.68	29.57	1.65	28.01	10.86
37.47	47.07	25.46	6.69	32.02	1.56	30.78	11.53
46.83	41.93	23.79	8.97	27.4	1.63	28.12	13.84
38.29	40.45	27.59	6.86	28.64	1.55	25.78	13.41
42.46	39.52	27.72	7.02	25.58	1.6	29.73	13.66
41.95	44.34	26.26	6.85	31.38	1.57	30.52	11.81
30.93	45.23	30.48	7.72	30.4	1.4	23.82	14.2
39.97	43.71	28.77	8.78	32.1	1.56	25.45	12.22
33.3	42.51	29.25	7.76	30.65	1.73	24.59	14.53
39.81	43.51	33.43	8.21	29.13	1.52	23.24	11.02
37.9	40.25	23.72	7.3	26.44	1.92	26.48	12.54
37.74	38.95	24.7	6.6	27.07	1.26	21.54	10.97
40.91	41.45	27.77	6.9	27.92	1.58	23.01	14.25
38.34	39.44	28.27	7.04	28.5	1.86	27.65	13.55
43.04	41.24	27.52	5.29	23.19	1.69	26.52	15.01
39.37	53.48	29.29	6.38	28.16	1.74	24.16	13.44
38.06	43.22	27.6	7.29	29.87	1.25	29.08	13.54
40.02	42.63	27.98	7.52	27.69	1.33	29.47	12.02
42.97	50.48	28.83	6.39	33.37	1.39	26.92	12.96
39.84	38.85	25.16	7.25	26.98	1.54	28.12	11.38
33.31	43.35	33.6	6.98	26.12	1.42	28.71	13.75
35.48	47.45	28.3	5.87	27.94	1.46	27.51	14.56
38.99	45.66	26.97	7.73	27.86	1.47	28.46	13.26
34.52	44.5	25.67	7.71	27.56	1.56	29.86	13.07
38.23	47.13	28.87	5.62	30.42	1.67	28.49	13.78
36.79	47.6	31.99	5.93	31.27	1.45	29.87	11.81
41.47	45.79	32.06	7.18	26.06	1.42	29.98	13.5
36.91	45.02	26.81	7.83	29.52	1.54	26.01	13.69
36.56	41.59	32.74	6.96	30.3	1.3	25.41	12.5
35.2	38.86	27.13	7.58	26.1	1.44	26.85	12.08
39.99	46.61	30.59	7.86	28.39	1.28	25.51	13.11
36.63	43.04	26.51	7.68	25.33	1.69	25.85	14.11
44.98	43.95	23.81	6.88	24.75	1.33	28.74	12.67
38.46	40.1	23.6	6.96	23.1	1.63	26.5	12.82
40.64	47.01	28.04	6.3	31.5	1.39	28.26	13.45
38.59	40.62	27.17	5.83	26	1.41	27.32	13.52
36.79	49.22	24.28	6.64	24.55	1.39	28.15	12.72
45.91	38.53	31.31	6.93	26.53	1.95	22.11	13.65
35.17	40.09	23.43	7.58	32.96	1.74	26.2	11.74
38.85	46.5	25.99	6.85	24.36	1.77	30.11	15.49
41.43	49.76	25.26	5.89	27.93	1.78	26.67	13.36
39.7	43.13	29.51	7.84	27.95	1.28	28.17	13.75
36.19	41.66	28.32	7.71	27.02	1.51	27.76	12.84
35.42	43.19	27.71	6.3	27.66	1.87	30.49	11.4
37.97	49.36	26.51	6.92	29.07	1.45	26.12	13.27
34.05	44.96	25.9	7.27	26.66	1.35	26.7	13.39
29.68	52.35	32.67	6.4	27.56	1.38	32.63	13.28
38	40.29	30.68	7.52	28.04	1.24	29.14	13.78
43.11	48.51	29.1	6.05	26.81	1.29	29.65	14.83
39.14	45.19	25.98	6.35	32.1	1.59	26.32	11.03
43.84	39.08	30.77	7.27	28.26	1.62	24.15	13.75
39.69	41.52	24.61	7.73	29.57	1.51	23.69	12.38
40.44	45.49	26.08	8.03	31.98	1.59	29.71	13.33
37.73	42.75	32.92	7.66	30.14	1.59	30.22	14.07
37.58	44.65	22.27	6.46	22.44	1.36	24.65	14.09
32.57	44.92	28.31	6.72	26.87	1.43	21.73	13.83
37.04	56.11	26.38	6.57	31.44	1.7	27.08	12
41.28	45.62	25.52	7.44	29.59	1.47	27.58	13.24
37.47	37.04	27.04	6.6	28.82	1.34	30.09	13.27
34.35	46.74	31.98	6.15	31.18	1.27	27.77	10.37
32.72	48.7	24.3	6.37	27.2	1.22	26.21	13.92
42.02	45.26	23.99	6.59	34.64	1.41	28.75	12.44
39.26	46.62	32.9	7.24	20.36	1.4	29.27	11.38
37.49	43.17	31.08	6.81	26.37	1.61	31.23	12.7
36.56	41.23	26.89	7.43	27.14	1.71	30.84	13.05
39.67	43.52	25.76	6.57	31.32	1.55	28.9	13.5
35.57	52.32	25.91	7.25	26.58	1.38	30.43	15.98
37.29	37.85	30.93	6.81	30.88	1.57	24.06	14.13
40.84	49.72	26.94	6.47	27.77	1.68	26.53	13.97
37.09	39.27	26.62	7.16	30.84	1.81	27.1	10.16
31.89	49.5	35.08	7.29	27.96	1.51	28.1	13.71
37.59	43.37	30.47	6.58	28.37	1.33	27.12	12.33
44.28	45.4	33.72	8.18	26.71	1.61	32.54	14.61
46.02	47.32	29.58	7.01	23.88	1.62	28.07	11.47
33.96	46.46	27.05	8.13	27.43	1.48	26.63	12.93
36.71	42.58	30.72	6.68	28.24	1.55	25.77	12.11
33.84	43.69	31	6.35	31.89	1.29	26.3	13.89
43.41	44.54	31.27	7.15	31.98	1.39	24.7	14.32
33.17	43.74	28.57	7.17	24.74	1.68	29.31	11.19
43.72	43.55	25.9	6.12	25.35	1.51	29.15	13.42
33.86	52.49	30.67	7.04	29.3	1.68	26.75	11.44
39.08	49.04	26.47	5.73	26.48	1.45	21.7	14.49
37.5	44.09	27.74	8.69	24.64	1.23	22.86	11.33
29.49	45.18	28.59	6.82	26.18	1.43	23.24	11.66
40.29	50.01	27.47	6.36	28.89	1.56	25.78	13.87
40.87	51.75	25.14	7.09	25.44	1.36	30.78	13.16
38.99	52.09	31.38	6.87	30.14	1.6	21.66	12.1
39	48.23	23.53	8.12	26.05	1.75	29.2	13.04
38.43	47.62	23.5	6.02	30.37	1.45	23.84	14.73
39.56	45.64	29.37	5.95	30.9	1.38	26.22	14.92
46.35	45.21	25.82	7.59	29.32	1.46	25.19	14.9
36.91	47.64	27.88	6.77	28.12	1.33	30.72	13.83
40.07	45.23	29.63	7.78	27.01	1.4	29.71	10.57
36.17	42.76	27.83	6.27	28.8	1.7	28.25	12.71
38.7	37.93	27.22	6.39	28.06	1.27	28.3	12.33
37.43	46.26	26.42	7.32	27.13	1.51	24.26	11.54
44.56	40.93	28.49	6.41	29.91	1.21	27.51	11.82
38.96	41.71	30.85	6.87	26.29	1.42	26.35	13.18
38.28	43.18	32.75	7.85	26.57	1.75	27.98	13.93
42.55	47.07	26.59	7.51	23.6	1.2	22.75	13.44
37	42.61	23.33	6.33	27.58	1.54	26.41	13.24
38.7	43.86	27.39	6.44	24.15	1.34	23.48	12.16
36.8	42.09	29.42	6.65	30.89	1.59	25.79	14.4
40.89	48.79	27.22	6.77	30.02	1.4	27.09	11.39
34.28	41.47	25.35	6.57	31.38	1.45	33.73	11.14
38.31	50.98	31.4	7.78	24.67	1.59	23.47	11.63
38.41	50.7	29.06	6.79	25.47	1.5	24.77	12.65
34.31	43.75	25.08	6.36	26.51	1.53	25.99	12.3
34.45	41.29	30.09	7.73	24.72	1.59	30.86	12.07
35.81	37.37	29.48	8.4	19.41	1.27	29.87	12.39
37.79	40.93	31.14	7.44	29.13	1.78	27.77	12.63
37.91	41.86	32.09	7.32	29.43	1.54	28.98	15
33.01	48.84	34.51	7.45	33.06	1.45	24.38	13.95
38.18	49.41	28.35	7.16	29.6	1.33	28.81	12.81
41.39	52.32	27.84	7.29	31.77	1.36	27.83	12.24
33.07	45.24	31.02	6.98	28.38	1.55	26.18	14.96
45.28	45.47	31.15	7.75	33.3	1.49	28.19	14.01
35.09	51.46	29.48	5.26	24.87	1.59	27.58	14.67
37.83	44.78	30.02	7.19	29.25	1.48	28.11	14.17
41.74	48.27	29.71	6.98	29.59	1.13	28.78	12.39
38.33	46.02	25.63	7.14	25.78	1.45	26.08	13.36
36.37	58.11	27.89	6.17	25.23	1.5	30.31	12.54
43.68	48.55	25.98	5.74	30.22	1.27	29.32	14.33
36.15	46.21	24.01	7.29	33.18	1.25	27.01	13.95
36.6	38.83	24.32	5.77	28.14	1.57	26.45	11.25
37.46	41.46	27.05	6.4	28.82	1.56	30.81	13.36
38.7	42.58	31.04	6.53	26.79	1.61	32.17	14.25
42.13	49.57	28.38	7.09	27.97	1.58	29.05	12.37
39.19	42.2	26.36	6.18	29.6	1.56	27.5	12.9
36.68	42.84	27.34	7.44	28.52	1.78	26.09	13.8
41.33	45.2	28.81	8.03	28.32	1.27	26.46	13.42
43.08	51.56	26.67	7.49	29.76	1.25	30.19	12.52
29.23	48.97	28.47	6.43	26.78	1.48	24.79	12.72
36.7	53.82	22.2	6.5	26.49	1.34	26.6	14.62
32.12	45.13	23.28	6.44	28.16	1.17	27.16	12.44
38.48	47.71	26.44	6.79	25.86	1.52	25.3	11.92
38.19	40.81	29.34	6.29	28.08	1.34	24.97	12.19
39.16	46.8	25.61	6.45	27.5	1.34	28.84	12.71
32.38	47.38	25.24	6.58	28.57	1.24	25.4	11.66
41.34	45.28	23.57	6.73	22.76	1.37	27.87	13.64
39.53	40.93	30.41	8.97	25.66	1.35	27.68	12.76
41.01	43.21	29.77	6.58	31.89	1.27	26.47	11.79
37.38	54.6	27.96	7.42	26.13	1.64	23.45	12.12
35.6	46.26	30.74	7.24	26.82	1.46	27.25	12.42
34.98	38.64	24.82	5.83	28	1.25	29.01	14.12
40.52	41.16	25.45	7.99	24.62	1.42	25.28	12.88
38.83	45.06	33.63	6.48	28.97	1.55	26.17	13.82
46.59	41.93	24.04	8.21	24.37	1.38	27.13	13.52
36.94	37.6	31.47	6.76	32.95	1.33	24.57	10.55
33.37	34.99	29.72	6.79	27.76	1.23	26.73	13.35
40.46	42.06	24.43	6.62	28.2	1.62	24.26	12.91
34.45	47.53	26.84	8.06	31.27	1.17	28.34	12.66
42.47	41.47	32.6	6.79	30.11	1.49	28.43	14.38
38.13	52.27	25.43	5.56	32.2	1.31	32.45	13.76
38.21	42.55	30.25	6.88	31.52	1.38	25.17	13.58
38.22	48.51	25.84	7.33	25.29	1.47	30.64	12.36
37.32	37.41	27.4	6.84	34.65	1.43	28.33	11.78
39.36	53.33	31.18	7.16	26.4	1.63	24.7	13.95
40.33	48.24	26.86	6.87	27.93	1.74	24.97	14.59
40.98	49.42	22.77	7.1	28.6	1.43	29.48	12.13
37.93	40.63	24.03	5.93	31.78	1.58	28.76	10.41
38.13	43.63	24.85	6.24	34.22	1.45	27.96	15.22
35.78	51.12	32.37	5.97	28.34	1.41	27.66	13.42
40.23	41.91	27.22	7.84	23.68	1.62	30.43	12.4
38.48	46.97	29.24	6.4	30.44	1.25	27.78	13.71
33.43	42.82	30.16	6.38	27.9	1.23	27.08	11.85
36.91	47.87	28.99	4.65	31.15	1.74	25.18	13.43
35.84	43.91	27.9	7.15	27.17	1.57	26.02	15.02
38.4	40.94	30.25	7.18	21.15	1.44	28.02	12.06
44.46	40.79	26.48	7.61	30.93	1.66	32.65	13.3
33.18	48.63	28.03	7.32	27.14	1.62	24.03	12.16
32.94	45.96	27.47	7.95	28.02	1.82	29.34	13.2
38.82	47.98	25.13	6.29	26.65	1.33	27.78	13.96
42.99	39.09	28.03	8.3	31.6	1.44	29.33	13.52
40.94	40.62	26.13	7.99	28.35	1.28	29.72	12.01
36.99	48.4	20.25	6.91	29.53	1.36	26.23	10.62
35.72	45.22	32.93	6.06	26.99	1.24	32.1	12.11
36.45	48.97	29.02	7.96	27.4	1.12	33.29	11.54
43.99	52.97	29.14	7.12	28.99	1.5	25.31	11.81
40.11	42.89	28.22	7.33	27.78	1.65	27.37	12.92
38.23	37.35	26.85	6.51	24.71	1.4	26.92	13.47
31.68	35.04	26.3	6.27	29.48	1.64	21.87	11.61
37.73	46.67	25.02	7.06	31.28	1.22	28.54	14.07
41.73	54.48	25.81	7.04	30.07	1.63	29.32	13.16
37.82	45.45	26.21	6.46	29.83	1.44	27.43	14.17
37.63	43.31	26.67	6.91	27.35	1.38	28.65	14.13
37.37	51.76	33.32	5.84	30.09	1.49	32.14	13.5
36.85	44.62	24.12	6.66	26.42	1.62	24.19	12.87
34.26	38.52	26.22	6.44	29.47	1.57	24.76	12.54
31.04	48.24	28.18	6.37	32.39	1.63	26.87	12.73
42.4	43.77	23.44	6.47	28.98	1.33	27.85	15.29
31.36	45.17	27.42	6.32	29.27	1.44	29.16	11.72
33.26	41.14	30.92	6.62	29.79	1.36	31.78	15.1
33.9	49.29	29.99	7.1	28.77	1.64	28.62	14.38
46.9	42.51	25.15	6.95	33.31	1.32	32.04	14.18
34.25	46.94	25.63	7.35	25.22	1.44	21.44	13.38
38.88	48.63	27.73	6.69	24.9	1.41	25.91	12.69
36.83	45.1	27.18	6.69	26.27	1.36	30.06	13.25
39.59	49.04	26.81	7.15	23.52	1.5	28.3	14.47
32.68	48.27	28.03	7.56	29.32	1.23	27.77	11.54
38.83	48.16	25.81	6.48	31.92	1.55	23.67	12.22
41.94	42.5	21.99	7.71	27.36	1.54	29.66	15.88
31.89	35.58	29.23	6.38	28.15	1.49	27.33	13.27
36.15	42.28	28.11	6.38	26.99	1.87	25.55	12.87
32.65	43.04	29.65	7.06	28.44	1.54	29.57	13.43
39.28	48.27	28.24	6.24	28.51	1.36	26.41	13.98
31.34	44.58	29.32	7.09	27.04	1.4	25.89	13.32
43.66	39.91	28.29	7.3	26.41	1.57	29.65	11.95
33.86	44.86	28.92	7.93	24.37	1.72	25.79	14.3
42.33	52.52	26.65	6.78	27.87	1.41	24.8	12.66
40.22	47.49	26.01	7.5	30.8	1.49	28.64	13.68
44.42	38.5	28.23	7.42	26.6	1.29	25.16	14.3
44.92	43.25	29.15	7.49	27.33	1.31	25.07	13.66
38.19	41.82	25.22	7.33	25.79	1.64	26.31	10.36
47.34	49.25	28.22	6.67	25.66	1.38	29.15	13.89
37.86	44.36	29.1	6.65	28.12	1.64	28.73	12.46
34.2	51.1	24.7	8.22	24.34	1.6	23.81	14.21
39.55	43.42	30.32	6.54	32.83	1.47	27.66	14.61
40.99	42.87	28.13	7.72	32.12	1.71	30.62	11.71
39.23	46.04	25.6	5.89	22.32	1.47	26.5	12.28
38.44	47.3	30.94	6.4	35.49	1.51	27.85	13.99
33.11	46.38	27.27	7.23	22.29	1.35	32.08	13.74
34.43	45.34	28.02	9.33	28.07	1.49	28.07	11.91
36.52	39.68	30.44	7.1	24.38	1.54	26.39	11.96
40.7	45.09	23.27	7.11	24.7	1.45	20.26	13.32
46.41	37.06	28.25	7.37	27.86	1.74	27.23	13.2
38.33	41.07	24.97	6.91	33.69	1.37	27.29	11.16
30.92	39.34	23.46	6.7	33	1.34	26.29	13.83
38.22	43.53	27.52	6.38	26.35	1.4	24.95	13.26
38.17	45.17	27.33	7	25.44	1.75	27.83	10.59
37.44	43.95	30.22	6.68	30	1.61	23.8	12.21
38.23	40.6	29.31	6.96	33.83	1.67	35.02	11.93
32.35	41.49	25.91	7.17	27.5	1.61	25.44	11.68
37.45	43.35	28.27	7.84	27.84	1.44	28.87	11.73
39.51	43.85	29.22	8.02	29.32	1.34	25.8	14.3
36.45	38.51	31.23	8.36	27.4	1.57	25.09	12.98
34.79	40.62	25.45	5.83	27.65	1.3	25.26	11.57
38.29	44.01	26.77	6.39	26.03	1.49	26.95	13.34
35.35	42.65	27.49	7.75	24.44	1.74	27.7	14.54
37.56	41.72	29.69	6.9	23.97	1.57	23.21	15.58
34.96	54.91	32.96	7.03	25.6	1.52	29.57	12.75
36.03	44.73	29.72	6.85	29.28	1.12	23.42	14.44
39.52	50.23	25.47	6.85	23.09	1.59	26.34	13.89
36.65	45.61	27.45	6.22	32.99	1.31	29	12.47
41.64	41.56	28.57	5.84	35.11	1.32	31.15	13.84
42.52	51.39	26.43	6.16	29.36	1.48	31.2	13.43
36.38	44.79	31.24	6.23	31.35	1.66	30.58	14.95
39.2	41.86	23.86	6.95	31.25	1.84	28.11	12.58
33.1	49.15	26.93	6.81	28.67	1.38	28.37	15.43
37.18	47.73	23.71	6.28	23.84	1.62	28.45	12.49
39.34	40.97	27.81	6.96	29.44	1.44	30.45	13.05
39.69	42.92	24.11	7.31	26.32	1.44	29.82	14.74
36.91	35.09	27.86	6.49	25.97	1.38	25.18	13.13
42.34	41.51	28.08	6.58	26.15	1.84	29.23	13.47
32.27	39.04	28.62	7.19	25.89	1.36	29.83	13.08
36.73	50.39	30.7	7.25	31.16	1.51	24.17	13.79
35.1	40.79	28.85	6.94	28.98	1.56	27.3	13.88
35.37	44.24	29.27	7.51	25.26	1.42	27.09	12.61
41.59	42.31	30.3	6.84	25.85	1.42	31.25	13.82
45.93	40.87	32.59	7.11	31.56	1.34	28.11	13.09
40.4	42.73	27.48	7.36	32.45	1.45	24.53	12.16
48.08	45.22	31.1	8.62	27.9	1.54	25.39	13.73
43.08	42.47	29.58	6.55	33.22	1.12	24.73	10.39
39.94	46.81	23.62	8.24	28.59	1.4	28.18	13.79
40.48	44.95	25.12	6.92	35.75	1.37	29.35	13.12
38.55	38.63	28.82	7.47	29.38	1.54	25.36	12.79
39.93	45.48	28.38	6.83	24.51	1.45	28.75	15.14
36.69	48.54	28.73	7.43	31.34	1.34	27.68	12.41
39.63	55.41	28.42	7.79	27.51	1.48	23.91	13.9
37.3	48.83	22.68	6.85	29.31	1.53	28.93	11.54
43.65	43.52	28.91	5.77	32.71	1.4	30.56	14.78
38.88	46.58	30.43	8.04	25.77	1.47	27.7	13.6
43.33	39.99	26.03	6.9	28.46	1.53	29.45	11.84
38.06	43.92	25.41	7.55	25.19	1.27	27.33	10.94
38.01	50.23	28.46	6.58	28.37	1.5	25.19	12.12
39.28	34.95	30.56	6.62	27.97	1.65	31.24	13.24
42.24	45.52	30.63	7.88	32.46	1.52	23.64	14.31
34.2	50.96	29.96	6.17	30.72	1.51	27.96	13.16
41.86	43.01	27.96	7.79	31.52	1.37	29.5	15.79
44.09	38.32	28.4	7.03	23.7	1.54	30.39	12.88
36.74	40.63	28.02	6.13	27.39	1.46	27.16	12.4
36.99	44.66	28.48	5.67	29.33	1.48	28.75	11.33
35.86	42.08	35.07	6.13	33.4	1.52	24.42	14.19
38.56	40.07	29.49	7.36	24.88	1.56	25.53	12.65
39.37	39.95	22.97	6.8	22	1.67	29.35	14.47
37.18	42.55	29.11	6.51	24.93	1.35	32.69	12.43
33.24	41.79	24.62	7.16	24.94	1.21	23.35	12.48
38.11	41.83	24.38	8.58	31.9	1.46	28.87	12.79
41.35	40.41	24.63	7.23	22.99	1.35	24.53	12.62
37.32	41.01	30.11	6.46	28.48	1.69	29.34	12.75
34.69	44.59	31.01	6.35	29.53	1.21	23.89	13.53
38.56	47.67	27.73	6.24	27.26	1.66	28.14	12.47
39.99	34.67	28.47	6.66	27.26	1.47	26.05	12.15
40.61	50.54	27.89	5.97	32.56	1.18	26.4	13.28
39.28	44.4	30.84	6.42	22.41	1.23	31.57	11.4
40.28	46.53	26.47	6.91	20.8	1.36	24.54	13.97
40.35	45.11	29.05	6.93	29.38	1.61	30.18	13.54
35.31	40.92	32.05	6.58	30.41	1.89	26.1	12.52
40.8	55.04	28.73	5.83	26.9	1.27	27.28	14.15
38.04	36.38	32.21	7.83	24.94	1.6	34.16	13.1
32.32	46.26	26.34	8.06	31.74	1.47	26.61	13.03
36.41	44.96	28.67	6.63	30.52	1.46	24.37	13.32
38.93	48.22	25	7.61	27.78	1.62	25.08	12.9
39.52	39.18	25.43	7.32	34.54	1.4	21.65	11.54
40.4	41.03	27.29	7.18	27.55	1.45	25.73	12.39
45.33	48.27	31.03	6.96	28.1	1.44	31.05	12.4
41.67	45.11	21.68	7.75	23.08	1.47	30.6	12.14
37.68	47.49	25.07	7.14	25.79	1.49	25.08	13.01
34.03	38.88	29.01	6.36	29.7	1.79	26.05	14.23
35.88	51.96	32.12	6.59	31.1	1.64	29.64	14.69
36.54	42.54	23.24	7.13	32.49	1.53	26.67	13.66
35.18	46.54	30.21	5.64	23.31	1.46	26.81	13.85
36.68	51.13	27.51	7.14	29.86	1.66	26.62	14.68
40.61	41.93	27.15	7.19	27.24	1.6	27.21	10.97
34.98	49.06	27.45	6.97	29.04	1.29	26.87	13.83
40.38	49.07	31.38	7.58	31.1	1.36	25.75	12.4
45.09	40.27	29.66	7.1	23.92	1.3	25.13	11.25
43.84	49.14	24.48	6.73	22.01	1.33	26.66	12.96
35.83	42.32	21.31	6.09	30.18	1.49	24.17	13.14
37.62	43.01	32.31	7.59	26.86	1.61	25.77	14.07
40.38	38.8	25.44	6.36	27.78	1.28	27.04	13.24
33.61	45.63	26.14	5.94	30.92	1.44	29.09	14.12
38.33	42.56	29.49	6.54	25.98	1.43	24.25	11.68
42.36	44.45	26.82	6.58	26.46	1.61	26.86	11.21
32.62	38.22	26.94	6.42	27.79	1.59	30.79	13.27
38.17	43.5	21.83	7.35	31.84	1.51	27.15	13.56
38.79	46.25	34.78	7.83	25.31	1.36	27.2	11.88
34.25	44.96	27.4	6.5	28.22	1.26	33.01	13.81
36.47	42.92	30.88	6.97	29.8	1.38	28.68	10.99
35.27	41.86	27.91	6.49	25.6	1.53	29.46	11.65
32.82	45.22	25.6	6.98	25.51	1.51	29.6	14.13
35.32	48	27.02	7.17	26.99	1.49	25.12	13.86
36.4	46.03	25.1	6.1	31.69	1.62	33.6	12.37
36.92	42.31	28.56	7.74	23.84	1.5	29.12	12.54
37.96	44.08	29.67	6.26	27.53	1.41	26.77	13.13
36.74	48.6	27.18	6.82	27.46	1.34	26.41	13.4
33.12	42.02	24.53	7.44	29.4	1.45	26.57	13.14
31.2	38.29	30.27	5.99	28.88	1.4	28.52	12.05
29.46	42.98	26.51	6.96	27.03	1.16	26.89	11.5
37.61	42.33	26.77	6.99	31.14	1.7	23.66	13.4
35.29	42.03	27.61	6.42	31.52	1.59	25.46	12.23
42.14	41.34	26.49	5.86	29.32	1.49	24.3	11.98
31.97	45.91	26.81	7.29	28.53	1.49	23.8	14.04
41	42.99	30.79	7.45	26.92	1.59	27.88	11.43
36.63	44.81	27.57	6.54	33.02	1.56	26.99	12.58
32.52	43.66	26.25	6.43	29.21	1.67	34.65	11.62
31.71	44.2	28.49	6.1	26.16	1.29	24.88	13.97
41.34	46.6	25.46	6.21	28.6	1.49	21.18	14.79
36.37	43.08	27.08	7.07	29.61	1.37	32.73	14.35
39.44	41.71	25.92	5.64	27.74	1.27	29.79	11.98
38.17	45.15	29.82	5.28	28.61	1.55	31.18	13.81
43.24	42.72	31.99	6.65	27.5	1.44	25.37	14.6
35.12	38.06	26.35	6.6	26.84	1.43	20.46	13.84
33.7	48.54	26.06	7.32	25.85	1.37	23.02	14.61
34.95	49.76	29.41	6.3	27.63	1.46	23.91	13.78
35.06	46.99	26	5.56	28.4	1.32	22.77	15.38
40.6	43.43	26.05	6.68	30.32	1.47	24.44	12.62
31.84	49.82	37.37	8.17	31.68	1.4	21.83	11.87
39.99	46.5	31.53	6.95	26.79	1.42	25.64	15.78
35.08	39.37	34	6.7	29.64	1.39	27.97	11.61
38.92	43.68	26.25	7.01	26.7	1.59	30.43	15.68
36.86	40.37	24.11	6.48	23.36	1.35	23.09	13.67
42.9	44.56	28.91	6.43	29.49	1.61	29.03	13.39
31.62	43.98	34.7	8.05	24.56	1.39	29.49	14.63
38.73	40.63	23.79	6.97	26.14	1.38	26.09	14.28
29.89	48.13	25.96	7.86	29.51	1.66	29.15	11.91
37.4	46.93	27.89	5.66	32.48	1.68	26.24	13.6
41.28	48.29	26.01	8.61	33.94	1.4	28.97	14.6
47.02	40	27.24	7.15	25.82	1.92	27.12	13.44
42.97	39.67	28.02	6.92	26.84	1.67	22.88	14.52
42.63	44.95	22.95	6.88	27	1.36	26.85	11.52
42.17	40.09	28.95	7.05	31.64	1.48	28.64	13.5
43.24	53.82	30.67	6.15	29.64	1.64	30	12.71
38.49	46.11	26.59	6.41	25.46	1.33	25.41	11.01
41.64	43.07	25.69	5.91	33.18	1.79	26.25	13.47
40.94	47.91	24.53	7.41	24.45	1.42	25.92	14.36
36.36	65.28	25.79	7.19	23.96	1.58	25.91	14.6
42.75	46.15	32.57	6.91	26.46	1.6	29.92	12
34.49	39.85	32.06	6.87	28.77	1.34	27.27	11.45
49.75	49.64	26.16	7.6	27.98	1.57	31.46	11.99
36.6	47.99	24.19	6.64	27.02	1.48	26.52	12.75
39.5	40.78	30.27	7.31	30.95	1.36	29.39	11.24
35.89	53.44	28.83	8.29	26.09	1.24	28.54	12.04
33.64	44.62	29.07	6.75	22.98	1.56	25.68	10.61
44.18	42.86	27.64	6.62	30.11	1.58	24.55	11.58
38.87	41.73	32.05	8.03	28	1.41	22.54	13.4
37.33	54.61	25.43	5.71	31.74	1.39	27.11	11.85
33.01	48.8	29.49	8.04	23.17	1.53	26.92	14.9
34.68	47.57	25.31	7.05	27.65	1.46	28.96	14.35
35.92	51.22	26.6	7.59	29.89	1.66	27.05	13.28
40.88	52.56	34.18	6.57	31.27	1.58	23.92	11.8
38.37	49.1	26.39	6.47	27.95	1.52	29.62	12.58
41.95	48.14	27.78	7.2	27.14	1.75	24.65	11.07
40.35	36.83	29.83	6.85	28.43	1.42	26.19	12.43
40.57	49.88	33.5	8.13	26.97	1.41	30.23	11.12
37.96	45.32	29.8	8.47	30	1.58	25.74	12.49
34.9	44.83	33.3	6.91	31.61	1.24	28.91	14.14
36.81	48.76	25.62	7.66	29.74	1.53	26.86	12.87
37.82	50.87	25.86	7.45	25.41	1.46	26.44	11.29
41.28	43.77	32.54	7.07	25.84	1.28	33.34	12.52
36.17	46.19	30.66	6.46	34.08	1.68	25.54	13.07
39.37	51.35	23.33	6.39	30.53	1.53	24.32	11.92
35.28	45.43	25.94	6.7	28.43	1.98	30.86	12.5
38.28	49.97	29.53	6.46	27.83	1.84	25.53	11.98
35.87	47.26	35.25	6.67	29.33	1.5	24.92	13.45
39.7	45.64	25.28	6.87	30.08	1.32	29.88	12.38
37.8	40.33	26.83	6.46	34.25	1.33	28.93	14.23
40.09	40.6	27.29	6.67	24.01	1.54	29.31	15.58
35.64	47.92	28.48	8.61	26.52	1.3	20.86	13.1
44.92	53.72	30.28	6.64	25.63	1.33	27.61	12.27
39.59	42.53	30.4	6.99	29.72	1.42	32.09	13.14
36.75	50.07	29.44	6.86	32.21	1.45	28.12	12.31
39.54	38.91	30.25	7.41	27.71	1.57	24.83	12.86
45.85	52.68	25.78	6.21	24.89	1.5	27.19	13.63
31.68	41.01	31.19	7.18	26.56	1.26	24.21	15.11
35.6	49.88	29.13	6.01	27.47	1.38	25.02	13.64
35.45	53.43	26.78	6.39	28.39	1.3	27.38	16.95
35	38.1	30.45	6.36	31.47	1.46	27.27	11.77
41.07	43.61	29.2	5.79	25.97	1.44	23.33	14.46
35.89	50.68	30.96	6.94	29.28	1.54	28.49	13.1
41.04	46.25	25.94	7.07	30.32	1.48	30.17	12.68
39.08	48.07	26.4	7.03	27.14	1.42	29.91	12.04
30.07	44.61	23.4	6.41	30.54	1.58	31.96	13.64
38.1	41.74	31.08	7.31	27.67	1.31	27.21	13.67
30.74	39.31	28.71	6.95	34.56	1.58	25.64	13.9
43.05	34.88	26.31	5.72	32.27	1.23	28.55	12.19
35.51	47.17	26.9	6.95	25.58	1.67	29.43	12.27
37.44	39.68	19.42	6.31	24.1	1.31	28.39	13.3
34.09	36.19	27.8	8.27	30.05	1.45	20.21	13.72
35.31	46.23	31.61	6.47	25.4	1.34	29.82	13.31
40.15	51.88	27.29	7.23	25.93	1.26	25.38	11.94
31.47	44.04	31.75	7.15	30.05	1.65	29.43	10.88
38.67	52.2	29.94	6.48	25.75	1.45	26.91	13.52
32.84	41.79	30.43	7.28	26.98	1.36	30.05	13.36
34.94	38.94	26.68	6.32	30.35	1.61	26.11	12.91
38.13	38.67	31.75	7.18	24.68	1.6	25.57	10.02
41.75	42.35	26.4	5.93	29.12	1.64	35.06	14.55
35.35	44.96	24.14	6.64	25.33	1.51	27.69	13.44
36.89	49.31	19.91	6.36	28.03	1.25	30.53	11.95
40.38	50.27	28.41	7.06	22.49	1.35	29	11.37
42.18	51.38	28.23	7.33	30.23	1.64	29.34	14.7
40.84	46.62	28.82	7.31	28.01	1.77	22.59	12.74
44.6	38.61	24.38	8.19	28.4	1.47	24.82	12.99
40.46	45.81	31.23	6.89	24.91	1.52	26.94	12.66
34.39	41.49	30.08	6.7	27.38	1.34	21.83	13.15
35.56	48.9	24.62	6.59	26	1.57	24.15	15.75
43.79	42.9	26.56	8.43	27.76	1.46	27.77	13.25
41.92	36.77	22.17	7.55	30.28	1.27	26.9	10.82
44.12	41.53	21.76	6.37	28.44	1.75	28.37	12.07
36.6	55.27	28.95	7.47	29.31	1.6	25.46	13.15
39.38	43.56	26.64	7.79	25.61	1.44	32.39	15.56
41.31	41.42	29.76	7.03	26.41	1.61	25.41	14.78
40.65	47.17	28.9	6.46	33.89	1.68	26.52	13.68
34.64	54.14	23.65	6.06	33.21	1.45	30.25	11.6
35.44	45.6	27.21	7.53	30.28	1.42	29.73	13.98
37.91	38.68	24.49	7.06	29.13	1.37	27.61	11.63
37.3	36.11	24.83	6.99	29.21	1.44	32.99	11.84
34.32	42.3	24.8	6.23	27.57	1.81	25.76	11.03
35.88	39.83	23.53	6.9	27.94	1.48	27.38	14.59
42.6	42.4	25.44	7.52	29	1.41	31.99	12.87
36.18	45.02	27.89	8.59	27.49	1.36	27.85	12.36
28.75	43.98	29.05	6.5	26.42	1.58	27.05	14.46
36.13	52.52	30.03	6.54	28.66	1.36	25.61	13.16
36.74	40.66	29.44	6.18	31.06	1.26	28.67	13.99
35.41	37.78	30.12	7.38	32.02	1.58	23.51	13.26
40.81	45.4	29.35	6.37	28.84	1.63	31.03	12.4
34.87	49.15	30.8	6.67	29.75	1.6	28.38	15.6
36.24	45.31	28.86	6.48	33.06	1.58	26.89	13.6
37.32	45.25	31.22	7.05	28.33	1.41	28.68	14.48
37.39	44.67	29.48	7.18	25.77	1.34	28.14	14.28
38.47	36.82	26.21	6.51	26.18	1.58	25.19	13.3
38.16	43.94	20.78	7.17	27.88	1.26	26.98	12.89
36.97	48.73	34.69	6.72	28.74	1.34	18.48	12.78
39.06	41.5	27.89	6.36	33.52	1.73	25.51	13.4
38.38	40.71	26.34	6.62	31.76	1.67	27.14	12.39
33.59	51.39	25.67	7.25	30.99	1.45	28.25	10.53
33.32	48.96	27.6	6.32	34.48	1.46	29.39	11.69
44.08	42.54	33.8	6.33	29.41	1.4	24.34	14.43
42.13	38.95	25.05	7.14	23.65	1.55	29.69	13.15
36.14	38.68	25.78	7.6	24.23	1.58	24.51	12.28
34.5	40.59	26.96	7.18	30.42	1.56	28.66	12.93
35.81	41.99	28.43	7.7	28.6	1.54	23.46	12.79
40.12	46.88	28.43	7	29.52	1.65	25.42	13.02
43.06	39.36	19.74	6.79	25.98	1.38	27.72	11.8
34.03	48.5	25.32	6.69	34.27	1.61	28.42	13.17
38.58	46.7	27.68	7.66	27.81	1.51	25.51	11.16
35.37	45.02	28.95	6.73	34.01	1.55	27.91	13.79
37.28	46.26	25.16	6.43	28.89	1.42	29.79	11.89
37.31	42.01	28.02	7.03	28.88	1.4	26.75	12.7
32.81	37.68	26.75	6.67	29.96	1.45	29.59	12.09
35.29	44.03	28.39	4.97	28.41	1.4	23.79	14.24
46.65	36.7	25.39	7.09	29.8	1.2	27.07	15.01
44.87	46.28	30.41	5.45	29.09	1.54	30.62	13.06
36.67	46.16	24.45	7.61	28.89	1.57	22.6	14.41
41.99	54.56	27.16	7.13	28.47	1.64	22.94	13.81
37.08	46.68	27.95	8.75	24.83	1.47	26.5	11.17
42.08	48.05	26.32	6.43	27.66	1.51	23.72	11.35
34.58	50.76	31.2	7	25.07	1.22	25.21	13.28
41.06	46.74	28.4	7.46	28.02	1.38	23.21	13.52
38.7	40.88	29.99	7.42	25.72	1.25	21.64	10.98
32.24	48.77	29.22	6.48	23.58	1.61	24.73	11.35
39.82	46.9	28.11	7.41	28.61	1.34	30.11	10.4
40.12	44.3	25.07	6.65	29.64	1.47	28.18	12.93
37.08	42.97	28.9	7.14	30.57	1.54	30.2	12.63
37.59	38.65	29.89	6.82	26.82	1.52	27.99	12.56
39.42	39.53	27.31	7.85	28.55	1.46	23.89	12.53
34.49	45.99	29.29	5.97	30.04	1.69	24.94	13.43
41.53	44.71	30.28	5.56	24.71	1.36	29.34	10.67
36.03	38.24	30.66	7.68	25.69	1.4	26.77	10.91
41.69	52.91	30.86	7.76	27.38	1.54	26.67	12.5
34.47	46.05	28.43	6.66	24.53	1.48	23.8	12.28
41.39	49.69	25.97	7.32	26.75	1.63	28.01	11.51
31.28	43.15	31.48	6.09	24.98	1.42	27.89	12.28
36.55	49.44	29.99	6.97	22.99	1.3	26.08	14.76
42.95	43.1	27.82	7.5	25.63	1.42	29.47	13.49
35.94	40.15	28.38	7	27.5	1.3	23.44	13.26
34.85	46.88	27.84	8.08	22.53	1.59	28.03	13.82
37.52	49.59	28.08	6.86	29.34	1.88	24.43	11.66
42.11	42.72	28.41	7.6	25.96	1.54	26.92	12.31
36.75	44.28	26.25	6.49	30.1	1.57	25.95	13.76
36.72	43.91	32.94	7.16	22.32	1.32	24.58	14.29
43.21	50.51	24.23	7.02	31.68	1.41	31.99	13.79
38.36	47.74	26.36	8.05	31.9	1.33	23.62	10.79
41.42	42.58	28.12	6.95	27.46	1.37	25.11	14.44
34.9	53.81	24.43	6.44	24.37	1.81	32.15	14.92
38.86	49.47	29.36	6.54	30.27	1.44	23.67	15.25
38.44	39.51	29.68	6.1	30.55	1.52	25.61	13.38
33.27	40.93	24.86	7.32	29.81	1.39	27.09	12.55
44.66	48.43	30.23	6.75	27.31	1.35	27.5	15.38
32.36	40.19	24.29	6.27	34.02	1.54	24.46	11.05
37.89	53.2	35.33	7.58	26.6	1.45	22.35	13.87
38.39	49.68	30.67	7.21	22.37	1.64	26.14	10.84
40.83	36.56	28.85	7.11	27.61	1.52	27.09	13.86
37.6	46.22	25.16	5.61	27.65	1.64	27.15	14.32
37.9	48.05	30.71	6.7	25.97	1.55	28.17	12.41
42.74	44.83	24.81	5.52	25.12	1.65	23.9	12.79
38.85	53.83	27.17	6.83	24.17	1.3	22.56	14.06
37.99	46.07	28.77	6.79	33.21	1.53	27.71	9.32
47.2	43.2	25.31	9.01	31.92	1.8	27.57	13.45
37.26	43.88	24.14	6.62	33.1	1.52	23.05	12.06
42.19	46.12	23.71	6.6	28.05	1.41	23.49	15.96
44.3	44.05	24.24	6.12	30.03	1.6	25.17	14.43
40.88	48.64	25.96	4.85	25.65	1.39	29.6	13.23
38.96	45	24.67	5.65	29.23	1.57	23.72	14.28
36.4	37.98	30.45	6.58	32.48	1.53	28.04	14.14
38.51	38.33	28.33	6.7	27.08	1.4	27.84	12.72
38.7	51.35	25.51	7.45	30.05	1.61	24.68	13.15
37.75	49.07	28.91	5.86	26.46	1.61	27.77	13.2
37.93	48.65	30.72	6.84	27.82	1.78	27.49	13
38.7	49.29	28.83	8.44	27.03	1.36	24.33	12.53
37.76	45.09	24.68	6.4	25.44	1.62	29.09	13.56
29.63	47.2	29.76	7.54	28.31	1.48	34.13	13.43
44.85	37.44	29.85	5.87	29.2	1.58	28.75	11.64
36.16	56.09	26.93	8.87	27.4	1.49	31.63	14.03
34.52	44.52	26.94	7.35	26.1	1.29	23.46	12.61
37.58	47.68	30.56	7.85	28.68	1.48	27.53	11.77
46.03	43.64	24.84	6.76	30.37	1.62	27.89	14.63
39.99	49.8	30.56	6.37	27.11	1.32	22.84	11.5
42.51	41.26	32.11	7.75	28.45	1.6	31.63	13.18
35.18	38.33	31.25	5.76	28.49	1.5	26.39	13.55
40.02	47.36	31.57	6.78	30.03	1.36	28.32	11.76
43.48	41.11	29.43	6.89	25.91	1.69	24.39	12.93
39.49	43.97	25.74	7.09	26.15	1.4	28.27	14.62
46.21	41.73	29.37	7.36	25.78	1.57	31.08	12.87
44.6	44.04	29.89	7.06	27.18	1.42	27.92	10.95
30.48	41.25	28.38	8.21	30.26	1.52	23.65	12.87
34.22	50.57	26.83	8.52	32.36	1.67	32.53	11.11
41.98	49.73	26.91	6.19	28.66	1.51	30.35	10.74
33.08	49.08	31.64	5.72	29.63	1.57	24.57	12.65
48.01	45.93	28.19	7.04	26.61	1.78	25.93	12.27
39.24	49.62	32.57	6.42	26.24	1.52	25.29	11.73
35	46.22	29.22	8.13	28.75	1.73	24.55	13.7
42.96	48.37	25.43	6.98	25.61	1.56	27.61	12.16
34.37	39.16	27.51	6.46	27.49	1.47	29.76	13.11
33.45	46.34	28.13	6.43	26.27	1.46	26.71	14.85
36.76	44.93	31.14	7.05	31.32	1.54	27.97	13.04
42.96	42.21	26.21	6.72	33.25	1.42	24.17	14.06
43.27	48.51	27.12	5.78	29.43	1.42	30.25	14.11
38.31	47.92	29.64	6.77	29.69	1.5	32.81	13.09
35.27	46.14	28.93	6.81	24.52	1.49	29.08	13.69
44.22	45.25	26.97	6.87	31.4	1.44	25.8	12.85
41.55	47.22	28.5	6.47	27.63	1.36	25.84	15.82
32.4	43.64	31.57	7.31	25.71	1.45	24.69	12.3
33.52	41.15	30.51	5.71	28.19	1.55	30.94	10.96
31.61	51.88	25.46	7.22	23.48	1.52	29.28	13.07
34.88	48.41	26.03	6.07	29.53	1.54	25.42	11.47
30.12	41.66	32.02	7.06	31.88	1.44	27.61	12.4
40.03	38.49	26.42	7.73	26.61	1.56	26.3	11.46
31.91	55.99	31.61	7.03	28.19	1.86	25.69	12.33
41.87	40.6	31.53	7.06	29.07	1.45	24.5	12.07
38.66	36.28	28.39	6.22	30.53	1.59	23.14	12.19
38.73	36.92	28.6	5.32	26.63	1.45	32.77	11.46
32.9	35.9	25.05	7.4	28.96	1.82	25.08	12.68
29.37	43.58	27.97	7.38	29.9	1.52	28	14.17
41.16	40.64	25.78	6.77	25.73	1.48	30.17	14.26
34.83	48.81	31.28	6.78	27.77	1.55	23.94	12.27
39.88	40.31	26.26	6.76	32.09	1.45	28.41	13.23
36.69	50.8	30.47	6.71	27.19	1.19	28.67	13.6
32.44	43.9	28.4	6.11	32.06	1.55	34.32	12.42
39.19	41.87	29.78	7.35	29.11	1.54	25.94	12.87
30.74	51.09	31.86	6.46	23.79	1.7	28.03	13.63
34.7	43.91	31.66	7.3	29.13	1.54	26.19	14
35.17	40.15	31.12	6.01	32.24	1.6	23.48	11.1
38.23	42.35	28.95	6.92	21.3	1.39	25.86	12.38
34.75	40.61	29.58	7.58	29.11	1.63	28.54	12.78
37.21	38.69	27.7	7.71	26.28	1.24	25.52	12.43
36.79	37.79	29.99	7.02	25.99	1.61	28.66	15.9
36.81	50.42	26.1	5.94	27.97	1.3	21.96	14.65
43.06	40.85	24.92	6.97	27.75	1.54	29.3	12.03
40.79	38.71	27.17	6.61	31.98	1.69	30.58	13.79
39.44	50.66	28.4	5.8	24.99	1.25	23.27	12.3
35.28	35.83	26.01	7.65	28.88	1.64	30.27	13.9
36.55	43.02	26.52	7.06	30.91	1.51	33.53	11.76
41.81	46.69	28.17	7.34	29.97	1.64	25.39	14.51
36.11	43.49	25.12	6.82	26.55	1.77	26.13	14.71
39.44	48.84	23.89	6.89	30.66	1.34	29.12	11.54
45.34	51.37	25.89	7.26	27.28	1.59	27.38	14.03
33.49	43.07	34.83	7.21	28.23	1.52	31.81	12.29
42.21	40.31	31.34	7.32	31.52	1.43	26.18	12.22
40.02	38.82	25.97	7.48	22.82	1.46	23.06	13.46
36.56	42.19	28.03	7.38	28.49	1.76	26.86	11.81
39.72	46.74	32.35	7.64	30.74	1.71	22.17	13.15
37.21	52.9	32.98	6.62	23.28	1.4	25.84	14.29
39.89	43.84	32.84	7.81	23.74	1.45	29.19	13.07
35.37	37.9	25.91	6.47	27.01	1.55	27.98	11.46
38.29	39.22	20.12	6.86	30.42	1.9	26.42	10.85
36.46	41.01	31.45	6.91	30.42	1.15	29.14	12.36
41.29	45.63	34.28	6.88	31.76	1.46	30.07	14.02
39.57	44.12	27.02	6.43	26.26	1.49	27.75	13.12
33.7	36.52	29.32	6.7	24.77	1.41	22.92	8.69
40.49	45.84	21.52	7.07	31.89	1.52	28.58	14.7
42.99	46.3	30.69	8.09	29.35	1.57	24.93	12.25
36.72	39.99	28.14	7	26.24	1.74	22.88	14.45
43.78	41.24	29.12	7.37	30.39	1.49	26.03	14.03
38.77	48.97	25.77	6.53	27.35	1.37	29.54	12.06
36.14	44.93	29.89	8.72	26.16	1.46	25.38	12.51
33.11	45.41	28.46	6.95	27.15	1.55	27.9	13.76
37.97	50.99	26.48	6.4	31.43	1.65	28.08	12.95
44.91	45.12	23.34	6.49	25.97	1.58	29.03	14.6
43.18	38.8	28.39	6.25	27.28	1.34	27.75	10.6
39.3	33.51	28.17	6.85	21.56	1.75	30.31	13.1
39.02	50.06	26.84	7.95	25.4	1.43	22.69	12.19
29.9	44.82	32.68	5.74	27.32	1.47	23.89	13.78
42.21	46.71	28.81	6.75	28.54	1.61	27.78	12.87
34.94	34.05	25.51	6.61	26.98	1.38	26	14.16
31.46	44.12	26.37	7.27	28.97	1.3	25.29	12.33
37.26	44.01	28.56	6.93	29.77	1.68	32.3	12.21
32.69	47.64	27.65	6.86	28.99	1.5	32.93	13.19
44.7	40.33	28.25	8.74	29.09	1.56	29.12	13.15
37.09	45.4	26.56	7.26	29.99	1.75	25.46	10.06
33.59	43.44	27.46	7.13	26.95	1.23	29.38	12.77
35.95	43.26	25.03	7.09	25.76	1.31	26.16	13.63
45.71	46.62	27.4	7.44	24.8	1.33	29.55	13.76
35.61	39	30.1	6.83	35.46	1.39	24.16	11.52
38.82	36.36	27.71	7.75	29.2	1.49	26.76	12.75
41.49	47.2	28.63	6.52	28.68	1.69	26.24	13.33
31.88	40.23	29.44	6.44	27.18	1.46	28.91	10.66
44.33	39.76	28.51	5.83	27.72	1.11	26.39	13.98
41.07	40.81	34.2	6.99	33.49	1.7	24.37	13.3
34.19	37.15	25.51	5.82	29.03	1.42	27.72	14.41
41.97	44.79	26.57	6.68	27.76	1.5	24.34	10.88
34.78	47.49	29.33	5.96	32.92	1.13	22.63	13.71
36.18	49.39	27.34	7.86	27.96	1.59	25.81	12.01
35.65	57.61	26.79	6.23	25.05	1.47	27.32	11.68
39.71	39.92	27.56	7.95	27.75	1.58	29.43	13.37
39.17	46.97	31.79	6.59	29.76	1.54	32.13	12.8
42.38	41.42	28.28	6.07	27.9	1.63	27.06	14.29
39.76	48.32	28.47	5.71	29.13	1.62	26.05	15.12
40.22	46.27	23.99	6.89	30.69	1.32	27.51	13.99
43.42	44.72	24.95	8.79	34.57	1.87	22.96	12.82
40.66	35.99	26	6.61	27.57	1.52	32.14	13.69
34.91	44.94	25.1	6.33	27.19	1.4	28.17	14.82
38.69	38.62	26.89	6.85	27.62	1.19	23.65	13.42
46.13	37.48	30.44	6.5	28.05	1.23	27.09	11.73
41.6	36.37	26.24	6.79	28.09	1.58	29.07	12.98
31.86	45.95	28.69	7.59	33.05	1.38	30.7	13.13
37.02	48.29	29.82	6.29	28.68	1.57	28.67	12.7
40.49	38.11	25.03	7.6	24.28	1.47	26.47	12.11
40.76	48.22	27.87	6.73	27.37	1.28	27.62	11.97
39.07	39.27	27.07	5.74	26.52	1.47	31.43	14.45
40.54	43.71	32.06	6.45	31.49	1.76	27.62	13.9
33.05	40.03	28.81	6.5	31.06	1.16	28.86	11.99
33.86	49.05	24.93	6.52	31.4	1.59	28.37	12.38
31.34	47.98	27.04	6.44	30.14	1.12	28.46	13.46
42.73	46	28.83	7.11	29.61	1.75	30.73	13.61
34.67	43.55	31.92	7.12	29.04	1.4	24.68	12.96
36.36	46.35	27.39	7.34	30.91	1.37	31.24	12.39
39.26	49.54	27.92	6.56	26.37	1.59	28.31	12.96
50.95	41.58	25.36	5.54	28.23	1.71	31.97	14.68
36.5	49.52	29.66	6.98	31.89	1.57	34.68	13.69
37.14	44.37	28.06	7.9	28.68	1.35	23.07	12.62
42.77	36.66	31.91	7.23	29.43	1.68	28.69	12.57
34.74	41.56	28.81	7.67	22.7	1.33	30.91	11.83
33.52	42.31	24.89	6.26	27.68	1.28	27.39	13.64
32.46	40.99	24.37	8.06	28.52	1.42	34.19	15.22
41.84	49.25	25.55	7.24	30.57	1.62	29.84	13.87
38.69	46.2	26.06	7.51	30.85	2.11	25.55	14.82
38.1	36.51	25.22	6.65	27.2	1.69	25.85	14.8
44.56	41.9	29.75	5.35	26.92	1.48	28.65	13.3
36.4	41.11	27.63	6.59	29.86	1.43	22.26	12.27
40.8	42.69	31.02	6.54	30.32	1.44	28.75	14.89
36.94	36.44	30.51	7.31	27.66	1.24	23.73	12.99
41.08	45.75	26.53	7.99	26.14	1.39	28.13	13.35
36.97	46.12	25.78	7.07	28	1.7	25.72	12.37
36.47	45.47	28.47	6.69	27.22	1.4	22.46	13.43
36.29	41.98	28.45	7.65	27.69	1.43	26.79	14.4
32.63	41.51	25.57	5.99	26.53	1.61	28.67	11
36.94	40.66	29.25	6.57	24.66	1.34	24.4	12.93
37.67	37.83	27.72	6.72	23.05	1.33	24.1	12.79
39.11	50.9	23.73	6.02	32.86	1.58	26.59	12.06
35.94	45.41	31.47	8.33	29.95	1.28	24.75	13.68
37.91	39.74	24.07	8.14	28.11	1.49	31.72	13.43
35.26	53.77	32.25	7.86	28.96	1.44	24.84	12.01
33.27	54.12	26.21	7.25	25.51	1.49	26.58	13.8
36.48	55.4	25.76	6.89	25.32	1.59	27.39	11.95
39.51	45.2	30.39	6.72	30.39	1.35	23.02	10.55
38.86	41.99	31.5	6.91	29.66	1.3	23.56	12.37
36.51	44.83	26.76	7.15	30.87	1.4	25.75	12.83
34.02	38.59	24.53	7.78	27.56	1.26	27.65	11.1
39.73	48.62	33.06	8	30.66	1.29	26.17	13.1
36.56	41.29	27.65	7.65	33.88	1.53	30.88	13.67
42.65	45.59	29.63	6.93	30.58	1.31	29.98	13.34
34.69	46.49	29.87	6.05	30.08	1.61	26.47	13.99
45.22	49.96	30.77	6.15	27.14	1.34	30.64	12.36
38.98	43.34	28.88	7.69	28.42	1.78	33.12	13.5
38.79	41.48	25.75	6.71	27.66	1.63	29.5	14.27
37.36	46.92	29.98	7.99	27.57	1.58	24.8	12.28
36.43	37.49	26.77	7.23	28.49	1.52	29.91	13.96
41.14	49.58	25.88	6.01	30.55	1.46	24.38	12.41
37.95	41.75	29.99	6.91	24.69	1.39	24.52	13.01
39.11	41.54	30.19	7.49	26.04	1.54	29.49	12.16
45.67	52.94	29.09	6.49	35.05	1.44	24.94	12.69
35.55	42.6	26.42	7.77	24.07	1.88	21.44	12.46
39.2	30.07	24.07	6.44	23.34	1.5	25.95	15.06
39.51	46.37	34.18	6.2	23.42	1.42	24.76	12.9
36.29	45.95	27.86	9.12	29	1.64	30.41	13.37
39.09	41.54	32.73	6.53	29.67	1.69	24.27	14.3
39.56	54.25	31.32	6.42	30.25	1.7	24.09	13.35
33.53	44.51	32.63	7.09	30.5	1.51	26.78	13.67
38.24	47.87	31.68	7.34	30.12	1.59	25.26	11.15
32.05	44.7	32.76	7	28.57	1.37	30.81	11.3
36.16	40.92	23.67	6.12	31.02	1.4	25.19	12.86
34.04	41.35	29.37	7.8	28.63	1.2	26.72	13.37
36.38	41.56	27.93	7.89	30.93	1.65	29.06	13.5
38.95	41.79	22.73	8.21	27.14	1.65	25.64	12.19
33.87	40.37	28.07	7.1	25.37	1.37	25.99	11.94
32.91	34.52	27.28	6.6	26	1.37	22.87	15.55
39.19	52.01	32.13	6.34	25.68	1.41	26.48	13.75
42.95	51.95	26.08	7.9	27.71	1.27	26.89	14.16
44.04	51.44	28.41	8.92	32.18	1.46	27.51	12.71
42.24	44.84	29.3	5.8	28.25	1.44	28.08	11.13
35.54	45.07	28.32	6.64	29.44	1.41	25.25	11.08
36.13	41.96	29.08	7.83	27.83	1.45	27.89	12.1
37.22	37.82	30.18	5.98	30.04	1.39	28.59	10.9
37.32	39.92	27.99	6.58	28.24	1.64	27.3	13.7
30.87	43.63	31.58	6.17	27.05	1.46	26.41	11.62
40.66	43.33	28.62	6.71	25.37	1.44	24.29	14.74
34.72	43.45	33.52	7.55	33.37	1.56	28.09	13.65
35.12	42.49	26.89	7.01	28.3	1.67	28.66	13.98
42.09	46.35	31.93	6.01	34.06	1.56	28.61	12.29
44.58	46.67	30.51	8.71	28.09	1.65	28.63	12.95
41.08	37.85	24.66	6.1	25.23	1.47	25.16	11.15
36.87	41.86	33.91	6.72	25.96	1.82	30.63	13.49
41.64	48.49	21.52	7.76	29.45	1.7	25.75	11.24
37.2	50.07	27.1	7.1	31.97	1.41	24.05	11.42
40.02	50.29	27.79	7.45	32.39	1.41	30.96	12.27
41.47	45.51	23.6	7.44	30.53	1.41	20.79	12.95
37.97	44.24	24.91	6.81	28.52	1.46	29.09	12.87
43.78	49.26	27.16	8.01	31.17	1.63	31.09	13.07
37.45	49.57	30.48	6.02	23.21	1.37	28.25	14.25
40.08	44.78	23.98	7.84	31.33	1.82	20.2	12.42
38.76	45.16	32.35	7.6	26.3	1.22	29.44	13.76
43.5	45.41	27.5	7.98	28.76	1.4	25.85	14.84
40.42	38.52	27.98	6.66	28.8	1.35	25.54	14.05
38.1	42.99	26.23	6.65	30.81	1.73	31.47	13.41
43.86	44.11	26.88	5.82	26.38	1.42	28.23	12.29
41.81	45.78	22.39	7.17	30.94	1.51	25.28	13.59
34.7	46.71	25.3	7.69	20.96	1.58	29.4	13.72
34.06	39.12	26.23	5.99	28.54	1.65	26.14	12.79
38.34	40.3	24.75	7.8	28.3	1.45	29.03	12.82
42.82	46.33	26.54	6.05	28.77	1.61	27.11	15.26
32.94	55.32	27.06	4.86	30.87	1.3	29.43	12.97
35.97	48.45	24.57	7.36	28.82	1.66	25.36	16.1
43.59	47.4	31.76	6.95	28.91	1.73	26.46	11.16
39.98	53.76	30.17	5.92	30.66	1.41	25.84	12.19
36.46	43.29	26.46	6.47	32.33	1.48	23.5	12.7
35.57	50	29.88	7.07	29.22	1.69	29.74	14.45
38.75	51.57	28.91	5.92	27.99	1.64	26.68	11.52
35.02	47.87	28.55	6.33	39	1.26	24.84	12
32.48	39.25	34.49	6.76	25.53	1.18	34.34	12.88
38.64	50.32	28.9	6.39	25.11	1.54	28.81	11.59
37.46	39.49	30.24	5.91	30.08	1.34	28.22	12.56
35.4	43.64	24.68	6.63	32.56	1.28	25.28	11.75
36.07	36.88	26.32	6.7	27.47	1.43	33.1	10.86
35.03	52.15	24.48	6.42	34.39	1.66	24.57	11.5
35.54	43.35	29.55	7.07	25.11	1.79	28.76	12.23
41.14	51.37	26.23	7.81	27.37	1.51	27.62	13.44
39.31	34.21	25.13	6.32	29.81	1.64	24.89	12.37
37.89	51.11	25.93	6.88	28.94	1.83	24.41	12.78
40.54	34.48	25.23	7.52	28.53	1.5	24.05	12.28
32.46	37.59	27.81	6.06	28.62	1.58	31.51	11.64
31.7	45.98	26.74	7.24	25.54	1.38	32.9	12.2
38.57	41.81	30.71	6.65	28.33	1.36	30.14	12.89
32.7	39.13	24.74	7.74	28.75	1.4	26.08	12.56
44.17	38.9	26.94	6.69	27.42	1.7	30.89	14
34.49	40.04	31.78	6.84	31.86	1.55	29.71	11.88
36.5	43.22	32.04	7.02	31.45	1.39	21.87	12.6
36.54	45.25	31.02	7.38	25.5	1.22	30.37	12.48
37.88	47.32	29.49	7.53	31.85	1.61	26.23	10.8
34	44.96	25.64	6.51	27.92	1.6	25.54	12.34
35.75	38.81	25.84	7.76	24.46	1.4	24.94	11.41
39.31	45.73	29.9	6.66	28.76	1.41	27.3	13.43
37.17	36.26	29.84	7.35	25.43	1.27	23.65	10.71
36.1	43.23	25.26	6.28	31.04	1.49	30.78	14.2
42	48.52	21.96	6.03	24.5	1.45	35.57	11.57
41.44	41.38	29.47	6.62	23.91	1.55	25.91	12.72
37.28	40.23	27.88	7.39	29.34	1.42	23.65	15.44
36.04	43.48	34.53	6.32	30.67	1.39	30.76	12.99
36.72	44.82	24.58	6.79	31.38	1.61	23.42	13.13
