8.91	22.63	5.58	32.42	1.69	54.86	23.82	39.79
9.61	24.96	5.84	32.05	1.59	45.19	27.34	38.68
7.61	20.37	6.86	36.22	1.57	41.12	20.9	37.08
11.3	21.39	6.3	30.09	1.59	52.96	23.44	33.32
10.15	20.36	6.42	29.11	1.6	44	22.38	38.13
11.89	20.37	4.89	33.94	1.67	50.71	21.18	30.24
9.84	20.29	5.25	35.81	1.89	48.33	26.1	36.69
9.27	20.8	6.79	35.96	1.74	51.16	24.9	33.89
11.85	21.56	6.51	32.03	1.72	51.78	21.9	39.18
11.25	20.73	5.71	29.15	1.89	58.39	23.08	41.49
10.06	16.89	5.47	31.61	1.64	53.57	26.38	37.28
8.89	21.78	5.86	28.38	1.77	51.57	22.94	33.77
8.32	23.05	4.98	28.91	1.71	58.43	28.63	35.14
9.15	20.01	5.52	28	1.67	42.3	24.04	34.15
9.19	20.47	5.18	36.68	1.76	50.08	30.74	33.84
10.08	25.27	6.07	32.53	1.73	58.97	25.65	33.94
9.88	19.43	6	35.42	1.81	47.5	20.56	36.28
9.17	22.65	4.96	31.84	1.77	49.31	24.43	31.1
9.77	25.34	5.48	28.14	1.66	58.26	28.26	34.43
10.06	19.38	5.69	30.32	1.67	48.39	29.26	34.9
10.01	19.33	5.65	32.47	1.76	47.38	21.29	33.21
10.27	18.83	5.77	35.04	1.67	52.79	23.79	33.51
10.89	19.7	6.1	29.8	1.63	63.71	24.61	32.83
9.37	21.21	4.96	35.22	1.73	46.45	21.38	40.45
9.62	19.42	5.35	33.96	1.7	53.97	23.04	37.13
8.99	20.02	5.36	30.36	1.8	49.01	23.65	33.41
9.82	24.67	5.2	27.63	1.69	48.13	23.95	33.9
8.2	19.69	6.3	38.62	1.53	51.52	24.66	30.93
7.68	21.84	5.49	34.3	1.63	56.19	23.87	36.15
7.92	23.81	6.43	30.74	1.74	56.31	25.6	35.25
9.64	21.98	5.81	27.2	1.68	48.01	26.46	32.27
8.94	22.15	5.71	37.47	1.74	49.6	24.9	29.74
9.27	20.65	5.95	28.91	1.67	63.81	28.64	31.57
10.01	21.98	5.85	27.37	1.62	52.33	21.87	43.14
8.34	20.42	5.19	30.73	1.71	52.99	25.01	37.6
10.09	21.3	5.79	32.7	1.72	59.43	27.52	31.06
10.51	23.86	6.85	33.46	1.65	55.15	32.59	35.05
8.04	21.04	6.68	34.62	1.81	48.7	24.67	30.49
9.67	18.04	6.69	37.94	1.72	48.67	24.27	34.81
9.88	22.04	6.01	29.9	1.69	48.76	24.1	35.58
10.05	19.53	6.57	33.95	1.7	56.37	31.08	29.63
10.45	19.01	6.26	31.27	1.67	54.78	22.41	33.83
10.25	17.32	4.46	32.28	1.61	53.52	24.54	32.25
11.23	20	5.67	34.69	1.68	44.42	26.35	31.24
10.38	18.04	5.08	27.56	1.92	49.29	25.97	34.97
9.88	22	5.5	31.51	1.62	57.33	24.37	35.62
9.47	24.14	6.83	27.3	1.69	49.99	22.87	39.37
10.06	20.12	4.35	40.41	1.73	45.4	23.03	34.39
9.57	22.82	7.05	30.46	1.63	66.29	26.81	36.41
8.95	20.29	5.51	31.29	1.55	51.93	23.17	38.91
10.55	21.09	5.08	36.65	1.68	51.46	30.26	31.38
10.63	22.77	6.95	29.47	1.65	58.25	25.66	32.81
9.55	19.37	6.4	34.1	1.77	44.41	30.73	32.21
10.15	19.56	5.15	35.19	1.7	50.41	27.09	36.74
8.43	19.96	4.82	30.92	1.64	46.66	24.59	36.29
10.18	21.69	5.41	34.33	1.8	56.55	30.86	32.71
9.6	23.11	6.56	32.06	1.83	52.89	24.55	34.29
10.46	18.9	6.85	37.93	1.63	48.48	23.08	33.04
10.65	17.81	4.68	32.71	1.61	51.93	25.94	37.51
9.44	24.9	5.63	39.8	1.56	41.08	25.09	33.54
9.87	21.01	6.02	27.25	1.65	54.14	22.7	33.77
9.87	21.61	6.18	28.16	1.7	58.84	27.15	34.7
10.52	16.7	6.42	32.63	1.72	51.91	25.94	32.58
7.6	19.79	5.71	34.95	1.84	50.46	21.15	31.79
9.84	20.49	4.9	33.36	1.7	44.24	22.59	38.32
8.29	24.07	6.73	26.7	1.7	53.03	23.54	33.14
9.4	22.08	5.25	24.92	1.61	54.65	26.81	32.73
10.28	18.89	5.61	32.98	1.68	51.07	21.43	35.33
10.73	22.78	5.49	27.66	1.64	59.23	25.57	32.91
8.64	22.81	5.46	32.42	1.7	57.96	24.26	36.03
9.42	24.01	5.91	27.97	1.68	49.17	27.12	34.56
10.9	20.55	7.8	33.3	1.72	61.05	23.39	37.55
8.74	21.2	6.51	32.87	1.71	48.25	19.96	29.69
7.91	24.95	6.02	32.59	1.63	49.56	25.01	29.33
10.73	16.62	5.78	29.29	1.71	47.46	24.5	34.33
10.65	20.84	4.86	34.4	1.73	49.56	25.72	43.03
11.62	17.46	5.46	28.64	1.63	45.06	26.68	34.15
10.31	16.79	5.84	31.8	1.82	54.35	25.42	31.73
9.48	20.6	4.66	31.56	1.81	47.54	26.47	31.84
8.65	21.18	6.7	29.96	1.67	49.88	24.61	34.4
8.89	19.82	6.24	31.84	1.82	54.89	27.1	28.56
9.05	20.99	6.04	33.88	1.71	49.26	29.75	34.29
8.25	21.23	4.93	34.91	1.7	49.18	24.28	28.6
8.41	21.53	5.93	37.3	1.62	49.81	25.99	35.21
10.23	20.96	5.24	27.46	1.69	55.13	19.35	32.75
9.88	20.36	5.28	33.85	1.61	63.52	22.68	36.3
10.54	19.73	5.21	37.62	1.69	56.98	27.2	34.07
8.27	21.4	6.74	31.01	1.65	59.05	25.02	28.71
8.84	19.69	5.77	29.72	1.68	59.85	24.53	32.72
9.9	21.38	6.36	28.94	1.58	54.11	22.79	29.68
8.2	20.84	6.27	31.7	1.75	49.17	26.06	31.71
10.4	23.13	5.35	39.7	1.72	55.02	22.57	35.39
10.66	18.53	5.81	31	1.49	52.6	26.47	38.53
10.02	17.88	6.18	31.44	1.72	56.82	24.46	31.88
9.36	23.79	6.45	35.48	1.69	63.63	20.96	34.08
9.82	18.39	5.88	32.32	1.6	51.64	28.21	39.41
11.4	19.5	6.12	33	1.55	48.39	20.53	32.02
9.69	21.19	4.87	32.06	1.57	50.05	26.87	31.76
7.66	23.41	5.2	33.9	1.73	48.19	24	35.85
8.74	16.95	5.67	31.55	1.8	41.7	21.46	34.43
9.99	19.47	5.6	29.55	1.63	49.47	22.09	37.76
11.04	21.74	5.77	30.46	1.64	56.66	28.7	32.88
9.13	21.03	5.58	35.57	1.64	58	21.78	26.31
10.21	21.81	5.66	34.73	1.59	52.94	26.77	37.59
10.18	20.93	4.87	29.01	1.65	50.3	24.45	39.27
9.03	18.29	5.83	26.9	1.84	56.04	28.96	33.04
10.04	23.28	6.12	36.25	1.78	52.52	24.31	39
10.44	22.95	7.24	31.75	1.77	47.49	28.51	30.98
7.8	21.13	5.17	34.44	1.72	57.14	21.97	30.57
10.56	21.52	5	30.79	1.63	51.14	26.56	31.84
9.13	22.37	6.16	32.15	1.64	54.92	27.44	33.65
9.7	19.94	5.65	24.53	1.68	49.03	20.37	33.69
9.18	18.96	5.74	33.62	1.67	46.14	28.26	27.34
10.55	19.51	5.46	35.08	1.72	43.15	28.62	39.06
8.62	23.66	5.85	33.7	1.72	55.8	22.92	39.98
8.28	23.78	5.32	29.5	1.58	53.83	23.2	35.32
9.34	17.13	5.03	31.68	1.78	56.66	23.98	32.22
8.39	18.01	6.82	28.23	1.7	53.26	23.13	34.42
9.63	20.16	5.72	33.28	1.69	53.03	22.13	36.55
10.22	25.6	6.15	28.21	1.52	47.74	25.87	33.44
11.41	17.8	6	36.07	1.77	52.31	29.15	31.39
9.13	18.05	5.99	29.21	1.76	51.29	24.38	35.91
10.1	17.43	6.33	28.78	1.63	48.6	29.72	35.97
9.17	21.39	4.91	40.28	1.84	53.24	23.94	33.13
8.7	17.95	6.3	29.58	1.59	55.85	24.26	35.23
9.17	23.3	6.23	36.08	1.73	49.88	24.82	39.22
9.03	20.52	5.75	36.43	1.6	48.79	22.87	35.26
9.6	20.04	5.91	38.8	1.62	58.95	25.74	33.13
10.58	19.09	6.04	32.99	1.66	58.7	24.66	29.34
8.25	20.92	6.13	31.38	1.66	49.19	21.5	42.25
7.06	19.22	5.88	35.01	1.63	50.45	27.05	32.88
9.52	21.21	5.3	33.22	1.74	57.34	23.87	27.32
13.05	22.67	5.41	28.63	1.72	45.23	27.69	35.9
9.43	21.69	6.37	35.37	1.68	46.9	28.33	38.12
10.1	25.33	5.97	32.17	1.68	47.42	25.84	34.65
9.69	17.73	5.86	33.79	1.74	53.49	27.26	32.57
9.82	20.4	6.57	35.33	1.85	53.31	27.53	39.39
10.11	21.04	6.48	34.45	1.67	52.72	24.77	30.7
8.17	18.22	5.82	30.26	1.66	48.71	26.14	34.33
10.67	20.83	6.05	27.24	1.69	52.68	23.94	31.98
7.82	18.27	5.05	30.3	1.8	54.41	25.83	30.17
10.47	19.84	6.15	32.91	1.55	47.87	22.53	39.14
7.62	19.59	6.21	32.95	1.75	52.72	30.95	33.69
9.95	18.72	5.42	34.41	1.69	60.66	22.48	34.78
8.65	18.82	5.19	30.35	1.63	44.72	27.84	28.94
7.39	22.42	5.82	33.82	1.63	51.17	22.34	35.66
9.66	20.57	5.12	33.44	1.71	49.5	26.31	33.14
7.9	21.53	5.49	33.24	1.66	58.01	28.04	28.38
8.1	20.32	5.16	32.79	1.79	56.7	20.67	30.47
9.26	21.31	6.32	36.37	1.54	47.13	30.55	29.11
9.2	21.83	5.59	37.81	1.72	46.04	24.28	31.1
9.01	19.79	5.77	40.65	1.67	53.45	21.38	37.05
9.85	19.66	5.93	38.05	1.61	46.03	26.17	33.62
11.23	21.98	6.09	37.6	1.67	55.02	24.41	29.3
8.65	23.73	6.55	30.98	1.77	52.21	21.78	42.53
9.41	20.56	5.47	35.43	1.75	57.73	24.11	29.36
8.17	22.4	6.18	36.41	1.77	51.94	26.02	38.64
10.28	22.47	5.61	35.37	1.75	60.48	28	34.75
10.39	21.99	5.28	36.82	1.55	56.76	23.77	35.06
8.9	23.51	6.37	32.02	1.63	50.86	23.36	31.36
8.56	21.84	6.28	33.05	1.74	44.28	23.78	30.96
9.96	20.16	6.44	31.55	1.63	44.63	24.92	33.87
10.1	20.27	6.01	31.12	1.64	54.5	25.76	34.07
10.72	19.34	6.81	29.31	1.68	46.89	28.36	28.57
9.49	17.17	5.72	28.85	1.75	51.56	30.14	38.28
9.81	19.35	6.61	35.55	1.73	52.05	28.61	35.82
9.93	20.39	5.65	36.24	1.68	53.65	25.96	31.43
8.6	19.49	6.07	33.47	1.67	42.72	23.49	37.8
9.26	19.42	5.79	31.9	1.62	43.99	24.42	34.28
10.48	19.49	6.31	37.38	1.59	49.77	23.01	34.96
9.5	15.5	6.22	35.83	1.63	55.44	25.12	30.19
8.34	23.24	4.92	35.03	1.75	58.06	27.77	34.17
9.5	18.79	5.97	31.65	1.69	49.84	21.17	37.46
10.25	18.45	5.94	30.07	1.67	49.67	29.54	31.94
10.71	20.76	6.75	29.36	1.75	40.83	24.53	35.24
8	21.73	5.04	34.61	1.64	47.02	26.06	33.8
9.45	22.11	6.22	28.62	1.73	53.94	25.15	35.27
8.13	18.76	6.52	34.29	1.78	54.76	24.96	27.95
8.27	18.46	6.18	32.08	1.66	45.98	24.46	30.58
9.51	15.35	6.02	33.83	1.66	48.54	21.31	36.46
9.2	20.1	6.33	38.26	1.6	50.16	20.39	28.73
10.6	19.55	6	31.42	1.64	47.05	23.54	35.28
10.95	22.07	6.2	33.41	1.54	51.75	27.48	29.62
10.44	17.95	6.43	30.89	1.66	55.41	29.85	27.51
8.58	18.31	5.89	29.88	1.82	67.02	27.19	36.2
9.11	25.34	6.68	36.81	1.61	47.47	24.01	34.89
10.09	22.3	6.74	33.66	1.72	45.5	22.01	37.57
9.49	19.91	4.82	27.31	1.77	53.07	24.25	26.57
10.76	20.01	6.74	37.25	1.64	44.38	25.68	35.92
9.53	23.97	5.59	30.77	1.71	50.28	24.66	32.17
10.22	21.96	5.4	32.16	1.78	53.19	25.7	32.5
8.71	22.65	5.65	32.43	1.64	56.07	24.53	34.09
8.64	20.76	6.15	30.41	1.66	53.55	22.74	35.12
8.83	21.44	4.98	36.75	1.71	53.33	25.25	37.1
11.05	20.7	5.93	26.62	1.68	51.91	25.83	36.38
10.13	19.76	6.27	34.75	1.57	47.3	27.21	31.42
12.71	22.1	4.82	37.45	1.72	59.71	23.29	34.31
10.54	22.6	6.01	32.19	1.61	53.91	22.68	29.75
11.67	22.71	5.05	37.11	1.71	53.85	26.51	36.12
8.6	20.9	6.18	34.61	1.74	63.38	23.56	35.37
10.37	16.96	5.36	34.51	1.76	58.7	21.83	29.42
9.15	25.1	5.38	40	1.68	56.84	25.3	27.71
8.86	22.96	5.5	33.62	1.65	41.06	24.81	32.72
8.8	20.69	6.21	25.76	1.62	47.11	25.11	37.75
8.41	23.47	5.91	34.83	1.75	50.52	22.84	36.08
7.97	17.87	6.14	31.47	1.57	59.93	20.54	30.35
9.86	23.38	5.46	32.49	1.58	54.71	22.49	33.84
9.37	19.98	6.48	29.97	1.65	53.65	27.09	33.8
9.89	19.08	5.65	30.57	1.71	55.44	24.01	31.26
9.36	20.39	7.07	34.8	1.67	41.73	25.39	31.08
8.95	22.68	6.91	32.62	1.59	60.37	22.33	29.54
12.13	22.3	5.48	37.19	1.82	49.43	27.12	37.01
10.42	17.79	5.73	30.19	1.68	56.05	28.5	28.57
8.67	20.51	5.07	38.51	1.66	50.67	25.29	32.23
9.48	22.47	6.21	33.46	1.7	54.74	24.25	30.92
8.92	22.79	6.28	32.65	1.59	51.95	28.8	28.82
10.32	21.25	4.61	32.59	1.62	51.3	21.6	32.67
8.64	20.96	5.83	30.17	1.81	58.85	23.94	34.91
9.47	23.82	6.36	32.3	1.62	58.84	25.1	30.15
9.16	22.43	5.1	39.09	1.7	51.53	25.15	35.66
9.13	23.87	5.55	35.79	1.58	48.72	26.29	35.06
10.64	24.43	5.96	32.12	1.76	53.28	27.94	29.49
9.63	18.6	5.57	31.84	1.68	47.31	26.62	38.88
9.69	21.47	6.26	32.82	1.74	45.88	29.02	36.49
10.52	21.1	6.28	28.14	1.76	49.42	23.69	32.95
9.41	22.65	5.03	31.24	1.81	56.78	26.48	34.44
9.21	21	6.11	29.18	1.62	51.39	21.28	30.21
8	20.73	6.27	35.27	1.7	51.39	25.06	37.81
9.02	18.74	5.56	33.64	1.63	54.91	25.64	33.97
10.87	23.67	6.88	36.69	1.66	42.43	27.61	31.95
9.94	20.67	4.86	37.22	1.64	45.27	21.57	29.96
10.4	21.85	6.08	33.3	1.68	57.66	30.56	33.52
8.62	23.37	5.92	27.95	1.81	57.67	24.18	41
9.58	19.94	5.59	30.79	1.62	48.88	22.49	27.4
9.01	23.51	6.12	31.2	1.68	53.98	21.36	38.95
9.25	25.82	5.14	36.94	1.62	51.32	24.24	33.12
8.5	21.89	6.8	31.55	1.66	54.1	23.53	34.57
8.49	22.23	6.07	30.2	1.78	44.38	23.09	33.26
10.07	21.9	8.77	38.44	1.78	51.59	24.12	27.36
13.33	20.46	5.76	31.46	1.62	49.85	23.6	31.47
9.11	20.15	5.88	29.42	1.74	56.11	17.91	36.09
9.45	18.33	6.45	34.33	1.69	51.51	22.66	36.2
8.81	20.87	4.97	35.24	1.66	49.18	24.89	32.42
9.2	18.13	4.89	29.37	1.66	52.67	25.1	32.47
8.98	20.06	6.02	28.26	1.62	46.34	26.79	32.6
9.84	22.18	5.17	31.7	1.81	50.01	32.78	37.51
10.45	21.7	6.79	33.24	1.65	53.53	24.13	29.72
8.86	22.38	5.01	34.77	1.61	55.59	24.6	33.63
8.47	18.95	5.39	30.02	1.7	46.61	29.21	38.61
9.68	19.07	5.53	37.01	1.67	53.24	24.88	32.42
9.33	18.21	5.13	28.47	1.68	46.33	23.14	29.57
8.17	20.31	6.73	35.05	1.66	60.28	21.19	32.7
10.37	20.91	5.61	28.5	1.79	43.2	28.64	37.57
8.85	21.99	5.66	27.17	1.66	48.65	28.83	34.73
7.97	20.96	5.78	32.2	1.59	44.48	29.84	38.47
9.8	20.4	7.67	37.14	1.76	49.75	26.38	31.31
9.92	20.35	5.41	35.63	1.73	47.49	27.28	35.13
9.5	20.41	7.07	35	1.68	55.27	22.88	37.19
9.69	20.29	6.01	30.34	1.65	52.9	22.86	40.99
10.25	19.82	5.38	30.74	1.75	40.91	22.13	35.73
8.92	19.9	5.8	34.63	1.68	54.16	22.25	36.54
9.68	19.72	6.24	30.22	1.74	56.49	23.63	36.38
8.82	21	6.21	30.37	1.73	60.54	25.16	33.78
9.94	21.06	5.93	34.33	1.59	59.05	26.36	32.66
8.69	21.88	6.03	31.28	1.78	45.1	23.02	35.49
10.87	22.69	6.34	23.33	1.66	55.16	23.11	38.38
10.47	17.11	6.24	35.04	1.63	53.34	26.47	30.02
11.86	22.4	4.74	34.4	1.7	48.88	25.81	33.68
11.35	19.89	6.74	33.44	1.69	50.17	22.85	33.66
8.19	19.14	7.2	29.05	1.7	53.58	26.08	34.9
11.35	25.5	5.21	32.33	1.62	47.15	23.66	33.79
12.03	19.02	6.02	35.06	1.63	56.78	26.78	42.36
10.79	18.44	5.81	37.03	1.73	48	27.25	37.22
9.55	19.48	5.89	30.05	1.67	49.67	23.96	36.4
8.9	20.04	6.14	30.46	1.72	45.58	24.87	38.74
9.3	18.14	5.9	37.04	1.68	58.49	22.93	33.93
10.5	19.31	4.78	35.3	1.61	53.65	26.26	30.67
10.7	20.78	6.35	31.23	1.71	60.78	26.2	34.19
10.85	18.53	5.51	29.41	1.73	51.89	17.35	41.4
9.12	20.97	5.97	31.04	1.69	48.78	26.13	42.17
8.59	19.38	6.31	30.08	1.7	40.5	24.24	37.77
9.4	21.58	5.89	32.26	1.51	53.5	26.46	29.64
8.7	19.93	6.81	35.89	1.67	59.82	28.82	37.67
10.75	18.94	5.78	33.99	1.6	44.79	24.39	34.3
10.83	19.55	6.19	25.69	1.66	54.36	25.3	35.39
9.59	19.36	6.69	32.16	1.76	60.63	25.07	31.85
11.67	19.27	5.34	31.64	1.76	44.24	26.45	30.23
10.92	21.18	6.06	31.42	1.66	54.24	23.19	37.27
9.22	22.71	5.57	29.3	1.65	45.94	23.56	36.6
10.37	24.91	5.96	35.06	1.55	56.12	24.17	32.92
9.24	21.65	5.24	35.82	1.69	51.38	29.74	30.46
9.97	20.79	5.69	40.06	1.61	42.67	26.2	29.52
10.08	20.41	6.3	28.59	1.65	56.17	24.77	28.78
10.99	24.45	5.33	31.79	1.69	52.93	29.66	34.8
9.79	22.15	5.07	32.8	1.62	48.01	23.32	35.63
10.48	21.15	5.74	33.57	1.65	50.19	22.65	30.1
9.28	21.62	6.31	31.46	1.67	54.14	25.6	32.82
10.86	20.81	6.38	34.13	1.77	46.72	22.88	32.85
10.83	17.69	6.96	34.29	1.66	49.27	27.76	34.18
10.04	19.24	5.69	33.68	1.67	49.1	25.66	30.51
9.36	17.64	6.35	41.77	1.8	54.79	24.64	33.36
8.07	22.89	6.35	29.54	1.71	53.25	25.98	28.12
10.98	23.12	6.08	39.82	1.72	50.26	23.48	32.25
8.61	20.65	6.05	33.82	1.62	46.16	22.97	28.89
9.26	16.84	5.67	30.92	1.59	49.47	25.92	31.53
9.3	24.17	5.49	31.85	1.65	51.88	26.59	35.73
10.92	22.66	6.13	28.69	1.64	54.06	19.99	36.57
9.83	18.99	5.33	32.04	1.7	43.35	25.43	33.51
10.34	23.6	6.42	32.76	1.66	50.8	27.21	30.14
8.95	19.68	6.27	33.65	1.68	45.19	24.77	34.07
11.51	20.73	6.08	34.58	1.65	52.68	23.45	38.56
12.75	24.73	6.83	32.57	1.7	47.44	23.68	36.54
8.61	20.9	6.76	29.67	1.78	54.24	23.23	34.14
9.43	22.02	6.61	31.29	1.67	44.02	25.5	28.58
10.08	19.16	5.44	34.95	1.68	45.2	25.73	32.98
9.03	22.6	6.14	35.69	1.68	63.43	24.05	32.41
8.89	18.3	6.19	31.89	1.67	53.97	30.79	33.96
10.01	19.36	6.62	36.2	1.63	55.33	23.39	29.61
8.56	23.83	5.06	32.66	1.55	57.37	25.4	36.74
6.63	21.57	5.08	34.03	1.72	48.73	21.85	40.22
11.61	19.3	6.64	36.29	1.76	58.4	26.12	40.08
8.38	22.79	5.83	35.94	1.7	47.36	24.84	30.86
11.75	22.17	6.3	32.03	1.58	51.06	25.23	34.35
7.91	19.87	5.62	38.05	1.59	58.19	24.34	36.8
8.73	19.09	6.65	33.25	1.65	51.6	25.19	32.66
10.42	21.64	6.08	36.14	1.56	51.11	26.75	36.76
10.75	22.21	5.58	28.75	1.79	48.01	22.51	37.22
8.72	19.79	7.1	35.65	1.75	57.94	26.37	35.59
9.63	22.14	6.52	38.88	1.6	48.25	24.11	38.04
10.31	22.34	5.92	31.59	1.65	54.31	27.83	31.09
9.15	21.09	6.45	37.12	1.68	45.98	32.54	29.72
9.99	21.28	5.39	32.47	1.56	54.01	28.55	30.17
9.41	19.39	5.45	38.41	1.79	55.34	29.15	34.12
9.17	23.8	5.29	24.53	1.64	60.62	29.66	37.47
9.84	25.52	4.97	33.44	1.69	41.31	27.13	38.6
9.72	22.77	5.63	38.25	1.68	48.51	26.09	31.66
7.78	19.89	6.3	36.15	1.66	52.25	24.28	33.92
8.34	22.86	5.3	35.05	1.66	49.06	24.49	34.44
9.65	18.43	5.1	30.95	1.73	55.58	22.83	32.4
11.53	23.35	5.71	33.38	1.63	48.41	26.1	33.16
9.1	20.22	5.89	29.01	1.74	51.37	27.66	36.97
9.76	18.02	6.3	37.58	1.71	46.47	24.56	27.28
9.93	21.66	6.45	27.1	1.64	50.26	23.65	34.23
9.74	24.43	5.96	34.91	1.78	47.15	28.76	34.31
10.26	23.28	5.9	32.53	1.6	46.06	28.4	34.93
9.46	19.42	5.84	27.65	1.69	58.51	22.07	30.82
11.35	16.81	5.72	35.34	1.77	44.72	22.59	36.02
9.93	22.33	5.23	34.27	1.66	50.72	27.73	37.65
9.86	18.5	5.99	34.68	1.72	47.07	22.89	23.34
11.27	21.71	5.06	33.18	1.72	52.69	28.5	35.32
11.77	19.92	7.15	34.34	1.61	50.39	23.3	31.03
7.36	24.61	6.12	31.66	1.6	44.37	25.95	34.93
8.76	21.81	5.95	33.01	1.62	49.14	25.7	31.56
9.92	21.25	5.88	31.27	1.71	60.04	23.52	39.61
10.05	18.84	5.33	37.5	1.58	53.79	26.08	30.97
10.37	20.55	5.62	28.7	1.68	50.27	23.9	31.01
10.18	23.03	6.5	36.2	1.61	51.41	22.91	35.75
8.96	19.72	6.25	29.68	1.59	52.42	22.09	37.01
8.03	20.82	5.78	29.91	1.74	50.57	26.73	32.57
8.95	22.89	5.05	40.05	1.66	58.02	26.08	33.89
10.48	23.55	6.35	27.38	1.72	45.68	21.72	35.16
9.27	20.26	5.3	33.68	1.71	56.4	24.24	37.85
9.35	21.58	5.01	30.42	1.65	48.44	26.22	35.48
7.75	20.97	5.67	31.61	1.62	47.89	25.06	32.4
8.44	20.29	6.56	29.65	1.71	51	25.46	29.89
9.41	24.58	6.56	29.68	1.68	46.02	26.25	37.34
8.22	20.11	6.88	35.53	1.74	50.95	25.01	37.63
8.92	20.5	5.95	44.33	1.66	42.52	21.54	38.01
8.51	24.73	5.49	32.62	1.6	48.85	22.23	37.49
8.22	22.53	6.87	33.98	1.66	57.99	23.85	27.47
8.49	19.6	5.77	29.89	1.75	59.72	24.79	35.5
8.94	23.2	5.01	33.52	1.81	49.29	28	27.48
12.41	18.82	6.11	31.15	1.73	54.17	25.06	35.29
10.08	21	5.59	34.68	1.64	49.94	28.14	34.14
9.72	22.71	6.75	32.69	1.66	53.53	25.36	37.26
9.63	17.91	6.47	32.22	1.67	51.19	26.69	27.17
8.7	16.72	5.35	31.67	1.73	52.28	26.68	42.24
9.39	21.53	5.89	33.02	1.78	41.53	29.85	35.65
9.36	19.86	5.6	32.37	1.75	53.99	24.99	34.86
9.86	19.69	5.77	33.54	1.66	60.27	23.52	37.37
10.65	22.22	5.31	32.05	1.61	44.99	25.33	33.12
9.01	17.91	5.59	35.26	1.79	56.34	22.52	34.42
8.35	20.11	6.81	31.32	1.72	54.41	26.16	35.54
9.15	20.65	4.61	34.05	1.76	54.9	25.99	35.33
11.31	23.09	6.76	36.39	1.67	52.59	25.31	37.66
9.74	22.14	6.26	34.72	1.63	60.58	23.09	31.8
11.16	21.36	6.52	34.9	1.63	59.67	24.82	31.74
9.21	20.56	5.42	37.42	1.53	50.96	21.67	36.22
11.18	18.62	6.06	37.88	1.68	49.25	24.08	33.01
8.16	16.52	6.76	28.12	1.62	53.41	29.51	35.84
10.13	20.06	5.67	31.93	1.61	51.98	23.92	34.98
11.46	20.23	5.29	31.93	1.77	56.26	26	30.35
10.09	22.68	4.75	32.78	1.83	49.02	23.45	32.41
9.97	22.25	5.88	31.41	1.72	53.48	26.86	33.55
9.36	24.68	5.82	34.32	1.71	54.04	21.3	36.25
10.01	19.56	5.63	30.01	1.68	54.75	21.79	36.52
10.54	21.33	6.08	35.27	1.66	50.69	25.33	34.69
9.98	17.58	6.59	28.79	1.71	52.59	21.11	34.43
9.16	17.11	5.55	36.28	1.75	56.55	28.03	32.46
9.15	18.63	6.36	24.89	1.68	52.48	27.05	30.25
10.18	18.58	6.61	35.41	1.77	41.07	25.42	30.86
9.41	25.33	5.85	24.24	1.79	46.3	25.73	32.77
9.58	20.93	6.69	32.33	1.68	47.19	25.54	38.49
9.46	21.63	6.39	30.25	1.64	55.6	26.32	27.17
10.97	18.9	6.14	38.15	1.73	49.11	22.9	32.44
10.47	18.13	5.44	32.43	1.63	52.23	25.03	41.09
10.83	21.78	6.36	34.84	1.76	59.77	23.97	34.49
11.16	22.04	6.39	36.3	1.64	53.06	25.74	32.13
9.66	23.46	6.19	31.4	1.68	52.72	32.96	34.96
7.67	18.12	5.96	28.92	1.66	57.77	27.39	32.39
10.82	21.28	5.44	36.6	1.67	51.56	26.84	42.48
8.82	20.62	6.24	28.59	1.69	57.24	21.86	35.32
10.06	19.33	6.05	29.39	1.66	50.51	22.98	36.68
10.96	20.03	5.95	31.97	1.69	55.35	23.08	32.73
10.61	23.76	6.2	33.08	1.64	59.6	26.02	32.17
8.51	19.19	6.16	28.72	1.72	53.48	30	29.78
12.09	22.33	6.85	30.1	1.62	63.49	23.33	32.46
10.39	19.89	6.67	34.03	1.62	46.4	20.77	29.45
8.42	20.37	6.12	31.76	1.79	53.99	22.75	33.13
9.28	25.34	5.06	26.51	1.73	42.41	24.98	33.96
10.94	18.76	5.81	28.44	1.66	53.31	24.33	32.41
9.44	22.67	5.66	31.09	1.68	54.47	21.47	32.56
8.7	23.41	5.27	31.64	1.59	48.16	24.18	31.44
10.74	24.19	5.73	31.56	1.71	57.7	24.1	28.6
10.57	22.25	6.66	31.7	1.6	50.91	27.2	41.26
10.2	22.17	6.53	34.31	1.68	50.61	32.1	33.63
10.09	18.53	6.13	34.09	1.62	60.85	23.55	28.39
8.89	18.9	4.9	34.49	1.83	53.02	28.25	34.1
10.17	18.3	6.12	26.61	1.78	43.78	23.89	38.71
8.35	20.52	5.39	30.94	1.65	54.78	21.96	31.76
7.47	22.5	5.75	30.74	1.83	42.28	28.63	31.65
10.05	21.64	6.04	26.68	1.69	48.26	30.61	35.31
10.48	18.63	5.87	42.25	1.67	48.92	26.91	32.62
8.81	20.31	5.55	29.47	1.73	57.51	24.88	31.23
9.02	22.38	7	31.33	1.62	48.5	22.69	37.13
10.48	22.3	5.47	39.23	1.77	54.6	24.99	36.33
10	26.81	6.4	28.15	1.64	49.02	29.01	28.41
10.36	19.88	4.98	33.96	1.65	58.62	22.52	36.66
9.01	22.99	6.19	39.91	1.64	52.55	25.1	38.49
8.95	20.09	5	31.53	1.75	45.39	26.73	29.31
8.52	20.69	5.37	36.46	1.7	53.24	24.49	33.93
9.58	18.83	5.58	38.72	1.7	50.24	25.52	38.78
9.66	19.65	5.56	31.22	1.65	42.23	28.39	32.74
10.2	19.89	5.31	33.14	1.72	44.5	24.3	34.21
9.89	18.35	6.41	34.69	1.71	46.75	25.25	36.06
10.25	16.3	6.8	33.72	1.77	54.52	28.71	41.41
9.64	19.61	6.05	30.79	1.65	49.76	26.49	37.84
8.56	20.07	6.73	34.51	1.62	57.71	23.78	34.45
9.15	22.27	6.49	32.16	1.66	46.32	24.94	38.55
10.59	23.32	5.25	30.87	1.69	55.98	27.1	33.18
8.9	19.59	7	30.56	1.73	63.41	24.31	36.75
10.64	20.45	6.15	35.83	1.75	46.32	21.66	35.37
9.24	22.03	5.16	32.99	1.67	49.32	26.72	34.52
11.34	21.17	4.91	31.35	1.73	53.09	23.16	43.32
10.1	19.33	5.85	29.56	1.66	59.38	22.68	33.79
9.52	20.44	6.16	31.52	1.76	48.5	28.72	34.78
11.38	21.22	6.22	29.54	1.76	55.45	24.75	37.37
8.45	17.51	5.78	34.65	1.55	54.27	24.19	35.8
8.34	20.92	5.63	35.24	1.66	51.91	26.38	35.91
8.09	19.93	5.82	34.11	1.6	48.06	24.55	34.92
9.31	17.05	6.63	27.99	1.7	54.94	26.55	35.05
8.6	22.44	6.56	29.04	1.65	41.73	22.62	39.64
9.4	18.11	6.44	31.42	1.7	35.67	23.31	40
8.61	21.05	5.97	35.07	1.76	49.82	22.36	30.14
9.82	23.81	6.26	33.01	1.62	50.21	23.19	30.16
11.54	16.11	6.08	28.14	1.9	49.79	21.71	40.16
9.92	17.59	5.96	26.84	1.64	62.21	25.05	34.71
9.97	19.72	5.69	27.95	1.72	53.54	25.68	31.48
8.53	21.99	5.36	25.85	1.61	65.79	25.07	32.98
10.88	20.6	6.06	31.81	1.71	52.78	22.1	35.21
9.03	21.25	6.06	28.29	1.72	62.02	28.53	36.58
10.01	22.83	5.82	36.35	1.81	49.61	26.39	38.87
8.48	24.63	4.21	30.13	1.71	57.74	22.16	34.05
10.33	20.1	5.4	36.55	1.63	51.36	27.04	32
9.72	20.3	6.25	32.57	1.68	49.92	24.17	34.16
8.34	19.9	5.83	32.92	1.79	51.29	23.54	33.7
9.34	23.53	5.93	35.98	1.71	62.97	22.99	29.76
12.48	23.43	5.08	38.1	1.64	45.91	23.97	40.63
9.52	22.7	6.33	31.48	1.73	57.44	23.52	38.01
9.98	22.27	5.72	37.89	1.66	48.9	26.97	29.86
8.99	20.9	5.69	30.37	1.64	47.67	22.5	32.27
10.74	19.77	5.18	35.88	1.64	59.98	23.28	30.44
9.98	22.04	5.37	30.76	1.64	61.52	28.03	28.39
9.91	22.31	5.53	24.4	1.69	46.14	27.04	34.22
8.87	21.03	6.1	31.89	1.78	50.18	26.32	37.65
7.97	19.23	5.87	34.36	1.66	46.98	22.76	32.45
9.22	16.35	7.01	36.68	1.73	59.78	27.39	28.98
8.09	19.95	6.78	35.27	1.79	47.31	25.5	36.23
9.63	23.09	5.98	32.57	1.63	59.81	29.37	30.68
10.16	21.42	6.24	36.8	1.66	48.96	24.74	36.99
9.53	20.53	5.9	35.63	1.74	53.01	23.79	35.29
8.57	19.84	5.68	39.16	1.79	49.83	29.8	32.47
10.85	19.13	5.89	33	1.77	49.19	23.57	29.78
8.69	20.62	6.4	32.99	1.69	46.55	29.08	35.38
9.85	18.65	5.9	32.06	1.66	46.69	24.22	35.19
9.39	23.87	5.96	26.35	1.68	49.02	25.4	32.64
9.99	23.6	5.57	30.02	1.71	48.24	25.45	37.24
10.41	18.2	6.88	31.54	1.75	51.93	24.07	24.8
10.15	25.52	6.42	37.14	1.68	59.89	29.39	27.69
9.96	18.62	5.98	33.56	1.59	57.58	23.55	33.74
9.74	20.95	5.58	36.09	1.74	46.86	24.91	29.95
9.64	20.28	6.09	29.35	1.87	51.24	26.82	33.52
10.15	23.12	6.35	35.21	1.67	50.46	25.49	33.62
9.34	21.8	6.38	34.96	1.61	54.05	22.29	38.26
10.12	18.8	5.84	35.21	1.66	53.33	27.42	34.99
10.16	21.12	6.14	32.15	1.74	53.19	25.79	36.07
9.12	20.81	6.46	29.92	1.58	63.88	26.62	28.6
10.24	19.73	5.8	31.54	1.67	40.26	24.36	33.84
9.23	23.14	5.64	30.92	1.8	52.96	26.59	35.55
8.7	19.44	5.42	40.73	1.72	51.88	30.59	32.78
10.59	20.81	5.91	31.96	1.55	51.93	27.13	36.95
9.8	21.52	7.09	32.41	1.69	54.62	21.99	29.7
10.04	20.01	6.02	29.1	1.61	46.76	21.83	34.23
9.67	23.3	5.37	33.78	1.66	52.72	26.07	37.62
10.13	22.12	5.86	26.63	1.6	54.08	27.55	32.26
9.95	21.08	5.45	36.34	1.64	58.96	31.34	34.75
8.51	22.41	5.1	33.73	1.83	57.44	28.25	37.34
9.24	19.61	6.62	34.39	1.74	54.7	26.48	33.76
11.3	19.99	5.54	35.33	1.68	42.09	24.28	34.13
9.55	20	6.8	32.23	1.71	54.84	22.48	39.95
11.94	19.45	5.43	32.5	1.63	61.7	22.01	29.37
10.51	19.49	6.01	35.43	1.73	45.47	29.14	35.44
11.95	18.29	5.48	29.56	1.67	48.86	25.88	29.83
11.14	19.02	6.38	39.76	1.59	40.34	25.5	32.79
9.41	21.1	6.94	36.98	1.7	51.97	25.92	33.39
8.64	21.51	5.58	32.42	1.71	51.94	21.03	29.47
9.75	19.92	6.43	34.06	1.68	51.5	24.12	36.37
11.81	18.26	5.59	34.63	1.55	50.09	24.96	34.93
9.14	22.6	7.6	31.75	1.6	48.47	27.36	31.8
8.8	18.96	6.08	38.41	1.69	58.02	29.63	37.39
10.17	21.68	6.15	33.75	1.78	48.84	26.95	35.51
8.13	19.81	6.96	32.88	1.61	54.9	26.21	30.02
9.89	20.55	5.49	29.25	1.67	58.77	25.81	32.85
10.42	16.95	6.12	31.05	1.65	47.5	25.18	35.02
10.8	25	6.48	32.33	1.67	50.04	20.74	34.73
10.25	24.89	5.75	32.79	1.78	61.02	25.59	32.91
8.18	21.83	5.65	35.51	1.74	48.59	25.4	30.38
9.55	18.72	5.75	30.89	1.67	50.95	28.03	31.18
9.33	21.92	5.64	34.1	1.7	48.26	24.99	32.28
10.06	19.16	5.79	29.47	1.66	54.84	22.91	28.03
8.04	18.29	5.83	36.53	1.64	43.79	23.67	30.41
10.19	21.96	5.71	36.92	1.69	50.1	28.03	33.7
9.06	20.96	6.71	30.81	1.7	66.43	26.97	35.78
9.94	22.52	5.88	33.42	1.79	47.73	28.76	26.53
7.94	21.3	5.57	33.29	1.68	47.43	25.51	35.72
11.44	18.07	5.75	36.09	1.63	56.47	25.93	29.14
8.81	21.95	6.26	32.32	1.63	58.64	28.9	34.68
9.97	19.94	5.33	33.76	1.66	46.73	28.99	39.75
9.4	21.52	5.04	31.83	1.69	54.45	22.5	35.29
9.32	19.11	6.12	33.26	1.85	55.48	26.34	28.66
9.9	25.11	4.5	31.84	1.65	62.34	25.46	27.65
8.85	20.43	6.63	25.37	1.68	51.26	23.68	33.84
9.73	17.67	5.71	30.59	1.59	37.49	21.85	33.39
11.6	17.38	6.25	33.87	1.71	53.18	24.22	33.46
9.41	18.98	5.97	37.52	1.73	60.47	24.44	36.71
10.63	22.37	6.22	30.4	1.8	50.78	24.18	27.31
9.09	21.54	5.54	32.07	1.66	61.56	26.63	36.36
11.28	19.75	5.06	36.24	1.69	62.76	26.75	34.58
10.6	19.64	6.66	30.54	1.61	55.16	29.27	32.71
11.74	23.76	6.72	32.66	1.74	57.72	26.9	26.03
10.46	19.55	6.26	40.45	1.74	54.21	26.57	34.14
9.8	19.87	5.94	27.67	1.67	53.62	23.47	33.38
10.01	20.03	7.2	32.85	1.67	55.21	25.02	32.61
11.37	18.06	6.21	29.91	1.67	59.63	29.31	32.1
9.94	19.38	6.85	36.12	1.76	48.41	24.44	31.78
8.19	20.23	5.89	38.67	1.62	52.67	25.8	28.22
11.75	22.65	5.98	29.79	1.64	52.53	25.23	37.5
9.29	26.02	5.69	28.58	1.62	60.37	24.06	35.33
10.34	19.44	6.82	32.44	1.63	48.54	23.09	41.02
10	21.49	5.47	25.22	1.77	54.07	29.49	33.71
9.04	17.23	5.63	28.58	1.65	51.64	27.77	37.84
8.81	20.29	5.97	38.22	1.68	53.01	22.36	35.3
8.8	17.9	5.82	34.17	1.62	46.7	21.96	38.72
9.2	21.67	5.14	34.67	1.63	57.51	25.44	39.98
8.47	22.56	6.86	36.19	1.75	46.86	21.7	31.33
8.42	20.82	4.92	28.13	1.71	59.4	27.64	31.72
9.76	20.28	7.26	30.89	1.63	53.3	21.69	31.63
9.35	17.71	6.96	37.32	1.69	48.21	22.13	37.68
9.51	19.26	6.52	30.87	1.71	49.75	24.32	34.91
10.53	23.38	6.22	31.83	1.74	49.18	22.76	42.21
10.07	20.62	6.68	33.97	1.62	46.36	21.85	34.88
9.83	23.44	5.27	36.74	1.66	46.58	24.01	34.52
10.01	23.95	5.15	32.83	1.65	63.24	30.5	36
10.34	23.5	5.77	32.54	1.64	52.44	22.26	30.84
10.62	16.04	5.47	32.27	1.73	45.59	23.19	32.73
9.56	18.54	5.43	28.35	1.69	45.77	29.68	32.31
9.94	18.18	5.11	35.09	1.69	55.51	27.95	32.01
9.99	22.35	6.3	32.51	1.79	53.08	31.49	38.05
7.47	18.73	5.79	31.21	1.68	58.35	27.72	27.24
9.57	22.34	5.88	31.3	1.66	42.07	24.71	31.94
11.27	22.05	5.93	31.88	1.71	53.28	25.45	26.81
10.36	23.01	4.58	26.05	1.78	61.42	24.08	42.08
9.73	20.63	6.34	29.29	1.6	58.72	24.08	32.35
9.08	20.2	5.75	31.65	1.74	48.37	26.02	33.32
9	20.22	6.24	35.06	1.63	55	23.11	38.45
9.99	22.01	6.26	28.31	1.61	46.16	24.89	29.02
11.3	21.54	6.27	35.07	1.78	48.11	28.41	31.12
9.45	20.63	6.09	32.4	1.8	59.39	27.02	32.03
9.58	23.04	5.85	26.34	1.61	52.68	29.82	37.96
8.91	22.27	6.53	33.6	1.81	46.65	26.31	38.73
9.43	19.93	5.93	36.5	1.89	46.51	22.07	30.61
9.27	19.65	5.04	30.56	1.8	45.19	24.95	36.09
7.88	17.58	6.19	32.51	1.6	58.39	22.54	29.46
9.18	21.69	5.3	28.76	1.66	53.32	22.73	33.17
10.77	21.45	6.31	40.05	1.63	49.98	21.01	38
7.64	24.99	6.03	36.35	1.68	47.08	21.93	24.93
9.4	19.1	4.72	36.6	1.57	43.02	26.71	33.81
9.07	21.82	4.95	34.7	1.65	60.4	22.2	31.73
10.54	21.11	5.71	30.68	1.64	57.3	27.62	35.73
9.49	18.44	5.59	35.01	1.56	49.48	18.58	34.35
9.18	20.48	5.7	37.38	1.69	53.63	26.56	34.46
11.26	17.75	5.71	36.37	1.6	46.5	23.18	31.8
10.43	19.58	4.81	33.41	1.76	54.96	29.11	30.63
10.31	21.65	5.42	32.79	1.63	53.06	24.37	31.8
9.63	23.45	5.23	36.47	1.67	49.41	24.78	35.1
9.41	19.1	5.33	41.53	1.67	57.02	24.52	36.39
10.82	20.21	4.96	33.74	1.78	58.56	23.77	36.86
10.87	19.84	5.9	35.95	1.8	50.54	26.96	35.2
10.68	22.41	5.88	34.22	1.69	45.85	20.17	30.03
10.94	18.14	6.27	35.41	1.7	46.75	24.81	33.99
9.28	22.52	6.29	30.75	1.63	60.26	28.33	34.65
9.29	18.82	7.44	31.78	1.65	58.56	19.74	38.86
10.33	20.29	6.57	41.67	1.67	58.6	24.7	32.26
8.71	20.34	5.97	28.51	1.73	44.04	21.04	40.53
10.22	21.64	4.97	34.5	1.58	50.09	29.08	34.38
9.13	20.6	5.87	32.81	1.77	46.92	23.87	31.33
10.16	20.07	5.88	33.72	1.6	50.52	22.84	34.21
10.25	21.13	5.61	31.96	1.69	52.05	25.55	40.76
9.64	24.96	6.19	32.47	1.65	50.16	23.52	38.54
7.9	18.97	6.2	29.84	1.72	53.1	23.47	40.24
9.37	22.73	5.8	26.29	1.58	49.66	22.6	38.54
9.47	21.92	5.21	34.38	1.72	51.59	25.9	33.91
9.18	19.31	5.27	32.72	1.73	43.86	24.65	32.43
10.09	16.59	5.61	34.5	1.87	54.3	25.63	34.32
11.11	20.18	5.64	34.11	1.68	47.97	25.4	39.72
9.46	22.92	5.72	31.48	1.75	57	23.21	32.68
9.8	22.99	6.27	33.76	1.73	50.11	27.69	29.7
11.6	20.78	5.09	32.24	1.75	49.84	24.91	38.84
9.58	20.07	5.66	31.22	1.79	51.42	24.52	30.77
10.3	19.09	6.36	36.47	1.64	44.55	22.87	31.99
9.16	17.98	5.38	34.92	1.87	44.75	26.6	33.3
9.73	23.93	5.2	29.29	1.61	61.02	21.62	37.49
10.56	21.05	5.58	35.45	1.67	54.19	25.04	34.27
9.5	22.47	5.79	31.56	1.65	46.47	21.38	30.81
10.68	21.4	5.91	28.67	1.64	46.52	24.23	40.19
8.18	22.98	5.99	30.68	1.63	57.79	25.54	27.98
11.37	21.62	5.77	31.02	1.63	59.41	26.78	27.05
8.89	25.54	6.71	36.3	1.77	46.36	28.09	28.94
13.12	20.36	5.57	34.05	1.58	45.19	26.2	38.88
10.41	19.9	6.73	34.69	1.73	47.1	25.81	35.67
9.21	21.94	5.31	32.18	1.62	52.65	31.19	33.5
8.42	20.98	6.13	34.96	1.71	48.75	24.82	33.44
8.83	20.85	5.85	35.15	1.71	49.29	27.2	31.3
9.32	18.45	6.96	37.71	1.87	56.92	27.87	35.58
8.4	20.17	6.54	34.35	1.57	47.73	28.49	30.12
8.7	20.75	5.12	36.64	1.65	61.64	24.78	28.59
10.53	19.55	5.58	28.02	1.63	53.03	23.67	33.04
10.44	20.7	6.1	34.11	1.61	53.34	25	34.53
10.01	21.94	5.2	30.95	1.69	46.08	22.5	30.25
9	17.04	5.91	30.96	1.67	58.33	26.06	31.2
9.9	19.48	5.9	29.58	1.64	51.49	26.39	35.25
7.84	19.43	5.6	34.28	1.83	46.54	27.52	35.46
9.01	17.5	5.9	31.08	1.73	45.86	27.95	33.96
10.2	19.03	5.73	31.4	1.73	44.39	24.19	33.37
10.36	20.67	7.37	34.12	1.78	61.56	25.57	30.05
9.09	20.86	5.01	30.62	1.73	52.38	24.24	39.08
8.82	20.8	6.32	29.2	1.63	52.05	24.51	27.52
10.67	19.2	6.41	31.85	1.71	44.36	24.8	36.81
9.53	17.01	5.98	31.27	1.63	53.5	24.68	33.94
9.59	20.47	4.84	34.21	1.81	48.28	23.69	26.8
8.75	18.42	5.83	29.3	1.82	43.91	26.41	32.82
8.91	20.52	6.95	33.97	1.68	45.02	22.39	31.53
10.28	19.71	7.25	32.48	1.71	58.64	25.07	35.14
8.43	21.7	5.17	34.01	1.84	48.75	30.41	30
8	20.9	5.91	32.53	1.66	55.56	23.34	32.49
8.93	18.86	5.6	29.27	1.68	60.41	25.11	40.44
9.62	24.8	5.84	32.74	1.63	58.37	25.47	33.95
10.58	19.82	5.64	31.71	1.71	62.04	20.87	32.65
8.57	22.9	6.37	34.16	1.64	52.32	28	34.86
8.79	22.27	5.72	34.56	1.66	51.59	24.98	32.88
10.4	23.46	6.06	38.35	1.69	51.29	27.66	29.89
7.68	24.61	4.97	26.46	1.59	53.78	28	39.88
10.57	22.33	5.65	29.83	1.69	56.78	25.66	25.19
8.86	17.7	5.9	35.71	1.67	58.49	27.7	30.66
9.18	21.55	5.48	31.95	1.66	62.33	22.13	32.82
8.79	20.8	6.41	35.12	1.74	54.62	24.07	31.67
11.75	21.76	6.62	34.88	1.65	62.92	26.12	35.81
11.52	25.36	6.15	34.39	1.67	48.94	24.65	33.96
9	21.85	5.23	28.17	1.65	56.47	25.83	28.21
9.79	20.93	6.17	31.86	1.81	57.21	27.18	30
9.07	18.55	6.65	27.23	1.72	45.99	25.66	33.58
10.25	21.36	6.09	29.5	1.68	55.66	24.9	39.42
9.5	20.84	5.52	27.11	1.66	61.12	26.08	33.39
9.79	19.63	6.26	29.08	1.56	46.61	22.21	29.05
9.19	18.7	5.63	40.05	1.68	52.09	21.09	31.58
8.84	22.42	5.03	29.52	1.63	51.06	23.49	31.57
11.72	22.27	5.42	31.79	1.81	39.5	24.51	32.5
10.73	19.64	5.32	33.93	1.63	48.86	20.73	37.47
9.08	25.91	6.01	39.7	1.65	50.94	27.82	34.15
10.65	22.99	6.1	31.46	1.68	52.75	29.28	35.37
8.98	18.37	5.69	35.25	1.79	56.75	24.86	27.76
8.76	16.47	6.58	37.65	1.67	57.49	22.98	35.72
8.77	19.97	5.23	36.31	1.68	48.66	29.08	35.1
8.94	18.73	5.46	35.62	1.66	51.62	29.83	34.06
11.2	23.35	6.66	29.77	1.67	45.59	26.39	37.62
9.8	24.03	5.97	31.82	1.58	49.87	23.8	35.69
9.63	19.87	6.11	36.33	1.69	54.41	27.79	36.52
9.31	19.85	5.21	37.52	1.73	59.61	30.4	34.88
9.86	20.73	6.89	40.54	1.71	51.61	27.08	36.89
9.09	20.56	6.71	31.74	1.69	53.17	20.91	29.84
7.62	20.83	7.02	39.79	1.77	49.02	27.62	31.78
9.33	18.6	5.02	28.2	1.76	52.09	23.02	40.33
8.88	22.42	5.1	26.4	1.68	53.59	25.5	32.72
9.63	21.78	5.21	29.59	1.64	49	21.38	34.66
9.24	22.49	6.17	31.21	1.62	55.86	33.84	43.37
11.49	18.49	6.67	40.26	1.72	58.38	22.53	31.49
10.6	17.1	5.13	31.45	1.73	65.06	24.52	26.99
11.09	19.73	5.55	35.99	1.72	57.36	21.33	35.82
9.76	20.14	5.47	31.33	1.64	52.92	25.71	37.67
9.12	24.64	5.72	29.96	1.58	49.16	28.3	31.66
11.74	22.32	5.83	35.2	1.59	56.41	25.23	33.02
10.36	18.82	6.07	35.78	1.81	52.71	26.39	36.21
9.89	20.56	5.67	29.2	1.77	46.66	32.28	37.35
11.1	19.05	6.74	33.7	1.76	49.07	27.3	34.96
8.52	21.62	5.79	33.54	1.76	46.55	28.09	34.64
9.27	22.06	5.38	31.92	1.6	55.69	23.32	29.04
10.02	19.49	5.27	27.12	1.6	52.84	23.71	36.78
9.46	21.31	5.25	32.33	1.66	50.7	22.76	28.61
10.28	19.09	6.13	33.84	1.65	45.11	26.7	40.31
9.69	23.87	6.63	30.21	1.74	41.2	23.52	36.59
8.35	21.17	6.89	36.89	1.69	46.28	23.22	36.91
10.01	17.63	5.44	35.33	1.64	55.58	26.46	35.84
9.66	23.84	4.79	34.43	1.85	50.27	23.01	32.35
10.68	21.67	4.91	31.01	1.75	51.5	29.28	37.62
9.88	21.52	4.83	33.26	1.63	54.23	24.17	30.89
9.76	20.25	4.86	27.72	1.68	63.11	23.39	36.14
9.5	18.66	5.38	36.09	1.63	55.37	25.89	31.26
10.41	18.57	6.33	30.49	1.72	55.12	22.27	33.58
11.38	19.53	5.96	36.26	1.63	61.32	28.94	31.72
9.86	17.11	5.36	38.61	1.72	56.73	23.48	29.59
8.3	21.07	5.27	30.97	1.65	52.65	24	27.68
10.14	18.51	5.67	26.85	1.67	59.14	28.68	35.17
8.54	18.89	5.45	36.44	1.66	53.62	24.55	35.34
9.55	21.99	5.52	32.45	1.55	60.4	28.97	32.13
9.03	20.15	5.05	30.29	1.74	45.33	24.06	40.37
9.85	19.78	6.24	30.57	1.75	45.62	25.23	30.7
9.45	16.22	5.48	27.21	1.75	57.84	25.75	36.24
8.17	22.79	5.1	28.91	1.67	54.92	27.93	39.31
10.02	17.46	5.51	35.2	1.75	54.35	26.14	37.91
9.39	18.92	5.69	38.8	1.56	49.06	25.84	33.49
11.61	21.42	5.24	39.95	1.6	49.47	23.82	28.72
9.81	19.52	6.39	39.19	1.62	49.77	27.5	31.59
9.74	21.65	7.01	33.77	1.61	43.88	29.52	32.53
11.7	21.55	6.28	32.91	1.64	45.95	22.84	36.66
8.13	19.3	6.06	30.4	1.57	46.12	23.69	36.42
10.2	20.33	6.06	33.87	1.58	52.63	21.94	30.88
8.48	22.22	6.51	26.55	1.58	52	24.05	35.42
8.34	19.65	5.89	25.21	1.72	53.24	28.79	33.72
10.92	22.59	6.26	35.89	1.77	54.82	21.26	35.37
9.18	23.74	4.97	31.66	1.74	48.84	22.99	35.57
9.23	20.86	6.28	31.67	1.65	46.31	25.16	34.23
9.18	19.2	5.54	34.08	1.67	53.97	25.14	33.4
9.67	18.75	4.89	25.6	1.69	53.77	36.29	37.42
12.01	23.26	6.05	30.3	1.66	59.38	21.6	34.43
10.78	19.24	7.4	30.12	1.62	45.16	21.71	28.25
8.47	16.43	5.55	34.73	1.67	52.34	22.73	34.14
9.8	20.96	5.38	27.21	1.79	46.64	27.11	33.37
9.26	21.84	5.63	29.42	1.64	50.55	24.66	35.83
11.69	22.25	6.98	32.87	1.76	42.99	30.21	34.5
9.3	16.39	6.22	41.02	1.68	46.47	25.77	40.37
10.12	22.25	6.37	28.91	1.84	52.71	23.32	38.35
9.56	21.47	5.71	35.8	1.64	55.74	23.65	39.13
9.7	20.96	5.7	31.42	1.61	54.32	23.23	35.09
10.23	17.61	6.5	31.4	1.69	50.81	25.68	34.64
9.29	22.17	6.33	32.74	1.72	51.74	24.5	31.01
11.23	19.71	6.73	32.43	1.68	49.49	22.92	35.14
10.85	21.56	6.7	34.74	1.65	44.7	22.99	31.45
8.86	21.2	5.71	30.74	1.65	49.42	22.79	34.8
9.83	18.86	6.01	35.12	1.55	52.95	23.18	32.27
8.93	22.54	6.41	34.82	1.64	53.06	26.39	32.19
10.73	21.76	6.16	29.01	1.65	52.76	26.08	39.57
9.03	18.86	4.84	28.5	1.66	50.02	28.77	32.54
9.3	22.32	5.67	27.51	1.68	52.09	28.92	28.04
9.37	22.99	6.51	32.46	1.58	51.02	22.74	33.58
9.22	21.89	5.52	34.07	1.71	52.03	23.89	35.41
8.84	19.03	5.38	30.87	1.67	57.33	26.91	32.02
10.13	19.25	6.49	33.55	1.76	62.41	23.07	31.36
9.43	21.35	5.68	26.03	1.65	55.58	22.08	34.5
10.15	18.85	5.4	36.55	1.73	42.38	23.8	36.18
11.31	22.82	6.77	34.75	1.78	54.92	20.5	27.41
10.14	22.75	6.7	37.88	1.73	41.21	23.89	33.32
10.52	22.37	6.64	31.77	1.66	46.59	19.15	40.99
9.52	21.37	5.63	33.86	1.56	57.28	24.69	38.9
10.91	23.05	6.79	35.25	1.65	48.76	25.71	41.4
10.45	21.95	6.53	38.82	1.63	63.18	28.74	28.8
8.8	18.87	5.14	33.92	1.71	48.55	25.77	32.24
8.79	22.94	5.71	32.82	1.69	49.4	27.07	39.07
10.62	16.63	6.06	33.67	1.78	51.71	27.15	36.78
11.04	23.15	5.19	37.25	1.81	51.26	24.37	36.69
9.76	22.48	6.36	32.04	1.71	46.03	27	31.72
9.34	20.97	6.08	28.13	1.74	50.08	24.45	32.66
8.11	22.89	5.35	28.51	1.66	48.41	20.93	37.78
10.83	17.99	6.77	32.4	1.7	63.22	28.72	34.56
10.24	19.05	6.64	31.65	1.75	54.68	23.58	34.34
8.67	24.39	6.29	25.99	1.71	49.52	29.67	29.44
9.35	20.9	5.69	34.81	1.75	44.21	25.71	36.57
9.35	23.25	6.15	25.71	1.64	50.89	29.55	31.43
10.23	21.94	6.16	29.55	1.6	54.27	24.2	34.86
9.55	19.96	6.52	33.29	1.81	56.85	28.85	31.81
9.45	18.96	5.4	31.55	1.62	49.06	24.1	36.78
10.04	22.26	5.39	36.04	1.81	46.87	22.56	36.51
9.07	20.4	7.01	35.54	1.68	49.41	24.73	32.56
8.82	18.29	7.34	36.34	1.66	45.95	25.86	36.9
11.37	20.94	6.15	29.82	1.63	61.88	24.76	35.51
9.53	22.24	6.2	32.24	1.63	46.73	23.83	33.44
10.69	22.99	6.13	35.16	1.66	44.29	26.31	31.94
9.37	17.57	5.39	37.17	1.77	41.12	27.36	38.56
9.17	21.89	5.32	34.59	1.66	49.04	29.36	35.05
8.32	23.27	5.3	35.02	1.7	49.13	25.64	35.56
9.56	23.26	5.62	33.97	1.75	41.53	23.32	31.34
8.56	20.31	5.82	32.7	1.62	44.05	24.03	37.48
10.1	21.49	5.88	30.46	1.65	53.32	24.86	31.76
10.76	23.2	6.53	30.9	1.75	50.73	22.35	26.02
10.56	18.54	6.25	33.3	1.8	59.94	27.21	27.07
8.46	21.16	6.55	35.53	1.65	57.04	24.27	30.72
10.77	21.39	5.6	39.28	1.68	56.51	25.18	38.08
10.08	18.71	4.64	33.68	1.71	55.47	23.5	35.33
10.95	20.49	6.27	27.4	1.73	60.05	27.48	30.79
9.52	19.89	5.97	30.15	1.74	49.47	25.36	36.51
7.92	19.26	6.58	29.28	1.74	47.34	22.97	34.22
10.64	18.23	6.72	34.14	1.65	58.97	25.92	33.88
10.02	19.52	6.07	34.9	1.7	50.04	21.72	40.53
7.68	20.04	5.93	32.32	1.71	63.27	25.34	32.9
8.62	20.82	5.79	38.27	1.57	45.35	23.58	39.53
9.02	20.45	5.63	36.82	1.63	46.27	26.84	34.21
10.34	21.23	5.99	31.42	1.7	46.15	24.99	35.49
9.05	20.27	5.98	38.45	1.78	53.75	26.26	34.25
11.65	24.07	5.98	32.79	1.52	46.06	27.03	33.9
8.29	20.15	6.21	36.1	1.66	45.61	21.64	38.14
8.7	19.5	6.65	34.24	1.69	48.04	21.07	31.48
10.34	17.93	5.74	28.33	1.6	52.26	28.47	29.34
9.58	22.95	6.24	41.19	1.68	53.14	23.79	44.17
9.52	19.72	6.86	29.17	1.77	57.02	28.04	42.08
9.28	24.75	5.84	35.07	1.77	40.84	26.17	34.95
10.05	19.74	6.01	35.16	1.79	46.77	24.56	35.23
9.63	23.85	5.3	30.92	1.66	56.73	24.15	37.6
9.97	18.69	5.82	36.96	1.75	62.98	21.02	34.06
9.15	19.42	5.6	34.35	1.54	61.41	26.75	31.32
9.41	22.41	5.99	32.43	1.76	47.99	25.52	34.73
10.66	24.13	5.91	36.18	1.69	43.91	20.8	37.63
9.28	22.62	5.99	31.08	1.66	58.09	28.39	32.27
8.99	20.83	5.27	35.21	1.73	49.6	22.72	40.08
11.23	20.73	5.74	32.7	1.62	60.17	22.43	30.02
10.93	20.06	5.67	34.98	1.68	42.28	24.97	36.55
10.13	21.28	5.84	33.03	1.81	47.42	22.89	35.67
8.41	22.77	5.95	35.17	1.55	50.34	25.04	29.86
8.39	22.73	5.85	35.02	1.74	67	21.37	36.66
9.77	20.08	6.9	31.91	1.63	46.92	24.61	35.51
8.89	18.99	5.98	29.95	1.75	51.2	23.39	36.49
9.34	19.93	5.74	29.02	1.69	58.07	25.65	31.41
10.42	21.19	6.42	29.68	1.71	55.74	23.24	37.98
11.69	22.03	5.82	29.54	1.64	36.01	23.71	29.16
8.02	19.55	4.93	25.56	1.65	55.36	27.67	39.36
10.16	18.76	6.78	39.39	1.69	49.39	24.36	32.19
11.39	19.37	4.94	40.67	1.67	47.38	25.27	30.7
10.52	22.31	7.03	33.34	1.74	52.38	23.86	35.94
8.97	16.4	6.55	37.99	1.68	54.01	26.52	29.14
10.38	18.91	7.07	32.49	1.57	46.78	27.61	30.04
8.71	22.15	7	30.47	1.67	55.96	20.49	38.62
11.66	20.98	5.94	30.23	1.73	50.94	25.2	32.82
9.56	19.92	5.48	30.29	1.82	57.62	31.27	31.13
7.72	19.88	5.62	28.25	1.63	46.21	22.18	28.76
10.05	20.23	5.73	30.92	1.66	57.01	25.39	35.91
7.03	24.71	5.83	36.42	1.59	51.53	30.73	31.06
10.92	21.11	5.46	36.7	1.67	52.41	22.97	34.63
8.46	17.22	6.44	35.17	1.57	58.32	22.85	28.11
10.05	20.89	6.03	33.59	1.7	42.78	23.37	34.73
9.58	21.43	5.71	29.27	1.73	48.19	26.36	36.08
8.97	18.87	5.6	33.49	1.84	60.39	23.7	37.48
9.97	23.91	5.7	40.25	1.75	54.77	21.03	32.42
8.31	18.77	5.1	31.79	1.66	48.91	21.33	34.13
7.9	16.26	5.72	35.26	1.57	59.96	24.53	33.18
9.17	23.39	5.94	30.17	1.61	58.87	24.92	36.18
8.76	17.53	5.48	32.28	1.8	54.88	26.06	32.95
9.12	15.06	7.8	26.93	1.61	41.93	28	30.83
10.39	18.13	5.82	40.41	1.74	64.78	23.35	30.36
10.75	24.46	5.02	33.19	1.7	54.84	25.68	39.97
8.49	19.11	7.22	34.36	1.62	48.4	24.26	36.5
9.29	21.66	6.11	32.95	1.8	45.94	24.71	34.22
10.06	20.32	6.71	34.48	1.69	52.58	27.14	33.7
10	17.89	6.89	31.12	1.61	57.04	25.2	32.41
11.4	20.25	5.63	29.27	1.72	50.2	24.07	37.76
9.27	20.14	5.17	36.37	1.57	53.13	25.09	34.44
8.53	22.62	5.77	29.46	1.86	48.72	23.87	36.2
10.31	21.8	5.33	30.98	1.61	45.4	23.06	37.34
9.78	21.68	5.85	40.64	1.71	53.17	27.68	37.08
8.87	19.68	5.6	33.7	1.61	58.01	23.99	36.61
9.99	23.99	6.49	34.82	1.69	51.44	24.22	35.93
9.72	20.68	7.12	35.28	1.69	50.53	22.79	34.38
9.24	20.03	6.28	40.19	1.68	49.45	24.11	36.82
9.44	17.25	5.32	31.86	1.67	58.43	24.62	33.59
9.37	18.9	5.93	35.46	1.65	54.65	27.98	34.23
10.03	25.16	6.11	31.21	1.9	66.77	25.2	35.3
10.34	21.98	6.34	37.27	1.58	51.38	26.94	27.72
10.19	20.12	6.6	35.65	1.81	56.39	26.71	33.96
9.17	23.6	6.06	30.92	1.62	47.63	23.79	35.83
9.86	20.58	6.5	32.61	1.69	47.51	25.18	34.43
11.05	22.46	4.25	34.06	1.74	43.31	27.56	31.6
10.66	21.36	6.25	32.26	1.69	52.9	20.74	32.86
9.63	21.73	5.84	29.33	1.73	51.78	25.87	33.1
10.93	19.55	5.04	29.39	1.79	47.34	24.05	33.61
9.47	20.32	5.56	31	1.71	57	27.54	34.72
13.19	24.01	5.78	32.36	1.66	51.13	22.78	37.14
9.76	20.97	6.02	31.32	1.7	51.61	25.59	30.56
8.51	19.85	5.56	30.59	1.57	53.58	31.51	30.7
11.11	22	5.72	31.71	1.83	48.68	28.38	34.54
10.26	19.35	5.3	31.5	1.66	48.81	24.13	38.14
8.31	19.52	6.86	40.81	1.65	56.19	24.88	36.15
9.17	25.94	5.73	29.53	1.71	53.27	24.87	35.47
9.35	24.16	5.92	33.43	1.6	56.8	25.2	36.1
10.09	20.26	5.92	31.29	1.75	44.67	23.33	35.34
9.54	23.27	6.18	33.37	1.57	55.55	24.98	35.79
11.03	20.94	6.77	32.36	1.68	59.11	25.73	34.82
7.97	17.68	5.55	27.49	1.72	52.73	26.52	37.98
9.69	19.31	5.85	30.65	1.75	49.59	27.08	35.68
9.96	19.14	7	35.04	1.6	62.8	23.84	32.49
8.35	20.63	5.77	29.75	1.63	46.05	24.38	35.19
8.28	22.53	6.11	33.96	1.73	45.44	26.81	32.02
10.2	17.99	6.72	33.25	1.73	60.9	32.17	34.5
9.13	17.44	6.26	33.87	1.62	55.79	23.21	32.55
8.99	22.77	6.49	36.88	1.62	49.72	24.93	42.2
8.94	19.33	5.29	32.59	1.65	63.89	29.9	33.62
8.67	24.81	5.63	34.13	1.77	57.71	18.89	35.98
8.69	22.53	5.07	26.28	1.63	41.79	22.03	38.17
9.55	23.39	5.8	28.85	1.64	47.35	20.59	30.5
10.25	19.07	4.87	41.06	1.66	45.89	25	34.45
9.26	22.05	4.57	28.27	1.78	54.35	28.25	35.15
10.54	23.4	5.74	30.37	1.61	46.82	23.78	37.87
10.22	20.25	6.52	31.73	1.59	52.65	23.13	36.41
9.91	18.19	6.25	37.13	1.67	47.95	24.44	30.7
10.57	24.12	6.53	30.63	1.59	50.46	25.78	25.39
8.83	17.4	6.09	23.7	1.65	51.32	27.22	40.64
8.94	20.35	6.94	33.71	1.64	51.59	20.61	37.93
9.4	21.54	5.75	31.31	1.68	48.31	28.19	32.13
8.77	21.09	6.3	29.38	1.63	45.55	25	35.6
7.72	23.66	5.46	36.72	1.83	50.5	23.9	37.12
10.05	19.69	6.75	33.57	1.67	49.52	22.73	35.84
9.3	20.68	6.53	30.8	1.66	52.07	26.65	34.34
9.76	18.05	5.01	33.82	1.66	51.76	28.43	38.19
9.93	14.95	5.99	36.33	1.79	61.52	28.71	32.55
11.34	20.87	6.62	34.52	1.7	53.57	31.68	33.05
9.89	17.15	5.76	31.05	1.75	53.3	23.69	36.43
10.49	19.08	5.25	33.59	1.62	63.87	27.15	38.96
9.31	20.64	7.31	38.39	1.69	54.66	23.2	35.52
9.19	21.27	5	30.04	1.6	48.6	29.9	34.83
10.44	18.7	5.51	29.98	1.73	55.89	22.8	28.87
8.49	17.36	6.05	30.05	1.83	46.69	26.47	39.31
7.96	17.87	5.84	24.54	1.64	45.72	27.46	34.36
8.34	23.43	5.34	33.3	1.7	58.26	28.43	39.76
9.07	18.93	6.38	29.4	1.69	43.38	25.97	31.77
9.44	23.82	5.87	39.65	1.6	49.72	24.33	34.14
8.94	17.77	5.12	27.39	1.76	45.08	26.45	35.05
8.74	19.17	6.03	30.72	1.76	60.21	29.08	28.42
11.48	19.53	5.34	33.48	1.74	54.63	23.06	33.94
12.12	20.99	4.53	34.23	1.62	54.96	24.78	38.63
10.29	19.09	5.24	32.92	1.6	60.02	24.3	36.68
10.39	19.58	6.13	25.85	1.64	50.05	31.16	37.03
10.65	19.26	5.48	33.98	1.69	53.06	26.73	32.43
9.45	20.58	5.78	27.18	1.66	56.59	22.43	31.74
9.8	19.14	7.24	35.25	1.6	50.09	26.25	35.34
9.52	21.14	5.56	30.95	1.57	46.02	22.85	36.32
8.79	20.63	5.41	29.29	1.76	57.77	19.1	34.12
10.46	19.8	5.77	33.89	1.8	55.65	23.82	29.63
10.46	16.17	6.2	29.49	1.75	54.89	22.88	37.74
10.67	19.08	6.38	35.48	1.67	52.88	29.37	36.09
8.53	23.14	6.67	34.72	1.74	54.12	29.69	36.91
9.9	21.03	6.09	29.22	1.7	53	24.02	33.52
8.48	19.41	5.49	30.97	1.59	50.55	24.95	30.72
10.34	24.35	4.54	33.04	1.68	58.67	23.8	37.67
11.03	20.93	6.12	30.83	1.66	51.74	25.31	38.26
9.03	23.81	6.64	29.71	1.72	51.3	28.72	36.89
11.01	22.62	5.85	32.26	1.69	49.57	26.86	38.52
10.27	19.44	5.62	28.45	1.67	57.04	23.54	29.89
9.23	21.63	5.74	29.36	1.75	57.35	25.76	32.19
9.54	22.43	6.26	31.26	1.54	47.05	23.03	31.67
7.7	20.75	6.5	32.62	1.65	55.66	22.15	38.54
7.56	21.8	5.49	40.13	1.69	49.62	27.38	33.38
9.95	20.05	6.16	31.47	1.63	52.27	27.15	31.59
11.67	21.55	5.1	34.91	1.58	56.89	23.96	30.12
9.56	22.83	5.19	35.11	1.73	52.67	24.95	33.1
9.64	24.01	6.44	34.05	1.59	59.59	23.49	37.67
9.66	20.59	4.94	33.95	1.63	54.66	24.2	32.66
11.29	20.72	6.06	30.52	1.58	52.14	22.14	36.63
9.33	21.99	5.01	31.72	1.68	52	26.55	37.26
9.71	21.4	4.78	36.47	1.79	52.11	29.01	41.54
10.17	19.62	6.23	33.86	1.76	59.02	28.67	33.43
9.79	20.48	6.05	33.57	1.68	50.44	28.09	27.75
10.21	21.84	6.98	34.38	1.63	50.49	23	30.66
10.44	20.58	6.13	30.02	1.69	48.87	22.46	31.36
8.67	18.02	5.98	32.23	1.74	52.62	21.71	35.91
7.87	25.55	5.34	34.73	1.76	54.3	25.16	28.38
10.11	19.63	5.76	37.01	1.75	49.95	26.12	31.05
10.81	21.14	5.77	36.32	1.67	46.53	26.25	31.17
9.65	18.9	5.56	36.07	1.81	45.3	30.85	38.15
8.8	24.05	6.09	31.26	1.69	54.24	23.85	32.49
9.17	20.73	5.53	31.68	1.74	59.09	29.52	31.46
9.71	20.95	6.3	28.98	1.71	55.3	24.17	40.49
8.53	21.44	5.72	36.21	1.66	52.56	28.49	36.22
11.1	16.77	5.67	39.33	1.84	46.69	30.25	35.4
9.28	20.26	6.28	33.24	1.68	44.79	24.37	37.37
7.52	22.55	5.4	31.56	1.61	52.62	23.81	36.87
8.25	19.73	5.23	36.8	1.67	47.02	27.02	36.45
9.73	19.27	5.86	33.94	1.77	50.61	25.62	31.69
9.63	18.83	5.82	34.44	1.61	54.04	21.96	31.61
8.88	19.91	5.79	34.27	1.68	58.64	25.68	33.07
10.57	22.22	4.96	33.53	1.73	56.46	32.95	33.9
9.04	21.67	5.84	33.65	1.76	51.51	27.18	31.32
9.48	23.51	6.55	35.83	1.72	46.85	26.07	35.05
10.78	20.63	5.97	33.77	1.65	53.26	24.31	35.06
9.92	19.16	5.19	31.34	1.67	38.6	29.01	33.05
9.6	19.88	5.47	30.27	1.74	46.07	19.51	33.55
10.14	19.95	5.81	31.36	1.6	55.32	28.92	29.4
8.88	22.62	5.02	35.54	1.58	53.47	26.4	31.9
10.54	20.79	4.86	34.18	1.65	53.07	23.92	36.59
