11.82	1.71	8.15	8.08	26.42	1.51	25.18	12.05
9.43	1.71	7.76	7.02	23.3	1.41	25.34	10.78
11.28	1.9	7.61	6.46	22.11	1.42	31	10.45
9.21	1.7	8.41	5.8	26.91	1.49	32.93	10.58
8.17	1.72	8.11	5.98	27.56	1.46	29.9	11.32
9.14	1.79	8.35	5.56	23.42	1.34	25.3	12.39
10.97	1.8	7.62	6.62	21.57	1.44	32.79	11.92
9.95	1.75	8.85	6.54	22.64	1.39	33.37	12.28
9.49	1.76	7.99	7.53	23.41	1.69	29.35	12.39
11	1.78	7.94	7.16	21.82	1.24	24.6	9.56
10.1	1.66	7.27	5.76	24.01	1.33	26.29	10.93
11	1.69	8.33	7.43	28.97	1.21	29.2	10.91
9.71	1.71	8.63	5.95	22.18	1.38	28.68	11.06
11.06	1.89	8.93	6.31	20.28	1.45	26.01	10.8
11.08	1.78	8.19	6.18	29.25	1.37	26.13	11.3
9.88	1.84	7.41	7.08	21.42	1.48	26.4	10
9.56	1.79	9.6	6.65	23.79	1.47	23.55	9.98
13.48	1.8	7.91	6.71	18.36	1.58	24.11	11.22
11.08	1.7	8.01	7.21	21.86	1.43	23.9	11.78
10.88	1.8	6.5	6.06	23.67	1.35	31.91	10.66
9.12	1.83	10.64	5.97	22.22	1.15	24.55	11.22
11.73	1.82	7.3	6.33	28.07	1.58	23.56	12.11
9.04	1.76	8.73	6.86	25.02	1.16	30.52	10.97
11.05	1.88	8.02	6.87	28.58	1.23	22.23	11.19
11.45	1.91	9.21	5.84	20.8	1.86	24.76	11.04
9.41	1.85	8.63	6.56	23.51	1.33	26.94	10.69
11.57	1.77	8.55	5.81	20.63	1.52	27.07	12.78
10.06	1.83	8.74	6.17	25.72	1.28	25.93	10.93
11.77	1.78	9.77	6.47	22.87	1.23	27.27	14.24
9.36	1.84	8.5	7.05	22.96	1.56	25.17	10.52
10	1.79	7.88	6.98	23.16	1.46	27.21	10.53
10.74	1.81	7.76	5.83	23.06	1.22	26.12	10.77
10.68	1.78	7.75	6.02	23.44	1.37	24.11	11.59
11.04	1.67	8.58	6.76	23.99	1.3	30.88	10.97
8.91	1.76	10.29	7.38	23.5	1.17	23.71	12.62
8.89	1.66	7.49	5.24	22.17	1.24	23.26	11.26
9.5	1.82	8.65	5.81	25.89	1.24	29.14	10.83
7.85	1.87	8.98	7.08	21.63	1.44	27.66	12.83
10.7	1.77	9.66	8.26	26.59	1.28	25.38	11.72
10.29	1.86	8.74	5.56	23.77	1.61	29.59	13.22
10.69	1.68	7.53	6.01	21.44	1.66	28.25	12.13
10.03	1	8.29	6.03	24.73	1.38	28.22	12.21
9.5	1.82	9.02	6.23	21.39	1.64	27.35	10.83
9.14	1.76	8.31	7.06	22.8	1.51	23.25	12.12
9.3	1.85	7.85	5.73	20.86	1.39	28	10.51
10.1	1.66	8.37	5.82	18.04	1.43	30.82	10.6
11.2	1.64	7.61	6.37	23.11	1.44	32.8	11.85
10.7	1.73	8.47	6.1	20.06	1.56	28.8	12.28
8.87	1.68	9.06	6.99	22.39	1.64	29.5	12.38
10.42	1.94	8.27	6.64	27.14	1.5	34.13	11.11
10.92	1.83	10.28	5.92	26.67	1.49	22.6	11.88
8.93	1.8	6.96	6.26	24.43	1.12	28.46	11.12
10.05	1.87	8.39	6.65	25.09	1.4	25.23	12.76
12.03	1.86	9.07	5.82	23.98	1.36	28.18	12.08
10.01	1.77	9.05	8.26	22.36	1.64	29.72	10.74
11.6	1.75	8.52	7.06	24.72	1.38	25.54	12.25
11.91	1.7	7.46	7.55	22.04	1.49	27.02	11.64
10.11	1.87	7.61	6.41	18.04	1.55	27.05	11.68
9.41	1.75	8.67	5.8	21.56	1.27	24.09	10.52
10.28	1.82	6.68	7.85	22.93	1.22	21.56	11.44
9.81	1.7	7.02	5.9	24.3	1.38	30.16	11.32
10.03	1.84	8.16	6.94	22.25	1.56	28.9	12.54
11.27	1.79	10.09	7.08	23.34	1.31	27.45	11.94
10.15	1.86	7.25	5.48	22.34	1.6	28.3	10.3
9.6	1.85	7.51	6.49	22.31	1.47	31.19	10.72
10.79	1.69	8.7	6.06	23.19	1.47	25.26	11.46
10.73	1.82	7.79	7.07	20.79	1.34	31.1	12.77
9.53	1.9	7.47	6.28	21.56	1.11	26.67	10.98
8.65	1.72	8.69	8.29	21.5	1.49	25.13	11.46
10.54	1.88	7.98	7.17	25.85	1.37	27.18	9.63
9.96	1.69	7.72	6.22	24.83	1.7	26.16	11.26
10.24	1.84	8.41	6.04	26.92	1.49	30.3	11.08
8.19	1.8	7.57	6.29	25.19	1.17	25.34	12.02
9.92	1.76	7.94	6.5	24.98	1.52	29.03	13.64
10.27	1.66	9.01	5.81	22.2	1.39	24.34	10.81
10.94	1.83	7.29	6.45	25.96	1.28	25.42	10.17
9.11	1.6	8.24	6.7	22.79	1.55	28.65	10.16
8.53	1.7	7.87	6.33	21.57	1.48	25.84	9.9
10.41	1.86	8.76	6.74	20.16	1.56	28.28	10.19
10.23	1.81	9.03	6.49	25.9	1.21	22.52	11.81
8.75	1.8	7.35	7.26	28	1.47	26.87	13.31
11.79	1.73	7.28	5.62	27.82	1.39	23.65	11.39
9.19	1.68	9.42	6.54	22.96	1.33	27.19	10.19
10.41	1.79	7.88	6.47	23.63	1.28	25.3	10.4
10.25	1.85	8.05	5.91	24.02	1.25	29.46	13.39
11.18	1.78	8.9	5.48	24.33	1.09	29.57	11.8
10.91	1.93	8.29	6.16	20.42	1.61	25.12	10.96
8.79	1.85	8.81	6.48	25.44	1.32	23.24	11.46
9.6	1.62	7.37	7.48	24.88	1.23	27.69	13.14
10.13	1.8	9.59	6.21	23.05	1.32	25.46	10.52
10.46	1.86	7.81	5.79	25.42	1.31	23.17	11.14
8.39	1.76	8.03	6.33	24.97	1.51	22.35	12.12
10.18	1.83	8.28	7.38	21.94	1.49	31.52	12.16
9.15	1.74	7.05	6.83	21.17	1.13	24.33	11.79
9.04	1.72	8.06	7.56	27.27	1.55	28.56	11.25
10.98	1.77	8.22	6.49	22.12	1.21	31.75	11.53
10.43	1.86	8.45	7.33	21.31	1.32	23.98	10.48
8.41	1.79	8.13	6.69	23.01	1.16	26.9	12.67
11.65	1.69	8.08	6.57	22.08	1.42	28.33	10.05
8.72	1.72	6.8	5.34	24.87	1.34	26.03	12.16
8.78	1.83	6.44	6.57	24	1.38	25.56	11.77
10.44	1.78	6.56	5.79	23.56	1.32	26.34	12.08
10.84	1.78	8.01	5.96	23.03	1.46	24.67	11.43
9.49	1.9	8.98	6.04	23.91	1.61	30	11.13
9.46	1.79	9	5.91	25.29	1.4	31.98	11.9
9.42	1.75	7.15	7.13	21.84	1.42	23.66	11.48
9.11	1.75	7.55	5.27	18.47	1.25	25.59	11.14
11.14	1.81	8.42	6.64	21.51	1.36	24.36	11.06
10.03	1.79	7.55	6.47	20.37	1.52	27.35	11.98
10.65	1.85	8.9	5.81	20.18	1.57	25.42	13.41
10.67	1.77	7.38	7	25.24	1.64	24.3	13.21
9.4	1.91	10.59	5.89	23.45	1.33	24.61	10.59
8.84	1.92	8.3	6.99	25.3	1.46	23.96	11.04
9.7	1.82	8.66	5.02	21.72	1.43	25.59	11.07
9.81	1.71	9.17	6.96	23.54	1.22	25.5	10.43
9.27	1.75	6.74	6.61	22.09	1.51	26.48	11.51
9	1.81	9.85	5.79	23.43	1.39	25.5	9.96
9.81	1.88	6.65	6.98	23.94	1.45	26.29	10.86
9.91	1.94	8.94	6.73	21.46	1.47	21.83	11.77
9.25	1.9	9.28	5.8	24.54	1.39	21.18	10.06
9.64	1.81	8.4	7.01	24.71	1.53	27.04	9.25
11.07	1.76	8.71	5.99	23.92	1.46	25.15	9.83
9.9	1.72	7.61	6.08	23.4	1.46	25.07	12.23
9.42	1.79	8.53	5.28	23.71	1.57	27.78	11.33
10.61	1.77	10.74	6.43	22.15	1.34	27.08	9.61
10.22	1.89	8.08	6.62	23.51	1.52	27.94	10.07
8.5	1.75	9.88	6.14	22.61	1.55	29.43	11.84
9.24	1.97	7.64	6.05	29.41	1.35	31.59	12.13
9.67	1.76	8.47	7.51	19.97	1.45	27.2	11.26
9.26	1.78	8.12	7.4	24.09	1.39	29.66	11.16
11.14	1.76	7.56	6.95	21.01	1.25	24.44	11
9.72	1.71	8.06	6.5	21.51	1.53	23.81	11.17
10.63	1.71	6.61	6.62	25.64	1.39	24.33	13.67
10.85	1.84	10.14	5.32	19.62	1.54	31.02	11.68
8.35	1.81	8.23	6.01	25.35	1.7	24.66	11.27
11.32	1.74	7.85	5.6	17.63	1.5	29.74	11.19
9.67	1.71	7.47	5.71	23.15	1.44	28.77	12.55
9.05	1.73	8.15	6.83	23.94	1.33	26.77	11.11
8.58	1.92	6.89	5.93	21.27	1.27	29.45	10.65
9.44	1.94	9.5	6.17	23.85	1.52	23.9	11.41
10.8	1.78	7.02	6.47	30.18	1.66	26.15	8.97
9.56	1.74	10.3	6.84	23.84	1.38	28.29	11.77
10.34	1.87	7.64	6.24	24.92	1.23	26.65	12.28
10.9	1.97	7.3	6.99	21.58	1.63	31.45	11.47
8.9	1.89	9.71	6.23	22.92	1.44	25.93	10.7
12.04	1.81	7.9	7.68	24.06	1.48	28.64	10.92
11.35	1.8	7.4	5.6	23.49	1.26	25.14	12.32
8.72	1.77	8.13	6.61	26.72	1.44	23.24	11.38
8.94	1.84	8.89	7.32	22.38	1.31	24.58	13.31
10.32	1.65	8	6.21	25.4	1.39	25.97	11.01
10.28	1.88	7.47	6.16	21.24	1.6	25.04	11.09
10.57	1.72	8.84	6.94	20.91	1.15	27.26	11.21
10.98	1.63	8.5	6.6	21.03	1.39	28.16	11.18
8.62	1.64	8	7.24	24.47	1.94	26.24	11.08
9.59	1.76	8.32	6.46	25.87	1.69	26.59	11.99
10.49	1.76	7.9	5.94	23.96	1.63	31.84	10.65
10.32	1.82	7	6.81	26.4	1.44	27.57	12.26
8.7	1.82	8.92	6.11	21.21	1.41	26.07	10.55
10.42	1.83	9.69	7.41	24.63	1.16	26.44	12.87
9.02	1.79	7.53	6.03	23.79	1.3	24.95	10.65
10.41	1.69	7.68	6.95	22.45	1.7	24.28	9.91
9.39	1.8	7.64	5.17	21.62	1.49	32.55	12.03
9.97	1.69	9.51	5.89	26.01	1.47	22.04	11.86
9.9	1.71	6.7	6.44	20.6	1.35	26.12	11.46
9.87	1.8	8.89	6.6	25.33	1.51	29.35	11.08
10.91	1.81	7.55	6.2	24.67	1.58	23.65	14.17
11.29	1.59	7.05	6.07	21.21	1.79	28.02	10.95
9.95	1.72	8.64	7.67	23.02	1.7	25.85	10.17
8.85	1.73	8.44	6.74	21.45	1.23	27.65	12.73
11.53	1.91	7.72	5.89	26.51	1.52	29.02	11.54
10.17	1.98	7.25	5.37	20.04	1.73	29.28	10.76
9.66	1.82	9.15	6.02	26.3	1.45	23.65	9.72
9.05	1.83	9.56	8.13	21.36	1.38	30.52	8.98
9.02	1.73	11.64	5.72	23	1.12	21.81	9.37
9.94	1.77	8.96	6.53	25.04	1.66	29.95	13.67
10.25	1.7	7.88	7.13	24.03	1.48	24.97	9.53
9.56	1.72	8.83	5.24	23.37	1.42	28.26	11.42
9.25	1.85	6.59	6.5	22.33	1.53	21.67	11.71
10.09	1.77	9.13	6.34	23.09	1.67	26.69	9.14
10.68	1.92	7.21	6.18	26.33	1.67	26.18	12.36
10.62	1.76	8.47	6.71	21.4	1.29	30.15	11.2
9.03	1.02	8.07	6.6	19.77	1.45	27.47	12.11
10.79	1.77	7.56	7.69	23.14	1.3	23.4	12.08
10.43	1.73	9.73	6.95	24.5	1.49	24.82	11.73
8.8	1.71	7.43	6.13	23.72	1.38	25.95	11.57
12.21	1.77	7.29	6.67	23.72	1.48	25.04	9.68
9.27	1.7	8.13	7.37	25.13	1.19	22.49	11.01
10.8	1.81	9.93	6.29	24.99	1.15	30.36	11.08
9.46	1.79	7.84	5.59	22.47	1.36	25.89	9.8
9.41	1.71	8.38	6.95	26.45	1.5	25.81	13.37
8.52	1.79	8.22	7.12	24.04	1.15	27.7	11.29
10.74	1.89	8.42	6.4	24.7	1.22	25.9	11.63
9.24	1.67	8.99	5.72	21.56	1.63	27.47	10.82
9.92	1.85	8.89	7.44	26.51	1.33	28.55	13.94
9.97	1.87	8.43	6.8	19.93	1.46	27.39	9.3
11.09	1.82	8.98	5.68	24.55	1.46	26.53	10.6
9.45	1.73	7.01	5.99	23.4	1.28	23.54	9.84
8.51	1.78	8.16	6.21	22.29	1.26	28.63	10.03
8.77	1.76	8.6	7.39	25.34	1.43	24.98	12.57
9.81	1.84	7.63	5.83	25.29	1.45	23.91	11.39
10.91	1.8	8.39	7.4	22.52	1.12	27.24	13.64
9.81	1.83	8.32	6.72	20.4	1.39	26.85	8.8
10.92	1.84	7.74	5.71	26.78	1.55	31.97	13.38
11.07	1.76	7.07	5.96	22.47	1.45	25.74	12.87
9.98	1.85	8.65	5.85	26.77	1.37	28.38	11.86
12.71	1.81	8.37	6.81	18.9	1.62	25.53	11.41
7.76	1.66	7.99	5.64	27.2	1.32	27.75	12.42
9.84	1.79	8.71	6.61	25.91	1.08	28.79	11.2
9.02	1.78	8.12	6.37	22.42	1.3	27.5	11.54
10.44	1.75	9.97	6.55	24.12	1.17	28.74	10.64
11.08	1.75	8.56	6.67	20.51	1.42	26.44	13.78
9.43	1.77	7.11	6.93	21.9	1.39	30.11	11.64
9.38	1.81	7.6	6.64	23.9	1.32	31.24	10.93
7.97	1.74	7.43	6.79	23.69	1.84	23.69	12.52
11.73	1.81	7.77	5.06	20.05	1.56	25.2	12.58
11.46	1.11	8.43	7.24	25.21	1.5	26.59	12.23
10.92	1.99	8.5	6.26	23.94	1.45	23.38	10.02
8.76	1.69	8.43	5.2	20.92	1.49	24.92	10.95
10.8	1.04	7.75	6.68	23.93	1.44	29.5	12.7
7.65	1.79	8.3	7.69	25.12	1.49	19.86	11.9
10.21	1.95	7.5	6.93	23.04	1.45	31.76	14.37
10.52	1.82	9.05	5.71	19.25	1.43	27.64	10.28
10.18	1.77	8.95	7.32	20.21	1.45	28.93	11.56
9.51	1.77	7.71	6.18	22.83	1.6	24.64	10.46
9.37	1.72	8.12	7.52	22.42	1.65	23.9	11.49
9.72	1.72	8.17	7.16	22.48	1.44	22.62	11.75
9.18	1.73	7.87	6.88	24.83	1.35	24.34	14.05
8.92	1.78	7.66	7.15	24.15	1.29	30.66	11.58
10.81	1.73	8.01	5.64	25.46	1.42	24.14	12.16
9.05	1.89	8.71	5.78	23.61	1.44	23.9	9.86
8.77	1.79	8.69	6.24	24.21	1.52	26.28	11
9.89	1.69	8.37	6.11	26.39	1.44	28.94	12.01
10.01	1.9	9.71	6.05	25.68	1.49	27.97	10.11
11.6	1.95	7.99	6.24	21.72	1.6	27.25	14.17
12.1	1.77	7.11	6.1	22.37	1.57	25.81	12.56
10.05	1.79	8.86	6.35	23.72	1.6	24.59	10.26
7.33	1.73	8.92	5.99	21.74	1.49	26.13	10.84
9.21	1.71	8.53	5.9	23.64	1.48	25.31	11.77
8.45	1.7	8.17	7.08	20.63	1.43	30.04	10.54
12.02	1.75	8.69	6.59	24.36	1.44	26.92	10.04
9.8	1.81	7.98	7.09	23.44	1.55	32.31	10.43
8.61	1.76	10.52	6.17	25.1	1.38	24.27	10.96
9.62	1.82	8.43	6.89	23.95	1.43	26.76	9.21
9.8	1.76	8.97	5.53	24.09	1.26	26.17	11.32
11.05	1.76	8.72	7.1	19.25	1.35	27.86	11.19
9.67	1.88	7.88	5.94	21.88	1.44	23.87	10.17
10.88	1.83	7.58	6.18	25.42	1.26	26.93	12.56
9.23	1.83	8.55	6.31	29.68	1.11	34.55	10.58
10.43	1.67	8.11	6.92	23.97	1.49	26.82	11.16
9.43	1.79	7.37	8.38	21.09	1.73	27.48	11.56
10.1	1.68	8.4	7.43	20.7	1.54	24.56	11.61
10.21	1.83	6.47	6.12	20.66	1.58	26.25	13.17
9.34	1.73	9.18	5.83	23.53	1.28	21.35	8.57
10.78	1.83	8.31	6.53	24.19	1.32	24.73	11.02
11.65	1.76	9.01	6.36	20.93	1.35	26.36	12.05
9.95	1.85	8.76	7.33	22.5	1.29	28.74	11.03
10.31	1.75	8.57	6.61	23.27	1.34	22.59	12.45
10.87	1.75	8.44	5.88	26.61	1.72	25.84	11.06
9.83	1.74	8.42	5.94	21.74	1.53	33.49	13.97
9.44	1.78	7.41	6.32	22.1	1.54	25.99	11.08
11.03	1.77	8.09	6.67	22.44	1.44	26.17	10.99
8.36	1.75	9.73	6.91	20.81	1.38	29.17	11.65
9.93	1.76	8.8	6.66	21.72	1.52	30.79	10.68
10.04	1.76	9.28	5.13	26.66	1.39	27.07	10.32
9.22	1.84	8.4	5.64	24.45	1.7	25.83	10.35
9.69	1.71	7.94	6.36	20.96	1.47	30.33	12.71
10.53	1.79	8.92	6.09	23.55	1.56	22.97	11.09
9.05	1.76	8.71	7.26	21.44	1.36	26.48	13.27
8.65	1.82	7.49	5.94	21.66	1.48	24.8	11.56
11.02	1.69	8.12	7.22	23.95	1.74	24.3	11.84
10.65	1.63	6.39	6.78	23.08	1.55	28.09	12.83
8.11	1.76	8.51	6.73	24.01	1.62	25.93	13.93
9.2	1.75	9.1	5.97	22.09	1.56	30.81	10.96
8.75	1.73	8.52	7.15	25.85	1.45	27.56	10.34
10.69	1.81	9.59	5.28	22.5	1.22	27.46	10.69
10.04	1.94	9.26	6.92	24.71	1.36	26.25	10.95
9.91	1.82	8.97	5.71	23.11	1.56	28.46	11.81
11.09	1.82	8.32	7.14	25.44	1.4	26.39	11.86
11.26	1.78	7.95	6.28	22.27	1.49	23.3	10.67
11.08	1.76	7.91	6.44	24.2	1.53	26.82	9.52
11.86	1.95	8.49	5.91	21.6	1.33	27.3	9.56
11.01	1.72	8.81	5.92	28.07	1.46	27.73	10.37
8.45	1.77	8.27	5.63	22.83	1.24	27.79	12.5
10.89	1.63	8.87	5.84	24.01	1.41	32.36	9.33
10.37	1.86	6.82	6.36	20.68	1.52	26.66	12.03
10.34	1.83	8.04	7.09	23.2	1.54	28.98	12.35
9.07	1.75	7.53	5.95	23.22	1.41	31.09	12.67
10.22	1.74	7.73	6.44	23.75	1.56	26.99	11.35
11.33	1.83	8.04	5.7	24.18	1.4	24.71	12.76
8.72	1.74	8.32	6.95	23.86	1.45	20.31	11.42
9.15	1.77	8.72	7.26	20.96	1.49	30.29	11.88
10.45	1.79	6.85	7.48	19.63	1.43	24.21	9.86
9.61	1.74	7.33	5.4	23.17	1.56	27.41	11.87
10.71	1.82	8.05	6.61	25.7	1.48	24.78	9.25
9.33	1.93	9.36	7.62	22.58	1.56	24.95	9.44
10.32	1.75	8.59	7.4	23.51	1.29	31.91	12.44
9.52	1.8	8.33	7.1	26.99	1.37	27.56	13.66
9.73	1.72	10.2	6.39	19.03	1.27	23.62	11.29
11.14	1.7	8.86	6.6	26.02	1.3	23.69	10.9
9.44	1.94	8.12	6.31	21.91	1.43	28.49	13.67
10.87	1.77	7.17	6.03	21.46	1.17	30.66	10.8
9.31	1.94	8.22	5.98	22.65	1.44	29.8	9.17
9.62	1.79	8.92	7.1	22.72	1.49	28.13	12.02
10.22	1.9	8.17	6.51	25.12	1.19	22.57	10.71
10.42	1.75	6.93	6.41	22.03	1.39	27.03	11.76
10.13	1.73	8.01	5.81	26.45	1.46	25.38	9.37
11.74	1.87	8.98	6.45	27.28	1.51	26.78	9.47
9.66	1.64	9.87	7.41	23.12	1.74	26.22	11.66
10.84	1.74	9.24	7.33	24.67	1.52	26.36	10.46
11.77	1.89	8.97	5.93	21.97	1.25	25.82	12.83
10.95	1.89	8.84	5.19	22.04	1.38	23.95	13.34
8.12	1.78	7.71	8.33	24.63	1.53	26.15	12.15
7.38	1.02	8.76	6.31	22.76	1.35	28.22	10.58
8.12	1.91	8.54	5.33	24.29	1.37	25.72	10.69
8.75	1.7	9.97	5.7	28.75	1.47	25.45	11.2
8.81	1.8	9.12	6.28	22.69	1.59	28.76	12.72
9.47	1.75	6.82	6.54	19.71	1.34	25.17	12.32
10	1.69	7.96	6.25	23.09	1.66	26.12	9.67
10.69	1.62	6.9	6.28	23.1	1.32	29.99	12.84
9.24	1.83	7.07	6.41	25.97	1.6	32.15	9.64
10.94	1.81	9.21	5.93	25.43	1.62	27.55	10.92
8.48	1.8	8.7	5.87	22.02	1.49	27.42	13.48
9.71	1.78	7.51	6.19	21.93	1.45	27.45	10.06
9.81	1.74	6.9	5.84	24.59	1.54	28.38	10.1
10.54	1.8	8.38	5.36	25.28	1.32	25.22	10.54
10.6	1.78	8.24	5.66	22.25	1.45	27.03	9.85
10.31	1.87	7.89	5.76	23.76	1.63	31.82	12.22
10.66	1.75	7.8	7.16	22.21	1.5	21.5	12.88
9.07	1.85	8.71	7.52	22.15	1.37	24.44	10.32
9.99	1.74	7.93	5.83	24.25	1.61	28.52	10.68
10.31	1.74	9.1	6.62	25.92	1.32	24.64	11.36
11.03	1.73	8.08	6.43	20.72	1.36	30.28	11.85
11.86	1.84	8.88	6.72	18.42	1.32	24.89	9.46
10.87	1.74	7.41	6.64	24.64	1.37	24.34	9.65
10.04	1.67	8.6	7.02	21.56	1.41	27.06	13.02
9.71	1.76	8.28	6.91	23.66	1.32	21.26	12.53
10.35	1.67	7.88	7.39	23.58	1.47	30.67	11.87
10.58	1.78	7.05	5.38	24.85	1.19	24.41	11.69
10.1	1.91	9.09	6.17	22.29	1.52	30.96	12.08
11.05	1.71	7.69	6.65	23.34	1.33	23.96	11.65
9.9	1.82	6.92	6.96	22.45	1.2	24.76	10.98
10.23	1.73	6.84	6.12	22.12	1.25	30.83	10.84
10.91	1.84	7.53	5.08	21.8	1.28	29.3	12.03
10.52	1.78	8.08	6.33	21.05	1.43	24.13	11.52
10.53	1.82	9.13	6.9	23.65	1.33	20.27	9.1
8.92	1.78	8.18	6.17	23.1	1.42	31.96	11.97
10.86	1.78	9.36	6.19	23.16	1.64	25.21	11.4
12.95	1.81	9.31	6.97	18.49	1.21	24.51	11.97
10.12	1.73	8.08	5.84	28.69	1.56	28.82	11.15
10.1	1.64	7.61	6.21	24.25	1.66	25.77	11.91
8.23	1.79	8.67	6.84	22.18	1.39	24.85	8.5
9.68	1.76	7.88	5.16	21.94	1.29	26.61	11.81
8.97	1.65	9.14	7.57	20.35	1.6	27.25	11.76
10.5	1.78	7.66	5.58	25.31	1.22	27.26	11.7
8.23	1.79	7.12	5.21	19.44	1.73	27.67	10.99
12.78	1.95	8.97	7.18	22.63	1.28	30.05	10.9
11.12	1.78	8.3	7.25	26.05	1.42	25.85	12.7
10.93	1.94	9.13	6.2	22.36	1.3	29.2	11.82
8.91	1.71	9.99	6.07	24.7	1.38	26.87	9.17
9.54	1.74	7.91	7.41	20.94	1.54	26.86	11.51
8.63	1.79	8.05	6.09	25.84	1.52	24.19	13.65
9.36	1.75	7.54	6.62	28.5	1.37	30.85	8.96
10.09	1.84	8.34	6.77	22.94	1.39	26.89	10.24
10.39	1.93	7.4	5.89	21.33	1.43	22.71	11.33
10.12	1.85	6.55	5.75	19.68	1.52	23.72	11.07
9.26	1.75	8.66	9.41	24.09	1.65	24.29	12.06
10.7	1.8	7.77	7.19	25.05	1.13	28.05	11.35
9.34	1.89	10.21	6.04	29.18	1.38	29.65	11.04
9.43	1.86	7.74	7.78	19.41	1.57	23.71	9.67
10.75	1.85	6.9	7.12	22.98	1.46	27.24	12.49
9.19	1.72	9.39	6.91	23.49	1.37	27.89	9.42
9.21	1.79	7.22	7.88	24.36	1.37	30.52	11.62
10.24	1.86	7.57	5.98	25.93	1.42	32.07	9.46
10.02	1.71	9.5	6.21	20.8	1.54	28.95	12.53
8.47	1.82	7.63	6.47	24.18	1.46	30.3	12.22
11.07	1.76	8.48	5.4	23.43	1.85	23	11.35
10.99	1.85	8.23	7.35	21.73	1.36	30.73	9.79
10.79	1.81	8.63	7.2	23.22	1.49	26.88	11.22
10.6	1.77	7.52	6.2	24.34	1.53	30.13	13.13
11.46	1.87	7.15	6.17	25.59	1.34	29.9	8.6
10.12	1.81	6.99	6.44	23.72	1.5	24.34	10.38
9.09	1.8	8.67	7.15	22.75	1.19	24.14	10.94
9.51	1.71	7.92	5.4	24.44	1.54	25.74	10.68
10.34	1.76	8.27	6.53	23.79	1.32	22.99	10.76
8.63	1.76	6.47	6.6	25.76	1.56	26.52	10.94
10.06	1.68	9.21	6.69	25.53	1.44	31.3	11.78
8.58	1.84	7.63	5.68	22.61	1.42	24.42	11.63
10.32	1.76	10.67	4.97	26	1.36	27.33	10.63
8.91	1.9	8.69	7.59	22.69	1.6	31.28	9.53
12.55	1.88	8.93	6.68	21.8	1.7	31.2	13.08
9.25	1.83	8.18	8.11	21.22	1.38	28.18	10.32
9.04	1.85	7.54	5.86	25.19	1.38	24.6	12.22
9.83	1.82	8.26	6.62	21.34	1.55	28.83	10.56
9.99	1.68	7.41	6.15	26.08	1.5	20.35	13.09
8.83	1.74	7.85	6.13	24.28	1.46	29.28	10.85
9.5	1.77	8.84	7.39	20.6	1.49	29.49	13.62
10.12	1.64	7.76	4.77	21.7	1.29	20.21	11.42
8.91	1.84	9.16	7.73	25.51	1.51	27.79	11.53
10.64	1.8	8.22	7.76	22	1.52	23.29	11.22
10.06	1.93	8.81	7.28	23.97	1.66	27.12	10.82
10.09	1.9	9.05	6.27	21.44	1.41	24.66	8.86
12.01	1.77	9.23	6.09	21.72	1.63	26.96	10.12
9.92	1.88	8.92	5.75	26.41	1.3	19.62	11.6
8.64	1.76	8.51	5.96	21.61	1.47	26.58	10.08
12.25	1.86	8.27	6.02	21.35	1.7	24.89	11.12
10.35	1.85	7.44	6.2	19.12	1.26	28.31	12.48
9.55	1.88	8.34	6.37	21.64	1.26	22.91	12.6
10.81	1.75	8.55	6.45	26.59	1.53	26.84	12.3
9.79	1.91	8.23	6	22.81	1.45	29.18	11.29
9.34	1.77	7.89	5.82	27.28	1.24	26.78	10.81
10.25	1.79	8.46	6.28	25.63	1.45	29.06	14.8
9.94	1.74	7.02	6.52	21.95	1.62	29.7	12.79
9.05	1.73	7.42	6.49	19.56	1.29	26.2	11.58
12.64	1.77	8.16	6.31	25.58	1.66	28.77	11.89
11.41	1.71	7.61	5.85	20.68	1.49	28.25	11.45
10.19	1.88	8.15	6.38	24.43	1.39	25.67	10.17
10.65	1.7	8.81	6.23	20.64	1.37	29.22	13.51
8.67	1.86	7.93	5.82	24.23	1.4	26.92	11.73
9.79	1.03	9.38	6.52	23.54	1.27	28.64	12.4
9.43	1.72	8.29	7.06	21.55	1.37	30.1	11.83
8.86	1.95	7.52	5.98	25.56	1.53	31.24	11.42
10.18	1.87	8.86	7.14	25.59	1.24	22.39	10.55
8.97	1.86	7.89	5.93	26.81	1.37	28.25	10.37
9.13	1.69	7.4	6.57	24.18	1.39	29.11	13.14
9.73	1.74	7.96	6.91	24.92	1.24	28.6	9.59
9.66	1.67	8.12	6.66	20.37	1.36	24.99	13.14
9.07	1.83	7.97	6.39	22.96	1.55	23.58	10.84
9.88	1.91	9.3	6.28	21.86	1.44	27.03	11.56
8.73	1.87	8.28	5.41	24.21	1.48	29.32	10.76
8.94	1.8	7.83	7.12	27.11	1.32	27.73	12.06
11.57	1.73	8.79	6.09	23.57	1.4	25.49	10.81
9.41	1.67	9.86	5.88	22.03	1.45	32.99	11.59
11.35	1.81	6.52	6.33	26.39	1.56	28.68	12.26
12.57	1.79	9.12	5.99	21.13	1.36	31.66	11.66
10.55	1.78	6.81	6.54	23.04	1.28	27.04	11.51
9.15	1.73	9.12	6.18	21.76	1.31	25.61	10.05
9.11	1.82	6.53	5.99	22.41	1.36	26.25	9.91
10.27	1.84	8.68	5.65	21.23	1.4	25.17	10.73
9.59	1.83	8.5	6.42	21.24	1.19	26.28	11.71
10.44	1.8	8.06	6.2	24.43	1.68	32.7	11.17
8.93	1.75	7.54	6.23	24.9	1.58	23.8	10
9.02	1.62	8.37	6.84	22.33	1.32	29.19	11.77
9.46	1.82	8.06	6.17	22.38	1.58	22.6	12.53
10.29	1.77	6.65	5.47	22.37	1.31	26.8	11.63
12.31	1.77	8.48	6.59	21.29	1.47	27.53	12.22
9.48	1.88	8.9	6.91	22.73	1.43	19.53	10.65
9.9	1.81	9.45	6.36	22.83	1.32	30.79	10.55
9.49	1.81	8.31	6.45	21.69	1.43	26.47	12.52
10.65	1.83	8.46	6.63	23.1	1.34	30.02	9.73
11.81	1.8	8.37	6.9	20.29	1.38	24.51	9.7
9.61	1.72	6.52	6.06	26.78	1.31	26.83	9.83
11.33	1.73	7.92	6.24	22.26	1.59	26.16	9.87
8.7	1.8	7.61	5.84	21.2	1.44	23.62	12.3
9.01	1.93	7.65	6.04	24.95	1.4	25.52	9.53
9.25	1.03	8.06	6.95	23.79	1.67	30.79	11.2
9.54	1.78	8.2	6.92	23.18	1.35	25.27	10.96
9.97	1.83	7.54	7.4	23.09	1.24	27.1	12.67
9.42	1.77	8.31	6.07	23.18	1.54	21.09	10.54
9.86	1.79	7.93	7.02	24.78	1.26	27.12	11.02
10.07	1.72	7.25	5.02	20.04	1.4	26.3	12.71
8.65	1.89	7.36	6.16	18.79	1.59	28.03	12.51
11.33	1.81	7.02	6.38	23.87	1.33	23.8	11.88
9.72	1.84	8.55	6.85	27.68	1.48	26.09	13.82
10.61	1.81	7.41	6.34	23.75	1.53	31.75	12.4
7.63	1.94	7.5	5.98	23.92	1.78	20.32	10.36
8.76	1.85	7.79	5.93	24.1	1.12	21.72	10.6
10.6	1.69	10.14	6.18	20.79	1.46	26.43	11.66
8.92	1.76	7.51	6.59	25.57	1.71	25.78	11.83
9.29	1.74	8.98	6.84	23.09	1.41	27.33	11.13
8.98	1.75	9.27	5.64	21.81	1.44	33.81	12.1
10.26	1.67	9.51	5.9	23.76	1.68	30.55	11.64
9.06	1.82	9.35	6.11	25.72	1.39	20.96	10.71
10.27	1.79	6.07	5.96	21.98	1.3	27.86	10.31
8.38	1.74	9.4	6.75	28.93	1.19	24.66	11.65
8.9	1.75	10.13	5.48	24.26	1.22	29.53	11.73
9.41	1.67	8.16	6.21	26.72	1.5	24.98	9.63
9.68	1.74	8.86	8.03	25.38	1.59	27.36	9.44
10.07	1.7	8.24	6.66	24.49	1.5	33.98	12.32
11.34	1.88	9.11	6.31	22.58	1.27	28	13.76
11.49	1.81	8.67	7.02	20.63	1.62	23.12	10.98
10.04	1.82	6.44	7.88	19.97	1.21	26.12	12.69
10.61	1.85	8.13	6.04	19.34	1.35	26.82	10.94
10.49	1.69	7.86	6.3	20.99	1.62	28.5	12.2
9.26	1.79	7.17	6.07	21.41	1.44	24.93	12.63
11.46	1.73	8.61	6.94	23.43	1.26	25.8	13.84
9.22	1.77	7.9	7.19	23.92	1.8	28.97	12.05
10.31	1.84	7.53	7.26	26.25	1.3	24.54	11.57
10.63	1.79	8.16	6.87	22.97	1.39	31.87	12.01
10.1	1.83	7.68	5.98	24.28	1.56	30.52	11.21
11.28	1.88	9.43	5.71	24.49	1.17	26.13	11.96
11.64	1.86	7.84	6.47	23.51	1.22	24.41	9.44
10.03	1.87	8.17	6.7	22.99	1.5	25.96	9.84
11.38	1.78	8.43	7.41	24.39	1.52	22.27	13.13
8.89	1.75	8.5	6.98	22.85	1.33	25.19	11.84
9.49	1.73	8.2	6.94	27.42	1.36	27.29	10.28
9.1	1.94	6.81	6.04	21.19	1.48	31	11.24
9.21	1.81	7.57	6.74	24.07	1.47	24.92	10.71
10.18	1.95	8.34	5.57	21.89	1.5	27.07	15.17
8.14	1.76	7.97	6.11	24.42	1.45	24.62	12.98
10.26	1.79	7.46	6.37	28.51	1.44	24.31	10.98
10.07	1.79	7.95	5.61	23.1	1.67	22.78	12.92
8.19	1.91	9.04	6.52	27.2	1.16	23.89	11.17
10.13	1.77	8.97	5.64	22.81	1.43	26.11	10.59
11.07	1.72	7.85	5.85	23.4	1.7	29.56	10.99
10.48	1.85	8.45	7	22.51	1.36	25.91	13.41
10.89	1.9	7.73	6.09	27.32	1.45	29.46	10.76
9.6	1.8	7.81	6.44	24.41	1.57	26.77	11.4
11.54	1.92	8.59	6.91	23.49	1.38	24.56	11.58
10.14	1.83	8.21	6.82	24.23	1.32	24.81	12.66
10.74	1.7	8.44	6.72	23.86	1.18	23.39	13.02
9.64	1.8	9.1	7.23	20.57	1.38	31.16	11.63
11.08	1.87	8.9	6.46	21.79	1.27	25.87	11.99
11.1	1.74	9.3	6.04	21.46	1.46	26.97	11.15
9.9	1.71	9.08	6.67	22.62	1.27	30.11	12.73
10.58	1.84	9.03	6.29	22.86	1.3	27.2	13.45
9.79	1.74	8.68	6.75	23.62	1.5	27.62	9.61
9.54	1.87	7.89	5.01	25.35	1.25	25.46	10.53
9.72	1.82	9.19	6.33	26.36	1.53	23.12	12.63
8.32	1.71	8.95	7.3	22.59	1.4	26.81	13.57
10.71	1.85	8.35	6.1	23.21	1.38	26.54	11.38
9.46	1.72	8.87	7.1	27.88	1.41	31.16	11.18
9.32	1.82	6.84	5.75	23.01	1.27	27.63	10.89
10.09	1.88	7.33	5.83	25.01	1.4	30.32	11.79
10.41	1.85	7.79	7.31	21.44	1.4	27.17	10.7
8.52	1.73	9.81	7.48	20.6	1.68	22.99	10.64
9.47	1.79	9.05	5.95	29.71	1.68	31.28	14.53
9.41	1.96	6.5	7.76	21.95	1.56	27.58	11.74
11.54	1.75	5.67	6.64	19.74	1.54	25.3	8.06
7.69	1.77	7.03	7.06	25.12	1.5	29.5	11
12.22	1.76	8.19	6.14	24.63	1.18	25.75	11.35
9.89	1.82	7.89	6.69	23.64	1.49	25.59	12.33
8.66	1.74	7.9	6.52	22.21	1.47	26.62	14.02
9.01	1.81	7.81	5.55	22.67	1.21	21.4	9.21
10.86	1.64	7.22	7.11	22.37	1.47	25.48	10.81
8.44	1.78	8.01	6.07	22.56	1.26	29.45	13.13
9.54	1.95	8.99	7.18	22.12	1.38	21.26	13.28
8.12	1.75	8	7.06	24.4	1.67	33.08	12.32
10.46	1.76	8.21	5.99	24.11	1.16	23.39	11.59
9.44	1.68	7.6	5.87	23.99	1.41	28.25	10.8
10.86	1.77	7.81	5.84	23.31	1.68	29.4	12.25
8.9	1.76	8	5.63	21.78	1.42	25.56	14.31
10.02	1.72	7.99	6.11	21.2	1.43	27.06	13.05
9.35	1.84	10.15	6.31	28.76	1.37	24.26	11.71
8.94	1.82	7.66	7.05	24.9	1.82	28.21	12.17
8.4	1.79	7.56	6.22	25.11	1.53	28.92	12.49
9.06	1.71	8.39	7.03	20.87	1.78	23.01	10.21
8.63	1.97	8.18	5.93	22.1	1.65	34.72	11.39
11.85	1.86	7.16	7.74	19.41	1.63	23.31	12.25
9.28	1.72	7.81	5.75	23.41	1.65	29.27	12.46
11.36	1.67	7.95	5.51	20.88	1.57	24.11	12.48
9.08	1.7	8.48	6.79	29.33	1.51	22.9	10.99
9.48	1.83	7.84	6.69	19.84	1.24	25.51	12.48
8.47	1.86	9.33	6.63	20.39	1.64	23.63	11.58
9.06	1.77	10.08	5.56	24.48	1.66	24.64	13.62
10.22	1.91	9.4	6.68	22.8	1.39	27.28	10.34
11.26	1.78	7.75	7.19	21.11	1.4	28.61	10.96
10.77	1.8	9.01	6.58	21.88	1.48	26.05	11.6
9.61	1.84	9.34	5.48	27.35	1.58	26.24	10.19
9.38	1.75	7.9	7.13	24.45	1.48	27.51	13.66
8.28	1.8	7.24	6.55	22.12	1.54	25.92	11.17
10.98	1.79	9.08	6.2	22.08	1.52	27.63	9.37
9.52	1.89	8.63	7.28	29.06	1.52	29.18	9.41
9.73	1.91	8.43	5.98	23.01	1.26	27.08	12.28
10.01	1.7	8.78	7.4	22.67	1.63	25.01	12.91
9.71	1.69	6.93	6.75	24.44	1.53	27.87	10.42
9.09	1.83	7.78	6.69	24.59	1.32	27.54	12.55
7.66	1.72	8.6	5.88	24.41	1.26	31.22	12.61
9.81	1.75	8.83	6.59	20.87	1.41	24.17	10.8
10.23	1.81	7.63	5.63	24.05	1.42	28.84	10.41
10.25	1.9	8.94	6	25.13	1.37	26.08	11.66
10.33	1.87	8.71	6.51	23.72	1.23	22.43	11.63
8.48	1.72	7.67	6.95	24.19	1.61	24.97	12.58
9.39	1.77	7.53	6.64	24.63	1.25	26.03	12.33
10.96	1.83	9.23	5.76	23.55	1.44	27.97	9.74
9.53	1.08	8.07	7.72	24.31	1.28	33.62	11.17
8.39	1.81	7.23	7.85	23.68	1.42	25.92	12.15
10.58	1.83	7.4	6.41	22.63	1.41	23.5	11.29
8.85	1.85	8.19	5.53	18.75	1.4	27.12	10.65
10.61	1.84	9.1	6.13	25.55	1.68	24.93	11.04
10.08	1.84	9.02	7.45	25.7	1.16	26.04	13.34
11.33	1.8	6.57	6.34	21.9	1.31	21.79	11.78
10.58	1.61	8.68	6.99	25.51	1.4	28.67	13.88
11.77	1.79	8.07	7.64	23.74	1.67	28.55	10.53
11.45	1.94	8.38	6.8	22.75	1.24	23.5	10.1
9.53	1.91	8.24	7.04	22.88	1.49	27.1	11.2
10.94	1.67	8.46	7.17	24.67	1.69	29.44	10.5
8.35	1.91	8.7	5.69	23.01	1.72	27.97	11.96
8.84	1.75	8	6.77	19.19	1.62	30.42	10.77
9.51	1.71	6.79	7.31	24.84	1.43	30.58	10.68
9.77	1.67	8.56	6.91	23.45	1.51	23.56	10.82
9.63	1.8	8.25	6.51	25.49	1.44	24.57	13.61
9.96	1.72	8.69	6.95	23.57	1.47	24.04	10.35
9.53	1.81	8.02	6.57	25.94	1.35	28.98	11.21
10.94	1.75	7.62	6.89	28.13	1.37	23.98	14.12
10.06	1.79	8.6	6.32	22.55	1.42	29.03	10.9
10.54	1.77	8.66	5.76	26.11	1.47	28.88	11.1
10.3	1.84	9.01	6.74	26.15	1.35	25.52	11.78
12.19	1.82	8.97	6.78	23.25	1.42	20.71	10.83
8.57	1.7	8.43	6.6	23.57	1.24	26.52	11.79
8.81	1.86	6.58	6.61	23.29	1.4	22.02	8.47
11.17	1.87	7.18	6.68	25.34	1.39	21.3	11.96
9.25	1.64	8.48	5.91	25.15	1.49	27.54	13.23
9.09	1.72	8.62	5.46	28.62	1.33	28.46	12.98
10.27	1.87	7.94	7.34	24.21	1.35	30.52	11.16
9.71	1.83	7.72	7.18	22.25	1.27	28.89	11.71
11.3	1.84	8.48	6.52	22.45	1.55	26.83	11.56
9.13	1.75	7.62	6.36	22.15	1.23	25.5	12.27
10.83	1.74	7.99	7.14	21.98	1.38	22.92	10.77
11.18	1.85	6.4	6.66	30.72	1.45	24.53	14.88
8.52	1.75	8.42	7.18	26.36	1.22	26.39	10.54
10	1.83	7.02	6.46	22.78	1.66	24.68	11.75
10.62	1.79	9.18	6.31	24.94	1.43	29.53	12.25
10.33	1.91	7.77	7.1	23.44	1.59	27.71	10.34
10.63	1.74	8.39	6.57	25.98	1.53	27.3	10.7
9.61	1.9	10.22	6.61	25.37	1.28	28.09	12.19
10.04	1.76	9.79	5.83	24.87	1.65	25.31	10.37
8.65	1.77	8.38	6.22	23.86	1.32	29.72	10.74
8.14	1.77	7.45	6.12	22.62	1.34	24.41	11.25
9.49	1.84	7.27	6.51	21.92	1.46	22.87	12.98
8.55	1.7	8.39	7.05	28.64	1.42	28.09	11.46
10.19	1.76	8.36	5.82	23.09	1.68	27.08	10.88
9.83	1.87	9.44	7.16	27.19	1.59	29.68	12.11
8.76	1.73	7.86	6.1	26.23	1.69	29.19	11.34
9.26	1.03	6.86	5.69	24.35	1.5	28.56	10.02
8.94	1.73	8.07	5.51	25.66	1.33	27.66	12.75
8.91	1.82	8.34	5.41	22.78	1.73	23.98	10.35
10.6	1.9	9.17	5.99	25.23	1.4	27.13	11.96
10.7	1.68	7.92	7.22	21.11	1.31	23.8	12.65
10.38	1.67	8.25	6.47	23.17	1.4	24.13	11.22
11.89	1.8	9.31	5.65	21.7	1.37	24.63	10.52
9.3	1.78	9.77	6.5	25.62	1.1	28.01	11.23
8.65	1.75	8.93	6.46	23.48	1.62	26.7	11.24
9.63	1.79	7.37	6.45	21.6	1.54	30.79	13.18
11.52	1.75	9.46	5.9	25.77	1.61	26.2	10.42
11.04	1.85	7.48	6.31	20.07	1.78	24.17	9.2
11	1.73	8.16	6.61	21.91	1.31	30.54	11.63
11.29	1.81	6.91	6.54	21.39	1.54	24.95	10.34
11.09	1.83	7.92	6.81	22.35	1.45	27.4	13.09
8.92	1.89	8.36	7.92	20.16	1.49	26.19	11.37
11.51	1.82	9.1	6.1	22.33	1.51	27.17	11.89
10.54	1.78	7.93	6.66	26.34	1.49	27.94	11.29
9.35	1.7	8.71	7.11	19.19	1.41	26.55	13.29
11.2	1.85	7.52	7.38	27.89	1.82	26.94	10.49
9.11	1.77	8.03	6.52	24.06	1.35	26.78	12.26
9.92	1.68	7.27	6.78	23.85	1.54	31.45	12.34
9.65	1.74	7.88	6.98	22.11	1.2	30.1	11.17
9.97	1.77	8.08	7.06	23.78	1.7	29.31	12.63
9.13	1.77	8.92	6.59	24.5	1.45	30.4	9.27
8.38	1.7	8.49	7.16	21.68	1.57	26.14	9.48
9.43	1.74	8.97	7.67	21.73	1.21	23.16	10.9
9.61	1.81	8.93	7.11	22.74	1.3	26.72	12.12
10.83	1.75	7.43	5.82	25.42	1.19	22.49	10.86
9.03	1.89	8.31	7.25	25.33	1.62	29.93	13.38
9.39	1.83	8.57	7.16	21.82	1.51	23.55	10.78
11.45	1.74	8.02	6.83	24.39	1.39	25.43	11.37
10.02	1.71	8.25	4.94	21.96	1.33	24.25	10.08
9.37	1.69	8.6	6.49	29.11	1.43	23.38	11.47
10.99	1.73	8.73	6.96	23.34	1.51	26.51	13.05
9.03	1.83	7.21	6.24	25.15	1.42	28.04	10.28
9.84	1.83	7.69	6.52	24.68	1.5	29.47	10.75
11.4	1.81	8.71	7.39	22.47	1.74	25.85	12.5
9.35	1.77	7.85	6.61	22.97	1.48	25.73	11.55
9.74	1.78	7.25	7.76	28.56	1.41	20.82	11.28
9.16	1.79	8.83	5.95	22.79	1.51	26.28	10.55
10.01	1.88	10.02	6.26	26.4	1.43	29.6	10.67
8.99	1.77	7.42	7.13	19.34	1.37	31.48	12.05
9.63	1.7	6.59	6.37	24.99	1.6	28.64	10.13
10.94	1.78	8.07	6.8	22.57	1.42	24.32	10.06
10.45	1.99	8.34	5.73	28.26	1.19	22.8	10.99
9.84	1.79	7.65	6.65	22.28	1.3	28.21	10.94
10.08	1.9	7.88	7.24	23.79	1.43	23.38	11.85
9.45	1.86	8.06	6.75	30.35	1.77	23.9	10.49
11.22	1.77	7.81	6.22	25.07	1.28	26	9.96
10.23	1.83	9.77	6.2	22.54	1.45	28.28	9.78
9.66	1.8	7.56	6.42	20.92	1.35	23.13	12.16
10.66	1.8	8.24	6.19	23.76	1.32	27.33	10.28
10.98	1.73	8.82	5.77	23.36	1.7	23.22	9.85
9.65	1.78	7.56	6.85	21.98	1.43	24.97	9.97
9.83	1.9	8.24	5.99	22.55	1.44	27.8	12.84
9.7	1.82	7.32	7.32	20.78	1.55	26.69	10.16
9.83	1.85	6.24	6.32	24.9	1.67	23.56	10.97
8.84	1.85	6.84	6.27	23.85	1.66	24.83	11.55
10.5	1.85	9.16	6.25	22.09	1.57	27.64	10.92
9.41	1.95	6.42	6.22	22.78	1.6	28.2	11.49
9.38	1.74	9.69	6.71	24.4	1.4	23.2	12.19
10.05	1.81	8	5.84	22.07	1.45	28.82	10.7
9.85	1.86	7.07	6.37	21.29	1.17	27.78	10.38
9.14	1.89	8.68	6.76	20.21	1.36	26.78	13.19
9.19	2	8.19	5.81	21.68	1.4	27.92	10.67
9.1	1.73	8.9	7.02	24.5	1.4	26.76	8.23
9.99	1.83	8.67	6.51	23.58	1.47	25.23	12.69
9.88	1.73	8.48	7.6	23.41	1.57	24.39	10.1
9.68	1.76	7.12	6.58	26.56	1.53	28.08	12.45
10.25	1.77	8.8	6.38	23.17	1.69	26.14	11.14
9.93	1.91	8.33	6.28	18.54	1.62	30.16	10.16
10.01	1.82	7.49	6.45	25.27	1.2	23.75	14.38
10.22	1.77	6.33	7.15	23.16	1.36	24.91	11.83
9.35	1.82	8.81	6.42	26.81	1.5	27.52	11.52
11.11	1.73	7.28	6.69	28.03	1.6	22.48	10.75
9.4	1.83	8.13	6.29	22.79	1.51	25.64	11.6
9.54	1.77	7.93	5.41	25.92	1.69	24.25	10.32
11.33	1.93	7.33	5.68	25.26	1.46	31.93	12.61
10.06	1.68	8.92	6	25.76	1.36	26.68	10.87
11.41	1.75	9.23	5.83	26.8	1.67	27.38	13.58
10.29	1.81	9.14	6.11	23.95	1.49	30.01	12.77
9.18	1.8	8.07	6.47	25.54	1.3	28.42	12.06
9.76	1.98	8.73	5.96	21.63	1.26	30.67	12.48
9.55	1.8	7.65	6.57	23.97	1.36	27.94	12.52
10.22	1.81	7.38	6.89	28.4	1.68	23.23	12.16
8.23	1.85	9.56	7.11	21.03	1.31	31.04	10.45
9.87	1.86	9.12	5.83	22.98	1.39	24.68	8.93
11.41	1.73	8.9	6.33	21.16	1.39	29.84	12.78
10.58	1.66	9.1	6.06	22.16	1.27	29.49	11.33
11.18	1.85	7.98	5.75	22.87	1.78	31.69	13.71
9.06	1.74	7.46	6.8	22.24	1.5	24.93	12.23
10.41	1.72	9.94	6.47	24.94	1.25	26.06	11.53
9.54	1.9	8.27	5.83	19.69	1.56	24.25	13.87
10.8	1.74	7.94	6.27	30.07	1.77	27.02	14.03
10.93	1.86	9.49	6.88	26.14	1.56	25.95	9.59
12.54	1.8	8.35	7.66	28.17	1.42	25.85	11.58
10.02	1.71	8.56	7.35	23.27	1.46	28.68	10.74
10.28	1.62	7.57	5.56	23.93	1.42	24.6	11.09
9.51	1.74	8.06	5.74	24.57	1.31	24.93	10.77
9.1	1.81	7.55	6.69	23.33	1.47	28.24	12.85
10.11	1.84	8	5.51	22.34	1.34	35.36	11.79
9.47	1.88	9.36	6.64	22.71	1.56	31.74	12.12
10.23	1.75	9.37	6.27	23.44	1.34	26.35	11.11
11.02	1.87	8.76	6.49	25.74	1.31	23.65	9.65
9.87	1.86	8.84	5.6	22.37	1.57	26.45	11.01
10.28	1.71	8.42	6.97	23.63	1.36	27.11	11.88
9.95	1.72	8.36	5.49	24.06	1.57	27.65	11.6
9.19	1.85	9.59	7.25	19.07	1.45	26.56	10.28
12.21	1.74	8.65	5.82	21.18	1.42	27.49	10.78
10.43	1.82	8.89	7.23	19.52	1.47	20.05	11.13
10.94	1.73	7.91	6.02	23.63	1.33	23.41	12.19
9.71	1.73	9.38	6.33	25.24	1.63	29.21	11.12
11.13	1.83	7.35	6.47	21.9	1.57	23.41	10.63
10.59	1.75	8.34	6.75	21.99	1.38	28.22	13.41
10.34	1.69	7.76	8.09	26.5	1.55	21.48	12.33
9.4	1.85	7.58	6.69	23.96	1.74	26.23	12.31
10.16	1.8	9.8	7.11	22.08	1.55	27.49	10.2
8.62	1.67	8.63	6.28	25.78	1.53	30.39	9.05
9.55	1.85	9.14	6.46	24.91	1.4	28	10.12
8.72	1.71	7.61	5.87	20.77	1.27	24.09	10.33
12.27	1.8	8.62	6.11	24.22	1.2	27.97	11.49
11.23	1.68	9.12	6.62	23.12	1.8	28.48	10.37
9.93	1.74	7.7	6.96	19.66	1.27	24.37	10.87
9.51	1.73	8.46	5.43	18.98	1.53	22.25	11.69
10.65	1.8	7.11	6.52	25.62	1.26	25.04	11.72
9.09	1.73	8.77	6.2	22.88	1.46	28.51	12.62
10.45	1.95	8.28	5.56	24.24	1.52	26.26	11.63
9.63	1.8	7.59	6.93	22.16	1.38	29.19	11.65
8.6	1.82	8.43	5.29	19.91	1.63	23.63	13.32
10.24	1.69	8.21	5.72	25.63	1.55	26.95	10.14
10.06	1.82	8.78	7.07	27.19	1.53	32.2	12.42
10.89	1.8	8.54	5.89	22.2	1.46	26.15	11.56
8.58	1.67	9.09	6.21	23.36	1.53	30.61	12.43
10.15	1.7	7.67	7.23	22.72	1.41	26.49	11.11
9.19	1.76	9.32	6.58	22.27	1.46	27.2	11.5
9.16	1.68	8.55	6.35	24.91	1.52	26.64	10.39
8.76	1.89	10.15	5.67	25.82	1.5	28.08	12.49
10.65	1.87	8.64	6.71	23.37	1.48	28.36	11.22
10.41	1.9	8.65	5.31	23.14	1.52	29.04	12.8
12.11	1.99	8.16	6.89	24.97	1.36	28.42	9.9
10.01	1.92	7.48	5.65	20.66	1.33	25.91	12.42
8.23	1.75	8.22	6.79	23.32	1.38	28.26	11.63
11.21	1.72	7.02	7.19	22.36	1.56	33.32	13.98
9.58	1.9	7.65	8.11	26.27	1.48	24.45	11.95
10.13	1.77	8.39	5.66	20.74	1.49	25.44	10.53
9.85	1.74	7.77	6.98	21.9	1.38	28.57	12.86
10.38	1.77	7.12	7.21	25.27	1.2	25.31	11.26
10.87	1.84	9.59	5.85	21.54	1.56	26.13	12.99
9.51	1.83	6.76	6.77	24.4	1.64	27.18	10.58
11.55	1.73	8.4	6.41	26.48	1.38	27.3	12.34
9.96	1.73	9.78	6.59	21.15	1.33	23.14	10.56
12.17	1.58	8.96	6.73	29.06	1.45	24.19	10.43
9.29	1.85	9.18	6.33	23.14	1.28	20.49	10.99
12.21	1.84	9.58	5.52	22.78	1.16	26.8	9.28
8.93	1.75	6.84	6.59	29.8	1.7	26.46	13.3
8.35	1.77	6.76	6.94	24.94	1.56	26.94	8.91
8.96	1.72	8.72	5.88	24.17	1.58	31.19	10.35
9.71	1.78	6.9	6.35	23.63	1.34	27.97	12.87
10.4	1.73	8.91	5.4	24.41	1.18	28.15	10.58
10.16	1.91	7.71	5.63	26.73	1.46	24.55	12.35
9.38	1.73	8.47	6.77	25.65	1.4	26.37	10.28
9.97	1.63	7.96	7.31	25.84	1.55	28.71	10.68
10.03	1.82	7.8	5.32	21.96	1.48	27.41	10.9
11.25	1.79	9.18	6.11	25.46	1.46	22.62	10.33
9.31	1.01	7.89	6.67	21.54	1.24	23.76	13.18
9.43	1.77	8.73	6.67	22.43	1.61	28.09	12.15
9.66	1.78	8.14	6.99	21.82	1.52	26.73	10.6
10	1.79	8.7	7.1	24.48	1.34	28.13	15.04
10.47	1.78	7.04	5.8	24.71	1.5	26.45	12.42
8.83	1.72	9.89	5.61	24.53	1.77	26.52	10.59
9.13	1.82	9.23	6.46	26.07	1.6	27.97	9.56
10.07	1.89	7.04	5.52	23.77	1.32	26.83	11.63
11.7	1.79	7.43	6.59	20.95	1.42	23.03	12.02
9.79	1.72	7.91	6.5	23.4	1.32	21.77	11.77
12.5	1.86	7.07	6.13	24.17	1.6	27.38	10.31
9.38	1.69	11.28	5.77	23.84	1.48	25.95	12.77
10.62	1.82	7.61	6.36	20.4	1.39	29.31	11.74
10.07	1.76	9.18	5.27	25.43	1.54	23.85	11.61
11.07	1.79	7.6	5.02	24.41	1.56	29.74	10.92
10.06	1.77	8.75	5.91	22.05	1.25	27.76	13.2
9.17	1.9	8.21	6.24	22.24	1.29	22.72	10.54
8.58	1.87	8.38	6.03	23.3	1.56	25.78	12.11
11.75	1.71	7.04	6.55	26.55	1.31	28.38	10.74
11.53	1.81	7.28	6.27	23.2	1.23	26.56	11.08
10.79	1.76	7.61	7.15	26.48	1.43	22.1	14.56
12.38	1.84	7.48	5.86	22.26	1.34	25.81	11.31
8.78	1.73	7.96	7.59	22.65	1.55	28.03	12.2
9.56	1.73	8.57	6.03	20.94	1.27	25.14	10.68
10.83	1.86	8.35	7.03	27.17	1.61	31.92	10.27
10.21	1.78	7.81	6.54	26.57	1.48	27.06	10.18
11.04	1.86	8.54	7.48	22	1.47	25.34	12.54
11.01	1.84	9	6.07	22.34	1.62	28.51	11.65
8.43	1.71	8.02	7.19	26.65	1.41	27.35	10.91
10.97	1.99	8.76	6.74	27.71	1.42	24.27	11.62
10.92	1.82	9.2	6.81	27.73	1.61	23.98	11.63
9.74	1.75	9.68	6.96	24.26	1.42	27.27	12.51
10.15	1.73	7.27	6.35	22.75	1.43	24.2	12.63
11.47	1.65	7.7	7.54	27.37	1.46	27.12	12.45
9.98	1.84	7.27	5.38	23.48	1.26	29.26	10.82
11.54	1.72	8.35	5.49	19.88	1.61	26.33	11.88
9.3	1.68	7.86	6.16	22.68	1.33	29.85	13.2
10.91	1.72	6.88	7.14	21.65	1.29	24	10.58
9.07	1.7	8.93	7.17	21.83	1.3	29.16	10.91
8.87	1.66	8.62	6.35	21.09	1.59	26.08	13.17
11.97	1.75	7.99	6.87	23.51	1.49	26.34	13.27
10.15	1.83	6.62	5.15	23.06	1.29	29.29	12.48
10.45	1.77	8.3	5.8	25.76	1.45	26.36	12.41
8.96	1.76	7.38	5.61	21.86	1.54	28.04	11.88
10.24	1.87	8.97	6.24	21.07	1.6	28.31	12.64
10.77	1.71	8.86	6.32	21.75	1.16	30.71	10.3
11.44	1.95	7.61	6.91	22.13	1.4	26.55	11.76
9.87	1.76	7.24	6.57	20.21	1.6	23.43	11.04
9.53	1.74	8.18	6.35	26.68	1.38	28.19	9.64
10.5	1.73	9.01	7.51	22.8	1.42	29.3	11.9
9.81	1.92	9.32	6.94	21.07	1.49	28.16	10.41
9.58	1.7	7.26	6.54	22.29	1.34	26.92	11.33
8.98	1.82	8.14	6	25.53	1.26	30.5	10.94
9.55	1.88	9.15	6.99	22.74	1.26	24.65	11.53
7.85	1.76	8.58	5.69	22.39	1.44	27.3	10.39
8.87	1.82	7.65	4.83	23.13	1.5	29.78	11.89
9.42	1.64	8.89	6.2	20.72	1.36	24.51	10.23
10.75	1.68	7.3	5.47	27.25	1.53	27.96	11.21
7.77	1.67	7.52	6.44	20.74	1.54	30.81	10.17
7.81	1.76	9.36	5.88	24.03	1.43	23.76	13.29
9.3	1.78	7.16	6.63	25.47	1.58	28.69	9.29
9.86	1.94	9.51	5.47	22.9	1.49	30.64	11.77
10.89	1.73	8.57	5.86	26.71	1.35	25.52	10.9
9.33	1.81	8.53	6.62	23.86	1.48	28.61	10.16
10.54	1.83	8.16	5.93	21.97	1.41	22.34	10.55
8.83	1.81	8.35	6.92	22.26	1.18	25.69	12.1
9.62	1.82	8.69	6.63	25.25	1.24	27.4	11.13
10.79	1.87	9.56	6.43	22.84	1.51	29.86	11.76
8.66	1.73	7.91	7.14	21.28	1.57	30.06	11.61
8.2	1.77	8.21	5.7	25.37	1.24	25.98	12.6
8.98	1.75	8.42	7.15	20.38	1.44	27.41	10.91
9.64	1.75	8.64	6.81	26.27	1.52	26.43	10.77
9.1	1.77	8.2	6.08	25.37	1.29	26.44	10.98
8.63	1.68	9.29	6.33	24.23	1.51	22.64	8.78
10.47	1.79	9.1	6.64	21.91	1.35	31.47	11.34
9.72	1.83	8.44	5.18	21.85	1.56	29.84	11.18
8.65	1.74	8.07	5.66	23.97	1.58	25.7	10.43
9.56	1.91	7.64	6.49	29.46	1.55	27.49	11.3
10.69	1.75	8.07	6.06	23.07	1.44	22.37	12.07
9.97	1.83	8.1	6.47	25.08	1.33	27.14	11.25
10.32	1.76	8.59	5.55	20.91	1.35	28.42	11.19
10.2	1.73	7.72	6.35	19.26	1.36	25.74	12.12
8.96	1.9	6.71	5.12	21.21	1.41	27.6	10.21
10.29	1.77	8.4	6.54	19.92	1.2	25.85	10.65
11.1	1.58	8.01	8.37	21.34	1.42	25.72	12.02
11.26	1.93	7.36	5.82	27	1.45	24.66	10.57
9.96	1.74	8.76	7.1	21.72	1.17	22.03	13.26
9.53	1.95	8.65	6.19	23.84	1.42	25.26	10.04
10.59	1.76	8.43	6.96	25.42	1.56	28.17	12.31
9.79	1.86	8.29	5.86	24.85	1.3	24.61	12.21
9.79	1.68	8.79	7.1	23.69	1.49	23.74	10.89
10	1.9	8.02	7.5	24.88	1.47	29.14	11.88
7.32	1.8	7.33	6.78	19.09	1.48	23.31	10.3
8.94	1.8	8.86	6.01	24.33	1.51	26.71	10.09
9.99	1.68	8.88	6.53	24.64	1.81	25.14	12.07
12.11	1.07	10.1	6.9	20.01	1.64	27.36	11.97
9.12	1.82	8.61	5.6	24.07	1.57	32.23	10.26
9.74	1.82	7.59	7.26	26.14	1.44	26.77	9.81
9.68	1.8	7.73	6.14	27.32	1.45	27.26	12.66
9.09	1.94	7.19	5.23	29.22	1.31	27.91	10.12
8.61	1.78	7.74	7.24	19.22	1.6	27.29	12.14
10.6	1.78	8.52	7.68	25	1.43	25.15	12.71
8.61	1.65	7.76	5.15	28.18	1.74	25.65	11.76
9.51	1.8	8.01	7.36	23.54	1.24	25.9	11.18
9.24	1.83	8.07	6.35	24.57	1.3	24.47	11.42
9.06	1.8	8.25	6.73	23.93	1.3	26.99	9.99
10.06	1.78	8.84	5.89	21.2	1.25	31.61	11.28
9.64	1.88	8.7	6.34	26.75	1.48	26.94	13.53
9.36	1.71	8.08	6.56	28.27	1.54	31.68	9.78
11.62	1.83	8.66	7.17	25.11	1.34	28.49	9.91
9.22	1.83	6.72	6.59	22.84	1.76	23.71	10.73
9.02	1.72	8.83	5.89	20.3	1.26	23.67	12.76
8.11	1.85	7.92	5.19	20.04	1.49	26.78	11.46
9.67	1.74	9.28	7.15	22.69	1.24	30.7	11.89
10.26	1.81	8.4	6.17	22.25	1.57	22.89	10.18
8.64	1.73	9	7.64	28.65	1.43	30.89	10.71
9.68	1.7	7.75	6.82	23.33	1.49	24.31	11.57
8.98	1.84	9.55	7	21.61	1.34	24.15	9.95
8.88	1.79	8.25	7.16	26.27	1.4	29.41	12.35
13.53	1.82	8.89	6.53	25.47	1.39	26.2	12.31
10.26	1.85	9.15	6.57	28.85	1.34	23.45	11.47
10.19	1.77	7.6	6.54	24.21	1.43	28.96	9.38
10.29	1.79	8.31	6.12	21.78	1.56	26.76	10.79
10.55	1.62	9.89	7.29	21.87	1.46	24.82	10.91
9.58	1.69	8.16	7.39	20.23	1.13	21.71	12.54
10.07	1.85	8.96	6.84	18.95	1.56	29.02	12.22
8.99	1.71	8.01	6.34	23.52	1.4	25.57	12.99
9.05	1.77	7.73	5.14	21.38	1.26	25.56	12.27
9.9	1.85	8.5	6.78	25.23	1.63	24.92	11.29
9.76	1.77	7.48	6.72	24.28	1.67	25.25	10.13
10.92	1.81	7.38	6.16	28.38	1.51	28.5	11.26
7.72	1.73	8.25	6.42	29.02	1.71	29.1	11.85
11.69	1.72	9.25	7.13	22.24	1.23	22.45	11.84
10.74	1.84	8.62	6.08	22.02	1.62	23.81	12.26
10.8	1.78	9.5	6.38	26.03	1.18	27.57	11.48
9.88	1.78	7.24	6.07	19.39	1.52	28.75	11.47
9.57	1.69	8.19	6.2	29.15	1.52	27.96	11.87
9.94	1.71	6.71	6.06	26.31	1.33	23.04	10.72
9.65	1.69	8.75	6.84	23.81	1.47	26.6	12.25
10.1	1.75	8.72	6.98	23.95	1.59	29.98	10.53
9.17	1.71	7.43	6.02	25.77	1.32	30.73	9.87
9.6	1.75	7.75	6.37	17.71	1.41	23.47	10.69
9.79	1.71	7.13	6.09	23.85	1.41	25.62	11.3
10.49	1.85	8.38	6.71	27.37	1.38	28.21	10.65
9.49	1.75	9.4	7.99	23.27	1.5	23.53	10.17
8.61	1.73	9.35	5.82	23.51	1.36	25.25	12.87
9.12	1.69	9.7	6.41	22.41	1.51	23.26	12.74
11.23	1.72	8.59	5.66	20.19	1.38	23.4	12.13
8.61	1.82	8.11	6.29	24.15	1.38	28.5	11.76
9.55	1.89	9.15	5.82	22.22	1.46	24.93	10.65
12.4	1.71	7.39	6.32	23.39	1.46	24.51	12.56
8.77	1.68	7.9	5.86	25.39	1.52	23.49	12.37
11.92	1.94	7.69	6.59	26.8	1.51	28.45	10.79
9.43	1.82	7.25	7.7	24.82	1.34	27.66	9.25
10.56	1.8	8.25	5.97	21.71	1.47	24.28	11.84
10.85	1.91	8.02	7.42	24.55	1.21	23.5	11.35
8.25	1.88	8.69	5.76	26.37	1.57	28.56	10.1
8.29	1.74	6.97	6.02	24.73	1.44	28.79	11.72
9.64	1.67	8.69	7.06	19.01	1.14	28.92	10.05
10.3	1.73	8.85	7.06	22.76	1.35	24.99	11.55
8.96	1.79	9.17	6.74	25.69	1.25	28.42	9.19
10.09	1.89	8.24	6.1	20.95	1.4	31.97	11.3
10.23	1.8	8.94	7.49	24.34	1.25	26.71	11.23
8.61	1.84	9.3	6.04	25.76	1.32	30.21	12.58
9.16	1.88	8	6.75	24.97	1.34	29.87	11.98
10.2	1.72	7.72	6.16	25.27	1.38	27.18	11.76
11.94	1.7	6.99	6.38	25.07	1.49	29.2	11.88
9.65	1.74	7.53	6.07	24.47	1.41	28.13	10.98
9.69	1.78	8.47	7.03	24.04	1.62	28.78	11.84
8.9	1.86	9.2	6.94	29.09	1.56	28.72	10.07
9.79	1.8	8.54	6.61	23.44	1.56	27.92	8.75
11.32	1.81	7.42	7.12	24.51	1.33	25.94	9.94
10.79	1.82	8.69	6.32	25.3	1.25	26.77	9.84
8.8	1.84	8.2	7.44	23.04	1.82	21.42	12.21
9.21	1.73	8.34	5.9	25.79	1.34	22.45	8.6
9.11	1.86	7.33	5.78	29.07	1.65	26.28	12.01
10.61	1.82	7.4	5.75	21.74	1.33	28.58	10.93
11.6	1.78	7.23	6.18	25.72	1.47	24.52	11.63
11.2	1.75	8.21	5.82	20.16	1.48	27.02	9.99
11.12	1.89	7.68	5.52	23.38	1.24	26.87	10.35
9.88	1.9	9.33	7.02	20.58	1.46	25.21	10.79
10.9	1.83	8.74	6.29	21.98	1.48	28.53	10.17
11.21	1.82	7.38	6.55	22.48	1.71	27.67	9.91
7.92	1.7	8.67	6.41	21.78	1.4	25.46	12.92
10.23	1.83	7.82	7.07	21.94	1.33	24.33	10.62
9.32	1.67	9.09	5.75	25.03	1.55	29.06	11.7
9.36	1.7	8.84	6.68	24.52	1.36	22.9	9.91
10.5	1.87	9	4.85	28.21	1.32	25.71	10.37
9.21	1.88	8.5	6.77	22.19	1.59	24.63	12.85
9.7	1.96	7.82	5.4	23.35	1.46	28.94	9.66
9.23	1.79	9.26	6.5	26.33	1.5	25.48	12.92
8.44	1.86	7.9	6.02	21.4	1.44	25.62	11.58
8.63	1.79	7.84	6.2	20.52	1.35	29.48	10.88
10.55	1.79	9.09	7.41	19.95	1.29	27.06	10.52
10.43	1.8	9.01	5.8	21.97	1.29	29.45	11.22
11.39	1.05	8.04	6.06	23.18	1.51	24.58	12.29
9.79	1.73	8.21	5.98	22.78	1.62	28.14	11.24
9.77	1.84	9.23	5.92	24.78	1.57	33.07	10.83
9.9	1.76	7.22	6.86	24.79	1.36	24.96	9.9
10.5	1.68	8.15	5.96	21.15	1.45	25.67	9.66
11	1.74	8.47	5.74	21.28	1.29	22.95	11.36
9.55	1.79	8.18	5.37	28.48	1.31	27.25	10.96
10.02	1.89	6.88	6.99	23.38	1.41	26.65	11.74
8.57	1.71	8.9	6.58	21.62	1.37	28.24	11.97
9.22	1.71	7.63	7	24.57	1.3	20.81	10.29
9.43	1.8	8.72	6.66	19.92	1.42	31.52	10.13
9.04	1.76	8.12	7.06	22.91	1.66	27.43	10.81
8.85	1.84	8.62	5.45	22.3	1.6	29.58	12.95
9.63	1.81	8.14	6.06	22.75	1.29	26.51	12.34
10.78	1.82	9.41	5.5	27	1.47	23.97	10.91
9.68	1.67	8.57	6.3	20.31	1.33	28.04	12.16
10.58	1.82	7.58	7.16	25.23	1.58	21.18	11.25
11.61	1.77	7.88	7.3	27.33	1.3	28.83	13.15
8.54	1.95	8.08	6.21	24.21	1.58	32.05	11.94
10.34	1.87	8.01	5.83	25.35	1.22	25.64	10.89
10.74	1.75	7.65	7.16	22.52	1.26	25.12	10.82
12.01	1.76	7.24	6.6	24.74	1.4	28.61	12.68
8.73	1.69	7.54	6.66	25.09	1.19	23.79	11.38
9.84	1.79	8.08	6.17	21.86	1.76	25.85	11.49
10.99	1.84	8.5	6.28	24.79	1.43	24.98	11.52
8.1	1.68	7.98	6.72	21.55	1.26	31.95	10.04
9.28	1.86	7.61	5.91	24.71	1.62	21.22	9.3
9.3	1.82	7.16	5.73	18.12	1.55	23.54	11.04
11.42	1.8	8.31	6.8	23.19	1.6	23.99	11.6
10.22	1.63	8.92	6.89	23.9	1.67	24.33	11.55
8.98	1.71	7.82	6.09	27.53	1.59	26.92	12.14
10.29	1.82	7.8	7.48	25.59	1.35	28.82	11.39
10.08	1.84	6.83	6.03	22.44	1.28	29.77	10.82
8.39	1.84	10.3	6.19	25.5	1.44	27.96	12.8
11	1.89	8.79	5.62	27.23	1.46	27.24	11.05
10.64	1.88	8.58	6.28	26.89	1.52	26.34	12.39
10.56	1.8	7.91	7.04	23.94	1.45	27.88	10.95
9.94	1.9	8.18	6.53	26.9	1.69	28.74	11.87
10.11	1.84	8.91	5.36	21.89	1.58	29.96	10.54
10.1	1.86	8.4	7.08	21.08	1.34	26.88	10.43
11.27	1.78	7.6	6.52	22.39	1.47	27.3	11.68
