18.11	77.43	49.84	36.25	27.98	7.59	54.93	33.48
18.62	72.59	47.04	42.2	24.01	8.48	58.6	35.96
14.19	81.53	48.55	41.65	25.27	9.03	64.69	29.74
14.89	83.41	52.44	43.56	19.08	6.92	65.14	30.44
18.33	88.06	39.58	32.13	24.41	7.34	69.09	28.51
15.45	71.01	45.88	38.78	24.49	7.62	60.74	28.56
18.34	76.2	48.37	37.01	27.02	6.79	64.49	35.89
15.7	69.06	49.66	34.35	27.45	7.24	72.49	30.84
16.66	74.61	49.02	36.27	25.25	7.68	54.56	29.8
18.1	97.82	61	42.25	23.88	8.8	54.47	28.1
15.83	80.35	47.75	43.52	23.37	7.02	65.31	36.31
20.89	67.15	53.42	41.48	25.43	7.05	61.61	32.1
14.72	80.6	53.24	40.8	24.56	8.17	63	33.01
15.99	66.58	46.23	38.94	25.55	7.84	56.92	25.99
19.65	77.98	54.36	36.69	24.85	8.48	67.15	31.64
18.96	82.58	55.45	37.1	24.78	7.23	55.31	30.07
15.25	78.03	56.47	40.14	23.53	9.42	58.73	36.82
15.36	79.96	60.04	43.45	22.27	7.79	64.05	33.62
15.28	65.25	49.57	33.37	27.63	8.55	60.27	34.25
16.42	70.25	48.95	44.44	22.79	7.25	73.11	29.18
19.05	69	54.86	40.82	24.49	7.76	55.41	32.24
14.34	97	52.25	35.09	26.37	7.08	67.74	30.88
19.37	74.72	59.14	36.33	24.85	7.14	59.59	34.41
16.79	93.76	48.27	36.21	23.01	8.85	67.69	39.54
14.71	74.58	52.42	40.58	19.92	7.66	71.68	35.99
18.14	90.41	48.65	38.86	24.14	7.85	60.46	32.97
15.04	73	51.96	34.28	25.07	7.77	68.78	30.58
16.62	82.96	58.26	37.24	27.27	6.87	67.01	30.63
15.75	73.14	51.63	37.97	28.22	7.56	68.27	33.64
20.43	90.9	51.14	39.03	28.51	7.51	63.75	32.53
20.08	79.32	45.08	32.61	22.97	8.17	62.33	33.02
18.74	94.22	53.66	44.63	25.88	8.42	61.16	33.04
17.89	73.28	39.16	39.88	25.85	7.37	68.22	33.24
16.64	69.81	54.93	39.63	23.51	6.86	62.97	34.36
18.7	76.86	50.82	32.28	22.37	7.7	59.19	28.7
19.41	70.54	50.82	38.05	24.5	7.59	55.83	39.71
16.81	81.41	54.66	37.1	24.58	8.12	65.65	29.04
17.03	81.93	58.64	34.81	22.15	8.37	61.63	33.29
15.68	85.92	52.99	41.07	29.11	8.2	56.38	32.63
20.01	81.29	56	40.61	22.03	8.32	65.95	37.67
16.78	71.67	50.74	42.6	23.67	8.23	65.41	30.4
16.99	71.88	52.77	39.55	21.94	7.4	66.74	35.97
16.22	71.85	54.88	36.59	24.35	7.27	59.01	41.76
17.43	73.09	46.14	36.77	25.35	8.45	61.43	32.87
18.2	71.36	60.96	39.27	25.01	8.11	52.41	28.28
17.67	83.36	50.33	39.24	23.57	7.21	62.63	31.1
19.32	76.07	50.56	40.83	27.68	8.62	57.37	31.93
17.41	75.2	52.13	36.5	27.75	7.05	60.83	30.16
16.94	72.6	57.56	37.11	21.66	9	67.96	32.75
15.9	75.51	54.97	42.38	22.74	10.4	63.62	31.23
15.96	97.89	69	36.74	23.3	6.68	54.7	37.77
18.97	65.98	62.9	42.09	27.42	6.87	57.95	30.4
18.11	77.69	51.67	36.65	27.08	8.71	55.34	31.37
18.39	87.21	48.97	39.14	27.5	7.37	67.48	30.19
15.59	74.72	59.41	44.48	19.82	7.6	63.71	31.53
15.26	66.09	52.79	37.6	25.67	7.66	68.87	35.24
18.33	76.92	55.87	37.05	26.04	8.95	56.43	29.92
17.77	86.31	51.67	36.13	19.39	9.39	77.16	32.89
14.78	80.03	49.12	38.32	21.56	5.99	50.03	31.12
17.16	78.06	56.06	41.01	25.77	6.96	62.73	30.42
18.29	79.14	51.93	44.14	21.82	7.18	69.17	29.91
19.59	67.99	51.08	44.78	25.64	7.71	69.05	36.93
15.16	80.28	43.72	45.19	24.75	7.81	62.17	38.37
14.97	83.64	46.97	41.76	24.24	8	61.92	27.82
20.67	78.57	66.62	35.44	24.98	7.54	65.84	34.53
17.52	78.67	52.1	39.61	29.64	7.58	63.63	32.68
16.24	80.52	54.57	39	28.11	7.2	59.39	26.79
15.43	74.36	44.58	38.84	20.59	9.33	53.82	31.75
20.47	72.05	53.18	34.74	25.41	7.93	58.81	32.9
17.36	81.14	53.82	37.82	25.45	8.34	58.18	29.01
21.34	82.57	47.94	43.07	27.37	6.58	72.51	29.09
13.06	95.5	56.47	40.36	23.01	7.05	58.07	26.28
17.47	78.53	48.39	44.14	25.61	8.98	52.29	37.83
20.36	77.41	52.19	37.55	22.39	7.15	69.08	34.26
18.72	77.77	57.6	40.56	23.85	6.42	64.77	26.52
15.03	80.65	56.43	34	23.35	8.29	68.93	32.01
19.09	75.43	46.18	30.45	25.71	6.88	66.67	30.44
16.4	84.3	49.22	36.84	21.65	7.87	73.38	33.64
19.35	71.6	61.34	32.99	23.61	8.22	56.12	27.82
15.93	81.55	49.83	35.74	27.8	6.99	59.72	32.71
18.89	84.32	54.1	39.16	26	6.54	70.29	24.83
17.86	70.36	54.97	32.79	18.47	7.5	64.27	34.44
19.72	80.05	55.71	37.73	21.25	7.48	67.17	30.03
16.08	73.59	48.46	41.99	24.09	6.39	63.08	29.08
19.52	72.58	48.45	34.78	26.53	7.27	64.35	26.18
17.96	73.32	59.79	39.26	22.23	7.95	62.17	39.33
18.44	71.59	52.31	38.67	22.84	7.85	57.27	30.47
16.49	80.65	54.64	37.76	26.12	7.23	71.17	30.86
17.53	79	47.51	38.27	19.27	7.34	59.68	30.41
16.93	81.94	53.9	40.24	25.4	8.12	54.26	35.21
17.81	65.98	50.51	40.51	22.65	8.47	66.16	26.22
17.2	80.93	54.64	43.68	27.43	7.44	60.31	35.95
16.54	94.15	54.74	37.8	23.08	6.82	61.7	31.41
21.26	84.35	51.91	34.93	22.74	7.38	69.68	30.94
14.35	79.93	54.03	44.66	23.32	6.69	68.62	27.42
20.18	74.32	50.6	37.55	27.67	7.71	57.73	32.72
20.53	72.17	46.23	43.22	28.39	8.54	59.41	28.06
19.25	66.66	48.12	37.92	26.27	7.12	60.26	38.85
14.77	78.67	60.21	36.1	23.91	7.11	63.24	34.6
17.12	65.76	46.35	44.79	24.97	6.95	63.91	32.41
16.86	80.99	60.46	34.27	22.07	7.81	63.05	32.61
17.1	88.06	38.37	40.92	25.14	6.55	50	35.14
16.62	77.7	54.64	44.14	23.81	8.2	55.13	30.04
17.76	69.31	48.72	43.83	29.16	7.11	54.85	35.22
14.95	74.68	47.31	35.86	27.01	8.4	67.69	31.73
18.43	95.48	52.45	36.35	23.47	7.2	72.08	35.51
21.48	92.97	43.21	44.4	27.55	6.3	59.28	31.11
16.45	73.4	47.55	43	27.47	8.43	62.19	34.17
17.32	78.78	50.75	40.94	28.82	6.49	62.87	34.78
17.11	69.52	49.49	37.11	26.22	7.15	66.46	28.48
18.25	82.9	48.19	34.42	23.07	7.29	51.51	31.36
20.44	80.32	52.29	32.25	27.3	8.1	63.34	27.19
15.34	71.81	54.98	43.28	26.44	8.55	60.71	30.38
16.79	74.76	59.24	43.74	20.93	7.62	56.12	30.37
15.09	88.52	54.54	40.93	25	8.36	66.73	31.7
17.06	65.44	56.16	32.93	28.38	9.03	59.17	30.27
17.12	94.94	58.74	36.46	20.99	7	70.11	32.06
15.37	68.81	45.24	39.24	31.08	7.74	61.42	31.42
19.71	84.31	57.98	42.65	28.45	8.13	63.36	29.94
16.44	68.1	51.03	37.17	25.31	8.18	62.34	31.09
14.68	75.69	51.86	38.03	22.85	7.12	66.05	29.24
18.22	76.97	43.42	38.66	24.75	8.4	56.88	34.85
16.45	85.45	61.49	30.4	24.22	9.13	54.99	32.49
16.07	79.6	47.78	37.19	19.92	7.49	69	28.98
21.3	92.01	61.05	34.23	24.22	6.82	64.42	30.2
16.14	75.22	49	40.47	25.88	9.19	69.85	38.22
17.09	77.8	44.64	39.08	23.72	7.69	56.76	32.29
17.51	76.6	60.02	42.5	25.11	7.69	43.95	31.81
15.93	76.76	58.4	39.18	22.05	8.07	56.55	26.49
16.02	79.21	45.04	47.36	27.42	8.61	72.68	31.55
16.48	82.9	46.42	45.16	24.19	8.17	54.62	29.89
16.51	80.12	57.7	32.93	23.29	7.09	50.06	33.44
14.61	75.48	57.54	40.41	24.39	7.5	65.75	29.26
16.55	91.02	48.94	36.45	26.07	7.16	60.63	32.76
13.29	76.43	52.46	35.82	26.11	7.05	59.54	32.22
16.16	81.82	57.53	40.63	25.13	8.46	63.11	29.15
18.78	86.78	58.19	36.43	29.1	7.81	52.45	27.78
19.53	70.97	43.49	36.51	25.48	8.17	52.03	38.63
15.87	81.28	56.31	38.78	23.35	7.22	68.86	35.42
15.72	90.91	48.03	38.74	26.2	7.56	61.08	30.29
15.33	70.23	55.01	35.56	21.55	6.83	60.93	32.02
16.34	87.05	53.2	44.99	22.7	8.27	48.65	32.41
18.18	82.12	54.34	34.15	25.45	8.05	60.04	36.18
15.22	91.82	53.61	42.22	23	8.51	68.16	40.46
17.68	76.75	52.3	40.73	24.82	8.65	63.37	31.74
18.23	68.8	50.4	38.32	30.76	7.38	62.7	30.51
17.56	89.44	50.11	35.87	23.88	8.21	59.08	27.15
18.84	83.94	54.85	45.81	21.11	9.16	57.36	30.33
16.6	77.43	41.57	38.13	24.14	7.17	73.15	27.69
17.61	62.54	63.86	38.54	23.62	9.22	72.58	31.93
17.62	87.33	57.06	34.32	27.17	8.66	69.13	28.79
17.43	76.06	51.07	44.26	22.11	7.39	66.63	33.9
13.17	85.87	43.13	36.31	22.25	8.39	57.73	27.71
17.34	85	52.78	33.96	24.9	7.62	65.39	40.21
14.38	88.6	46.96	42.69	27.9	8.27	60.34	33.67
19.18	77.94	51.18	37.46	28.32	8.08	58.49	28.24
15.94	76.15	62.82	42.19	23.93	7.98	55.68	32.14
16.27	66.35	64.75	42.11	26.15	8.64	57.07	32.27
16.21	82.54	47.4	37.33	26.7	7.58	66.24	37.99
15.87	77.24	50.95	36.19	26.03	7.39	69.07	32.68
16.2	66.18	45.81	38.47	26.91	7.3	66.82	36.59
16.64	73.95	52.47	39.8	26.11	7.36	64.72	33.05
17.83	93.31	52.18	36.14	23.8	7.31	64.46	28.99
18.24	81.34	49.49	39.14	22.84	8.67	50.96	32.2
16.41	75.18	45.2	46.14	26.33	8.29	59.46	28.66
19.56	73	54.35	38.59	25.24	8.17	66.11	32.38
16.82	76.19	57.47	33.25	22.98	7.89	61.58	30.37
16.23	69.06	50.66	37.05	26.77	6.83	72.93	30.75
16.94	71.53	51.23	36.65	25.14	7.77	59.32	35.58
18.73	70.21	62.71	40.35	24.42	8.31	57.88	33.22
18.82	79.71	41.99	36.16	24.53	7.56	65.09	31.91
16.09	66.23	52.3	39.97	26.24	7.07	58.26	27.62
18.1	72.34	53.17	42.31	25.77	7.32	69.38	30.69
15.6	69.74	49.12	40.1	24.84	8.26	58.73	34.72
16.71	79.55	42.65	42.99	20.37	6.86	67.6	32.06
17.01	69.18	46.91	37.76	29.09	8.28	64.73	35.55
17.36	73.99	51.52	39.72	27.63	7.41	55.15	29.29
17.4	89.32	53.41	38.84	26.34	9.17	79.81	33.62
16.21	72.94	50.94	41.16	22.74	7.67	61.3	37.86
18.65	81.75	51.33	38.56	25.73	7.3	84.33	31.69
20.53	76.67	51.82	42.87	23.03	8.04	69.02	34.49
15.83	80.23	51.5	35.79	27.69	7.53	58.2	31.11
17.65	83.29	50.9	39	23.36	7.32	61.53	32.03
16.71	70.78	56.9	45.04	24.59	7.59	65.61	29.03
19.64	75.24	48.89	33.82	24.88	8.07	61.92	32.53
18.07	73.19	46.75	40.49	23.79	7.74	62.87	33.18
19.71	92.47	47.36	44.98	26.06	8.02	74.6	31.87
18.14	89.6	59.82	34	23.17	7.44	64.99	30.07
16.22	75.16	50.94	43.12	27.56	6.96	64.14	30.3
15.73	69.38	44.21	35.71	23.25	7.6	69.7	29.65
16.16	72.03	64.61	36.29	23.08	9.04	66.06	29.92
17.3	80.03	42.59	40.68	29.79	7.91	58.22	30.92
14.43	64.34	55.68	39.91	27.05	8.93	60.4	37.87
20.27	91.96	49.22	36.54	24.11	8.13	57.03	35.73
17.95	88.41	52.81	33.13	25.08	7.1	79.87	30.64
19.57	70.05	45.84	37.04	24.41	7.8	61.67	25
17.88	79.18	54.42	42.32	27.8	8.21	56.13	33.44
16.36	83.04	61.69	41.17	25.63	8.92	63.02	33.66
19.53	88.96	56.34	39.44	27.88	7.1	72.93	32.88
16.56	70.56	52.4	43.69	21.61	6.75	71.9	28.32
13.75	73.74	53.82	41.67	26.66	7.37	53.17	33.33
15.44	74.28	51.17	43.78	22.24	7.67	64.68	28.91
19.67	90.17	46.04	42.03	22.55	7.85	59.18	30.5
20.05	71.02	48.78	32.76	24.11	7.16	57.86	31.05
18.18	85.35	55.52	35.37	22.24	7	65.78	34.81
16.19	85.88	54.61	39.37	22.57	8.36	66.44	36.09
15.84	69.62	48.79	40.24	23.41	7.26	68.38	38.81
17.88	88.63	59.59	37.23	23.87	8.54	70.4	29.17
17.56	75.91	52.57	43.38	25.88	8.43	61.66	29.41
16.39	73.22	66.97	54.07	22.45	7.33	67.4	31.8
16.28	94.55	45.97	41.86	27	6.81	59.76	32.12
19.62	69.6	60.62	40.36	24.57	7.51	64.66	30.04
13.7	66.93	56.49	38	24.66	7.8	62.36	27.28
15.7	69.59	47.95	38.14	22.42	7.34	65.67	30.78
13.02	75.29	45.65	29.73	22.13	6.66	63.94	27.38
16.83	69.87	48.89	50.38	22.91	8.07	62.19	39.45
19.76	78.17	52.03	43.86	27.89	8.48	58.77	28.38
16.94	65.05	49.62	39.37	26.39	6.9	66.75	31.5
18.61	72.85	56.61	41	24.29	7	54.06	31.43
16.05	66.09	48.72	37.6	23.92	7.59	70.93	31.66
15.59	75.57	57.47	37.19	23.17	8.13	64.86	26.74
16.91	77.01	53.8	34.8	26.45	6.59	59.68	28.29
15	88.76	51.34	36.41	27.57	7.13	64.54	30.76
20.34	74.55	53.45	41.92	26.58	6.48	60.91	32.48
15.4	86.17	48.61	37.2	24.8	7.8	57.48	29.67
17.73	66.29	46.67	39.28	24.28	7.91	58.96	35.61
17.09	75.58	40.75	38.71	22.06	7.18	61.65	34.49
17.66	64.89	47.69	40.48	22.01	6.31	62.94	31.37
14.93	86.17	58.92	42.39	27.43	6.95	56.9	33.25
17.29	80.1	49.37	47.14	22.07	7.87	66.89	32.86
19.53	68.55	58.53	38.7	23.49	8.52	65.86	32.95
20.81	91.31	61.01	41.16	25.57	8.2	58.91	28.88
16.01	84.3	58.47	46.89	22.56	7.92	59.46	20.25
14.22	73.77	47.37	34.11	22.14	8.82	59.92	35.49
18.52	79.75	52.61	36.67	24.55	8.42	67.72	31.73
18.05	83.22	51.32	36.15	24.21	6.76	64.74	35.78
17.48	80.97	51.07	44.82	27.16	6.53	61.64	33.27
17.01	86.92	50.58	37.42	24.82	8.42	58.77	30.42
15.32	72.04	50.77	37.9	25.54	8.22	65.5	28.48
19.11	82.25	51.16	31.19	22.59	6.24	67.53	30.12
16.48	86.9	51.54	32.39	27	6.68	52.18	30.31
18.45	78.96	55.07	39.07	24.47	7.61	72.39	28.47
14.61	81.24	55.45	42.02	21.38	7.11	62.61	38.29
15.55	86.28	38.65	35.9	23.28	8.32	73.26	33.81
17.45	67.69	61.1	43.97	20.49	7.34	60.12	27.6
17.65	80.7	50.8	39.69	25.29	7.42	60.06	33.98
16.98	73.5	46.14	38.5	27.26	7.86	54.34	28.88
19.14	85.58	67.94	40.06	25.55	6.71	56.9	37.05
15.8	85.45	59.26	35.83	23.11	7.38	61.75	34.51
15.31	77.11	51.91	33.09	26.11	7	71.05	32.28
18.19	82.59	49.43	37.52	21.57	7.7	54.39	37.51
17.12	91.16	53.69	34.66	23.12	8.12	62.94	34.35
16.72	77.09	44.61	47.2	23.99	7.04	64.03	29.41
17.4	84.63	54.21	39.56	24.68	7.87	59.98	31.94
17.67	63.46	50.09	35.76	24.23	7.58	54.62	35.05
19.69	71.56	46.76	34.74	28.68	6.53	66.69	32.52
15.73	78.53	45.45	33.65	27.53	7.29	62.32	27.82
17.5	86.07	46.61	39.77	26.19	6.83	63.01	30.55
14.47	93.72	51.78	39.17	23.64	9.23	67.47	29.73
18.59	79.19	50.8	45.08	21.97	7.14	67.42	29.97
16.89	77.59	48.46	31.93	23.21	8.38	79.69	36.36
17.42	79.91	52.26	41.6	25.23	8.05	74.16	32.76
19.59	83.56	46.99	37.74	21.82	7.1	76.27	28.32
16.63	82.29	45.44	37.38	23.4	8.97	63.73	33.08
16.91	96.27	49.74	34.7	23.91	6.57	62.02	34.32
19.5	71.5	47.08	43.29	23.5	7.86	68.62	27.37
17.08	74.4	50.83	43.93	25.19	7.44	61.26	25.81
17.68	75.14	41.58	34.67	23.65	8.88	66.12	30.59
16.41	74.33	45.47	41.45	21.29	6.99	57.57	31.77
17.72	82.65	59.15	31.57	25.23	7.59	72.2	27.79
16.82	89.63	51.44	40.82	21.94	7.03	64.24	39.02
17.31	82.45	48.87	45.56	26.24	7.73	63.26	29.62
15.52	74.58	50.6	44.59	24.56	7.19	62.92	27.68
18.42	71.63	51.92	34.33	26.53	7.47	54.01	30.3
16.8	71.46	51.49	41.49	29.36	6	59.34	28.09
19.58	80.46	61.34	36.2	24.1	7.26	72.04	33.15
16.25	76.03	51.9	41.23	25.12	8.21	67.96	35.44
20.56	93.58	47.18	35.04	23.54	7.71	61.97	30.64
16.48	98.8	51.11	37.7	20.76	8.23	70.86	34.53
17.92	80.93	49.21	44.2	23.96	6.78	56.97	31.32
16.16	79.75	60.06	42.39	22.51	7.04	56.82	32.84
22.16	75.64	51.3	35.74	28.46	5.79	61.22	33.06
17.55	84.56	60.86	36.38	20.68	8.65	62.67	31.88
16.55	81.14	46.47	46.98	25.2	8.16	54.01	31.39
17.31	78.19	53.09	35.57	25.57	8.08	54.31	33.83
17.39	80.31	43.16	39.96	25.01	7.44	66.7	30.46
16.72	70.52	42.4	45.94	23.67	7.65	70.23	29.99
15.45	82.61	65.05	36.65	23.87	7.72	58.19	33.09
16.3	68.55	52.81	37.94	22.02	8.69	52.12	32.87
16.6	89.22	60.93	39.04	19.88	8.81	66.38	38.16
19.74	87.21	57.31	33.32	25.1	7.56	55.16	33.2
14.47	80.54	46.21	50.43	24.37	8.16	64.44	30.97
18.15	75.94	61.56	37.7	25.38	8.58	71.21	30.83
15.6	83.13	44.36	35.98	24.26	6.63	65.54	29.11
16.53	80.29	57.31	34.52	24.32	7.98	62.1	37.3
15.03	88.08	55.46	41.74	27.22	8.05	63.48	35.17
18.88	85.06	56.02	50.58	23.31	6.84	60.61	36.69
17.36	82.87	53.52	43.02	30.13	8.7	69.91	24.09
13.94	74.9	54.85	37.24	24.21	7.79	68.41	30.22
12.69	90.5	48.88	35.03	30.07	8.65	59.09	32.62
15.77	78.77	55.24	35.4	23.48	6.76	64.07	27.31
19.69	81.49	54.87	38	24.72	6.25	69.15	27.66
17.14	69.78	48.33	44.74	27.19	7.63	68.11	34.85
14.03	95.31	45.07	39.18	20.35	8.09	60.56	33.88
18.42	76.18	52.33	37.17	26.88	6.59	74.19	35.94
16.91	80.12	48.52	37.58	23.85	7.91	60.48	32.24
17.53	74.29	46.99	39.39	25.18	8	60.67	39.48
14.09	82.68	49.79	40.15	25.34	7.46	49.88	33.38
16.56	69.93	48.33	35.64	25.37	7.09	66.67	28.2
15.29	73.67	65.07	36.54	26.23	7.06	68.16	36.57
17.58	71.58	48.37	40.62	26.22	8.37	58.48	30.67
18.51	76.44	59.99	37.71	19.9	8.26	59.13	27.14
19.95	79.77	50.98	40.95	23.63	8.14	63.66	27.91
17.75	93.13	54.34	43.74	25.51	7.37	63.6	26.95
15.34	81.74	45.66	40.71	24.29	7.99	64.54	36.5
17.24	79.23	57.5	38.26	25.67	6.96	58.28	25.62
18.21	82.25	44.07	35.59	21.62	7.48	62.39	32.37
18.31	63.2	56.01	37.18	25.5	7.82	59.67	29.89
15.3	68.15	49.6	36.46	27.54	6.94	52.6	30.75
16.41	79.53	55.47	35.05	21.45	6.67	57.96	35.14
16.78	86.44	51.42	46.13	25.93	8.57	57.53	25.57
17.03	82.33	53.76	40.35	23.26	6.35	59.05	33.65
19.03	78.22	46.67	35.13	24.63	7.88	70.64	31.85
17.95	73.07	44.67	40.35	21.9	7.53	53.82	27.4
17.14	90.4	52.84	47.58	22.81	7.53	64.78	30.24
17.42	78.04	45.32	38.49	23.26	7.07	59.72	31.54
16	69.49	44.72	38.66	28.22	7.82	62.02	28.57
14.45	68.31	51.84	43.48	25.17	5.89	63.47	25.95
12.96	82.65	53.01	43.07	22.5	8.18	67.45	29.08
17.73	90.15	52.03	38.83	21.41	7.07	68.19	27.78
17.87	66.05	49.43	42.89	22.21	8.25	58.89	32.6
15.52	73.19	52.21	38.19	23.02	5.72	55.98	29.82
16.61	78.45	56.65	31.12	23.97	7.58	68.67	31.45
17.14	78.54	58.04	41.59	27.07	6.85	56.5	26.19
19.06	72.7	48.31	42.58	29.16	6.44	58.39	32.64
20.82	70.39	46.09	45.76	22.26	7.34	56	33.72
18.24	80.75	43.85	39.21	29.57	9.11	69.23	29.15
16.98	81.72	52.55	41.69	25.02	7.64	61.92	32.1
16.93	71.21	51.77	43.62	27.3	7.63	59.14	30.6
17.02	85.45	62.69	42.85	23.91	6.88	58.92	24.25
18.2	76.22	57.44	45.47	24.61	8.71	67.22	28.72
18.25	80.42	49.4	43.08	20.87	7.99	63.88	28.84
18.33	92.04	46.85	42.85	25.23	7.14	64.19	30.84
17.79	88.06	45.95	38.14	27.18	7.6	55.27	27.57
14.89	83.84	51	36.34	24.86	7.17	57.16	30.12
17.03	97.35	49.62	46.2	22.39	7.29	53.34	26.78
14.17	73.4	59.88	44.25	27.87	7.55	58.47	31.19
15.99	78.7	52.23	36.2	21.93	7.84	59.38	28.78
15.82	78.28	56.93	36.32	28.8	6.95	61.6	36.25
16.31	86.71	46.19	34.48	22.35	8.2	58.97	28.41
18.48	75.48	49.74	35.89	21.41	8.01	70.47	32.04
19.74	65.64	50.06	40.09	24.85	7.87	62.27	28.27
20.92	78.58	56.38	41.12	25.15	7.89	55.55	28.14
17.72	78.28	51.05	39.08	22.66	8.19	58.9	29.85
18.85	88.81	50.98	43.8	25.42	7.19	51.65	28.02
16.11	77.17	58.55	39.84	23.9	7.83	67.75	35.91
16.63	82.99	52.79	44.82	22.25	7.09	59.08	36.73
16.57	81.35	50.67	39.33	22.39	8	61.49	31.81
14.93	86.01	57.79	33.63	20.82	8.69	59.81	37.22
15.29	74.7	51.11	35.7	21.76	6.98	61.57	35.55
19.39	79.87	42.07	40.23	21.43	7.79	63.9	29.27
16.09	89.27	53.58	41.95	24.68	6.81	57.37	32.52
18	76.15	53.45	33.56	29.44	6.28	71.84	32.73
17.58	81.1	54.76	36.74	25.05	8.96	61.54	32
18.43	79.46	55.94	34.88	27.59	8.75	50.41	30.5
15.82	69.62	51.21	34.15	25.32	7.01	63.53	31.98
19.49	71.65	47.83	36.01	22.19	6.89	57.54	29.64
13.99	74.47	53.22	38.46	19.77	6.81	65.6	33.23
13.62	61.78	50.59	43.45	23.69	7.04	61.1	32.16
17.07	86.51	49.75	38.93	25.85	7.55	46.96	29.49
18.02	72.8	53.65	30.51	24.43	7.23	62.6	30.09
15.54	75.77	44.06	42.33	20.27	7.81	56.86	26.38
19.42	80.69	50.37	41.67	22.52	7.95	64.56	33.07
16.55	73.86	56.72	34.58	24.77	6.47	78.49	35.03
17.78	89.02	54.34	36.44	23.08	7.23	61.56	31.67
18.71	79.83	50.56	43.13	22.99	8	59.09	29.31
18.39	88.65	44.56	39.96	29.63	7.53	53.16	34.1
18.15	80.04	60.81	36.72	23.83	9.25	70.55	33.34
16.12	69.86	58.4	41.94	22.37	7.59	65.83	29.36
15.71	85.66	45.98	31.34	24.93	7.87	58.15	34.84
17.72	86.17	48.94	40.36	22.83	8.38	63.58	32.78
14.47	67.95	51.5	39.22	25.92	8.64	62.84	29.15
16.97	80.16	48.29	32.09	23.76	8.28	61.07	27.48
18.29	81.15	57.34	34.35	24.31	7.63	71.51	30.18
13.83	72.38	53	41.51	22.66	7.35	68.88	36.56
14.25	85.08	48	44.13	22.91	7.56	57.14	25.09
16.45	80.32	51.06	35.7	25.14	7.8	62.22	32.34
19.44	80.27	42.44	35.33	24.25	7.57	51.72	31.82
17.87	71.25	62.95	35.03	24.5	6.89	54.34	28.63
17.62	60.62	67.11	42.9	29.52	7.86	69.86	28.1
18.51	60.58	62.15	44.38	26.87	7.21	58.21	33.28
19.17	79.08	49.55	36.84	20.35	7.28	53.8	30.57
17.51	76.61	50.82	42.11	27.1	7.47	72.69	32.12
18.07	93.66	47.47	36.22	27.42	8.91	68.89	35.34
17.09	76.95	46.4	27.94	22.95	8.11	61.44	27.65
20.73	89.91	52.09	37.36	21.71	7.57	53	30.46
17.78	81.78	45.85	36.68	23.66	7.4	67.19	35.93
18.69	67.66	49.84	39.34	22.62	6.86	56.24	27.48
15.05	81.41	49.13	36.05	23.14	7.2	59.9	33.47
14.26	74.77	51.39	40.65	23.04	7.61	74.3	33.96
18.64	72.16	46.12	38.47	20.9	9.61	55.38	32.25
16.22	75.64	55.95	42.61	20.73	6.98	66.11	31.65
16.13	80.99	51.71	42.68	24.28	7.54	62.77	27.98
15.03	75.89	44.34	35.12	22.32	7.67	60.6	29.18
17.87	87.55	60.84	45.45	27.4	8.59	59.54	29.64
18.94	84.39	45.05	37.02	22.97	8.14	57.94	33.86
19.03	80.29	58.22	39.38	21.75	6.82	52.27	32.82
17.14	69.35	52.84	35.08	26.06	8.51	64.01	31.97
15.94	76.49	59.35	35.23	23.79	7.9	56.94	33.89
17.1	87.71	52.18	38.49	21.96	7.41	56.81	34.23
14.74	69.87	55.54	38.52	27.39	7.18	56.55	36.59
17.75	75.31	44.84	37.96	25.08	8.03	57.51	34.36
15.92	64.41	54.72	30.24	23.87	7.15	57.2	28.97
16.94	88.36	52.07	39.64	26.44	7.28	67.11	27.47
16.87	76.47	44.99	38.92	28.04	7.81	69.34	29.42
16.9	81.28	52.01	40.74	23.18	8.08	60.54	41.48
12.88	76.43	56.39	41.12	27.6	8.14	61.42	31.78
19.1	77.99	51.76	38.99	20.27	5.98	67.23	32.2
16.28	80.14	49.08	38.39	21.76	7.01	67.57	34.66
18.57	95.1	49.62	35.83	26.46	6.51	54.81	30.97
19.17	70.75	40.91	43.59	24.97	5.92	63.67	34.15
20.19	86.42	57.95	35.52	25.3	7.46	60.61	29.43
15.04	90.07	51.34	35.82	20.54	6.56	61.12	35.83
15.6	78.41	51.8	38.08	23.41	6.32	61.16	29.41
17.89	78.54	56.45	35.84	22.2	7.29	53.05	33.73
16.34	65.88	52.52	41.7	21.53	7.91	58.67	29.66
16.02	80.92	52.49	42.43	24.09	8.91	52.53	33.17
14.06	88.04	61.7	40.79	26.24	7.6	68.52	31.59
15.86	58.1	42.54	36.65	26.32	8.27	58.6	36.11
16.49	86.89	58.18	32.56	25.1	9.06	64.95	25.44
14.21	83.62	50.04	36.28	23.9	8.38	60.64	33.88
21.57	84.24	54.45	37.55	25.16	7.77	61.16	36.12
14.31	77.31	49.38	33.76	22.12	8.57	57.76	32.35
18.21	75.81	45.08	38.99	22.05	8.26	58.2	27.41
16.69	65.97	51.46	46.78	22.47	7.42	66.52	32.58
15.06	83.01	52.55	39.69	25.37	6.74	59.95	35.79
17.3	84.65	63.51	35.83	23.77	6.41	57.17	31.46
14.44	78.69	53.69	42.47	22.18	7.23	59.17	32.87
18.63	79.7	49.25	40.42	23.52	7.24	59.41	29.79
16.88	72.17	55.93	45.5	25.04	7.67	65.38	33.33
21.34	80.13	50.73	42.37	24.72	7.87	60.21	28.02
18.32	89.88	47.08	40.78	22	8.25	71.01	32.71
19.47	79.83	54.92	38.18	23.32	7.66	54.56	37.09
15.48	88.14	49.54	39.43	19.27	7.06	54.53	30.18
15.23	81.73	59	40.75	24.46	8.52	61.5	30.99
18.25	78.7	55.59	38.6	27.21	7.2	72.39	27.13
18.6	82.1	53.97	38.9	23.33	7.79	74.42	30.19
17.76	83.2	55.02	40.59	24.63	7.31	62.73	31.33
15.07	84.73	52.58	39.53	29.98	7.56	58.5	30.36
16.9	84.4	49.93	37.94	25.7	7.14	65.25	34.4
20.33	98.13	61.46	38.1	27.98	8	66.58	38.65
15.25	81.27	46.62	38.2	21.29	7.57	54.15	32.28
15.03	88.71	53.97	30.44	34.63	6.76	71.15	32.72
19.07	78.56	49.16	45.42	23.16	8.89	58.07	27.45
16.12	82.81	50.07	39.21	25.22	7.37	58.55	33.62
13.35	66.02	57.92	39.81	20.57	7.24	62.95	30.92
16.68	90.77	54.07	45.69	22.51	8.05	64.76	32.23
17.71	77.47	48.17	37.72	25.84	8.14	60.16	32.66
15.69	78.59	48.9	42.56	21.2	7.25	66.07	30.69
13.91	85.95	50.46	33.01	27.07	7.57	68.53	33.28
17.38	80.86	59.72	41.21	23.78	6.89	64.65	29.1
16.6	70.75	50.62	33.86	24.17	8.65	68.36	34.22
16.02	73.55	49.23	42.91	23.18	7.65	52.14	27.83
19.65	80.31	60.32	45.83	20.78	6.65	52.15	26.65
18.28	59.65	50.72	39.64	25	8.68	70.81	31.49
16.42	70.79	46.53	38.4	26.22	8.22	51.53	23.96
15.28	81.81	57.79	43.47	30.8	5.97	65.49	29.36
15.06	74.35	51.09	40.05	24.81	8.71	61.78	23.87
17.48	88.46	53.58	44.22	22.41	8.06	65.26	27.3
17.93	81.84	53.11	41.86	26.82	5.79	69.8	30.83
17.13	90.06	60.55	38.33	27.62	8.22	72.08	33.35
16.97	79.3	51.31	41.56	28.16	7.28	50.97	29.54
17.53	93.32	50.75	36.33	21.54	6.85	66.66	29.48
15.98	83.58	47.89	38.24	22.22	8.28	61.58	35.79
16.18	74.29	44.25	36.51	20.64	8.22	72.2	28.43
16.89	89.7	52.07	34.89	25.99	8.8	62.61	26.84
15.89	78.02	53.7	47.01	21.98	7.09	67.23	33.26
16.38	66.91	58.04	34.61	25.51	8.86	66.19	33.16
18.54	85.6	54.57	40.33	26.69	7.38	62.63	33.44
19.77	76.14	55.79	37.76	24.61	7.61	72.8	31.34
16.72	70.29	56.41	40.31	22.89	7.53	60.73	31.67
17.57	77.59	58.4	38.05	26.09	8.72	69.49	32.78
16.66	77.06	56.59	39.66	19.22	8.22	56.77	32.6
17.45	74.89	49.4	38.82	21.32	7.14	70.84	26.91
15.87	86.08	50.6	39.11	23.94	7.18	62.25	32.35
15.53	85.54	57.93	30.93	23.85	7.52	52.47	34.18
16.38	84.74	52.04	34.91	24.6	7.44	62.87	31.33
15.88	87.34	47.7	42.57	26.56	7.5	65.89	34.4
15.97	83.08	48.78	44.19	26.69	7.19	64.73	34.56
17.71	71.8	49.65	39.08	27.95	8.11	62.08	33.8
18.83	78.77	43.1	36.85	22.96	8.4	62.58	31.74
20.72	81.42	58.94	40.12	23.36	7.32	65.85	29.61
14.47	73.95	51.69	43.84	23.72	7.13	56.59	34.58
17.76	66.28	54.75	35.76	31.49	6.12	61.41	30.11
14.51	71.61	52.04	43.18	23.2	7.71	56.94	25.8
17.26	73.38	46.93	45.03	24.64	8.24	53.36	29.67
19.18	95.49	49.46	40.71	23.75	5.98	70.56	33.37
18.96	79.89	57.44	33.66	22.91	7.34	59.18	37.66
14.8	73.23	42.12	40.43	26.25	9.39	58.74	33.89
16.27	83.72	52.41	40.56	22.79	7.8	60.64	31.43
17.63	88.33	66.17	31.05	23.59	7.05	64.64	33.76
15.04	76.28	51.7	38.26	25.72	9.9	71.27	35.11
18.84	64.92	54.46	41.77	27.19	6.79	60.01	32.14
18.89	72.47	45.08	44.21	21.19	8.6	72.01	33.21
16.5	82.45	58.03	31.14	25.85	8.09	62.35	27.82
18.06	77.97	50.42	42.88	21.75	6.71	61.18	23.98
18.49	92.04	62.37	39.37	25.14	8.66	66.62	41.03
18.29	77.6	54.48	39.13	26.74	7.43	61.95	35.13
18.27	83.76	48.89	31.99	24.23	8.17	62.64	31.26
17.08	67.14	54.99	40.76	24.39	7.71	59.88	38.8
16.71	85.8	54.22	40.24	26.29	8.19	57.61	37.76
15.37	75.19	49.44	40.21	24.08	8.37	57.78	34.17
18.07	87.85	55.69	36.43	22.76	7.92	55.5	30.66
19.29	68.25	61.4	41.05	27.51	8.28	70.97	37.01
16.57	88.83	53.85	40.45	26.01	7.05	64.57	30.83
16.81	93.49	52.36	37.67	22.98	5.93	64.48	27.85
15.44	77.97	45.93	48.67	27.46	8.06	70.68	34.04
16.11	70.93	45.6	35.64	22.02	7.14	56.08	33.36
15.04	80.1	53.8	34.74	26	6.66	64.33	29.89
19.29	64.49	46.55	41.28	24.66	8.87	77.94	33.51
14	76.62	49.82	38.21	25.28	9.37	63.81	34.59
18.75	71.44	59.7	38.73	25.23	5.15	52.05	27.11
16.63	82.28	49.14	33.73	22.89	7.3	55.09	27.25
18.88	78.01	51.73	37.23	26.5	7.79	60.93	27.83
17.46	75.79	41.63	42.52	25.42	6.75	49.94	25.87
14.93	71.84	57.53	47.91	21.69	8.52	60.49	36.29
15.97	69.4	66.37	34.18	25.62	8.29	59.84	29.21
14.13	86.34	56.93	41.37	29.71	6.95	71.57	28.93
16.89	84.86	46.87	36.35	22.93	7.66	55.16	31.69
19.43	73.56	40.8	37.23	23.8	6.77	64.46	34.03
15.74	83.5	56.1	38.12	24.62	8.45	51.84	31.7
13.83	87.1	45.55	37.58	23.8	7.05	70.28	30.75
15.51	79.81	54.27	40.77	22.59	7.04	55.48	32.45
16.31	87.96	51.28	35.74	30.07	7.05	76.31	29.68
17.76	79.21	50.05	36.8	20.79	6.44	64.43	30.5
15	68.43	62.79	42.3	28.44	7.12	63.45	34.43
19.39	69.14	48.88	33.91	24.04	8.06	55.84	30.39
17.26	70.17	54.38	42.04	25.16	8.64	57.92	27.92
17.92	77.33	52.16	36.47	26.47	6.04	71.15	35.16
17.42	69.62	49.48	37.04	22.16	7.6	54.09	34.91
15.26	80.7	50.41	40.84	26.55	8.01	62.19	33.04
17.8	80.39	46.07	33.92	25.6	6.65	65.68	32.9
18.57	67.47	62.7	37.88	22.49	6.93	67.57	29.98
17.64	70.89	46.57	41.85	25.07	7.65	74.31	25.78
18.81	64.02	43.77	40.12	27.09	6.51	67.31	34.71
16.9	79.42	53.2	37.45	24.58	6.96	64.7	31.42
19.06	88.45	56.78	37.69	25.16	7.58	87.09	28.62
21.46	83.05	49.25	39.04	26.08	7.08	51.6	27.17
15.8	79.76	54.1	32.24	28.94	7.53	65.85	36.66
16.42	89.03	49.58	42.42	23.15	7.27	68.19	30.09
15.27	75.84	48.79	35.94	24.2	7.22	61.85	33.76
15.42	73.72	49.04	39.34	30.32	9.54	66.96	35.32
17.16	71.45	56.27	38.63	21.28	7.99	55.98	30.26
16.44	82.93	47.24	37.22	25.14	7.47	59.48	30.96
20.67	85.37	54.61	35.6	31.21	7.74	63.3	33.64
18.22	69.62	56.46	38.13	23.92	7.78	57.17	32.19
16.84	77.31	52.55	42.87	21.08	8	59.92	26.34
16.06	94.78	52.94	40.37	23.38	7.25	57.28	32.96
16.8	87.67	52.35	43.78	19.41	8.45	61.86	34.69
16.39	77.86	50.75	38.29	24.76	8.02	55.2	27.21
17.26	81.98	56	40.53	23.93	6.9	65.13	28.96
16.14	66.39	48.37	38.37	21.17	7.24	59.54	30.77
16.94	74.74	47.28	39.68	22.1	7	72.5	35.12
15.39	75.17	62.36	40.25	25.13	7.7	61.64	30.32
15.75	81.61	55.7	38.2	20.39	6.81	69.14	28.04
18.4	69.31	56.81	38.9	26.02	6.23	51.01	30
17.32	83.6	62.44	41.01	23.33	9.82	74.8	34.43
16.67	73.4	54.58	36.31	22.97	6.39	54.36	32.92
18.2	70.39	46.67	43.53	21.84	8.08	59.4	32.71
16.54	70.17	51.11	39.45	27.98	7.53	74.9	34.43
15.1	72.27	47.35	40	25.71	8.49	58.87	32.63
18.6	83.02	55.75	33.71	28.28	7.41	66.74	30.89
21.29	72.16	56.31	33.87	21.44	7.62	62.49	30.82
13.73	77.55	47.49	36.47	24.15	7.09	69.62	31.92
16.74	74.93	50.89	38.81	23.72	7.68	61.77	32.66
14.58	67.46	57.27	35.82	23.45	7.77	60.17	32.09
16.39	78.04	55.64	37.21	26.11	7.65	70.04	36.34
19.72	65.75	50.29	39.6	27.22	8.67	64.39	32.32
13.93	74.61	55.83	39.95	26.87	8.7	73.48	30.24
17.42	80	52.74	36	23.85	7.88	59.8	28.09
17.57	75.55	56.83	44.16	24.99	9.05	57.39	33.29
18.22	80.44	59.26	33.8	22.67	6.98	62.7	29.4
14.9	78.96	43.26	38.53	24.66	7.91	51.98	38.58
15.49	74.14	51.12	35.14	26.32	9.05	73.44	37.44
15.89	74.96	48.35	43.33	23.8	8.28	71.56	31.77
16.24	75.46	61.86	36.09	29.74	8.09	63.72	29
15.94	90.65	50.61	44.93	26.04	8.07	64.79	36.08
16.06	62.5	54.37	32.13	25.8	7.04	63.8	36.22
19.67	78.41	43	35.62	23.57	7.9	70.01	32.44
18.69	80.31	43.99	44.32	19.76	7.68	71.37	31.24
14.41	73.87	51.84	42.93	20.34	9.04	69.93	28.27
16.63	83.55	55.46	39.56	25.73	7.66	62.74	27.47
15.01	72.65	53.01	30.12	25.38	7.68	70.23	31.81
16.22	78.09	50.94	38.94	23.17	8.21	60.24	29.7
17.03	71.52	51.26	30.53	21.34	8.39	63.75	27.7
17.61	82.21	62.5	42.88	22.14	8.88	63.41	32.98
17.8	80.49	51.04	39.27	25.3	7.56	61.56	24.95
15.59	71.8	41.95	32.4	24.4	7.42	66.83	26.34
16.42	90.05	54.15	35.65	27.62	7.44	61.81	28.13
16.23	78.35	48.1	36.35	23.37	7.26	66.95	29.69
17.45	71.11	56.63	41.49	23.28	7.55	54.65	21
16.81	77.64	60.62	39.66	27.17	7.65	74.55	37.15
18.3	87.19	48.89	38.96	22.67	7.41	54.88	31.53
15.44	69.82	50.65	44.07	24.39	6.41	56.13	29.89
18.35	70.54	54.37	35.43	23.45	7.22	59.31	31.38
20.39	90.72	50.48	34.39	26.54	8.34	59.55	37.17
15.92	83.59	45.04	39.1	24.09	8.26	62.39	28.66
19	87.45	57.01	39.19	20.9	7.95	59.33	32.56
16.5	82.91	54.12	43.31	24.55	6.88	59.14	27.27
16.56	73.89	56.71	45.56	25.31	8.18	55.24	37.63
16.27	78.49	52.88	33.99	23.1	8.5	56.98	38.45
18.08	84.36	56.54	37.14	23.28	8.37	66.58	35.73
15.78	73	45.43	41.95	26.39	7.34	54.29	24.78
14.76	73.1	46.18	40.6	22.26	8.98	58.22	30.02
17.28	86.76	57.97	32.62	21.81	6.92	72.13	29.67
17.45	96.81	55.17	31.9	28.96	9.22	54.2	32.34
14.61	73.67	45.15	40.53	22.9	8.23	68.02	37.25
17.58	69.54	59.43	36.34	26.55	7.31	64.63	30.5
18.34	74.21	55.98	36.1	22.13	8.02	54.79	33.24
19.05	86.07	48.97	36.44	27.26	8.67	68.93	30.65
17.5	81.49	54.45	36.84	24.49	6.82	62.99	28.5
19.13	84.21	44.72	37.13	24.46	7.13	51.05	27.29
14.81	77.63	53.32	32.95	25.14	7.78	57.07	26.97
16.18	86.38	59.26	47.1	21.16	7.8	61.92	30.61
17.5	82.24	56.45	38.08	21.73	7.2	66.8	33.24
14.24	72.14	56.35	32.9	21.15	6.81	61.3	27.58
14.2	81.32	50.7	40.95	25.51	8.01	67.97	32.19
14.66	78.92	61.95	39.89	26.43	6.92	63.55	25.3
16.76	82.1	59.85	45.44	28.89	7.84	67.22	28.57
17.1	79.77	63.04	30.37	29.75	8.85	73.43	32
15.09	77	61.01	35.83	22.1	6.71	70.48	29.44
17.33	84.99	53.89	40.06	24.19	6.78	55.09	30.57
13.68	74.51	44.95	34.27	21.45	6.61	55.51	29.26
14.36	79.4	45.26	41.66	23.52	7.56	61.9	26.12
16.91	70.27	47.32	40.74	24.31	8.17	65.95	33.25
20.72	79.79	50.64	40.26	25.19	6.85	53.72	33.73
17.46	84.38	50.98	31.49	24.71	6.84	57.76	36.77
16.29	64.01	44.02	43.15	25.25	7.15	50.48	35.84
19.6	71.12	54.37	40.35	20.26	7.52	67.1	32.58
14.83	89.52	59.4	43.93	18.58	8	64.92	34.82
16.5	66.84	53.55	36.26	24.79	8.38	66.87	35.62
17.44	89	44.47	41.48	26.79	6.82	66.5	28.69
19.32	74.28	46.55	35.38	21.92	8.22	63.76	37.74
18.15	69.08	49.68	43.21	21.56	7.17	59.79	26.26
18.47	99.16	50.29	42.74	24.48	7.6	58.65	33.28
17.27	87.72	51.13	40.27	26.95	7.96	57.66	30.16
15.85	71.01	54.57	36.41	22.92	8.91	61.26	33.77
16.94	83.56	51.15	38.27	22.24	7.5	61.05	27.86
20	69.43	54.78	26.79	22.73	8.48	52.43	32.39
19.07	81.73	57.71	39.41	25.4	8.38	65.22	28.65
14.37	79.7	48.17	37.3	22.18	8.34	55.23	30.65
16.33	76.06	50.53	36.96	25.22	7.56	65.95	31.12
15.18	83.2	58.34	36.37	24.86	8.4	60.97	34.61
17.5	66.92	51.81	38.68	21.85	6.25	55.03	33.24
19.03	85.47	46.39	48.37	23.5	9.58	57.95	31.56
12.58	69.93	54.91	38.36	26.47	7.41	53.4	35.19
17.02	69.12	55.01	39.25	22.78	7.31	63.36	28.83
19.96	78.85	57.9	46.69	24.59	7.41	60.99	35.51
16.91	76.53	54.29	44.59	22.4	7.49	52.29	31.89
18.2	87.54	57.23	34.28	23.97	8.09	57.7	33
14.93	87.44	51.99	38.57	22.12	7.28	68.12	37.78
15.16	75.73	51.23	39.67	21.63	7.52	59.98	29.8
18.94	80.39	56.47	36.49	26.71	8.1	59.24	33.87
16.31	81.02	53.73	29.19	26.45	8.78	58.78	33.29
18.96	92.88	56.05	36.88	24.23	8.15	53.56	30.55
18.88	80.53	48.72	33.84	24.84	7.05	67.63	30.24
16.41	89.84	54.95	36.92	24.15	7.28	61.22	30.51
15.71	82.03	53.4	36.61	24.81	8.3	70.66	28.77
16.84	87.76	53.64	35.71	26.92	6.04	56.03	37.73
20.2	78.86	48.03	36.33	22.75	7.44	67.53	32.82
17.47	75.16	51.43	44.95	23.6	8.85	57.19	31.04
20.3	79.06	56.91	37.61	25.27	8.54	59.76	32.66
17.16	72.66	49.93	42.56	22.74	7.29	61.07	30.69
17.66	72.26	49.74	36.81	22.96	7.66	54.75	33.74
17.54	80.5	47.97	34.75	23.54	7.9	66.11	33.04
18.48	85.35	54.53	36.29	22.65	7.12	72.97	35.26
18.36	89.47	59.82	36.68	26.27	7.47	60.86	31.44
17.85	81.13	43.5	38.78	27.26	7.72	56.06	31.85
17.22	77.29	58.97	37.54	26.76	7.11	60.84	33.54
20.45	71.9	48.67	40.09	25.99	7.67	57.85	33.43
17.51	93.28	43.49	37.26	22.15	7.8	62.99	28.51
17.62	81.64	44.85	39.25	23.21	7.74	56.02	33.85
18.96	81.78	49.13	37.25	23.32	7.91	52.75	28.32
16.35	73.73	48.11	43.71	20.57	8.72	51.78	31.47
15.02	80.06	45.5	40.05	29.17	7.29	68.76	33.7
17.35	79.7	49.62	39.72	30.42	6.23	71.89	42.13
16.81	82.43	48.56	33.38	24.81	6.76	63.95	32.42
16.79	69.54	44.55	42.87	25.31	8.51	69.07	32.81
17.79	75.61	52.13	39.82	21.14	6.21	58.16	34
15.96	76.33	58.14	37.17	24.84	7.51	53.43	33.12
17.49	83.48	51.48	42.32	25.59	7.99	56.46	31.38
17.25	78.14	63.39	33.3	25.62	6.34	63.37	33.79
18.17	81.44	51.97	41.74	23.08	7.78	62.46	34.33
21.41	82.14	47.66	41.79	29.49	8.41	51.74	32.83
15.05	73.42	51.09	38.38	23.38	7.67	66.36	34.18
18.6	82.6	54.08	38.21	20.49	7.21	67.94	36.13
16.59	76.21	54.1	40.55	30.56	7.34	69.52	31.72
17.83	79.97	43.43	37.13	23.89	7.57	56.21	34.29
19.71	69.81	56.53	40.82	25.76	6.44	65.73	27.27
17.32	75.12	54.93	41.5	25.49	7.41	62.9	30.54
15.47	80.52	49.34	39.13	24.75	8.15	66.32	30.01
19.36	70.98	53.59	39.8	23.94	7.15	61.99	32.99
19.27	76.28	42.4	39.38	22.57	7.4	47.17	34.55
18.68	76.41	57.65	41.57	22.43	9.54	59.61	31.3
14.48	72.91	46.89	35.75	26.96	7.58	55.47	31.07
17.72	75.66	54.19	36.26	22.6	8.44	68.52	33.9
16.83	81.53	51.05	34.85	27.67	7.87	61.03	32.08
19.68	74.75	51.87	41.23	23.6	6.88	61.75	34.01
19.46	68.19	60.22	41.62	25.69	7.93	62.83	27.68
12.66	78.75	50.04	37.61	23.88	8.54	63.54	31.48
20.24	80.14	52.58	34.26	24.63	7.49	64.21	31.01
16.9	74.59	53.96	37.71	24.63	7.73	77.11	31.29
14.84	69.8	53.97	40.85	25.32	7.75	59.63	28.25
18.93	73.21	55.52	36.99	26.29	7.59	62.71	36.65
14.7	80.84	55.85	38.03	25.11	7.49	72.63	26.59
17.31	88.23	53.08	39.5	24.02	7.72	68.12	30.99
14.48	90.56	51.87	43.91	23.27	6.5	76.02	32.08
15.64	77.89	51.9	36.52	25.39	6.1	60.36	31.49
17.37	77.26	47.33	37.62	22.53	6.68	56.42	32.01
14.45	77.35	63.01	38.74	23.2	7.31	54.66	33.38
18.18	65.86	55	43.64	29.6	7.63	52.81	32.43
17.81	81.72	49.44	46.26	25.4	8.69	58.78	33.73
15.58	83.51	48.12	39.92	21.71	7.9	63.51	31.24
19.52	70.76	54.94	29.48	23.58	8.11	67.04	34.89
18.23	85.63	58.09	33.69	22.18	7.38	55.12	31.48
17.13	70.69	49.71	42.77	25.95	7.51	68.58	30.61
16.63	79.78	54.36	39.09	24.35	7.83	65.07	31.45
16.93	76.38	54.36	39.94	23.42	6.48	54.71	28.35
18.13	82.31	63.9	39.09	27.3	7.58	61.07	32.17
15.62	86.72	44.51	36.11	25.62	8.88	63.17	35.72
18.58	76	49.76	37.22	27.36	6.95	58.48	32.27
17.99	72.14	57.42	43.75	27.99	6.95	58.36	28.76
16.02	80.94	62.3	35.3	25.89	6.76	65.37	33.05
16	80.08	55.96	34.88	20.32	6.2	57.85	34.63
18.2	71.11	51.91	48.88	24.88	8.52	64.18	32.06
17.72	84.57	61.54	37.38	24.12	8.75	60.1	27.17
15.38	94.64	46.42	49.31	23.44	7.57	66.11	28.92
19.16	69.83	54.06	36.05	22.88	8.03	68.46	34.36
14.05	79.06	46.86	38.56	23.19	8.54	69.7	30.66
16.19	84.23	52.52	41.19	31.04	7.31	59.23	33.77
19.92	75.31	49.39	37.62	23.11	7.46	59.45	29.47
15.69	94.51	52.14	37.74	23.73	8.06	65.99	33.68
14.55	68.01	51.98	37.48	27.73	9.09	64.02	32.52
17.35	70.14	50.56	35.41	22.91	9.65	70.74	28.87
14.47	72.33	52.07	39.69	25.65	7.86	52.48	30.07
15.63	74.03	50.98	36.93	22.67	7.6	78.21	33.16
17.84	68.77	54.85	34.11	23.84	7.01	67.32	33.85
17.5	79.33	44.51	38.96	25.68	8.06	65.85	27.31
17.1	86.06	58.81	36.9	23.46	8.61	66.16	26.84
15.82	72.81	49.16	36.74	22.55	6.92	64.98	29.22
13.97	79.88	55.38	37.3	27.35	6.57	63.69	33.13
17.14	68.71	49.7	31.27	24.06	7.11	61.5	37.85
18.19	73.11	61.32	41.26	23.75	7.66	64.34	28.86
16.33	72.98	48.79	43.7	20.84	8.59	52.83	32.42
16.96	74.74	56.28	38.96	22.49	7.61	61.63	31.81
18.3	93.78	59.07	35	25.13	7.29	50.06	30.73
16.9	70.22	51.46	41.12	25	8.59	66.5	32.39
18.38	79.47	57.8	39.04	23.8	6.66	67.07	33.99
16.56	88.89	48.55	34.91	21.95	8.71	55.87	28.73
16.91	73.58	57.58	38.01	25.44	6.74	60.04	30.55
18.63	74.89	59.98	37.53	22.02	7.41	63.48	33.41
16.37	66.26	43.08	46.78	23.77	7.13	70.81	29.98
18.66	85.99	62.26	38.33	25.15	7.38	65.43	32.98
16.83	72.29	59.75	40.92	26.14	9.36	59.11	30.67
18.77	88.35	55.86	40.15	27.71	6.79	64.44	35.4
18.04	78.62	51.89	39.4	26.05	7.3	61.14	31.98
13.21	80.25	57.86	41.84	25.36	7.4	58.02	31.38
14.67	90.12	48.36	37.89	25.87	7.08	62.93	32.27
13.31	91.12	54.68	34.31	21.64	7.31	70.86	30.38
15.57	81.19	45.8	42.06	24.22	8.62	59.11	29.49
16.83	70.93	51.85	36	23.14	8.34	61.42	35.76
17.51	77.7	50.06	38.88	23.01	8.56	59.06	32.06
17.15	73.7	59.78	39.13	27.58	7.84	57.6	36.41
19.71	75.07	53.17	49.32	27.75	7.89	53.91	30.82
15.66	82.92	54.76	43.06	22.67	9.53	62.93	34.48
18.14	82.09	59.12	45.78	23.43	8.19	47.86	31.76
17.14	81.6	47.37	41.92	27.72	6.69	53.57	27.27
18.67	80.98	58.79	37.93	24.56	8.64	59.39	37.04
17.51	81.31	47.42	46.44	22.66	8.07	51.18	31.61
17.08	77.83	46.69	37.29	22.64	8.8	59.5	28.87
19.73	89.87	52.98	39.24	27.85	8.56	56.46	27.66
15.61	89.71	56.28	36.9	26.81	9.31	63.28	31.19
20.92	72.13	66.56	37.25	25.39	7.82	53.3	30.95
18.47	64.37	46.45	40.82	25.2	6.69	57	35.23
17.62	69.98	47.49	43.37	29.06	6	76.24	28.96
15.77	70.33	50.79	44.65	22.55	8.18	60.68	28.02
17.87	71.37	50.93	44.47	23.69	6.2	60.54	35.33
17.06	82.59	51.35	39.09	24.29	5.11	60.91	39.04
17.2	82.64	58.38	39.26	23.52	8.02	54.5	32.33
17.2	79.76	60.06	34.59	23.77	6.89	51.49	29.68
16.69	66.73	47.3	38.74	27.87	7.53	52.72	30.59
19.3	88.99	50.98	38.12	27.36	8.1	53.29	33.34
17.47	78.44	51.31	36.72	27.49	8.15	67.01	32.01
16.36	73.36	46.23	36.97	19.4	7.18	50.08	29.02
16.19	79.72	50.99	37.61	21.58	7.89	60.3	33.96
17.32	79.25	52.37	41.91	22.6	6.68	66.24	38.21
17.36	80.14	56.91	41.33	24.03	6.24	56.39	30.82
17.85	76.2	52.51	40.52	23.63	7.23	60.99	35.44
16.82	75.07	47.47	37.83	26.09	7.14	67.27	29
15.29	79.22	55.09	44.6	25.41	10.09	70.64	37
17.11	75.62	50.5	45.39	22.67	7.54	68.62	30.07
17.43	70.39	58.98	32.37	24.05	7.39	61.61	33.47
16.16	72.13	54.43	32.6	28.69	9.26	65.68	34.65
20.27	81.92	48.86	42.24	25.22	9.51	63.11	33.55
20.7	80.86	49.93	40.69	25.97	7.2	56.13	37.17
19.25	72.12	62.26	36.81	23.91	7.36	67.09	33.08
17.88	86.42	51.28	39.99	23.31	7.54	55.48	35.95
17.59	85.09	52.98	35.03	23.01	8.27	49.61	28.92
16.18	84.54	55.56	31.53	25.74	6.49	62.55	30.84
17.91	78.33	46.53	44.2	21.82	6.22	61.39	26.6
17.08	79.81	45.16	38.25	23.99	7.11	68.06	33.56
18.06	76.18	43.05	32.31	21.32	8.21	61.83	35.76
16.09	68.04	56.43	43.45	28.29	8.85	55.21	28.49
19.2	84.65	56.03	36.85	21.65	7.77	77.87	33.65
16.13	75.34	54.08	38.85	26.74	8.66	69.88	31.95
17.72	82.05	59.57	42.95	16.21	7.51	62.12	30.93
16.15	74.32	63.13	47.87	23.36	9.07	58.92	34.79
16.26	75.27	49.23	36.43	24.31	7.36	69.83	35.92
15.85	89.95	48.69	46.38	25.78	7.57	64.94	34.38
14.37	72.53	57.65	41.37	26.54	7.79	66.15	33.82
18.02	76.01	48.25	37.14	28.99	7.01	57.39	31.16
16.88	91.19	55.55	39.74	24.46	9.29	66.99	29.34
20.91	88.1	58.46	43.42	28.14	7.91	55.77	31.9
16.2	89.91	58.96	38.98	25.07	6.81	55.96	32.36
17.81	71.63	50.08	40.26	21.31	8.55	57.64	31.16
17.66	81.48	57.86	41.32	26.12	8.13	62.39	31.26
19.43	88.98	48.72	40.63	23.84	7.62	62.55	30.32
16.89	73.51	56.95	37.3	26.64	7.25	58.7	28.7
18.9	82.41	65.81	37.9	27.11	7.83	68.3	31.12
18.62	76.42	55.21	40.1	22.38	6.52	62.38	33.7
16.53	83.91	59.78	52.03	22.04	7.67	63.45	27.47
13.08	76.96	58.2	44.74	25.22	6.76	66.93	31.78
17.56	76.76	56.89	40.5	23	8.42	58.26	29.76
16.81	76.9	50.47	38.03	20.7	6.43	72.55	33.91
17.15	75.31	43.47	35.3	23.89	6.75	56.17	30.71
15.97	85.63	50.67	40.11	23.82	8.57	52.16	32.95
17.74	80.41	48.01	42.34	25.21	7.24	65.6	32.79
16.7	79.37	44.81	37.49	21.81	8.31	59.94	32.15
16.11	88.01	54.08	42.1	25.76	7.18	67.15	25.92
14.91	76.83	48.2	34.41	27.33	7.92	62.63	28.41
15.95	82.81	50.77	32.86	23.03	8.57	59.04	34.75
17.01	84.93	49.8	45.98	25.99	8.12	56.15	33.64
15.85	64.89	59.85	36.83	22.54	8.23	66.2	33.92
16.76	76.61	50.19	37.98	27.92	7	65.36	36.29
15.98	76.45	55.19	40.62	24.24	6.46	56.55	33.21
17.28	89.6	54.91	40.75	26.49	7	73.35	30.71
19.33	73.99	39.2	42.48	23.84	7.88	70.14	39.24
19.19	81.49	54.12	40.58	21.09	8.33	64.3	27.82
15.06	76.34	47.05	38.46	21.13	7.35	61.68	31.79
18	72.03	51.11	39.59	23.27	8.45	54.74	29.45
14.72	76.68	54.84	41.19	24.83	7.28	67.81	24.71
16.23	70.43	47.87	36.92	25.77	7.47	65.8	30.87
16.56	70.99	48.01	38.17	24.85	7.23	66.37	30.92
17.16	79.58	57.49	41.97	20.45	7.76	68.16	28.48
16.04	73.4	56.35	36.8	25.53	7.46	59.47	33.68
16.96	69.13	46.34	35.05	27.1	8.14	62.63	32.78
15.08	81.95	45.47	36.52	24.61	7.76	61.15	32.08
18.4	87.59	49.78	39.56	24.7	8.26	65.88	33.2
16.26	79.06	58.97	34.74	23.02	7.49	60.73	32.75
16.75	73.04	54.72	32	20.56	8.46	64.27	34.04
19.44	75.55	48.66	34.46	21.42	7.61	62.08	33.94
17.56	83.21	53.66	41.12	25.97	8.31	55.72	34.24
18.42	60.23	54.05	36.58	23.2	6.79	64.22	31.8
16.25	71.8	38.84	38.89	27.68	6.86	57.53	29.16
19.56	81.47	64.44	38.79	20.94	7.2	57.06	36.45
16.83	86.4	52.76	39.56	28.17	8.97	62.64	27.45
21.51	71.09	56.27	37.38	23.5	9.63	57.67	35.37
15.73	69.2	51.02	34.89	25.32	8.12	68.01	37.5
17.59	78.77	48.96	37.16	22.71	8.07	49.76	32.17
19.25	79.72	58.71	48.47	23.15	8.76	59.12	30.86
18.39	80.53	52.79	36.17	25.53	7.04	76.52	36.29
21.36	81.64	59.46	42.5	24.44	7.52	57.56	36.28
17.88	72.28	57.28	41.5	25.1	8.34	55.04	33.72
19.92	72.21	42.4	35.24	21.34	8	65.16	30
15.82	82.4	51.46	41.96	24.71	7.73	61.04	35.52
15.57	71.96	58.78	42.93	27.58	6.97	66.61	28.5
16.49	91.47	54.36	41.32	24.25	8.24	64.66	25.1
17.45	73.99	43.72	35.45	28.88	8.66	66	32.02
17.89	76.21	48.2	45.4	23.55	8.05	54.78	25.34
14.27	78.27	47.24	45.28	28.99	6.79	61.78	34.9
18.78	94.4	45.67	35.59	29.28	6.61	67.16	33.69
16.94	86.95	58.23	32.37	21.78	8.47	58.96	31.66
20.23	67.41	51.37	41.21	26.28	7.58	62.38	31.53
17.52	69.23	54.19	35.55	24.1	9.17	71.24	33.09
18.96	84.44	44.14	40.6	23.9	8.07	63.41	39.47
18.59	66.99	52.42	34.72	26.09	7.37	57.19	33.57
17.42	74.26	57.45	41.29	21.82	6.63	62.72	32.37
21.08	79.09	48.79	40.29	23.34	8.76	55.78	30.22
17.69	78.12	53.28	39.4	34.54	7.36	53.7	29.57
18.52	71.2	54.29	41.91	23.53	7.37	72.25	34.47
15.88	77.91	46.61	39.86	21.66	8.18	62.83	31.94
17.28	73.53	59.39	34.52	21.88	7.61	66.35	28.58
18.69	72.45	53.86	38.77	24.68	6.4	63.42	26.92
14.83	84.94	66.01	41.47	26.31	7.97	55.74	29.85
18.72	78.18	46.91	38.01	22.27	8.25	48.01	38.43
15.64	76.75	57.33	43.44	25.57	8.46	51.27	31.44
15.56	78.24	53.86	34.42	21.87	7.38	65.4	32.31
14.78	83.07	52.22	33.74	28.77	8.15	67.68	34.58
18.86	79.43	53.65	37.47	31.58	7.57	69.68	29.12
18.21	81.6	57.82	42.05	18.45	7.76	66.34	33.69
19.21	84.25	53.19	43.55	25.92	7.35	59.96	28.67
16.68	69.74	59.44	36.49	26.66	6.89	71.67	39.75
20.56	65.58	52.24	39.92	23.76	9.39	60.93	28.67
13.92	90.4	50.3	39.69	20.04	8.1	74.24	28.95
16.83	80.21	51.35	33	25.58	8.21	58.18	32.76
18.2	100.97	47.56	35.21	24.64	6.4	68.77	28.81
17.58	79.91	47.7	34.22	27.12	6.19	56.89	35.82
18.21	68.86	53.98	38.46	24.12	7.59	57.51	29.2
18.95	71.94	52.42	42.28	24.18	7.41	50.82	34.74
19.97	75.94	56.49	39.31	25.41	6.96	63.21	32.49
16.19	75.99	48.91	34.03	24.13	8.16	52.82	34.6
18.27	90.13	49.57	43.31	22.56	8.05	59.95	33.65
15.62	70.21	53.62	32.7	29.96	8.47	54.55	29.34
17.14	74.44	48.96	37.78	20.44	8.05	70.61	27.98
17.24	79.08	51.64	41.26	24.47	8.49	66.96	35.04
14.76	88.73	51.12	41.02	26	8.05	64.92	31.36
17.43	82.8	57.67	38.43	22.54	7.21	75.18	31.3
16.84	77.52	53.51	35.51	21.74	8.23	61.22	38.25
15.38	80.39	48.89	37.51	30.11	6.98	56.94	31.97
15.31	82.86	56.03	42.41	20.97	7.04	62.91	29.83
15.43	90.06	58.04	38.56	23.89	6.63	58.1	34.23
21.44	82.84	44.9	36.92	25.32	7.49	63.56	31.22
15.92	78.65	58.77	37.94	23.09	8.59	61.92	36.92
18.57	59.12	50.79	40.09	23.16	6.74	65	31.94
15.14	73.91	53.11	35.76	27.15	6.98	63.22	30.48
16.81	88.73	50.04	44.13	23.08	8.48	58.04	28.74
15.41	87.13	54.01	36.44	21.85	7.25	67.6	34.88
16	86.08	41.59	37.28	23.55	7.43	78.95	33.15
19.18	70.89	57.32	36.45	21.67	7.5	69.01	30.39
17.04	74.37	49.27	34.1	24.22	8.11	64.25	34.85
15.5	69.67	57.82	44.86	23.96	9.44	58.36	31.24
19.76	99.99	56.08	33.12	23.92	7.19	63.37	27.74
19.8	77.54	53.75	41.02	24.27	8.79	73.45	30.56
15.24	78.71	50.38	38.15	25.13	6.29	63.82	30.85
16.53	73.71	57.51	30.39	27.01	6.97	69.95	29.29
18.36	70.56	47	40.1	26.77	7.43	66.44	28.95
17.18	76.41	44.47	35.74	24.8	7.71	67.55	34.75
19.46	72.62	45.49	38.68	23.97	5.22	55.79	30.25
15.84	75.14	48.5	40.18	22.23	7.49	62.47	32.77
16.77	84.16	53.42	39.75	23.99	7.35	71.59	34.05
16.63	99.34	46.32	42.73	27.84	7.42	52.48	30.99
17.17	94.97	44.68	37.36	20.35	7.44	60.14	32.14
16.76	57.96	45.2	35.28	20.91	8.12	60.34	33.47
12.77	77.31	49.94	39.77	23.95	7.12	68.73	29.34
16.44	75.09	51.38	46.4	21.61	7.67	58.67	25.62
16.1	81.38	49.83	40.3	28.5	8.24	52.32	27.16
18.74	78.66	54.43	35.69	28.04	6.63	68.34	32.24
16.51	85.24	56.8	33.22	23.81	7.14	72.38	30.49
14.73	78.95	47.5	39.96	24.16	7.46	56.16	30.86
16.13	80.68	56.86	39.36	29.25	8.08	67.52	36.12
19.29	74.51	62.86	39.15	21.86	7.79	58.27	29.64
15.84	78.17	44.43	38.32	27.05	7.76	59.73	32.67
16.84	78.91	55.79	36.58	20.27	7.46	68.74	28.02
18.43	79.3	50.92	39.5	25.08	6.64	67.63	25.14
19.38	69.87	63.64	34.23	24.16	7.53	67.16	30.96
18.01	79.16	48.41	39.44	25.75	9.28	53.32	30.99
19.48	78.59	53.8	34.48	25.13	7.75	64.86	27.75
16.7	75.59	50.52	38.51	20.92	8.1	68.1	38.36
16.72	66.27	44.07	39.35	20.4	7.91	44.43	29.34
16.07	77.14	59.43	36.91	20.47	6.91	65.58	32.3
17.51	74.96	55.76	46.08	28.42	9.24	57.12	34.77
17.16	75.71	45.74	41.24	22.24	7.11	64.51	32.74
16.58	84.05	60.64	45.46	21.5	8.3	59.4	32.06
16.78	79.76	60.64	33.34	22.09	8.56	65.44	36.48
20.04	72.79	57.83	31.86	30.05	7.87	53.99	31.46
15.07	82.1	55.21	34.75	23.55	7.77	77.8	32.49
19.43	79.07	58.54	42.08	24.32	7.54	65.02	30.26
15.61	66.09	48.16	42.82	24.31	7.32	73.31	32.89
19.57	78.6	51.35	31.75	23.54	7.76	52.12	29.24
15.21	81.67	50.7	40.74	21.63	8.01	61.39	29.28
16.24	73.38	55.01	39.39	28.46	7.44	68.41	35.61
18.26	82.9	54.67	40.22	25.52	7.07	72.5	30.84
22.65	73.96	54.97	36.66	23.84	9.27	54.74	31.33
15.41	105.36	55.65	39.66	23.46	9.29	63.51	36.95
15.73	80.1	55.74	38.07	21.45	8.09	58.19	24.64
12.7	78.65	52.61	38.62	27.61	7.8	69.83	32.67
17.02	78.51	55.58	34.02	30.33	7.49	68.3	36.21
18.84	93.73	41.53	36.7	26.64	7.67	67.69	36.87
16.47	75.2	51.42	31.88	25.3	7.45	61.43	38.15
16.72	62.55	49.39	40.01	26.44	8.55	63.75	32.62
15.16	80.25	52.05	35.06	25.94	6.58	69.64	29.79
16.72	92.13	53.5	41.05	25.59	8.09	69.97	29.56
15.91	83.57	49.84	43.07	21.54	8.08	53.79	35.3
18.28	69.14	47.21	39.4	24.99	8.14	55.2	37.8
18.7	82.78	52.11	34.77	22.78	6.33	60.54	31.33
16.7	84.02	55.4	42.93	27.2	7.5	71.89	33.14
21.34	71.73	56.66	46.49	25.43	7.84	56.12	35.03
16.96	71.2	50.01	36.18	22.13	7.32	73.26	31.47
16.05	82.6	51.61	47.37	26.16	8.51	66.51	27.63
15.86	74.79	57.55	36.17	24.16	7.67	60.41	33.67
14.07	88.46	47.66	36.25	25.66	7.73	69.56	33.58
17.81	65.35	54.77	37.08	24.71	7.46	54.35	33.65
16.18	86.53	50.04	29.91	23.44	9.07	65.38	30.56
18.83	64.23	48.09	33.71	25.36	8.28	58.47	27.25
15.49	70.51	56.99	37.25	24.16	7.33	71.86	31.24
17.37	72.61	48.92	33.89	24.9	6.41	68.3	37.74
15.66	78.93	53.2	32.96	26.58	7.41	58.64	36.6
15.54	84.26	59.77	36.84	25.74	8.04	64.14	28.53
14.56	84.68	54.05	41.04	20.64	7.32	64.15	30.14
16.35	76.1	44.84	41.96	25.68	6.26	61.28	26.49
19.78	72.21	48.23	32.39	25.9	6.18	56.84	26.4
15.6	84.35	53.24	40.98	26.84	8.17	64.58	35.68
18.09	83.22	63.15	37.52	24.63	7.26	51.71	31.38
19.33	79.63	50.61	37.91	22.17	7.84	65.35	34.23
16.49	80.26	56.16	41.08	21.17	6.36	67.26	31.18
16.51	80.59	46.95	42.46	24.1	6.48	64.66	28.21
19.54	66.54	47.28	35	24.44	8.3	57.61	30.35
21.44	81.55	53.78	48.23	27.69	7.89	60.36	33.88
17.96	70.75	54.02	37.59	26.62	7.51	70.67	29.58
14.04	84.26	44.09	37.49	28.09	8.25	58.66	35.1
14.83	79.57	61.94	32.01	23.75	6.38	66.69	28.46
16.67	72.99	53.05	39.06	20.69	7.42	62.8	29.88
18.45	73.08	56.94	40.18	23.09	8.48	52.87	29.46
19.14	98.92	52.93	38.45	27.66	7.46	65.38	34.54
17.79	82.37	43.61	39.57	20.03	8.08	52.01	32.59
17.4	78.35	45.23	38.49	22.7	7.93	53.78	33.27
16.14	68.13	48.8	41.31	23.82	7.18	67.77	30.23
12.37	75.57	44.29	37.43	23.45	7.71	76.19	34.64
18.1	80.49	46.24	32.78	22.23	7.61	62.48	40.06
19.53	90.06	54.64	30.77	27.85	6.12	65.66	29.98
15.47	89.15	51.32	39.52	21.07	6.24	62.77	34.99
16.9	90.64	49.59	35.27	25.35	6.8	57.45	28.61
16.66	78.34	60.41	46.54	23.86	7.49	63.03	28.35
18.34	73.21	59.21	36.48	21.21	8.21	51.78	24.73
