119.04	13.31	40.24	22.6	10.64	17.23	35.34	116.38
104.84	13.01	37.03	18.62	9.85	18.85	46.11	89.75
107.21	13.83	39.99	21.56	9.25	17.96	36	110.13
108.8	14.43	39.4	16.89	9.49	18.87	46.51	101.84
134.59	13.98	37.52	19.68	8.76	20.87	42.84	95.47
113.87	12.74	32.54	18.55	10.9	17.86	39.41	106.1
118.02	15.77	34.97	23.61	10.39	18.08	44.91	122.33
123.59	15.13	35.42	21.65	7.57	18.68	40.07	105.61
104.92	11.89	38.04	18	9.82	19.17	48.07	102.05
98.52	14.93	40.18	16.65	10.31	17.05	46.07	115.41
117.58	12.26	37.68	17.52	10.23	20.56	39.67	99.1
117.37	14.14	44.31	20.63	10.14	18.85	39.67	106.31
106.68	15.28	36.99	21.55	9.33	19.33	35.39	104.05
109.33	15.24	41.69	20.62	8.63	16.71	43.53	115.64
142.37	14.52	37.34	22.21	9.36	16.8	43.39	136.07
101.68	13.31	42.12	19.77	9.83	16.88	44.45	117.19
135	12.09	34.41	18.95	9.95	21.05	35.85	113.48
105.05	11.86	43.78	18.48	10.71	18.27	41.17	130.25
124.5	13.98	41.33	19.7	8.43	16.77	36.18	119.57
114.28	14.42	33.98	22.94	9.19	21.4	44.45	100.27
120	14.25	38.13	20.28	9.48	17.78	44.5	113.73
88.35	15.97	38.33	18.56	8.55	17.44	49.05	108.78
105.42	13.91	36.81	17.46	10.65	16.86	41.79	103.58
107.01	14.77	38.05	20.94	9.69	19.3	37.05	114.99
121.94	15.82	37.22	19.85	9.59	17.73	34.18	107.73
119.53	13.85	36.71	22.86	9.95	19.63	40.92	118.36
109.39	15.25	37.32	19.32	8.65	18.63	40.22	123.88
131.45	13.34	42.75	18.54	8.8	18.37	42.73	100.11
119.55	12.26	41.57	15.16	9.44	16.91	36.6	81.75
98.75	15.74	37.86	18.5	10.54	17.24	41.31	116.35
124.13	12.18	41.22	21.11	10.11	16.89	36.49	118.73
98.92	12.44	35.2	21.52	9.61	20.53	44.01	113.27
120.56	14.01	33.85	20.76	9.35	18.09	51.55	134.02
126.97	14.49	36.21	18.1	9.49	20.3	40.97	104.45
102.83	10.99	38.85	20.74	8.65	18.86	41.26	108.28
105.98	15.27	41.48	17.48	10.75	17.85	42	116.42
120.97	12.03	34.77	16.41	9.02	16.42	34.54	118.8
108.87	14.69	34.18	19.48	9.02	18.42	45.83	103.76
115.29	12.6	40.63	18.55	11.46	21.22	36.94	115.38
112.68	12.29	39.62	16.78	12.16	20.46	48.63	132.79
111.15	11.55	34.78	21.12	9.34	21.29	41.9	99.18
114.16	13.81	36.74	21.85	9.54	18.18	38.17	106.04
124.55	14.33	31.4	20.81	8.52	17.75	46.36	114.93
105.7	14.12	39.82	21.2	9.68	22.19	39.06	116.37
100.79	15.45	44.13	17.98	11.03	18.36	47.86	101.35
101.03	15.27	37.14	23.55	9.55	20.44	37.77	118.45
132.57	15.85	34.54	18.07	11.98	16.22	39.17	146.55
114.01	16.57	42.04	15.42	9.57	18.08	38.79	110.19
105.08	13.79	38.1	19.91	9.23	19.45	40.36	109.6
126.92	15.96	41.71	22.22	9.63	16.71	37.05	114.99
123.84	12.16	36.74	23.23	8.13	19.14	47.79	102.05
123.9	15.64	34.29	20.99	10.28	16.42	41.34	104.88
102.1	12.97	36.86	21.77	9.05	17.27	36.19	107.46
122.05	13.15	40.7	22.7	9.91	18.9	32.24	103.44
112.24	12.3	43.03	19.01	9.93	19.75	37.79	111.44
124.51	14.1	40.33	21.59	9.85	20.59	39.52	94
125.9	13.8	38.25	17.84	9.28	19.03	39.18	116.83
103.08	14.16	36.68	23.59	10.95	19.77	36.67	114.64
107.3	16.47	37.21	17.74	10.32	15.98	40.88	122.29
106.27	16.23	30.14	17.95	9.87	18.17	43.99	104.2
113.4	14.7	34.54	21.55	11.2	18.89	47.94	122.09
120.21	12.33	41.49	21.88	10.29	18.01	44.74	119.64
110.55	12.63	37.24	22.31	10.33	19.5	40.34	126.83
126.38	12.4	39.64	23.26	9.9	18.88	42.65	101.08
112.72	12.53	40.24	21.08	10.46	19.37	43.53	101.26
124.96	14.29	39.99	21.45	10.66	17.48	43.17	129.79
110.24	12.85	36.11	20.87	9.17	16.06	39.6	107.55
116.88	14.48	36.64	19.35	8.6	19.88	43.33	106.81
98.59	13.1	33.52	23.3	9.21	19.44	37.17	113.69
111.33	13.92	38.13	18.87	11.82	18.16	38.23	101.19
114.47	12.76	36.82	19.56	9.14	15.62	40.88	106.47
104.36	14.03	36.79	21.09	8.09	22.5	40.73	95.88
97.27	15.87	35.45	19.58	8.26	16.71	40.5	126.8
115.92	12.17	41.35	23.84	10.22	18.69	43.94	111.14
105.62	14.98	35.69	23.36	9.41	18.61	37.32	130.75
92.96	14.26	37.09	22.19	9.76	17.23	37.83	129.28
107.59	14.41	41.04	18.87	10.48	18.21	35.97	112.28
132.8	14.63	37.06	23.07	8.86	16.85	43.27	118.79
128.7	15.12	39.25	22.95	10.62	16.4	38.44	119.62
121.37	12.47	36.24	19.48	9.19	17.48	41.68	137.73
113.3	12.78	38.01	20.69	9.71	17.64	38.38	126.66
109.51	15.05	34.93	20.46	9.03	18.13	36.34	117.24
106.8	15.77	40.2	22.56	10.18	16.77	46.82	105.42
124.17	14.27	41	17.11	8.09	16.88	36.32	136.76
116.82	13.43	43.03	20.31	8.96	17.9	40.23	118.4
131.07	12.59	37.77	17.7	8.1	18.35	45.93	124.55
96.99	13.27	41.22	20.46	8.41	19.59	42.27	129.84
121.34	15.61	42.03	22.04	8.72	15.03	40.47	121.66
106.98	14.42	37.29	21.3	9.84	19.23	46.73	121.19
114.32	15.57	31.86	18.9	10.8	18.85	42.61	121.13
146.82	13.89	38.79	18.95	9.52	17.04	46.75	118.93
113.2	14.48	41.79	20.76	9.66	19.73	46.35	118.8
126.08	15.87	34.98	19.24	9.58	18.87	40.86	106.09
106.11	15.76	32.83	17.37	9.26	15.86	47.77	114.63
102.52	12.36	38.82	20.33	11.11	19.21	48.06	131.8
95.51	11.44	32.98	21.79	10.13	17.16	39.49	114.06
130.66	15.09	33.42	21.12	9.16	20.64	41.53	96.77
105.71	15.63	41.37	23.57	7.89	21.48	36	108.73
129.55	14.26	40.18	20.11	9.66	18.21	35.75	136.35
127.31	13.34	35.67	18.81	10.22	19.55	40.36	129.32
100.95	12.33	37.04	22.57	9.18	17.99	53.73	121.96
116.29	12.4	33.24	17.42	8.39	19.76	43.28	116.07
115.95	13.07	40.48	20.25	9.11	20.94	42.57	116.93
119.92	15	44.56	18.03	11.61	18.04	40.22	100.38
128.64	16.4	39.7	18.06	10.48	16.18	41.94	111.54
100.3	14.06	37.84	20.04	9.03	19.02	39.27	131.65
92.77	15.54	36.53	19.72	7.75	19.18	31.26	102.91
125.14	14.61	36.95	23.84	9.44	17.73	38.01	102.66
107.51	13.38	45.72	24.79	9.64	19.48	49.83	112.35
100.04	14.67	41.15	20.96	9.66	19.09	41.53	126.35
123.85	13.99	38.55	21.88	8.94	17.26	42.77	126.64
88.68	15.33	36.36	19.87	9.24	16.73	39.38	107.45
96.69	15.81	45.66	18.57	10.69	16.95	37.37	109.54
128.82	11.49	35.09	20.86	9.96	20.53	35.03	119.79
126.51	15.49	43.72	17.71	8.18	16.74	36.12	120.81
114.87	14.95	42.92	21.88	9.43	19.51	41.35	120.72
135.02	12.72	35.93	20.99	9.16	15.53	46.74	93.86
113.54	13.93	38.27	19.62	8.6	17.55	40.56	134.7
110.43	14.75	34.27	20.48	9.35	16.48	42.37	118.57
116.29	14.61	35.51	23.42	9.74	22.78	49.47	112.86
134.16	12.6	31.93	19.27	9.24	19.81	32.51	116.47
114.39	10.99	41.02	18.95	11.49	19.37	42.83	111.09
100.22	13.58	44.91	18.42	9.74	17.94	41.41	107.88
93.7	13.26	41.48	19.29	8.25	16.99	49.16	154.6
111.34	14.07	28.84	19.77	8.49	16.58	37.02	123.89
117.05	16.66	42.91	22.1	9.44	20.54	40.52	109.76
101.6	14.49	28.04	19.76	10.31	23.62	42.01	124.14
105.62	16.15	38.29	16.41	8.44	19.59	41.03	104.47
100.6	14.52	36.95	19.93	8.84	20.1	42.42	100.5
125.65	13.29	36.5	21.86	9.06	18.34	37.35	94.32
113.39	11.59	40.57	19.94	9.08	17.96	38.99	107.54
116.64	14.88	36.65	24.16	10.5	21.94	40.19	115.86
106.52	13.91	32.31	19.42	9.1	16.19	45.16	131.5
114.18	13.31	41.58	22.41	10.01	19.36	42.42	117.11
104.58	9.87	42.96	20.05	9.17	19.54	45.01	101.12
113.12	14.59	42.62	22.4	9.11	20.52	44.4	118.75
129.62	14.75	36.8	18.27	8.61	20.52	37.3	120.21
101.25	11.85	41.73	18.3	9.69	18.19	35.9	112.18
97.32	14.67	46.56	22.21	9.42	19.04	45.58	115.65
113.62	12.74	35.35	20.16	12.23	16.56	33.91	99.96
123.75	11.85	40.14	20.95	9.72	18.23	35.35	124.88
111.86	13.47	36.7	20.67	10.68	22.28	39.72	111.98
117.74	13.62	35.48	17.51	9.93	18.83	40.24	117.99
106.32	15.03	36.9	19.05	8.3	15.7	40.75	130.45
99.53	15.15	34.71	17.07	9.43	18.61	34.09	113.55
112	14.51	41.5	19.17	8.53	19.03	37.22	114.84
100.79	14.24	43.66	21.25	10.44	20.14	38.88	104.73
107.65	14.47	35.91	20.42	9.68	18.56	43.27	112.61
97.02	16.26	31.3	22.89	9.9	18.33	44.05	109.57
112.12	13.08	32.02	18.46	8.63	17.23	47.24	98.56
127.09	15.17	33.14	20.75	9.09	17.82	34.27	101.17
118.01	13.42	36.65	16.16	11.18	23.31	42.13	112.05
123.59	12.09	37.87	17.72	7.82	16.5	34.15	111.71
100.36	14.15	36.7	20.5	9.02	22.7	42.82	106.22
118.33	15.27	33.28	20.33	9.09	17.61	41.25	98.85
116.34	13.49	37.38	17.49	9.09	18.59	45.78	111.83
110.33	13.58	37.34	24.64	10.09	16.19	49.49	155.23
115.04	16.18	30.38	18.62	10.54	22.74	37.3	112.29
96.13	14.5	34.84	17.84	9.79	18.38	45.45	139.32
106.37	14.06	41.14	18.01	9.79	20.06	42.02	112.37
118.36	16.12	39.07	20.81	8.9	16.25	41.43	112.87
113.93	12.79	37.57	21.1	8.82	16.39	42.05	133.05
109.94	14.45	42.44	19.16	8.27	16.52	46.71	112.94
105.83	12.35	33.5	22.16	10.72	21.22	36.73	125.19
116.92	15.37	35.5	20.5	10.06	18.31	39.4	146.82
133.34	15.45	42.45	21.38	11.13	18.16	35.3	123.6
112.31	12.01	32.2	18.38	8.49	19.64	38.32	115.46
99.84	15.57	37.49	22.6	10.24	18.07	46.37	117.56
126.57	14.35	37.29	20.61	11.1	15.49	41.07	107.79
108.74	12.06	40.04	16.7	9.16	18.59	38.13	121.43
112.85	14.93	41.1	22.78	10.66	17.08	43.03	104.96
118.94	14.01	33.19	16.92	9.55	16.55	36.89	100.43
106.13	13.41	29.77	22.16	9.23	16.14	34.86	133.22
109.39	16.05	36.1	18.84	9.61	19.85	45.07	121.01
109.9	16.22	39.45	17.65	10.21	16.95	39.28	119.59
84.01	12.57	34.82	19.5	9.96	16.43	40.65	106.61
98.14	14.43	37.94	17.87	10.36	15.77	34.94	121.36
129.39	16.31	29.91	20.16	9.22	16.73	37.56	126.8
101.76	11.74	44.4	20.41	10.78	16.97	35.47	110.52
126.6	13.58	33.88	19.72	8.44	20.46	40.86	101.68
111.84	16.79	36.61	21.04	9.72	18.12	40.28	120.85
114.02	13.63	40.94	22.25	9.56	17.77	32.39	102.37
105.79	14.02	35.9	18.3	9.83	19.65	38.45	124.21
122.08	15.01	42.93	21.45	10.21	18.02	45.37	133.65
105.18	14.64	38.02	21.91	8.36	18.93	38.22	125.39
154.43	14.84	34.7	24.17	8.36	18.5	41.26	93.19
136.4	14.31	32.02	20.49	10.45	20.69	39.21	116.03
104.24	16.84	41.13	18.36	9.95	22.37	42.18	126.9
104.04	11.98	40.91	25.23	10.3	22.85	48.61	115.85
99.32	13.13	36.54	18.37	9.86	19.07	42.75	124.76
135.6	11.82	42.72	19.98	9.37	15.16	40.74	119.57
118.68	12.42	35.08	21.31	10.4	17.05	36.28	114.27
109.91	14.02	36.35	19.31	10.33	18.81	43.63	119.68
122.36	15.96	26.95	20.87	12.01	16.89	42.22	96.14
97.74	15.69	39.74	22.49	10.08	19.65	35.44	103.94
115.25	12.89	37.38	17.18	10.57	17.34	45.33	119.42
125.61	15.61	30.74	21.53	10.11	15.78	33.45	120.18
101.65	11.29	36.83	20.33	10.54	18.61	43.84	111.14
102.66	12.73	31.87	19.61	11.32	21.14	42.75	114.23
139.79	11.86	32.27	17.25	9.42	21.5	42.92	130.76
115.61	13.77	34.4	21.03	8.45	18.47	35.24	141.16
134.86	11.92	36.67	20.27	9.02	19.26	43.56	142.67
120.35	15.63	30.68	22.04	10.3	16.96	44.59	104.02
126.57	13.39	33.66	20.99	9.82	17.79	38.87	103.11
103.28	14.18	41.34	20.57	9.86	18.82	39.12	117.16
112.2	11.86	45.5	21.09	8.09	16.46	39.05	113.47
107.21	15.66	43.45	22.31	9.91	17.94	44.24	130.35
121.26	13.15	39.06	20.11	11.2	17.63	44.58	102.31
132.85	11.88	50.5	21.04	12.02	16.73	41.39	123.85
117.91	12.29	31.13	21.97	10.24	17.05	42.06	127.7
134.79	14.41	39.97	21.12	11.35	19.94	37.36	132.67
91.68	13.95	32.83	19.06	9.16	18.61	43.69	120.14
122.28	13.28	36	17.22	9.75	17.32	39.48	97.42
124.31	13.58	44.24	18.78	9.98	15.86	43.01	116.49
120.96	16.13	42.59	18.75	9.48	20.61	41.96	140.22
138.29	14.1	39.84	17.61	9.59	18	37.88	110.51
130.17	14.63	42.09	19.22	10.19	20.19	39.78	98.12
112.39	14.41	33.79	23.6	9.01	17.27	36.01	119.03
115.43	14.06	39.74	22.94	10.56	19.43	41.86	113.02
129.49	13.94	34.5	17.99	11.15	16.22	40.61	108.03
108.52	13.63	40.85	22.94	9.9	17.42	37.8	114.31
140.54	15.15	39.76	22.82	10.83	18.99	40.33	104.16
117.32	14.11	37.91	20.15	9.48	20.29	35.66	128.95
101.2	13.48	41.69	18.98	8.85	18.34	40.66	123.59
109.37	15.3	38.09	18.96	9.46	18.19	39.33	127.39
119.92	15.08	38.64	22.6	8.03	19.26	45.26	106.3
112.42	13.47	42.98	23.59	8.27	20.36	38.79	107.01
121.2	14.23	30.42	19.84	9.07	17.09	41.21	118.87
121.81	15.36	37.54	20.37	9.84	20.44	43.25	127.51
112.66	14.92	33.69	21.03	8.64	15.59	42.95	120.3
107.73	14.96	37.58	17.14	11.43	17.63	39.34	103.77
107.84	11.31	36.69	22.37	8.62	15.33	38.38	80.51
148.64	12.96	40.21	16.65	10.44	18.45	37.5	130.18
128.33	12.37	39.87	17.8	9.1	19.68	36.31	121.79
111.52	14.74	35.24	23.02	10.47	19.96	41.73	90.24
124.67	14.7	39.58	16.94	12.77	18.33	42.12	103.74
116.51	14.76	31.32	19.72	10.37	17.2	36.6	101.68
129.28	13.85	33.16	19.08	7.75	17.52	43.42	100.11
130.5	13.48	35.94	19.41	9.47	18.65	39.08	119.41
105.5	16.72	36.25	20.14	10.18	18.21	42.56	113.3
122.98	12.7	36.25	20.53	9.32	16.95	34.82	113.6
104.03	11.79	42.12	17.6	9.75	20.48	43.04	94.15
122.71	14.77	33.97	19.95	9.63	16.01	38.72	99.63
119.44	14.3	39.38	18.88	9.22	18.93	44.03	116.61
143.65	13.66	39.11	17.45	9.42	19.61	35.24	118.7
112.53	14.34	34.74	20.03	9.53	17.73	36.15	132.57
121.19	16.61	44.28	20.26	11.25	18.92	39.71	111.5
140.69	13.8	47.05	23.39	10.46	17.29	48.25	130.45
107.86	11.33	37.51	18.29	9.15	17.51	43.27	140.48
119.92	13.19	43.29	18.85	10.23	16.31	42.68	121.26
108.15	15.94	37.73	19.02	9.47	18.95	35.7	109.53
103.19	12.62	34.41	22.88	9.12	21.71	42.33	99.72
96.86	14.37	39.18	21.91	11.38	17.1	33.51	111.11
94.47	14.24	36.26	18.57	9.4	19.42	32.43	98.73
113.53	15.83	38.54	21.9	9.26	17.16	40.53	106.5
103.38	13.35	48.03	22.4	8.64	22.4	46.35	93.99
111.36	14.62	37.04	23.73	9.25	15.48	41.6	111.18
117.41	14.05	37.19	22.37	9.65	18.03	43.12	133.88
126.16	14.88	41.07	18.16	10.54	19.4	39.01	115.07
124.08	14.27	36.76	18.95	9.08	19.35	40.68	108.03
119.22	14.59	37.17	21.26	8.98	19.42	32.97	118.68
129.81	15.73	40.39	19.82	9.18	16.96	39.13	106.89
115.8	10.58	41.77	21.96	8.15	17.82	42.34	115.35
112.14	15.63	34.53	17.49	9.23	20.65	43.21	122.41
109.42	13.65	37.9	21.41	7.47	19.39	39.92	112.05
109.7	13.2	43.99	22.24	8.93	15.72	40.52	117.3
113.91	15.31	37.68	20.35	9.56	16.63	42.82	140.59
124.34	15.54	34.91	21.31	11.56	18.22	41.18	141.99
110.42	12.41	38.42	22.61	8.21	18.34	41.82	109.22
100.57	14.03	44.07	19.51	9.58	17.53	44.22	102.15
112.29	15.92	36.08	19.63	8.78	18.54	43.53	108.67
99.47	13.3	41.58	17.69	8.78	15.7	40.19	104.3
108.17	13.3	40.38	17	10.08	21.43	33.56	102.38
117.22	15.08	40.51	21.24	10.27	19.08	44.02	121.39
135.54	14.83	39.37	21.06	9.67	17.75	35.58	119.53
109	14.48	35.39	22.79	9.37	18.39	40.77	115.75
106.68	16.65	41.77	21.04	11.18	17.69	44.22	129.16
131.17	13.59	39.88	21.41	10.99	18.42	41.45	119.86
126.8	14.06	37.73	23.89	9.76	18.66	39.02	100.78
113.01	13.3	38.13	18.22	9.79	17.49	36.81	118.79
112.44	15.3	34.47	18.85	9.8	23.59	46.17	120.63
117.7	17.38	41.01	18.26	10.91	17.97	40.65	112.77
112.24	13.95	30.22	20.36	8.26	17.57	37.86	103.35
111.15	15.39	42.41	18.43	9.23	16.92	39.06	105.28
93.07	14.5	35.55	21.31	9.6	18.57	38.98	119.49
120.18	12.37	27.19	17.56	9.22	21.21	40.94	103.02
117.21	13.18	34.62	20.7	9.41	16.62	42.12	96.18
138.51	14.82	40.09	19.72	11.59	21.16	34.16	120.99
108.45	16.4	41.83	21.71	9.87	16.75	41.84	125.18
110.76	14.09	34.76	17.18	10.75	20.69	40.75	152.98
109.1	13.48	31.67	18.61	8.82	20.12	38.06	113.68
109.39	14.58	37.9	18.75	9.13	15.91	34.95	101.27
122.51	14.43	36.15	24.02	10.81	16.73	39.37	119.65
116.12	14.5	43.39	26.56	9.13	16.11	35.38	103.84
109.05	14.78	39.81	20.1	11.52	19.67	50.45	96.48
128.1	14.02	37.21	16.72	9.44	17.85	39.02	113.83
126.55	13.15	34.12	22.81	10.1	21.38	41.81	120.61
108.17	15.8	33.65	18.28	8.08	20.26	42.2	101.93
109.79	13.34	41.57	20.48	8.17	20.26	41.74	113.61
104.09	13.6	34.36	21.48	11.73	20.5	38.86	113.84
104.07	11.96	37.4	16.99	8.19	17.07	46.33	112.96
117.38	10.47	34.19	24.67	9.74	19.23	41.69	125.79
116.54	16.48	39.13	22.84	10.27	19.71	38.19	129.79
129.02	14.15	35.72	16.85	10.29	15.8	47.22	116.96
115.75	14.03	40.74	19.22	9.04	17.13	42.33	114.95
107.47	15.61	35.6	19.67	11.02	19.92	37.07	93.86
132.67	13.63	41.61	20.62	9.24	18.53	33.69	128.5
121.11	13.9	40.28	19.39	11.51	18.19	43.02	127.91
127.52	13.83	37.77	21.26	9.89	18.6	37.27	120.65
127.99	12.23	38.02	18.94	11.41	20.68	38.88	102.15
112.5	14.04	39.62	24.06	9.71	17.21	45.86	115.08
129	12.65	38.91	19.02	11.1	17.7	40.74	120.09
126.08	13.16	39.85	19.53	10.5	18.16	43.85	125.48
117.22	12.03	39.21	19.35	9.13	18.54	44.54	107.85
102.48	15.03	35.94	21.36	8.13	21.48	36.27	124.38
114.22	15.35	38.44	26.04	10.55	20.21	35.79	126.55
125.85	13.2	33.81	21.21	10.55	16.4	43.66	110.67
107.05	14.2	38.88	19.05	9.29	20.42	42.14	114.48
106.92	12.35	39.07	18.01	10.63	18.75	42.76	111.63
127.55	14.13	38.75	17.56	10.18	17.22	35.67	121.59
127.5	17.91	36.36	22.45	8.83	18.86	40.94	136.16
112.9	13.11	30.71	20.43	10.62	22.16	39.06	116.54
133.43	13.68	35.93	19.87	9.64	20.94	38.36	124.19
105.05	12.21	43.71	20.84	10.05	16.32	44.68	97.1
119.16	14.72	37.48	18.62	9.27	18.72	45.42	106.6
125.55	14.18	37.25	26.21	8.88	20.26	40.97	121.04
99.82	15.34	34.3	22.18	9.62	13.94	43.28	112
94.13	14.38	31.57	20.85	9.22	19.17	40.64	125.59
108.08	17.34	38.51	16.08	9.57	17.38	38.53	112.01
109.37	12.46	40.5	19.2	10.29	18.61	48.54	104.53
103.39	13.42	32.55	18.01	10.54	17.9	40.62	107.99
134.85	15.64	36.07	18.62	9.51	17.81	42.24	129.79
118.88	15.37	36.48	22.62	10.94	18.15	33.06	104.93
109.03	15.44	31.34	22.23	7.76	16.88	38.75	120.57
112.3	13.83	38.31	16.59	8.87	19.66	36.93	107.72
107.27	13.16	42.22	21.21	9.53	19.98	34	125.13
107.92	12.84	34.45	22.21	9.52	18.76	44.68	122.48
100.17	15.75	36.65	22.07	9.37	17.72	38.2	118.83
124.69	17.51	39.26	18.3	9.45	18.26	37.91	112.8
110.74	14.88	41.91	19.53	8.69	16.9	37.06	131.43
113.6	15.93	37.24	18.34	9.92	18.6	44.83	107.49
140.61	14.15	32.5	19.47	12.31	19.86	41.44	120.37
118.59	13.9	41.1	20.25	9.35	20.97	47.68	100.9
128.5	16.4	37.19	17.47	9.78	19.51	33.02	110.67
101.9	12.39	34.12	22.64	8.39	21.93	40.18	121.25
113.16	14.81	37.08	21.55	10.32	17.78	45.54	115.62
116.29	14.2	36.22	22.29	9.97	14.78	42.81	121.84
133.73	16.27	37.75	19	10.96	17.28	47.39	109.73
108.95	15.33	39.28	21.39	12.57	16.9	39.28	135.98
124.28	13.57	35.38	18.4	9.62	17.52	36.43	139.57
107.11	15.31	41.62	21.73	9.15	18.96	39.02	109.36
128.82	14.97	38.52	19.53	10.14	18.81	47.84	125.92
112.44	13.83	39.71	19.7	8.17	17.16	35.77	115.84
94.52	14.82	31.71	15.64	9.59	20.27	37.92	108.83
105.85	12.23	38.88	19.07	8.29	20.34	37.95	102.79
133.2	13.23	44.32	18.47	8.91	19.72	45.19	128.41
119.17	13.67	35.02	16.1	9.17	20.89	43.62	130.8
107.23	14.66	34.67	19.32	8.61	17.98	45.23	112.46
103.12	16.51	42.23	22.73	9.06	17.47	38.45	121.17
117.73	14.66	34.98	20.64	8.81	21.15	45.61	113.91
138.6	15.54	40.58	19.02	10.35	14.65	35.67	123.26
98.08	17.53	32.59	20.42	9.12	15.25	45.82	101.05
114.67	15.19	34.68	22.47	10.78	22.25	42.29	128.56
102.87	15.37	41.54	19.38	8.98	19.99	44.32	115.78
114.65	14	38.71	22.81	7.77	22.2	35.68	99.56
101.12	14.33	33.69	20.29	10.05	15.3	40.41	115.53
112.22	16.45	39.02	18.79	8.68	16.57	36.13	98.26
117.4	13.05	39.21	19.49	10.36	20.34	30.4	115.45
119.02	13.94	42.47	22.15	12.03	17.33	39.09	133.04
121.86	13.12	36.06	17.85	10.09	17.93	48.02	118.24
101	10.88	35.85	19.48	9.44	20.7	45.06	115.43
121.35	14.34	35	22.73	9.68	20.09	35.78	111.66
98.88	13.56	38.18	19.77	10.09	18.19	39.11	116.98
124.22	13.36	38.31	18.73	10.42	20.39	41.45	98.78
124.26	13.86	42.11	22.34	10.56	19.96	34.47	95.59
107.58	13.98	39.01	17.94	9.68	15.9	44.35	114.96
113.7	15.15	40.52	19.95	10.05	19.06	38.39	112.84
115.23	16.61	30.14	19.17	9.1	17.49	37.82	115.79
115.12	15.14	36	18.58	10.52	17.87	48.25	106.94
130.71	14.75	35.39	19.31	8.03	18.43	44.56	119.26
131.9	13.76	37.74	20.61	9.64	20.58	44.05	110.4
109	12.87	34.48	24.27	11.25	20.05	39.79	113.83
97.19	12.75	33.54	17.8	9.19	18.43	35.41	106.88
118.26	13.29	42.85	20.76	10.82	19.37	39.04	119.68
129.36	14	44.19	18.81	7.54	19.36	36.24	121.02
123.84	12.15	35.71	23.43	8.77	17.59	41.42	127.08
99.24	12.98	39.45	19.96	10.1	19.9	38.19	107.27
132.1	14.99	31.82	17.58	10.42	19.22	42.54	98.88
96.68	13.54	37.59	22.13	9.67	17.96	45.14	100.17
114.38	14.46	37.66	22.79	10.06	17.1	41.57	95.11
101.9	14.76	43.72	22.91	8.57	16.41	38.59	117.88
96.03	14.33	37.49	17.53	8.11	18.41	40.24	117.33
104.6	16.27	41.85	18.62	7.94	16.98	36.53	124.26
129.18	15.05	37.97	20.88	8.72	17.62	33.82	113.26
108.04	14.39	34.51	18.59	12.36	16.52	46.27	111.75
104.11	11.79	41.01	20.83	8.32	21.8	45.93	116.65
119.28	14.39	31.54	23.12	10.48	23.01	37.33	131.76
108.23	13.25	36.83	18.85	9.71	18.72	36.13	117.42
124.82	15.59	35.02	20.4	10.42	20.8	41.13	108.78
107.62	13.91	35.78	20.79	9.28	18.53	41.64	119.76
124.57	11.21	34.57	19.49	8.5	14	41.13	127.8
124.98	11.5	41.32	20.08	11.01	19.89	37.56	121.18
115.03	12.07	44.02	20.24	11.11	18.12	38.81	99.39
130.85	15.09	40.14	19.56	9.75	20.5	45.8	99.36
128.6	13.9	31.8	21.04	10.35	17.03	37.75	126.39
112.69	16.05	37.13	19.51	11.35	16.64	37.39	117.43
125.79	16.08	32.46	18.61	7.29	18.8	38.19	109.97
97.86	13.3	35.25	20.92	9.18	20.7	39.39	104.89
98.74	14.04	39.5	21.05	10.37	18.72	30.48	117.61
113.51	14.92	38.15	16.33	8.96	22.09	44.08	114.71
102.99	14.24	39.95	19.63	8.19	18.94	44.46	129.6
97.4	14.53	31.02	17.61	9.24	18.26	32.85	112.42
119.61	11.99	40.74	20.49	9.43	15.2	44.87	129.69
97.03	11.3	43.09	19.21	10.53	19.72	37.99	117.93
130.59	12.74	41.39	20.84	10.07	17.96	40.57	99.74
100.69	13.32	35.34	17.96	9.56	19.64	39.55	99.65
111.76	13.03	32.28	18.11	9.74	18.88	37.69	109.24
112.81	13.6	38.59	22.42	9.53	19.01	47	105.05
120.73	16.25	43.67	19.22	10.04	19.81	43.75	120.55
144.59	14.76	33.28	17.89	7.83	20.08	41.3	100.79
123.07	13.36	36.18	16.39	9.68	19.97	40.18	137.33
99.89	13.71	38.28	18.41	9.02	19.68	44.35	113.4
110.86	14.45	46.31	16.86	10.52	17.7	42.97	102.53
115.43	15.76	40.73	20.09	9.96	19.37	44.33	120.36
103.67	12.84	36.92	18.18	10.18	17.26	38.4	105.7
111.28	14.27	38.64	19.56	9.3	19.05	38.25	121.19
114.22	14.79	36.68	18.23	11.11	16.86	42.56	119.95
108.16	14.49	38.98	21.72	9.2	20.81	44.77	117.57
97.39	13.19	39.53	19.17	10.27	15.69	44.51	99.92
104.63	11.98	40.33	15.84	9.95	19.66	39.69	106.47
101.36	15.08	41.41	17.88	8.25	18.24	39.13	117.51
109.91	14.58	35.95	20.49	9.62	20.05	34.77	111.61
139.17	12.35	38.48	21.93	9.46	16.99	34.8	104.09
124.77	14.63	41.83	21.81	10.42	21.47	44.91	116.03
120.19	14.83	32.44	20.28	9.78	16.27	45.79	122.99
119.94	13.51	36.91	20.1	9.41	15.36	41.24	113.45
112.74	13.33	37.45	21.38	11.4	17.87	40.95	121.05
96.85	14.73	36.41	21.84	10.59	17.22	37.79	107.27
86.95	13.71	36.9	20.97	10.03	20.82	36.38	114.17
107.12	16	34.58	19.76	10.05	18.24	33.82	118.47
111.52	14.73	37.8	21.61	8.45	18.56	40.3	113.96
125.74	14.25	34.34	24.01	9.39	16.85	42.31	121.59
123.42	13.44	35.55	17.87	10.33	20.92	38.8	128.36
105.12	16.68	38.1	16.34	8.02	18.03	36.64	102.32
133.09	14.06	34.05	20.58	9.68	22.42	45.09	114.42
124.64	11.96	41.73	20.67	10.36	19.43	35.2	133.35
85.07	13.79	37.75	17.4	9.8	22.52	36.59	107.27
128.24	15.74	37.89	20.14	9.13	19.2	35.34	119.47
113.51	11.51	40.02	17.48	9.77	19.28	47.36	117.43
119.85	13.4	38.88	21.52	8.5	14.85	42.18	112.64
89.11	13.03	37.01	19.72	9.79	19.89	48.59	105.59
124.72	16.1	40.01	18.07	9.85	17.01	50.35	100.88
98.84	13.23	37.49	18.74	11.39	19.54	42.64	146.11
113.18	14.7	38.17	20.97	10.72	16.46	38.58	109.29
120.85	12.42	39.66	16.95	9.33	18.13	37.23	110.74
129.53	13.87	33.36	22.36	10.73	20.08	43.52	129.49
118.69	15	37.73	22.34	8.09	19.91	46.01	95.65
125.02	13.95	36.73	21.19	9.7	17.08	37.51	125.02
114.07	13.37	35.93	17.38	10.07	16.93	42.86	120.7
137.34	13.7	41.79	24.27	10.44	18.86	39.58	116.08
115.91	15.83	41.58	19.64	7.98	16.97	39.58	122.63
98.61	13.51	33.29	20.14	9.51	18.01	39.4	105.12
119.79	11.72	41.33	18.69	9.83	16.71	40.39	108.14
107.19	11.76	38.55	18.4	10.05	20.96	30.87	132.97
110.12	16.41	33.68	20.49	10.17	15.34	43.38	120.18
105.24	14.46	37.34	21.31	10.41	17.91	40.17	136.82
121.18	13.07	36.51	18.48	9.59	17.88	40.84	100.52
83.03	15.1	32.18	22.23	9.14	21.78	43.03	127.25
103.77	14.83	37.96	18.97	9.43	18.34	32.14	109.93
114.93	14.58	38.79	16.83	10.15	20.75	45.6	121.64
122.98	14.03	41.94	21.58	9.6	14.06	36.62	114.06
128.1	13.88	37.09	20.85	9.78	15.69	34.39	141.53
121.84	14.06	40.29	22.34	9.92	16.28	50.01	112.7
120.27	14.43	42.83	17.88	10.22	18.81	40.17	99.88
116.48	15.15	39.57	19.76	8.59	20.97	46.86	113.74
111.96	15.63	34.98	20.34	9.82	16.71	37.71	104
108.98	15.73	33.19	21.87	9.48	18.2	34.09	104.57
103.25	13.1	34.36	16.81	9.69	17.41	36.75	135.11
101.98	12.82	35.07	15.1	10.77	17.71	45.24	123.52
123.56	11.78	32.1	19.57	9.29	17.86	44.93	118.29
104.49	13.36	37.41	18.35	9.56	17.4	38.68	101.14
116.05	13.33	35.43	21.62	11.3	17.49	44.06	114.13
144.21	13.49	36.47	19.94	10.36	17.22	34.75	110.31
115.17	13.31	42.56	19.01	11.02	17.63	43.71	140.82
97.71	14	35.83	17.69	9.56	16.51	40.06	90.49
111.81	15.56	39.01	16.27	11.15	19.59	39.68	112.65
127.69	15.88	41.65	18.69	10.15	20.18	44.46	101.27
115.56	13.58	33.23	21.46	10.13	17.23	38.1	116.1
107.58	17.16	46.12	21.5	8.76	18.99	35.16	104.45
126.42	13.12	37.18	17.67	8.59	17.57	37.5	126.37
109.22	11.72	34.19	22.43	10.51	16.67	40.22	147.62
107.88	14.77	36.15	20.57	9.38	18.92	33.53	112.29
126.84	12.83	50	19.19	9.39	20.64	45.79	120.99
112.14	13.1	37.82	23.22	9.99	16.73	42.97	117.5
112.52	15.17	41.65	20.5	7.43	19.47	38.31	111.4
120.44	12.35	41.53	18.63	8.59	19.33	40.76	118.24
89.86	14.47	39.38	22.55	8.55	18.49	43.97	103.78
138.93	13.48	41.78	20.46	8.25	15.38	40.84	107.36
135.83	15.02	39.35	22.31	11.55	19.25	44.45	112.94
112.73	14.75	45.14	20.66	10.6	21.07	47.57	119.98
88.04	15.49	33.84	19.01	10.24	18.95	34.52	114.68
129.07	13.65	34.65	19.63	10.06	17.45	36.98	101.29
102.31	13.64	38.57	20.87	9.11	17.85	38.41	112.4
114.21	13.62	34.96	18.13	10.5	16.45	36.77	106.49
118.75	13.5	44.04	18.81	11.26	18.52	43.03	113.49
109.39	12.3	40.88	21.56	10.29	19.59	40.79	127.2
115.91	12.92	38.16	24.47	10.19	16.95	45.35	115.38
99.14	15.52	42.69	20.14	12.34	17.49	42.52	110.34
105.26	14.4	35.44	18.77	7.54	17.2	41.05	112.17
122	13.33	40.76	22.67	9.49	18.45	37.44	101.75
121.96	15.54	38.81	22.45	9.05	18.55	38.24	121.98
134.57	12.24	37.1	19.38	8.75	19.19	49.04	114.14
110.65	12.67	41.17	22.09	9.29	16.32	41.29	113.85
111.6	13.45	42.21	19.53	9.75	18.29	43.78	99.86
106.18	14.52	31.04	22.97	9.47	21.16	35.73	121.91
101.33	15.16	42.9	27.09	10.04	18	42.36	110.51
103.36	13	35.64	17.58	8.82	17.29	41.08	109.11
111.12	12.19	30.24	17.09	8.9	17.64	48.81	110
117	15.17	38.22	18.55	9.53	21.97	39.55	112.04
127.3	12.92	39.54	15.57	9.77	18.32	43.07	105.28
103.24	12.38	42.87	23.06	9.23	19.76	36.7	94.18
123.82	13.93	45.77	16.65	9.33	20.26	43.33	111.16
122.66	14.48	44.52	20.2	9.59	22.31	38.36	126.82
107.43	15.74	43.34	22.52	9.93	19.98	36.24	122.43
122.3	15.93	34.56	20.15	9.35	24.19	37.52	108.64
118.57	13.41	36.21	20.06	9.64	17.18	45.92	113.06
108.72	11.62	40.35	20.48	9.79	18.86	39.52	115.37
117.67	11.04	36.72	17.32	8.85	21.57	31.88	118.4
117.56	12.97	38.76	21.89	8.72	18.57	42.5	117.08
111.5	13.96	37.72	21.47	11.35	21.18	35.51	123.9
134.08	15.92	35.08	21.05	10.99	18.06	44.94	116.68
120.53	15.81	45.66	19.1	9.43	19.66	32.83	122.29
132.76	14.1	39.53	22.57	8.46	19.1	38.39	122.09
111.13	13.42	35.75	18.8	9.6	17.04	42.36	108.63
101.39	12.22	34.58	18.64	9.24	19.85	39.44	125.36
105.12	14.52	35.33	25.32	9.83	16.93	46.69	108.62
114.28	11.7	33.67	20	9.98	16.75	43.86	128.65
104.95	14.52	40.38	22.18	10.9	17.18	40.24	115.83
100.74	14.45	47.99	18.9	9.63	19.17	40.62	97.65
133.21	12.49	39.65	18.24	10.76	16	39.61	109.59
102.56	13.01	33.79	24.47	8.63	18.13	35.43	122.34
103.5	15.73	32.82	19.85	10.74	17.43	43.62	122.2
112.27	14.62	40.2	19	9.61	20.71	40.35	108.24
113.27	14.28	39.56	21.27	10.19	20.96	41.75	106.68
119.72	12.56	33.25	26.3	10.85	18.43	39.13	127.26
120.76	14.04	35.02	19.74	9.83	15.29	40.91	134.91
119.63	14.3	31.15	19.68	10.19	16.47	36.47	105.78
115.5	14.92	39.19	23.68	8.43	17.04	47.06	120.05
112.3	16.58	31.53	19.82	9.98	19.92	39.18	103.74
109.81	12.41	42.59	21.18	8.73	15.92	35.21	98.25
103.92	14.92	40.21	19.38	10.06	20.95	46.55	105.63
103.63	13.87	34.1	20.51	9.31	21.13	39.99	106.24
112.54	12.96	39.97	16.9	10.63	16.56	43.58	101.9
107.59	14.4	35.88	18.28	9.23	17.65	39.57	115.21
108.95	15.96	37.23	22.59	10.08	20.29	40.22	132.67
83.48	13.77	34.62	18.07	8.71	18.46	39.09	109.09
113.92	14.79	38.57	18.74	10.2	16.17	38.94	82.84
115.99	14.15	42.26	20.13	9.11	15.06	40.19	115.29
134.41	14.54	35.07	20.01	9.55	18.36	39.22	109.74
106.11	16.71	38.19	17.91	8.02	16.6	44.76	114.79
106.59	14.43	38.35	18.68	10.31	16.43	50.96	120.52
126.44	10.01	37.39	18.93	9.97	17.63	39.71	103.87
130.17	15.82	36	23.3	9.81	18.07	37.51	133.24
113.08	15.77	39.57	21.33	10.79	18.65	37.76	103.08
107.92	14.57	31.47	17.01	8.7	19.02	45.51	95.37
92.28	14.32	42	17.15	9.93	17.21	46.08	92.37
94.54	13.57	33.89	22.62	9.12	18.14	39.88	103.48
118.21	16.37	43.3	18.37	8.61	16.21	41.61	125.34
107.85	17.06	35.54	19.72	10.46	21.82	32.85	123.54
97.97	14.06	41.73	23.83	9.33	15.62	47.78	115.47
115.48	14	37.61	21.61	8.19	20.47	40.03	109.1
99.41	15.35	43.31	20.23	8.99	17.8	46.58	101.12
115.43	13.79	41.43	21.22	9.99	18.02	46.72	87.96
115.4	15.37	35.14	20.47	8.81	15.37	44.47	104.72
129.99	13.39	32.14	19.96	10.87	18.38	43.47	102.04
95.03	13.6	41.51	20.25	10.12	21.08	43.28	103.96
114.18	14.17	41.62	19.93	10.25	17.08	47.51	122.02
114.65	11.32	40.24	23.24	9.63	20.23	37.3	111.94
94.66	15.4	38.49	21.97	9.71	17.79	41.63	131.05
127.26	13.68	31.89	21.06	11.17	16.71	38.35	130.11
124.82	17.38	39.28	17.45	9.52	18.97	43.82	106.83
113.51	13.52	34.62	19.83	9.11	16.44	37.75	103.16
106.51	14.23	42.35	24.76	10.72	19.11	40.66	126.74
103.6	14.89	32.56	20.95	9.69	19.31	41.6	116.39
132.81	15.5	43.9	22.75	10.34	20.39	40.88	110.97
113.31	11.34	33.99	18.15	10.62	20.26	36.44	113.17
117.48	14.11	30.4	20.19	9.55	18.52	48.02	116.21
124.66	13.69	32.46	19.9	8.84	18.62	35.09	112.73
99.96	12.48	39.8	18.38	9.89	22.66	34.75	127.61
125.02	13.33	38.2	21.81	10.41	18.6	39.79	97.85
127.67	12.37	35.01	22.99	8.37	21.65	40.72	116.89
112.55	14.48	41.1	17.09	7.5	18.94	44.91	103.36
121.41	12.14	39.14	21.22	7.91	18.01	42.18	128.45
120.57	12	32.47	18.84	8.21	18.81	40.96	116.54
95.38	13.7	33.76	19.12	8.96	17.1	44.2	90.42
112.66	11.37	34.7	18.1	9.41	15.76	42.98	143.32
111.53	13.14	36.89	18.1	9.29	17.66	40.64	114.54
118.63	13.11	35.58	22.97	8.72	19.42	43.06	103.53
97.89	14.91	41.73	21.36	9.84	19.07	35.85	127.97
113.78	16.13	31.85	17.42	10.62	17.44	38.07	118.07
99.35	12.93	32.38	19.26	8.86	21.02	38.63	111.04
137.61	14.87	40.72	20.36	10.23	20.31	38.58	125.83
94.95	13.69	41.4	20.59	9.45	14.64	47	99.76
134.72	16.74	30.29	18.89	9.69	18.27	39.45	114.83
119.95	16.93	38.72	20.7	8.75	18.5	37.63	116.79
118.05	13.78	41.05	22.34	9.21	16.11	39.5	122.45
109.22	11.18	32.23	19.09	10.12	15.2	32.58	136.74
124.03	13.51	36.05	19.91	9.67	19.68	42.29	118.86
105.07	14.05	36.62	20.42	10.29	18.53	42.01	99.17
124.78	13.31	39.76	18.79	9.64	19.46	41.31	135.33
104.4	16.31	37.28	18.92	9.32	15.31	42.24	127.3
107.65	13.93	31.36	18.21	9.35	16.32	38.04	107.93
114.29	13.06	45.06	16.85	9.87	18.06	38.72	117.07
117.9	12.89	38.23	18.11	10.02	17.81	41.53	107.92
115.22	13.02	38.33	16.68	10.82	19.32	40.73	139.56
97.96	16.48	31.11	17.89	9.97	18.56	42.47	109.06
126.68	12.03	40.91	18.03	9.75	21.85	39.81	126.5
120.1	14.1	41.86	19.42	10.57	19.69	35.46	99.66
112.52	13.07	39.98	18.14	9.83	17.46	32.6	111.73
113.42	14.51	31.98	17.75	9.76	16.79	42.03	106.92
113.11	12.99	38.96	18.96	10.78	20.57	41.5	116.31
116.23	12.74	36.48	18.98	10.45	16.21	38.7	121.15
111.53	14.77	41.37	18.18	10.9	18.91	33.67	99.92
102.17	14.2	40.85	22.43	9.46	19.01	41.05	125.22
99.31	11.35	40.44	17.73	9.09	16.79	38.85	110.08
104.96	13.22	39.45	19.1	9.63	17.96	45.87	107.88
127.2	14.81	39.15	22.59	8.62	14.63	49.52	126.26
120.47	13.83	41.23	18.36	8.93	21.28	37.23	116.74
109.19	13.29	34.62	17.89	10.2	17.39	30.99	107.45
110.45	14.05	41.91	21.71	9.35	17.04	40.12	113.27
98.86	13.59	41.44	22.61	10.41	20.85	39.03	102.68
112.94	13.47	43.04	22.85	10.58	21.04	41.47	115.05
112.62	13.48	45.94	23.61	10.3	16.73	38.95	132.88
111.37	13.35	41.48	20.97	10.92	19.52	40.56	113.14
103.8	15.07	34.54	19.99	10.94	18.33	40.14	130.7
112.72	14.2	39.4	19.3	9.32	19.39	38.71	114.13
116.2	15.17	39.31	18.73	10.29	17.93	47.96	111.04
109.35	14.48	36.64	21.84	9.38	19.41	41.28	109.5
121.74	14.69	44.46	18.44	8.43	17.13	37.74	101.12
124.24	11.82	37.58	23.02	11.63	21.06	30.21	122.88
123.38	15.38	32.44	19.89	10.89	21.61	35.26	124.4
113.57	11.65	33.95	19.89	8.57	17.17	39.2	126.51
128.2	13.14	31.91	21.39	9.27	17.7	42.43	123.23
100.03	14.71	39.19	18.83	10.08	18.15	49.14	126
131.58	15.49	30.3	19.76	9.77	20.87	40.85	114.56
127.57	14.63	39.08	22.66	9.72	17.87	36.35	118.23
115.88	15.42	40.57	19.68	8.14	17.7	47.24	95.39
118.65	13.21	38.44	18.54	9.54	19.57	38.96	117.79
112.63	12.9	40.6	23.64	9.04	18.25	40.79	118.57
119.82	12.4	45.3	21.64	10.77	18.75	45.44	115.56
91.59	16.24	40.14	18.84	8.95	18.67	45.04	95.45
111.95	14.83	37.84	20.92	8.81	16.99	40.19	118.89
120.83	15	34.68	20.29	8.32	19.42	45.43	96.87
134.31	14.39	39.83	21.58	9.46	18.69	37.73	115.81
97.16	14.33	36.95	18.39	9.25	18.88	43	107.17
115.35	13.77	44.5	17.53	10.05	17.28	42.3	98.78
118.99	13.84	32.44	21.04	9.52	18.43	40.05	104.49
121.75	13.58	34.32	21.5	9.33	17.85	52.27	123.31
119.04	17.92	36.15	23.59	9.06	19.43	29.59	105.16
110.67	16.22	39.73	18.72	9.98	16.82	43.22	118.53
93.68	11.57	34.85	18.74	7.95	17.75	35.19	113.16
108.41	12.8	35.14	19.87	10.67	17.01	43.77	122.17
96.43	12.89	41.01	20.27	10.43	18.13	37.81	137.2
136.79	12.63	42.67	19.82	11.03	19.47	48.97	113.58
118.57	13.01	40.7	21	11.81	23.03	43.1	108.51
125.07	12.27	37.03	21.04	8.43	17.03	44.97	83.13
100.18	15.44	36.16	17.55	9.84	17.52	39.62	117.63
130.88	15.78	33	22.25	10.27	17.32	47.54	119.26
103.3	15.78	42.64	18.31	9.79	19.05	38.67	98.46
128.14	16.57	35.53	22.96	10.6	20.06	34.42	136.77
112.9	12.67	45.82	18.19	9.74	16.67	42.71	122.33
124.51	13.59	37.3	20.26	7.74	16.53	44.1	120.73
107.86	13.77	41.72	19.52	9.45	18.91	41.44	120.67
110.58	12.32	40.57	23.4	9.38	16.91	40.21	110.18
118.27	15.17	42.32	21.22	9.65	19.94	40.63	86.27
121.95	15.26	34.38	17.06	8.88	14.21	32.85	124.78
96.23	12.15	38.72	22.3	11.48	20.05	41.33	131.58
132.37	12.9	39.14	17.59	9.73	19.54	35.86	104.97
126.66	15.14	41.46	23.25	10.97	16.9	48.41	117.1
126.25	12.16	34.41	19.35	9.11	17.17	40.02	111.9
108.76	14.99	31.77	20.46	10.61	19	47.35	110.86
113.78	12.19	36	19.94	11.74	17.34	48.37	95.15
104.13	13.02	39.03	18.46	10.23	16.74	40.96	113.15
110.15	16.73	41.14	19.89	9.4	15.9	42.94	110.74
109.35	12.83	40.97	19.61	7.58	22.16	34.37	106.84
131.17	12.95	38.8	19.19	11.72	19.24	42.79	118.77
94.25	14.7	37.87	19.92	9.73	18.07	44.29	108.29
102.94	15.85	37.36	22.09	8.45	19.35	35.59	103.75
116.43	12.99	42.33	19.56	10.98	20.49	40.79	115.61
113.65	13.81	31.09	21.06	12.21	16.64	39.37	111.2
108.19	13.72	37.83	19.01	10.71	17.49	42.68	126.08
104.6	12.93	37.7	20.02	9.75	20.02	46.45	111.75
119.19	17.09	37.58	18.37	9.65	17.59	45.82	118.87
116.89	13.86	37.96	18.24	9.66	20.56	43.81	112.33
130.56	12.68	39	21.49	9.37	20.9	47.62	110.39
94.98	13.83	35.85	19.34	8.31	19.54	35.74	107.31
112.92	14.04	45.62	22.49	9.33	17.58	43.84	104.28
110.1	12.56	45.6	21.66	8.67	15.8	43.41	119.7
101.89	13.56	33.11	19.22	9.09	20.29	42.5	100.45
145.2	14.3	42.34	21.5	9.97	16.36	36.76	106.26
116.43	16.79	31.83	21.28	9.96	20.48	41.43	105.86
112.59	14.12	44	18.21	10.48	20.42	37.53	107.98
121.6	15.41	46.34	20.58	9.83	15.33	39.54	109.22
113.45	15.63	33.75	18.12	10.06	19.04	40.44	121.29
117.46	13.91	36.8	21.16	11.5	23.16	45.36	117.2
112.07	14.74	38.86	21.48	8.03	19.88	39.16	113.69
111.36	17.32	36.48	23.24	9.47	16.96	33.98	110.56
102.17	16.08	36.33	18.25	9.38	16.08	43.39	102.14
137.11	13.85	31.58	14.92	8.57	17.01	40.47	123.82
109.64	13.68	36.85	19.6	9.49	20.05	48.46	115.16
123.91	15.54	34.02	18.88	8.58	15.71	38.94	122.07
124.11	16.04	41.12	20.13	10.37	14.72	40.14	124.02
99.78	14.44	34.35	21.97	12.05	19.39	38.13	120.6
138.6	12.57	39.9	19.01	10.24	21.34	43.04	111.42
112.12	13.87	29.62	16.49	9.43	17.69	43.42	130.34
128.49	12.69	37.22	17.63	10.59	19.74	48.19	122.28
125.12	14.78	37.91	19.78	10.64	20.58	44.62	107.77
142.01	15.84	47.54	18.3	10.43	17.08	42.98	95.86
95.16	12.56	32.56	17.29	10.09	18.31	39.94	118.09
94.52	13.67	42.19	23.32	10.77	17.76	36.54	121.94
111.99	11.77	37.19	20.99	11.49	16.36	34.7	85.03
127.72	13.15	33.61	22.3	9.26	18.23	45.05	114.24
100.68	14.65	42.1	24.22	8.59	15.84	42.44	116.62
123.98	12.93	36.3	21.24	9.44	18.98	37.61	94.71
126.88	17.56	38.03	19.36	9.54	20.1	30.73	113.21
122.91	14.45	38.09	22	9.82	16.64	41.02	112.63
131.66	13.7	39.09	18.17	10.16	19.25	41.64	116.31
128.34	10.88	31.81	19.05	8.76	19.13	40.21	112.45
104.4	16.85	40.94	18.14	11.04	15.47	38.79	109.89
107.74	12.3	40.44	19.92	9.68	20.96	41.98	114.79
109.04	13.73	39.97	20.56	10.27	22.03	40.94	108.79
105.54	13.48	36.73	21.44	8.47	16.66	41.3	122.34
128.52	14.62	42.39	19.05	8.8	16.75	39.81	108.15
155.21	18	34.23	20.74	11	21.37	42.05	109.56
125.65	14.67	35.24	22	9.83	18.5	32.62	120.07
111.4	12.43	38.01	16.41	10.78	19.54	41.35	107.13
98.06	13.94	38.99	18.81	8.01	19.64	38.97	103.68
128.54	12.16	45.35	19.24	10.12	16.32	32.17	110.27
113.35	15.34	41.34	22.8	11.56	15.3	40.66	119.17
124.72	12.07	33.29	20.39	11.92	18.7	41.64	90.58
102	16.43	35.37	21.76	11.26	19.36	49.94	108.5
112.42	16.71	35.53	21.07	10.1	19	39.28	118.82
129.77	15.33	35.65	19.94	9.22	15.67	39.06	134.34
110.83	14.03	43.86	19.23	12.36	16.1	50.64	126.83
122.7	12.34	44.57	16.86	8.88	18.46	43.92	118.31
113.28	15.2	34.77	18.99	9.57	17.99	40.04	119.94
105.24	15.2	42.84	19.04	8.35	15.54	41.06	102.11
126.22	13.18	41.65	20.95	9.78	21.13	36.17	104.7
107.03	15.72	33.43	20.21	9.72	17.18	40.81	98.2
108.52	14.27	40.34	21.91	10.52	18.35	42.01	118.71
141.17	11.95	41.9	18.22	10.77	20.13	38.79	120.16
116.79	15.96	35.85	18.63	9.33	17.75	49.21	113.27
101.35	14.35	38.1	18.9	10.65	16.49	45.29	116.7
137.5	14.17	37.99	20.78	10.83	20.64	30.81	111.31
112.68	13.89	32.15	20.99	9.09	19.63	36.95	131.98
147.14	14.71	32.32	24.68	8.44	18.7	36.45	116.58
124.11	14.41	38.39	20.86	8.64	17.74	37.16	104.7
107.95	15.64	39.72	19.24	10.85	18.69	31.83	119.52
115.1	15.69	30.96	19.87	9.13	16.36	40.77	117.96
110.74	14.5	35.96	24.03	9.3	21.13	49.45	106.11
108.63	14.99	42.6	23.62	10.44	16.58	35.58	99.35
107.69	12.65	36.91	20.19	11.85	17.92	42.84	124.81
116.15	12.39	42.88	15.49	11	18.86	36.51	126.01
114.1	15.22	40.27	19.38	10.11	19.07	33.74	115.27
119.7	13.79	36.86	17.66	11.25	17.01	39.75	112.59
116.91	12.86	38.7	20.96	8.89	22.37	39.53	119.53
101.8	14.85	44.53	15.66	10.12	17.57	37.21	119.13
85.31	15.93	39.5	23.32	9.26	16.61	41.77	120.52
106.95	14.5	35.49	18.48	8.91	18.09	40.68	97.36
110.03	13.88	31.93	19.7	10.27	17.82	37.88	98.17
104.1	13.17	36.87	18.07	10.66	18.5	41.89	111.2
101.91	14.64	33.72	18.26	11.32	19.17	41.79	118.29
110.21	14.91	32.36	18.08	9.32	21.33	44.49	130.55
116.42	12.82	42.33	20.01	9.8	17.79	44.54	105.92
116.86	12.46	44.59	19.15	10.88	18.53	33.35	113.81
112.07	14.57	42.33	24.09	10.18	18.01	37.51	113.03
106.13	12.24	35.2	20.89	10.49	18.51	43.03	101.98
106.66	13.61	40.38	22.56	8.52	18.33	37.89	116.47
90.83	14.17	37.82	19.28	9.57	20.22	44.28	122.28
101.46	13.27	42.44	16.35	8.59	17.99	43.13	114.12
106.44	15.31	39.56	18.44	9.77	16.38	45.04	123.34
111.65	12.77	32.19	21.73	9.35	17.01	37.97	119.34
128.68	15.28	34.99	17.45	11.71	17.88	42.86	110.63
120.54	14.9	32.91	17.47	10.17	17.96	35.65	116.8
115.37	13.14	29.99	22.67	10.19	19.36	38.4	96.29
106.61	12.62	39.8	23.14	11.08	14.6	34.31	104.49
115.65	14.48	38.28	21.45	11.78	18.63	39.23	105.64
126.41	13.29	39.89	22.55	9.64	16.56	44.36	114.49
109.07	13.76	38.29	18.43	9.72	18.85	34.85	134.31
111.9	13.29	39.28	21.19	9.83	17.78	36.22	106.47
103.43	14.02	39	17.42	8.71	18.17	38.65	126.9
123.4	13.72	42.34	17.99	9.12	16.38	40.28	124.51
124.71	16.32	34.22	23.46	10.7	18.64	42.13	130.69
93.9	14.58	37.84	21.52	10.82	15.43	40.15	95.95
135.05	14.96	39.26	19.41	10.22	20.15	38.62	135.04
113.14	12.46	39.7	18.46	9.47	19.67	39.09	117.83
123.76	12.61	37.17	19.23	9.95	21.25	41	111.15
120.84	14.51	31.76	20.06	10.37	17.77	34.33	107.64
118	12.53	38.01	20.06	9.03	19.33	34.8	122.14
106.5	14.74	35.69	20.7	8.82	19.18	32.89	117.98
111.2	14.58	38.67	21.37	9.05	17.09	40.69	104.55
115.31	12.16	39.08	21.44	7.5	20.85	42.91	98.31
125.17	14.34	36.64	21.72	10.1	18.54	40.83	111.61
128.02	15.11	32.28	17.38	8.35	21.4	31.82	129.02
105.88	14.11	33.31	21.18	10.7	19.41	45.12	102.83
99.28	14.84	49.43	19.94	10.79	19.05	37.44	104.63
98	14.36	42.22	19.22	9.08	18.17	47.8	112.88
123.6	13.68	36.54	19.72	9.18	20.49	38.35	113.44
99.37	16.26	34.55	21.63	9.66	19.14	40.74	123.39
115.19	15.27	36.96	21.71	7.88	15.76	39.99	117.53
104.18	13.94	39.11	17.39	11.4	18.66	30.9	111.92
102.83	11.46	31.39	20.55	11.12	18.53	39.64	101.64
116.16	14.2	33.45	18.05	9.81	19.84	38.19	128.4
114.94	14.4	38.71	19.99	10.2	18.63	37.31	118.29
112.32	12.21	37.03	20.37	9.94	20.03	37.66	102.3
115.45	12.92	39.3	21.21	8.4	18.04	39.52	127.79
133.73	13.96	35.77	23.24	11.07	18.4	36.8	116.06
113.87	12.69	35.84	20.06	9.77	18.57	44.47	108.92
108.09	14.12	34.92	19.09	9.36	19.73	46.67	110.08
108.21	12.66	38.85	22.8	8.21	16.36	37.78	102.18
128.41	12.74	33.12	18.78	9.73	16.85	32.13	95.95
135.86	13.08	40.07	17.56	7.12	20.26	34.07	112.22
130.29	17.15	45.71	19.6	9.52	16.09	42.07	115.02
93.59	14.06	36.67	20.14	11.9	16.94	39.4	132.47
115.47	14.58	37.6	16.82	11.02	19.46	42.13	121.47
129.1	12.98	43.8	20.29	10.52	15.21	33.81	104.62
111.05	14.68	37.73	18.42	9.75	19.52	35.65	102.35
125.06	13.93	40.58	19.39	10.68	16.21	39.51	120.48
124.69	13.06	33.01	27.29	8.96	18.36	47.03	113.52
108.76	13.85	38.73	19.15	9.89	17.33	40.03	113.48
105.54	13.35	35.93	18.16	10.1	16.56	35.86	104.3
115.24	14.19	40.21	17.4	9.25	16.19	43.69	108.32
126.97	13.33	38.17	19.08	9.49	18.92	37.72	121.18
128.36	14.15	31.18	17.3	10.62	21.83	40.49	123.73
128.3	13.03	37.06	22.72	9.31	16.64	42.24	111.17
120.18	15.96	34.1	20.93	9.06	19.06	45.41	121.27
128.58	15.09	37.27	22.79	7.1	18.29	41.62	102.76
126.6	16.2	36.79	17.74	10.05	16.92	35.2	107.25
109.08	16.24	38.29	19.22	9.91	19.59	43.76	113.09
119.34	12.59	36.1	22.97	10.28	18.36	47.93	112.86
126.34	14.34	33.68	19.55	9.56	19.34	44.57	110.6
129.25	13.93	37.59	18.12	9.63	19.58	43.09	104.96
122.24	14.02	41.96	18.68	8.71	19.44	46.6	122.25
124.78	14.34	34.65	18.71	12.59	19.01	45.03	102.92
113.28	15.54	44.49	21.35	10.1	21.1	40.63	128.73
89.69	13.81	35.27	21.55	9.23	18.06	43.1	128.33
116.92	13.91	39.98	19.18	10.28	21.73	38.25	113.83
95.84	12.18	38.01	22.45	10.55	19.54	40.62	120.16
113.87	13.6	40.38	23.69	8.5	16.82	36.36	92.14
98.33	14.52	35.73	21.14	8.67	18.26	32.73	117.5
130.37	14.14	31.53	18.73	8.54	18.19	44.5	96.04
127.59	11.59	31.24	19.34	10.94	17.48	39.69	117.68
114.28	12.95	38.58	20.74	8.09	19.75	41.44	118.83
117.01	12.6	37.64	18.71	8.54	17.73	41.77	95.4
128.86	17.11	34.86	19.59	11.15	16.29	36.64	109.95
126.63	15.42	36.42	18.39	9.83	17.1	41.15	138.34
100.74	13.11	37.47	20.64	9.52	17.49	32	125.41
116.19	16.28	41.33	20.91	9.07	20.47	41.39	96.22
113.21	14.67	47.53	21.06	8.68	14.86	41.85	122.72
113.69	14.31	36.83	17.34	10.92	18.52	37.37	94.38
112.4	10.89	41.07	19.88	8.43	15.71	37.36	122.02
109.82	13.56	35.62	16.94	9.89	17.97	44.52	128.52
100.78	15.99	38.73	18.89	10.41	19.32	35.28	117.42
121.06	12.65	37.1	16.77	9.94	16.52	38.13	118.54
95.14	13.75	37.14	18.13	9.35	16.96	42.99	118.06
114.97	15	38.95	19.95	12.27	19.25	38.19	111.59
121.78	15.43	30.95	19.9	8.81	15.19	46.33	109.76
114.11	15.39	37.93	17.77	9.56	18.62	36.03	130.63
132.72	15.17	36.08	24.28	9.07	18.74	40.07	119.6
117.56	13.27	36.74	19.35	10.82	19.14	36.95	120.33
132.96	15.8	36.09	21.82	10.54	20.61	45.06	108.84
120.25	13.92	34.74	21.49	9.21	18.33	39.92	109.21
143.44	13.84	38.18	22.53	9.93	16.67	40.71	111.09
126.1	16.95	37.39	20.08	11.47	19.08	34.83	118.38
106.45	13.86	34.57	20	8.7	16.72	44.65	130.03
115.13	14.96	34.83	18.07	10.52	19.41	31.11	115.09
104.24	14.9	30.22	22.13	9.55	15.75	44.27	113.52
117.7	13.45	33.31	21.25	10.06	15.46	39.29	112.7
96.85	15.86	36.39	20.91	9.29	17.94	40.39	121.1
100.28	15.18	38.7	20.54	10.11	18.52	44.03	107.16
126.16	12.49	38.97	19.06	9.73	17.96	43.38	130.21
116.73	15.16	40.92	19.59	9.38	16.08	40.77	132.49
127.89	13.78	42.93	19.14	10.92	18.53	43.86	97
136.41	12.85	35.26	19.28	9.18	18.08	41.02	114.43
130.18	13.05	36.79	19.17	9.13	16.11	50.24	108.98
107.58	13.42	31.32	18.57	9.39	16.98	42.02	134.55
87.11	12.54	34.84	22.68	7.7	19.34	37.67	119.9
111.61	13.54	40.01	19	10.54	21.52	38.01	106.6
100.7	13.29	37.37	16.48	9.19	19.78	46.12	105.89
113.33	13.87	40.66	17.55	10.81	20.19	38.22	111.7
121.03	14.69	31.7	18.59	10.31	20.38	36.29	108.81
94.15	12.15	36.02	17.96	8.09	21.91	39.97	98.7
122.15	13.12	38.47	21.04	9.83	17.22	38.23	113.4
112.16	16.23	38.93	20.84	9.94	17.03	42.85	110.87
111.42	14.12	41.43	19.89	9.48	18.43	38.73	107.86
98.32	16.34	41.09	20.83	9.86	15.92	40.13	101.91
110.72	12.33	42.07	19.33	10.3	19.74	42.9	119.34
117.95	15.26	36.44	20.41	9.16	18.48	42.36	115.46
115.21	14.25	40.29	21.4	9.6	16.24	44.62	108.77
119.92	14.92	39.88	18.25	9.29	17.37	34.39	121.82
116.82	14.31	37.77	18.4	10.09	18.57	40.06	96.3
124.77	12.73	37.71	20.43	11.19	19.15	42.8	95.3
113.61	14.14	34.06	16.54	10.69	19.07	40.49	128.76
118.78	11.69	39.59	18.54	9.81	18.6	42.04	105.33
114.78	11.37	33.41	19.7	9.74	19.46	43.35	137.04
116.36	17.74	35.56	19.25	9.41	18.21	34.4	127.39
115.29	15.43	41.66	19.67	9.52	21.28	42.07	103.11
96.97	13.83	36.48	21.09	9.09	18.64	42.51	133.65
113.2	12.96	36.3	21.19	8.61	17	45.15	112.46
78.1	14.94	35.51	18.12	11.69	20.93	38.43	110.07
107.72	15	44.51	22.44	10.38	13.33	50.41	96.25
131.94	12.73	34.67	22.05	10.21	17.68	41.39	102.89
114.59	14.59	38.41	18.66	9.65	18.72	41.06	122.18
125.33	11.12	29.11	21.71	8.17	17.42	39.46	142.96
104.23	14.43	37.12	18.75	11.13	20.25	37.53	115.79
113.02	12.94	43.78	20.65	10	16.52	37.78	143.65
116	13.72	38.64	21	9.86	20.19	38.18	114.32
117.05	16.35	46.55	22.9	10.18	23.58	38.09	122.74
92.41	14.73	39.75	19.92	9.09	16.54	49.06	99.36
114.02	13.61	40.34	20.71	11.39	15.98	43.24	105.45
118.34	13.1	35.32	19.82	9.72	19.58	39.52	106.84
112.82	14.57	33.41	18.82	10.49	15.14	35.82	110.06
134.47	14.67	34.41	20.85	8.97	17.11	42.3	108.13
121.31	15.4	38.7	20.85	9.24	20.2	36.46	130.31
99.18	15.17	35.07	20.1	8.88	17.8	49.21	147.95
127.06	12.48	38.52	19.14	11.71	17.18	38.26	114.22
107.37	15.94	42.78	16.51	9.07	18.8	36.34	129.34
109.24	15.26	40.9	23.05	10.72	20.71	40.62	113.27
118.87	11.98	35.68	20.9	11.67	15.33	38.56	104.46
107.89	12.04	40.39	20.98	10.42	17.75	47.74	104.37
104.43	11.22	37.82	23.01	10.21	16.98	43.54	130.51
90.53	14.62	38.68	24.81	8.72	21.59	37.65	116.23
129.29	14.39	41.79	18.97	10.36	20.43	46.87	111.87
116.36	11.78	37.03	19.87	9.68	15.39	41.68	135.94
96.92	13.07	30.49	19.38	8.42	19.36	35.24	108.86
119.02	11.86	36.89	16.12	9.24	18.34	32.22	108.93
97.94	13	39.85	16.33	9.74	17.55	39	133.57
125.27	13.16	35.19	18.71	10.43	21.44	37.78	99.89
131.56	14.48	38.06	19.26	9.09	17.62	43.09	102.34
124.84	15.77	34.19	18.87	9.54	15.89	38.17	132.9
108.9	13.06	36.53	21.81	8.82	17.23	49.74	124.04
105.35	13.24	46.2	21.44	8.86	18.3	45.49	109
124.37	12.9	36	19.6	7.87	15.79	38.93	111.08
110.32	12.69	42.82	17.08	9.51	16.48	43	106.07
106.41	14.78	34.65	19.25	9.95	16.54	37.21	139.35
128.2	14.24	43.53	19.6	7.96	18.78	43.52	124.16
126.43	13.44	40.53	15.73	8.81	18.58	38.75	100.83
147.52	17.4	37.95	21.09	9.84	18.38	41.98	113.21
112.86	12.54	39.2	19.91	11.66	14.88	36.89	110.9
112.36	11.01	32.91	20.33	10.12	20.11	36.08	127.45
123.46	16.27	35.8	20.53	10.25	18.4	45.13	117.65
122.66	13.16	39.04	20.51	9.37	18.54	43.91	113.28
129.87	13.7	38.46	16.85	9.85	19.85	44.08	142.81
105.8	13.32	36.34	21.39	8.57	19.27	40.11	118.66
102.01	11.47	50.21	20.39	9.06	19.55	42.36	127.88
115.69	14.01	40.02	21.16	9.35	18.35	34.51	129.2
146.28	15.55	39.65	19.71	10.32	19.65	38.42	140.48
107.38	13.29	44.46	21.74	8.89	18.46	38.7	107.95
124.09	15.87	42.27	20.98	11.7	16.9	42.16	125.43
114.06	16.17	40.3	22.02	10.15	19.17	40	131.1
100.96	12.63	41.2	17.94	9.52	19.3	38.45	120.9
102.82	16.32	32.67	18.7	9.11	15.67	47.49	116.09
106.91	14.04	33.99	22.36	10.38	21.5	35.78	109.14
114.15	14.75	31.68	22.55	8.47	20.79	35.4	117.82
118.3	12.8	38.41	23.15	8.79	18.9	33.08	107.53
95.62	12.88	35.42	22.74	8.61	17.05	39.57	102.98
108.88	14.23	37.52	19.43	8.89	17.38	40.95	111.09
117.1	15.82	35.37	20.94	10.46	18.3	43.16	93.18
130.76	14.14	35.78	21.39	8.53	19.02	39.28	122.37
126.6	12.92	26.69	20.25	9.71	15.32	39.32	113.95
106.47	12.7	40.41	17.83	9.65	19.03	44.01	98.32
107.83	12.72	40.64	21.31	11.27	18.73	35.83	107.04
127.19	16.49	39.99	18.7	10.59	16.89	35.74	111.91
102.92	11.77	36.14	17.8	7.91	18.83	41.74	109.88
107.24	13.36	40.2	18.97	8.48	17.96	45.11	117.41
117.23	14.88	32.54	19.82	9.79	20.61	46.23	107.28
113.11	12.45	39.65	21.29	8.2	15.97	40.01	114.21
116.4	14.48	38.71	19.37	8.96	20.13	41.87	101.6
119.07	13.5	32.88	17.86	8.23	17.16	42.53	109.65
105.72	13.9	38.37	24.3	9.3	17.41	40.16	117.42
120.41	13.27	42.6	19.55	8.83	14.94	37.47	118.16
132.51	13.25	40.13	19.65	8.64	17.21	39.46	120.92
112.36	17.63	34.83	21.02	9.08	18.97	36.44	95.52
121.83	14.57	36.92	20.95	10	18.89	38.38	103.72
117.85	14.99	38.14	18.05	9.27	17.8	34.32	115.18
108.79	11.14	38.67	22.78	10.32	22.6	46.74	108.64
105.82	12.23	36.52	20.43	10.23	16.78	52.17	104.74
118.43	13.09	40.57	19.24	10.53	16.48	41.22	109.36
119.87	16	35.57	20.39	8.79	17.74	47.85	111.65
91.79	16.12	30.3	17.42	8.77	18.08	42.59	105.25
101.93	12.87	40.32	20.26	8.95	17.69	40.25	121.08
118.77	14.38	37.36	20.47	9.52	17.77	41.29	117.64
104.69	14.2	39.3	19.55	9.45	20.03	42.19	109.02
92.99	13.18	39.27	16.48	9.69	17.6	43.73	103.13
107.42	13.17	33.56	19.23	8.88	21.23	39.55	113.49
123.71	15.43	42.33	21.77	9.26	20.92	40.14	115.73
113.82	15.84	36	20.17	10.11	19.61	41.78	136.14
100.27	16.19	35.67	20.35	9.59	16.52	40.43	131.17
112.43	14.71	41.58	22.81	9.76	20.51	38.8	115.38
118.51	13.15	35.63	21.35	10.12	18.16	37.68	106.36
114.03	15.39	34.26	18.59	7.51	23.97	38.12	112.54
118.01	13.37	33.96	20.59	9.88	15.18	36.78	118.9
112.26	15.1	37.2	21.12	8.62	20.31	44.7	96.6
114.49	13.27	33.26	16.77	10.49	19.13	41.31	124.26
126.25	12.71	34.53	19.08	8.08	21.04	46.22	114.07
110.01	16.93	43.82	20.95	9.18	18.95	39.26	134.1
132.62	15.17	36.08	17.79	11.06	17.24	32.22	113
119.23	13.13	40.6	22.76	10.42	17.63	42.25	111.51
103.32	13.62	35.1	20.94	11.45	19.02	37.14	103.45
122.45	13.04	35.44	20.67	9.79	18	46.09	110.26
110.12	13.92	32.36	21.29	9.78	12.39	46.74	104.36
94.18	11.75	41.71	20.26	10.99	16.92	34.39	109.85
126.07	13.59	32.86	23.88	9.1	19.12	43.12	105.67
105.42	14.6	42.38	18.05	9.55	15.53	37.12	124.86
116.65	16.17	41.31	23.99	7.31	19.12	36.49	101.35
114.59	15.91	39.19	23.46	10.79	22.13	35.18	111.71
131.66	14.09	31.77	19.65	9.72	17.08	46.43	118.12
123.17	11.08	39.68	19.29	9.8	18.93	44.29	115.84
108.94	14.47	36.09	21.9	10.15	20.87	42.66	88.8
112.62	11.77	45.19	18.21	8.05	20.15	46.29	104.24
113.67	14.18	36.18	22.95	9.11	17.75	41.26	116.2
124.96	14.43	38.31	18.99	9.97	16.2	39.43	114.92
105.54	12.76	35.98	22.61	7.87	20.44	39.41	145.93
99.98	14.54	29.38	18.23	6.82	17.12	41.07	125.97
