9.41	64.54	33.28	10.97	21.91	47.9	11.1	87.84
11.02	62.95	29.09	11.71	22.62	61.3	11.81	77.54
11.69	62.08	35.88	12.56	30.21	50.98	14.06	83.27
11.79	62.22	37.62	12.76	23.72	51.39	12.54	87.33
9.8	68.47	39.06	10.14	29.41	45.49	13.03	81.13
11.77	72.92	33.79	10.65	23.28	43.45	10.09	83.89
10.94	70.86	34.58	10.19	25.06	44.47	11.6	88.32
11.18	66.09	27.66	11.93	23.51	42.73	14.37	96.15
11.21	75.16	31.81	10.31	19.35	54.11	12.42	89.77
12.44	59.37	35.95	11.04	28.66	47.67	12.66	87.5
10.63	74.89	36.21	10.37	28.72	53.03	13.94	95.99
11.22	69.28	27.96	11.36	20.86	46.59	14.55	84.45
12.67	77.6	31.94	10.86	25.82	47.85	11.91	89.75
10.62	74.63	37.16	14.2	22.05	56.5	11.64	102.76
10.63	59.9	34.23	11.07	26.13	49.88	10.26	103.18
12.41	67.6	34.17	9.37	23.16	49.26	13.29	79.87
12.27	67.74	35.52	11.08	25.91	44.51	11.3	71.67
11.74	73.11	34.44	11.57	22.71	47.73	10.74	88.77
11.2	69.97	39.12	10.29	24.17	44.21	12.07	88.76
10.2	57.72	31.26	11.68	28.24	46.81	9.94	90.65
12.13	76.64	40.59	12.16	26.25	47.88	12.24	90.13
10.47	75.15	38.58	8.71	26.1	49.49	12.6	97.75
10.75	66.26	34.91	11.48	22.22	48.66	12.57	85.94
14.29	76.56	33.55	9.79	24.12	51.47	11.25	77.83
9.7	65.73	29.75	9.71	27.39	46.29	10.98	90.84
10.58	76.95	32.02	9.98	24.56	48.86	12.93	85.13
11.07	70.09	32.78	11.48	23.18	50.52	12.64	107.62
11.87	68.27	30.3	11.93	27.68	49.14	11.64	93.79
13.2	68.38	28	11.45	25.37	45.09	11.24	92.4
11.65	69.65	33.81	9.84	24.69	50.55	12.65	90.85
10.11	90.4	37.19	12.29	25.08	43.2	11.19	86.02
12.61	63.33	34.64	9.05	23.2	43.68	12.93	104
10.55	72.93	44.79	13.08	21.29	48.18	10.7	91.25
12.1	60.44	41.29	9.2	26.61	46.2	10.41	78.43
10.59	80.49	32.14	11.35	27.18	42.71	12.83	91.76
11.97	79.48	34.16	8.57	25.5	40.52	12.82	102.44
10.92	76.36	32.44	10.84	22.44	48.24	10.46	80.41
10.92	64.22	26.79	10.88	18.11	45.52	13.5	74.05
13.08	62.1	30.81	13.45	24.9	45.52	14.07	80.17
10.67	69.68	27.87	10.75	23.39	42.64	11.44	88.41
10.2	65.03	33.67	10.09	22.84	39.22	10.93	94
11.02	76.99	27.33	10.68	19.19	58.54	10.67	90.32
8.88	70.21	34.86	10.05	27.7	40.89	10.3	74.12
12.13	69.59	31.85	8.79	27.75	41.91	12.32	111.79
10.13	58.69	37.12	9.88	25.84	47.27	13.7	86.62
11.63	60.17	29.4	10.72	21.43	50.34	12.7	80.17
11.18	66.05	31.95	11.13	23.71	43.46	11.77	88.48
10.7	66.8	33.61	11.49	19.39	47.28	10.81	98.74
11.53	72.57	36.2	11.49	24.77	42.08	12.41	99.98
11.36	65.21	36.13	11.74	27.62	52.77	13.84	82.46
11.55	81.34	34.37	11.59	21.68	47.75	12.29	94.38
11.85	70.18	40.61	10.79	21.32	50.68	13.69	104.02
12.39	90.37	27.5	9.02	21.63	50.78	12.64	84.83
11.48	66.67	27.98	11.16	23.06	51.16	10.35	94.21
11.6	72.54	33.64	12.03	22.01	48.89	12.83	92.26
10.79	66.5	34.65	11.27	23.03	51.12	11.34	85.16
12.51	64.03	30.34	10.52	26.46	49.29	13.5	84.19
11.83	66.55	29.47	9.81	26.48	50.05	12.56	87.13
12.28	85.2	29.79	12.66	21.26	58.75	10.94	92.35
10.23	69.66	36.25	10.78	26.79	47.16	11.14	98.48
8.79	58.35	33.99	11.57	21.72	43.5	11.75	88.08
11.04	77.56	30.78	10.21	21.47	42.81	12.85	96.92
10.49	62.71	28.5	12.17	20.59	51.84	11.86	95.13
10.7	71.03	36.68	11.71	24.74	46.49	11.46	77.6
12	66.04	34.39	11.84	24.56	53.02	13.82	86.12
12.51	65.81	30.89	11.9	23.03	45.62	11.01	93.69
11.32	70.18	31.1	11	32.27	45.51	10.79	86.03
11.23	57.06	33.15	11.14	27.18	54.16	11.98	69.63
12.29	73.27	34.62	8.1	22.71	62.11	12.27	96.25
11.62	67.02	30.65	11.36	25.56	44.77	13.62	89.63
9.41	71.15	32.13	10.18	23.41	48.49	13.99	87.4
11.3	68.29	35.25	9.96	24.48	48.74	11.43	100.65
10.73	72.09	34.19	10.16	24.07	56.45	11.05	90.83
9.71	78.81	35.77	10.56	20.44	50.8	12.14	80.01
10.43	66.55	39.22	12.8	27.55	55.48	12.13	101.19
9.48	72.06	29.26	10.35	26.23	44.1	12	79.56
10.6	66.21	39.52	10.82	21.8	45.8	14.19	76.72
11.39	79.91	33.56	10.27	20.97	49.67	13.28	84.39
11.69	64.51	31.21	9.66	25.52	52.66	11.39	91.91
11.64	84.14	32.78	8.94	17.36	46.5	12.2	97.83
10.34	63.47	30.25	14.01	21.48	42.88	11.69	86.67
13.91	75.6	37.33	9.77	22.67	46.92	12.8	84.37
12.14	67.93	29.98	10.62	27.63	56.79	11.64	84.23
12.07	67.02	34.8	9.46	23.22	48.08	12.65	84.84
12.26	70.55	40.14	11.33	18.63	49.35	12.53	88.14
11.74	74.42	37.94	11.67	23.32	43.86	11.41	75.49
11.44	71	30.72	9.72	22.31	43.4	12.57	86.85
11.33	75.46	31.86	10.68	22.08	54.55	12.52	76.93
9.73	73.1	34.69	12.75	24.23	45.56	11.94	97.9
11.16	76.68	36.68	10.07	26.41	45.21	12.47	82.03
12.4	75.02	26.92	10.28	25.02	40.27	12.93	68.35
11.13	72.13	30.2	10.4	23.64	47.56	14.9	96.47
12.32	54.01	34.04	9.53	26.64	55.65	10.82	91.03
10.29	72.77	27.45	10.07	24.64	47.07	12.03	82.28
10.77	81.48	36.42	11.06	23.32	50.23	11.37	98.76
10.1	71.52	31.06	12.17	20.1	42.06	10.66	89.89
11.24	73.07	34.19	10.12	21.5	56.44	14.01	108.14
11.86	73.43	27.9	10.24	23.8	51.81	11.99	82.97
13.99	74.85	28.28	11.73	23.68	53.05	11.12	86.52
10.87	72.59	34.48	10.46	25.32	51.02	12.18	95.18
10.43	63.46	32.68	10.47	23.18	40.14	10.89	86.05
10.91	73.32	32.29	11.35	21.97	48.13	10.9	103.47
10.33	76.54	32.56	8.88	21.53	44.43	10.94	73.54
8.35	69.14	34.09	12.85	25.67	42.09	12.91	78.8
9.34	64.81	32.61	9.62	22.16	51.47	12.5	85.73
12.36	69.93	30.34	10.91	23	37.4	11.2	94.62
11.2	68.67	34.28	12.35	25.69	50.03	13.95	75.46
11.79	68.58	27.61	12.22	27.87	53.35	12.61	81.76
12.16	67.71	28.72	10.05	27	41.17	11.18	86.77
10.83	62.4	33.88	11.12	27.37	48.4	11.38	72.34
12.72	79.01	37.02	11.17	25.79	46.73	8.72	94.82
12.22	84.87	31.64	8.96	20.36	48.91	12.93	99.58
8.54	68.62	34.61	9.89	24.44	49.75	11.71	88
10.11	80.59	36.01	12.1	22.9	51.23	11.14	91.22
11.56	67.27	37.47	10.47	23.55	47.21	11.67	99.13
11.84	69.74	31.4	10.17	25.88	52.45	15.29	89.4
12.02	72.77	26.7	10.19	23.86	46.56	12.44	111
12.26	70.98	33.29	9.37	22.82	41.98	13.28	92.29
10.9	76	33.57	8.53	23.69	50.32	12.15	84.61
10.31	68.69	28.96	11.01	24.26	45.71	9.73	95.05
11.16	71.82	29.11	11.18	25.5	50.18	11.68	93.64
12.3	65.87	33.81	8.5	24.41	52.34	10.28	65.36
11.5	66.88	32.15	11.38	21.84	49.2	14.03	75.19
14.07	62.75	32.67	10.39	28.8	44.55	12.84	87.28
10.62	64.06	33.82	11.45	29.82	52.97	12.92	91.35
11.29	82.84	42.32	10.25	23.42	45.6	12.99	88.58
11.4	63.76	34.92	12.93	26.64	48.16	11.67	79.45
10.77	65.53	32.11	10.23	20.43	42.88	11.3	86.8
11.04	73.81	27.53	12.19	23.76	57.75	12.94	96.13
10.61	70.91	36.48	10.06	25.51	45.74	10.73	84.93
13.95	73.97	33.27	11.67	26.46	43.98	11.11	87.96
11.99	65.52	34.91	11.54	26.07	49.84	8.13	81.92
13.26	73.62	34.59	9.31	26.45	52.33	12.33	91.84
11.38	74.86	31.43	10.5	24.91	43.03	10.4	93.97
11.58	61.23	34.71	11.94	24.34	57.5	11.14	83.16
11.15	85.71	35.41	10.17	25.08	49.15	12.28	92.07
10.66	69.09	31.27	9.59	24.19	47.49	10.55	85.23
11.74	70.17	35.93	11.53	26.1	55.62	12.14	80.82
10.58	68.97	39.29	10.69	25.83	45.87	12.96	84.88
12.45	66.39	38.59	13.33	22.83	47.55	11.4	78.46
9.72	71.6	30.48	12.25	25.16	44.37	11.33	86.56
11.3	60.92	36.53	11.11	23.51	50.57	12.34	81.37
9.6	66.16	30.88	9.83	23.16	47.87	13.23	90.14
10.86	82.94	46.51	11.5	22.54	42.96	13.03	87.37
10.87	56.12	33.02	9.71	28.35	46.28	13.36	93.34
11.69	86.64	36.9	10.33	26.33	34.55	10.96	72.55
11	76.62	31.12	10.54	23.3	42.65	12.43	78.3
9.91	80.28	34.44	11.22	23.5	47.21	11.34	82.5
12.79	59.25	33.42	9.72	21.22	54.27	13.04	85.62
12.18	70.04	35.42	10.75	25.13	41	10.96	81.95
9.41	73.17	35.31	10.48	25.07	47.76	11.13	89.9
10.78	70.32	30.16	10.29	24.26	47.74	11.23	108.3
10.49	59.44	31.57	11.01	23.74	54.67	11.65	99.41
11.93	68.97	39.6	12.08	24.79	45.16	11.23	79.43
11.81	56.49	34.91	10.14	19.44	44.78	12.01	81.94
11.28	74.47	29.58	11.54	24.45	48.4	12.2	89.33
10.72	69.64	33.29	11.07	17.34	46.86	12.15	96.37
12.31	60.77	40.07	12.33	26.19	56.03	14.4	97.61
9.11	73.37	34.24	12.31	24.03	45.82	12.37	97.61
13.25	63.43	33.57	9.46	25.5	44.29	11.47	94.5
10.42	66.4	27.62	9.69	23.32	59.52	13.17	85.01
11.21	76.39	36.1	10.13	22.17	51.01	12.91	84.62
10.46	66.57	29.59	11.51	27.48	47.75	10.93	75.07
12.92	72.63	37.84	10.99	23.5	48.68	12.1	100.05
9.51	74.12	32.84	12.94	23.94	42.52	11.51	83.61
10.22	76.66	37.41	11.75	27.58	44.91	11.74	81.07
9.74	72.93	29.42	11.75	22.48	60.93	10.38	97.23
12.1	70.84	37.57	12.66	25.72	40.45	10.91	89.59
11.87	71.58	37.76	10.42	21.28	50.44	12.21	79.95
10.67	57.41	40.8	11.23	24.64	42.15	12.41	80.99
8.36	68.57	32.4	14.5	22.83	42.85	11.97	78.28
12.52	66.65	38.69	11.13	22.48	49.13	11.49	94.26
12.92	76.27	31.63	9.45	22.85	58.12	13.63	102.72
10.4	67.09	33.11	10.65	25.77	46.96	11.12	91.24
10.89	79.92	32.47	10.64	21.61	47.61	11.05	94.48
8.45	62.28	29.03	11.04	23.22	47.84	11.06	90.63
10.94	73.53	25.45	10.54	21.03	41.88	13.62	85.14
11.21	81.16	36.04	11.28	24.65	52.76	11.53	98.68
12.17	68.26	34.96	9.51	28.12	47.22	11.21	87.91
10.09	58.95	37.68	11.76	26.76	46.16	13.28	107.67
13.27	73.28	31.97	10.66	29.8	52.16	11.77	95.12
12.13	80.29	29.95	12.04	21.35	44.31	12.33	79.88
12.5	73.38	37.52	11.45	22.84	51.66	12.96	94.82
8.67	71.07	36.43	11.96	29.67	57.96	11.2	87.6
11.31	78	29.42	8.29	22.95	47.81	11.44	82.4
9.73	63.28	31.76	10.15	23.03	43.46	11.92	81.51
11.11	73.7	38.66	10.77	25.87	56.3	11.73	93.96
11.95	74.32	31.67	9.7	25.17	58.35	12.05	90.96
9.58	66.93	28.27	11.55	21.1	51.03	11.39	92.53
11.11	78.3	32.33	10.09	27.47	51.67	12.79	92.53
9.52	70.4	33.73	12.94	25.5	52.87	10.66	100.7
8.84	73.44	34.22	10	26	49.44	11.71	97.43
12.74	85.52	32.55	11.78	21.74	50.03	13.09	73.72
12.27	57.68	36.83	10.77	26.56	49.39	13.61	101.02
9.86	66.41	29.62	10.99	25.07	49.27	11.52	91.46
10.18	71.93	36.22	10.17	26.99	51.33	12.19	87.43
12.19	74.58	37.27	12.23	23.49	43.54	11.42	102.35
10.64	69.22	37.84	11.37	21.65	48.13	12	84.03
10.29	71.58	34.27	9.39	25.93	57.85	11.19	95.27
11.92	64.31	30.73	13.05	23.78	48.07	17.39	104.46
11.27	61.78	32.97	12.23	21.5	43.31	11.62	73.23
12.6	72.14	32.14	11.22	26.13	51.88	11.8	93.76
11.33	77.97	29.68	12.18	26.43	47.95	10.87	89.14
10.86	72.27	33.57	13.21	23.18	40.77	11.14	90.26
11.8	68.03	32.83	11.75	25.23	42.69	11.83	81.73
11.18	74.38	32.75	12.24	24.41	44.64	10.44	89.51
9.31	67.03	35.1	11.63	23.67	47.43	12.08	96.87
10.08	60.96	34.73	12.25	28.87	44.5	10.57	81.84
11.05	73.73	32.47	9.89	24.18	50.87	14.5	90.47
12.06	60.98	33.97	10.56	26.35	58.06	12.33	101.05
11.01	89.35	33.54	11.21	25.3	54.67	13.31	84.98
11.58	54.84	30.24	11.08	21.91	48.53	12.09	88.21
10.34	71.14	34.29	8.66	22.73	49.06	10.59	112.38
11.46	74.54	33.65	10.33	23.76	54.17	13.97	96.24
10.28	62.46	32.83	11.14	23.63	52.12	10.64	76.16
13.6	62.78	34.23	10.12	27.5	45.2	10.82	84.87
11.57	73.49	34.71	12.43	24.1	46.28	11.84	89.43
11.62	76.84	34.59	12.84	27.04	48.38	9.64	92.72
10.78	83.38	38.14	10.8	22.19	47.29	11.57	79.89
9.27	71.47	33.56	9.9	26.64	45.84	10.54	92.95
11.97	54.7	39.03	11.61	26.28	52.98	12.46	100.94
11.23	73.47	34.41	10.28	24.78	49.56	11.07	81.43
10.49	71.44	30.13	11.22	23.14	50.97	12.7	88.85
9.86	70.49	35.43	10.77	24.8	49.06	12.65	82.34
11.3	66.26	37.48	10.48	23.03	44.11	11.22	91.74
10.93	75.29	29.31	13.6	25.42	37.47	10.88	80.01
11.87	65.14	31.78	13.11	25.81	48.15	11.81	95.41
10.75	59.74	31.89	9.44	24.83	59.13	12.62	106.7
10.48	72.41	35.32	11.53	24.37	44.89	11.95	81.84
10.71	75.22	27.23	11.51	25.69	48.21	11.71	86.8
12.4	66.36	33.23	10.92	21.74	55.43	13.21	96.57
10.71	75.13	44.52	11.69	30.25	46.98	11.13	95.57
11.85	68.94	36.52	12.14	25.77	41.7	12.68	92.89
10.72	67.61	35.74	12.25	24.44	51.65	12.15	80.84
13.38	63.21	31.84	10.44	23.1	47.95	12.62	94.66
12.62	82.86	33.11	9.37	24.26	48.81	11.62	73.81
11.2	75.62	32.2	14.09	24.89	46.8	12.25	93.22
10.64	58.18	37.5	10.36	26.52	41.06	12.51	78.11
10.42	66.36	38.59	11.73	27.35	54.58	10.61	83.04
11.99	66.58	35.26	10.55	24.13	47.69	10.16	77.87
10.73	67.17	39.38	9.97	21.81	43.63	11.11	83.08
10.57	64.99	28.37	9.77	23.64	46	11.07	106.7
9.53	61.09	29.8	11.07	24.62	52.66	12.88	97.07
10.16	56.56	30.52	10.81	27.34	47.71	12.19	81.66
9.49	82.58	28.55	10.63	23.66	51.41	12.62	77.66
11.04	69.56	36.61	10.32	20.84	43.21	11.01	87.02
12.38	66.72	34.62	10.87	23.14	54.4	10.85	93.8
8.63	74.69	32.77	11.14	21.23	47.92	14.45	80.77
10.62	74.01	32.83	12.34	21.39	48.09	14.28	91.53
12.45	79.87	31.37	12.21	27.38	46.62	10.86	97.09
13.08	80.08	35.59	10.9	26.97	48.48	11.18	92.08
11.79	73.59	30.06	9.58	26.17	58.72	14.35	92.05
9.59	66.72	36.17	9.68	24.07	44.83	12.52	88.65
12.24	68.36	26.45	10.82	31.78	44.66	12.6	81.2
10.23	80.19	32.62	13.34	24.58	50.63	10.19	89.84
13.44	65.92	39.41	10.27	20.64	50.34	12.45	78.62
12.58	91.68	28.47	11.03	22.17	45.16	14.66	83.58
11.05	66.04	38.8	10.34	22.34	43.51	12.27	99.08
9.77	80.95	39.86	9.78	26.33	49.05	11.62	89.74
9.97	62.46	34.16	9.5	25.24	48.72	11.75	98.85
9.96	69.2	32.81	11.41	23.82	55.05	12.35	87.76
11.1	63.19	40.91	11.23	29.23	56.12	12.95	76.15
10.32	74.89	34.5	11.87	25.07	57.31	11.47	83.25
11.26	58.22	33.1	10.94	26.69	45.84	9	94.56
9.99	58.31	31.5	10.28	25.8	51.47	13.38	79.95
10.83	64.02	30.81	10.04	22.07	44.84	11.07	97.39
10.32	73.04	32.77	12.63	19.67	45.25	15.02	77.37
10.29	72.54	35.68	9.24	25.76	55.62	17.38	89.91
11.17	60.21	37.85	12.3	26.52	51.89	11.29	86.34
10.5	76.53	31.95	10.1	24.84	56.6	11.78	79.51
9.89	76.53	35.91	10.66	23.81	44.1	9.78	91.84
8.66	76.14	32.31	11.54	25.78	61.52	11.42	111.23
10.05	63.28	36.09	9.24	23.19	49.46	12.98	74.23
9.13	66.81	34.74	9.72	26.82	49.26	12.81	87.1
8.75	64.9	37.19	10.48	29.69	48.1	12.69	64.63
10.92	68.63	30.54	11.22	24.65	48.03	9.23	87.26
12.74	70.69	35.25	8.39	24.52	55.63	10.78	92.39
9.13	58.55	33.48	10.71	25.15	46.82	12.72	89.64
10.5	58.64	33.94	9.36	25.9	57.04	14.73	93.05
12.22	77.98	31.01	10.99	20.07	53.28	13.54	90.29
11.23	74.55	37.04	10.58	18.36	47.06	11.7	92.23
11.32	69.1	40.91	10.59	22.65	42.1	12.87	86.91
10.23	70.63	33.83	10.66	24.09	50.62	10.68	87.3
11.17	68.26	31.96	9.71	24.26	43.72	11.1	98.5
13.46	82.15	27.49	11.56	20.3	49.15	14.02	94.14
10.42	72.1	37.84	11.95	28.23	49.34	11.3	101.94
11.42	89.58	35.82	10.09	25.51	43.65	12.67	83.76
9.94	78.39	26.52	10.55	22.66	49.05	10	95.16
11.29	76.18	33.08	8.81	22.04	50.71	13.63	91.41
10.3	64.99	31.27	12.49	24.24	49.77	11.75	94.96
11.23	62.68	30.85	11.89	22.44	56.99	11.83	105.61
9.02	60.54	32.07	9.15	22.46	48.81	11.43	65.22
10.41	68.99	34.11	11.12	25.02	48.1	11.29	86.27
10.46	67.74	33.68	11.13	27.76	60.18	15.37	92.78
12.71	79.03	34.08	10.62	25.51	54.47	10.85	105.19
11.91	64.47	34.71	10.18	25.47	49.22	11.5	98.21
10.55	61.89	36.17	11.49	28.1	60.27	12.09	87.31
11.33	67.81	31.94	10.17	22.27	46.6	12.6	75.78
10.96	75.12	29.28	10.33	22.89	58.32	10.33	94.31
11.47	63.28	41.75	10.31	20.29	48.99	13.47	89.3
10.29	64.32	34.2	10.49	20.18	56.48	14.32	88.78
10.69	66.82	29.8	9.48	24.97	48.67	9.22	103.94
11.43	69.89	28.26	8.73	23.16	45.01	13.6	76.69
8.71	66.55	36.61	10.72	22.56	55.17	12.73	86.26
12.51	80.52	27.89	10.06	19.6	49.23	13.46	98.91
10.64	66.67	35.76	9.35	26.11	42.74	11.24	89.8
11.87	61.51	32.7	9.81	26.44	46.47	11.36	85.26
11.05	75.79	30.2	11.73	25.81	55.03	9.35	92.71
13.56	79.28	33.8	12.35	22.46	44.61	12.92	92.53
10.94	83.93	34.36	10.4	28.49	53.65	13.66	84.05
9.19	73.79	27.43	10.72	23.28	51.85	11.81	88.05
9.91	75.18	27.31	13.01	20.93	43.64	15.36	81.7
11.88	59.98	36.84	12.23	21.27	51.74	9.72	91.24
10.94	64.75	30.79	10.9	19.57	40.88	11.93	81.65
7.5	70.44	34.6	10.66	22.71	52.55	10.61	70.67
11.9	75.85	32.54	11.69	27.3	42.26	12.03	87.12
10.58	68.7	38.35	11.86	21.45	46.61	10.3	93.72
11.55	73.31	35.87	11.94	22.34	47.29	11.08	87.93
9.62	68.81	31.96	10.05	23.52	45.49	12.81	90.92
9.3	72.18	39.21	10.94	21.59	47.61	10.74	80.8
13.71	71.67	33.67	10.77	24.95	50.74	12.39	94.15
12.14	74.26	37.81	11.32	24.57	54.72	11.8	83.93
11.09	67.48	31.6	10.32	23.03	44.13	10.76	91.4
9.49	69.14	34.43	11.01	18.71	44.73	12.62	91.79
10.49	61.33	36.21	13.92	18.64	49.15	11.75	94.47
12.95	80.21	27.4	11.45	22.6	45.14	12.12	78.36
11.82	65.57	33.72	10.78	25.99	52.24	13.2	90.43
10.69	56.59	32.56	10.77	29.01	47.63	13.44	84.23
11.8	68.35	34.97	12.16	22.6	54.83	12	76.75
11.29	81.44	32.77	12.36	25.33	53.99	11.71	83.51
11.14	69.6	35.13	11.77	23.61	51.97	10.99	92.38
12.55	74.01	33.25	9.42	26.76	40.57	12.19	97.98
11.56	69.85	34.75	10.62	24.54	48.88	12.93	89.51
12.71	69.09	35.73	10.78	23.04	53.93	12.51	97.69
11.72	54.75	28.41	11.02	27.03	49.98	11.75	107
11.78	66.11	33.48	11.13	25.56	51.15	11.75	96.87
11.05	67.39	36.63	10.81	27.62	53.19	10.76	86.4
9.25	73.33	41.32	10.96	25.43	43.55	10.18	83.79
11.05	78.15	37.25	11.22	23.09	48.98	9.36	82.66
12.36	72.63	33.94	11.69	20.33	41.51	12.63	87.22
12.39	74.22	28.42	9.76	24.35	41.7	11.69	89.22
11.95	77.14	36.76	10.56	30.17	52.42	12.04	96.61
11.14	55.16	39.04	10.85	23.07	46	12.86	92.23
10.51	51.98	36.22	10.27	26.35	43.96	13.91	96.58
10.88	73.38	37.67	11.04	26.12	49.79	11.49	85.13
10.93	79.46	33.82	11.36	24.75	44.27	11.06	92.83
9.45	84.03	29.4	12.27	23.6	47.65	12.63	84.89
8.57	65.1	37.94	10.12	29.05	50	11.22	81.98
10.14	62.65	37.97	12.55	23.46	41.02	12.06	80.97
13.02	76.57	33.71	10.59	23.67	49.38	9.34	92.24
11.07	73.49	37.08	11.11	24.77	50.7	12.33	102.81
11.44	71.23	31.62	11.74	23.48	49.61	9.41	96.18
12.13	56.96	33.2	11.82	24.41	45.73	11.2	91.79
11.18	72.61	34.38	13.6	22.51	46.66	13.31	100.23
11.74	68.54	39.51	10.46	24.56	50.16	12.16	76.07
11.43	80.44	33.38	9.76	26.03	45.7	11.87	72.11
11.76	80.64	29.26	10.99	18.97	48.15	10.74	90.97
12.01	69.97	33.53	10.68	21.25	46.84	11.55	94.24
10.85	70.8	33.71	11.85	25.25	49.79	10.66	88.42
12	68.97	31.58	12.06	20.2	47.23	10.56	84.58
10.8	64.67	38.46	11.76	29.77	44.4	11.62	87.2
13.36	62.11	26.57	9.56	19.35	56.46	12.58	98.6
9.39	78.86	29.32	10.56	21.2	48.67	12.19	83.38
10.56	75.94	31.48	11.63	25.13	52.12	12.36	86.09
11.89	60.47	36.41	12.13	24.96	48.78	10.68	94.84
11.83	58.13	32.78	9.95	29.45	43.15	15.38	92.46
10.23	61.43	40.79	9.48	20.27	54.39	11.96	74.4
11.6	60.82	33.82	11.28	24.93	39.46	12.84	89.69
13.03	62.3	38	11.49	25.55	53.33	11.4	85.09
11.31	71.39	35.86	11.17	24.63	56.46	12.53	99.7
12.27	80.9	29.92	11.72	25.2	49.59	11.31	78.54
10.97	75.54	31.75	8.55	22.49	50.72	11.02	94.19
10.16	66.51	37.52	10.81	22.71	53.69	13.32	100.15
12.17	68.8	36.34	9.88	24.23	55.11	11.33	85.38
11.59	66.05	36.52	11.06	26.4	57.97	11.84	68.1
11.39	65.58	28.25	12.55	21.11	50.37	12.59	85.66
13.11	62.92	25.45	11.72	21.79	44.76	13.07	87.7
10.99	70.39	30.51	9.79	29.58	42.52	13.29	84.2
10.61	68.74	34.93	12.33	25.23	57.34	11.24	83.45
9.86	76.33	31.68	10.62	26.15	51.63	11.22	92.66
11.22	64.66	32.92	9.79	20.21	49.14	10.28	120.83
10.86	61.81	33.69	12.18	24.53	48.09	12.94	90.46
12.23	63.43	37	9.14	21.54	42.33	12.54	77.38
11.74	73.93	29.06	9.88	26.87	43.82	12.86	95.66
13.07	68.59	34.58	11.59	19.66	45.65	11.76	98.75
11.98	81.37	31.78	9.84	21.47	56.06	12.33	105.74
11.76	77.82	32.62	11.22	26.37	43.28	13.3	92.26
12.41	61.98	36.88	13.32	24.81	43.21	13.01	74.39
9.36	73.65	30.49	13.38	25.69	49.8	10.62	86.97
10.8	74.95	33.32	11.24	29.15	60.48	10.61	77.8
8.92	71.91	30.66	9.81	23.25	44.49	12.98	79.61
10.44	65.96	36.64	10.24	25.21	39.71	11.02	83.84
10.08	68.82	38.03	13.11	23.56	53.56	12.84	86.03
10.78	69.49	37.3	12.83	24.85	49.67	11.26	92.19
11.22	71.01	37.15	12.29	21.21	41.45	11.31	82.08
10.11	77.65	39.09	12.27	23.37	46.18	11.5	82.65
11.56	81.03	33.23	11.15	21.4	49.02	12.27	79.82
12.11	74.25	38.88	12.21	25.32	47.44	10.86	86.03
11.74	84.24	31.65	10.35	20.71	43.3	14.87	77.27
12.22	60.2	34.08	11.32	21.56	46.41	13.85	80.34
9.93	68.28	36.33	10.26	23.24	40.38	12.85	95.15
10.07	63.82	34.19	10.69	23.84	40.45	10.47	96.05
10.17	79.41	32.51	9.12	23.07	56.75	11.75	82.9
10.67	58.24	32.78	11.33	23.85	63.55	11.9	83.3
9.9	77.53	32.74	10.64	26.8	47.12	12.31	87.08
10.61	71.22	33.28	10.15	22.6	42.11	10.81	80.08
11.9	70.89	29.06	10.05	25.77	55.93	11.36	93.13
10.52	81.58	40.48	8.13	25.89	45.46	13.49	80.13
11.43	72.49	27.75	11.28	27.38	47.01	13.7	86.83
9.05	77.28	36.76	12.49	23.66	57.84	11.82	93.01
10.37	78.36	35.38	12.31	23.61	43.58	11.15	85.85
11.05	63.15	33.04	10.07	23.89	44.91	10.94	90.34
10.24	72.28	34.68	10.53	21.56	45.08	12.79	97.09
12.86	71.82	31.46	12.76	23.92	52.35	12.94	87.98
11.88	66.13	30.13	11.84	24.42	41.71	10.11	71
10.04	87.28	31.73	10.65	20.91	47.02	13.15	80.75
10.54	68.34	35.4	10.45	22.96	48.7	11.22	98.3
9.66	80.24	33.64	9.92	22	55.25	10.89	84.64
12.04	68.59	34.54	11.17	21.89	47.34	12	73.38
10.43	56.55	29.65	11.83	19.33	51.16	12.52	81.88
11.83	58.38	35.45	11.13	22.78	54.45	12.91	88.89
13.54	69.11	27.27	11.25	24.43	47.22	12.63	91.85
10.83	64.24	28.95	9.73	24.39	38.8	11.8	126.4
10.77	62.13	38.65	10.85	24.41	45.73	10.85	101.54
12.6	77.86	31.93	10.65	20.15	44.72	10.26	104.3
11.14	72.45	30.02	11.69	22.34	46.31	11.77	90.61
11.07	67.05	33.39	9.91	27.71	54.55	12.65	91.45
9.41	65.13	40.54	10.88	25.35	49.39	12.4	83.08
11.43	75.71	32.96	10.75	31.06	55.26	13.85	88.36
12.65	69.96	37.49	10.06	24.15	44.82	11.62	86.05
12.58	83.33	39.03	9.65	25.78	52.17	13.17	73.72
10.43	63.17	32.26	11.1	21.61	49.66	11.47	90.06
10.65	71.92	30.76	10.03	26.27	57.17	13.64	71.83
13.28	71.59	29.89	12.78	29.84	42.56	13.25	82.84
10.03	73.35	30.96	11.47	23.58	42.06	12.02	89.26
11.92	74.39	36.64	12.22	25.43	49.54	12.31	76.65
10.25	78.39	30.27	10.02	26.34	42.77	12.26	91.87
10.37	57.52	35.37	12.28	20.73	50.04	12.17	85.83
10.79	63.53	32.72	12.44	21.02	48.61	13.42	100.44
11.2	76.12	30.8	13.27	26.09	36.5	11.94	88.24
11.55	72.08	29.41	10.79	24.64	49.24	13.52	80.62
13.32	69.55	41.15	10.23	24.27	44.32	12.59	83.01
10.33	67.94	31.8	11.17	23.21	51.13	9.94	86.73
13.04	71.49	31.48	12.65	19.92	46.51	12.22	85.29
9.71	70.25	44.41	10.38	27.31	40.67	13.07	100.88
11.65	68.71	30.95	10.43	24.95	44.37	10.65	87.99
10.93	70.2	32.06	12.12	22.2	56.07	13.27	85.03
10.37	73.3	31.33	9.91	25.08	44.14	11.91	86.42
10.6	62.1	31.42	10.33	26.22	50.74	13.08	97.35
10.92	66.97	28.66	10.34	23.03	44.12	11.08	75.33
10.12	57.5	31.68	10.94	26.47	45.08	9.64	95.25
12.02	69.92	31.57	9.26	22.29	46.8	12.79	105.64
10.42	65.88	26.58	10.51	28.53	48.43	10.15	74
12.31	77.02	34.67	9.84	26.35	45.2	10.5	88.82
11.24	65.11	31.24	12.35	20.36	48.72	11.22	72.2
9.11	74.29	30.93	10.15	26	45.73	12.92	87.28
10.88	82.08	24.26	11.02	28.31	52.96	13.45	101.98
10.44	70.15	30.42	8.58	24.56	45.06	9.44	110.02
10.15	64.84	37.46	11.3	25.38	47.51	14.08	85.44
11.59	66.52	32	9.08	25.6	49.71	12.86	87.85
10.25	70.18	32.02	10.38	19.65	44.03	11.62	100.35
9.5	69.58	38.15	9.97	21.21	54.52	12.18	84.92
11.12	71.29	29.99	11.67	26.41	43.97	14.25	79.18
10.69	66.05	30.81	12.11	22.46	46.47	11.66	95.18
10.95	74.31	31.52	11.06	27.16	49.21	11.74	80.39
10.23	65.04	36.35	11.26	25.51	45.89	12.87	103.67
11.18	79.12	40.57	10.37	27.61	43.86	13.48	78.49
10.31	62.73	36.28	12.54	22.25	54.2	12.12	87.82
10.26	65.89	28.62	11.91	20.36	45.53	11.01	85.55
9.7	74.06	38.47	11.61	22.22	51.52	14.38	96.63
10.45	76.13	37.91	10.46	28.16	46.98	10.82	88.84
10.97	67.08	33.67	11.4	25.49	50.33	13.56	79.81
11.21	59.74	37.6	10.07	25.88	40.49	13.87	76.95
12.49	63.39	30.02	9.81	23.73	48.12	11.69	89.12
10.58	80.67	32.49	8.7	23.25	45.67	11.51	105.58
9.75	78.87	36.86	9.07	23.98	49.9	13.16	95.87
10.76	66.62	31.89	11.31	24.62	52.11	14.4	85.01
10.9	69.4	32.76	9.72	28.28	59.53	11.47	85.09
11.61	64.72	30.99	9.96	24.21	50.34	13.35	85.92
12.07	68.1	28.71	9.77	21.88	58.65	10.75	85.39
11.47	74.71	37.01	10.73	24.76	59.72	12.1	88.74
9.61	75.09	33.42	10.81	23.24	48.03	13.12	69.19
10.95	65.44	33.81	12.21	24.37	49.6	11.45	90.92
11.57	71.04	36.42	13.17	23.96	43.63	10.44	103.49
10.54	63.65	29.42	10.32	25.13	40.71	13.89	94.58
10.35	59.18	33.01	12	26.93	50.68	11.36	71.32
9.51	69.96	35.7	10.35	25.6	42.17	11.3	90.04
12.56	62.31	31.44	10.87	27.83	48.57	11.33	82.2
10.15	65.52	33.54	10.32	23.26	39.61	13.75	76.67
10.67	64.8	36.26	10.55	22.56	48.31	12.72	104.4
12.99	69.79	31.39	11.06	27.67	51.9	15.7	81.64
9.99	76.44	31.72	12.61	24.69	50.13	11.63	77.25
11.32	78.96	38.95	9.47	20.62	40.44	11.26	85.46
11.1	71.83	32.4	9.89	23.26	45.09	10.8	88.82
12.16	68.57	30.2	10.86	24.21	46.56	13.06	73.75
11.45	83.63	38.06	9.07	20.19	44.89	11.35	93.55
10.8	76.28	30.91	11.5	21.22	40.44	10.83	86.53
11.28	70.92	36.35	11.43	20.32	45.76	12.1	91.46
11.32	61.39	29.92	8.82	22.52	58.41	15.35	95.81
12.49	77.34	31.73	9.61	28.06	49.36	14	98.05
8.81	71.39	30.7	10.07	22.53	38.58	12.71	76.36
11.16	66.2	31.29	11.51	23.25	53.94	12.99	80.05
10.12	77.15	36.77	12.2	29.89	45.08	13.43	85.12
9.89	73.88	29.98	10.29	24.81	48.26	11.21	94.11
9.89	55.78	34.23	10.21	25.93	50.37	13.81	94.67
12.71	88.09	34.49	12.18	25.98	54.09	12.15	94.32
12.06	70.44	34.18	11.84	24.72	42.22	13	94.41
12.44	65.34	31.83	11.48	20.96	52.66	12.87	74.69
8.73	62.02	34.99	9.02	23.67	55.76	11.43	90.96
11.72	72.14	36.96	11.72	21.06	51.72	10.95	94.45
11.19	68.31	34.01	11.75	25.24	44.86	13.47	85.63
11.46	64.65	33.05	11.4	27.87	48.35	13.87	101.43
9.45	67.31	31.12	10.66	27.13	44.18	12.61	81.68
10.71	70.49	35.39	10.92	23.31	45.77	12.53	77.91
10.57	77.7	32.64	11.49	24.15	51.37	13.48	79.32
12.23	76.02	27.28	8.86	24.71	51.92	10.73	91.52
10.6	64.44	39.57	13.24	22.16	46.84	11.86	88.28
12.26	83.61	33.27	12.01	22.99	50.62	11.46	70.36
10.93	70.72	31.56	9.68	18.59	51.66	14.16	94.94
11.87	59.55	33.51	9.86	28.03	44.19	10.96	106.91
12.09	84.8	38.86	11.09	21.9	46.5	11.67	83.55
13.33	62.4	33.66	12.3	27.13	50.72	11.93	82.24
11.83	68.34	38.41	10.66	19.14	47.41	11.67	101.9
11.61	76.2	27.3	13.51	22.84	55.16	12.92	93.73
10.02	75.47	33.22	10.81	21.45	53.27	11.17	84.07
11.26	72.04	30.43	9.72	25.12	47	11.04	96.97
10.7	61.27	34.64	11.59	23.21	45.62	11.83	82.41
12.6	63.62	37.45	10.49	23.09	52.72	13.49	102.04
8.98	72.71	33.87	10.49	20.7	45.21	12.4	78.13
10.94	65.04	36.36	10.04	23	44.07	12.72	76.79
10.28	64.74	30.92	10.69	25.36	43.34	12.91	89.18
10.17	62.81	35.22	12.03	21.68	50.25	12.36	77.71
12.06	69.06	29.65	11.53	23.34	42.52	11	90.03
10.76	91.19	30.46	10.7	23.37	52.3	11.56	83.61
9.8	80.07	34.94	10.08	22.25	47.63	13.59	82.12
12.49	69.39	31.38	11.95	24.92	46.75	14.67	91.61
10.34	73.65	31.99	10.4	24.6	54.96	14.59	94.78
11.01	63.03	34.02	12.08	28.39	49.75	12.23	95.66
10.62	75.96	30.93	10.68	23.19	46.39	14.49	91.74
10.68	50.08	35.85	10.36	25.81	51.61	10.34	88.33
10.27	65.07	32.06	11.26	21.69	44.72	12.81	101.55
12.21	73.39	35.59	10	26.31	51.45	10.78	86.68
12.83	73.19	35.45	11.69	25.78	43.32	12.88	94.33
12.02	84.29	31.5	11.2	24.4	43.99	12.55	79.82
10.96	68.86	38.87	13.38	24.48	47.66	10.85	75.75
10.89	69.86	38.09	11.48	25.51	51.6	11.37	88.86
9.09	79.05	31.8	9.23	26.28	48.06	11.78	83.53
9.88	66.23	38.05	10.53	21.2	44.04	9.08	77.2
11.48	72.86	34.57	9.72	26.51	45.25	11.45	95.36
10.41	57.74	36.55	11.74	20.94	47.62	12.53	104.02
10.06	75.15	29.74	11.38	23.2	45.18	10.9	83.89
10.44	67.98	37.15	11.51	25.84	49.06	11.12	83.44
12.18	72.62	27.35	10.42	26.41	49.6	13.02	101.44
9.32	58.93	33.1	9.94	23.62	44.65	12.43	93.26
11.04	99.21	36.47	9.07	22.91	41.74	10.71	80.76
11.35	69.78	25.79	11.28	23.35	50.64	12.43	94.39
10.24	67.08	34.43	10.73	21.42	51.49	10.51	72.54
10.43	84.28	31.24	9.33	23.01	49.82	12.9	96.74
9.74	72.85	36.27	11.15	25.51	52.37	12.38	103.85
11.2	57.84	33.43	10.84	24.72	50.42	11.05	95.71
12.09	68.88	32.05	11.06	29.91	50.41	12.86	95.87
9.93	65.07	28.89	11.19	24.19	44.06	11.45	74.27
11.25	69.82	32.5	11.66	23.12	54.19	10.26	99.39
11.54	67.54	39.11	12.43	23.25	42.84	11.33	78.66
9.75	81.14	34.24	12.55	23.58	53.03	10.06	81.17
12.06	61.25	35.09	12.75	26.56	41.97	12.63	80.45
12.27	64.45	29.71	9.61	22.83	49.31	13.59	89.15
11.79	57.07	31.64	11.24	24.77	57.75	12.41	84.83
12.03	69.15	32.93	12.46	24.26	56.11	9.88	112.19
10.34	67.63	32.79	12.15	23.62	51.23	14.98	92.47
9.72	63.56	30.54	10.64	24.1	54.79	12.41	89.74
11.25	65.49	34.16	11.05	23.84	47.98	13.28	91.46
11.26	66.23	39.92	9.9	20.11	55.09	11.31	88.63
11.92	63.7	32.25	10.19	21.04	45.04	12.02	84.5
10.02	76.35	32.65	10.2	27.29	46.33	13.32	100.69
9.82	71.93	38.83	10.33	23.18	49.2	13.32	94.74
11.58	64.72	35.14	11.47	22.35	49.43	11.76	85.96
10.92	67.59	27.89	9.92	26.58	50.28	10.57	88.83
10.95	71.26	28.8	11.97	28.46	48	14.06	89.51
10.59	83.79	33.47	10.25	26.52	44.08	11.02	83.58
12.98	64.66	30.48	9.77	24.5	49.52	12.5	83.87
11.09	71.14	35.77	10.81	24.18	49.44	14.31	71.66
10.77	67.84	29.56	11.24	25.82	51.26	12.65	99.82
10.12	72.95	30.2	10.68	22.91	42.61	11.49	83.31
11.69	67.7	29.72	9.27	25.53	45.55	11.62	73.45
10.07	73.07	32	11.41	23.1	45.15	11.33	91.76
11.92	60.44	35.87	8.93	22.58	49.41	11.97	79.76
12.26	71.09	29.03	12.64	21.96	46.16	12.8	84.78
11.39	82.11	38.93	11.74	26.12	47.3	12.63	102.05
12.53	67.01	30.8	9.46	23	45.51	12.32	90.86
12.65	77.08	31.19	10.91	27.23	56.96	12.5	81.13
11.09	73.88	35.13	9.66	26.29	49.23	13.26	100.01
9.8	63.58	37.83	9.57	23.29	44.18	10.93	80.56
10.53	59.99	34.61	11.52	25.18	37.22	10.32	76.94
11.22	67.03	39.83	14.54	19.07	51.68	11.17	91.12
12.52	62.02	34.54	11.91	30.76	48.59	12.87	77.82
10.85	64.86	33.04	9.94	21.06	42.88	13.8	91.85
10.03	68.54	36.16	10.78	28.62	54.61	12.51	83.38
12.13	80.44	38.82	11.44	25.49	60.24	11.45	85.67
11.38	60.2	30.87	12.15	18.83	52.73	10.95	82.54
10.33	66.37	29.5	10.57	21.04	42.52	11.88	75.48
10.55	54.69	34.51	10.01	22.85	57.45	12.69	82.7
11.89	77.2	37.58	9.99	29.9	41.7	12.58	82.18
12.06	68.95	38.68	10.79	24.69	47.8	12.34	96.74
13.24	69.46	30.87	9.35	22.73	46.35	12.67	94.38
11.7	81	40.98	12.41	22.8	52.98	12.61	86.39
10.66	66.08	26.49	9.84	25.09	52.89	12.17	86.66
11.06	75.5	31.56	12.91	26.68	45.56	12.19	101
10.45	79.92	35.9	11.83	22.49	50.83	11.94	92.15
10.26	77.52	31.93	11.89	25.33	54.35	10.79	86.38
11.66	82.29	31.29	10.2	25.85	46.72	11.29	99.61
13.35	59.67	38.27	9.01	28.39	46.32	12.81	92.13
10.31	72.1	36.94	12.1	24.65	54.47	12.83	87.17
11.39	77.62	35.58	8.97	26.63	49.81	16.41	87.78
10.73	78.83	35.29	10.36	23.79	47.07	10.99	81.86
10.42	82.02	29.67	9.94	23.25	41.75	9.7	83.6
9.59	66.26	33.43	10.36	25.41	41.3	10.14	72.21
10.58	77.15	37.41	9.92	23.03	42.78	12.1	84.42
10.05	63.5	37.26	11.1	25.09	54.13	11.75	89.81
12.76	79.53	32.89	8.73	27.66	46.83	12.46	87.81
12.16	58.14	35.99	9.91	22.18	48.82	11.65	98.19
12.42	71.65	29.04	9.51	25.51	44.05	10.25	79.95
12.9	71.87	31.59	11.65	24.53	53.3	11.1	95.31
12.83	62.48	33.9	11.16	24.07	54.35	11.56	81.49
10.26	78.21	34.02	12.52	22.9	39.77	12.48	85.13
10.91	64.78	31.16	9.68	27.71	50.15	11.96	78.22
9.58	67.52	33.89	12.4	21	51.09	10.5	109.47
11.59	61.01	31.01	12.65	23.97	48.27	11.93	97.77
12.55	64.84	34.79	12.06	21.93	53.87	10.58	97.51
13.04	69.48	33.15	11.43	23.06	45.05	12.87	81.34
11.47	65.55	31.28	9.98	25	47.87	10.27	82.61
10.62	67.57	36.4	9.82	24.5	57.17	13.19	97.49
10.22	70.7	29.02	10.75	21.58	49.56	12.29	89.58
13.8	81.57	36.04	11.88	29.65	54.4	13.13	83.05
11.3	71.25	35.62	11.81	28.12	43.52	11.1	78.35
9.29	71.04	31.69	12.16	22.2	50.77	12.57	93.01
10.93	61.05	29.46	11.07	22.43	45.13	10.95	88
10.64	79.1	31.63	13.52	22.42	57.4	11.32	74.51
9.54	67.9	35.79	10.08	20.2	46.07	10.5	70.28
10.68	78.4	32.98	10.58	25.58	48.94	12.02	96.73
11.9	82.3	37.32	9.82	23.18	49.01	12.73	93.93
11.91	65.58	31.53	10.55	20.88	49.29	13.23	74.68
12.49	61.77	31.11	9.48	19.88	46.38	11.65	90.3
10.62	69.81	32.94	9.44	25.91	48.15	12.34	90.11
12.54	74.55	40.27	9.6	28.09	55.29	11.7	76.56
8.97	80.85	30.49	10.43	26.34	46.46	12.73	78.42
11.55	67.63	33.32	10.73	20.63	46.28	11.14	89.37
12.98	65.77	29.73	10.23	26.89	44.86	10.81	87.54
10.01	60.2	32.09	9.5	25.02	53.37	12.38	98.3
9.41	80.28	35.64	12.32	24.94	55.21	13.82	90.33
11.27	77.85	44.18	11.69	22.77	49.32	10.33	92.93
10.82	66.49	34.29	10.74	24.37	50.28	12.25	79.61
9.13	70.28	31.99	10.95	27.22	44.96	11.05	88.7
11.69	60.65	35.69	9.43	21.74	49.54	13.69	90.4
12.1	75.31	32.45	10.22	25.09	46.98	12.51	93.4
9.44	74.99	24.51	9.97	22.95	42.85	12.48	80.01
11.26	84.11	32.72	11	19.67	58.58	12.17	89.19
12.93	80.08	31.63	11.38	21.67	46.69	11.6	105.81
9.35	70.9	26.12	9.56	26.78	49.71	10.36	92.83
10.54	63.35	33.87	9.69	25.45	52.19	12	64.81
11.04	62.9	35.13	10.8	26.16	48	12.21	87.13
9.55	71.41	36.4	13.37	19.66	43.53	11.34	77.6
11.04	73.43	37.42	10.67	23.05	41.09	9.98	81.24
9.75	65.7	34.68	10.66	22.25	50.84	12.92	101.4
9.45	67.32	33.55	10.28	23.19	46.31	14.34	83.99
11.17	80.89	40.84	11.37	28.47	50.11	12.81	84.97
11.16	62.31	32.99	11.66	23.66	50.67	11.82	89.56
11.73	63.19	28.89	10.95	22.13	54.95	11.13	84.02
12.36	55.88	31.29	10.42	24.05	49.08	12.33	87.92
11.11	74.82	35.41	10.88	24.44	46.99	9.98	98.75
11.8	55.76	33.09	12.13	24.92	52.69	11.88	88.77
12.78	69.63	39.86	10.78	27.27	47.83	12.46	94.89
9.69	70.13	25.73	9.95	22.11	53.59	13.12	92.13
10.26	73.08	38.19	12.25	24.91	44.25	12.27	88.44
9.91	65.65	35.39	11.38	26.59	37.1	10.57	76.55
12.47	84.95	31.7	12.46	25.33	41.51	11.23	92.41
10.36	81.48	30.94	10.18	26.23	50.09	10.58	102.88
8.22	77.04	30.4	9.48	21.7	45.31	13.39	70.18
10.65	74.17	31.74	12.82	26.87	48.91	12.15	88.66
11.82	60.02	28.53	10.71	21.59	56.95	13.9	87.6
10.88	65.75	36.25	10.35	22.77	48.16	11.75	74.95
10.32	67.93	36.74	10.27	22.38	45.74	13.69	82.53
11.25	65.79	35.69	11.87	22.08	40.58	11.36	79.56
9.95	68.38	34.19	9.53	21.95	46.65	11.46	81.26
12.77	71.24	30.74	9.37	28.33	46.07	12.51	92.67
8.87	67.12	39.11	9.11	26.89	53.03	10.86	95.59
7.11	66.95	33.29	11.22	20.81	47.64	12.98	101.76
10.56	61.11	27.92	10.59	25.43	50.05	13.09	86.28
10.57	83.32	33.43	10.18	27.91	49.6	12.38	82.73
12.65	71.44	40.4	10.25	23.85	47.25	13.85	111.3
10.19	68.11	41.02	11.63	28.03	55.47	11.93	86.48
8.77	70.09	43.93	11.83	20.8	57.13	11.63	75.51
10.11	80.87	36.54	9.32	21.12	47.58	13.15	83.29
11.06	68.73	34.03	11.37	21.63	45.88	13.19	87.54
11.01	73.04	27.98	10.52	18.04	52.41	13.16	103.63
9.91	78.19	32.72	13.39	23.85	43.9	11.3	73.48
10.43	59.63	34.34	10.67	22.73	55.73	12.39	98.87
12.93	67.97	35.76	9.95	24.86	48.84	12.72	82.28
10.79	80.4	29.01	11.99	23.31	44.37	12.94	79.99
10.97	67.83	33.25	11.35	23.34	48.05	12.51	91.53
10.78	62.41	33.05	9.59	23.12	56.84	13.29	109.5
9.66	70.16	29.96	10.25	23.01	45.5	10.77	86.85
13.56	78.34	29.97	10.54	26.25	50.58	13.72	85.51
10.72	68.38	31.2	10.08	28.12	45.44	13.16	97.97
10.58	78.92	37.83	11.22	28.92	48.43	11.63	85.07
12.3	67.41	36.24	10.47	23.07	45.73	13.18	73.94
11.48	73.59	34.63	8.97	25.97	48.87	9.51	96.91
10.54	61.48	34.73	11.91	25.45	46.11	13.28	96.21
9.84	74.31	36.23	10.28	23.56	43.39	11.46	84.05
9.79	63.25	36.42	10.88	20.48	53.62	12.04	92.27
11.2	58.5	33.1	11.7	23.69	60.34	13.91	92.18
10.45	56.81	31.11	9.08	22.55	45.53	11.43	83.12
9.46	69.44	34.56	9.45	22.55	47.31	10.99	90.02
12.49	57.71	31.2	9.84	22.81	44.89	12.89	91.25
10.29	61.83	38.68	10.99	22.74	44.02	11.64	75.49
9.08	61.72	36.2	10.51	23.72	42.47	12.98	80.08
9.51	76.41	31.31	11.87	19.46	47.53	12.18	75.6
13.75	68.34	33.01	12.05	22.91	47.46	11.76	92.21
13.39	67.26	30.89	10.5	24.25	48.6	13.35	92.61
10.6	64.34	33.24	9.85	24.23	59.98	13.83	87.5
10.42	72.65	31.27	11.63	22.68	53.19	12.73	90.98
12.89	68.27	38.06	8.67	26.92	53.03	11.08	91.5
11.18	77.17	31.5	11.19	26.49	53.72	12.33	77.5
12.95	68.33	35.68	9.85	28	45.57	10.73	95.42
10.4	76.51	28.38	10.68	22.34	57.7	12.51	94.99
10.5	67.06	32.44	12.43	24	41.11	10.17	88.47
11.19	76.16	38.33	11.98	23.75	50.21	12.61	99.34
14.29	62.53	32.34	9.63	20.9	52.78	11.33	100.37
10.91	76.88	27.06	10.89	28.54	52.5	11.49	88.68
9.64	52.51	32.23	12.92	27	59.39	13.55	78.45
11.79	64.65	34.87	9.61	22.64	53.74	12.85	91.77
10.88	64.82	32.93	12.39	26.5	44.79	11.64	94.17
10.19	66.4	32.42	9.02	26.24	51.32	12.62	87.47
9.42	65.97	32.4	11.85	24.38	50.77	11.94	91.85
9.87	65.76	38.36	10.37	21.67	54.99	13.92	88.32
12.15	88.88	32.19	10.94	24.12	47.13	10.81	95.69
11.02	63.52	36.47	12.04	26.28	43.83	11.77	86.89
12.31	79.18	33.58	11.62	27.01	48.77	12.92	94.03
10.49	65.4	27.97	9.29	27.69	45.03	11.47	105.83
9.99	72.13	39.07	10.93	24.25	48.11	12.67	94.49
13.55	80.86	39.08	11.76	24.39	43.84	10.68	96.66
10.11	69.66	33.29	12.62	25.6	53.58	11.82	95.96
11.84	68.4	28.97	11.04	23.04	51.97	10.96	80.38
9.53	76.51	33.54	10.44	22.8	53.88	12	97.81
12.67	72.25	32.48	10.4	22.67	48.59	11	83.4
10.64	62.22	39.25	11.84	25.71	51.01	11.84	84.29
11.25	56.45	31.2	12.1	21.62	46.54	10.78	101.82
13.37	77.12	39.48	13.23	26.15	48.03	11.08	96.31
11.82	64.35	35.81	10.27	24.44	47.04	11.34	93.67
10.02	70.42	38.02	11.4	22.71	47.09	12.82	75.45
11.1	66.98	35.92	12.47	20.48	46.16	9.77	77.28
13.52	69.93	33.31	11.15	24.19	46.01	13.54	86.54
11.68	60.2	42.03	10.5	28.54	49.53	11.13	92.94
11.94	53.53	35.81	9.74	25.25	52.6	12.49	94.25
10.65	71.98	37.97	10.46	24.61	45.72	11.72	88.45
11.06	66.39	33.34	8.93	21.12	49.81	11.38	78.02
10.8	72	28.6	12.99	27	55.45	11.11	82.28
10.37	67.03	36.31	11.15	20.39	43.98	12.46	93.08
10.11	58.79	32.29	13.56	27	46.57	13.99	100.75
9.85	61.55	31.84	11.52	23.71	41.7	12.41	92.49
11.49	62.61	30.6	9.86	21.71	47.38	10.87	76.42
12.3	75.88	35.28	11.2	25.07	44.7	11.86	95.33
11.85	61.92	39.24	11.39	24.15	43.95	13.36	79.79
11.13	69.77	25.97	11.25	26.26	54.37	13.26	88.22
11.03	57.63	33.59	11.97	23.78	57.06	12.43	102.31
11.47	67.9	33.34	11.13	22.76	49.81	13.34	93.08
12.22	76.84	26.56	10.75	27.05	46.15	11.79	99.47
10.97	68.14	36.99	9.93	25.93	54.24	12.35	78.86
10.43	72.41	29.69	11.59	20.3	55.76	13.67	76.3
12.96	66.24	31.69	10.59	22.62	51.02	12.02	84.85
10.73	74.9	30.07	11.34	20.93	50.54	12.32	78.78
11.62	64.25	40.2	10.57	29.39	42.65	13.42	83.42
10.46	85.89	36.5	8.85	20.59	49.98	11.96	103.37
9.91	72.84	30.73	11.45	27.08	48.99	11.68	105.95
10.59	63.96	35.2	11	23.53	44.89	10.94	83.55
9.71	71.79	30.96	9.55	20.6	46.94	15.71	73.74
9.66	67.36	35.03	10.6	25.85	45.98	12.66	74.3
10.32	58.77	29.23	10.38	27	51.39	11.42	78.77
9.64	56.66	38.83	10.57	22.38	45.89	12.81	82.81
10.34	73.4	37.9	11.17	26.18	47.63	12.3	92.98
10.93	73.46	32.95	9.96	20.19	52.37	12.21	81.3
10.01	64.59	33.69	9.07	24.25	49.14	12.49	118.05
10.6	75.77	29.79	8.66	23.75	45.1	11.73	105.5
11.41	81.96	32.1	11.5	23.24	45.57	11.55	91.85
9.73	76.26	25.04	11.98	20.22	52.94	11.75	84.28
10.79	72.07	35.01	10.34	29.72	47.4	11.69	75.99
13.35	76.03	31.81	9.53	20.21	48.61	13.01	90.77
10.96	76.86	38.64	8.9	25.73	56.21	14.91	96.27
10.79	70.99	31.56	13.09	22.22	53.59	12.3	87.15
12.99	76.75	35.98	8.69	27.54	51.45	12.41	97.78
11.11	78.52	32.92	9.44	25.27	46.07	11.78	98.8
10.99	76.25	33.17	12.87	19.37	43.96	15.82	81.08
12.54	54.94	32.68	12.21	24.36	49.58	11.55	87.96
11.43	65.63	28.72	11.02	21.8	60.21	12.1	80.87
12.08	69.38	43.7	9.55	27.23	47.79	12.97	104.59
10.74	71.72	46.96	12.26	21.67	55.41	13.13	85.47
11.12	67.89	35.5	10.58	22.71	50.98	13.14	88.79
11.21	75.55	36	10.8	26.08	55.53	10.47	91.35
14.45	72.12	32.58	12.12	23.29	43.9	12.67	96.37
9.09	59.74	35.77	9.22	32.07	53.24	12.71	88.23
12.17	77.8	36.97	11.89	26.93	45.81	12.43	91.16
10.21	75.35	31.89	10	31.02	50.48	12.02	88.32
11.58	66.82	36.03	10.4	27.99	47.09	11.61	99.06
10.92	79.3	33.09	11.46	23.05	49	14.84	80.03
12.04	70.02	35.33	9.42	23.75	53.45	13.52	93.13
12.21	70.26	34.91	11.13	22.51	53.96	12.47	98.81
11.12	73.46	36.68	12.17	23.15	44.68	11	81.61
13.11	70.64	32.14	10.82	24.51	53.48	12.62	93.52
9.86	78.5	31.84	12.56	23.41	42.64	11.32	83.15
10.63	70.81	33.87	7.94	28.35	52.31	12.28	85.04
9.68	80.48	35.04	11.97	27.09	45.08	11.68	86.61
11.15	67.69	34.89	11.19	26.97	50.84	12.5	88.26
12.38	71.78	35.25	8.47	21.94	47.01	11.07	78.2
11.33	82.43	30.15	12.2	23.77	46.36	10.63	80.96
10.36	77.88	38.97	12.26	22.78	53.25	12.6	95.01
11.31	67.16	31.68	11.69	25.79	48.89	10.59	90.61
10.63	67.63	29.71	13.11	21.13	50.31	12.28	77.94
11.05	80.12	34.45	10.45	25.75	45.71	9.9	93.75
12.12	69.08	37.88	11.51	25.35	56.84	12.04	78.46
10.78	68.35	32.44	11.68	20.95	41.47	15.24	86.19
10.09	71.93	35.21	13.53	22.09	49.08	12.05	91.2
11.34	57.07	36.48	10.78	21.4	55.18	10.87	91.95
10.37	79.39	38.48	8.11	21.24	49.92	11.01	88.19
10.53	60.01	33.8	12.36	23.16	50.8	10.84	88.57
10.65	64.69	33.84	11.98	26.28	46.88	10.15	85.04
11.38	84.6	34.22	12.25	21.27	47.11	11.39	91.59
12.04	70.39	33.5	10.71	21.63	42.45	10.06	114.98
11.14	69.81	35.36	12.07	19.65	54.52	9.06	98.17
11.9	64.63	37.08	10.93	23.45	47.19	10.84	75.84
11.3	77.13	29.21	12.5	24	45.09	12.27	75.82
9.7	68.23	34.86	10.91	24.86	57.62	13.71	99.98
10.66	61.03	35.12	9.35	19.98	42.66	9.79	84.28
9.56	78.72	35.44	11.03	26.1	43.78	12.48	101.76
11.76	66.07	29.33	11.88	19.91	53.9	11.52	91.35
9.66	67.86	35.33	11.83	25.35	44.23	10.83	95.71
9.81	58.33	33.06	12.03	23	45.16	10.02	94.81
11.43	69.38	31.68	10.47	20.62	54.73	9.49	88.08
9.92	73.25	43.68	9.87	26.66	49.67	13.1	105.17
12.6	72.09	35.43	12.19	27.93	43.01	12.99	73.71
12.48	68.25	34.29	12.02	23.73	43.49	10.75	89.32
11.06	61.7	31.24	10.58	20.26	54.9	11.54	88.32
10.94	71.65	33.4	12.24	26.31	58.74	12.2	62.57
12.69	63.68	32.52	8.95	23.57	42.08	12.47	99.13
11.01	65.15	34.65	10.93	24.3	56.65	10.49	97.59
10.66	67.82	29.7	13.27	26.17	52.36	10.13	96.83
11.21	74.66	30.72	10.93	25.55	49.9	11.13	93.98
11.81	68.98	28.87	9.13	25.67	46.71	12.92	76.22
10.17	62.38	34.41	10.18	25.15	49.53	13.08	89.36
10.97	55.12	30.8	10.11	24.66	56.02	14.14	72.43
11.24	63.37	35.45	12.4	20.55	45.53	12.68	97.9
12.56	63.85	37.51	10.83	24.1	43.95	10.63	103.53
10.97	75.7	30.45	10.89	22.63	43.64	14.72	103.8
10.02	69.55	33.4	9.54	27.1	56.08	13.11	85.33
9.88	59.8	36.45	12.53	23.23	37.15	13.72	95.16
10.21	73.96	32.91	11.8	25.37	56.77	12.25	81.74
10.37	74.76	38.16	9.77	26.62	49.52	9.24	83.47
11.31	76.53	37.09	10.82	24.8	45.82	11.37	96.33
12.14	72.56	31.96	11.52	19.11	45.98	10.02	85.02
12.64	66.15	39.59	9.81	24.56	52.56	9.35	83.49
10.45	63.24	29.34	8.32	25.57	46	12.43	94.14
11.62	61.81	28.52	11.89	24.74	49.97	11.11	66.92
11.31	70.44	39.62	11.45	26.26	47.17	12	110.53
12.49	60.08	35.99	10.29	25.44	48.19	12.1	88.12
11.04	69.38	30.08	10.44	22.73	51.05	12.47	82.1
11.39	75.11	33.32	12.31	26.02	42.33	12.71	94.92
11.31	67.41	35.46	11.74	24.96	43.37	12.46	80.68
10.06	62.88	37.7	11.81	23.18	36.18	13.31	79.38
10.39	66.79	30.19	9.69	23.72	53.97	11.64	97.52
11.12	90.59	31.61	10.57	22.8	53.54	12.03	102.38
10.36	73.4	30.24	9.78	22.41	45.03	13.15	89.48
11.06	71.27	34.34	11.21	23.14	47.08	9.97	76.52
10.03	75.63	38.44	10.25	26.53	50.8	13.04	89.7
9.8	73.57	31.77	10.06	23.03	51.88	11.72	79.98
10.54	74.82	35.45	11.29	23.46	44.29	13.66	80.08
8.94	70.6	32.86	9.72	24.8	43.99	9.7	87.89
9.37	71.3	33.4	11.7	23.94	45.24	13.44	83.96
12.18	69.26	29.89	12.64	24.83	51.26	12.73	90.34
11.58	73.97	37.24	9.3	24.62	49.09	11.91	92.2
10.01	70.16	37.47	11.07	26.57	47.38	12.1	88.44
9.69	67.46	33.85	12.25	28.08	50.02	11.44	88.74
9.32	91.87	29.93	9.02	22.69	45.87	12.16	92.62
10.75	68.03	40.08	11.04	24.5	49.06	10.44	80.33
12.46	62.61	32	11.04	27.81	49.88	14.19	82.61
11.67	69.95	32.76	9.48	21.58	49.87	9.91	88
10.58	67.64	31.52	14.2	29.31	52.21	12.49	78.12
9.16	67.74	30.15	10.25	22.64	53.97	11.04	97.23
12.76	80.68	34.82	10.46	25.41	51.06	13.35	101.74
11.16	74.58	34.06	10.1	19.19	55.38	13.23	84.87
9.69	78.58	39.81	10	20.69	50.81	11.33	88.67
9.79	66.86	33.15	10.77	25.97	51.85	11.32	84.44
11.12	64.98	32.59	10.46	21.67	44.51	11.22	80.5
9.99	64.56	31.19	9.93	24.53	50.38	11.65	69.45
10.92	61.3	34.19	10.6	24.46	44.67	14.72	86.35
10.43	67.91	36.26	11.54	23.12	51.01	12.59	82.46
10.74	81.08	34.12	11.12	27.94	50.4	9.93	97.46
11.08	79.82	31.62	10.18	20.98	56.63	12.57	100.55
11.72	65.63	31.32	13.19	24.12	44.22	12.64	76.64
11.75	74.93	33.9	11.59	24.54	53.22	13.7	82.39
10.3	76.2	35.39	9.8	24.03	44.69	13.19	72.18
12.8	72.39	29.77	11.61	25.21	40.63	11.96	87.62
11.77	64.31	32.76	11.73	25.95	54.87	9.77	95.13
10.55	71.68	33.97	10.42	21.44	48.91	12.99	73.56
9.88	79.57	37.64	9.95	23.82	54.95	12.83	87.52
9.29	70.21	32.39	9.39	20.82	54.76	12.03	110.04
9.52	80.11	37.09	10.92	23.66	46.41	13.12	97.02
9.71	72.41	41.12	11.05	19.05	44.71	10.8	79.9
11.73	62.87	27.74	11.4	21.02	47.34	13.05	98.4
10.75	63.78	34.27	9.38	23.2	42.42	11.25	95.86
13.08	76.85	30.54	11.73	26.41	53.76	12.45	78.93
11.76	66.57	34.73	11.18	25.29	48.14	12.41	80.53
10.8	69.73	33.86	11.57	25.3	45.01	10.54	94.31
10.66	76.77	35.22	11.64	28.37	45.85	12.21	98.58
9.99	63.54	31.89	9.55	24.4	55.29	10.8	106.09
8.94	77.21	35.17	11.39	25.36	50.91	12.03	98.62
11.05	66.4	26.53	9.71	21.79	51.91	11.8	86.99
10.63	69.7	36.35	10.52	23.94	52.61	12.94	88.44
10.33	72.82	33.63	9.62	23.31	53.6	13.29	75.36
10.69	74.77	28.88	8.86	25.83	50.16	13.59	96.96
10.31	69.38	35.15	11.35	22.69	48.83	13.02	83.95
12.6	65.04	33.23	10.61	21.72	47.29	12.03	95.29
10.79	64.41	34.35	9.79	22.91	45	10.27	84.89
11.9	90.41	34.01	8.54	28.48	47.16	12.66	95.16
11.39	75.58	35.64	11.78	19.07	46.52	10.28	95.39
12.21	63.55	29.84	11.86	25.76	52.59	12.22	89.72
13.32	58.65	35.04	11.55	22.86	45.77	10.62	104.29
11.11	72.47	34.49	9.41	20.76	50.24	11.84	87.96
8.9	72.9	34.68	9.9	23.72	48.82	12.63	87.4
11.13	73.77	29.18	10.69	19.93	43.18	12.3	80.66
11.19	73.99	33.43	9.41	27.84	49.08	12.55	86.39
11.93	76.37	33.09	9.42	24.18	44.03	11.62	79.38
12.96	80.6	33.65	11.8	17.31	50.18	12.58	77.9
10.75	73.74	32.79	9.54	24.14	47.05	11.62	92.26
9.77	71.7	35.75	12.77	29.29	47.79	10.96	89.08
9.32	68.16	32.49	12.25	27.58	57.3	11.23	101.43
9.83	58.79	36.7	10.45	26.96	41.14	11.41	102.36
13.26	65.32	35.65	9.67	25.35	56.59	13.22	93.8
10.82	79.13	34.09	10.86	22.73	50.47	12.21	101.58
9.53	66.67	37.76	10.88	20.29	50.68	11.22	83.73
12.26	64.95	34.86	12.19	27.43	43.21	12.78	90.68
12.59	63.15	34.24	12.09	32.52	48.35	11.16	82.25
11.52	67.31	31.96	10.09	22.91	46.16	12.73	88.94
13.32	69.85	35.91	12.01	22.5	49.03	14.56	83.41
10.84	63.61	33.86	11.51	24.81	58.46	13.21	89.86
12.55	67.07	33.34	11.52	25.2	57.89	11.35	81.79
12.3	73.25	30.24	10.05	23.39	53.03	11.64	89.47
10.61	81.77	29.12	10.61	24.96	42.25	12.15	86.83
11.7	57.53	33.4	11.03	22.34	46.55	11.2	86.91
10.34	62.84	31.2	8.91	21.8	41.71	10.97	88.39
9.35	68.63	35.3	10.36	23.92	50.78	12.3	101.96
11.12	67.51	35.48	8.62	24.62	58.46	11	93.13
9.87	73.27	29.96	10.74	22.31	49.13	12.04	87.34
9.67	60.72	26.51	9.26	23.08	48.07	11.52	92.89
9.45	84.48	38.16	10.18	25.08	54.73	12.55	82.24
11.15	67.59	36.41	10.23	26.68	49.49	10.95	73.63
10.33	62.28	30.74	10.73	24.49	49.86	12.92	81.9
11.77	62.68	34.68	11.87	31.92	57.35	10.83	94.47
11.68	76.9	30.46	10.47	22.78	45.79	12.84	103.17
10.8	57.95	37.74	11.44	26.96	46.31	14.34	87.56
12.19	71.39	29.36	12.71	21.48	46.18	10.44	103.12
9.83	77.34	38.16	10.46	25.76	43.27	12.86	70.42
10.77	82.33	28.62	12.52	24.74	37.68	12.69	73.53
9.52	65.88	37.71	11.31	26.43	48.54	12.98	98.04
13.19	62.39	29.43	11.1	23	54.4	10.56	91.75
11.31	55.31	33.9	9.66	26.3	48.46	11.59	103.63
11.34	64.21	29.02	10.96	22.88	48.21	11.09	94.42
10.26	72.15	33.36	12.4	22.02	44.48	14.05	98.14
10.66	77.34	35.52	10.08	23.24	44.64	12.68	98.98
10.9	72.56	31.38	11.88	22.25	52.04	11.19	101.93
11.47	70.39	30.08	11.28	24.12	49.74	13.48	83.01
12.16	70.75	34.38	9.73	25.95	55.84	11.19	100.71
12.1	65.15	33.75	11.27	24.07	58.81	12.2	84.21
9.15	77.82	36.43	12.37	21.56	47.49	11.13	79.2
9.31	72.18	30.82	11.81	25.52	38.92	12.76	83.42
10.4	85.06	35.29	10.91	23.38	47.47	12.36	80.73
11.86	59.6	29.16	11.67	25.66	42.48	15.3	86.64
10.92	80.6	37.6	9.68	22.63	53.8	10.19	82.06
10.21	71	39.45	11.64	23.19	41.06	12.61	94.69
10.27	67.85	42.81	12.19	26.49	41.82	12.28	89.92
10.61	58.2	33.13	10.77	25.55	44.94	11.66	93.39
11.45	70.55	30.18	11.59	22.62	56.29	10.79	88.38
9.95	62.09	33.98	11.41	20.92	47.35	13.21	80.07
11.28	68.19	33.32	10.78	22.67	57.65	12.75	98.39
12.51	77.68	36.14	11.87	24.12	50.27	10.83	95.25
9.82	65.03	37.54	10.71	23.53	40.62	11.61	88.04
10.37	73.91	32.94	9.69	24.17	52.28	13.17	83.42
10.09	62.21	39.41	10.19	24.3	45.51	11.37	110.62
10.02	79.26	30.02	11.72	23.9	46.97	10.43	78.68
10.09	73.41	32.77	10.83	20.62	43.41	12.69	85.03
9.94	73.55	36.86	10.49	29.05	56.33	13.28	100.19
11.34	87.55	30.23	12.64	26.21	45.69	12.08	78.76
10.35	68.15	40.1	9.85	25.02	57.14	11.37	92.93
12.45	66.14	23.31	11.89	25.55	54.28	14.25	101.41
10.57	63.63	37.15	10.91	22.78	45.25	12.09	74.3
12.12	68.27	38.42	11.52	23.07	42.73	9.9	94.32
10.55	67.82	28.64	10.86	22.13	46.47	12.46	103.13
8.86	72.75	34.17	11.43	26.09	55.42	13.74	80.26
10.68	62.17	35.46	10.55	22.14	49.59	12.85	90.48
10.67	67.92	32.71	11.2	22.59	39.21	11.78	91.86
10.89	69.01	32.84	10.92	25.8	53.07	11.47	86.61
9.19	69.65	36.12	10.44	22.48	41.85	10.32	81.19
11.55	75.84	30.65	10.26	26.76	45.4	13.39	82.67
11.49	60.83	32.21	10.2	25.27	46.91	13.74	86.37
10.15	71.26	32.89	11.41	21.37	49.89	12.58	84.34
10.8	73.62	36.04	11.37	22.45	44.16	14.02	76.86
12.45	67.02	33.1	9.02	26.52	46.27	12.52	70.61
9.78	75.78	33.76	12.79	22.91	50.57	10.19	93.65
11.59	67.12	32.99	10.83	27.67	49.64	12.29	79.81
11.33	73.8	39.91	12.24	23.08	49.18	12.83	85.17
10.78	69.85	38.75	10.99	27.34	52.56	13.92	95.9
10.56	66.9	28.41	10.1	27.78	52.27	11.34	88.55
9.31	64.42	42.82	10.59	23.48	52.63	10.9	92.65
10.22	64.71	31.37	10.21	27.52	49.95	10.13	95.62
8.93	62.86	34.52	11.25	25.67	46.98	12.16	101.71
10.04	65.39	30.24	9.95	23.16	46.89	13.56	82.71
10.96	80.78	31.47	10.77	23.55	47.77	12.92	95.58
10.85	61.46	30.64	9.3	23.5	48.05	12.06	80.02
13.27	85.46	36.04	11.66	25.64	44.32	12.77	82.63
10.84	71.14	30.79	12.49	22.16	55.64	9.89	98.29
12.19	78.86	32.24	10.73	20.73	46.87	10.59	90.44
13.92	75.56	39.48	11.46	24.61	48.44	14.8	97.96
11.3	66.85	33.58	11.91	29.83	48.27	12.14	91.99
11.25	68.82	32.37	11.99	23.72	45.37	10.44	82.3
10.5	68.69	34.35	10.71	25.87	45.3	12.93	80.23
11.24	63.19	30.06	11.7	24.09	41.57	11.69	84.77
