40.69	39.14	34.63	35.76	39.95	34.66	41.55	37.45
27.46	28.4	22.16	24.6	29.89	26.85	23.93	29.07
34.09	32.99	27.74	31.06	34.74	34.42	31.67	37.85
32.47	30.09	28.9	30.7	31.25	35.16	36.84	35.89
27.58	32.15	28.58	24.19	23	24.49	26.3	32.86
31.42	29.93	23.95	24.95	34.16	29.58	30.18	26.41
32.79	31.72	27.91	26.26	21.58	28.8	21.96	29.73
25.27	34.86	27.36	24.03	29.48	26.33	29.02	29.86
35.55	33.22	33.08	30.48	30.44	37.01	25.28	34.57
34.7	38.33	37.85	41.85	35.08	35.53	36.23	33.42
28.6	26.6	24.44	26.08	27.44	31.1	29.33	28.29
29.84	24.66	26.26	26.17	25.68	25.65	28.62	26.51
32.63	26.13	24.47	27.47	28.78	25.92	22.62	27.12
29.55	31.67	33.49	26.43	26.99	33.99	31.24	33.12
31.27	35.58	30.7	37.54	30.45	31.77	32.11	30.88
27.78	26.6	26.09	25.79	28.03	29.26	29.15	31.62
30.4	25.33	31.49	33.54	31.86	28.7	25.86	32.33
25.98	27.19	26.74	32.63	28.21	27.84	25.18	29.09
38.46	28.51	29.98	35.3	35.49	31.97	32.36	33.11
29.29	32.26	25.52	31.82	27.29	28.14	32.59	29.91
27.11	29.44	30.41	30.61	29.18	34.43	25.36	27.77
30.04	36	31.87	31.75	34.92	29.65	29.49	31.13
36.58	32.64	31.99	31.34	36.3	32.3	31.53	28.61
34.4	31.73	31.07	28.69	30.93	24.54	28.4	26.66
23.41	33	28.68	34.92	31.62	37.78	39.21	33.5
25.56	26.96	28.61	29.27	26.88	21.68	24	27.78
34.17	33.58	32.94	33.76	35.49	32.34	32.42	35.52
25.83	24.19	26.55	25.62	26.58	24.04	25.72	27.96
31.89	30.9	31.31	30.47	28.8	27.71	30.34	32.15
27.67	27.84	33.33	32.43	29.06	23.75	28.28	29.15
29.27	29.99	29.72	31.19	24.48	29.13	24.6	25.5
39.97	39.06	39.13	36.29	30.82	35.79	34.33	33.27
37.18	34.75	31.99	30.58	35.98	33.96	36.84	33.22
21.15	31.7	26.97	24.9	29.96	24.65	24.29	22.56
35.28	35.19	37.37	35.51	36.43	28.66	39.84	31.53
24.72	30.32	35.1	27.14	28.39	37.1	28.5	28.91
31.51	26.8	31.18	28.48	29.29	27.83	30.24	34.51
31.9	27.26	27.97	25.14	28.26	28.15	31.2	39.61
26.72	25.33	36.38	33.86	27.72	34.48	28.81	37.3
33.71	34.39	34.85	35.59	38.7	31.34	39.33	34.03
26.33	26.95	25.48	27.39	23.57	29.48	27.81	28.75
27.04	32.54	30.65	24.75	35.85	30.05	33.31	31.18
30.19	29.97	38.08	31.86	29.91	34.01	31.11	31.8
32.37	34	30.54	38.64	33.41	34.4	35.48	36.09
32.83	34.06	35.99	35.49	27.62	30.9	34.86	27.21
32.18	30.44	36.18	38.89	34.15	32	30.16	34.48
24.89	28.87	25.46	26.39	29.47	30.7	27.25	24.92
25.07	24.9	26.66	25.03	25.63	32	22.68	25.4
30.07	22.24	25.34	26.63	25.44	28.76	22.85	26.86
28.08	26.97	28.97	25.49	28.82	27.07	30.71	26.89
33.56	33.73	27.29	30.64	32.73	29.28	29.5	28.19
24.09	26.74	21.11	26.43	22.91	28.5	23.53	26.24
35.17	39.04	29.35	35.06	38.89	32.48	39.38	35.6
28.28	30.25	28.98	28.64	26.82	29.7	26.82	28.68
25.37	24.76	25.7	25	30.76	25.85	23.91	26.13
22.87	21.89	24.2	28.35	24.02	23.52	22.5	22.27
29.38	30.67	27.21	28.46	33.09	30.21	30.9	30.77
33.31	32.48	31.86	31.5	38.68	34	38.47	36.86
30.96	29.71	26.01	26.23	31.72	24.02	25.27	27.56
28.88	27.01	25.15	28.27	23.35	32.66	33.85	24.42
31.93	46.96	32.07	34.88	26.5	30.29	34.34	39.17
33.79	30.05	26.7	31.55	30.22	32.41	32.72	30.41
28.25	31.02	24.49	29.11	29.96	29.55	30.93	25.46
33.08	25.6	36.43	30.18	32.31	27.11	32.98	31.79
31.14	25.65	28.82	32.71	24.02	25.14	23.24	28.3
27.17	24.47	23.68	23.82	23.4	26.36	26.15	24.88
22.82	34.05	24.49	27.57	28.28	27.67	33.03	27.03
33.54	33.58	33.31	32.77	32.29	24.3	27.02	32.05
23.68	30.4	28.64	31.11	31.38	30.18	28.3	31.11
23.88	26.76	29.86	24.08	24.35	27.73	31.11	27.21
35.98	39.78	30.73	30.89	27.8	31.23	34.05	23.51
40.75	40.34	40.12	38.4	36.39	39.45	31.88	35.06
26.3	27.89	28.48	29.41	24.35	26.66	24.69	23.06
28.55	32.76	27.65	27.52	26.65	25.39	28.03	31.06
31.13	30.86	27.13	31.96	30.82	32.02	31.88	23.28
41.62	29.34	39.72	34.58	33.1	32.21	29.64	30.46
27.34	32.25	28.12	37.49	28.34	32.63	30.18	30.03
27.66	22.68	27.48	27.89	31.4	32.12	27.99	28.42
26.82	26.13	24.66	25.59	21.23	22.61	34.09	26.01
23.67	35.14	26.6	30.34	34.57	35.19	33.04	29.7
24.21	25.43	26.51	25.47	30.36	30.04	27.27	26.75
27.77	26.04	28.59	28.07	23.73	25.93	30.71	26.87
29.14	24.34	34.57	28.86	24.81	28.66	34.01	24.46
27.92	25.02	27.69	28.26	28.82	33.12	29.95	32.71
31.02	27.89	29.11	31.04	32.61	32.95	31.3	28.62
29	25.71	24.42	21.61	24.63	26.39	25.92	26.91
28.48	31.63	31.64	33.15	27.5	27.91	31.61	25.13
31.28	30.46	30.55	36.67	28.67	31.46	33.07	24.96
28.38	27.42	32.34	29.87	26.2	26.11	21.85	24.92
26.53	25.08	33.44	27.08	30.94	28.17	29.3	34.29
25.74	25.57	24.27	25.2	20.61	26.65	21.88	24.75
32.82	31.58	29.96	34.7	29.33	30.32	30.53	30.17
24.5	25.49	29.64	31.43	25.97	22.86	28.83	31.42
37.44	31.68	34.26	35.74	29.7	36.79	34.87	32.58
35.71	30.01	35.15	30.43	28.14	36.86	30.76	32.51
28.82	35.42	24.48	24.02	28.81	29.14	29.13	27.25
30.84	40.2	25.86	31.42	26.81	32.53	31.15	28.76
25.96	27.25	23.27	27.33	23.51	22.72	25.75	34.08
27	32.44	28.07	26.89	32.33	26.41	29.92	26.03
38.09	28.96	28.82	27.89	31.23	26.68	28.56	27.04
34.55	28.26	24.97	30.66	28.43	26.94	23.6	24.47
30.14	27.8	29.88	27.64	28.45	28.16	25.28	28.08
28.52	28.15	24.69	28.64	25.75	35.1	29.33	36.06
36.94	34.8	38.87	37.46	30.93	41.43	34.52	42.62
32.27	25.8	24.85	26.3	28.35	23.24	29.66	26.68
30.38	26.73	28.94	25.33	29.62	26.94	25.04	27.69
30.56	32.88	28.98	31.77	29.73	30.93	32.45	29.41
29.26	29.42	27.42	28.38	26.97	28.56	26.08	29.07
32.86	25.9	25.34	28.74	28.22	25.18	28	31.58
25.85	30.84	27.92	28.76	24.92	27.35	26.59	28.21
30.99	31.31	33.51	31.59	31.06	32.43	29.03	28.93
37.46	36.21	40.99	30.63	30.92	36.43	36.96	37.31
30.53	31.94	31.74	36.65	35.23	31.95	32.55	37.43
36.18	31.63	32.39	29.61	31.31	27.29	26.03	34.1
31.86	38.74	33.55	30.52	33.18	29.39	34.56	31.14
28.03	28.64	29.12	30.16	28.19	25.51	27.36	27.52
24.78	25.93	28.52	25.27	30.18	26.86	23.42	24.91
27.98	29.6	28.68	25.37	29.24	31.49	31.66	27.82
34.14	30.31	32.66	36.29	28.6	32.68	35.06	29.48
25.17	32.6	31.29	30.01	26.97	26.21	31.19	29.64
39.57	33.38	34.97	31.76	32.52	41.34	35.43	45.17
24.4	25.31	23.12	22.39	22.16	22.42	22.39	23.48
34.5	30.88	28.65	30.46	27.04	29.48	27.56	32.51
24.73	31.57	30.1	38.09	26.53	31.22	25.17	26.64
26.95	25.09	27.07	24.16	27.69	28.87	26.91	22.02
34.49	36.29	41.82	43.78	38.17	33.29	38.55	37.32
22.91	24.54	21.34	25.48	20.76	24.05	24.6	23.84
22.95	28.18	23.36	27.28	22.17	26.37	22.31	25.82
32.04	28.51	31.41	26.24	27.19	33.23	28.25	27.54
34.91	32.72	35	30.83	26	33.42	34.45	30.47
28.47	31.06	33.46	31.91	30.35	31.47	29.67	33.99
31.87	34.24	30.57	28.31	28.87	32.89	34.22	29.1
29.86	28.28	27.4	34.81	33.09	33.14	29.85	29.31
29.66	28.63	30.46	25.33	26.78	29.59	27.39	31.35
31.31	26.3	30.04	28.62	28.85	28.98	33.21	27.03
28.28	32.04	31.45	25.99	27.43	29.38	29.59	32.45
35.5	27.5	27.66	34.79	34.05	34.18	30.84	27.62
25.26	26.51	25.8	30.72	28.44	33.1	28.93	27.32
27.07	28.04	23.68	28.28	33.38	31.59	29.38	32.88
30.47	27.98	30.3	30.58	25.84	27.11	26.76	30.63
31.58	36.63	35.59	35.97	30.73	37.48	29.75	30.93
19.63	26.74	21.92	22.01	24.6	21.83	23.75	23.64
34.01	27.38	30.79	34.08	26.01	29.97	32.31	31.23
30.53	33.86	33.7	29.11	31.02	35.07	33.08	29.69
28.7	27.51	26.68	30.01	29.43	28.82	29.28	31.07
30.34	34.15	39.73	32.46	32.8	36.04	34.17	28.91
33.56	34.81	35.2	33.88	28.21	33.33	36.42	29.45
33.72	29.32	32.85	31.09	29.48	37.12	34.76	34.01
30.73	27.17	28.92	27.69	31.71	24.96	32.15	30.76
27.13	26.94	27.39	28.58	31.28	23.2	26.96	26.08
29.38	33.02	30.57	24.67	30.06	27.24	25.85	26.28
26.31	31.68	28.91	30.94	32.81	31.63	35.17	29.01
36.34	37.41	39.39	35.13	34.11	31.63	40.46	34.03
32.04	31.81	26.39	28.2	41.76	34.47	38.96	33.9
26.4	25.6	26.94	24.44	24.24	28.98	23.63	30.57
21.8	23.94	25.16	24.93	28.34	21.8	26.31	25.43
28.73	28.74	27.87	24.61	24.22	25.15	22.89	22.95
32.48	27.55	34.72	25.97	30.76	33.25	28.27	23.8
34.74	36.37	33.38	28.13	30.65	28.66	27.58	26.56
28.16	30.12	28.52	28.89	28.46	32.65	30.52	27.56
27.04	24.26	26.02	30.75	26.44	31.71	24.47	33.7
34.93	33.37	28.44	27.82	24.6	31.12	28.36	34.29
30.17	26.55	27.84	34.84	33.96	24.21	31.98	30.88
28.54	34.66	29.18	35.1	28.76	27.13	30.76	29.78
27.83	28.09	31.06	30.79	28.06	28.68	31.2	30.42
28.46	34.25	33.83	34.31	26.77	25.03	26.47	33.52
28.46	30.76	27.92	33.34	34.89	35.25	31.34	31.05
33.11	27.8	31.07	31.72	31.03	32.67	28.6	34
32.49	27.61	24.98	24.8	25.62	26.99	29.04	32.24
36.14	28	25.12	27.65	29.09	33.31	30.61	33.72
32.17	29.47	36.74	29.44	30.53	27.66	26.77	26.67
26.53	23.26	27.08	28.36	21.16	24.96	23.93	23.77
26.14	20.92	28.71	23.83	23.31	26.79	23.69	31.82
29.17	30.04	30.1	29.26	28.4	31.58	30.36	34.06
30.13	25.31	28.51	35.19	31.23	34.48	29.46	36.79
31.23	38.64	31.34	33.29	29.97	27.94	32.43	28.53
34	34.16	31.92	29.41	36.75	32.47	28.08	35.73
25.68	31.08	28.63	27.33	37.44	31.65	31.57	27.82
31	26.68	27	25.15	33.58	25.73	30.44	34.98
30.75	25.69	30.09	25.32	34.16	28.08	31.09	25.84
30.05	30.15	27.57	31.02	33.73	25.46	32.11	29.04
28.8	29.09	25.02	33.38	35.23	30.23	27.48	30.25
35.88	34.24	28.99	33.49	27.38	25.23	36.11	29.87
24.44	26.59	29.16	24.07	30.56	31.27	32.11	30.94
39.01	34.92	35.65	34.43	36.89	33.59	33.07	37.18
30.5	25.27	34.17	38.2	30.14	33.22	32.73	30.92
30.2	32.36	42.57	35.08	31.68	28.66	27.7	30.59
31.34	26.77	34.35	33.94	29.84	25.31	31.98	29.55
27.43	33.78	29.22	27.84	27.7	28.82	27.45	29.38
29.67	30.11	28.14	26.94	30.87	27.16	32.07	29.02
26.03	26.87	37.6	28.65	23.68	29.16	26.91	26.96
35.59	31.99	39.55	32.3	30.56	30.48	33.69	24.87
30.47	29.7	30.56	29.02	26.27	27.26	30.6	25.88
31.41	34.46	33.73	26.56	37.49	36.48	32.54	31.96
31.14	28.15	29.53	32.41	30.13	37.37	23.45	22.74
18.59	20.43	23.96	29.45	25.93	29.21	23.47	28.33
27.36	23.99	32.18	32.28	30.1	31.45	29.28	22.46
31.38	30.38	30.96	24.93	28.33	29.6	28.6	25.46
26.46	24.85	26.04	25	25.36	23.17	29.65	28.34
28.39	30.32	24.89	25.18	27.18	31.1	25.57	28.62
39.32	31.61	33.96	35.06	37.36	38.45	40.8	40.23
33.26	31.34	34.23	31.38	32.09	31.82	31.39	31.97
26.34	25.22	28.71	25.39	28.48	26.73	26.62	28.39
30.39	26.2	29.3	25.51	28.93	25.18	28.09	26.87
25.74	30.93	36.33	29.57	28.8	33.19	26.23	28.44
28.3	23.14	23.81	28.28	28.86	26.39	28.82	29.04
27.59	33.25	31.56	32.97	32.34	30.33	34.16	32.01
26.4	36.33	29.49	32.81	32.49	32.02	32.28	32.94
30.29	25.51	30.9	29.86	30.32	35.27	29.23	28.68
31.84	28.76	26.8	28.27	29.72	27.26	26.37	27.89
33.52	28.14	34.79	34.67	31.09	28.1	33.39	29.51
31.4	27.23	32.75	31.05	34.15	28.97	35.13	24.96
30.82	28.69	32.78	32.66	33.15	29.55	27.36	33.7
28.7	31.47	35.36	40.6	30.64	31.03	33.29	32.47
24.94	30.51	27.41	21.79	25.47	26.89	27.38	23.09
27.26	27.58	32.02	28.9	28.72	29.65	30.81	33.27
31.81	31.66	30.12	30.12	32.29	30.94	31.87	26.35
32.94	32.59	30.62	35.19	37	35.26	29.67	29.99
31.09	26.46	31.44	25.63	25.03	32.48	28.37	29.05
31.64	32.51	31.1	30.85	30.63	33.85	36.68	33.81
30.88	35.89	38.19	35.56	29.28	32.48	36.61	41.44
28.51	31.28	24.21	24.83	27.47	31	29	31.56
30.22	30.88	38.47	31.7	30.76	25.47	28.58	32.73
23.02	33.13	27.04	35.17	25.38	34.75	36.35	29.84
38.22	34.06	33.21	30.27	32.72	27.77	27.49	36.11
26.51	27.01	27.73	28.74	30.62	26.23	26.07	21.32
29.09	29.51	34.49	29.69	31.47	28.44	26.5	29.14
29.21	37.15	33.26	36.89	31.75	36.03	32.74	35.62
33.79	28.2	29.84	30.93	34.26	35.05	32.75	30.89
40.57	30.72	33.22	31.95	29.97	33.84	34.79	29.77
30.41	30.65	33.78	35.37	32.53	27.3	41.25	36.25
30.1	30.79	22.51	27.29	28.49	34.54	31.27	27.71
29.79	27.85	29.58	30.09	33.47	29.88	32.29	25.82
33.87	31.86	29.12	33.45	36.86	33.72	28.63	32.26
32.66	34.87	27.34	33.78	30.19	31.4	34.07	29.47
32.96	35.29	41.6	39.02	31.68	35.89	31.2	35.53
26.11	29.52	29.58	29.22	32.51	29.02	26.72	32.56
22.86	34.4	30.49	27.77	30.86	32.32	34.13	30.27
26.52	30.58	29.91	34	35.18	26.65	31.97	34.94
33.2	35.81	33	29.19	23.81	29.43	31.78	35.14
31.08	27.83	26.61	29.46	32.04	29.76	30.23	30.89
24.04	26.44	28.62	30.73	31.6	27.3	27.24	25.46
27.02	27.48	27.32	23.72	23.7	26.04	25.25	31.19
32.96	28.85	30.28	36.03	36.02	29.83	34.53	32.57
28.84	38.26	33.39	34.67	31.27	40.93	36.84	36.95
26.88	30.03	28.02	24.14	32.03	26.38	30.86	32.98
27.58	34.72	29.71	35.02	28.01	29.25	30.53	28.26
32.36	29.86	30.38	33.36	25.98	31.32	28.74	30.92
29.47	31.11	32.82	35.74	33.38	34.13	33.3	32.88
27.22	26.63	23.17	27.28	28.96	29.47	27.01	28.3
30.77	25.5	29.37	32.87	26.95	35.2	35.04	27.74
25.59	28.82	26.16	31.09	28.76	32.9	31.29	26.98
28.2	25.8	26.28	32.31	26.16	26.27	30.97	27.85
36.14	33.52	33.78	29.92	31.27	38.25	36.46	33.69
24	27.8	29.7	29.43	26.63	30.05	28.85	33.35
25.42	25	25.32	24.65	26.2	27.4	25.82	23.31
30.18	29.46	28.49	26.18	29.64	26.1	33.28	30.78
37.37	34.45	36.36	40.25	38.58	36.34	31.56	38.18
32.05	33.98	31.15	31.75	35.75	29.74	35.54	34.27
27.65	23.92	20.67	23.95	23.48	27.54	34.5	25.85
36.2	29.78	30.08	36.21	33.75	35.33	28.03	35
30.18	31.2	31.85	25.99	29.08	30.46	28.82	25.16
32.45	27.74	29.27	28.54	26.46	33.9	26.57	28.33
23.72	30.06	34.03	25.27	26.29	26.9	26.12	30.17
31.22	25.03	34.74	29.37	30.07	33.65	26.89	29.69
35.1	29.81	30.46	30.9	41.85	33.08	30.63	33.73
30.98	21.14	30.66	28.25	28.79	28.2	24.81	27.82
29.68	33.66	32.51	26.02	28.17	26.11	30.73	31.14
28.13	23.94	25.34	35.06	24.15	24.25	24.36	29.12
24.59	24.29	26.37	24.5	26.36	26.35	26.74	28.81
36.29	31.39	24.85	33.94	34.27	31.05	30.8	32.07
25.72	28.54	25.81	31.36	29.48	28.22	30.98	30.82
31	26.83	26.39	30.25	35.47	28.68	32.92	28.16
19.77	29.63	29.11	27.39	27.37	24.12	25.96	27.16
27.48	25.64	28.69	29.43	23.07	24.11	26.72	28.88
29.53	25.41	27.13	29.77	26.38	31.35	31.68	28.49
25.38	30.84	27.94	31.64	23.13	28.59	32.17	20.66
34.86	33.06	28.44	25.66	35.64	38.56	29.91	29.5
29.21	26.34	23.3	31.03	23.51	29.21	27.55	25.71
28.71	26.36	24.03	28.56	21.81	28.32	30.9	29.18
27.97	28.74	28.36	29.57	25.98	32.39	29.89	28.57
31.94	27.32	30.79	24.59	29.39	33.33	25.58	28.44
23.68	27.84	26.2	33.48	31.77	28.68	31.46	25.64
28.26	27.14	33.55	32.69	27.87	31.11	27.13	30.44
31.63	33.44	36.13	32.79	32.3	31.41	41.3	39.24
35.2	24.97	25.35	27.96	27.54	28.22	24.07	25.72
31.38	28.35	28.93	22.02	23.95	25.53	28.67	25.12
28.25	29.79	30.63	29.98	25.29	24.2	26.89	34.2
28.66	33.62	34.05	26.17	33.78	26.23	30.31	28.23
28.77	28.12	30.16	31.25	28.89	29.51	20.47	32.79
27.71	34.85	37.03	30.64	26.63	32.41	30.97	37.37
32	35.3	32.66	28.01	34.68	32.87	28.42	31.02
30.66	33.15	29.39	29.35	36.44	37.26	35.67	33.1
31.91	33.59	27.61	32.84	32.59	34.9	28.04	29.79
29.16	34.8	32.02	30.27	35.62	28.21	27.21	41.59
31.02	29.36	33.21	31.4	34.87	35.37	29.56	29.86
31.5	22.41	33.68	31.09	35.28	33.29	29.85	30.72
27.61	27.35	26.74	29.72	28.43	23.97	27.51	27.74
28	33.66	27.88	32.3	29.12	36.32	29.19	30.06
32.92	31.8	29.35	32.83	27.84	28	28.03	31.99
32.92	25.47	31.6	30.33	31.05	31.49	30.89	26.8
24.98	21.63	25.49	22.63	26.85	28.05	24.59	24.79
29.76	28.73	34.24	31.67	26.49	26.12	30.96	28.49
27.48	24.72	29.5	28.73	27.05	36.5	29.94	26.65
22.32	32.28	28.24	27.03	31.53	23.77	24.23	29.27
32.96	30.14	32.7	23.32	30.2	34.49	25.64	27.91
27.91	29.37	25.15	25.92	26	23.06	26.18	30.2
26.8	31.1	31.73	27.56	26.3	28.9	30.61	32.54
32.38	34.86	29.28	29.85	32.95	36.44	30.47	31.35
28.63	22.67	31.04	25.68	31.67	26.26	25.43	25.38
30.04	35.19	28.23	31.92	31.87	37.76	36.84	30.7
27.85	29.43	28.04	23.09	25.87	21.79	25.15	26.71
28.28	31.18	34.21	31.72	36.33	32.12	36.95	34.39
29.86	30.15	29.42	27.68	33.65	38.67	37.01	31.85
28.32	30.43	31.91	27.95	29.29	27.95	31.6	30.84
33.02	36.39	32.95	28.78	24.15	30.05	35.02	28.71
30.42	29.68	33.05	26.53	33.99	29.77	32.01	32.57
32.39	24.34	27.37	31.03	29.23	39.86	28.62	28.68
22.33	27.79	28.12	27.25	25.62	28.37	29.53	31.82
29.42	29.87	27.59	26.85	30.04	25.15	30.2	27.07
39.91	31.18	35.78	36.11	37.43	31.72	35.14	35.91
32.17	29.85	36.59	30.46	32.65	26.55	29.87	35.85
36.71	36.33	35.45	27.68	27.23	30.53	34.41	36.64
29.91	26.94	30.87	30.49	27.91	31.46	27.82	31.52
38.98	39.15	32.76	41.43	27.93	35.23	32.66	34.04
29.68	30.42	36.85	28.76	30.92	32.23	36.42	32.5
25.29	25.01	22.14	26.01	18.27	23.87	25.54	23.32
30.84	32.8	36.49	28.14	25.89	26.71	38.93	31.04
24.48	27.11	21.72	28.22	32.61	25.7	28.89	30.44
31.82	26.63	28.23	27.96	27.89	29.96	32.06	29.86
30	35.04	32.28	36.81	29.76	30.2	33.41	32.34
30.66	31.53	31.68	30.97	32.56	32.68	30.32	26.84
32.19	35.64	31.81	39.36	34.88	33.08	37.14	36.89
28.99	28.51	27.04	25.28	24.6	25.8	32.75	32.87
30.92	30.22	29.32	29.74	27.29	28.21	34.48	33.31
30.34	32.62	32.75	32.58	28.7	32	33.61	30.36
33.6	31.99	30.88	31.54	29.91	27.08	29.21	32.09
29.37	31.54	29.34	28.63	25.15	23.54	24.62	29.77
32.89	28.65	34.89	30.78	35.64	33.86	35.89	39
29.06	28.41	27.33	23.3	30.79	23.63	23.91	26.25
28.75	29.68	22.77	33.4	25.4	33.22	34.76	35.64
29.43	26.18	25.43	21.61	28.78	26.94	26.22	22.25
24.43	28.27	27.35	22.81	25.31	28.21	26.39	24.4
41.57	42.66	35.72	38.64	34.5	41.53	37.68	35.92
31.61	26.84	27.9	33.18	24.92	28.93	30.91	32.63
28.47	23.95	26.45	28.53	28.26	32.31	30.86	25.95
28.55	26.14	35.27	27.6	29.26	24.09	22.46	28.39
24.43	23.7	28.96	25.23	28.96	25.87	27.98	23.51
29	27.04	28.65	24.91	26.34	25.7	26.05	27.05
31.88	35.98	35.66	28.43	29.79	39.2	30.02	33.04
32.03	29.82	38.16	28.74	30.39	38.87	33.42	34.55
27.86	28.42	23.98	25.21	25.42	33.98	28.04	31.16
34.37	33.55	34.25	35.46	28.71	32.06	42.27	37.55
24.45	29.93	26.6	23.23	25.17	24.17	22.16	21.87
38.01	30.49	33.54	34.04	26.19	30.8	30.32	31.38
30.91	30.11	32.48	27.8	29.88	27.63	25.62	28.98
27.06	28.57	28.4	27.28	30.75	28.53	25.45	22.22
37.75	29.04	30.04	30.82	34.5	33.48	29.99	28.73
33.26	33.68	35.32	34.59	35.24	34.27	34.83	34.55
30.03	31.11	31.25	29.26	32.55	29.63	30.8	28.08
22.86	25.93	27.34	25.2	26.32	27.62	25.99	24.12
28.76	28.61	27.28	24.04	30.29	24.41	27.1	32.15
35.35	36.45	30.79	42.08	39.4	36.86	33.43	39.59
27.27	29.32	27.55	26.92	24.39	24.39	25.09	28.96
27.17	30.24	29.74	29.24	27.48	28.02	23.26	29.52
31.87	35.35	25.89	30.85	30.93	27.44	31.63	28.93
25.63	24.24	23.37	22.66	22.62	28.51	21.84	22.85
27.96	22.31	24.83	27.88	28.86	29.23	26.12	28.38
26.29	26.32	22.31	25.39	21.99	23.97	25.32	21.85
32.78	35.74	35.03	27.27	28.84	35.93	29.04	26.94
34.31	36.79	36.85	31.23	31.44	34.08	36.88	36.21
28.64	32.45	28.45	28	28.11	28.77	28.63	23.68
29.3	28.32	35.91	30.48	31.13	28.82	36.6	25.96
35.65	31.94	33.9	33.14	31.71	26.42	31.02	23.46
25.73	24.91	25.27	30.88	29.27	31.7	22.97	31.59
29.22	31.84	26.88	33.48	28.2	27.34	28.02	30.15
34.04	27.72	32.81	30.42	30.36	35.45	27.82	26.97
28.81	32.81	26.25	24.66	27.11	30.73	26.17	28.75
33.69	28.73	32.37	34.49	25.07	29.16	22.05	29.94
36.46	36.25	27.92	29.41	31.56	28.6	29.41	30.13
37.54	29.82	41.11	40.63	34.73	30.32	31.77	38.41
26.2	29.83	26.63	24.47	24.83	27.01	27.22	28.07
29.94	26.67	32.52	29.21	28.47	25.43	27	28.79
32.37	32.18	27.27	36.6	32.47	27.29	31.69	29.34
28.79	34.05	32.59	30.76	35.69	31.96	28.55	29.94
32.62	23.35	25.17	26.45	21.95	27.47	27.84	28.13
25.72	22.99	25.29	23.98	24.7	25.71	22.18	22.17
30.1	26.59	35.55	36.12	29.91	36.01	30.67	32.94
33.75	32.67	21.05	26.85	30.16	25.35	26.45	27
27	25.6	26.51	24.3	28.87	28.92	24.03	24.24
29.35	32.95	25.12	29.9	30.56	29.99	27.07	29.06
29.6	24.66	28.71	25.94	23.87	22.35	24.72	21.15
28.59	32.31	27.23	29.75	31.37	29.99	29.63	32.45
30.7	28.12	25.12	22.96	28.25	32.18	32.02	27.29
31.63	26.96	29.33	31.9	34.36	30.72	30.01	28.81
27.67	27.48	29.83	31.4	31.02	27.99	26.13	29.61
32.28	33.68	31.9	36.33	33.87	32.56	34.01	37.09
29.97	26.35	29.89	28.56	30.13	28.58	26.56	22.64
30.09	25.6	29.17	30.38	30.65	26.57	31.4	27.61
25.45	30.88	28.07	27.61	25.83	31.59	31.55	31.23
28.75	28.57	26.96	33.27	25.08	28.78	27.87	23.92
26.92	25.87	28.43	26.55	26.05	24.83	27.56	28.54
35.11	27.79	26.48	25.18	28.26	29	28.15	25.62
30.55	33.31	33.16	37.01	38.89	33.7	27.64	31.38
30.83	34.7	30.46	31.5	28.9	31.83	29.89	28.08
33.03	35.54	32.27	32.64	31.07	33.96	34.28	30.7
24.22	27.47	26.39	30.91	29.08	30.28	28.67	26.36
28.24	32.36	26.47	23.06	25.88	26.26	24.77	23.48
22.64	27.11	30.75	24.9	23.68	24.63	22.72	29.41
29.85	34.91	40.2	36.96	35.54	31.39	40.66	34.74
28.85	36.61	36.27	31.37	32.64	30.02	31.74	32.31
28.63	24.84	27.8	34.85	28.11	29.92	27.84	30.02
36.61	32.58	28.23	32.35	32.82	28.13	32.81	31.54
27.2	35.35	31.04	28.14	35.63	32.21	28.44	29.72
34.9	32.3	32.7	31.54	32.06	33.22	31.97	36.86
25.74	28.54	26.67	27.73	28.13	27.51	28.32	35.43
29.73	24.97	24.53	28.53	28.21	30.02	27.51	25.74
32.11	37.96	37.7	32.11	33.44	33.11	35.44	30.42
35.64	29.57	31.85	27.12	27.36	34.33	23	32.45
32.04	32.68	28.91	34.16	32.23	34.29	27.48	31.22
37.04	34.02	33.82	33.65	29.47	35.79	32.97	32.15
27.83	32.67	25.39	25.22	30.03	24.69	30.02	26.3
30	24.62	28.46	29.25	29.96	23.91	31.53	27.77
32.15	34.72	36.51	34.5	39.19	44.07	38.47	38.91
37.72	29.17	31.34	26.69	26.82	28.25	31.29	26.51
23.82	32.1	29.42	32.43	26.05	25.34	29.02	28.89
23.57	23.2	23.02	24.82	23.16	24	22.01	22.67
22.08	26.15	27.51	25.78	24.21	25.36	30.94	23.07
24.21	29.72	28.66	21.75	25.62	26.22	25.77	26.54
30.26	26.04	32.92	35.16	31.62	30.48	29.83	30.24
26.2	25.54	23.53	28.89	28.89	24.88	25.58	27.69
34.24	32.48	34.63	29.77	29.76	35.65	37.26	33.85
25.7	27.32	26.94	26.64	29.11	24.73	29.38	30.48
32.27	27.87	26.43	34.26	30.49	30.43	34.9	27.45
27.46	28.66	26.64	23.94	27.46	32.01	31.64	27.53
34.57	30.09	26.98	30.14	27.35	26.47	28.85	26.47
25.64	28.7	31.16	26.46	27.5	18.96	27.43	26.32
32.48	26.7	31.68	29.44	27.56	30.49	35.01	27.54
30.53	26.59	24.17	26.48	25.5	33.15	31.06	28.89
29.12	26.16	32.71	29.65	28.86	27.51	32.73	30.74
29.8	25.34	30.35	31.47	27.31	30.22	30.29	26.49
29.17	33.61	33.19	33.12	32.71	25.13	29.5	31.43
29.53	27.33	36.77	34.69	34.62	36.89	32.1	37.61
32.63	28.4	32.63	29.41	28.29	31.89	31.25	37.43
34.09	35.89	35.62	33.49	30.66	34.94	36.73	28.96
36.98	38.9	30.17	39.9	30.85	33.85	35.46	38.32
22.82	32.15	27.34	27.84	26.33	35.71	25.53	32.8
25.68	29.68	32.46	32.12	26.06	28.02	26.25	25.06
22.2	24.66	23.21	20.78	23.3	29.08	28.98	24.49
24.8	25.71	23.23	23.86	25.31	25.39	29.18	24.06
27.53	29.89	36.97	32.16	36.32	33.04	31.67	34.46
28.69	31.05	26.58	23.06	26.77	29.1	28.26	26.04
37.45	34.43	32.33	35.36	38.51	35.72	35.96	37.24
34.08	28.18	36.85	29.42	37.66	32.82	31.74	27.21
23.49	29.19	33.99	31.31	30.59	24.71	29.66	34.4
32.16	28.88	28.45	26.49	34.38	30.24	33.31	29.92
37.04	29.82	37.07	34.61	41.11	35.67	30.65	37.84
34.74	30.77	34.34	30.91	34.28	30.19	29	32.22
35.93	31.21	35.2	30.99	35.04	40.01	35.94	36.5
28.42	29.24	33.16	32.74	34.44	31.9	34.01	29.56
31.94	29.34	37.83	32.23	30.39	28.1	33.27	29.85
26.6	28.33	31.73	26.59	32.57	35.68	27.2	27.98
31.14	28.56	34.1	34.98	30.23	26.98	37.37	26.78
29.56	28.52	30.24	30.81	28.71	26.07	22.26	28.98
26.58	30.07	30.98	33.89	27.94	27.66	31.35	34.42
29.17	35.62	27.29	27.85	23.18	31.21	32.17	29.25
25.6	25.86	26.75	27.37	29.13	30.53	29.72	22.06
33.05	36.87	32.71	33.72	32.93	37.17	32.27	28.9
29.91	31.89	30.42	33.3	33.65	30.99	30.74	34.67
33.9	29.27	30.49	28.95	28.41	31.94	31.44	34.62
35.2	27.5	27.95	28.84	28.38	33.65	33.67	37.12
30.22	30.47	34.16	29.87	30.86	35.65	42.09	29.62
26.62	23.8	28.81	26.16	26.06	22.31	28.54	22.64
24.27	23.43	27.85	32.26	28.64	35.65	29.92	27.78
35	29.86	27.65	27.27	28.74	30.68	28.38	28.55
24.91	21.55	28.85	24.25	29.34	25.28	21.72	27.56
31.23	22.08	20.42	27.67	26.84	24.92	26.82	30.49
24.88	30.7	27.74	23.68	31.64	29.11	30.42	27.37
23.05	26.87	22.72	23.71	31.99	29.57	30.03	33.94
31.19	24.83	26.09	26.53	32.53	26.72	27.27	26.26
34.15	39.73	32.57	30.67	34.3	29.06	32.49	31.5
27.74	25.74	32.73	29.37	33.61	31.24	25.34	30.71
32.7	33.74	28.98	30.25	34.89	37.02	36.35	34.86
26.09	27.45	32.47	24.5	27.07	23.83	25.32	24.22
27.39	31.81	25.26	31.42	37.71	33.68	32.34	32.62
31.93	31.08	32.14	35.41	32.25	28.71	29.43	25.78
32.78	28.39	35.13	33.23	30.33	36.7	34.03	34.08
31.77	24.95	31.66	28.58	26.53	27.48	31.14	28.5
32.55	24.87	27.92	34.98	33.25	29.36	31.42	31.19
35.39	33.71	39.5	32.2	38.03	32.94	35.65	32.43
30.26	26.08	28.48	32.3	26.91	27.54	29.3	26.36
23.16	26.94	26.16	22.08	24.61	28.33	27.06	28.09
26.56	31.17	29.26	31.63	32.17	31.28	26.89	27.18
29.83	29.97	30.45	31.68	31.22	31.57	36.78	29.58
34.68	33.86	39.11	26.99	27.02	30.57	26.69	27.71
29.78	26.1	27.82	32.12	31.1	26.97	24	23.68
27.76	36.1	29.19	28.63	29.53	28.81	28.67	26.79
41.27	35.6	34.3	39.62	27.46	34.48	28.3	27.53
31.73	27.39	36	30.43	28.65	33.05	29.2	33.73
29.31	30.62	32.35	30.26	29.06	34.44	28.21	31.54
34.04	28.58	30.58	32.69	28.88	27.09	28.21	44.82
33.83	33.72	29.55	33.48	34.56	35.1	32.92	28.26
37.24	32.98	29.71	25.85	34.55	38.38	35.93	36.58
33.54	34.23	38.15	34.39	40.79	29.4	37.91	33.28
27.88	27.42	26.73	28.28	25.24	27.72	37.95	26.43
27.6	36.2	32.13	37.47	39.7	35.36	35.39	31.79
34.4	33.05	31.34	30.11	27.38	31.88	27.88	34.42
28.85	30.73	25.4	29.3	25.45	25.55	29.02	24.99
34.04	28.67	28.68	20.44	23.26	23.84	24.78	20.85
25.16	27.28	29.99	32.67	30.87	29.49	26.93	29.19
33.83	33.89	35.86	33.34	35.93	30.88	36.5	37.3
32.19	29.85	32.24	31.34	27.82	31.63	35.76	30.83
26.02	32.28	31.41	33.52	34.27	34.85	32.34	30.42
30.15	34.72	32.56	24.29	33.74	30.31	29.26	35.91
29.83	29.37	33.07	24.69	30.65	29.67	27.24	25.17
24.64	25.26	25.37	27.46	26.94	22.29	24.77	21.83
33.61	36.49	29.97	40.83	35.67	32.97	31.85	33.96
40.53	36.23	38.23	44.65	37.45	33.08	38.14	32.16
28.64	30.05	30.26	30.04	25.29	25.53	29.12	23.69
25.81	32.34	32.99	26.9	26.65	28.66	29.83	24.81
30	24.75	26.03	25.81	23.47	30.29	23.58	31.19
36.32	35.67	28.96	33.22	39.38	42.13	29.33	32.93
27.67	27.84	25.3	25.86	24.38	27.73	23.06	26.95
24.85	28.56	25.28	26.17	26.39	28.97	25.67	24.65
30.75	23.73	26.81	27.87	26.68	24.26	24.13	33.97
29.53	36.94	30.05	35.71	29.18	35.63	37.41	35.68
22.32	30.56	31.38	29.61	33.57	25.19	32.46	29.14
28.78	29.46	25.13	34.7	32.24	28.82	26.38	28.77
36.5	31.72	29.19	31.91	39.06	28.09	32.27	31.81
38.06	36.5	31.9	37.06	33.39	40.94	39.76	41.78
38.95	36.1	32.42	32.38	30	31.38	32.59	30.98
23.54	26.85	35.44	29.79	32.47	27.22	26.15	28.6
31.96	32.48	33.34	26.69	28.1	30.23	30.89	24.9
22.45	33.15	20.62	30.95	28.98	30.4	25.65	25.3
35.14	35.25	29.48	30.6	31.55	28.97	27.85	32.92
30.29	31.43	27.39	27.54	30.01	32.38	32.2	27.45
30.58	27.49	30.76	31.06	33.59	26.64	30.22	28.05
29.3	26.16	22.37	28.85	29.3	28.6	33.55	29.4
24.84	24.22	27.13	26.17	32.29	26.69	29.32	24.73
24.4	29.17	27.69	32.6	26.78	30.56	29.33	27.49
27.53	24.87	29.5	33.23	25.52	30.43	33.09	33.29
35.79	30.04	30.12	25.46	33.24	31.77	29.52	36.01
35.35	29.45	30.93	32.02	33.23	33.59	33.63	38.99
23.83	21.44	22.65	23.06	20.24	21.85	30.91	28.67
29.69	24.48	28.36	32.38	26.45	29.14	38.41	32.32
40.8	33.21	37.68	35.21	31.33	32.45	36.59	34.52
35.62	27.54	32.5	38.39	42.53	42.44	29.87	31.81
32.94	38.58	27.98	28.48	30.52	33.79	33.42	34.85
37.94	39.24	38.76	39.78	38.49	37.6	33.77	44.2
36.3	42.28	34.76	36.02	31.22	32.33	27.52	41.88
24.84	31.57	26.58	28.21	25.63	25.52	29.91	23.55
32.23	35.52	36.47	27.65	33.34	33.41	36.08	28.69
27.33	30.12	31.91	26.76	36.44	25.61	27.31	30.45
30	35.81	29.54	36.66	28.51	29.79	27.21	28.24
33.49	42.59	33.91	35.34	37.98	40.89	35.82	36.1
27.93	26.2	29.62	23.23	27.01	27.02	22.98	28.01
28.42	25.65	31.81	28.38	27.6	28.01	32.47	31.74
28.18	29.9	29.06	32.54	29.77	31.93	28.41	32.01
28.79	33.31	25.56	32	29.32	35.84	32.53	30.42
30.11	33.76	26.18	26.07	29.44	30.77	29.09	31.58
32.57	33.62	25.94	26.54	26.41	21.9	30.95	29.82
32.9	30.99	34.04	28.85	26.03	27.82	34.59	35.3
28.86	31.55	35.92	28.21	29.91	34.48	29.8	31.05
29.61	22.42	27.43	24.83	30.43	27.72	23.85	21.1
25.22	25.63	25.41	28.94	25.13	27.46	30.9	26.23
30.13	32.6	29.05	28.99	27.85	28.73	33.72	28.51
36.16	36.27	34.54	36.35	35.63	30.82	40.87	36.78
34.84	31.75	28.93	27.65	29.19	32.65	32.76	31.95
27.28	25.02	31.45	29.73	29.83	29.23	29.2	26.25
28.37	34.36	30.22	33.86	33.38	35.77	34.46	31.41
31.32	30.6	31.08	27.34	30.98	27.42	28.05	27.88
29.54	31.55	29.56	30.7	21.18	31.76	24.36	31.24
25.99	26.55	26.92	26.26	22.69	27.74	27.41	29.3
28.96	26.59	24.82	27.98	25.6	25.52	26.36	29.66
29.05	26.03	29.37	28.34	24.86	21.69	22.63	22.72
32.13	28.23	31.65	34	29.5	29.35	34.95	25.98
37.38	31.41	36.06	32.68	29.99	35.81	33.7	40.64
32.54	34.68	30.54	30.04	41.29	30.65	27.79	31.76
35.54	31.38	34.64	33.63	28.18	29.15	35.68	31.14
27.69	32.26	27.97	34.84	30.26	28.53	30.62	27.84
25.8	27.98	27.68	23.17	25.21	25.78	25.19	25.09
32.25	29.52	28.38	31.15	32.41	35	34.54	33.12
33.93	32.44	30.59	34.19	26.78	35.83	33.86	37.61
37.26	35.64	38.52	38.64	33.29	33.75	35.23	31.84
25.64	22.72	24.63	26.65	22.28	23.74	21.91	17.67
25.8	34.53	26.95	30.39	27.69	29.39	34.41	23.44
33.38	35.06	27.71	28.76	28.51	26.45	32.81	35.92
23.44	26.64	25.5	28.16	28.32	30.26	27.84	31.28
29.49	33.87	28.67	31.02	29.23	29.76	33.69	33.95
24.92	26.28	26.08	30.99	23.66	28.06	25.02	28.03
25.05	30.32	27.88	26.27	25.34	25.34	30.91	25.06
25.07	25.38	35.28	31.2	28.86	23.46	27.98	30.18
26.18	32.29	35.43	37.26	31.72	33.49	28.69	37.16
31.36	31.45	31.58	28.42	28.09	25.92	28.34	30.67
32.23	27.82	30.84	30.39	26.94	33.68	27.95	30.98
31.13	32.64	34.3	34.83	31.81	33.4	34.45	25.01
31.1	26.54	27.22	29.08	29.33	23.41	25.82	26.95
36.65	25.58	33.71	34.62	27.29	39.86	34.66	28.16
33.34	36.24	32.32	37.01	34.81	33.19	37.85	30.6
31.67	32.85	29.62	29.63	29.1	31.66	32.47	31.26
28.73	25.89	29.05	27.45	29.64	24.77	26.55	28.02
22.7	25.8	21.57	26.5	21.31	25.19	23.22	25.06
25.27	26.56	29.39	26.63	30.15	29.53	33.46	24.46
33.92	36.6	31.75	34.64	37.87	36.49	42.06	37.55
34.83	37.96	30.59	31.07	34.47	31.5	37.64	33.38
31.97	37.72	33.9	29.81	30.97	34.9	34.01	34.07
33.69	25.58	29.13	29.08	30.28	30.58	30.09	26.98
31.82	43.09	39.82	37.96	36.29	36.26	34.19	34.35
28.71	38.53	29.38	29.87	27.28	33.2	34.81	35.23
31.33	32.05	32.64	32.99	31.35	32.63	33.77	35.75
34.36	36.05	37.42	30.67	32.68	38.1	32	30.64
28.66	29.34	31.15	30.17	31.13	24.97	32.97	32.52
33.52	29.65	29.53	30.04	34.88	32.19	32.85	33.79
26.28	32.81	24.67	26.34	25.17	24.01	26.88	24.93
31.23	33.13	33.72	34.58	27.58	29.61	31.68	28.88
23.21	23.1	21.15	23.92	20.77	26.32	23.73	21.11
29.6	30.54	29.39	27.9	33.55	29.91	29.67	30.17
23.48	20.63	34.68	31.99	25.68	29.02	29.34	27.87
34.8	30.94	31.43	30.7	29.77	31.32	30.22	35.32
29.62	24.64	29.26	32.31	26.56	26.05	24.3	28.18
32.56	30.76	32.75	32.19	33.53	29.73	28.49	33.03
35.42	37.56	34.03	26.27	31.12	32.45	31.37	34.4
26.97	28.91	26.01	29.76	24.11	25.71	27.92	24.45
29.37	18.78	27.25	30.06	27.83	25.38	23.11	23.64
25.29	31.03	31.12	27.74	27.25	25.58	27.71	27.3
24.81	32.18	33.76	27	30.89	28.27	27.13	28.84
29.83	31.74	33.86	35.54	27.67	34.85	31.5	33.44
34.37	27.09	33.4	37.32	35.84	33.86	31.12	33.96
32.57	37.21	31.05	33.61	30.6	35.3	32.83	33.59
34.8	31.5	32.41	30.81	32.38	30.22	33.68	29.49
41.98	36.01	44.18	44.99	37.54	36.58	33.4	40.94
32.59	30.98	32.86	33.85	28.37	35.53	36.62	33.67
30.03	29.22	33.15	27.62	32.63	35.56	28.17	27.36
29.58	32.59	25.66	27.56	33.6	30.94	33.28	31.55
33.89	30.29	28.7	31.76	30.11	33.53	29.66	26.33
31.37	32.41	31.18	32.63	36.82	33.84	31.7	33.48
26.37	35.34	33.69	30.42	29.53	32.49	27.76	27.74
33.38	36.36	33.31	27.49	29.72	37.98	35.92	35.33
22.14	22.49	24.84	21.66	23.69	26.15	20.94	20.33
30.81	28.74	39.29	32.22	31.78	32.34	33.89	33.99
40.06	30.04	36.51	33.82	34.58	35.93	36.69	37.28
28.69	33.68	33.62	32.71	39.06	38.22	31.1	33.96
29.19	23.39	26.57	28.19	30.9	27.85	30.82	30.54
24.8	31.33	31.8	26.11	27.14	26.75	25.06	25.21
37.88	36.92	36.04	34.24	32.91	30.51	30.1	37.82
27.83	21.63	27.79	26.18	27.74	35.77	27.26	26.29
36.18	31.71	25.7	32.15	31.56	27.74	28.21	31.63
31.18	25.92	29.05	29.85	24.79	29.93	28.53	31.09
32.1	29.05	30.78	27.21	25.39	29.71	25.79	27.43
31.22	29.38	28.58	31.1	25.26	29.67	30.38	21.65
33.66	26.54	27.78	30.57	29.26	25.31	30.11	28.12
30.8	32.26	29.02	32.35	25.81	34.31	34.94	28.49
27.55	35.63	31.25	30.83	32.34	30.12	31.34	27.31
28.05	29.73	29.23	28.52	26.22	23.38	22.85	32.33
25.48	28.76	24.15	30.82	28.55	39.45	28.49	33.65
39.32	39.81	29.57	32.72	29	36.28	27.99	37.77
24.35	24.87	25.61	30.89	26.02	24.15	28.64	29.59
27.96	23.42	28.97	24.84	26.5	32.67	22.63	26.12
33.63	32.16	38.85	35.43	22.42	32.12	34.42	29.9
25.97	25.06	26.94	27.24	27.31	25.72	20.17	26.28
27.45	30.84	30.97	28.98	31.62	28.53	29.36	25.05
27.8	24.18	26.66	27.81	28.17	30.7	28.23	22.44
23.87	25.98	25.74	28.54	19.53	28.62	25.8	31.11
31.02	29.31	28.06	30.7	32.71	28.68	26.9	29.31
38.51	33.99	34.72	28.41	33.02	32.76	32.65	35.19
29.42	28.26	31.42	30.61	29.69	24.77	31.02	28.62
35.36	33.72	39.36	37.71	41.45	39.14	39.81	39.02
29.89	27.78	27.36	24.17	25.16	26.78	20.9	25.37
30.72	28.32	32.6	26.24	33.43	31.62	30.71	33.92
26.5	33.08	35.46	30.32	36.5	30.51	28.31	31.13
32.61	34.45	31.43	33.44	32.47	30.23	33.3	33.85
22.26	30.31	24.44	30.01	27.12	24.74	25.46	26.23
26.74	28.97	23.55	29.2	26.12	25.86	30.79	28.18
28.21	33.21	27.82	32.02	28.47	29.69	30.3	24.53
25.83	25.49	26.65	23.35	27.61	25.88	24.88	26.7
34.95	38.25	36.72	31.06	37.48	41.15	36.68	38.16
39.68	40.34	37.85	26.96	31.52	33.85	35	31.11
29.31	31.32	29.26	29.38	30.47	27.84	29.25	29.9
29.05	33.85	32.54	34.76	37.06	28.02	28.24	26.76
24.57	27.44	33.38	30.05	27.13	28.61	31.82	35.04
26.8	22.95	25.83	25.31	25.38	23.39	29.64	21.14
24.94	27.39	24.15	25.43	29.1	24.22	30.28	25.61
33.47	29.12	34.56	36.16	32.7	27.91	26.74	41.18
26.96	29.23	33.53	27.92	28.53	26.86	29.96	25.1
30.69	35.64	37.52	34.62	34.57	37.55	33.57	33.75
27.35	27.87	25.27	23.37	27.51	23.39	27.57	24.16
27.74	37.58	32.28	40.45	30.24	29.07	39.67	34.47
32.41	32.17	25.74	33.8	33.81	25.33	32.56	29.24
41.53	34.53	35.93	36.75	38.92	34.49	29.02	32.62
29.84	29.19	24.88	26.43	20.74	27.65	24.45	30.13
39.6	36	28.06	31.58	33.32	32.01	34.25	37.41
26.31	26.84	22.64	30.92	26.03	28.68	29.58	23.13
28.81	30.86	27.15	32.35	27.32	30.86	34.69	31.79
26.99	34.28	24.74	28.74	31.33	29.56	30.03	27.64
33.68	25.76	25.59	25.65	28.31	29.18	27.74	28.9
28.19	31.47	32.15	29.1	25.76	29.27	33.72	26.55
28.31	30.07	29.13	27.55	26.06	26.75	21.53	27.48
35.01	29.68	25.18	26.42	31.2	28.23	27.91	26.9
31.03	30.34	27.73	22.88	28.64	24.88	26.28	31.73
27.21	31.5	35.03	27.07	27.68	26.6	32.33	27.86
28.39	23.21	29.14	30.6	32.98	27.07	27.13	25.91
32.25	29.5	35.56	33.27	32.15	30.69	30.94	28.08
30.58	31.05	34.83	27.75	27.04	28.76	31.76	38.18
27.51	35.72	32.17	29.09	31.92	35.81	29.08	31.27
38.26	30.2	34.86	37.9	30.52	36.87	31.75	40.63
30.63	26.14	28.95	30.49	33.1	29.39	31.76	29.8
39.26	37.58	31.12	29.27	28.39	32.66	28.68	29.28
30.65	29.97	31.02	27.46	31	33.73	31.16	27.51
33.09	30.53	32.94	31.64	32.84	27.27	28.68	32.83
28.23	29.7	27.58	32.64	31.49	25.15	25.97	29.65
25.07	30.12	26.88	28.63	29.01	29.16	28.06	31.01
34.61	29.48	29.24	31.13	33.41	34.88	28.54	30.93
25.11	23.12	22.24	22.96	27.1	22.87	23.74	25.81
30.3	29.32	33.56	28.42	34.04	24.94	29.87	35.45
27.89	28.16	25.95	30.96	20.91	32.19	26.93	30.77
32.74	33.79	38.53	28.27	37.6	32.06	29.32	30.12
33.61	28.35	28.53	30.44	25.21	28.69	29.8	39.57
24.45	25.14	24.33	25.91	22.8	26.82	23.09	25.72
21.5	27.31	22.55	26.05	24.95	20.81	25.78	27.57
35.06	32.02	36.49	34.14	32.15	29.75	31.87	31.48
27.85	28.44	27.52	25.19	27.66	31.9	27.66	28.33
26.98	29.69	26.09	26.67	24.5	29.42	30.42	28.74
20.43	30.13	29.76	26.13	22.46	26.31	27.19	24.61
25.17	29.34	27.18	28.82	30.32	25.88	24.27	24.8
25.54	28.6	24.12	29.18	26.29	22.95	33.07	28.65
30.5	34.75	35.3	30.25	29.86	32.68	32.48	36.61
30.44	28.89	28.64	33.86	30.74	32.23	33.73	33.47
26.56	26.46	29.89	30.94	23.31	29.68	22.95	25.84
24.7	24.84	21.41	23.77	26.12	25.44	27.85	24.88
31.3	30.66	28.54	24.71	28.16	32.53	29.25	29.08
31.81	26.54	25.96	25.9	24.17	25.32	27.46	28.19
28.51	28.97	28.63	27.77	26.06	31.43	29.47	28.19
27.61	27.44	27.36	28.96	28.17	26.84	24.68	27.01
27.89	30.09	25.87	27.28	28.33	27.15	24.74	27
33.07	25.88	26.16	35.63	32.46	20.65	27.51	30.3
30.56	26.51	30.99	26.29	29.84	27.8	29.98	30.12
32.77	39.83	38.75	39.8	39.8	28.84	36.86	34.84
33.12	35.48	30.11	31.17	29.68	31.47	31.07	27.57
30.7	28.47	28.25	31.87	28.15	30.72	26.64	28.39
31.19	34.49	35.32	28.65	26.62	27.5	31.46	35.15
29.32	25.88	38.54	30.2	32.39	32.93	25.26	31.53
28.24	28.17	30.15	23.69	25.88	29.75	28.08	28.12
29.39	26.52	25.36	31.14	29.63	31.08	28.17	24.99
21.01	27.99	25.15	27.28	23.16	25.65	24.89	28.9
38.12	30.02	26.33	31.29	31.22	33.52	37.22	32.85
28.2	31.86	29.57	31.68	33.76	26.55	27.26	30.53
24.35	27.75	27.42	25.59	23.91	23.29	26.15	23.31
29.61	24.15	26.44	32.6	29.61	27.1	33.34	31.54
25.41	28.07	25.7	26	23.37	24	24.65	25.23
23.62	22.74	25.27	24.6	28.79	24.13	27.7	29.38
33.89	26.7	32.18	31.42	32.79	24.59	32.84	28.43
30.01	31.61	28.13	28.79	26.97	26.95	29.95	25.88
27.41	28.05	28.96	38.21	27.27	32.66	32.53	32.81
32.14	24.74	29.61	23.66	34.84	24.24	25.89	23
25.16	31.61	26.9	27.83	25.25	27.59	31.37	28.91
31.77	26.89	22.25	29.95	29.87	30.65	30.79	26.21
31.41	30.44	28.83	31.6	37.99	28.76	28.26	33.79
34.29	31.85	27.26	26.73	27.1	28.47	32.02	31.17
33.37	32.39	36.8	36.49	35.15	30.28	34.29	31.9
27.47	41.2	31.24	33	25.28	29.02	29.8	31.04
28.72	29.38	33.35	32.91	30.9	28.97	29.65	36.89
27.3	31.71	31.93	32.39	26.87	32.7	30.73	25.29
28.67	30.93	28.54	32.03	29.58	29.52	33.95	28.88
30.53	34.65	30.71	32.64	32.93	36.25	32.6	32.93
24.11	29.99	30.7	35.05	29.26	27.64	27.28	32.3
30.65	29.83	32.4	31.88	30.22	26.17	29.98	24.82
27.98	28.58	27.08	27.61	30.3	32.83	26.66	36.03
32.28	30.56	30.6	30.48	28.05	26.72	26.98	32.98
26.92	32.34	31.13	29.84	24.56	25.54	29.51	38.1
38.73	36.4	35.01	41.5	32.11	36.58	34.59	35.82
24.24	24.19	23	21.04	22.39	25.16	21.02	26.19
27.3	29.4	26.58	29.67	29.96	29.91	28.63	32.54
21.56	31.02	33.77	23.7	29.94	25.63	23.64	23.82
33.62	31.59	35.03	34.04	36.54	27.67	32.61	35.46
26.33	22.89	26.45	30.64	22.2	24.56	24.29	32.03
28.21	32.59	30.15	32.51	30.99	31.36	26.1	34.85
33.31	30.75	30.03	32.64	29.92	33.33	32.34	35.43
29.59	39.38	31.21	30.17	35.11	37.59	33.6	30.77
35.76	27.44	27.14	28.19	27.24	25.33	30.7	30.25
34.28	28.36	31.81	31.1	32.65	28.61	27.41	30.75
28.85	34.23	30.36	40.14	32.17	28.83	31.67	29.47
35.32	34.55	44.09	27.49	34.87	36.44	36.68	32.89
25.32	25.85	26.86	29.26	30.06	27.81	24.79	33.99
38.76	31.93	32.53	31.14	39.2	34.67	32.72	34.63
34.96	26.94	33.88	30.47	28.3	37.21	29.79	33.47
32.55	35.3	31.73	33.57	30.26	31.18	27.56	31.7
32.29	29.34	33.11	30.57	27.8	29.7	27.38	27.51
27.7	26.27	25.97	31.91	30.02	23.47	25.59	25.8
28.82	29.42	29.51	25.88	27.38	26.67	28.91	30.79
31.2	39.81	39.95	38.54	39.99	39.48	35.01	36.98
28.55	33.44	32.31	31.67	32.25	32.97	35.02	34.95
25.77	22.22	23.1	24.57	25.84	25.31	21.7	20.26
32.38	31.59	38.83	32.7	29.8	40.1	33.23	31.67
30.84	32.25	28.71	34.06	37.55	37.61	27.16	29.42
28.93	30.04	31.74	30.16	32	26.32	28.3	36.9
37.57	33.84	34.21	35.91	31.99	33.84	32.62	33.64
29.59	28	28.08	24.8	28.27	28.89	28.97	35.17
29.23	29.91	28.88	29.38	34.24	28.45	31.54	27.63
30.32	31.11	25.09	27.43	27.95	26.12	24.09	27.04
24.1	21.61	27.11	20.97	19.08	27.41	25.08	26.6
34.55	30.95	29.12	35.15	34.61	31.72	27.28	38.59
27.45	27.14	31.96	33.54	29.22	25.9	26.78	25.48
29.89	32.64	32.57	34.01	29.56	30.01	23.3	31.24
30.25	35.83	31.39	32.11	32.51	29.1	35.05	28.75
31.19	25.29	35.53	32.8	33.53	30.02	35.22	32.96
32.75	31.16	26.58	29.53	37.24	31.36	28.35	36.69
23.59	29.84	24.05	27.28	24.23	22.91	22.62	24.49
27.48	25.55	29.65	28.4	26.12	30.36	22.86	25.16
30.32	34.16	30.26	27.93	33.37	28.78	25.68	30.03
40.81	29.88	32.16	24.97	38.27	33.86	35.83	33.86
24.94	27.29	24.08	27.31	24.36	25.14	25.41	24.52
19.69	25.47	25.56	22.01	24.03	27.87	21.89	22.6
37.91	37.27	36.2	33.44	33.22	30.58	31.23	32.25
28.13	28.24	33.42	26.79	34.13	33.55	29.47	29.03
30.19	26.52	27.29	28.52	24.87	29.39	20.12	25.21
36.63	39.22	31.03	38.65	35.28	35.81	29.87	33.17
29.79	26.63	22.8	22.69	25.74	26.76	26.73	23.75
31.4	41.11	31.06	33.05	30.63	33.71	33.2	33.92
35.42	39.14	33.04	32.23	32.56	31.1	28.8	35.68
28.52	26.55	29.06	29.26	25.3	30.2	24.49	33.79
39.61	36.54	31.03	36.59	31.68	31.02	32.61	35.32
30.4	34.97	30.21	25.19	28.95	32.67	30.13	27.89
30.55	33.01	31.2	32.03	26.4	25.11	37.49	34.11
24.11	24.23	27.37	25.61	25.25	22.34	24.79	21.43
29.1	26.89	28.18	30.12	36.06	28.55	34.3	29.13
31.71	35.95	33.78	35.3	34.23	31.12	29.69	27.65
29.5	29.1	31.26	24.6	23.36	34.43	30.64	27.34
30.91	30.89	28.09	29.38	26.86	33.6	28.62	28.8
31.19	23.71	26.95	25.56	26.34	25.7	28.23	28.08
28.24	33.9	33.77	34.07	35.93	27.9	26.56	34.74
29.44	31.61	33.06	32.98	26.7	30.95	27.28	29.6
30.19	28.82	31.64	26.7	26.36	34.6	28.78	32.97
20.22	27.75	24.56	21.9	26.98	27.91	24.9	28.56
40.58	35.73	31.07	36.24	34.66	31.06	36.22	34.75
38.67	37.51	39.27	32.23	40.95	40.39	39.44	35.35
27.68	24.44	22.77	25.93	28.63	24.96	23.33	28.99
28.1	31.91	27.06	26.29	27.9	25.51	25.73	23.16
27.41	31.73	29.66	33.55	29.46	31.67	37.18	33.05
31.49	25.95	35.06	34.82	33.71	29.85	35.82	29.58
21.85	23.69	24.85	28.24	21.36	22.52	25.99	30.14
33.31	26.76	29.92	30.18	30.56	29.86	33.03	26.38
26.73	24.27	27.76	28.04	30.14	25.77	26.7	25.74
24.49	23.2	26.12	27.81	27.65	24.68	29.03	24.2
30.32	37.53	29.18	35.84	37.31	29.85	32.35	35.66
26.38	24.16	23.42	24.83	27.81	26.5	24.8	26.77
27.5	26.22	26.34	31.38	27.95	31.54	25.78	32.67
26.29	22.17	23.27	32.27	28.78	29.86	29.37	20
27.91	26.43	31.54	32.41	26.88	32.45	23.89	25.51
25.48	26.42	31.29	27.58	33.17	29.14	30.94	28.47
31.54	34.56	30.24	37.36	34.8	30.93	33.54	34.32
30.09	25.13	33.44	28.99	25.3	27.68	26.34	26.47
35.46	33.01	33.75	32.11	39.18	31.92	32.68	32.57
35.09	34.69	32.43	34.04	37.3	36.19	34.31	31.12
33.34	34.33	25.96	26.13	31.29	28.43	24.63	26.25
33.01	32.57	35.22	28.63	30.39	30.73	33.82	29.46
26.84	24.54	27.67	25.6	24.97	21.99	30.4	26.68
26.03	23.16	30.67	27.2	25.75	28.79	27.08	25.15
25.56	38.72	26.92	31.8	38.68	30.32	26.38	34.21
31.29	36.59	30.14	38.39	32.78	35.19	28.38	30.79
31.94	42.33	37.72	33.71	41.82	37.61	38.38	39.8
33.22	33.35	31.1	34.05	34.98	33.39	30.96	33.35
24.73	29.1	22.89	28.57	33.77	25.84	28.48	29.36
27.2	29.05	23.34	25.88	29.19	27.88	25.68	24.44
29.13	31.29	31.88	26.02	28.24	28.28	26.32	26.81
36.16	34.45	29.68	34.96	33.65	27.54	28.13	30.74
35.19	28.89	27.35	24.9	29.79	25.15	27.2	26.56
28.46	30.58	25.95	27.76	27.46	27.38	26.92	27.51
28.11	24.33	26.97	30.37	32.28	26.82	29.14	30.65
28.55	31.54	32.26	29.54	33.38	33.33	32.86	37.03
28.09	30.75	27.22	26.32	29.31	25.16	24.16	20.8
36.36	39.17	31.72	32.44	37.2	42.82	31.91	37.01
27.44	27.4	25.43	25.43	25.49	21.38	25.03	21.65
32.21	33.88	40.24	33.09	30.56	37.99	35.89	28.96
28.08	25.18	20.5	30.36	30.47	27.52	26.44	35.9
35.21	38.09	30.02	32.56	37.51	35.88	33.76	33.01
33.22	28.57	27.2	25.39	24.03	23.17	25.88	27.02
22.17	24.02	20.65	21.61	24.83	26.07	21.69	24.55
30.85	25.12	24.08	30.29	30.64	32.05	27.82	30.27
28.35	28.36	27.39	24.67	31.41	31.34	28.14	30.02
25.73	25.7	25.79	24.89	25.01	31.03	31.14	26.5
27.22	27.54	34.33	28.7	25.87	31.53	28.86	26.69
25.35	26.94	32.54	32.22	39.9	33.6	40	37.97
33.31	30.61	36.52	29.3	35.36	37.8	32.96	33.39
38.76	36.1	31.56	32.39	29.06	34.51	34.82	36.98
41.99	34.79	38.67	32.38	37.06	40.4	43.89	36.35
35.55	36.91	36.26	31.92	36.1	34.89	31.16	41.63
26.7	24.88	24.16	31.76	27.79	31.55	26.32	32.6
32.98	39.24	30	34.26	32.86	34.99	33.82	32.28
32.46	34.99	41.44	31.95	33.61	31.54	31.65	39.01
27.64	25.15	26.32	28.99	26.31	22.27	25.94	27.49
26.6	29.91	31.56	25.5	27.09	34.28	34.39	33.48
28.77	30.99	29.02	26.99	31.64	29.67	29.5	29.34
33.88	33.08	32.64	30.54	27.78	33.32	28.18	29.15
29.99	36.24	40.07	33.68	33.19	30.95	30.04	26.79
30.35	26.35	33.21	28.67	27.5	30.85	32.46	27.35
33.01	35.38	40.13	37.81	38.48	42.04	39.98	39.2
24.02	21.75	22.63	22.46	30.33	22.39	20.49	24.66
26.27	27.3	30.41	29.42	27.48	31.2	24.93	23.67
33.3	34.54	28.94	30.08	32.1	31.1	29.24	35.32
35.22	30.57	27.57	31.93	34.31	32.7	26.25	24.58
30.01	30.86	25.75	30.62	29.66	29.23	26.1	27.07
36.85	35.4	29.37	29.42	30.33	35.21	35.14	29.52
34.18	44.75	33.22	31.11	26.43	36.2	31.99	38.74
35.5	28.3	29.57	32.29	37.1	36.86	37.68	35.7
30.46	33.89	30.97	29.56	30.15	27.19	33.37	29.62
24.61	29.89	26.68	26.67	33.24	29.15	37.01	32.68
28.59	28.01	30.63	28.24	27.79	25.36	27.43	25.77
31.31	26.94	27.11	25.42	26.95	24.7	30.31	21.89
26.44	25.73	26.89	31.42	30.27	23.07	28.28	23.41
36.08	29.1	25.54	36.13	28.55	34.04	33.78	28.74
24.7	27.02	25.27	30.09	28.12	26.46	24.69	27.67
29.05	29.1	28.76	25.66	32.75	28.73	27.71	23.2
24.77	28.24	28.92	28.52	28.07	29.36	27.02	24.67
30.43	32.07	32.45	32.13	23.87	28.55	30.39	28.92
26.08	30.93	25.93	28.48	31.2	27.42	29.84	31.93
34.95	27.57	34.25	30.02	38.82	33.54	37.35	29.56
27.29	34.03	25.95	26.14	23.46	28.64	22.93	31.02
29.73	24.07	26.07	28.3	27.4	30.24	26.87	29.96
23.43	24.85	28.41	25.26	30.83	34.04	25.68	32.3
30.5	31.25	28.85	29.92	26.6	31.3	33.21	31.07
30.3	28.02	28.9	33.11	34.21	31.01	30.4	26.81
29.08	27.99	28.65	29.8	26.57	26.63	29.1	27.71
28.35	31.88	30.37	27.46	27.25	28.48	30.09	31.14
32.76	32.37	31.01	31.59	26.57	31.94	32.61	30.66
25.7	28.95	26.08	32.7	30.64	29.35	29.92	29.59
29.92	31.64	25.31	27.02	28.99	24.98	24.58	28.25
27.77	31.64	30.69	31.72	33.02	35.18	31.27	41.38
25.67	27.95	24.29	28.81	28.13	25.69	22.59	28.11
25.82	25.37	29.5	27.63	31.01	28	26.23	27.31
33.29	32.09	33.82	31.66	27.39	30.84	28.64	30.28
22.92	23.71	26.76	26.59	24.78	31.1	29.16	24.25
26.55	28.32	25.49	33.54	32.04	25.39	24.74	25.27
33.27	26.17	33.45	36.09	31.3	29.87	29.94	30.5
21.92	26.73	24.36	22.95	22.34	33.34	27.23	24.54
28.71	30.95	33.52	31	30.91	27.54	36.17	25.2
27.1	28.58	28.09	26.9	30.17	35.43	28.81	30.46
29.8	32.78	36.15	34.41	24.71	25.76	32.06	30.12
27.95	31.71	34.5	32.43	34.55	30.83	27.95	27.95
25.67	25.88	21.54	28.18	32.76	31.64	26.01	28.98
36.39	22.43	27.01	26.3	23.49	29.13	27.29	27.2
33.77	33.12	28.96	31.42	28.27	29.68	31.99	32.73
25.4	25.51	27.06	24.36	25.57	20.69	27.29	30.24
39.29	36.52	36.46	34.06	31.51	31.55	32.37	32.51
31.25	31.15	26.38	32.73	35.18	28.31	31.69	35.93
25.43	28.72	25.08	21.05	28.93	25.88	26.64	26.64
26.43	24.22	29.86	37.09	28.58	27.16	29.66	26.61
24.99	24.75	23.87	27.83	28.89	20.63	29.51	25.21
28.1	33.82	23.8	31.57	31.94	26.72	29.33	24.71
26.55	25.86	25.88	29.47	23.32	26.9	25.55	27.84
30.85	29.04	35.51	35.08	34.63	28.85	22.96	26.71
28.08	30.25	37.71	24.95	28.08	28.48	36.39	23.95
20.63	20.36	23.44	19.13	20.35	21.45	22.41	21.19
30.9	28.22	30.07	28.38	26.21	27.9	27.72	29.96
37.65	29.88	31.99	29.15	30.54	30.65	33.36	38.07
27.34	29.81	34.02	28.54	32.57	32.11	29.73	35.05
31.63	31.42	27.15	28.09	27.62	27.7	28.35	25.73
29.88	23.14	28.71	24.62	27.58	29.4	24.83	30.63
36.35	30.03	36.73	23.83	30.62	29.05	31.04	27.56
29.57	30.7	31.84	33.2	23.86	33.73	30.48	27.77
33.59	40.16	36.89	38.82	35.71	41.06	39.31	30.62
30.34	36.26	28.82	33.84	29.66	28.02	26.01	25.33
26.5	27.43	22.78	25.63	28.72	23.09	21.19	26.69
27.68	36.67	32.53	33.57	33.38	27.16	28.09	34.19
34.72	31.19	31.05	28.97	28.06	24.72	30.79	28.91
36.7	31.89	33.32	29.61	31.68	38.78	35.27	31.77
27.98	32.97	32.29	33.62	38.39	33.13	29.82	33.89
29.04	26.62	27.44	23.98	25.07	34.15	26.97	21.73
27.06	24.09	23.41	21.57	24.28	23.03	23.47	24.45
29.09	30.67	24	26.68	29.48	24.39	27.55	29.81
29.81	26.01	33.98	30.58	35.16	26.54	32.78	36.51
28.26	30.84	35.18	26.97	30.27	25.77	34.19	28.76
24.93	24.19	24.47	20.33	27.55	24.83	22.24	20.76
29.46	34.68	31.72	36.06	33.67	34.86	29.77	37.04
23.54	26.89	27.1	29.02	27.01	23.74	23.8	22.31
32.96	34.58	31.5	39.19	32.36	37.85	39.86	34.95
35.84	33.25	31.79	34.31	38.36	38.24	38.02	30.8
26.2	31.68	31.31	26	26.94	23.96	32.93	29.25
29.18	28.55	32	38.84	32.74	29.47	30.17	30.49
25.64	21.08	35.99	27.84	30.34	26.88	25.8	26.19
32.24	33.77	34.21	28.22	29.2	28.71	28.72	25.48
22.88	26.74	28.41	29.79	24.67	27.79	30.46	32.21
30.24	34.61	37.28	34.87	25.9	31	26.64	32.7
21.38	25.48	24.07	26.66	27.14	27.81	25.56	20.77
26.19	30.58	31.1	34.7	24.11	30.68	27.97	33.65
27.73	27.13	25.97	27.28	30.26	22.37	29.43	25.79
31.45	28.19	32.58	36.73	35.46	29.81	32.18	26.19
35.9	32.49	35.42	34.55	37.69	38.86	34.19	29.59
34.68	33.79	39.99	35.63	34.85	40.81	35.32	32.12
22.19	25.58	23.87	28.56	25.61	28.24	26.94	27.93
30.82	29.09	28.43	26.44	30.15	27.84	29.2	26.84
34.32	40.4	34.83	31.21	32.3	32.43	32.26	35.54
26.42	31.32	24	24.98	29.06	25.34	30.71	34.28
27.49	28.81	24.02	28.48	28.68	33.33	26.43	29.1
26.65	27.68	26.49	27.27	27.89	25.74	28.34	24.7
27.3	36.36	33.26	28.39	29.9	31.35	28.46	28.08
31.67	29.39	27.46	34.66	28.62	31.95	31.29	33.35
31.37	34.5	38.22	34.41	33.83	33.65	32.57	35.15
29.89	28.96	32.77	32.35	31.06	31.93	31.76	30.08
40.48	37.22	35.75	34.09	30.37	37.94	32.02	32.71
32.02	36.37	28.15	34.47	33.56	33.69	29.85	36.1
24.36	21.8	26.7	27.43	25.77	23.93	26.52	23.21
34.71	36.53	38.52	34.56	34.12	31.08	35.27	30.19
26.33	24.85	24.77	28.31	26.43	30.8	28.06	26.86
28.02	30.55	23.6	22.71	27.26	23.96	30.2	22.71
32.85	28.35	28.19	29.47	34.25	28.33	35	32.19
25.13	26.12	26.18	24.78	28.22	29.34	24.76	23.62
27.43	30.57	27.07	34.07	24.73	29.53	29.21	27.5
22.53	27.1	28.34	25.33	23.09	23.12	29.78	27.94
27.24	28.5	28.81	24.34	26.02	23.58	27.58	25.55
26.8	29.06	33.77	27.02	25.78	30.13	26.33	27.85
25.47	30.13	30.32	32.21	28.33	30.41	29.14	33.63
28.31	29.77	31.46	32.17	31.38	35.96	35.22	33.06
33.55	33.91	32.64	28.15	29.76	31.15	32.2	28.2
35.21	31.34	32.51	32.96	31.33	27.31	35.27	37.01
27.36	31.04	29.8	35.52	32.22	33.86	32.03	31
28.67	33.08	34.3	32.44	31.37	32.95	35.03	30.87
27.5	31.16	32.45	32.32	30.84	31.13	27.93	23.09
25.74	26.29	26.23	34.74	24.69	30.08	27.66	27.33
30.38	29.88	25	26.19	30.3	26.12	28.94	27.18
27.6	27.48	27.31	33.98	26.31	27.13	37.52	28.48
25.56	30.46	27.79	30.1	31.75	25.58	32.1	27.75
36.45	37.43	41.07	39.8	35.38	37.97	32.58	31.35
25.61	18.76	20.59	24.86	23.79	22.29	21.33	21.72
36.56	37.27	43.3	40.3	39.02	33.32	48.6	43.84
