31.45	33	33.41	43.93	33	38.6	34.33	32.24
29.39	27.54	25.31	25.58	26.14	26	29.34	23.62
33.05	29.44	28.05	33.86	32.1	33.55	36.4	32.79
27.91	32.47	24.59	26.67	28.46	24.24	23.13	25.19
31.25	34.7	30	31.37	27.25	28.61	24.97	37.24
35.15	37.57	25.64	26.35	36.19	29.73	30.46	26.97
33.12	32.62	29.81	30.93	32.04	32.93	32.77	32.59
30.39	28.72	31.28	29.44	30.79	30.8	32.8	29.4
23.79	26.95	27.92	28.62	27.95	30.84	24.09	29.39
24.92	26.49	27.09	26.24	23.33	22.82	25.1	24.82
27.35	25.09	25.26	23.92	26.92	23.42	25.65	25.88
38.91	38.69	33.77	31.84	42.34	36.4	35.27	40.66
29.87	30.88	30.46	30.6	26.21	32.53	22.66	29.41
32.72	25.8	34.41	29.14	24.46	36.4	30.29	29.27
25.45	23.26	29.48	22.43	27.75	24.5	23.75	26.53
33.68	31.76	36.08	32.52	42.1	37.25	39.15	34.33
30.15	25.73	35.06	27.75	31.6	30.62	29.01	32.04
29.54	32.57	32.53	39.28	26.55	31.1	30.82	34.06
29.47	32.37	26.88	29.95	33.88	30.84	32.76	33.01
29.35	29.18	34.46	28.42	27.4	28.11	26.17	27.43
30.58	24.53	26.17	28.45	27.52	28.03	27.14	28.98
30.78	30.62	29.07	30.39	31.72	32.13	28.71	33.16
23.19	26.98	26.4	29.07	21.02	27.55	21.94	27.39
27.14	26.39	23.1	28.4	29.4	23.75	25.49	27.54
25.58	32.96	26.63	31.68	29.59	29.02	26.46	30.05
25.59	23.17	28.29	29.36	30.72	23.24	31.97	20.33
35.3	34.5	34.7	35.14	38.04	32.16	27.38	30.96
28.58	31.19	28.24	27.33	30.82	29.6	35.11	37.92
25.64	30.59	30.97	31.07	31.01	26.84	31.14	25.91
25.97	26.81	29.47	30.25	36.09	23.59	25.85	25.15
27.65	27	32.35	34.78	32.28	30.24	27.97	24.95
27.13	26.04	27.37	24	24.62	24.32	23.77	27.02
30.87	26.3	35.9	37.06	28.89	31.77	32.72	26.16
27.94	25.7	30.78	36.46	28.37	28.07	30.37	36.36
29.92	24.8	23.62	26.53	29.06	30.85	28.02	26.52
34.12	36.92	41.54	30.58	32.6	40.77	37.32	40.67
30.13	34.92	34.4	32.73	31.97	37.43	30.26	30.71
30.66	35.09	32.89	41.85	36.91	36.35	37.25	31.54
35.2	35.43	35.17	28.75	36.06	29.77	32.79	31.6
35.18	31.5	40.81	32.28	35.42	35.65	38.04	38.13
33.54	26.46	34.69	26.65	30.12	29.41	23.39	30.09
24.97	23.95	28.93	22.67	28.27	25.94	27.49	25.63
27.63	27.31	36.21	36.24	29.68	40.4	36.49	31.95
25.83	24.86	29.08	27.59	33.38	30.93	34.36	29.03
32.62	32.97	30.71	29.43	40.5	31.28	36.47	33.26
28.5	25.5	26.21	31.63	36.03	24.21	31.9	29.78
27.2	27.1	33.29	25.49	26.8	26.01	27.84	22.58
28.37	29.06	26.63	28.17	23.43	30.24	25.13	28.87
29.89	27.11	27.2	26.01	28.68	30.14	25.29	27.47
35.7	26.63	34.36	29.63	30.88	30.78	27.33	32.98
27.8	32.99	31.99	27.98	24.91	28.94	28.65	27.14
26.08	30.4	28.95	28.27	29.76	31.86	24.14	35.93
35.9	33.45	31.12	30.84	33.75	29.53	29.51	30.88
31.67	26.26	29.74	28.35	22.86	29.68	27.68	25.3
34.07	31.66	28.41	28.91	25.43	26	32.32	32.14
34.16	39.55	32.02	38.93	31.58	35.48	41.88	34.33
31.58	33.02	31.97	31.77	26.7	30.12	31.13	28.61
30.67	29.68	30.72	32.37	32.41	36.35	29.09	32.51
33.93	28.08	29.08	29.43	39.35	33.78	32.35	34.99
26.08	27.74	29.4	23.94	25.69	24.18	26.32	26.09
25.78	26.48	23.77	26.29	24.61	24.95	25.63	23.21
23.87	23.1	23.9	25.49	31.96	27.09	23.38	25.42
34.37	29.72	32.67	31.49	36.41	27.89	32.93	26.93
30.86	29.14	30.4	32.89	29.08	28.81	30.39	31.17
30.01	23.74	27	28.8	26.2	24.5	27.09	22.49
30.69	27.49	23.36	29.01	33.11	28.59	30.21	26.88
30.2	30.8	34.14	30.78	28.36	30.87	30.59	28.82
26.1	27.6	28.59	26.64	26.16	20.63	29.7	25.9
24.19	26.66	26.17	25.87	24.83	27.82	27.37	35.63
25.27	26.94	27.87	26.45	20.6	24.54	29.05	24.86
37.53	27.24	34.34	34.62	36.36	31.46	30.65	34.36
32.33	34.65	28.91	31.25	30.3	32.07	34.53	32.66
28.22	36.1	32.16	29.43	32.33	36.84	30.25	28.38
26.78	37.54	31.75	25.1	25.23	27.67	24.78	26.63
31.56	39.26	32.08	31.42	32.57	31.01	28.41	37.11
34.12	34.76	33.44	32.25	27.24	36.84	27.89	32.8
35.19	28.8	34.61	38.27	34.18	30.44	27.4	30.78
34.98	29.88	36.37	31.63	31.65	34.31	36.59	28.96
28.33	28.11	32.08	30.27	35.97	32.72	27.8	26.74
30.54	27.53	25.96	27.05	31.04	25.98	29.56	32.7
27.52	24.94	25.61	28.25	31.76	24.83	26.42	34.44
37.59	25.8	35.83	28.68	35.39	32.39	31.74	30.29
30.88	32.76	35.47	33.14	33.63	32.84	42.12	33.17
30.89	25.49	21.08	24.92	28.74	22.81	26.57	29.94
22.57	22.78	28.29	29.26	23.24	29.37	27.91	24.87
33.75	29.91	31.31	39.26	31.52	31.1	31.26	31.43
26.11	33.51	36.4	30.34	33.02	28.06	32.64	29.08
29.02	29.24	32.52	35.16	30.26	30.22	35.17	35.86
26.49	33.89	29.74	31.68	36.25	35.71	28.19	35.58
30.02	32.02	27.29	31.17	33.25	39.01	31.31	34.81
26.77	33.95	32.78	30.96	28.05	29.62	23.08	27.37
27.5	24.61	22.02	23.86	21.54	21.12	22.22	24.1
26.38	30.9	29.79	30.49	29.14	29.24	25.69	30.24
28.31	31.17	35.69	31.34	31.68	33.33	35.16	30.98
25.53	24.61	27.28	25.5	29.44	27.14	28.51	30.33
32.88	26.66	28.81	29.42	35.03	34.17	33.37	32.03
29.03	33.09	29.16	33.27	26.75	36.38	29.08	30.1
33.13	37.44	33.91	31.97	30.81	32.27	25.18	31.15
23.18	27.07	28.1	31.28	24.67	25.28	21.05	27.86
31.05	24.57	27.92	32.17	28.58	28.21	30.35	33.29
31.36	34.31	29.47	29.73	33.54	34.3	34.64	31.67
24.69	32.93	24.75	26.45	29.94	28.48	32.04	30.28
33.18	26.55	29.59	28.99	26.84	26.93	21.84	25.1
32.1	30.91	29.85	31.89	31.81	35.23	26.26	24.59
23.31	34.71	27.84	25.04	31.84	31.86	26.23	29.76
36.6	31.61	28.28	30.78	37.72	31.39	38.47	28.23
26.59	27.66	29.13	33.94	26.41	27.14	30.82	22.16
31.07	32.27	28.13	33.52	27.32	41.49	36.88	30.22
27.56	30	28.97	37.64	29.89	30.89	28.29	29.78
32.75	33.5	37.53	27.49	39.88	26.88	36.11	38.69
32.35	32.12	33.89	28.67	29.48	29.9	25.85	29.91
34.51	27.74	32.43	35.25	34.2	29.38	32.9	31.52
29.77	31.84	30.78	23.01	31.01	29.99	34.89	36.86
28.85	26.94	29.95	33.72	28.41	27.86	29.17	30.81
29.16	25.22	35.76	27.47	27.01	28.45	22.06	29.06
34.55	31.4	30.51	31.47	31.21	31.37	30.59	31.44
27.33	32.23	29.37	29.61	27.98	34.38	28.78	29.74
27.77	31.12	36.65	28.45	31.43	34.5	29.27	33.76
30.21	34.11	29.22	32.5	25.92	36.77	30.73	25.26
32.37	28.42	32.51	31.78	35.92	36.31	34.64	33.6
31.96	29.63	26.82	31.5	32.07	25.25	27.88	23.35
24.48	27.05	28.96	29.52	30.85	29.25	28.33	30.48
28.46	27.63	23.12	26.72	24.76	26.6	27.62	26.83
33.35	38.25	37.92	34.1	36.12	34.8	37.77	40.1
34.79	32.72	35.36	34.05	35.13	32.35	40.74	31.49
28.87	27.66	31.62	29.88	29.69	31.37	35.58	34.33
29.54	27.78	30.12	27.81	29.95	32.04	36.65	27.4
29.99	31.04	30.68	26.09	36.9	35.33	32.79	25.97
31.52	25.88	27.42	30.53	24.89	24.92	35.01	27.95
28.69	31.03	25	34.25	34.53	31.01	27.19	34.39
30.85	33.52	32.18	30.83	33.83	27.53	34.81	31.43
25.81	33.5	26.82	25.55	27.51	28.36	27.56	23.88
29.45	28.35	34.28	25.83	27.73	25.29	35.81	27.9
24.81	22.79	21.43	20.69	24.13	24.68	25.44	24.96
26.04	32.16	32.31	31.16	32.18	31.62	33.49	38.76
29.83	30.59	29.82	33.78	30.11	28.68	31	35.29
34.77	33.46	34.26	33.1	27.54	36.23	28.74	27.23
31.37	23.47	31.06	34	28.49	29.32	25.92	29.95
30.77	27.04	34.55	29.92	39.03	31.6	31.28	28.14
29.57	30.15	34	34.14	32.16	29.7	25.07	31.25
28.04	32.64	27.01	28.99	32.31	32.89	33.58	26.32
26.95	33.54	36.73	35.98	30.72	36.51	38.1	34.29
28.22	32.85	32.16	33.74	30.81	35.26	30.31	36.2
28.51	25.29	27.77	28.55	29.73	36.63	27.27	22.34
33.53	37.14	39.26	34.13	42.45	34.58	40.43	31.74
30.23	27.41	29.15	28.48	28.11	31.83	28.19	30.48
23.63	26.3	28.47	29.52	26.84	22.8	29.08	29.03
32.16	30.89	29.77	34.93	31.67	28.76	35.78	32.55
26.22	21.7	25.48	26.81	26.61	27.17	26.04	26.12
34.95	27.53	30.82	34.68	35.25	32.06	36.82	37.98
30.16	32.07	34.11	31.44	28.52	28.59	32.58	38.71
36.94	34.35	37.92	32.03	33.94	34.62	32.37	29.79
34.4	31.28	39.47	28.27	34.49	34.09	34.57	35.75
36.7	32.35	29.33	36.01	31.99	36.22	27.36	29.94
28.74	27.77	29.33	35.84	27.4	31.14	29.49	32.67
29.3	28.93	30.34	31.56	26.62	30.51	31.91	26.05
30.36	29.55	31.36	25.98	27.42	38.33	27.08	25.07
25.74	22.54	27.13	25.99	27.6	25.05	28.37	25.39
31.61	28.56	23.5	29.82	23.82	25.45	29.02	26.85
35.46	33.15	34.44	37.26	30.35	34.77	34.53	33.32
28.31	26.77	23.67	26.58	19.83	24	27.28	26.15
23.32	24.85	25.91	26.54	22.15	34.14	22.91	27.54
27.14	30.29	37.55	25.59	25.17	31.11	26.42	31.86
30.09	33.76	29.7	31.7	31.42	26.48	29.98	34.78
32.07	30.18	29.33	24.9	27.16	26.12	24.23	32.02
28.14	28.12	24.18	28.18	31.25	31.21	27.93	24.89
29.64	30.13	28.34	31.27	31.01	32.28	35.69	28.69
28.02	30.72	29.31	32.7	29.78	35.07	30.86	25.65
31.57	35.76	30.34	27.81	28.51	34.5	33.21	29.74
30.67	31.26	24.65	29.35	29.51	30.3	29.29	26.56
27.99	31.83	30.05	32.01	29.47	31.61	30.88	26.4
28.87	30.49	29.75	26.75	26.75	27.77	31.38	32.15
38.95	39.67	37.93	42.1	35.93	34.64	41.94	30.77
30.13	24.48	27.81	23.15	25.34	28.3	23.95	29.24
26.68	28.73	27.39	28.19	29.55	34.3	25.78	32.48
27.69	24.14	23.7	26.59	23.03	22.28	26.65	24.02
28.71	29.73	28.2	29.35	28.87	28.37	28.76	28.22
25.75	33.37	33.82	26.31	27.05	29.52	29.98	30.04
30.79	34.22	33.61	35.03	34.25	32.7	34.21	29.64
34.32	37.66	32.98	40.04	34.38	37.07	30.81	37.71
31.61	32.36	32.58	38.25	35.24	38.28	37.06	35.42
37.19	37.92	35.87	35.25	34.27	36.84	31.86	36.43
28.07	30.97	32.27	28.1	27.25	29.27	30.81	31.4
35.68	33.04	30.75	33.39	31.85	38.76	30.07	33.06
28.1	33.26	34.29	24.69	29.18	34.55	40.47	34.74
26.2	28.41	25.45	27.6	32.44	24.84	25.54	30.63
20.37	18.75	24.83	29.52	21.34	26.68	25.52	22.32
31.43	29.23	36.3	31.54	38.99	38.21	36.71	32.67
43.32	34.76	35.73	32.76	28.35	32.15	31.89	29.1
33.25	37.18	35.92	37.44	30.29	33.67	38.48	32.05
31.85	35.94	26.98	28.91	34.2	33.16	29.3	30.19
30.25	28.79	32.55	33.17	33.17	33.1	32.48	31.21
32.65	34.69	30.14	45.3	32.64	37.45	30.82	36.9
30.43	23.66	27.82	23.91	28.58	23.81	28.38	24.13
28.92	31.33	31.5	32.46	35.62	31.94	33.09	30.67
27.39	30.08	27.89	31.87	34.7	28.55	31.5	26.89
29.3	32.92	26.65	33.01	26.1	28.08	26.68	28.76
33.77	26.75	26.39	27.79	30.49	28.94	31.4	30.96
26.88	33.17	35.42	28.79	34.17	31.65	33.5	32.43
34.28	26.32	31.16	32.18	28.34	34.33	27.65	33.71
30.22	25.83	34.05	32.72	27.4	29.04	29.32	25.49
25.58	22.06	25.57	25.08	24.58	22.69	27.5	26.54
31.52	31.51	38.35	35.15	37.05	32.93	42.19	29.1
21.72	31.05	28.78	25.4	28.98	33.24	23.17	29.85
28.8	30.11	24.67	28.34	28.21	25.07	24.81	24.82
28.63	24.27	22.64	27.65	29.78	24.41	22.53	24.99
28.5	27.59	26.56	25.16	35.5	25.77	24.18	29.64
26.64	30.75	30.08	32.09	30.29	27	30.69	32.37
27.22	29.19	31.46	28.73	29.45	29.94	26.17	26.29
29.27	31.63	35.58	34.64	31.87	28.51	29.02	27.42
34.1	39.4	34.06	38.99	33.4	30.77	38.72	41.62
31.95	24.94	27.38	33.32	26.27	33.52	29.75	29.59
31.91	32.51	33.69	43.81	41.21	32.59	31.66	35.65
30.5	36.11	33.37	33.09	29.18	32.36	34.59	32.59
31.34	39.1	40.43	31.21	36.9	33.72	38.35	34.27
24.12	29.14	24.43	29.93	27.93	22.5	25.42	26.93
34.26	31	31.11	37.15	29.76	33.32	30.64	36.41
29.5	32.18	37.18	40.07	34.3	30.97	39	27.22
25.42	28.31	28.88	26.21	29.83	28.95	24.28	25.16
29.08	21.7	26.25	26.76	21.9	25.02	26.54	24.74
27.73	26.51	28.27	29.32	27.08	28.91	30.32	26.83
21.23	27.72	26.18	27.62	26.5	24.77	27.34	22.14
29.7	27.74	28.02	28.95	25.24	22.86	27.15	26.8
27.99	30.39	30.41	26	28.49	26.74	29.88	23.79
24.15	27.71	25.2	29.45	27.28	24.72	26.52	24.26
28.82	26.61	30.22	24.49	30.71	31.9	28.94	35.89
31.63	29.48	28.35	32.1	27.66	28.89	28.33	27.94
23.88	26.09	25.6	25.02	24.15	22.88	21.5	24.84
22.9	26.29	33.97	26.35	25.56	24.52	27.56	29.34
26.12	23.98	25.08	24.31	21.15	26.45	26.33	24.62
29.04	31.08	31.47	30.83	29.87	28.31	29.94	29.66
27.43	25.51	31.24	27.15	25.33	23.86	29.34	25.82
30.34	24.49	28.7	33.34	29.07	29.55	29.04	23.61
29.59	27.78	28.33	25.79	29.54	33.41	30.62	26.82
28.44	24.98	28.08	29.33	31.23	28.53	26.77	31.33
25.21	24.28	30.59	27.7	27.02	26.57	27.55	29.85
26.56	27.88	28.37	37.34	26.05	27.3	33.42	28.12
29.96	29.75	30.09	30.18	33.67	35.31	29.41	29.05
36.97	34.65	30.9	27.28	31.61	31.3	32.83	30.89
26.83	25.81	27.47	30.91	27.68	29.52	24.93	25.07
29.48	26.63	27.12	23.53	30.03	22.15	24.69	25.82
24.17	27.89	26.4	28.54	32.67	30.03	26.85	29.04
19.62	22.71	28.32	25.26	27.05	24.03	26.93	28.89
25.65	29.1	27.7	27.02	30.36	30.9	27.23	23.16
30.06	26.89	24.48	32.9	29.52	26.35	30.5	30.26
32.64	26.77	33.25	25.43	30.01	30.87	29.87	36.6
27.59	32.08	29.31	29.8	23.93	25.78	29.06	26.09
33.45	33.1	32.18	32.84	25.11	32.37	26.45	28.22
38.52	34.28	30.94	37.79	29.17	35.75	35.24	39.61
24.11	23.69	21.83	26.25	19.58	27.11	27.83	23.08
22.42	27.9	26.11	24.54	23.17	20.89	20.96	27.5
32.2	27.13	27.86	22.94	27.16	27.69	35.85	27.68
32.73	30.82	37.61	27.25	37.2	27.96	31.39	33.32
30.08	34.04	31.4	31.33	26.61	27	31.2	27.37
37.15	32.8	32.8	29.8	30.71	38.61	35.63	31
32	33.5	29.49	31.59	35.93	25.19	31.2	31.14
29.1	27.66	28.18	31.16	24.95	26.46	26.51	26.84
25.16	29.84	30.35	33.73	27.69	28.05	23.81	23.99
32.54	30.39	26.01	27.8	26.25	23.8	25.64	27.55
28.31	31.46	25.64	36.74	33.11	26.92	26.92	35.46
22.15	21.21	23.6	21.35	24.41	19.98	26.64	23.96
28.64	30.13	26.58	26.54	30.37	30.1	30.88	28.14
30.71	26.27	31.29	29.6	37	30.51	28.1	24.68
25.03	25.11	22.04	22.93	21.81	28.11	23.44	26.23
29.4	32.5	27.57	30.33	38.38	24.63	27.96	25.38
27.89	24.9	27.29	28	28.25	27.49	30.44	25.5
34.37	25.52	33.66	27.47	24.42	32.58	29.18	25.62
26.24	22.63	29.04	26.04	25.93	25.74	25.95	20.51
25.94	23.92	28.62	24.86	26.51	25.67	23.27	27.26
29.77	25.15	31.54	30.61	29.3	34	32	28.25
28.75	32.8	27.23	38.09	31.46	27.63	33.7	30.02
32.57	27.85	31.8	29.68	36.29	31.66	34.78	36.12
37.72	35.36	34.7	31.1	35.42	26.61	31.13	33.48
30.21	31.9	28.2	27.83	35.27	28.25	32.04	31.5
27.16	31.32	33.99	32.48	27.05	28	33.41	32.97
29.11	29.93	34.36	28.42	27	30.43	29.76	29.77
30.12	24.31	29.6	29.08	31.29	33.37	30.27	28.07
30.7	29.76	24.12	29.51	29.65	22.82	26.96	30.19
29.6	23.46	32.15	29.25	38.75	34.87	29.75	29.35
36.99	30.18	26.04	34.1	32.29	35.54	36.71	33.97
28.54	33.05	28.24	33.95	32.88	34.35	39.96	28.77
27.36	24.99	30.41	27.6	27.92	27.31	29.74	28.98
26.85	28.68	28.96	28.06	28.45	27.03	27.5	32.61
31.82	32.13	34.46	30.37	31.57	37.16	34.15	29.47
32.8	33.86	31.89	35.91	36.62	37.37	37.15	30.85
24.64	26.05	25.54	21.78	27.33	24.33	31.87	24.02
26.56	27.28	22.13	22.2	21.38	25.21	26.61	26.6
33.88	29.94	33.1	30.08	29.88	31.56	30.23	32.06
28.71	26.33	27.23	28.33	28.16	23.18	30.49	22.62
31.28	25.18	28.6	24.63	22.5	27.75	28.23	33.08
24.98	28.37	30.04	26.86	29.42	30.78	33.56	27.6
33.17	35.37	31.79	36.34	28.05	34.92	28.78	34.59
33.29	28.48	31.3	37.62	31.35	34.05	31.87	33.24
31.53	33.86	28.54	31.75	32.49	27.75	32.27	30.31
30.19	34.01	27.22	28.26	36.16	35.76	32.02	32.61
30.26	27.9	28.2	33.35	32.73	29.3	30.35	26.24
24.22	26.65	21.43	23.49	24.49	23.22	22.76	29.55
29.14	23.74	30.95	24.51	24.45	28.29	32.37	25.99
33.31	27.99	28.41	28.3	30.51	27.95	30.25	30
26.55	30.41	25.67	30	25.49	29.25	24.09	27.79
29.99	32.91	33.75	26.7	34.49	32.15	32.97	27.93
27.66	32.92	29.94	28.02	27.15	25.69	27.12	24.28
25.45	23.82	22.88	24.96	26.7	23	27.57	18.35
22.59	20.02	27.31	24.88	24.15	28.52	30.15	31.3
28.46	27.09	25.51	24.47	28.25	33.25	32.78	25.32
30.15	24.38	37.17	32.32	27.55	30.67	32.21	32.8
25.33	29.99	29.14	29.75	33.21	30.35	28.68	28.51
24.47	27.87	28.59	30.52	32.01	28.28	30.69	30.24
36.03	30.84	30.14	30.38	30.52	29.51	30.32	32.54
30.74	28.47	32.5	27.28	33.32	27.6	28.53	27.18
33.63	34.36	33.9	31.7	33.26	35.43	30.34	38.31
32.79	33.56	31.18	32.15	31.82	34.02	30.54	28.37
28.92	37.62	30.9	30.29	28.5	31.74	30.51	32.83
25.06	29.61	35.12	33.55	32.55	29.55	34.09	34.92
31.62	32.76	32.69	26.93	27.39	35.81	30.82	26.97
35.78	37.3	33.81	34.34	38.71	37.89	30.57	37.11
26.77	30.69	27.82	27.62	31.16	30.22	32.32	28.28
25.99	28.22	28.12	27.82	27.67	25.18	26.61	28.95
30.79	29.39	32.59	28.37	31.36	29.5	32.74	30.02
34.47	30.55	27.84	31.05	33.68	39.07	37.05	32.07
29.55	27.92	22.78	24.58	25.08	23.08	25.85	28.28
32.22	42.49	30.94	30.5	38.89	41.89	36.73	36.48
26.86	26.64	23.72	30.13	27.74	34.19	28.8	26.42
29.24	25.27	26.55	29.27	28.71	26.58	26.07	24.48
26.89	28.29	29.03	24.04	23.79	22.9	26.38	30.03
33.35	30.26	28.19	25.95	35.6	25.77	28.98	31.73
28.68	22.49	28.19	25.12	33.34	29.4	23.55	27.35
34.58	30.15	29.38	27.22	33.65	25.89	30.27	25.74
30.03	24.07	28.55	27.48	30	27.45	33.43	28.09
24.59	22.92	30.54	31.92	24.39	30.36	29.77	29.92
32.79	28.85	40.37	34.86	31.9	34.85	36.18	33.26
31.85	29.27	29.3	24.27	32.74	31.44	20.8	30.12
32.16	29.36	25.64	27.53	28.49	32.63	30.42	27.26
27.74	33.6	31.7	28.3	29.98	29.61	31.62	26.35
29.43	36.31	25.8	40.37	33.62	33.21	33.61	29.18
38.02	32.27	37.05	35.53	30.75	33.3	33.91	38.52
31.94	26.15	29.47	28.9	28.03	26.97	25.86	24.87
28.92	28.92	36.72	33.29	28.19	31.14	32.7	28.88
27.48	27.43	27.38	30.59	29.63	31.45	21.57	24.43
30.95	39.4	33.69	30.69	34.49	35.25	26.79	28.94
29.31	29.3	27.58	33.41	27.29	29.61	29.7	27.22
28.29	26.86	31.77	28.82	26.6	24.46	30.61	27.57
35.92	33.61	31.81	30.75	31.39	36.57	34.42	35.69
24.28	27.02	27.84	30.45	30.73	28.4	23.53	25.32
32.37	32.52	27.01	28.73	27.15	30.83	25.07	32.83
29.14	24.09	25.36	26.89	24.9	27.94	22.86	27.63
31.7	30.1	30.08	32.23	31.52	29.26	35.08	32.34
36.76	34.7	28.84	34.27	31	26.51	28.66	26.71
26.94	25.1	31.81	25.38	28.98	25.56	33.76	27.66
37.54	28.66	34.13	27.16	32.3	30.48	35.11	31.19
31.31	29.36	29.92	32.47	25.86	28.15	28.65	27.3
26.43	27.45	27.86	28.62	24.7	30.34	29.68	25.97
28.89	25.76	26.57	27.83	25.33	28.44	28.75	27.07
41.03	35.89	32.07	38.83	34.08	34.72	43.61	40.51
34.95	30.86	32.12	36.88	32.33	35.09	33.87	32.98
38.62	30.86	31.15	27.14	29.65	33.27	32.87	29.2
23.83	26.69	24.7	27.25	29.92	26.5	26.23	24.55
31.38	31.34	33.5	31.94	30.93	32.12	36.43	31.91
28.51	30.2	29.66	31	29.14	29.09	28.09	30.72
31.81	40.99	30.51	35.74	33.66	27.7	32.65	32
30.53	36.5	30.58	25.17	27.89	27.86	29.27	39.12
32.86	28.65	29.45	29.35	30.62	24.73	23.3	28.07
26.65	28.43	27.99	29.25	31.22	31.34	28.66	28.65
36.96	34.4	39.41	41.81	40.9	31.37	36.13	38.22
27.54	25.73	27.45	27.47	28.28	27.8	26.37	26.2
31.26	23.34	26.49	27.93	27.45	24.61	24.69	25.71
24.8	29.98	25.51	23.34	30.32	21.21	27.95	28.62
30.97	27.38	25.55	27.04	24.87	30.84	23.44	24.76
37.13	34.16	32.31	29.31	35.98	32.72	35.9	29.17
29.07	22.64	25.33	30.48	27.14	28.57	29.46	24.55
31.89	35.53	34.33	30.19	27.53	28.28	35.63	36.59
25.39	23.66	23.29	27.91	22.07	25.88	25.23	27.1
23.27	24.21	29.14	27.95	24.86	24.08	29.8	30.19
38.81	35	37.22	32.16	41.31	38.54	35.3	37.46
33.43	31.48	36.96	29.74	32.61	31.7	36.5	30.74
33.03	30.41	30.53	26.5	32.13	31.14	34.8	32.84
33.54	34.08	34.55	29.12	31.25	26.48	33.26	35.69
28.2	27.13	27.62	29.2	29.69	31.23	27.38	22.44
34.8	27.47	36.24	34.06	31.99	29.86	27.78	34.34
27.09	31.21	28.33	26.33	32.26	33.08	29.35	25.45
29.25	28.73	33.53	25.08	35.13	36.61	28.6	26.97
27.28	26.49	29.17	26.03	27.77	27.26	24.33	27.58
27.02	21.88	26.24	23.91	27.35	28.49	26.08	28.66
32.35	28.86	29.59	26.71	34.33	30.94	32.46	32.79
19.15	25.09	23.66	23.67	20.88	28.03	25.78	24.56
27.78	30.2	25.87	29.46	25.05	27.9	27	25.4
34.89	36.59	35.53	39.68	39.81	33.98	37.58	32.49
32.84	33.46	32.58	35.3	28.12	34.36	34.34	31.9
30.47	41.01	37.99	40.56	38.47	32.58	37.24	36.07
32.72	36.23	32.36	35.07	37.97	35.23	32.2	31.84
25.75	32.79	34.59	31.99	32.48	29.19	32.39	32.74
29.15	27.72	28.46	28.45	30.91	25.27	33.07	26.7
30.16	36.62	37.57	30.2	37.48	30.82	35.61	33.13
26.56	31.27	26.72	27.25	28.96	28.56	25.69	28.05
34.28	29.56	32.74	38.15	30.81	34.39	36.27	28.15
38.11	26.64	31.61	29.26	30.04	26.41	28.81	29.76
27.23	27.47	26.74	24.78	24.72	26.32	27.68	28.37
30.5	25.79	31.06	31.48	31.86	29.8	28.44	30.93
27.7	27.55	31.59	27.05	26.51	28.78	28.56	26.01
28.2	21.5	27.85	24.73	29.35	23.86	30.12	30.95
35.03	32	32.41	31.34	34.22	32.94	36.47	35.81
41.18	34	29.76	28.96	38.79	38.4	31.88	32.33
28.73	30.91	30.02	30.11	24.02	25.21	33.45	36.68
26.72	29.8	32.22	31.84	33.43	35.41	30.99	30.36
28.89	27.8	32.3	35.91	29.96	29.12	30.12	30.58
30.16	33.08	31.82	31.25	29.29	28.79	31.5	33.85
32.23	30.38	34.9	32.35	29	37.86	30.59	27.97
42.88	31.98	30.3	35.37	33.1	37.91	34.97	37.88
25.73	34.19	26.82	24.34	28.6	23.73	30.99	26.86
28.31	26.8	26.55	27.9	25.45	27.03	27.35	27.99
28.98	29.39	27.82	28.38	23.85	24.98	27.59	24.58
33.64	43.41	35.45	42.95	40.05	39.42	42.35	45.69
34.5	31.03	28.98	29.24	32.79	36.1	33.03	28.03
27.57	36.61	31.2	30.03	34.01	28.55	33.98	35.04
29.31	29.24	30.09	28.45	29.48	28.73	34.56	32.71
34.62	27.46	28.14	27.9	32.29	26.03	32.03	28.03
30.6	30.32	30.66	31.26	38.37	31.09	31.46	29.56
30.33	27.98	34.3	29.08	32.4	29.61	34.81	28.07
26.42	29.92	30.1	27.95	28.7	28.2	29.7	27.6
30.7	28.88	32.84	28.23	29.35	30.1	29.54	29.02
23	23.44	27.95	27.12	28.06	21.96	31.64	19.77
36.82	26.74	29.03	32.62	31.39	31	27.76	34.26
25.15	30.36	29.69	24.83	31.09	30.16	30.15	28.78
34.55	33.26	30.19	33.43	31.78	31.24	25.45	35.74
27.53	33.16	25.82	29.11	31.61	24.04	29.99	27.32
29.69	41.35	33.12	37.11	37.89	33.58	37.86	41.06
25.86	26.72	22.38	26.75	27.83	28.8	28.76	24.69
36.69	27.06	30.29	31.34	32.36	27.52	34.53	31.02
30	32.12	30.91	30.1	30.56	34.33	27.46	28.25
40.84	32.54	38.12	35.34	31.42	34.45	34.92	37.96
23.44	26.49	29.99	30.98	27.9	24.56	28.16	28.55
25.33	21.56	20.28	23.8	18.67	21.65	21.04	21.45
31.41	30.85	31.35	32.82	33.81	36.33	36.48	33.32
26	31.58	28.83	34.23	27.52	29.92	34.6	28.72
34.35	37.2	28.36	31.31	32.67	38.46	30.49	30.65
31.59	38.34	31.64	36.91	36	35.6	32.97	31.67
24.4	29.55	27.82	41.05	30.64	29.73	30.8	28.39
26.53	29.98	31.61	25.92	28.15	31.59	27.59	35.35
31.98	32.93	34.99	26.05	29.32	33.68	31.34	31.61
26.74	31.55	25.73	28.11	29.4	28.3	29.02	31.14
26.56	21.43	25.63	21.65	24.74	23.03	32.42	23.45
29.65	27.79	27.57	28.25	25.77	27.08	35.64	31.9
28.3	19.94	25.19	27.01	30.65	26.85	22.85	28.65
28.06	31.52	39.18	31.57	32.36	27.9	28.87	33.19
28.54	32.91	30.04	26.36	30.32	25.25	33.99	31.04
32.1	30.79	38.24	25.89	35.75	26.62	33.71	29.04
37.93	46.76	44.32	32.55	33.5	33.78	40.03	38
31.03	29.08	36.54	33.15	35.07	35.15	33.68	37.96
28.46	30.48	25.73	23.42	25.08	20.84	30.81	23.08
26.7	26.59	31.04	29.81	27.83	27.38	35.22	28.06
24.89	24.67	27	27.63	25.52	24.44	26.74	23.53
32.04	33.32	29.76	36.77	29.25	35.4	33.06	33.27
28.22	32.32	31.91	26.98	28	34.84	33.81	26.34
26.58	26.37	23.66	26.59	20.15	21.56	21.51	24.93
27.3	31.78	29.5	27.28	29.3	31.72	23.72	25.24
26.44	32.05	27.06	26.54	30.91	31.91	27.37	33.2
26.75	24.63	21.61	27.56	23.98	28.04	22.53	25.91
25	25.38	27.71	29.12	24.95	24.38	27.78	28.1
35.76	31.01	33.85	28.12	26.99	30.73	30.66	29.19
32.03	31.79	34.79	33.45	33.19	33.91	32.93	35.53
37.77	36.78	33.83	32.01	35.77	31.73	32.14	36.11
31.1	33.88	32.83	32.88	32.35	28.1	34.61	27.16
33.94	33.72	37.54	35.61	33.72	33.62	31	35.95
30.5	28.57	27.86	30.82	28.11	31.78	32.12	28.28
26.67	29.81	30.43	33.14	31.29	34.62	37.91	28.4
21.86	29.07	30.24	32.47	27.9	30.93	33.15	28.86
31.42	28.24	32.34	27.63	29.07	28.4	30.97	28.75
34.48	30.91	32.39	29.41	34.6	30.97	37.53	31.51
31.59	28.26	27.02	31.02	33.33	34.32	27.89	25.3
31.64	31.2	23.12	31.18	29.71	31.78	31.85	32.04
34.14	34.33	33.21	30.08	34.72	45.66	30.17	31.34
32.45	35.47	29.14	32.27	36.82	29.78	34.15	31.06
27.26	23.43	28.4	25.75	30.36	26	23.57	28.83
27.81	29.02	28.94	29.87	24.94	24.53	30.22	30.05
32.85	39	38.17	33.59	29.12	34.93	32.67	37.01
23.24	31.97	27.66	30.84	25.62	25.84	26	29.14
31.99	34.35	29.62	26.89	32.35	30.63	31.84	25.98
29.43	30.06	29.35	24.58	23.09	25.15	28.38	27.18
27.53	24.8	23.66	24.32	24.4	21.45	27.54	19.11
26.76	29.94	25.15	26.65	26.69	23.45	26.16	25.4
39.41	38.36	34.74	37.9	33.24	42.25	33.98	32.56
27.61	29.11	32.84	25.65	28.42	28.42	26.2	28.74
28.28	30.64	30.3	43.13	29.43	30.4	39.32	31.46
34.8	32.47	23.77	29.73	32.32	25.59	28.19	31.45
26.98	23.48	24.55	28.12	26.57	31.35	28.07	27.63
31.02	25.13	24.26	25.99	30.59	30.62	22.77	31.47
32.54	25.18	26.2	29.34	32.11	32.74	25.2	31.56
35.46	27.88	30.99	27.59	27.73	30.66	28.22	25.84
30.42	31.95	27.95	27.43	34.03	28.63	29.91	28.66
21.68	23.5	24.61	27.09	29.62	28.36	27.45	27.44
26.94	26	30.45	27.18	32.3	29.04	31.58	31.2
23.36	23.38	26.24	28.16	26.4	25.49	29.56	21.96
26.33	27.42	29.41	28.79	28.11	27.56	28.58	26.77
29.86	35.6	32.11	22.78	35.76	33.37	32.62	28.56
32.67	32.15	31.68	30.67	28.79	31.55	29.88	28.51
31.37	31.45	31.44	35.27	36.03	36.35	34.26	31.75
31.75	27	28.96	25.71	30.77	27.25	25.54	26.31
29.47	27.47	30.72	29.39	32.85	33.56	35.17	30.9
23.55	25.95	28.38	29.17	28.38	31.43	29.82	26.93
34.02	41.07	38.9	41.18	35.63	37.23	36.57	40.55
34.52	35.33	35.46	34.01	27.57	32.73	31.94	28.67
32.74	28.52	30.96	32.29	34.55	33.59	34.97	28.67
28.48	36.85	29.97	35.22	31.07	39.1	31.39	22.73
30.92	30.75	31.19	36.4	33.87	28.52	33.62	35.96
26.46	28.61	28.55	30.44	25.66	31.25	30.01	29.26
27.89	33.87	30.22	25.09	29.91	31.91	32.95	30.51
32.91	30.56	33.01	36.67	26.9	35.34	29.98	32.23
27.77	28.63	24.66	29.71	26.15	25.57	31.91	31.14
32.02	27.09	34.23	30.7	30.92	29.49	28.47	35.74
28.33	25.54	38.79	33.76	28.95	28.7	32.96	32.92
32.94	29.61	33.58	32.72	31.76	30.52	34.16	27.77
30.9	31.75	32.51	33.04	27.35	29.75	24.8	28.6
34.57	28.77	36.12	35.9	30.95	27.59	32.85	27.71
26.19	24.43	24.62	25.12	29.76	29.9	25.82	25.3
32.41	31.32	28.05	27.61	27.4	30.56	29.09	25.22
27.34	32.9	28.39	28.06	33.76	30.97	31.04	32.59
27.06	33.18	29.64	23.19	22.11	28.74	24.71	28.53
28.28	27.93	33.42	34.6	30.77	31.77	26.95	29.02
27.87	33.06	31.59	30.79	31.35	33.93	31.2	34.54
26.96	30.21	27.44	26	28.83	25.16	29.22	26.35
27.49	25.72	24.95	26.08	26.26	28.85	26.92	23.69
39.32	34.03	37.45	32.97	30.17	41.26	32.88	39.04
37.46	31.14	25.84	30.42	23.18	34.39	35.42	29.22
28.33	26.49	25.61	28.24	28.95	26.39	27.8	31.89
32.75	36.24	27.28	30.7	31.06	28.33	34.15	31.13
29.86	27.63	27.04	26.6	29.17	28.57	29.88	22.85
34.05	28.66	30.73	31.34	31.7	32.71	28.9	29.41
23.63	22.72	22.79	23.35	21.5	23.65	21.1	24.78
28.78	29.66	24.16	23.54	22.69	29.52	24.32	25.47
31.53	29.75	32.96	32.19	30.32	34.61	32.12	28.04
30.41	36.13	32.48	30.69	33.27	25.36	28.7	31.6
35.67	33.62	24.17	35.21	27.94	32.01	28.87	25.8
28.62	24.35	33.1	29.01	30.31	30.34	29.7	32.53
25.07	28.47	24.74	23.32	22.11	27.78	28.85	20.75
24.84	26.94	25.93	32.87	29.18	25.98	29.25	31.59
36.72	30.44	27.75	38.53	31.94	27.43	28.06	34.87
21.86	24.45	30.2	26.49	22.88	24.82	24.42	23.56
27.27	27.06	27.35	32.57	25.63	34.64	27.07	26.56
34.73	27.79	26	26.51	35.18	29.97	25.59	31.7
26.37	29.55	25.5	30.4	26.96	21.81	28.69	26.12
24.12	28.97	29.7	27.66	24.23	26.27	28.56	28.55
40.05	36.54	33.09	38.36	38.99	40.41	36.15	36.01
23.8	27.51	28.35	28.08	29.04	28.03	29.38	27.57
28.2	22.55	26.2	28.16	23.76	20.7	28.93	25.36
33.56	35.73	29.87	36.44	34.24	37.16	30.54	34.03
29.42	29.33	21.25	24.03	24.33	25.56	28.62	27.01
27.64	26.8	24.68	26.56	29.05	25.32	26.61	30.06
34.23	25.78	30.04	33.1	32.26	30.44	29.87	27.86
36.28	28.5	37.23	27.59	26.24	37.35	32.63	33.94
29.47	35.13	29.54	27.37	31.93	32.89	33.53	33.77
31.35	26.14	21.83	26.28	29.28	28.59	29.48	29.78
36.08	39.83	39.73	33.59	39.24	40.91	33.62	35.48
30.25	30.38	34.05	31.63	33.1	29.85	30.22	34.13
31.73	30.35	31.39	30.37	28.36	37.96	28.31	30.74
28.19	32.52	38.3	31.52	33.53	35.05	35.17	33.37
28.16	31.71	30.22	27.75	28.56	28.51	27.73	31
32.45	24.21	37.19	31.52	30.93	30.57	26.7	34.86
32.64	30.19	25.92	24.73	23.97	24.4	24.94	28.58
26.72	27.49	34.9	31.93	33.88	39.68	26.34	31.93
42.4	31.63	36.87	39.5	29.83	33.83	32.19	37.39
37.1	35.68	34.04	32.51	36.44	30.58	41.27	35.72
26.24	30.73	27.08	28.65	30.59	24.13	29.44	31.31
35.53	32.63	28.95	34.8	29.3	28.4	30.22	28.04
28.72	29.86	30.07	28.62	25.56	31.24	27.68	31.28
29.67	28.54	31.35	26.03	22.55	25.77	26.74	26.55
26.48	24.26	31.09	28.55	30.72	30.56	23.5	32.4
31.67	28.6	30.76	32.27	25.26	34.72	23.74	33.89
32.28	32.09	31.42	29.99	30.04	29.15	27.04	29.97
25.71	21.43	27.57	21.82	28.7	24.85	25.74	31.18
27.3	26.91	27.65	24.03	23.35	23.12	25.85	29.06
25.41	25.34	28.08	25.05	23.93	24.54	23.32	27.15
31.49	24.55	30.87	27.65	29.19	20.81	27.82	28.82
31.29	28.84	24.46	26.05	24.48	29.27	31.74	24.27
29.17	28.6	27.99	27.43	28.72	29.55	29.53	25.36
30.89	35.55	31.49	29.48	30.11	29.03	33.83	33.78
25.77	26.02	26.94	22.46	27.39	26.81	24.9	24.43
31.5	33.68	31.24	29.48	35.9	26.4	28.07	29.43
38.36	35.79	34.72	34.86	36.57	36.69	36.35	38.39
33.92	32.63	30.74	31.99	37.29	34.81	35.67	34.23
34.84	28.63	29.7	28.08	31.82	32	35.38	27.18
30.38	42.2	32.18	40.92	39.84	40.46	34.2	30.19
40.5	36.24	38.77	39.06	34.08	33.67	37.08	37.53
38.47	36.2	30.34	28.86	36.98	37.53	31.45	35.83
28.77	27.43	32.95	26.95	28.84	27.87	27.65	27.64
30.53	34.13	32.93	33.24	34.19	35.44	31.64	32.32
28.53	29.88	25.37	28.86	26.02	28.91	29.36	31.39
29.59	38.11	32.9	32.59	31.5	38.69	36.09	33.6
31.06	27.62	27.32	26.84	29.23	29.73	28.8	33.24
35.95	33.52	29.16	27.25	32.04	36.12	37.87	35.54
27.32	18.19	27.2	22.45	30.72	26.21	24.34	25.05
24.14	28.15	27.22	30.06	30.17	22.18	29.42	30.27
25.58	26.92	28.87	32.65	30.12	25.87	31.91	31.85
26.59	29.19	36.49	32.1	29.05	27.96	21.75	29.33
26.79	28.19	27.64	30.44	29.53	28.97	28.58	28.63
26.95	30.52	27.2	31.92	36.47	29.71	33.66	31.07
26.95	28.27	27.19	26.85	34.06	28.73	27.5	25.19
25.89	25.54	25.11	36.95	30.9	29.9	20.78	30.58
30.53	27.71	26.89	23.24	29.71	29.14	28.99	32.54
25.97	25.16	26	26.16	36.72	36.72	31.64	25.1
31.02	35.57	31.26	29.32	33.44	26.78	33.72	31.02
31.56	31.26	34.63	30.24	34.45	32.71	28.41	31.84
20.51	29.93	24.11	26.98	27.43	27.83	21.17	27.59
28.5	24.89	29.9	30.64	32.12	29.17	29.15	30.42
27.53	26.13	29.83	26.19	30.51	28.69	31.36	28.86
28.83	32.68	23.46	35.91	31.64	30.5	29.57	29.39
33.72	34.33	36.86	41.86	38.61	36.66	36.59	31.16
22.01	26.01	25.89	24	27.14	24.51	27.33	29.83
23.76	25.37	25.25	22.23	29.85	26.23	25.31	26.21
33.58	32.07	30.96	33.35	34.72	28.94	28.79	27.74
27.55	35	28.24	33.25	34.73	30.14	35.91	25.33
21.72	26.9	28.79	32.43	24.96	30.09	28.72	24.37
26.73	25.39	22.04	23.02	26.14	22.87	22.23	22.74
31.82	29.92	29.62	30.51	31.35	25.6	30.05	35.36
23.48	30.06	25.92	28.32	36.46	30.16	26.45	26.29
32.47	27.16	34.91	31.82	27.57	37.69	29.69	31.16
37.24	37.46	34.97	31.74	31.84	36.55	33.1	36.71
36.05	30.23	33.11	40.99	33.55	33.36	39.97	37.58
26.87	29.18	27.45	26.24	25.56	27.75	29.87	29.53
37.85	38.46	40.8	36.41	43.93	40.37	37.38	39.43
31.86	33.16	30.24	33.97	29.2	25.11	26.33	29.26
27.82	22.82	24.71	22.19	24.02	23.98	25.15	29.32
27.84	31.55	31.69	30.21	27.4	33.07	33.54	25.6
24.24	29.92	30.83	24.64	29.13	30.18	25.35	33.82
34.3	33.77	29.2	30.31	36.26	29.19	28.98	27.27
29.87	32.17	38.08	31.34	34.48	36.38	39.85	32.68
30.26	33.42	33.28	33.1	33.63	33.96	29.21	28.69
25.69	29.4	27.5	26.92	28.57	27.04	29.67	28.33
22.75	25.63	29.86	26.72	26.98	25.45	28.9	23.03
30.3	33.03	35.82	32.1	31.08	36.16	36.78	37.15
26.97	30.48	30.65	32.6	27.86	33.57	33.94	33.84
28.51	28.47	24.62	29.16	28.98	33.06	25.44	33.17
35.43	28.34	30.79	32.98	31.93	38.58	40.93	30.76
35.43	32.06	29.15	33.52	33.78	31.45	30.97	32.14
29.13	25.27	26.45	26.34	26.73	29.13	30.28	26.58
31.18	27.37	37.49	26.71	30.47	27.43	31.12	31.97
36.57	24.9	37.57	30.98	40.97	29.8	37.02	38.21
26.9	23.49	25.13	21.52	22.26	25.42	30.48	27.89
31.34	22.86	31.15	33.76	30.29	22.63	31.21	27.95
25.84	26.51	22.86	25.79	27.72	26.54	26.19	24.25
24.63	21.05	26.39	25.73	22.02	23.78	24.54	26.94
30.2	28.73	33.19	39	30.65	31.49	34.12	30.82
25.57	27.25	27.87	29.38	24.62	27.15	24.16	24.62
29.47	31.86	43.93	32.35	34.09	36.01	33.24	31.32
34.09	25.23	28.82	29.01	25.98	29.73	22.48	27.12
27.63	24.79	28.33	28.32	24.93	32.06	25.44	28.09
31.72	29.67	30.89	33.13	34.45	29.04	28.87	32.73
29.77	28.3	29.05	24.94	29.32	22.95	25.5	31.64
25.26	33.62	25.41	27.97	32.25	32.14	27.84	26.81
33.91	39.03	34.13	34.08	37.65	34.24	42.39	41.4
25.85	31.48	29.6	22.83	29.75	29.05	28.67	23.34
34.7	28.16	30.88	25.37	30.53	26.96	31.25	30.71
31.76	31.67	30.25	24.49	29.37	27.6	27.58	28.55
34.96	28.09	20.84	27.56	25.57	25.77	30.46	28.22
30.78	29.82	23.19	28.28	29.01	25.82	28.77	27.4
32.09	31.86	26.34	22.8	27.68	28.06	29.99	31.16
31.96	34.66	34.61	34.82	29.88	31.97	28.64	31.3
32.96	29.33	29.02	32.62	31.72	30.98	31.03	30.35
31.33	28.92	30.5	28.3	25.49	28.29	28.84	30.97
34.16	36.05	31.72	32.37	29.75	35.22	38.48	29.99
28.81	30.79	29.1	31.73	29.44	27.7	28.49	32.04
26.46	30.82	24.81	29.46	29.48	23.23	28.7	31.06
21.52	25.67	25.22	27.12	23.36	24.76	25.86	24.69
31.13	40.46	31.61	28.33	33.74	31	27.96	32.5
28.6	35.26	34.2	37.78	36.1	31.98	32.91	36.88
42.41	38.59	35.6	32.56	32.4	38.37	33.86	31.22
32.03	28.54	27.91	30.88	29.43	31	27.29	27.76
26.09	30.7	31.5	30.55	34.7	33.22	35.69	37.52
27.02	33.43	28.7	37.13	27.09	30.65	35.48	35.32
36.38	29.24	35.03	34.91	30.47	32.37	35.13	41.87
26.96	35.59	29.8	32.59	32.45	25.79	31.01	27.71
39.96	37.21	37.95	35.26	29.08	33.02	36.73	37.51
39.98	26.07	37.26	32.65	36.43	42.58	33.67	35.1
25.76	24.48	29.37	31.1	25.47	31.9	26.38	26.91
27.35	26.64	28.03	21.99	27.39	24.33	26.77	22.08
30.23	27.5	28.19	26.17	30.37	28.89	26.6	26.87
34.24	28.46	38.18	35.37	34.06	31.23	33.54	35.41
24.25	25.88	20.12	20.56	24.89	21.42	26.26	20.95
26.44	29.17	23.98	26.24	22.92	28.32	26.85	26.72
34.61	31.12	35.18	34.02	30.58	33.5	34.76	33.05
35.35	34.2	31.81	22.94	23.65	29.72	29.64	30.55
32.92	38.98	41.91	37.28	38.18	37.54	42.72	38.73
30.39	27.73	34.75	27.43	29.71	30.75	34.5	27.81
31.06	31.1	31.12	28.91	32.21	37.86	30.37	30.85
32.61	33.64	26.35	29.83	31.67	35.33	35.89	26.34
29.14	30.51	31.72	29.66	31.31	30.45	30.69	30.53
33.94	32.36	35.06	28.96	36.13	30.26	24.93	29.57
31.43	25.26	29.63	31.31	29.1	25.08	29.05	34.31
28.34	36.6	36.2	37.3	30.71	37.14	32.69	37.81
31.37	28.78	24.37	26.85	26.11	28.59	27.22	27.34
31.21	32.65	33.8	29.74	31.43	33.28	30.2	33.34
32.03	36.23	30.98	29.11	30.41	30.62	31.38	26.79
32.13	31.62	27.59	32.8	42.39	37.34	31.15	36.29
26.54	29.5	29.4	28.57	26.04	34.04	31.67	23.08
30.83	30.67	30.84	29.84	26.54	28.45	27.14	28.32
26.35	32.31	28.79	30.56	28.62	34.8	28.11	29.66
30.32	30.53	29.07	30.15	37	35.64	35.74	26.82
25.54	32.07	34.57	31.7	31.88	29.89	31.22	30.42
30.55	32.44	30.21	33.75	34.06	32.74	34.23	28.93
28.61	26.58	29.88	25.26	27.18	26.58	21.56	27.71
40.17	40.31	30.94	35.99	29.05	32.8	32.42	38.2
26.34	30.36	27.71	23.49	35.69	27.07	29.23	28.04
35.38	41.31	28.29	31.29	30.13	31.46	32.25	30.97
29.22	26.09	25.84	27.16	27.2	34.15	30.49	33.28
28.68	30.44	35.97	26.11	30.99	28.74	32.92	26.6
31.46	32.7	29.51	34.25	37.8	34.45	31.79	30.83
30.77	29.09	29.33	33.34	37.49	38.87	33.57	35.06
32.43	31.84	34.69	32.35	38.8	37.6	35.98	31.61
31.62	29.7	24.86	29.81	36.19	32.95	37.29	29.54
28.37	33.35	31.97	31.96	29.43	29.5	28.66	36.49
29.62	29.92	21.89	29.77	24.41	23.79	30.63	31.67
25.18	29.76	30.23	28.41	25.27	26.23	30.5	29.54
29.29	27.87	29.47	32.58	26.51	30.8	37.51	28.3
31.74	34.6	36.56	36.48	32.59	28.5	31.52	34.79
28.06	28.53	25.72	23.41	26.53	29.51	26.35	25.24
40.83	33.13	42.21	41.96	27.08	44.11	39.35	35.4
32.43	29.76	32.34	29.57	29.13	27.92	38.06	32.3
31.17	28.72	29.27	30.97	33.3	26.93	33.11	24.63
36.33	29.56	33.38	34.51	36.95	32.24	40.77	47.35
25.81	23.86	29.59	30.84	27.01	30.45	28	31.03
29.24	30.3	29.72	26.81	29.64	31.42	26.56	26.81
31.27	32.82	36.52	34.19	28.56	36.9	33.91	35.41
26.12	26.9	23.07	25.68	28.84	29.98	30.39	30.17
29.37	30.47	27.93	23.91	29.47	29.74	33.7	28.92
26.93	27.12	26.64	28.54	25.48	33.26	32.54	29.23
22.45	23.98	24.09	21.73	28.23	25.3	24.85	24.5
22.47	22.72	22.42	23.41	21.55	25.76	26.05	27.53
24.86	30.44	27.9	28.62	26.6	28.86	23.74	27.57
29.35	33.41	30.41	30.91	33.54	33.78	36.31	30.19
28.24	34.87	33.48	28.14	24.92	29.66	26.34	30.3
27.96	33.38	24.89	26.63	30.77	31.67	24.14	30.76
28.7	33.66	31.31	28.26	37.08	31.59	35.43	33.13
29.71	33.7	24.6	25.88	27.66	28.96	26.51	25.71
34.04	28.22	34.31	31.42	25.77	30.29	26.81	32.88
31.03	32.17	30.5	33.71	34.71	34.92	30.45	28.7
33.61	28.21	30.46	33.97	30.45	32.58	36.53	29.19
28.63	35.11	33.98	36.01	37.21	39.23	32.07	29.63
33.87	26.44	28.66	28.85	30.82	27.88	29.86	31.73
33.27	29.46	28.72	29.46	28.49	28.4	26.42	27.66
29.2	26.49	27.8	34.9	25.36	27.54	29.75	29.13
30.7	27.87	32.81	29.35	29.43	33.62	25.81	29.32
32.75	35.79	32.44	31.65	35.69	30.73	41.41	37.23
36.38	31.51	27.1	28.96	28.22	32.57	35.66	39.4
25.02	31.48	28.24	27.88	30.53	27	30.6	22.57
31.69	27.41	32.94	28.25	31.15	32.32	30.95	30.67
25.98	29.77	30.1	27.61	29.83	32.04	32.07	28.3
26.73	29.24	29.39	29.17	30.15	30.2	25.55	26.29
29.21	24.7	26.74	26.95	29.47	27.64	31.05	33.13
22.86	24.76	25.97	26.56	27.68	26.53	23.58	23.9
32.57	34.13	29.34	29.35	28.77	28.38	27.65	28.96
25.81	32.17	29.19	33.95	27.36	34.46	30.99	36.29
31.28	34.26	35.15	32.75	33.85	33.15	23.89	33.58
33.21	34.39	35.6	30.75	31.13	28.26	28.82	36
19.18	26.84	22.48	21.91	23.55	23.63	21.9	19.88
32.04	27.57	32.78	36.63	29.9	29.37	26.14	32.53
33.6	30.41	34.48	34.35	26.91	37.55	34.69	35.12
27.05	32.27	25.39	26.12	26.34	24.8	29.58	25.14
30.85	38.25	30.18	33.78	32.76	34.89	32.75	32.9
33.47	34.65	28.16	29.13	29.11	27.24	32.43	34.87
26.01	31.7	34.24	25.72	30.11	31.44	31.22	36.79
33.25	31.24	39.73	27.6	38.82	28.51	33.61	31.47
35.39	29.85	26.21	32.39	31.53	29.39	30.81	30.53
31.09	36.3	34.77	30.41	26.66	33.78	33.77	29.76
29.69	39.95	33.88	31.57	31.9	33.1	34.89	40.13
19.36	27.65	24.21	23	22.89	24.07	22.57	24.3
28.72	25.06	27.08	30	27.26	24.33	25.51	26.41
29.68	36.02	33.32	31.77	30.76	26.33	29.84	31.68
25.81	23.07	27.51	30.98	28.91	31.68	25.02	26.86
28.46	31.82	37.17	38.13	32.05	29.25	28.7	31.92
26.53	32.81	40.17	33.24	31.3	34.35	36.25	28.74
26.56	28.01	28.23	25.31	30.41	29.76	30.33	26.01
23.67	29.18	26.23	28.08	28.11	31.65	27.67	29.55
31.34	30.54	25.75	35.33	35.17	28.08	26.66	26.05
30.36	31.24	33.77	33.97	40.16	31.75	32.21	30.79
39.22	40.47	41.54	32.49	35.44	41.39	29.8	37.1
30.46	35.38	35.88	30.39	37.71	30.19	28.26	32.1
34.26	25.43	26.19	27.54	30.24	29.03	27.67	28.42
27.64	29.35	32.9	28.71	29.4	32.53	34.84	29.46
29.57	28.7	30.28	29.39	28.52	33.64	26.33	30.97
28.01	28.15	31.76	29.48	28.23	33.72	29.43	26.27
30.47	25.99	30.46	33.27	32.73	26.08	35.62	30.43
34.12	32.46	33.21	33.28	30.61	27.8	29.84	35.06
25.21	34.42	25.94	31.19	24.6	25.75	23.86	24.87
26.07	22.22	25.33	33.07	25.77	20.14	28.3	30
26.24	26.8	28.84	27.27	34.03	25.37	25.92	27.16
30.57	27.15	28.29	24.92	27.92	26.85	25.32	29.47
24.85	21.52	27.03	27.62	29.81	25.85	25.88	23.44
23.8	28.91	32.11	24.9	31.54	27.76	28.68	25.4
44.48	47.09	37.34	39.66	36.33	35.68	42.39	38.23
26.41	25.81	25.16	25.34	21.26	27.98	23.49	24.3
28.87	33.71	24.93	28.22	26.95	26.09	26.42	28.55
22.17	17.87	23.43	24.64	20.75	19.69	28.51	21.93
26.66	22.36	31.17	28.31	23.52	26.51	24.54	24.24
38.48	29.92	26.64	34.94	35.28	28.43	29.18	32.23
33.38	34.93	31.01	35.81	31.46	23.8	34.37	26.4
28.4	30.52	36.15	33.62	29.59	31.96	31.1	33.41
26.63	23.38	26.24	23.6	26.51	27.93	23.55	22.86
37.68	30.18	29.4	34.64	33.21	34.75	33.06	39.2
27.29	24.05	29.34	26.95	37.15	26.32	29.1	28.31
28.35	36.8	36.46	34.29	33.01	31.84	34.22	41.51
37	35.91	35.7	32.37	34.04	37.84	33.92	36.2
24.64	27.68	25.21	31.09	22.74	23.34	27.46	17.82
31.29	33.87	31.46	31	34.47	28.03	24.08	26.02
25.48	29.28	28.1	25.94	25.61	24.94	21.87	22.08
28.29	30.77	30.56	24.76	29.67	28.55	27.28	26.65
34.86	34.07	34.62	37.5	26.88	34.51	35.07	34.82
29.85	31.05	23.33	32.28	30.88	23.44	25.8	31.37
26.34	24.32	24.08	23.58	28.61	28.47	29.01	29.46
27.21	25.79	26.45	28.61	30.06	28.28	26.55	29.15
27.17	27.25	27.52	37.45	29.44	30.22	30.53	26.2
26.71	27.62	24.96	29.31	26.95	28.36	30.82	26.34
30.59	32.38	32.57	38.49	39.74	33.05	31.52	32.35
26.43	28.1	30.99	26.86	26.05	29.79	28.09	24.34
34.35	28.57	33.38	32.61	34.04	31.85	32.7	27.44
22.69	24.51	23.49	28.73	26.89	25.54	24.92	23.45
27.5	36.76	34.03	28.74	30.06	30.93	28.54	32.72
35.83	23.37	29.86	26.25	25.25	26.48	27.4	30.43
41.78	38.75	44.19	41.14	39.91	42.66	48.59	36.24
30.51	29.59	26.49	32.6	22.97	30.16	32.04	30.05
40.24	33.9	30.04	30.45	34.44	29.77	30.03	36.15
30.01	31.2	31.92	31.91	32.75	30.11	27.58	29.64
26.27	26.63	27.16	32.78	30.97	31.24	26.98	23.58
38.7	44.33	38.11	30.01	40.43	41.42	32.59	35.81
33.4	31.9	27.06	35.37	33.14	34.18	27.9	30.77
26.44	28.9	25.79	31.2	30.92	29.09	26.6	24.94
28.38	35.53	28.1	28.07	35.95	27.66	30.5	26.9
38.66	35.17	27.17	30.75	37.9	37.01	33.14	38.43
31.87	29.54	29.01	31.25	30.41	29.45	31.34	30.19
33.25	29.57	27.84	33.08	29.24	31	25.23	26.19
30.17	29.87	25.92	24.42	34.79	27.42	29.84	26.07
32.51	29.22	27.99	30.84	33.59	29.49	35.43	32.59
34.57	26.86	29.6	28.85	35.2	32.75	27.82	28.48
20.9	25.34	22.3	26.25	25.84	28.42	23.71	26.89
32.24	28.51	30.11	30.25	30.72	24.93	30.01	34.42
27.36	26.8	32.85	30.51	29.62	30.56	26.53	22.83
31.32	42.7	30.32	32.88	40.72	37.31	34.06	32.19
31.04	33.02	30.25	36.11	33.01	37.25	31.6	32.62
32.76	32.98	37.4	38.68	37.28	36.86	34.04	37.03
32.42	35.39	32.24	39.19	33.92	32.74	31.13	31.95
26.63	29.46	26.23	31.08	23.47	25.07	27.39	25.52
25.83	24.11	31.42	32.61	28.86	34.95	28.45	29.01
34.27	28.91	27.88	32.69	28.67	27.74	23.82	34.74
27.91	33.82	27.99	23.29	28.74	26.43	29.78	29.72
36.97	30.05	32.67	43.44	39.02	30.54	38.23	31.22
39.4	31.13	29.2	27.86	33.41	28.95	36.87	29.59
27.07	26.33	23.04	26.86	24.94	25.19	31.73	25.99
32.84	26.46	31.24	27.88	27.5	26.65	29.45	29.19
27.26	30.41	33.17	30.74	26.86	27.27	27.89	32.08
31.56	30.5	32.43	28.22	28.88	29.5	32.31	28.93
27.8	27.85	36.11	28.09	24.81	30.96	26.05	30.44
26.48	27.91	31.74	28.02	30.85	28.26	26.77	26.98
28.14	27.62	30.78	30.97	26.53	38.06	27.82	32.43
23.03	25.81	28.82	25.54	26.51	23.84	24.16	26.02
41.38	30.23	31.93	27.13	32.09	32.9	31.57	30.55
27.83	30.72	26.13	32.41	31.19	29.46	25.04	28.21
27.94	28.13	28.44	28.38	29.8	28.09	30.49	31.63
25.88	28.61	30.62	27.3	24.04	20.73	26.37	28.12
29.43	28.6	34.93	33.62	27.12	32.06	34.46	34.77
29.52	31.85	24.7	29.15	24.9	32.02	25.77	23.81
25.05	26.25	26.34	27.14	29.69	27.46	28.47	26.84
32.44	30.18	30.9	32.83	32.76	32.54	24.46	29.35
34.54	31.57	37.11	32.92	30.89	34.46	37.96	35.64
30.16	34.55	30	32.02	36.44	31.85	31.65	32.04
27.75	30.44	32.65	27.41	31.55	31.93	32.08	37.19
37.48	34.83	47.78	36.4	38	38.36	35.53	40.67
26.01	25.93	28.89	23.54	27.82	24.73	22.54	25.07
25.11	26.42	28.16	28.82	28.98	28.69	27.58	25.64
33.72	34.21	31.17	27.8	31.97	34.42	32.07	35.62
25.5	26.35	27.71	25.82	28.83	25.96	23.02	26.42
32.11	28.47	32.16	28.54	30.12	27.81	28.99	28.06
28.88	32.48	31.48	28.72	33.29	31.69	31.27	29.95
29.62	35.85	32.67	31.8	27.46	25.37	26.91	29.66
34.64	35.92	35.54	38.65	34.02	35.33	37.3	34.14
31.13	26.59	34.33	34.3	34.5	29.31	29.56	32.4
33	35.2	37.29	40.24	37.96	38.98	33.81	36.28
36.9	32.82	33.05	31.5	33.27	27.97	30.73	37.33
20.39	27.24	29.37	24.63	22.57	25.68	23.44	22.47
30.16	31.55	26.23	26.28	30.8	30.93	31.42	32.57
31.92	29.9	35.59	34.98	29.14	33.11	27.39	33.09
29.79	32.31	32.68	29.76	28.88	29.02	24.93	34.23
30.27	33.23	33.47	28.83	29.06	28.67	34.85	29.86
34.78	30.13	35.99	29.41	30.71	37.58	31.61	32.44
25.3	31.5	23.01	21.76	26.17	28.36	23.98	24.83
29.06	32.24	29.53	27.83	28.86	32.65	29.62	25.18
31.03	36.28	26.51	35.13	38.65	33.59	36.27	32.59
35.83	31.19	34.37	31.31	33.69	32.02	26.96	29.33
32.48	27.26	35.66	28.95	36.47	36.15	30.85	36.36
29.87	28.19	32.6	26.4	28.91	28.78	27.97	34.72
34.16	32.62	27.59	30.49	26.43	26.66	28.95	25.72
28.72	30.36	25.82	28.92	29.74	26.44	37.03	28.47
23.42	30.21	28.78	33.41	26.82	29.24	27.38	30.19
36.22	28.06	33.79	31.98	34.87	30.51	34.02	42.12
22.52	26.98	20.64	22.18	26.53	23.62	25.41	26.05
31.72	30.35	26.06	33.51	27.23	27.63	27.73	32.51
31.24	26.73	27.24	25.32	35.2	30.21	30.37	28.3
27.84	28.54	32.22	26.38	29.2	24.89	26.89	29.09
23.68	30.98	30.98	28.3	30.51	28.85	32.48	34.13
35.74	31.23	35.71	35.83	30.43	36.52	34.55	37.66
27.37	29.61	29.46	23.76	29.31	30.35	27.06	23.09
38.6	33.13	35.5	35.87	33.19	30.25	33.1	29.14
30.67	29.25	27.89	33.97	28.62	25.72	26.86	33.37
34.29	29.24	33.98	26.45	31.66	35.38	29.66	25.18
29.59	23.17	27.66	24.61	26.28	26.33	29.56	30.12
38.97	33.64	34.61	27.71	31.82	36.35	36.66	30.4
33.95	34.35	35.77	35.45	36.61	40.31	33.34	34.69
34.59	35.64	32.68	30.52	29.62	31.48	36.35	35.09
32.56	27.36	29.33	29.96	38.74	32.25	28.3	33.6
26.88	27.07	28.2	29.86	33.19	26.7	33	27.41
34.74	30.6	25.48	35.29	28.32	28.4	32.29	24.36
32.82	29.71	29.38	25.78	31.32	26.53	28.38	30.31
28.44	33.34	24.13	30.32	30.62	26.31	26.22	31.32
28.32	30.4	29.49	28.37	25.99	32.32	30.31	34.44
24.13	37.23	32.3	30.26	30.6	34.91	30.71	25.46
28.73	30.95	41.72	38.78	33.94	33.8	35.13	33.41
32.35	44.07	46.58	35.51	44.5	37.91	35.5	37.01
31.69	32.71	27.73	31.43	28.12	28.44	32.74	26.2
36.45	36.33	38.72	39.17	36.43	38.02	44.33	39
27.99	22.85	24.56	23.95	34.11	27.78	28.23	28.14
36.03	28.76	31	26.87	27.16	31.62	37.12	36.29
26.26	25.19	27.4	28.72	25.02	25.77	26.18	31.74
32.26	31.29	31.18	28.87	28.89	30.98	26	30.71
32.42	36.84	35.47	36.18	33.87	35.09	32.53	30.65
31.97	26.62	30.62	30.09	23.73	26.48	30.14	27.25
25.91	33.59	26.59	32.83	25.88	31.1	27.43	31.25
35.15	30.75	36.26	29.9	26.83	38.34	38.62	32.14
30.18	27.76	30.93	35.81	33.04	32.76	36.18	30.8
22.37	23.22	25.32	20.62	23.31	22.2	23.54	25.82
35.7	30.38	29.52	32.96	30.01	33.38	28.16	25.55
27.86	25.69	30.23	33.09	27.9	29.64	24.29	25.96
27.28	31.83	31.1	30.21	23.5	30.08	24.31	32.13
27.68	29.7	28.44	31.09	25.26	24.35	31.79	27.64
33.42	27.19	26.52	29.67	25.15	27.3	23.12	30.07
28.98	35.59	30.32	33.38	28.18	30.21	29.69	25.13
23.08	27.15	24.59	24.59	26.55	29.29	24.25	35.27
28.01	30.52	23.31	24.98	25.96	29.25	26.99	28.03
31.92	32.51	39.84	34.99	29.78	33.1	37.44	33.54
38.28	28.63	30.38	34.64	30.4	27.87	35.41	36.23
32.39	30.88	31.91	31.5	29.67	31.81	26.07	32.73
28.42	30.16	32.9	28.8	27.85	29.9	32.09	22.15
29.61	29.91	30	37.23	28.81	31.29	31.56	31.44
30.39	26.47	31.58	30.36	30.89	28.35	24.14	28.27
30.24	32.08	24.63	32.45	31.42	28.21	31.7	34.38
23.53	30.81	26.87	21.79	28.13	24.07	31.22	32.06
36.72	27.53	25.66	27.76	31.8	29.27	31.28	27.38
24.99	24.77	29.64	27.8	26.18	24.05	27.08	29.94
24.04	22.6	33.89	23.02	27.01	29.65	27.86	20.81
34.76	22.71	29.44	33.6	35.65	29.42	28.13	34.32
27.16	28.87	25.46	27.69	22.57	28.25	29.27	31.8
28.97	34.45	33.46	38.74	29.01	35.24	28.64	34.37
27.89	31.42	27.2	32.95	30.25	32.89	36.4	33.7
26.66	26.85	26.35	32.78	31.83	25.49	28.93	27.14
30.07	28.84	26.24	31.01	32.17	28.59	31.66	21.69
26.27	27.9	29.11	27.98	30.48	27.67	22.47	26.28
30.94	24.42	29.88	32.04	35.84	28.69	29.23	30.22
20.73	23.27	21.72	24.58	23.34	30.29	23.11	26.18
33.64	30.46	30.12	37.98	34.36	30.29	34.06	34.98
32.24	31.99	31.14	35.03	33.76	36.41	33.1	28.81
31.64	26.22	28.14	21.98	30.62	29.09	24.57	24.56
33.34	32.46	31.79	28.46	33.84	34.74	30.46	34.55
31.28	28.36	33.08	29.32	29.91	24	30.77	26.4
28.35	27.49	27.85	30.45	23.25	28.75	30.89	30.27
32.66	30.11	32.59	25.72	30.14	32.54	33.79	28.18
29.67	27.84	32.06	27.21	30.67	28.02	28.17	27.44
29.82	27.11	25.6	31.38	23.75	24.03	24.5	27.22
23.68	29.49	21.19	27.56	28.01	24.1	27.29	21.59
27.42	28.86	26.86	27.19	26.32	29.74	24.28	27.9
29.3	28.66	25.14	32.39	30.74	27.8	28.35	31.14
26.91	33.38	23.95	25.18	22.06	33.25	30.98	27.5
34.62	28.87	26.71	30.43	28.47	31.96	28.68	31.9
33.52	30.32	24.11	28.16	25.55	33.11	31.19	29.81
32.36	31.79	33.09	29.2	29.35	29.02	27.02	31.94
31.95	37.06	31.21	31.01	29.24	29.37	34.76	34.7
25.58	21.11	25	29.77	24.17	28.07	30.27	25.28
31.68	22.77	27.83	27.19	26.69	25.23	23.19	28.39
30.21	28.4	33.84	27.02	28.94	28.08	27.74	33.59
34.99	33.05	29.17	30.86	27.44	31.27	31.81	32.14
31.04	27.33	31.45	30.43	25.43	28.83	26.26	27.25
28.34	29.28	25.03	24.33	23.61	30.62	28.53	31.88
26.51	31.4	21.83	23.49	23.92	26.01	31.48	28.41
34.6	29.53	29.93	26.06	32.57	30.14	26.69	32.28
28.32	25.97	27.21	29.31	27.49	28.94	23.46	26.54
33.58	32.56	38.31	32.2	32.43	32.56	32.02	26.84
25.04	29.19	24.99	29.53	26.72	25.71	26.95	24.58
25.79	37.51	29.47	29.44	30.51	28.35	31.78	34.66
24.27	27.69	25.05	24.84	25.37	25.66	23.46	27.94
34.27	30.6	26.77	22.55	23.63	25.65	23.67	23.77
27.77	27.23	29.31	24.01	27.2	22.64	26.95	25.8
33.47	30.67	30.79	37.05	33.64	32.88	34.04	33.74
26.89	26.37	25.96	27.74	28.79	25.63	28.83	27.48
23.42	26.21	30.24	27.17	22.91	29.76	28.68	27.14
36.75	33.06	41.06	38.46	42.2	31.26	40.23	31.29
24.26	23.05	31.76	23.27	28	30.01	26.65	30.63
22.15	26.5	27.95	31.98	28.74	26.54	26.62	31.51
27.8	25.99	32.48	30.09	28.37	30.95	27.88	31.11
27.71	22.14	27.77	24.29	25.48	30.48	28.76	30.83
33.65	33.72	27.39	34.29	39.23	37.81	23.83	26.4
28.29	32.56	36.06	33.68	36.27	31.52	29.47	35.06
30.14	39.7	28.52	29.92	33.71	27.6	36.91	42.35
26.49	29.58	24.44	30.09	27.88	27.75	28.86	28.8
30.95	31.15	28.32	28.4	24.42	29.17	24.9	30.67
30.98	32.25	25.95	29.17	28.57	31.21	29.48	26.96
32.57	30.54	30.96	28.47	41.65	31.27	32.6	30.87
23.29	22.01	25.68	22.59	22.14	25.36	24.77	23.7
25.52	33.46	30.19	34.88	27.7	32.35	25.62	29.64
27.7	30.94	30.85	26.02	30.25	28.46	27.84	31.65
32.46	36.23	32.92	29.74	31.06	37.74	32.5	37.08
40.97	42.96	30.69	36.63	38.33	34.77	37.69	45.48
29.56	27.26	30.04	30.76	29.28	25.18	25.9	32.24
31.16	26.3	31.72	27.89	30.6	30.04	29.92	27.98
35.08	35.61	28.95	25.61	28.76	27.88	28.89	33.55
27.49	31.93	29.91	29.09	32.47	26.73	27.96	27.59
35.51	27.41	31.65	27.13	29.34	34.47	30.58	26.6
29.9	28.42	28.68	33.56	31.24	27.3	32.04	24.94
26.97	22.64	29.05	28.86	26.1	24.07	24.65	29.21
22.93	30.18	33.55	28.94	29.85	28.36	32.66	23.53
31.11	30.36	27.48	23.98	30.14	33.72	27.59	31.26
32.86	25.97	26.42	25.86	30.3	32.03	32.99	34.16
28.29	29.21	27.96	32.26	25.72	32.71	32.3	31.4
33.99	36.64	32.09	34.94	34.03	30.39	35.36	29.75
37.6	36.46	37.81	32.05	32.68	43.6	30.09	31.42
29	27.71	28.45	22.74	27.7	29.06	26.11	28.4
31.84	35.01	28.1	38.4	31.47	30.27	26.39	28.75
29.47	30.2	28.94	26.75	33.29	29.82	32.53	27.75
30.67	25.85	30.94	29.1	25.95	28.66	25.08	31.96
24.27	28.04	26.11	26.76	31.4	25.83	23.53	30.95
