28.4	26.53	32.18	26.79	31.71	26.81	29.26	33.1
31.98	28.89	34.63	32.94	31.52	35.57	37.87	27.61
33.77	45.02	36.64	31.32	36.77	35.37	32.42	38.6
29.31	29.84	26.43	30.38	29.53	27.98	24.82	30.39
28.44	35.76	30.29	27.43	30.53	29.91	24.54	31.98
32.55	31.94	30.23	31.92	33.12	35.23	28.45	29.76
26.6	25.37	23.13	21.59	25.29	28.12	21.47	21.37
30.88	26.84	27.72	22.89	33.35	25.16	28.88	26.26
28.75	24.05	27.36	28.73	27.17	30.44	31.94	33.85
34.11	31.75	32.89	33.33	27.2	29.42	32.03	29.54
27.53	32.64	33.99	38.04	31.56	31.34	31.49	36.49
26.98	28.51	33.97	29.91	28.08	32	26.45	29.27
30.6	26.95	31.19	31.62	29.24	32.01	29.72	34.47
28.31	25.38	29.22	29.66	32.69	28.7	30.5	35.66
28.81	30.33	26.79	25.8	32.54	23.97	28.85	28.31
26.41	29.25	26.08	29.79	31.73	25.23	25.76	27.33
25.9	27.75	31.04	33.01	31.15	32.5	31.88	30.14
29.61	31.39	33.88	29.89	31.8	36.07	34.72	30.85
37.08	32.96	31.56	32.81	30.77	28.39	30.64	34.52
35.36	28.18	31.66	35.46	35.4	38.71	29.77	30.27
23.27	22.82	22.5	25.3	25.28	25.47	21.92	22.79
24.59	30.81	27.27	27.17	24.4	25.94	26.11	26.77
27.55	28.95	31.55	30.14	31.13	26.53	30.77	26.35
29.26	28.67	31.14	33.98	29.48	29.6	28.65	28.48
32.31	30.99	37.85	28.99	29.23	34.23	30.31	31.74
30.09	23.75	29.49	26.38	25.67	25.96	23.86	28.66
20.39	24.58	22.71	20.31	21.28	23.5	24.2	20.36
29.09	34.37	28.41	25.48	24.26	30.23	26.78	28.58
33.95	33.26	38.22	32.13	31.07	31.03	31.51	31.22
27.41	27.8	25.74	26.05	26.93	23.02	24.57	25.61
35.59	28.53	28.64	32.25	34.28	34.36	32.57	34.35
33.23	36.87	29.93	32.03	33.86	33.69	32.94	29.24
35.67	33.28	32.99	25.87	35.73	33.85	38	35.68
28.38	32.51	29.29	27.2	29.01	26.96	24.96	24.37
28.86	21.39	27.48	24.19	25.49	27.23	28.86	29.43
27.35	29.09	28.67	27.03	28.8	28.12	30.24	27.02
28.59	32.74	28.99	33.16	34.87	31.61	31.75	32.65
27.79	25.96	22.66	28.04	29.69	24.99	24.78	26.6
26.56	29.76	34.5	29.29	22.72	33.38	25.55	29.77
35.49	29.74	36.19	32.02	29.43	30.17	29.61	27.71
27.51	27.61	31.2	31.84	23.55	25.32	25.82	27.09
29.47	22.97	33.03	24.93	33.73	26.88	27.45	27.55
26.4	29.03	26.88	31.53	29.04	24.43	25.54	26.65
27.82	33.14	33.42	29.05	37.24	34.37	35.85	28.75
36.69	29.22	25.61	21.55	29.87	29.7	25.75	30.36
33.68	35.1	37.01	26.42	35.81	35.34	32.93	32.28
24.33	33.6	27.15	29.79	31.04	25.02	25.95	30.79
23.46	24.24	24.72	20.86	23.52	22.04	21.22	24.47
35.09	30.32	36.01	35.89	33.71	34.57	31.5	29.77
32.57	29.72	30.61	29.27	27.03	26.22	27.18	24.86
32.33	37.29	41.75	38.06	37.87	30.05	35.15	28.58
30.04	44.22	33.1	34.64	33.07	32.9	32.11	36.69
35.38	26.99	31.09	29.41	34.69	29.52	27.49	32.26
31	25.4	25.47	26.52	29.98	32.25	32.86	30.47
24.58	26.04	22.19	28.81	23.7	26.39	31.85	27.64
30	31.41	36.77	31.08	34.87	34.09	30.39	28.86
35.66	35.48	34.46	34.41	36.19	33.93	39.12	36.93
32.87	33.3	29.55	32.35	32.05	26.16	26.22	34.07
25.48	30.07	25.27	26.96	27.21	22.77	23.91	26.49
23.01	25.25	30.2	25.35	28.67	29.59	27.74	29.51
34.12	29.01	37.49	29.39	34.74	36.06	30.24	34.41
29.78	38.69	33.5	34.99	30.67	31.56	36.31	36.61
31.7	27.77	27.52	25.87	27.7	24.24	21.75	21.98
27.01	31.05	28.36	29.8	29.83	31.06	33.46	30.23
28.82	31.06	31.69	24.11	29.14	28.82	28.62	26.32
30.44	28.57	30.51	27.5	31.61	24.71	28.02	30.85
30.67	26.57	26.66	28.64	30.01	24.37	26.34	27.42
31.18	31.1	38.2	33.86	30.33	38.19	35.54	31.82
30.91	27.96	34.49	28.12	37.46	36.69	30.75	30.06
38.8	29.78	31.68	34.52	35.03	31.63	30.54	31.94
31.25	32.56	27.73	30.02	28.84	27.87	30.11	34.08
32.89	27.66	28.52	27.47	28	24.94	30.26	26.91
29.12	28.67	33.76	23.59	29.47	26.69	28.72	31.24
27.03	32.91	32.62	32.05	26.78	29.41	30.5	27.25
29.96	29.84	26.89	33.02	24.66	28.87	34.24	30.83
24.41	28.45	27.35	28.56	26.57	21.61	24.83	27.33
27.66	26.47	29.13	33.6	23.68	28.15	29.53	27.1
24.88	29.62	29.15	28.37	32.68	27.14	27.79	34.56
28.24	24.65	26.84	26.39	30.39	27.06	29.25	26.2
28.63	31.04	29.79	29.02	32.51	29.27	29.83	33.95
29.05	28.54	28.04	27.29	28.65	28.29	28.07	27.65
27.63	29.5	31.13	25.74	26.01	31.43	28.81	37.25
36.51	31.38	32.34	29.72	29.1	30.24	29.45	38.64
33.6	31.46	33.08	30.41	30.18	25.75	28.3	29.22
23.79	23.26	22.67	23.26	22.23	24.46	25.4	21.33
30.51	27.23	35.79	30.14	31.9	29.31	32.42	34.14
27.96	31.08	34.8	35.61	30.48	30.01	36.77	35.57
27.01	27.2	33.57	27.01	25.49	23.61	28.12	26.83
31.48	30.48	34.31	27.04	34.06	31.42	27	30.17
27.89	32.75	23.81	26.46	31.18	25.85	31.52	32.3
30.62	27.05	31.7	32.78	31.9	30.11	27.58	27.83
36.52	28.28	32.29	31.69	34.87	29.99	36.91	33.11
30.08	38.17	29.22	27.46	24.7	25.69	31.79	24.8
29.07	27.95	28.33	30.33	26.19	32.71	31.6	27.55
27.54	32.21	26.48	30.06	30.92	33.01	24.58	31.56
28.29	38.8	38.43	29.74	35.19	34.03	29.17	34.54
30.92	28.98	33.06	33.2	33.27	28.13	34.16	30.31
30.89	31.34	33.19	32.74	32.02	26.76	27.02	37.42
28.45	29.97	29.37	28.85	25.74	31.64	28.96	32.15
28.3	28.99	25.41	27.83	27.54	21.49	29.94	32.68
28.79	30.47	29.66	33.95	28.63	33.16	27.15	21.02
31.94	30.49	29.82	34.65	34.91	32.29	34.08	39.22
24.9	33.42	27.35	29.41	36.96	29.61	36.25	30.41
33.53	31.33	28.11	21.95	30.8	33.15	30.16	37.14
28	24.35	25.29	26.07	30.7	28.81	27.11	30.2
37.01	34.71	26.76	30.42	27.98	33.33	27.81	34.84
39.21	30.4	30.63	33.39	40.45	32.81	36.5	36.36
30.67	32.53	34	34.15	33.76	35.16	33.57	26.59
25.03	37.76	34.72	29.32	29.58	38.32	38.51	28.83
38.93	28.47	32.37	31.63	29.78	33.63	34.28	24.63
28.3	35.21	32.66	31.24	33.79	29.82	30.72	37.39
29.37	37.34	28.04	31.64	30.26	31.69	32.29	29.52
37.42	52.21	38.73	37.84	38.5	42.28	34.29	37.22
25.78	25.55	27.51	25	23.78	28.15	25.16	27.37
31.87	29	34.27	34.63	39.11	34.33	38.67	33.45
27.73	30.61	31.03	28.49	30.62	25.21	30.69	33.43
25.41	25.95	27.46	26.65	27.59	24.73	26.72	25.48
37.81	32.6	38.52	30.89	37.29	44.46	33.93	40.23
35.15	34.29	28.79	28.54	30.82	35.35	30.17	29.88
26.7	25.84	26.93	24.25	33.49	24.58	27.64	22.18
27.91	35.29	28.2	25.92	34.65	26.46	32.9	33.22
26.95	28.03	34.41	31.54	27.55	22.31	30.79	24.97
27.89	34.12	28.63	34.02	25.75	27.26	30.62	27.55
28.22	32.48	38.2	28.09	33.31	40.51	29.12	31.57
36.64	37.88	38.92	41.08	28.26	34.71	31.37	29.89
35.15	30.57	26.69	29.81	25.36	32.06	29.02	35.26
26.89	33.35	28.92	36.11	32.81	33.63	32.3	38
44.09	31.85	36.31	33.5	39.12	39.25	36.52	38.19
26.39	31.4	29.27	31.38	28.56	27.4	31.19	31.5
25.61	30.1	24.71	23.58	26.44	25.79	24.56	27.09
26.48	29.48	30.4	26.21	26.93	30.94	32.2	27.64
26.7	28.99	26.42	23.12	24.52	26.48	25.41	28.09
30.56	36.14	32.43	37.67	27.42	40.83	37.78	32.68
41.38	34.87	33.74	32.7	32.18	30.34	31.85	34.58
29.17	29.66	31.52	28.68	22.43	28.63	27.68	31.09
29.13	31.37	33.69	30.4	29.17	25.87	27.08	25.46
27	33.95	29.47	30.09	25.94	26.34	29.62	26.01
34.8	32.88	33.31	33.18	28.76	35.45	29.28	32.88
28.53	33.81	23.5	25.18	33.05	28.94	28.12	25.27
29.08	23.98	28.8	24.42	27.45	26.85	26.91	29.29
31.13	34.16	34.75	34.96	32.19	31.74	30.1	30.7
33.09	29.06	27.02	34.58	29.91	35.08	31.7	29.81
35.41	31.78	28.67	34.82	29.9	38.32	31.21	34.98
27.19	25.5	27.86	26.34	27.51	21.15	24.27	28.77
28.85	35.61	27.6	30.16	26.93	24.81	36.08	30.35
36.22	29.96	33.56	32.26	33.29	29.38	29.75	28.62
28.57	35.18	29.53	30.54	34.92	36.31	30.43	28.12
31.55	30.63	35.37	30.8	35.66	31.05	28.56	30.34
27.48	27.45	24.49	23.27	28.15	29.65	29.54	27.09
30.82	30.74	29.76	35.13	36.18	32.05	36.93	37.21
34.05	29.27	31.24	24.57	31.45	33.22	29.75	29.31
37.86	38.38	38.18	39.36	42.5	31.52	37.9	38.79
23.12	17.34	21.8	23.37	19.06	19.95	19.87	20.52
29.35	29.87	28.53	26.97	25.59	24.5	23.39	27.74
29.33	33.49	30.46	27.23	31.59	25.73	28.85	24.83
33.4	31.89	32.35	37.16	28.79	31.64	30.69	31.58
25.59	28.78	28.8	28.64	28.01	29.82	28.73	29.78
35.64	34.7	29.51	30.46	34.47	32.38	36.3	37.61
24.66	25.25	26.11	27.27	23.05	29.42	25.47	28.24
26.16	26.24	30.04	27.79	32.43	35.86	31.26	34.01
29.81	27.54	24.84	31.98	25.98	31.82	20.55	23.96
28.91	28.31	24.02	27.08	32.82	31.41	27.16	32.98
25.35	29.47	26.17	25.34	23.48	26.35	32.04	22.32
37.2	26.97	36.61	34.2	31.88	32.8	31.78	29.26
32.99	28.76	28.98	29.34	27.45	32.28	30.66	26.93
39.06	30.47	37.23	39.49	34.99	38.5	40.79	33.2
30.74	33.95	27.74	30.83	30.31	33.57	26.53	26.93
31.53	32.4	35.49	33.16	33.95	25.7	36.26	28.85
31.3	32.52	34.88	36.67	34.06	35.83	29.83	35.1
29.06	26.87	30	27.77	27.25	33.34	26.75	26.76
30.12	29.46	30.35	29.87	28.29	30.67	26.29	25.59
37.96	30.76	32.46	28.31	27	33.97	30.4	31.01
23.78	29.79	28.14	33.41	23.9	20.3	27.77	23.79
32.92	31.42	32.66	28.26	31.62	31.87	25.05	29.11
40.47	37.98	38.86	38.69	41.67	44.65	40.81	44.09
30.67	29.48	35.43	30.72	31.92	31.82	26.74	33.93
24.27	27.13	26	24.85	26.93	29.31	25.92	22.36
29.64	34.9	28.17	32.51	30.32	31.53	29.26	32.88
27.8	28.54	35.52	33.56	42.85	29.65	27.23	29.88
27.09	30.1	20.25	27.92	25.36	23.15	27.04	24.06
36.86	26.69	31.3	30.39	33.81	31.24	24.42	33.64
28.1	25.83	24.48	26.73	31.21	26.83	29.54	25.29
27.97	23.83	27.2	27.12	29.87	25.56	21.24	34.19
31.42	34.3	31.12	38.6	39.04	35.19	35.66	30.75
35.03	35.42	36.57	30.76	28.3	36.12	34	39.52
38.16	37.12	45.72	37.11	34.73	43.42	34.45	33.97
28.28	31.35	32.14	31.46	32.35	34.44	31.74	29.87
31.9	28.58	34.57	29.88	28.8	28.94	31.52	33.55
27.92	26.83	34.08	36.33	39.16	33.11	27.41	30.2
22.91	28.25	27.73	22.18	25.14	23.01	23.66	29.3
26.38	25.8	27.76	31.95	30.78	25.57	28.51	25.86
27.41	29.1	27.01	27.43	26.93	23.69	29.87	25.6
24	28.13	29.85	25.95	26.83	28.47	28.67	26.08
34.15	32.76	29.14	29.17	30.43	32.57	30.59	29.77
31.55	33.19	27.27	26.25	26.97	28	31.58	24.46
31.14	32.69	24.3	30.04	30.67	29.98	26.42	24.53
23.95	26.54	26.7	20.01	28.55	27.98	24.95	26.04
37.06	36.04	39.63	31.37	33	30.06	27.78	30.6
31.78	29.24	21	28.07	28.52	24.74	27.48	25.72
34.89	32.36	29.81	32.62	29.86	31.75	32.78	31.91
28.33	36.75	37.49	37.45	35.03	27.83	32.64	30.41
26.35	32.14	34.38	29	29.78	24.41	27.29	27.25
23.88	25.19	21.83	28.81	30.93	25.02	28.72	24.85
35.79	34.06	34.12	30.62	35.53	31.22	34.41	34.33
26.86	28	25.48	23.19	27.3	30.21	27.52	26.58
28.42	25.11	24.91	28.42	25.81	32.05	28.13	27.14
36.74	40.74	31.03	36.83	35.29	35.87	39.82	34.01
24.17	25.16	28.94	25.1	28.02	24.83	23.81	27.03
28.05	33.71	26.79	27.33	25.76	24.94	32.18	28.74
30.51	28.36	26.92	26.77	29.05	30.89	27.26	28.85
32.06	37.74	40.22	38.75	41.05	40.42	40.24	34.35
38.09	37.71	35.38	33.85	32.38	34.11	37.68	34.02
28.1	32.78	24.84	23.14	33.26	32.68	30.06	29.93
30.51	35.43	28.92	29.61	27.42	28.35	29.82	32.55
28.1	29.68	34	24.92	28.07	29.16	31.24	28.43
27.73	33.84	29.16	33.05	30.84	29.62	26.18	30.79
27.45	25.09	26.5	30.46	24.89	21.55	26.42	22.51
23.53	24.53	27.01	26.27	22.53	24.78	30.2	29.96
37.3	30.94	32.71	31.4	37.16	34.81	31.54	31.75
33.33	29.95	28.94	31.98	30.64	31.17	32.33	33.45
28.26	30.68	28.95	29.67	25.99	28.23	26.9	27.11
26.63	28.97	27.13	32.37	32.51	25.06	27.39	27.07
26.11	31	30.46	31.24	29.61	30.07	26.62	26.97
29.11	23.43	28.38	28.34	30.18	30.72	26.92	29.88
35.53	30.65	29	36.47	31.07	33.51	31.67	27.48
31.24	23.39	34.88	26.02	23.48	33.82	30.45	29.6
24.62	25.63	24.99	24.53	23.41	27.69	27.84	26.41
27.67	29.61	33.55	30.67	28.37	29.76	27.93	36.95
26.66	30.53	27.33	26.78	23.69	26.49	28.72	27.66
30.15	28.93	29.22	30.31	28.65	33.04	26.98	29.53
31.18	33.52	35.22	31.06	34.45	26.53	30.3	30.3
28.45	27.41	24.2	33.78	31.25	26.05	26.77	31.32
29.99	36.46	38.03	29.88	29.65	30.74	33.75	32.55
31.96	32.48	29.97	30.42	28.36	29.84	28.1	31.1
30.09	31.03	33.86	31.03	30.01	26.73	30.13	27.35
28.27	31.19	29.31	29.9	32.5	25.95	29.21	25.86
21.95	23.39	24.87	27.62	35.27	30.23	26.25	26.9
32.23	27.23	30.72	33.39	36.04	31.4	31.28	28.97
30	28.05	29.03	30.9	33.22	29.69	28.9	30.67
27.81	31.36	30.01	38.18	29.1	26.09	29.8	28.67
27.89	28.98	27.72	24.84	22.69	29	33.05	29.31
26.79	29.25	25.14	31.43	27.65	25.52	23.57	25.97
22.44	31.24	32.74	27.34	30.42	32.75	29.65	26.56
26.08	30.52	26.97	29.02	28.4	29.97	24.11	26.69
27.55	24.55	34.39	28.95	26.87	28.52	32.95	27.16
28.78	32.91	29.86	32.29	27.03	34.26	36.28	30.03
32.5	34.04	32.69	30.07	33.78	41.62	28.52	38.26
29.49	30.04	29.07	23.97	27.82	29.06	33.45	31.3
28.56	29.38	31.21	28.24	26.85	34.04	24.37	31.58
24.34	28.87	20.88	23.19	19.33	25.04	25.83	21.71
21.96	24.3	25.95	24.8	27.33	25.54	24.67	26.17
29.13	24.44	28.36	29.98	26.88	26.89	27.18	29.87
26.35	29.26	32.55	35.47	34.13	31.43	32.84	31.9
29.41	29	30.61	26.04	32.45	27.33	32.26	34.97
30.44	29.55	32.93	34.69	32.93	34.9	37.06	37.76
32.25	27.26	29.29	30.99	29.38	31.22	30.93	30.06
29.3	34.58	33.56	27.98	33.12	26.12	32.84	33.79
26.89	22.31	25.09	22	25.62	23.92	21.41	31.05
33.7	29.21	41.09	35.78	34.9	29.08	38.12	31.87
31.15	32.5	30.48	29.45	29.8	31.74	32.55	28.17
28.15	26.73	32.17	26.69	28.6	27.41	26.01	30.36
27.57	34.46	31.2	30.53	28.73	29.82	23.22	32.02
25.87	21.7	22.56	20.52	25.39	22.46	25.57	26.97
34.43	31.59	27.05	31.66	30.28	29.58	30.93	26.71
27.56	32.2	26.33	31.58	24.26	27.51	30.63	27.43
28.77	33.4	35.68	30.65	29.08	29.01	33.46	38.12
28.84	29.38	29.55	29.63	25.32	29.46	32	26.63
30.67	31.3	35.55	33.76	29.68	36.05	33.43	36.97
27.61	29.5	32.32	30.4	24.03	25.52	24.94	28.65
24.48	30	31.23	29.51	26.64	34.94	29.83	27.58
30.03	30.59	29.37	30.86	33.09	26.13	26.14	26.89
24.78	32.56	27.71	32.59	28.08	30.75	34.1	34.13
27.37	29.81	26.68	29.3	25.84	28.3	28.79	32.86
26.03	24.08	28.89	29.76	27.94	30.05	27.88	27.55
30.23	31.83	31.46	26.26	25.88	27.96	33.52	29.4
23.73	24.91	23.65	31.42	24.14	25.99	24.39	23.87
30.04	27.69	34.86	33.79	32.73	32.89	35.59	35.32
36.19	38.03	28.47	36.86	34.45	29.58	31.6	36.08
25.95	27.35	25.18	33.44	28.61	27.21	26.79	24.75
27.94	30.47	27.54	29.79	29.18	30.02	29.79	31.07
28.76	27.11	22.91	23.41	22.74	28.79	23.14	30.63
25.28	26.75	28.33	22.6	27.88	26.54	28.82	27.09
28.81	30.82	33.04	34	34.16	33.28	32.14	33.71
36.41	29.92	32.72	30.41	30.36	26.83	34.6	30.42
32.93	30.91	39.04	26.22	33.41	28.79	28.33	27.18
28.9	28.58	26.86	27.87	22.63	27.89	23.98	29.53
27.27	32.9	37.61	35.73	36.45	37.8	29.81	41.22
27.97	25.66	33.04	29.61	29.5	31.93	27.54	32.5
30.37	25.66	34.84	28.69	31.62	29.2	29.81	31.82
34.03	31.89	30.11	37.17	35.69	34	27.71	32.5
33.15	33.18	37.05	35.91	28.83	32.36	28.79	34.16
22.06	29.99	24.84	23.2	22.74	24.91	26.96	26.32
25.87	26.63	35	32.86	24.53	29.43	30.16	32.18
23.08	22.22	23.01	27.16	22.56	21.56	22.53	20.69
34.15	38.11	33.62	40.06	36.88	30.95	34.27	29.74
29.69	34.6	33.83	31.9	35.48	36.02	29.01	33.69
34.64	34.43	30.76	29	36.1	32.92	26.07	36.1
32.81	31.31	29.75	29.1	31.29	27.54	31.87	25.45
25.59	35.1	30.07	30.31	27.59	28.12	29.86	29.29
26.83	30.97	30.93	26.24	28.9	31.49	32.19	31.34
33.03	27.34	25.46	31.76	29.8	35.46	30.28	32.3
48.31	47.05	36.42	42.39	39.03	34.33	36.24	41.35
35.02	29.48	27.48	32.6	27.46	34.23	32.19	31.7
28.42	29.94	34.02	33.24	27.85	32.35	28.21	26.36
43.56	38.88	43.48	40.44	33.72	37.34	35.73	39.34
24.85	22.7	25.48	25.05	29.83	26.4	23.42	18.72
23.66	25.49	26.11	27.25	23.53	19.57	26.57	23.97
28.7	26.37	28.28	29.25	34.81	29.97	30.14	32.3
32.1	31	39.94	32.64	33.69	33.7	31.23	34.59
35.91	38.32	33.77	31.09	27.95	32.77	32.92	33.54
34.39	38.82	35.3	37.87	34.7	36.87	34.48	31.58
30.64	37.42	24.22	28.99	25.86	29.8	26.8	30.88
28.83	28.7	23.89	22.8	32	23.82	29.97	29.08
36.55	31.77	35.3	35.5	28.18	31.39	34.1	30.69
32.6	36.26	33.2	35.28	30.69	35.01	32.27	37.24
30.97	32.74	32.58	32.63	29.43	32.31	32.8	30.86
32.64	25.1	25.77	29.85	32.51	26.72	29.39	30.93
28.29	29.4	32.25	30.76	25.02	29.35	30.66	25.54
24.75	25.6	23.49	20.44	27.98	25.59	27.24	24.69
23.06	25.66	26.28	25.39	25.3	25.93	24.58	25.28
29.49	28.36	31.15	29.58	28.96	30.29	31.76	29.99
34.42	33.52	28.89	28.52	33.54	31.95	29.62	31.43
26.51	24.49	27.63	25.2	28.8	26.82	29.06	27.57
34.89	30.83	33.99	29.19	32.21	32.87	30.68	24.43
27.41	24.76	21.94	22.41	18.62	27.36	23.58	23.93
31.55	27.82	30.34	24.78	22.65	26.21	26.06	29.93
32.99	32.83	37.36	31.24	34.68	25.51	30.61	29.33
22.67	26.69	23.81	26	26.19	25.61	29.38	28.11
25.4	26.93	29.25	26.02	33.01	29.88	33.54	28.71
31.03	25.82	28.17	29.77	27.55	28.48	27.31	28.91
25.82	27.33	32.92	26.98	26	29.41	28.25	27.52
28.37	32.17	30.07	24.16	31.16	25.69	32.81	26.88
31.54	32.31	25.51	32.3	33.88	29.93	35.7	28.63
26.12	30.86	30.85	27.98	34.01	27.06	24.76	25.29
28.32	26.34	21.76	24.61	27.97	30.73	29.81	28.44
30.01	33.1	27.55	33.27	37.44	41.14	34.05	31.45
28.22	34.17	27.2	42.12	29.73	31.49	34.25	31.28
30.15	33.92	31.13	31.36	24.66	35.01	31.12	34.65
24.55	26.08	27.67	25.81	25.53	23.85	23.25	24.92
26.71	28.56	31.95	35.45	23.48	30.04	27	33.88
26.99	33.28	30.35	30.71	27.72	24.89	33.08	29.03
26.81	29.25	32.11	33.06	32.54	30.48	32.64	28.76
28.15	30.48	26.36	34.12	27.35	31.73	29.44	29.74
31.05	31.63	38.95	28.25	30.73	30.78	33.08	31.12
32.71	32.39	26.31	33.06	28.68	30.32	28.6	29.95
32.18	28.68	40.33	28.03	30.49	28.28	32.59	33.73
31.92	27.56	26.9	23.19	24.77	28.33	27.56	30.75
22.11	21.4	22.19	23	25.66	22.18	18.91	19.12
41.31	34.34	36.37	33.51	33.03	32.71	31.51	37.35
26.51	29.02	22.15	23.78	21.2	27.24	29.17	27.1
29.27	35.75	28.68	28.93	34.17	24.29	30.1	29.26
28.15	26.66	26.59	25.26	27.5	24.11	28.94	31.18
30.55	31.23	31.5	28.9	29.35	27.42	30.66	28.84
36.17	37.39	36.85	36.62	38.85	37.86	37.07	34.78
22.39	31.1	24.92	27.89	28.59	31.82	37.12	28.63
29.12	29.1	32.96	24.5	26.7	21.54	26.5	24.67
35.07	30.21	32.79	31.76	40.63	34.75	40.02	37.2
26.28	26.24	26.31	29.71	26.79	31.68	28.21	24.72
32.49	35.21	28.73	26.94	34.8	29.91	26	22.66
28.93	35.23	31.53	33.84	31.45	28.71	30.74	27.77
23.43	26.9	22.46	29.11	26.44	22.82	27.14	26.73
32.43	30.05	30.66	33.27	33.11	32.74	30.15	32.03
28.31	36.34	39.55	42.67	37.3	38.54	40.32	32.24
33.45	28.4	29.47	34.45	36.45	30.21	30.78	29.79
27.78	32.85	31.57	25.07	23.27	30.55	29.44	33.5
33.75	32.34	34.37	36.97	33.12	35.83	35.29	38.3
20.98	20.36	25.78	22.96	22.53	27.39	28.69	19.76
34.99	32.51	35.91	32.71	37.37	30.94	30.39	33.32
30.97	26.52	31.84	30.57	28.76	29.56	31.07	25.44
23.37	24.23	24.39	21.65	25.25	27.25	22.38	25.5
34.77	29.22	29.24	32.21	34.77	31.37	32.66	30.84
28.38	32.29	25.74	27.58	25.55	26.47	25.54	27.32
38.52	30.19	31.98	34.28	42.09	33.86	38.9	33.27
25.61	31.27	31.46	32.02	28.52	21.73	29.04	28.22
33.05	32.36	28.49	27.94	33.1	23.22	25.01	30.99
31.99	28.24	34.91	33.01	30.17	32.21	29.34	31.45
34.85	35.42	29.34	33.93	35.8	31.49	26.7	33.55
33.69	28.12	23.9	35.35	32.43	28.69	26.41	26.74
25.4	29.75	29.29	34.36	28.2	31.22	31.8	35.99
29.71	31.87	33.03	27.56	28.94	28.44	28.25	31.03
29.14	24.54	32.19	36.36	31.22	26.98	30.3	32.52
34.98	26.91	31.47	30.21	29.09	31.04	29.66	30.72
26.82	27.9	23.47	31.83	29.26	30.55	34.5	33.42
23.69	31.06	28.34	25.4	28.6	30.51	24.49	31.75
25.93	25.68	24.17	19.62	23.76	24.56	24.69	23.64
34.81	29.24	34.61	26.93	29.15	33.78	26.27	28.88
27.68	25.97	29.63	29.78	30.93	28.67	26.86	29.32
36.66	33.76	32.14	30.51	30.94	32.4	28.73	28.53
25.23	29.16	21.63	28.39	29.31	26.46	23.59	28.21
26.53	35.9	30.03	34.9	31.91	30.16	26.56	30.3
28.77	24.82	24.87	27.19	27.28	28.54	27.32	25.3
33.89	38.45	30.65	33.7	28.24	32.54	38.28	30.11
23.33	25.88	26.22	26.95	27.46	19.63	30.63	28.13
24.7	29.92	28.41	28.87	25.65	30.06	27.67	30.2
31.27	28.43	26.97	29.52	22.6	29.82	31.11	27.42
28.76	28.1	26.3	25.3	25.92	25.4	25.91	23.92
32.87	34.65	28.98	27.02	32.69	37.21	36.16	40.94
30.17	26.18	28.31	27.93	28.18	29.79	33.39	31.39
29.31	29.35	31.68	32.03	25.88	31.07	31.58	25.12
26.25	29.62	26.02	22.21	30.82	29.13	20.62	22.96
25.82	21.62	26.85	25.52	26.98	26.01	23.31	29.97
27.52	24.44	32.55	26.41	30.38	27.94	23.19	26.67
28.8	29.02	28.25	28.16	32.63	31.57	29.9	29.43
39.01	39.77	40.47	33.35	39.98	39.48	36.77	35.2
33.42	34.21	26	30.19	37.39	31.6	35.85	34.43
29.15	33.01	31.21	32.02	24.73	32.71	27.89	30.75
33.76	41.05	32.26	31.83	31.4	32.14	37	28.22
30.08	31.71	32.09	29.47	33.64	28.72	30.62	33.17
25.82	26.77	26.9	26.81	30.74	28.13	24.64	25.26
28.2	31.95	28.54	30.54	29.58	33.11	25.03	28.97
26.49	30.46	27	27.28	28.4	29.65	29.54	23.86
33.89	35.24	34.5	35	34.33	28.97	33.08	32.72
35.36	31.5	31	35.25	30.32	30.25	31.48	33.36
26.05	24.98	31.67	28.89	33.18	26.8	23.35	33.47
29.25	26.42	32.3	30.8	30.24	27.85	34.68	29.29
33.7	36.66	38.82	36.76	39.47	34.05	34.88	37.1
30.49	31.97	34.09	27.05	31.12	28.54	28.45	30.86
28.07	21.82	27.21	26.97	25.79	27.08	28.12	24.01
29.28	28.62	34.1	31.65	21.98	25.58	32.52	31.45
27.85	31.07	37.97	28.93	29.26	27.39	26.33	29.34
29.59	30.94	24.94	24.42	30.69	27.67	27.81	26.66
33.83	36.5	40.94	31.69	33.96	38.2	36.99	33.73
23.17	31.55	26.76	28.95	28.23	32.33	27.13	27.53
27.11	30.17	30.12	25.26	30.83	26.01	29.65	28.63
28.81	34.56	25.7	31.76	30.72	32.77	29.63	29.62
32.05	35.63	28.68	32.73	33.53	31.04	33.91	28.72
33.78	29.93	27.29	23.08	23.55	25.25	27.85	26.7
29.52	24.3	25.7	26.86	27.93	29.61	25.66	21.57
26.24	25.36	21.32	24.27	21.23	25.13	25	26.06
26.52	28.64	28.73	25	30.27	29.58	26.12	31.9
27.37	24.92	28.29	34.91	28.55	26.89	29.36	30.37
29.3	31.63	26.5	28.57	24.75	30.91	32.11	30.74
34.2	29.14	34.55	38.27	33.54	35.32	27.59	31.68
36.54	31.66	27.73	35.23	27.22	32.21	32.99	37.26
34.79	32.44	31.28	35.69	30.85	27.52	33.99	31.07
39.01	29.73	33.53	31.63	32.12	30.7	31.98	34.34
30.61	29.09	25.87	31.58	29.05	30.38	32.02	33.13
33.14	24.18	30.71	27.74	31.16	26.6	31.23	31.62
26.01	29.29	30.26	27.2	26.61	25.37	26.94	23.73
32.97	30.29	31.73	30.6	33.62	32.84	34.86	34.18
24.65	25.89	23.76	30.48	25.71	28.69	22.88	29.32
30.41	33.27	35.73	33.56	30.1	33.48	27.01	27.01
26.2	31.57	25.84	30.06	22.24	29.82	25.84	29.42
25.18	23.61	28.8	22.07	26.48	28.97	26.26	25.13
32.98	33.61	29.83	32.56	31.91	36.79	33.55	38.18
20.07	21.85	22.86	23.08	27.64	20.59	23.23	29.34
28.41	27.91	27.85	25.56	30.32	28.67	29.17	27.53
29.81	32.1	32.83	31.12	37.79	33.2	30.71	26.58
26.57	24.32	27	26.13	25.26	31.16	30.4	24.28
31.96	29.75	32.23	37.89	30.76	31.07	30.1	32.7
30.8	38.1	32.9	40.42	33.79	30.89	29.45	38.76
33.12	32.43	31.24	37.21	35.13	31.2	36.72	35.21
43.3	42.37	36.79	34.45	42.74	37.62	39.15	48.69
28.5	37.71	29.78	34.25	31.54	29.71	31.37	29.48
32.36	29.08	26.84	26.59	31.84	31.28	27.46	28.19
30.22	36.92	35.65	42.16	38.54	31	38.62	31.45
24.27	26.92	30.79	32.89	24	29.94	26.49	30.25
26.7	31.55	38.39	34.33	35.27	31.21	27.14	31.41
27.44	30.47	27.87	26.1	30.15	33.13	28.87	30.83
33.34	33.87	30.75	33.69	33.36	33.22	32	33.03
30.76	33.57	37.3	40.61	34.78	30.89	38.32	35.59
33.16	32.09	32.41	35.12	27.89	35.21	35.87	29.36
28.81	35.29	34.87	34.44	29.91	32.4	30.19	37.24
21.96	25.12	24.28	26.01	24.45	26.01	22.57	28.69
28.06	33.29	32.5	31.03	32.44	32.89	28.51	28.26
36.86	25.95	29.53	30.97	34.44	27.31	31.85	28.58
25.94	24.88	24.4	29.92	30.53	30.48	24.17	26.88
30.93	40.35	30.86	39.44	33.79	32.57	42.24	38.59
34.49	37.82	34.78	31.95	34.32	32.5	37.46	36.96
37.74	42.15	34.69	42.74	33.39	39.31	31.84	36.55
36.93	24.08	31.39	36.28	28.93	36.77	30.94	35.03
24.44	22.81	26.34	24.16	23.42	25.52	32.98	23.54
30.57	28.63	26.67	30.17	28.56	33.06	30.66	28.58
29.5	27.4	31.14	28.92	29.9	25.04	25.07	28.34
26.63	38.15	34.75	33.41	34.73	35.14	44.38	40.17
27.93	29.7	29.49	35.28	36.06	31.61	33.33	37.74
34.8	25.86	32.39	28.16	32.38	31.42	29.37	31.77
28.21	27.88	25.83	26.46	28.35	24.59	27.64	33.21
30.7	30.08	36.54	34.53	29.78	35.9	34.94	39.49
29.93	32.56	33.44	39.22	35.55	35.62	33.43	31.21
25.02	27.09	23.48	26.21	26.92	22.08	28.9	26.76
45.6	36.13	32.97	34.06	34.04	39	30.9	33.45
31.26	23.78	25.63	29.39	29.48	25.99	30.74	27.58
30.21	29.27	28.57	25.67	24.34	26.95	31.69	29.49
30.66	26.96	30.41	31.13	33.98	32.29	33.26	29.19
30.86	31.71	32.57	35.11	32.43	28.89	29.12	33.6
26.66	29.77	32.84	30.94	38.89	34.81	30.67	32.51
32.55	36.08	30.2	32.41	23.56	28.81	31.86	32.7
38.46	33.94	36.34	27.11	33.82	36.96	43.02	37.09
32.75	27.05	34.15	26.65	33.99	25.67	29.33	28.13
29.88	25.79	28.29	30.59	27.05	26.93	33.99	31.54
26.85	25.94	26.5	27.68	25.41	25.76	29.03	27.06
25.28	25.77	24.73	30.3	26.14	25.13	24.81	30.62
31.94	31.72	27.17	28.8	26.27	31.56	27.91	32.19
26.02	23.02	25.4	26.01	25.41	28.35	24.77	22.49
27.97	31.18	27.45	21.73	30.35	32.03	32.2	27.89
30.54	22.03	27.37	35.81	26.14	27.44	32.69	32.63
27.69	25.16	25.73	25.17	24.07	25.37	27.03	32.47
32.53	31.35	32.75	35.43	36.76	32.53	34.9	35.05
29.27	31.85	28.51	27.41	35.14	25.6	28.06	24.99
28.98	26.1	25.61	29.5	25.17	27.7	27.02	25.89
28.55	37.79	29.03	28.83	28.97	29.32	33.96	38.2
38.27	38.9	31.69	31.19	30.52	28.35	29.78	28
28.93	29.97	34.37	29.11	28.75	31.52	31.45	33.23
29.27	25.63	29.16	25.3	26.18	28.03	26.9	28.2
32.52	26.22	31.39	27.19	31.69	32.68	31.2	30.5
26.12	27.48	23.43	26.44	28.3	29.28	27.36	30.06
30.02	31.41	30.79	35.5	31.3	35.92	35.65	30.32
27.7	33.43	32.37	28.07	29.58	34.1	27.09	31.77
26.06	32.07	26.58	27.73	28.04	28.68	25.15	28.62
35.27	30.34	24.92	28	25.79	28.73	31.25	31.8
24.09	24.52	26.35	28.56	24.41	26.69	26.22	22.44
37.97	24.47	29.6	30.28	31.72	29.24	31.71	33.13
28.5	29.09	25.45	23.38	28.76	23.82	21.83	22.73
29.49	31.78	30.68	26.78	33.37	27.41	30.58	32.86
28.41	31.94	31.56	32.45	33.1	33.59	32.64	28.31
29.91	27.31	27.4	25.56	28.9	30.72	25.89	30.68
28.59	32.54	40.16	34.53	29.55	29.69	28.78	34.67
24.84	22.99	25.87	22.77	24.31	25.42	22.86	26.04
38.65	35.48	31.42	26.69	30.77	37.52	30.24	32.99
24.21	32.98	20.05	24.24	24.38	22.72	24.53	25.12
31.07	28.6	28.11	30.54	33.49	34.78	28.75	30.75
30.98	33.49	32.9	33.75	27.05	31.77	27.92	24.87
24.9	32.4	34.92	26.36	27.07	25.43	33.66	24.62
26.53	27.57	24.12	27.37	26	30.6	20.97	25.07
27.78	31.68	31.21	28.24	30.67	33.37	26.27	29.02
27.54	30.41	26.19	21.53	26.94	27.92	30.53	23.89
24.84	26.63	29.7	35.83	30.9	27.52	28.37	30.04
27.33	33.67	31.98	37.2	31	30.45	29.64	27.32
29.8	30.81	32.54	35.4	32.77	30.35	30.68	37.09
29.75	29.3	34.48	28.97	32.5	32.72	27.15	36.39
32.26	35.57	31.18	30.12	33.38	30.52	30.45	33.38
28.24	27.57	27.51	23.82	27.47	21.82	27.95	27.3
28.4	27.02	30.71	24.71	31.52	33.98	26.83	26.05
29.5	28.73	30.6	33.76	26.52	26.37	27.14	30.5
27.32	25.68	25.41	24.36	25.12	23.18	25.3	25.24
24.33	25.75	25.34	19.53	27.03	23.84	26.35	26.13
26.33	22.37	23.43	28.01	27.01	26.63	25.07	28.26
26.05	25.61	27.89	33.25	26.8	26.17	28.23	28.29
39.94	27.36	33.33	33.09	32.03	34.12	30.66	32.57
27.7	27.18	29.12	29.96	29.17	32.82	32.14	31.85
29.09	28.09	26.75	25.4	25.19	24.42	31.5	27.75
26.5	25.82	27.1	31.22	40.4	28.97	28.01	27.37
29.56	27.21	28.31	33.24	32.04	27.15	26.63	24.23
33.17	26.08	29.39	30.29	24.96	28.81	30.52	27.94
30	27.39	24.82	31.06	36.76	32.58	31.21	32.8
24.52	23.47	24.38	26.67	25.22	23.34	22.57	25.73
28.59	34.05	28.09	35.13	29.57	29.98	30.1	28.14
25.22	27.33	31.62	26.57	24.34	28.37	27.13	32.23
41.02	32.08	37.25	32.88	38.11	34.68	27.28	35.73
31.67	38.73	31.93	32.91	35.52	31.75	27.7	29.72
27.68	28.5	25.36	29.88	23.95	23.76	35.16	26.02
29.47	23.33	26.08	31.19	32.11	27.17	28.12	27.6
37.07	33.75	31.41	29.98	31.63	32.4	39.89	36.59
24.27	29.25	25.16	27.51	25.27	28.46	25.62	27.18
36.1	29.77	27.58	34.42	32.37	28.98	37.14	27.8
30.66	30.71	23.32	27.51	25.51	26.12	26.15	23.9
23.79	28.09	30.91	30.24	24.21	32.44	32.5	28.48
35.62	26.04	39.18	27.36	26.86	28.26	33.69	25.85
36.25	29.09	32.45	29.85	31.26	25.63	29.93	29.24
33.72	28.55	31.4	23.4	25.19	24.41	24.15	24.61
29.1	34.71	35.88	30.16	33.49	24.34	34.5	30.39
33.9	31.8	29.97	39.65	27.97	27.96	24.69	34.76
39.65	36.19	32.84	31.44	32.6	31.11	33.25	37.64
36.66	26.94	33.22	25.13	29.21	26.81	32.28	32.88
33.29	43.12	28.28	33.76	30.32	29.9	30.23	26.65
26.01	27.11	22.88	30.05	28.6	29.87	27.52	28.31
26.89	20.41	23.92	29.12	28.83	26.95	25.14	29.69
29.87	28.22	32.43	24.8	26.36	26.68	27.84	29.87
26.58	29.04	29.18	28.7	27.48	27.49	29.76	24.3
28.42	27.89	31.28	31.36	26.69	35.54	33.92	31.95
30.43	30.12	25.12	26.03	32.55	29.55	27.49	32.16
31.33	36.35	41.27	30.82	25.95	30.34	26.55	33.03
32.77	26.62	32.86	26.02	29.22	35.5	36.38	26.8
24.2	30.25	30.63	35.22	29.52	25.31	29.99	31.09
27.04	27.7	32.75	33.51	31.8	38.19	27.47	29.14
33.16	28.32	28.67	29.21	37.62	29.5	31.89	35.45
31.29	36.18	32.04	35.51	31.51	36.52	39.89	36.78
29.86	24.02	26.43	32.33	29.77	28.53	27.11	25.06
29.54	37.34	30.86	36.82	29.97	25.73	33.11	30.27
29.22	32.04	36.11	31.85	33.31	35.78	39.24	34.89
29.2	29.22	29.96	29.05	35.26	32.48	30.97	30.62
34.25	29.67	30.65	30.95	33.06	32.02	29.04	30.78
24.23	22.64	21.46	28.25	19.27	23.04	21.47	22.06
32.74	31.82	28.7	31.59	28.57	29.81	31.43	33.99
31.32	29.64	29.57	30.49	29.58	29.13	30.17	29.22
34.73	35.16	32.22	31.98	29.65	28.16	35	30.11
26.14	25.21	26.2	27.25	31.55	28.79	28.7	30.24
27.74	32.53	29.78	29.38	29.16	28.65	25.17	31.79
23.93	20.96	26.82	27.04	28.14	22.94	28.1	27.45
28.61	34.52	30.4	32.74	30.95	30.22	28.83	32.78
36.19	40.6	32.7	38.17	31.9	34.52	35.5	34.33
38.62	30.34	33.45	35.01	35.08	33.65	37.99	34.54
36.58	32.02	26.14	25.51	29.46	25.48	31.08	26.07
32.18	32.77	30.7	31.94	38.31	33.68	30.75	33.67
30.4	28.31	25.09	30.92	28.35	30.3	25.96	28.62
24.19	26.42	24.94	25.01	27.79	25.8	22.91	29.21
33.79	35.82	28.81	33.08	40.48	32.17	25.8	35.83
28.05	27.66	27.25	29.68	29.71	26.42	30.09	27.2
27.56	28.21	31.27	25.83	29.65	32.63	27.75	28.25
31.58	33.83	33.13	32.01	28.91	29.3	34.96	29.85
29.66	22.27	22.84	31.53	26.63	26.79	25.22	28.52
24.5	27.12	24.16	27.12	30.16	28.43	27.54	32.3
22.41	25.57	25.98	26.79	29.17	29.49	34.2	29.16
31.38	24.5	28.61	31.63	31.01	39.25	30.45	22.94
25.81	31.89	26.19	32.76	33.89	31.98	31.65	34.48
34.85	39.45	28.56	29.73	40.23	27.93	35.63	33.44
25.59	30.04	25.88	24.06	27.76	27.27	23.97	26.22
32.17	29.54	28.27	27.58	22.15	28.17	23.5	27.07
24.08	22.52	24.3	29.18	30.2	30.45	32.03	30.69
23.18	25.91	25.06	24.18	23.86	27.18	26.25	22.28
29.55	30.03	30.17	30.5	33.79	32.14	31.17	34.41
28.05	29.7	25.26	24.2	30.79	29.59	23.48	29.47
31.1	25.39	28.76	32.04	29.6	30.38	30.41	32.08
34.51	31.21	30.81	38.97	33.68	35.49	37.49	33.38
23.72	30.51	30.26	23.21	22.48	25.97	29.95	26.35
31.53	36.25	29.5	28.46	27.03	27.65	28.55	29.13
37.22	38.37	28.34	35.49	30.72	39.64	35.33	30.87
29.57	27.92	31.22	28.86	35.03	24.1	30.22	30.24
26.14	30.63	35.53	30.54	28.53	29.87	31.39	28.54
31.38	28.58	29.6	35.19	26.67	24.32	26.18	28.1
34.19	31.1	39.48	30.36	27.32	28.75	34.42	32.75
28.19	25.52	22.88	24.34	31.49	30.5	29.5	26.41
29.54	27.84	30.41	25.06	27.62	30.88	27.65	33.56
23.38	32.12	25.04	29.5	26.37	24.34	31.46	24.47
28.75	27.67	29.43	27.12	26.1	28.52	26.47	26.09
32.77	29.77	32.71	27.73	32.56	35.79	34.64	32.03
38.27	37.49	31.31	36.3	32.39	36.7	40.22	31.65
30.98	30.79	27.39	26.69	26.4	25	31.01	21.95
31.37	32.22	26.62	23.49	28.73	30.8	30.36	26.98
34.07	33	35.64	37.75	30.33	29.63	29.74	33.73
20.8	21.98	22.93	24.69	23.14	25.09	24.47	24.88
30.97	32.38	37.49	25.19	33.19	26.31	29.17	30.17
35.61	32.37	27.7	32.45	28.79	25.2	28.74	26.25
23.15	28.86	26.51	24.41	26.72	24.64	34.04	26.6
23.79	25.51	23.69	28.57	28.99	36.57	32.42	24.19
19.2	27.22	24.07	24.08	28.25	25.43	31.59	26.22
28.33	35.25	36.93	27.78	32.99	42.72	36.8	31.23
33.95	35.41	35.66	34.1	36.57	32.38	34.95	34.27
29.17	34.34	29.05	27.55	21.75	23.16	27.06	28.77
32.66	32.31	32.5	32.35	25.29	32.19	30.54	31.81
23.61	33.33	28.62	27.95	31.14	26.39	31.25	30.5
27.59	28.91	31.95	35.35	28.28	26.99	29.1	30.67
30.34	25.01	24.32	25.63	32.24	29.64	30.43	28.81
28.96	26.89	25	23.86	27.58	23.54	29.07	24.23
21.9	29.92	30.99	26.91	29.43	32.08	26.02	29.23
27.78	30.52	35.2	31.34	29.03	28.71	28.71	28.23
30.54	34.81	37.34	37.17	30.79	27.65	30.64	32.61
31.78	32.02	33.31	35.79	27.49	25.38	34.75	34.72
30.68	29.29	32.51	32.52	25.89	32.89	26.02	30.17
31.2	29.37	32.41	29.96	30.64	27.34	21.44	26.71
35.53	31.72	28.61	32.94	30.17	33.09	27.51	27.99
32.44	30.54	31.38	30.05	33.34	30.68	29.93	29.76
28.56	21.85	28.13	28.59	28.18	28.67	23.71	26.09
28.48	26.16	25.08	26.55	28.96	29	26.97	23.67
35.26	35.19	33.93	30.4	36.49	40.02	38.28	35.57
28.37	25.91	30.11	29.1	37.97	27.12	27.36	30.24
31.15	32.7	33.94	32.49	34.97	33.16	32.95	31.77
32.53	27.91	24.54	28.26	28.35	33.6	26.55	29.35
30.27	23.31	29.13	29.51	31.31	29.1	29.91	32.07
26.79	36.99	34.29	32.81	34.97	29.08	35.77	34.18
32.71	27.6	28.11	34.91	29.05	36.31	31.06	37.61
25.16	36.04	30.55	39.45	30.58	35.21	28.11	34.37
24.73	21.31	22.12	27.8	25.76	20.19	24.88	23.07
28.35	24.58	26.74	20.82	27.24	24.64	27.06	24.69
36.04	30.77	32.57	34.58	32.18	33.77	32.83	34.12
36.8	33.87	33.13	38.03	37	37.01	27.06	39.04
28.66	30.55	29.06	26.79	32.89	29.78	28.34	34.13
30.97	30.57	31.35	31.08	28.06	31.92	29.78	35.62
26.52	26.55	30.97	30.42	26.15	27.98	31.87	24.78
23.7	26.14	28.33	24.52	32.06	27.04	31.77	27.2
28.44	31.42	30.61	24.72	32.32	28.69	28.87	28.19
31.09	34.87	31.76	33.86	35.12	39.38	29.89	31.81
28.71	24.75	25.26	30	24.42	28.26	30.08	27.71
27.49	28.44	29.28	29.48	30.04	30.64	28.74	24.41
34.33	33.67	30.41	31.49	29.68	31.67	31.59	31
29.54	26.59	30.61	25.96	30.79	31.01	27.11	30.81
27.22	27.23	26.9	32.6	22.44	24.86	26.48	25.73
29.18	36.5	28.27	29.02	21.47	24.98	29.09	21.14
25.8	29.29	29.69	29.6	31.81	28.13	29.75	29.03
30.68	26.52	24.8	31.42	30.32	30.13	22.3	26.95
31.3	28.47	28.87	22.86	30.44	29.78	27.53	27.36
31.65	28.71	23.2	29.39	29.23	32.6	31.42	31.62
32.98	29.07	33.94	38.94	32.71	25.45	32.67	37.87
25.07	26.27	26.41	26.41	25.97	28.25	23.74	27.18
31.12	33.62	34.56	31.09	36.09	32.5	35.36	35.93
27.17	31.26	31.39	25.94	26.43	27.94	25.18	28.31
32.81	32.1	35.34	34.63	32.55	39.76	35.45	29.88
30.58	26.05	27.33	27.04	23.22	28.71	32.91	25.17
34.27	32.08	36.04	32.45	34.74	31.58	39.9	33.85
34.81	34.79	39.17	28.17	30.97	31.24	34.14	37.33
29.41	32.98	40.08	36.14	39.27	24.72	29.87	32.55
33.23	28.53	35.16	36.08	29.02	32.13	29.38	30.69
33.11	31.67	32.79	31.5	30.45	32.43	32.97	28.71
31.4	34.48	36.13	38.3	31.66	33.28	38.46	35.19
20.61	24.61	26.71	24.31	21.98	22.63	20.33	25.68
25.7	32.13	33.94	30.86	34.18	30.65	28.75	30.72
35.02	32.6	39.43	31.91	32.65	34.21	30.77	35.11
39.09	34.69	44.99	38.08	33.53	43.86	33.33	34.56
26.15	28.91	24.56	31.18	26.45	30.84	25.92	24.44
26.68	26.08	20.01	28.43	26.37	21.87	25.75	25.55
26.62	26.06	26.35	31.22	22.56	30.74	26.09	28.36
28.95	30.25	25.2	36.34	30.45	35.69	32.57	32.69
31.24	26.67	31.5	31.56	30.47	29.93	29.2	31.19
28.34	33.25	27.59	26.02	27.09	32.13	35.81	27.58
35.89	30.26	38.06	32.97	35.94	28.04	32.04	37.3
27.05	31.23	28.92	29.09	25.21	33.61	30.07	27.49
21.85	24.36	21.16	27.06	25.74	19.77	22.51	25.07
30.65	22.61	27.29	28.9	27.54	26.3	28.1	28.69
33.6	28.2	29.83	26.85	29.37	28.69	26.29	27.56
25.28	26.67	25.83	30.18	29.64	29.67	31.83	29
26.45	25.25	25.65	25.73	25.37	29.74	23.01	27.34
30.5	30.49	27.74	25.5	31.3	26.24	26.96	28.51
32.67	37.27	33.65	29.17	31.07	38.36	32.78	30.12
29.43	31.39	30.32	30.05	34.49	33.81	30.04	29.79
26.61	31.91	33.32	29.27	23.88	27.63	29.24	25.05
32.41	28.33	28.14	25.36	28.25	27.23	25.25	28.75
27.87	33.34	26.22	28.02	25.42	29.61	22.96	25.63
31.42	26.62	26.73	32.21	30.42	27.18	32.65	31.76
29.52	30.5	28.18	25	24.95	26.83	22.57	27.84
31.52	30.63	37.65	33.11	35.98	25.52	33.38	35.28
35.42	31.46	31.46	30.58	34.82	28.65	31.63	33.55
29.85	29.56	27.17	28.57	29.54	32.14	31.48	28.25
29.33	25.14	23.52	25.27	24.22	24.88	26.18	25.1
30.31	33.55	34.53	38.9	32.91	29.74	28.41	32.68
33.48	34.1	30.77	30.85	29.51	25.97	26.15	29.08
25.34	26.05	23.17	22.17	26.62	23.3	28.04	26.09
38.41	33.86	34.49	33.19	34.76	32.37	32.91	31
36.06	29	30.03	31.39	26.58	27.65	31.19	31.03
30.61	26.4	30.18	32.22	30.73	25.63	31.62	22.28
33.6	26.28	28.63	33.79	30.84	30.94	27.27	24.61
33.82	29.61	28.25	28.52	33.65	32.89	28.6	25.51
27.62	28.75	27.32	27.92	23.03	25.92	20.99	24.06
24.76	28.95	29.93	33	29.7	26.42	30.66	33.05
28.02	31.23	34.56	35.25	26.83	31.62	29.55	25.02
33.43	30.75	28.18	32.86	26.19	33.8	35.82	36.38
33.95	37.25	31.02	31.94	29.44	31.66	40.88	36.24
29.69	28.52	29.33	29.26	31.43	26.15	33.88	33.1
26.97	24.9	25.94	26.5	28.36	25.92	25.29	24.29
29.92	27.53	26.06	27.34	24.55	23.79	20.84	24.72
27.86	30.8	32.51	28.54	25.43	33.7	25.61	36.38
30.97	36.19	30.21	38.14	29.23	26.66	24.37	30.45
29.95	30.24	32.28	28.2	27.74	26.88	27.07	26.35
33.52	31.05	29.38	37.35	33.17	30.34	32.79	27.44
28.55	28.15	24.66	26.35	23.79	21.87	24.15	23.02
38.74	29.1	34.85	28.78	25.99	30.59	31.05	30.81
31.5	25.4	31.26	24.29	30.54	22.19	35.99	33.84
21.87	24.97	30.7	35.03	33	25.05	28.71	24.7
30.17	33.82	30.15	34.62	34.99	30	33.08	36.84
34.21	40.45	31.79	34.1	29.46	27.58	30.24	28.27
33.17	34.92	35.32	35.8	37.98	35.25	33.04	33.84
25.71	27.79	30.08	25.64	26.54	34.7	27.53	28.34
33.94	31.19	28.04	26.51	28.34	27.62	31.94	29.55
29.88	28.48	25.26	25.44	29.67	27.71	29.34	26.27
32.77	30.13	40.62	28.15	36.81	32.07	35.16	32.81
28.51	27.68	24.41	23.82	26.51	29.34	23.95	25.62
27.3	29.19	22.65	23.85	30.48	27.79	27.69	24.26
26.33	25.64	30.52	29.19	26.02	30.41	30.08	32.25
29.7	23.57	22.66	28.19	24.31	24.55	23.45	27.75
33.54	33.31	29.57	37.46	30.07	38.13	28.46	29.46
23.06	40.93	36.87	32.95	29.08	34.83	32.26	34.7
36.72	32.75	35.27	33.14	32.5	32.51	33.31	40.17
31.52	34.79	34.25	27.67	34.87	35.26	38.28	30.36
36.95	30.17	35.59	32.44	36.04	36.4	37.47	39.53
34.49	35.59	36.09	39.35	47.15	36.22	39.49	31.24
25.81	26.03	28.79	23.97	26.25	24.65	28.04	26.94
26.33	25.9	29.71	32.83	33.99	25.34	28.97	31.66
29.59	27.72	30.66	28.78	31.88	24.46	32.39	28.54
32.59	33.89	29.48	28.59	31.1	31.34	36.43	36.45
33.01	33.62	33.33	34.23	29.43	29.97	31.6	32.96
31.22	34.75	36.81	28.01	31.9	28.95	30.76	39.04
33.76	31.99	38.38	33.06	28.61	35.31	31.25	34.41
34.67	26.07	24.17	30.25	26.14	26.8	34.39	26.32
23.22	22.42	24.7	25.81	22.96	21.59	22.76	21.24
26.68	28.57	29.17	30.04	26.2	27.24	23.04	34.95
31.55	31.08	27.06	27.69	37.42	37.57	32.35	32.01
26.06	23.47	30.05	30.89	28.68	31.74	29.27	30.35
30.24	30.75	34.13	30.86	26.2	30.09	25.98	29.94
34.59	33.02	34.92	35.72	37.01	41.35	34.26	28.75
32.26	32.84	29.98	30.48	40.96	33.74	30.26	29.39
32.71	29.36	34.68	28.85	27.82	34.87	30.01	26.03
31.92	24.42	30.05	24.79	25.42	26.42	32.01	26.78
27.07	25.11	28.64	28.41	25.82	34.29	29.85	25.85
29.93	29.79	27.45	29.96	30.56	37.46	32.49	37.86
33.31	34.84	26.75	26.59	28.58	30.1	34.02	26.96
28.64	30.06	28.46	20.02	27.88	25.67	27.89	25.59
25.08	25.05	24.54	28.16	29.35	35.73	31.74	27.85
26.1	32.26	23.43	29.88	28.85	28.82	33.34	25.63
29.72	38.53	35.08	34.39	35.58	37.77	36.78	33.46
25.78	28	27.49	29.08	30	30.03	31.07	31.79
24.7	27.8	23.24	30	27.48	26.42	31.59	23.24
33.3	33.21	33.29	29.75	26.24	38.9	30.78	32.67
26.04	31.19	28.86	29.97	30.91	31.77	35.14	31.61
29.56	32.07	35.7	31.2	32.39	27.54	34.66	28.5
28.72	26.73	26.53	23.26	24.51	31.41	20.97	28.76
30.39	23.58	29.22	28.52	24.57	30.42	24.38	26.8
28.37	34.11	30.97	31.38	26.68	27.91	31.71	27.58
26	27.13	26.11	27.35	28.64	24.69	25.96	29.88
30.25	26.87	29.11	25.08	30.01	25.96	29.37	28.42
28.17	19.73	31.21	25.24	25.56	27.33	25.05	24.29
31.16	26.25	23.2	28.22	23.63	25.8	28.99	26.28
25.6	27	30.9	28.67	22.53	25.22	25.44	27.27
27.62	26.73	23	23.22	28.09	28.39	27.86	27.15
28.84	24.85	31.3	30.6	35.87	31.12	30.57	32.14
29.82	30	26.06	28.63	25.82	30.33	24.77	26.8
26.42	25.77	26.19	21.82	30.71	25.63	24.25	23.96
33.28	27.69	26.13	31.12	23.55	26.02	24.5	26.79
29.15	23.69	27.77	28.65	26.68	26.03	25.03	26.07
34.54	36.36	32.71	30.18	32.71	30.64	28.83	29.34
32.42	29.03	26.88	30.7	30.14	41.06	30.54	30.16
27.74	31.57	26.5	29.37	31.27	23.63	26.77	37.09
27.94	34.11	27.59	27.34	35.62	27.14	29.39	29.26
27.44	27.25	21.96	24.9	18.44	24.93	23.8	24.17
33.49	28.83	29.74	28.97	35.58	28.11	28.66	27.89
27.68	29.59	22.54	24.13	26.52	25.17	27.71	24.49
31.23	34	26.15	33.42	32.41	33.54	31.58	29.44
30.9	36.75	35.47	30.62	37.97	33.78	41.4	37.99
28.19	26.61	24.36	27.28	30.87	24.53	28.9	22.42
31.38	28.09	26.31	30.28	21.72	26.39	24.82	25.22
41.85	39.49	37.52	40.29	32.41	42.17	35.93	36.87
27.67	31.19	28.72	34.94	28.39	30.96	32.1	28.11
24.43	27.39	27.34	24.4	23.78	24.43	23.19	26.19
33.82	34.48	27.74	29.34	29.61	31.99	32.61	27.93
27.5	29.6	29	30.62	28.29	31.42	28.55	21.54
31.88	31.78	36.18	25.16	27.58	27.23	30.42	30.07
34.33	31	28.83	27.72	22.66	27.42	31.28	25.38
23.01	24.01	21.36	21.03	24.43	22.8	21.7	23.81
21.96	25.14	25.1	23.88	24.34	32.22	22.76	25.56
37.96	34.57	35.51	33.68	34.83	30.64	33.7	34.32
25.76	27.23	29.79	29.54	26.91	31.92	28.08	30.74
34.03	35.65	30.15	29.6	31.38	36.75	33.03	32.68
28.39	34.36	28.57	32.17	31.62	24.76	29.59	28.2
35.48	27.97	30.19	29.4	29.2	34.83	33.94	30.49
31.79	37.11	30.85	27.3	28.26	34.56	28.97	32.74
26.52	28.85	30.31	28.68	27.45	25.22	29.15	21.98
24.2	29.56	26.89	32.7	25.43	33.34	26.23	27.04
28.92	28.76	25.4	27.47	26.69	27.11	27.97	29.1
26.46	28.34	26.81	26.46	28.03	35.1	26.01	29.1
30.11	25.15	32.39	31.45	29.85	28.22	28.07	26.4
30.1	28.35	27.01	33.68	35.15	35.37	29.45	34.46
29.12	31.2	33.93	29.83	32.86	30.62	28.57	28.93
23.79	29.96	30.25	31.44	28.63	27.19	28.67	22.88
31.56	27.86	30.11	30.04	33.15	31.3	31.87	30.65
32.31	27.71	27.48	27.49	25.51	28.13	32.39	27.01
31.82	28.7	31.57	25.34	30.35	24.28	28.82	28.62
21.93	25.54	26.26	23.17	29.19	28.7	23.28	21.38
34.74	32.83	33.23	32.27	34.58	33.81	26.14	27.25
30.44	35.21	30.2	31.04	30.94	37.94	28.31	32.93
22.06	22.49	24.28	26.49	26.02	23.36	30.96	25.48
26.52	29.39	30.41	27.22	28.72	28.77	31.12	31.93
24.78	25.44	27.16	22.92	26.24	23.31	26.94	22.4
25.95	33.49	30.51	28.78	24.99	27.07	28.43	32.08
33.25	23.55	30.81	29.25	30.72	31.86	28.87	22.94
30.03	26.39	32.19	24.55	24.25	22.22	22.75	28.07
30.19	31.83	29.81	31.27	31.51	35.41	38.55	31.13
28.08	26.39	32.19	28.35	24.6	32.03	29.07	23.11
29.73	25.3	23.32	26.18	23.99	21.03	27.72	26.2
30.12	29.34	33.18	31.41	25.8	32.21	28.37	30.88
28.02	22.47	23.38	24.13	21.43	22.67	23.39	23.22
25.97	28.76	26	32.46	36.01	30.2	26.93	30.19
25.54	36.18	27.05	31.09	31.85	32.09	30.1	27.39
27.02	25.7	24.9	28.88	23	28.29	25.98	30.08
35.88	29.33	28.54	36.84	29.86	24.8	34.29	36.12
29.88	30.57	31.7	30.68	34.73	34.38	32.27	34.15
33.86	28.19	38.89	35.61	36.43	27.53	28.77	27.36
29.95	30.36	24.38	25.98	28.06	28.77	29.97	28.19
30.36	26.01	27.71	30.64	29.28	29.73	29.02	22.45
29.15	33.6	30.93	34.82	30.26	38.08	31.87	31.8
32.57	27.9	34.31	29.54	33.13	33.18	35.36	37.45
27.92	26.08	29.64	30.87	22.51	21.18	32.79	27.41
30.64	26.08	24.07	33.79	25.67	28.86	32.58	29.66
45.87	41.24	39.84	46.02	38.15	41.92	38.79	34.29
29.18	24.63	37.08	28.36	25.38	26.25	33.52	25.99
27.56	21.96	28.97	31.06	28.04	21.21	23.2	24.63
27.57	32.41	36.22	29.48	35.48	32.5	33.82	28.75
28.73	29.72	28.96	24.36	31.11	25.42	24.65	27.76
34.55	35.11	41.26	31.82	38.33	31.89	32.76	36.55
26.48	27.28	26.93	32.57	25.08	25.8	28.87	29.03
25.81	25.3	27.32	25.64	21.61	28.99	26.98	25.5
38.6	36.39	39.77	38.74	33.57	32.29	39.61	38.52
25.89	25.12	28.72	26.75	27.85	29.49	32.75	29.5
28.75	25.91	29.83	28.3	35.17	37.41	25.94	32.58
23.15	30.97	25.34	28.06	26.78	30.51	31.9	30.93
28.73	27.58	23.43	28.42	23.58	26.44	27.76	31.29
35.99	34.3	37.73	33.39	38.9	38.54	37	38.8
32.99	32.77	31.33	30.84	31.9	35.93	34.99	35.23
23.2	28.38	27.59	29.74	27.04	29.25	26.81	33.96
27.03	25.08	27.03	35.59	35.28	31.7	37.86	30.98
26.05	35.03	34.29	30.57	29.11	29.72	29.37	34.73
26.11	24.05	33.18	26.64	29.38	27.53	26.31	26.46
32.51	28.35	28.23	24.69	27.32	27.24	30.08	28.72
35.41	34.94	38.61	34.53	28.45	36.13	35.81	30.75
28.94	24	25.42	28.74	27.48	34.5	26.82	23.85
29.97	25.33	26.4	30.09	28.43	30.09	27.59	25.31
30.92	29.25	30.69	32.34	29.86	30.45	30.58	28.24
30.58	28.75	26.26	31.31	23.75	22.03	28.55	30.08
27.65	30.64	31.02	30.31	24.81	32.4	30.2	30.29
38.43	36.2	33.03	37.44	33.95	28.47	29.12	31.53
27.78	26.58	25.34	26.07	26.9	29.09	26.48	28.58
29.43	25.9	20.71	35.09	27.01	27.32	31.21	33.44
31.13	30.26	26.13	29.54	36.54	32.57	30.8	32.76
28.88	27.26	29.89	25.98	26.33	25.35	30.18	25.33
27.54	30	26.33	31.6	27.64	30.36	27.38	27.81
29.42	28.59	27.95	25.55	33.7	26.46	29.28	27.54
29.73	25.15	26.78	25.29	29.57	30.66	29.19	26.17
25.36	29.57	33.01	29.44	26.25	30.71	31.78	29.17
34.14	36.07	28.58	35.92	36.8	36.61	30.95	32.81
33.05	33.34	34.28	33.73	35.76	36.62	34.35	26.35
31.74	32.55	35.6	29.84	33.09	30.18	31.62	33.93
25.67	27.76	31.28	24.13	27.98	27.34	28.92	24.44
33.71	24.36	25.9	34.24	33.9	30.57	23.84	35.83
23.93	26.17	27.13	30.28	34.77	21.84	26.35	26.5
32.88	31.08	30.24	33.05	26.17	28.07	30.43	33.38
26.75	29.47	22.36	33.33	26.71	25.66	33.5	28.68
28.1	23.11	30.17	27.09	32.19	27.22	26.84	27.45
25.09	27.56	31.82	27.42	32.97	30.15	26.37	30.32
30.16	30.19	26	28.89	29.97	30.26	27.36	27.39
32.31	32.36	38.85	28.65	31.4	34.11	34.93	34.46
24.02	34.68	33.56	27.31	28.98	30.29	27.09	29.79
31.03	31.02	33.38	24.84	30.4	34.98	30.1	31.1
28.23	22.86	28.95	25.8	29.82	28.1	20.41	21.56
28.06	28.4	24.54	29.21	25.89	32.49	26.3	32.2
36.7	36.07	30.28	38.38	32.84	39.35	36.02	35.66
37.36	33.87	34.3	31	30.28	31.43	30.22	37.58
19.6	20.16	20.08	24.5	22.56	23.19	24.43	23.42
26.71	28.12	25.45	28.15	27.97	28.19	28.94	22.33
29.2	28.37	30.42	34.53	29.51	29.74	34.28	31.92
32.71	34.33	33.5	28.28	33.04	27.5	27.54	26.1
33.36	23.5	31.12	29.8	29.34	28.3	27.35	29.11
35.86	31.07	31.45	28.42	27.36	28.09	30.65	25.94
34.44	41.17	41.18	32.61	33.54	37.73	31.98	32.6
24.75	25.02	25.44	29.29	28.57	27.52	33.97	32.18
29.65	27.57	30.84	36.56	33.29	28.82	28.11	28.62
27.97	25.94	25.45	36.48	25.45	26.32	28.83	28.7
25.18	31.21	20.99	31.52	26.96	28.15	27.04	22.97
29.86	25.99	29.88	28.4	28.79	32.67	30.97	27.8
31.63	34.47	31.99	30.33	33.31	32.17	28.39	25.67
20.68	23.5	22.01	25.27	22.15	24.32	27.4	22.28
26.64	27.84	30.6	31.47	26.44	28.64	23.13	31.32
29.57	29.36	28.51	31.19	27.83	26.73	27.93	30.63
27.18	33.51	31.22	32.82	38.35	27.66	30.74	35.18
21.98	25.41	26.49	23.2	23.38	21.13	25.42	21.19
29.57	26.92	33.22	28.84	30.36	32.57	29.57	25.88
28.48	32.66	29.9	26.67	27.6	27.42	30.35	27.9
31.08	35.18	33.69	35.71	33.85	34.68	31	41.75
25.61	31.13	27.94	30.52	28.64	31.78	31.21	28.95
43.42	29.62	44.29	32.5	47.46	32.94	43.51	40.75
28.51	28.16	24.05	34.9	27.51	28.09	30.39	34.85
33	31.08	25.94	29.27	29.45	32.7	30.17	28.01
35.35	38.02	33.67	40.27	30.6	33.92	33.94	32.43
39.81	32.88	34.53	32.27	30.65	30.82	32.41	36.59
35.34	33.66	33.96	38.25	30.5	38.67	35.89	35.26
23.77	31.95	28.29	33.53	30.88	28.87	30.47	32.84
29.06	22.27	28.91	27.18	31.4	28.46	28.29	27.23
24.2	20.89	22.01	30.26	22.77	23.78	20.56	22.41
31.83	28.52	32.47	33.84	28.64	27.67	30.22	33.95
29.11	27.08	28.47	27.53	33.69	29.97	31.84	28.2
34.34	35.42	34.83	31.82	38.58	37.87	31.16	33.47
27.22	26.57	32.07	30.71	31.23	30.8	29.53	25.92
27.84	25.36	34.34	30.25	27.3	27.1	28.24	24.07
32.01	36.31	38.78	40.61	30.9	35.12	31.28	32.53
27.76	30.79	32.4	24.66	30.28	23.36	23.58	25.83
38.18	32.48	32.45	28.51	34.1	26.95	30.76	30.51
32	28.58	31.52	31.52	37.44	31.99	29.66	32.16
34.89	30.04	35.1	35.64	34.08	26.42	29.45	34.53
23.48	24.57	25.56	26.02	25.72	26.74	24.53	27.04
25.47	25.65	28.6	24.96	24.89	25.31	27.51	26.25
31.58	25.94	28.53	33.24	29.9	31.09	30.64	21.18
30.48	34.24	31.17	32.03	30.02	37.59	39.36	34.71
35.59	34.72	36.24	30.83	30.5	29.98	29.95	30.46
35.43	25.73	31.55	31.86	32.08	25.58	31.64	29.76
28.95	32.58	33.25	22.78	26.06	25.22	26.76	27.04
23.48	24.41	30.13	22.02	26.87	27.6	29.44	28.58
33.55	34.86	30.96	33.33	35.54	29.06	37.13	36.15
25.34	28.64	30.8	28.88	33.59	28.43	25.48	29.95
27.97	24.13	30.63	27.42	28.07	28.65	29.83	29.4
29.21	29.72	37.01	27.2	24.43	26.84	33.24	31.27
30.17	31.02	33.97	31.04	26.18	32.71	31.06	35.76
34.49	33.4	35.18	28.61	34.65	26.46	33.9	35.03
27.96	27.48	29.09	32.35	29.14	25.26	31.24	27.82
26.14	33.24	26.11	28.69	31.3	26.19	28.43	25.95
24.15	31.39	30.03	26.62	31.26	33.82	29.46	33.53
28.28	29.63	30.34	30.1	39.2	30.72	35.85	33.95
24.03	27.52	26.76	27.72	29.64	26.66	31.77	31.19
37.53	31.3	29.55	36.52	31.71	34.25	28.44	32.89
27.31	31.96	25.49	28.76	29.91	33.93	31.13	29.02
27.36	32.11	33.65	28.86	37.82	29.69	30.26	27.59
25.72	26.48	27.98	27.82	23.49	24.86	23.19	23.56
29.95	31.15	26.78	30.81	32.51	28.3	26.92	34.23
24.82	28.21	21.62	26.72	25.24	26.17	29.56	26.81
27.84	29.74	35.59	34.01	38.98	35.09	35.08	31.92
28.34	33.15	28.91	31.13	33.23	31.23	32.35	29.83
36.51	32.05	31.65	30.72	29.15	28.08	31.2	33.47
28.47	29.53	28.29	27.52	26.01	26.61	29.7	25.68
25.3	28.65	25.16	25.59	28.52	24.84	27.29	24.46
22.72	22.93	26.46	23.84	25.05	22.25	23.25	23.92
24.79	24.72	27.66	21.81	25.48	23.24	28.74	24.23
34.61	35.9	31.7	31.29	28.84	32	31.94	33.74
27.43	26.65	24.24	26.98	25.36	26.25	25.22	28.02
28.17	24.35	24.98	29.72	31.51	25.01	28.28	26.92
26.25	23.67	29.07	29.65	24.69	27.48	27.19	25.96
29.09	31.21	31.58	32.64	28.81	32	34.47	26.87
26.95	28.57	28.26	31.84	30.06	29.45	31.46	23.12
28.52	27.09	28.01	31.21	31.17	27.81	27.31	31.79
31.45	32.54	31	31.17	29.16	25.61	31.44	30.93
29.58	25.46	26.65	29.04	25.07	25.96	23.91	28.11
36.26	35.46	38.42	31.75	38.55	39.55	40.2	31.43
25.25	28.07	30.56	31.5	26.51	25.31	25.96	27.3
25.5	25.87	27.92	28.71	27.27	23.37	24.89	26.16
27.53	33.9	29.75	28.18	30.64	26.02	30.19	31.89
29.9	32.01	34.18	26.95	28.29	27.53	32.44	28.18
33.51	25.82	23.7	28.31	34.81	29.5	22.71	26.67
27.43	32.94	31.68	28.6	27.14	26.71	25.66	30.87
36.49	31.49	35.47	31.81	44.03	46.26	33.34	37.27
28.81	35.22	35.54	26.14	28.33	27.6	27.02	26.03
31.03	30.5	30.45	32.7	30.44	28.01	34.79	26.37
28.15	30.85	27.59	32.5	28.48	24.67	29.05	25.11
31.76	27.46	25.37	22.33	26.02	23.56	24.54	25.97
29.88	23.55	26.63	30.52	29	29.39	31.94	28.47
21.98	30.1	23.14	28.85	29.01	27.75	24.94	27.94
26.76	31.44	28.72	27.69	28.1	28.14	28.64	26.91
28.4	29.22	26.31	28.74	30.67	34.22	27.91	28.14
31.1	32.87	30.27	24.69	28.52	26.6	27.31	27.57
26.97	24.73	24.86	29.88	26.98	32.47	22.21	26.1
