21.05	26.15	27.4	26.78	23.9	25.42	24.05	30.22
29.73	25.06	27.64	30.2	25.81	28.76	31.13	29.31
35.73	27.14	27.58	34.02	33.91	31.03	34.2	31.24
32.66	30.42	30.74	28.57	29.39	29.27	36.15	32.78
31.14	28.66	34.89	31.68	30.95	28.62	29.19	25.82
30.78	30.5	28.91	27.98	30.55	32.74	28.77	30.43
22.84	25.6	18.64	27.08	26.25	26.76	21.88	25.36
31.62	34.61	34.77	32.92	31.98	31.19	29.9	27.85
34.36	30.74	31.31	31.28	30.62	29.95	26.97	29.17
29.03	28.66	31.32	32.51	29.61	33.76	38.89	26.47
28.59	35.55	32.53	32.44	34.14	31.4	30.82	33.5
33.35	29.2	32.38	31.47	32.45	35.28	28.97	29.33
33.74	27.54	29.19	33.46	27.75	35.54	36.61	34.66
37.05	37.21	35.07	33.19	38.21	36.81	34.56	37.69
30.21	31.97	35.5	41.89	33	27.16	37.63	39.22
31.32	29.84	29.48	27.98	26.4	31.08	27.96	26.66
34.49	28.16	30.51	28.62	30.15	27.87	31.79	32.11
30.32	30.28	30.69	32.66	30.62	31.68	31.55	27.26
27.85	26.01	30.16	29.04	27.56	31.32	34.06	27.5
27.23	30.89	32.07	30.28	25.9	26.31	29.81	26.28
27.7	34.33	28.76	29.3	29.97	31.23	30.31	26.12
30.47	22.8	32.05	30.04	29.53	25.51	27.04	23.82
27.22	38.85	29.6	38.53	39.15	33.72	35.8	33.81
32.45	33.94	31.42	31.92	31.89	38.51	30.72	32.35
28.08	26.98	25.96	23.44	25.64	27.29	25.74	32.22
30.77	31.29	24.95	32.01	30.61	33.73	32.27	32.43
29.18	24.92	23.56	24.14	25.54	26	26.14	25.04
25.76	29.34	29.07	30.97	26	28.45	30.54	28.54
29.3	27.88	27.12	30.52	31.49	30.99	28.93	31.34
38.79	40.11	40.48	38.89	36.02	39.11	39.81	27.71
30.15	27.64	33.38	29.45	32.97	25.94	28.79	25.48
22.11	25.15	22.72	24.32	23.96	28.96	19.72	28.47
28.7	29.47	32.9	31.6	31.2	30.51	38	34.96
25.73	28.37	29.79	26.82	27.36	30.93	29.07	24.56
27.18	26.77	26.87	25.86	29.44	36	26.35	31.29
25.81	29.86	28.32	26.18	27.12	28.5	32.87	31.55
27.33	27.21	31.83	29.11	29.71	30.74	33.8	28.65
37.31	30.92	34.5	32.02	30.37	30.01	30.45	37.03
32.67	30.98	34.58	31.62	33.67	23.3	30.77	33.3
24.24	36.34	26.65	29.64	29.71	29.32	33.13	26.5
26.37	32.24	28.52	35.52	30.35	27.89	31.23	28.5
36.1	28.7	32.44	32.55	31.37	29.54	30.28	28.71
24.48	30.83	27.42	26.55	27.53	26.06	25.94	29.23
37.34	37.87	35.27	27.38	34.91	30.72	30.97	30.48
27.3	24.33	25.04	36.62	32.93	31.28	31.12	30.55
27.88	32.65	30.62	32.81	28.05	31.21	25.99	25.19
26.25	28.18	24.23	30.46	28.04	23.98	33.24	30.14
27.51	23.04	22.63	28.47	27.47	24.63	25.76	22.03
22.87	23.59	27.68	23.95	24.49	24.11	22.55	22.97
27.99	32.37	23.35	27.65	28.88	26.63	25.72	32.96
31.89	26.81	29.95	24.5	33.76	25.37	33.08	28.99
30.47	29.88	27.68	30.02	26.53	33.74	28.07	23.89
37.54	32.66	33.84	35.03	37.02	37.48	41.42	35.69
32	31.07	33.8	28	32.86	36.04	40.48	29.86
31.21	30.02	35.79	34.23	33.44	37.29	26.33	31.53
25.29	20.59	24.47	26.16	24.94	22.85	23.59	27.19
29.54	28.1	30.58	29.91	31.35	32.76	33.51	33.18
27.2	28.64	25.51	27.21	31.94	22.3	27.14	26.46
29.01	33.4	28.77	28.42	28.16	32.92	35.6	31.04
29.76	31.51	27.95	27.52	40.2	27.7	30.61	31.82
28.82	27.29	27.08	31.01	25.96	24.72	28.79	25.93
24.49	22.28	25.94	23.29	25.42	24.48	26.4	23.64
32.38	29.22	38.25	34.97	35.64	31.72	34.27	32.66
33.46	39.75	39.51	34.53	37.27	35.51	40.16	35.11
29.67	30.72	29.06	31.69	28.65	28.99	27.35	31.58
39.57	33.04	35.18	31.36	32.44	35.59	40.24	32.39
29.15	27.47	25.16	24.9	25.83	20.42	25.61	27.53
35.68	28.08	29.61	28	33.61	35.65	29.97	28.88
26.69	30.27	30.34	25.7	26.36	27.07	30.56	33.79
25.69	30.98	30.64	24.79	27.08	26.67	30.42	26.93
26.4	26.18	27.56	28.7	23.93	26.52	25.29	22.99
23.7	26.39	28.11	27.08	32.81	27.85	33.02	34.81
28.38	20.9	24.71	32.12	30.17	25.39	23.91	26.49
28.87	30.74	26.28	27.97	29.82	29.06	25.77	24.75
27.47	27.3	30.73	29.44	27.41	28.15	30.16	28.86
27.89	31.13	34.15	32.01	32.73	25.8	28.81	26.89
32.46	37.01	34.44	38.68	39.02	38.33	36.5	36.31
29.61	34.63	29.94	31.21	31.73	29.9	27.11	26.41
28.28	25.22	30.54	35.21	30.52	41.14	28.08	28.81
28.29	27.68	29.69	27.67	31.26	21.53	31.15	27.06
29.99	25.32	25.18	33.72	29.4	31.13	34.45	30.72
36.25	35.28	37.59	28.33	38.18	33.5	41.46	30.87
31.97	25.76	22.17	32.84	24.76	27.06	26.96	23.59
32.24	29.01	32.29	35.17	31.54	35.44	38.83	39.63
27.54	33.65	31.85	23.79	26.86	28.39	30.92	28.4
27.28	30.98	28.26	26.03	24.56	32.94	28.81	29.29
32.2	33.91	34.27	33.17	29.83	30.95	38.31	33.18
22.98	25.1	26.29	29.09	25.26	24.16	20.6	26.41
29.57	28.78	26.39	34.54	34.03	29.86	26.45	33.68
24.34	30.94	27.27	27.49	25.24	23.02	24.18	26.5
24.54	30.36	24.49	23.41	24.26	27.3	28.82	26.03
26.39	30.46	25.51	25.54	29.61	32.19	27.37	23.73
32.86	31.75	38.3	38.37	31.09	33.33	37.6	37.84
26.78	31.51	26.87	30.97	30.43	34.15	25.73	30.31
29.23	28.01	26.54	29.65	27.38	29.38	27.59	25.59
36.22	36.45	33.75	31.17	32.51	34.99	36.57	33.39
30.67	30.68	39.42	32.31	32.85	28.15	38.3	32.35
27.88	21.31	28.45	27.4	27.82	24.72	28.27	31.35
27.11	32.55	33.01	27.2	31.14	34.85	24.63	28.84
24.16	24.66	26.66	24.99	29.28	36.81	28.57	25.81
26.1	27.83	29.38	29.63	27.69	27.78	29.69	24.24
34.71	23.98	33.07	28.61	32.15	28.33	30.04	27.88
34.45	32.79	28.41	30.81	28.1	24.1	32.43	23.63
24.74	23.02	28.18	32.04	28.2	29.15	26.8	20.16
30.93	27.7	30.76	31.84	34.43	32.35	36.84	34.43
25.88	25.43	27.99	29.43	33.65	29.06	23.98	29.23
25.11	26.36	26.45	29.16	28.71	28.34	24.07	23.59
29.54	29.03	25.42	30.04	32.31	33.75	29.22	30.19
33.62	25.37	38.13	33.06	39.17	33.7	43.37	34.89
24.28	27.81	30.29	31.08	32.55	26.63	28.45	30.54
31.82	27	26.65	35.8	31.51	26.99	24.51	27.39
24.24	25.9	31.13	26.86	28.65	26.9	32.79	32.43
25.91	27.71	27.93	28.01	29.02	34.43	32.02	30.35
34.9	34.21	37.15	35.01	36.84	26.81	33.74	34.15
26.48	27.14	27.63	20.01	24.08	25.83	32.56	25.61
31.85	34.92	34.43	32.53	29.74	35.14	26.19	35.44
33.08	26.71	30.21	37.16	33.09	30.23	31.8	27.73
31.33	27.56	31.03	28.72	24.9	29.28	31.07	25.72
31.86	33.32	31.02	33.7	34.77	30.31	35.22	30.29
24.18	25.62	26.79	25.27	28.76	27.34	25.43	29.87
30.33	31.36	30.48	26.32	31.7	28.8	33.34	30.17
33.67	30.58	32.39	29.73	35.55	31.45	24.8	33.9
35.25	28.41	34.93	37.35	32.97	32.01	31.85	29.16
29.59	28.28	30.88	35.94	35.4	27.29	30.84	34.1
35.23	31.02	33.5	26.16	32.89	36.52	39.72	27.8
35.13	27.66	31.21	35.78	33.74	37.74	30.39	33.1
26.2	25.56	25.65	24.78	27.24	21.5	26.56	22.42
23.11	28.88	29.28	29.15	26.4	34.32	27.82	25.14
30.62	31.7	32.81	24.01	29.6	34.2	33.3	33.33
26.94	31.45	29.3	34.91	27.71	29.33	29.42	26.82
27.24	34	23.76	29.42	29.48	26.44	26.08	27.27
23.4	26.06	24.23	22.96	26.76	21.87	26.84	30.22
29.12	27.12	28.82	29.16	29.31	23.58	26.66	27.47
26.72	30.96	28.07	30.71	34.36	25.75	35.93	28.57
31.85	37.56	34.27	35.59	32.69	35.2	33.82	33.43
29.79	30.36	37.86	29.2	35.59	28.12	32.67	31.41
31.77	27.21	29.1	34.93	24.07	29.31	23.48	28.23
37.03	35.12	39.18	39.21	30.71	39.09	37.46	37.74
31.79	28.02	33.31	27.61	23.79	24.89	29.1	31.35
37.09	29.99	31.28	36.6	28.36	32.07	32.13	30.19
26.89	27.61	28.25	31.97	29.08	24.74	25.75	29.54
28.46	32.31	31.29	31.09	35.29	35.2	33.04	34.2
29.65	32.51	32.88	34.1	28.51	34.83	30.75	34.62
27.93	28.48	27.75	26.19	23.82	28.8	25.64	29.14
33.78	29.68	24.33	31.87	38.47	30.85	34.13	34.96
29.57	24.8	30.01	25.7	22.11	26.4	32.23	24.36
25.33	29.26	23.22	27.6	27	28	25.52	23.02
32.74	31.46	33.16	30.43	27.28	24.42	32.4	33.22
35.23	35.08	36.84	38.46	37.88	36.5	37.21	36.77
32.19	30.83	33.85	36.48	33.94	37.31	39.61	30.98
45.09	34.36	36.35	40.24	38.42	44.83	41.85	37.55
32.19	27.83	30.67	27.64	27.12	29.14	26.4	31.46
38.82	31.56	29.63	35.07	31.02	35.53	29.85	30.41
32.91	36.02	31.83	36.34	31.14	29.89	31.94	31.83
27.76	23.73	29.52	26.14	28.83	28.17	23.74	28.17
28.82	28.09	30.29	24.15	29.52	31.54	28.7	25.72
37.17	25.99	34.41	29.46	32.38	31.25	29.7	33.18
27.79	28.45	26.82	33.98	30.86	24.33	34.34	33.03
27.13	26.07	23.5	30.77	30.93	30.64	24.92	26.58
31.78	25.22	23.12	24.91	28.82	23.86	27.36	25.15
30.4	27.36	30.46	30.12	29.87	26.95	31.99	29.68
28.85	33.43	23.5	25.75	33.61	25.27	23.49	27.57
33.76	33.21	32.14	28.77	30.87	29.44	29.26	31.74
28.62	29.04	27.7	38.95	31.3	41.56	30.15	24.89
26.75	38.74	30.51	32.15	39.24	38	34.06	36.13
32.72	36.8	39.07	42.03	32.87	36.01	33.61	31.98
24.98	33.68	30.47	26.92	26.95	24.88	31.86	29.84
30.95	31.02	30.68	34.18	35.54	36.27	28.97	33.89
35.15	33.37	35.6	28.9	34	38.58	29.89	32.14
37.18	38.28	33.89	36.75	35.86	39.01	39.14	40.67
29.47	38.36	31.41	35.38	38.91	35.3	36.94	34.38
26.93	30.94	27.82	27.31	30.21	31.6	29.79	26
35.38	27.85	28.95	28.69	31.39	28.07	28.26	31.93
20.61	25.72	28.17	26.59	30.63	24.98	27.1	23.21
27.24	26.66	28.3	29.54	26.48	29.24	30.01	29.19
33.27	35.55	34.2	42.31	32.75	40.57	34.39	35.33
26.6	35.91	35.29	29.92	33.7	34.86	35.4	35.82
37.59	29.56	31.15	26.23	23.29	36.37	30.35	34.26
28.81	25.88	24.44	27.09	27.78	31.02	32.7	30.99
21.99	25.14	22.46	23.11	25.53	19.79	21.58	23.41
25.62	28.05	24.72	23.16	23	21.19	25.92	27.59
27.29	36.81	32.78	30.54	33.41	27.08	27.88	31.39
31.75	26.31	27.07	24.29	26.94	23.71	31.62	28.42
24.98	23.91	30.1	26.72	26.61	29.51	32.23	29.54
30.94	30.74	31.78	24.64	30.07	28.65	29.04	24.95
36.09	30.07	34.33	30.45	35.47	31.55	35.1	32.65
34.82	29.23	31.22	26.42	25.75	34.24	28.95	26.08
30.21	28.88	30.86	32.43	31.87	28.62	25.35	32.1
30.81	34.74	36.27	36.89	31.55	32.82	29.91	35.09
24.2	27.77	29.77	22.64	25.84	27.36	24.63	17.28
38.85	34.22	32.21	34.2	33.85	31.53	36.12	33.17
27.11	25.6	31.41	23.22	27.03	27.14	27.4	29.98
29.78	32.88	32.22	29.5	30.3	26.5	26.24	26.92
32.68	40.96	29.35	33.11	30.52	38.31	34.24	35.48
27.07	33	30.32	39.83	31.16	35.83	32.84	35.53
23.85	26.06	29.63	31.75	27.68	25.82	23.36	28.47
32.49	22.54	27.95	25.8	29.7	27.12	21.97	25.77
34.52	31.29	29.88	28.2	30.52	31.66	29.57	33.07
31.83	30.49	29.05	37.05	29.17	37.39	37.49	29.06
31.27	30.44	30.87	31.07	26.82	28.81	32.82	35.84
35.94	30.87	30.91	36.67	32.66	32.33	35.74	30.15
38.01	39.81	29.97	38.78	38.93	35.11	34.9	36.05
27.21	30.93	34.46	34.44	29.53	31.77	27.48	32.87
36.15	31.24	31.53	36.73	23.96	27.28	29.02	33.13
29.69	27.52	30.72	24.6	32.13	28.89	27.44	26.12
33.71	35.02	37.49	31.29	29.8	35.2	38.46	34.06
26.22	25.5	29.55	28.87	29.91	30.69	27.78	30.6
30.77	31.87	28.74	32.62	28.91	30.38	27.47	34.03
30.6	30.35	31.6	28.89	26.89	27.42	25.94	24.87
35.13	32.58	47.29	40.99	38.57	35.82	38.09	36.2
23.26	23.45	22.18	22.49	24.08	28.87	26.91	28.85
30.55	28.1	25.88	27	32.05	28.93	28.78	30.74
29.37	29.81	30.91	35.55	33.79	36.28	34.3	30.65
29	30.73	34.62	29.07	27.83	28.68	31.12	26.36
27.06	30.58	31.27	30.86	26.28	29.92	23.37	31.82
22.29	30.52	25.87	28.2	29.65	28.66	29.18	32.48
27.76	25.75	25.77	31.05	27.94	29.26	32.09	26.45
27.16	31.01	33.21	26.41	28.35	27.79	26.02	27.94
26.63	28.3	31.56	29.91	31.91	26.08	23.67	32.27
32.92	38.45	33.04	29.62	30.58	30.54	34.02	31.89
25.96	28.59	26.53	28.69	26.98	28.2	25.31	32.18
25.69	24.79	29.16	28.23	28.73	32.76	31.58	30.65
34.7	28.92	27.89	30.14	25.25	26.29	23.69	24.25
31.56	29.66	34.21	30.57	32.15	28.72	28.73	29.49
28.35	27.75	27.95	29.77	38.59	28.14	35.36	33.61
20.77	26.33	27.56	22.05	21.48	20.82	23.63	24.61
26.03	24.82	28.75	27.62	30.17	22.55	31.82	24.3
29.83	27.73	29.27	26.3	32.81	28.44	32.48	24.1
27.19	26.67	31.38	23.82	26.21	27.38	30.47	25.31
27.73	31.39	29.54	27.92	25.95	35.59	33.65	35.27
31.73	34.05	33.9	32.04	32.86	26.78	33.32	28.18
26.87	24.5	25.73	27.88	22.35	27.97	23.2	26.23
30.66	31.09	30.61	27.97	33.51	28.39	27.32	34.53
31.6	30.92	34.06	29.32	27.26	33.6	36.97	35.89
28.85	26.36	28.89	30.98	29.67	32.31	24.81	31.09
31.94	31.36	29.42	37.36	27.42	25.84	29.22	27.38
33.55	24.39	30.43	25.77	37.73	33.16	34.23	30.4
25.1	33.1	25.17	29.3	31.07	26.74	29.19	35.71
26.43	27.86	31.19	25.91	26.82	33.84	25.67	27.74
29.75	28.65	25.78	26.11	25.56	22.94	28.62	25.69
34.74	30.91	30.58	26.94	29.05	27.71	27.81	27.6
35.58	32.89	37.6	29.4	34.23	37.22	31.08	38.15
31.43	26.73	28.06	33.15	27.92	35.7	30.31	28.65
26.65	27.41	31.33	27.11	35.28	28.03	31.51	27.2
27.23	34.76	33.76	25.61	34.78	28.81	37.12	35.69
29.11	33.74	37.12	36.08	35.06	37.11	33.38	29.95
30.92	36.4	30.64	30.92	30.1	31.59	30.47	31.28
20.98	28.6	31.35	30.39	24.82	25.57	28.21	23.34
35.46	31.09	30.37	34.84	28.24	39.83	33.22	35.84
22.14	29.33	29.67	25.87	26.19	27.63	26.19	20.77
28.04	24.41	22.25	32.4	22.54	23.33	27.36	24.43
31.97	33.81	33.7	24.76	31.78	32.42	30.77	32.86
31	42.73	39.61	34.38	38.54	34.9	33.91	40.41
28.72	27.14	30.4	32.23	28.04	28.03	32.19	29.15
28.07	27.07	29.05	28.34	28.03	29.97	33.25	27.86
28.33	28.22	27.51	25.84	30.33	27.17	22.24	22.11
35.24	31.76	28.95	32.42	30.35	27.09	34.09	28.03
27.18	25.13	26.44	25.25	32.41	27.58	27.1	28.31
30.59	25.86	28.66	29.06	33.98	29.43	30.49	27.87
37.92	32.87	29.94	33.89	28.46	26.4	30.03	29.61
33.25	33.47	37.2	26.81	36.33	34.6	32.26	34.35
24.91	26.79	23.47	25.73	30.27	27.39	29.43	24.11
27.24	26.51	31.99	27.74	25.68	27.17	28.59	34.58
31.04	35.91	33.94	33.45	34.04	32.38	31.12	40.11
31.81	29.66	28	34.11	26.98	32.18	33.75	30.31
29.73	30.85	34.58	26	27.77	31.75	31.53	31.73
25.43	31.9	27.36	27.95	27.45	26.78	22.26	29.2
29.78	24.57	27.91	31.71	28.63	28.64	36.17	31.83
25.8	26.58	29.03	30.83	25.2	26.55	26.96	33.01
29.68	27.73	29.46	40.43	31.12	30.18	33.61	30.01
30.3	33.28	28.97	29.67	26.17	29.47	30.89	27.14
27.84	25.94	28.36	28.21	29.65	27.83	30.56	26.31
24.52	24.27	28.55	29.72	26.23	30.41	30.17	30.96
30.82	29.8	28.91	25.61	35.39	25.57	26.35	32.11
34.18	25.77	31.03	24.74	26.17	29.87	23.72	26.65
29.41	35.53	28.67	28.93	29.43	27.56	29.91	25.48
27.36	25.34	23.79	23.61	27.87	24.41	22.06	23.48
31.26	31.4	36.99	29.63	32.67	28.28	34.63	30.73
32.02	28.31	24.96	21.81	22.7	26.46	25.9	30.55
32.07	31.97	23.41	28.35	26.69	24.73	27.13	30.81
28.7	29.97	25.46	28.63	27.72	30.76	30.78	30.43
28.77	35.31	33.97	34.92	31.21	31.23	29.62	32.73
25.2	27.35	22.65	23.67	26.27	25.03	25.59	22.14
25.18	27.99	27.58	24.21	25.8	29.2	27.35	28.82
34.17	28.9	34.81	38.83	36.81	33.53	37.47	28.75
39.32	32.97	30.2	31.89	32.47	34.44	36.44	31.3
28.1	26.08	27.64	25.81	30.88	24.22	28.78	25.73
22.53	30.56	25.16	25.55	28.27	23.05	22.04	24.44
33.16	30.67	33.73	37.18	27.65	34.79	36.87	33.64
29.2	30.67	29.06	31.48	31.28	26.8	25.92	26.83
34.17	40.21	34.32	33.29	29.21	31.28	31.85	29.81
36.55	34.9	30.52	30.89	28.88	28.97	39.76	38.16
28.81	36.68	26.55	33.4	30.38	32.06	25.4	35.1
33.24	34.6	35.55	36.88	39.31	44.82	41.45	42.14
29.52	33.14	33.85	26.7	32.67	30.28	26.25	27.17
26.61	34.86	26.99	30.6	32.75	28.9	38.92	32.94
29.9	29.93	25.71	30.58	20.85	24.44	28.71	27.22
30.86	35.39	27.78	27.81	31.15	29.92	29.7	26.26
28.35	26.55	27.93	28.7	24.5	27.01	28.66	28.5
35.79	32.04	30.73	33.88	30.31	38.58	31.51	30.66
28.56	24.03	26.09	26.52	27.16	31.39	28.42	24.48
33.09	31.94	30.83	33.32	35.07	31.01	30.2	39.52
32.8	34.37	27.78	27.82	26.51	34.24	30.69	28.83
34.05	36.7	28.63	27.57	30.18	24.96	33.29	33.22
27.88	27.09	27	27.55	28.51	28.31	26.19	26.75
31.94	26.76	30.85	31.41	31.18	28.45	35.88	25.95
28.44	34.89	27.27	28.53	26.87	29.42	31.57	28.36
27.17	22.97	29.14	28.3	25.07	25.54	30.36	24.02
31.81	31.83	31.97	32.43	34.1	35.27	39.76	32.15
33.38	34.74	34.9	37.25	32	30.56	31.91	30.34
34.06	39.28	33.6	34.31	34.9	31.68	35.95	30.65
36.63	31.02	36.39	41.28	38.72	44.91	35.04	36.27
26.24	22.26	31.01	29.18	20.69	23.03	29.35	28.8
36.02	35.09	39.63	33.29	39.61	34.24	32.48	32.98
33.83	31.2	30.17	31.69	35.01	30.23	25.22	33.33
27.36	26.46	27.33	33.29	26.01	23.63	29.17	24.86
26.77	25.01	29.23	30.28	27.93	29.7	27.29	28.68
28.98	22.95	26.53	27.86	26.41	26.81	22.86	29.91
23.63	29.67	26.54	27.07	26.74	24.64	23.97	26.79
29.37	41.68	34.89	32.21	36.35	36.61	31.31	33.35
28.09	31.64	27.98	27.17	24.88	31	27	30.44
28.54	32.67	27.96	32.73	32.8	32.28	31.02	29.13
27.55	28.22	23.94	22.48	27.49	24.34	28.8	25.34
27.91	36.14	32.55	35.59	33.66	34.54	30.83	37.89
33.83	35.83	38.3	37.84	37.22	35.81	29.06	35.78
21.07	25.65	22.66	20.45	24.91	23.62	20.29	25.24
22.34	27.63	29.77	22.97	26.93	30.18	23.49	30.08
44.31	31.34	35.76	35.37	36.17	43.63	35.79	34.19
29.97	29.56	29.53	33.76	37.76	24.25	30.2	32.53
33.72	29.05	28.63	32.31	30.6	27.95	27.42	28.33
21.22	20.15	23.41	23.56	22.69	28.53	21.48	22.24
31.76	29.77	30.38	30.37	31.69	25.45	25.88	28.53
24.28	25.78	27.06	25.62	28.24	27.28	24.22	24.86
35.19	23.72	25.51	29.16	28.49	24.2	30.3	29.26
31.3	27.33	33.91	36.38	39.71	29.77	30.47	30.08
28.97	32.73	32.07	24.23	29.48	30.55	29.05	34.12
32.83	27.7	26.21	25.25	32.39	24.52	30.97	24.7
27.82	32.16	35.74	27.48	31.22	29.22	29.7	33.87
40.19	35.97	30.68	28.65	38.03	32.81	39.99	40.9
23.24	23.44	23.72	24.77	23.89	24.02	28.22	26.58
27.41	28.56	30.96	32.63	25.22	29.58	30.03	32.41
33.56	34.27	28.82	35.31	34.13	29.75	32.6	32.13
26.52	29.48	34.17	29	29.83	33.42	36.58	33.24
23.08	27.91	32.98	28.18	26.89	24.51	26.53	25.67
23.31	32.21	30.81	29.72	29.34	25.99	29.58	33.36
28.42	27.99	25.98	33.7	28.91	28.85	25.8	26.28
28.4	24.17	31.65	26.65	35.94	29.16	32.92	27.01
30.65	30.57	30.93	29.4	28.73	26.75	30.43	35.66
37.29	28.94	30.19	26.64	31.92	30.05	26.78	25.08
29.77	32.08	37.15	29.71	32.31	41.24	35.48	32.9
28.7	34.54	30.03	28.93	34.16	38.92	35.45	39.25
25.26	25.43	22.81	28.47	26.69	23.51	28.83	25.18
35.78	33.95	37.54	30.75	33.65	30.84	29.88	31.69
32.13	32.58	29.38	33.36	32.83	33.66	26.12	28.48
24.05	31.98	29.82	32.75	28.52	29.39	29.89	28.86
25.59	28.46	26.2	24.03	27.82	26.33	27.6	34.1
29.55	27.05	26.48	25.12	27.93	22.08	31.75	29.39
24.84	21.22	28.24	19.62	26.32	30.22	27.99	29.43
29.66	26.64	25.03	33.58	25.16	27.79	27.58	30.18
28.17	35.5	35.24	31.92	29.76	33.94	30.59	27.57
34.23	33.39	28.9	29.25	28.85	33.58	28.79	31.68
27.31	23.66	26.52	31.26	24.1	32.42	27.93	23.35
30.33	32.25	30.58	30.46	24.08	24.96	30.59	33.12
32.37	38.79	34.1	31.65	32.61	35.63	33.38	35.4
38.07	37.53	40.11	35.46	35.33	40.95	37.21	30.89
43.39	42.14	36.78	39.71	39.35	33.92	38.2	34.35
24.38	31.33	28.64	24.82	30.37	30.32	23.77	24.72
35.61	36.64	36.76	33.98	27.69	34.94	27.4	36.22
29.02	28.8	26.01	27.49	29.22	30.07	29.19	25.71
27.74	34.13	28.26	33.8	30.49	36.32	34.47	31.23
39.05	33.17	40.78	27.87	38.07	30.81	33.94	31.21
27.52	27.69	25.25	23.04	22.11	26.51	24.3	22.05
25.69	30.29	24.43	25.56	30.82	28.05	28.3	29.97
28.12	24.65	21.85	21.97	22.95	25.47	23.92	23.27
29.92	31.99	39.26	32.59	28.43	27.28	31.16	31.79
32.76	35.96	35.87	32.08	27.45	31.41	31.24	29.49
31.05	31.72	30.79	31.08	31.6	35.84	38.42	31.54
27.79	27.09	33.62	28.66	30.17	32.28	35.14	29.96
25.07	31.77	23.51	25.35	28.77	33.91	29.23	22.44
29.22	19.91	29.13	26.78	25.78	30.63	29.64	22.9
22.74	26.05	25.27	26.72	28.71	27.84	31.91	30.36
28.33	25.06	27.41	26.83	20.33	33.09	27.9	27.91
32.4	31.55	35.43	31.02	28.95	35.56	32.55	26.4
29.79	31.54	29.41	31.92	32.38	26.61	34.23	30.28
37.17	29.46	26.96	34.36	24.19	29.28	26.45	29.16
29.47	30.87	31.89	26.67	32.59	30.3	26.21	27.96
40.52	28.43	31.54	35.32	29.42	37.53	38.17	30.19
31.41	30.31	37.65	35.33	33.24	35.99	33.21	37.83
29.76	28.12	29.64	26.36	24.69	26.67	29.47	27.1
34.34	33.75	33.92	38.12	36.54	33.46	35.51	31.93
36.45	30.44	32.7	31.33	31.39	28.61	32.82	32.04
35.23	32.43	31.04	41.15	31.35	34.96	29.76	28.03
31.29	28.37	28.02	32.2	26.66	26	31.79	30.24
35.06	26.69	38.9	30.27	37.07	27.97	30.75	34.92
27.76	22.82	28.63	27.75	24.84	25.04	24.42	23.76
26.56	26.45	32.09	27.67	25.86	24.53	33.8	31.4
26.74	31.03	28.81	30.54	35.16	30.34	34.6	39.54
35.93	29.64	25.8	34.59	36.85	30.48	28.94	26.73
30.65	29.71	29.54	33.86	27.28	27.79	33.14	30.99
28.32	27.65	32.11	28.26	31.69	26.87	28.17	28.35
23.52	27.25	24.97	23.27	21.91	22.09	25.63	22.32
30.7	31.38	33.23	30.61	33.33	32.28	33	28.94
37.7	34.61	33.84	27.82	30.9	32.19	42.35	33.87
27.59	26.7	30.42	26.1	28.98	33.25	33.09	31.62
29.27	24.78	30.47	26.62	26.51	26.52	26.11	33.97
26.18	29.92	26.89	32.47	33.36	34.53	29.24	32.29
32.37	30.66	28.08	25.8	28.67	25.19	35.18	27.96
29.62	31.41	27.66	28.28	28.29	30.24	28.09	25.96
36.53	31.04	26.01	30.23	27.72	31.34	29.37	30.66
29.39	31.87	25.13	25.1	26.7	31.23	28.22	32.61
26.64	39.8	31.01	31.56	25.95	33.54	25.48	27.97
25.33	28.54	38.06	31.55	38.38	31.36	29.51	30.52
26.84	33.52	30.2	30.34	29.1	29.9	26.25	32.21
33.39	38.52	31.87	37.77	36.09	32.5	34.03	35.96
31.17	41.33	39.29	33.96	36.83	37.63	34.71	35.58
24.89	33.71	24.59	32.96	32.87	28.2	29.33	33.38
26.13	28.35	27.51	26.67	24.22	26.49	30.71	24.13
27.91	26.32	26.39	27.17	29.82	24.42	29.47	33.48
25.51	26.05	23.92	26.3	24.6	29.16	24.99	29.22
32.17	26.91	28.28	26.82	30.56	35.44	28.11	28.63
30.28	32.53	24.72	27.89	26.6	31.02	29.71	24.05
33.28	33.54	31.89	24.29	28	26.36	29.19	30.19
30.31	26.81	34.17	35.35	37.91	32.97	25.48	38.46
30.79	33.38	25.79	30.08	31.39	28.58	27.46	27.95
30.62	28.95	32.38	23.63	34.11	26.36	28.43	34.05
30.3	35.82	34.96	26.33	32.99	32.21	35.44	34.19
23.3	20.47	23.96	21.79	24.93	21.54	24.72	23.84
23.17	24.92	23.17	29.22	22.67	25.41	24.12	25.45
37.22	42.8	34.82	35.77	32.99	37.1	36.51	34.34
38.39	31.64	30.75	35.46	36.48	35.53	32.74	34.17
28.48	25.38	33.66	27.02	29.79	29.58	34.61	33.15
27.99	27.24	26.69	30.35	27.12	28.78	26.97	23.85
33.31	38.4	33.63	36.28	34.67	30.32	34.52	32.11
33.81	31.18	33.82	34.44	32.54	35.96	39.71	34.65
30.98	35.93	36.29	31.91	35.91	27.23	30.72	28.08
33.49	33.65	37.83	31.11	34.38	30.94	34.27	37.04
30.07	30.81	35.11	37.25	26.52	29.39	31.03	25.67
32.83	31.32	27.93	30.49	24.56	22.39	26.6	31.13
34.3	33.36	28.82	31.46	30.71	28.85	31.3	30.17
28.92	21.34	28.25	33.3	33.52	29.16	31.21	31.11
31.67	30.33	29.69	31.21	34.95	30.27	33.12	27.3
26.72	34.99	28.41	27.92	30.69	30.06	32.58	36.24
21.9	29.61	25.08	31.61	24.1	29.1	26.58	24.68
25.25	22.05	28.05	28.6	21.79	28.92	23.4	24.26
31.13	28.06	29.42	29.69	30.17	28.35	32.44	28.66
30.17	27.98	27.55	29.85	26.52	26.29	22.94	30.98
31.47	27.22	33.32	31.9	36.48	26.91	25.25	38.2
25.27	19.96	24.78	24.74	27.84	22.92	27.69	23.09
32.71	40.62	29.41	30.91	28.79	27.45	32.43	28.16
30.27	24.07	37.06	33.36	32.17	31.61	32.47	33.85
32.17	31.24	36.33	31	26.6	28.14	30.03	24.99
28.24	30.45	27.29	33.12	30.32	35.39	33.14	34.53
36.09	31.29	42.92	38.62	31.47	31.89	37.23	31.17
22.53	28.26	29.45	23.12	30.23	26.89	28.97	26.97
31.26	33.34	35.15	31.2	33.3	36.38	36.6	34.24
34.45	29.7	25.24	33.12	31.76	33.89	38.34	36.74
25.77	25.82	22.93	21.29	25.81	25.06	23.36	21.58
24.87	27.26	27.01	28.96	25.44	30.23	26.75	27.9
33.14	30.19	27.25	29.74	31.83	26.07	29.71	34.77
35.43	31.16	29.5	37.79	33.37	32.72	28.18	31.57
34.08	25.32	32.75	30.54	31.78	28.04	28.1	33.35
27.39	31.25	29.12	30.29	35.04	27.85	31.53	33.36
29.45	23.9	32.98	33.79	29.25	34.13	31.09	29.12
29.9	30.22	30.97	33.95	30.32	23.31	26.79	29.41
30.56	30.1	31.91	27.62	31.04	31.79	29.46	32.18
24.79	24.14	32.95	28.7	27.99	34.94	32.91	30.08
31.61	34.36	31.72	30.39	32.42	27.2	33.93	30.41
36.19	37.19	31.29	27.83	30.65	25.29	23.33	30.28
31.65	29.18	26.89	27.57	28.35	26.76	25.92	25.62
34.54	29.55	33.59	30.11	30.67	37.33	30.44	34.49
33.81	32.65	38.06	29.28	32.73	29.46	29.22	30.6
28.71	30.12	27.74	25.11	23.17	28.11	23.01	30.98
36.1	33.52	28.5	31.61	29.35	27.89	24.7	31.96
21.77	30.58	28.15	25.27	32.04	28.67	32.14	24.41
30.29	25.27	32.16	29.42	33.15	27.96	35.39	33.08
36.07	32.28	28.72	43.53	39.34	31.8	40.25	34.71
29.55	28.83	27.85	30.21	34.35	25.54	32.07	26.08
34.6	31.13	28.51	30.93	26.33	29.99	23.87	28.7
32.46	27.44	30.29	25.98	27.16	26.24	29.23	31.02
30.89	29.77	27.85	27.11	28.62	35.49	29.88	31.84
28.12	29.16	29.39	34.3	28.25	31.46	34.66	24.04
21.08	29.3	22.48	30.07	29.11	27.09	26.91	31.79
23.07	21.19	22.72	22.08	27.44	21.87	24.89	23.29
40.43	39.91	34.03	40.28	40.5	35.54	39.03	34.67
25.38	22.15	29.67	36.66	28.84	23.44	33.44	27.24
29.14	27.02	22.76	30.28	28.75	24.92	29.96	29.64
40.11	39.73	44.22	36.08	34.55	36.99	37.46	44.31
34.69	42.28	31.93	37.14	36.23	37.17	33.51	35.77
25.66	32.07	30.61	26.75	27.96	30.29	29.32	29.57
28.61	30.06	28.25	34.3	25.58	34.47	32.71	34.31
35.31	38.53	30.88	34.8	34.28	29.14	34.01	29.29
29.25	26.89	28.63	27.56	24.48	23.18	25.14	26.3
39.23	31.74	32.34	30.34	34.9	33.39	33.52	30.04
24.87	28.77	29.21	28.02	31.08	29.13	33.12	27.32
35.25	34.51	23.3	26.99	26.57	25.74	32.74	30.83
25.1	27.13	32.91	24.8	32.31	26.43	28.76	32.65
29.77	27.66	25.64	28.16	29.06	33.61	28.98	23.21
38.43	33.48	38.17	30.63	37.54	38.09	32.13	32.35
25.37	29.11	29.89	29.57	36.01	25.14	26.41	24.92
32.9	35.95	32.84	34.28	35.72	28.37	38.22	32.57
34.99	37.06	27.91	29.8	24.46	32.62	28.43	31.88
23.45	31	27.08	28.66	32.99	26.19	24.52	27.52
33.94	31.74	21.72	31.75	36.6	26.25	34.09	28.76
29	28.9	32.53	36.63	38.24	24.9	29.9	27.23
27.85	24.33	30.29	32.93	32.14	26.13	30.93	31.27
37.44	35.45	40.62	29.99	33.62	29.77	36.69	32.52
25.11	26.48	27.26	25.07	28.95	29.96	27.4	26.7
29.21	27.98	29.14	33.99	24.76	35.54	27.1	34.35
34.68	33.38	35.56	44.7	36.62	39.76	35.45	36.16
37.59	32.25	30.68	31.12	35.39	31.27	37.97	36.51
24.7	31.59	34.55	35.51	31.62	30.3	33.02	28.27
20.7	19.62	21.19	20.74	22.87	21.89	21.4	23.31
30.78	31.47	28.62	32.47	35.14	31.42	29.89	32.08
35.21	46.33	32.44	36.09	35.43	29.21	28.13	36.75
20.95	22.88	23.09	25.86	23.9	22.33	22.07	28.08
34.85	35.26	34.68	37.76	36.65	31.75	35.96	36.4
28.11	29.97	29.27	30.54	32.9	29.64	26.81	28.91
26.84	33.28	32.31	35.14	31.81	29.26	33.59	24.97
29.96	27.81	27.03	24.91	28.81	29.24	27.56	27.16
33.53	31.27	25.19	29.7	28.17	29.79	31.04	32.19
29.5	35.2	33.36	31.67	30.7	30.65	30.78	32.36
27.87	26.91	29.33	26.38	30.81	24.06	27.34	30.81
29.43	32.95	28.63	33.4	33.37	31.9	30.76	39.98
31.44	31.09	34.77	27.28	32.56	32.79	31.32	30.68
33.25	29.36	37.06	35.06	37.79	33.67	32	36.59
35.49	35.06	35.7	32.89	26.69	32.59	31.82	29.43
28.53	24.59	26.14	28.15	25.61	27.7	28.58	26.89
31.2	27.35	29.69	28.67	26.85	30.69	27.62	24.9
30.87	39	41.14	34.91	40.19	34.03	35.5	35.66
26.33	26.77	29.29	30.95	30.91	26.32	30.2	33.64
33.42	40.12	30.98	30	34.72	38.71	30.94	35.49
29.33	29.37	28.84	27.56	28.73	32.31	27.86	28.58
30.13	26.66	31.83	23.83	19.63	24.55	26.77	28.66
28.35	25.37	29.82	29.45	24.64	32.09	32.19	26.03
26.82	31.58	35.98	34.06	34.87	26.89	37.02	28.25
26.41	27.48	28.15	28.78	28	23.58	29.13	26.41
30.02	22.06	30.85	29.01	30.46	26.47	27.75	27.67
24.32	23.85	22.07	22.58	25.78	22.48	24.24	22.88
28.39	34.76	25.82	28.46	28.06	28.14	32.49	31.46
37.08	27.86	30.37	28.49	35.63	27.86	32.34	31.94
28.9	31.86	23.45	24.04	24.83	25.35	28.47	31.2
36.59	31.31	28.65	32.34	33.73	39.77	34.56	34.65
28.72	29.58	34.08	34.91	36.93	31.16	26.72	33.78
27.73	29.12	34.02	32.29	31.84	34.75	32.1	34.6
21.22	27.83	28.57	30.55	28.45	29.4	24.67	31.23
29.67	28.31	25.51	28.6	24.79	32.01	26.92	38.72
32.85	31	27.9	33.18	28.86	28.81	29.68	30.73
30.68	31.45	21.69	24.71	29.6	23.3	31.32	24.71
32.93	33.17	32.69	30.26	31.95	30.46	22.93	31.17
29.23	28.86	26.01	29.56	32	31.82	30.04	27.2
25.73	32.17	28.1	28.71	31.47	25.6	29.62	25.06
23.97	23.36	30.37	30.86	25.96	24.3	29.31	29.48
37.21	27.76	35.37	29.35	36.09	36.54	36.17	32.27
29.19	27.56	25.4	30.97	31.91	24.82	27.94	31.22
22.82	27.23	31.44	23.41	19.78	25.06	22.06	25.78
32.51	33.87	30.01	34.2	38.72	30.94	27.59	31.72
27.26	29.81	26.23	27.63	27.89	28.35	22.86	27.91
36.16	35.94	32.02	33.58	31.63	33.71	35.09	33.08
30.26	25.81	32.64	22.6	24.38	26.86	27.92	28.55
27.83	31.2	24.74	25.66	26.07	31.66	22.41	28.08
25.04	29.21	30.49	32.31	27.63	29.37	27.64	26.07
26.65	30.45	26.99	22.16	28.02	29.98	25.91	29.06
26.34	29.44	30.02	33.18	26.32	35.18	29.14	32.13
27.87	23.87	27.31	35.65	26.4	28.92	32.04	30.08
28.8	37.37	40.07	32.47	33.59	31.07	30.46	34.71
28.05	28.14	28.72	24.44	31.54	32.52	34.31	32.27
25.35	21.84	25.05	23.77	22.78	22.87	25.53	21.83
29.7	25.3	24.51	30.01	23.79	23.31	28.9	28.73
30.5	27.01	28.15	29.12	27.34	33.06	27.92	36.53
34.76	32.96	31.71	33.03	27.57	35.53	28.08	36.95
36.4	35.02	35.33	28.35	39.08	32.54	36.61	39.01
25.08	24.51	22.91	35.23	27.79	20.81	26.01	28.06
26.68	29.6	25.99	30.97	29.65	28.44	30.61	26.06
34	29.08	35.66	30.84	26.86	29.23	28.82	30.83
28.66	32.28	35.47	31.59	33.65	32.03	34.14	29.08
36.42	31.33	33.08	27.19	29.47	29.57	34.15	33.21
32.13	27.92	28.71	31.48	31.97	30.93	35.77	33.83
32.54	32.73	34.34	24.89	30.98	31.71	30.41	30.93
30.15	28.24	28.92	31.63	29.69	26.49	27.69	29.78
33.52	27.32	36.93	36.9	29.88	31.7	35.22	29.64
29.61	28.63	33.12	39.06	38.92	31.11	29.52	31.88
32.17	29.8	33.49	34.55	32.01	32.79	31.93	29.35
31.16	28.73	27.19	30.56	29.38	29.28	28.17	28.69
29.45	27.18	25.18	26.77	24.13	35.13	25.06	29.76
32.11	33.11	30.34	29.2	35.15	33.37	31.34	35.35
26.92	30.24	27.3	27.15	27.47	28.23	29.78	19.79
28.24	35.11	33.82	28.7	30.07	25.78	32.73	26.48
32.44	29.49	30.12	26.99	34.52	30.85	33.84	33.48
27.47	29.33	27.04	27.51	27.65	34.95	31.03	31.44
28.93	27.91	27.67	26.43	30.31	24.24	25.64	28.4
38.63	35.97	34.96	40.26	41.99	34.91	39.65	30.42
32.5	35.58	23.22	31.14	30.93	27.89	33.93	30.33
37.49	33.76	35.47	35.52	32.43	34.79	36.93	41.89
38.52	37.08	33.86	29.04	27.89	33.12	32.27	34.05
27.49	27.94	32.14	29.98	27.67	36.93	27.91	31.61
25.95	30.12	26.82	34.38	34.98	26.95	34.91	31.02
33.61	27.75	32.37	25.8	31.03	33.28	28.82	27.35
26.21	25.12	28.71	28.85	31.49	30.15	31.27	27.76
26.38	31.64	27.35	30.21	31.01	33.64	26.56	27.2
24.08	25.4	27.43	28.96	24.52	27.62	30.29	26.02
23.97	29.04	34.88	29.85	31.74	33.3	27.54	26.01
29.82	31.14	34.17	34.17	34.16	30.56	31.54	28.94
28.44	39.82	27.55	29.95	28.99	29.98	30.92	30.22
30.62	35.16	30.51	32.82	28.76	33.86	33.58	32.24
31.54	32.36	26.6	31.8	25.13	31.05	30.1	28.95
25.48	23.54	25.54	22.08	22.94	29.44	22.52	21.87
25.91	23.1	22.22	26.77	28.48	27.16	22.89	28.85
25.01	27.13	28.28	33.66	27.74	27.53	30.14	27.41
35.54	31.78	40.44	37.2	31.4	30.27	30.25	34.56
28.54	29.64	26.79	38.02	31.84	28.79	33.57	25.58
32.55	26.82	31.17	30.05	33.03	27.93	30.97	32.47
28.09	33.29	34.5	33.01	39.08	32.54	38.06	32.22
28.75	27.41	27.76	29.31	28.97	32.78	27.41	31.47
29.94	31.81	34.86	30.96	38.12	34.42	36.47	33.67
20.71	27.07	24.4	23.72	23.98	19.62	24.53	23.04
33.4	32.7	30.61	31.93	34.04	27.65	33.25	32.71
32.68	26.74	28.87	28.09	27.29	30.69	27.36	27.09
28.63	35.02	31.79	28.7	34.61	36.97	35.28	32.65
30.41	31.06	33.1	28.58	25.5	32.15	28.77	33.97
27.54	26.53	31.24	31.51	31.42	32.96	29.61	26.05
26.89	33.77	31.04	24.27	30.75	25.96	33.7	29.13
33.91	33.2	31.13	35.73	29.48	32.32	29.42	28.61
30.49	31.16	29.14	31.4	30.61	33.29	31.46	40.73
35.78	29.38	30.05	29.89	31.73	26.98	34.72	29.98
25.5	31.09	29.05	32.61	28.76	25.05	30.36	30.04
27.35	26.42	23.73	26.16	27.29	24.93	21.77	24.97
32.8	36.73	29.94	36.32	32.08	34.71	29.42	33.56
26.98	31.28	28.75	29.43	31.36	29.73	31.09	33.67
34.11	28.51	31.22	32.13	26.92	25.23	28.71	31.51
25.75	30.63	35.12	27.53	29.86	32.88	26.97	27.42
26.26	26.21	28.47	26.22	26.94	25.55	27.78	26.63
29.3	31.19	36.14	29.9	36.6	34.25	36.26	36.78
24.96	31.63	31.01	30.04	35.19	30.36	31.71	24.38
28.93	38.94	32.43	36.8	33.53	34.43	31.81	34.08
29.01	32.07	25.76	34.85	28.61	31.97	30.7	34.23
35.62	35.85	37.37	37.77	33.94	36.67	38.38	37.02
25.52	24.91	24.95	28.22	23.84	26.64	26.83	28.66
22.61	28.16	24.31	26.11	31.98	29.71	25.47	25.12
25.89	25.97	28.67	30.58	27.69	30.78	34.43	24.14
26.55	25.59	27.96	25.09	29.68	30.54	32.35	30.67
27.19	37.04	32.09	29.42	31.35	34.88	32.35	33.33
26.72	29.91	27.47	25.24	26.11	22.03	28.85	27.98
30.43	31.9	33.76	28.04	31.12	35.52	38.09	28.63
31.24	31.72	26.99	30.51	28.85	31.4	31.62	38.35
39.97	38.44	35.07	43.23	43.7	32.95	37.1	35.64
34.26	33.63	34.3	29.46	30.87	36.29	35.02	31.8
36.52	30.85	31.81	35.49	30.6	37.26	33.76	32.9
35.25	39.72	35.34	39.51	36.54	42.27	34.8	31.45
34.06	26.79	28.9	22.39	28.52	28.65	26.04	31.66
32.02	30.7	29.9	26.15	30.03	35.32	27.03	34.27
31.57	28.68	32.41	29.66	23.41	25.15	30.4	32.4
31.32	26.92	28.5	27.98	29.06	29.54	30.51	25.94
29.7	28.68	33.55	35.19	28.99	35.3	32.93	36.03
32.45	22.27	25.66	32.25	25.35	25.32	25.87	26.98
34.16	34.29	28.25	29.41	35.24	33.04	36.05	35.53
31.38	28.98	30.11	28.25	29.51	28.56	30.81	33.48
30.03	30.7	28.67	28.2	31.13	32.3	29.22	31.48
34.45	35.66	38.81	42	36.72	42.34	40.28	31.38
31.02	28.15	29.13	26.15	28.57	28.51	24.17	30.46
29.21	27.4	26.22	29.37	30.73	26.3	25.22	34.21
22.11	25.5	20.64	26.53	30.24	26.05	24.96	27.27
30.32	30.5	26.6	30.52	29.18	29.82	26.89	26.4
28.08	36.04	26.92	33.61	28.73	28.16	28.13	27.88
30.01	29.53	32.73	29.77	30.24	28.62	29.47	32.02
30.92	37.9	31	33.53	42.39	42.77	36.61	34.52
26.64	32.77	31.28	27.85	27.22	28.74	32.16	33.52
33.35	23.79	26.23	29.7	31.89	29.58	33.66	28.42
21.11	27.7	21.26	25.08	25.28	27.25	24.57	22.34
34.45	29.67	33.81	29.78	32.83	25.79	34.15	33.34
30.64	28.86	30.69	28.29	32.98	30.96	28.31	28.49
26.83	29.84	27.17	26.29	32.06	29.02	31.38	31.23
25.12	32.3	31.46	29.85	33.16	31.76	28.81	31.64
31.82	33.32	34.86	25.64	31.41	29.45	29.75	31.5
36.61	37.76	28.45	40.58	39.62	37.37	37.41	41.22
38.83	36.04	31.66	32.24	27.21	28.06	35.36	36.11
23.93	28.53	25.81	25.05	25.63	23.87	24.39	24.4
38.05	33.05	31.01	30.5	36.02	36.54	31.2	31.59
30.16	32.58	25.03	26.56	24.6	27.97	30.77	28.11
20.19	20.97	23.19	22.91	24.96	20.83	22.06	22.27
32.88	27.74	25.97	29.46	23.46	26.43	28.07	24
32.15	22.71	32.41	29.39	22.42	24.95	32.89	29.3
30.23	23.24	23.34	25.85	28.94	25.53	24.97	23.16
31.87	29.46	25.08	28.91	29.85	28.98	30.51	35.56
25.85	24.99	31.06	29.61	26.75	31.63	36.68	31.91
28.04	21.15	30.7	21.5	28.72	25.79	25.11	26.23
37.2	29.96	35.77	31.56	31.57	30.94	30.4	32.67
34.43	33.19	40.86	35.17	30.99	37.72	42.79	33.79
38.43	39.76	32.95	44.71	38.34	33.73	35.52	40.41
32.62	37.85	33.4	27.04	31.6	31.23	31.77	27.86
33.73	35.26	30.83	25.85	34.81	31.98	31.02	35.14
37.23	35.15	30.19	30.32	33.62	39.6	35.14	29.94
35.01	34.16	39.09	33.3	40.9	40.87	41.66	41.8
27	26.52	28.17	30.47	31	31.11	31.73	22.13
28.84	30.44	32.96	24.13	31.39	29.63	29.53	26.24
28.42	31.7	29.6	28.9	31.46	32.62	34.2	42.12
33.44	32.59	31.35	26.16	24.97	31.37	30.17	35.78
33.75	26.35	28.68	29.45	31.07	27.3	37.99	29.73
34.46	36.88	33.05	36.97	32.62	41.86	36.88	40.31
32.07	32.92	27.27	30.05	28.09	28.38	27.04	29.28
29.33	31.09	35.09	27.2	28.25	23.43	27.91	33.11
40.07	34.73	41.58	43.6	33.46	38.68	40.61	38.17
32.66	29.44	32.59	28.8	29.78	38.87	35.18	34.63
23.76	26.56	28.18	26.48	25.66	37.03	30.27	31.61
24.77	23.51	26.99	25.17	20.99	25.21	27.25	23.96
26.23	31.31	28.67	31.02	30.67	33.28	24.16	26.36
30.28	24.38	29.97	30.14	30.38	29.65	33.23	27.67
26.82	28.28	24.62	25.63	23.87	31.67	25.86	25.19
26.55	30.97	34.33	27.35	28.65	30.23	28.83	29.62
29.49	26.16	26.89	28.59	32.44	27.22	34.52	28.92
31.75	33.63	31.92	30.78	36.9	28.68	39.57	34.52
29.41	33.29	38.76	34.19	37.06	35.42	41.97	37.97
34.78	29.47	36.06	33.87	26.87	26.73	38.73	26.23
30.58	31.87	41.35	30.79	34.24	28.41	35.05	34.89
33.61	29.56	39.03	39.91	45.67	34.82	36.36	38.63
32.73	37.93	28.69	28.06	31.96	34.46	33.39	38.94
25.83	29.61	32.01	30.16	27.54	30.82	32.9	32.64
23.81	28.12	27.49	25.56	26.39	33.21	34.13	24.41
35.68	32.15	39.72	36.32	32.83	37.22	39.06	32.68
32.09	33.77	27.84	39.32	28.94	34.91	29.9	32.02
25.3	27.93	26.74	28.82	30.54	25.18	25.06	33.87
29.04	28.16	23.17	24.98	26.07	28.28	29.84	28.74
34.73	29.3	29.83	33.91	25.32	29.55	29.82	27.6
25.2	24.73	27.78	23.74	21.81	27.64	22.86	26.15
27.9	29.59	26.44	30.62	30.71	28.81	28.08	35
27.15	29.05	28.29	30.2	28.08	27.39	32.57	32.3
29.66	28.01	31.48	29.55	31.84	33.51	28.54	25.42
25.57	28.47	27	24.41	28.96	28.88	28.25	23.57
32.64	30.93	34.67	29.28	30.38	40.08	34.25	34.01
34.84	28.36	28.04	33.87	33.31	33.31	32.97	28.3
35.48	36.68	38.18	38.05	32.2	38.61	38.34	35.93
26.81	35.14	26.44	27.56	28.56	26.28	27.6	29.35
33.96	32.48	33.87	28	33.16	35.28	29.79	30.5
25.66	26.91	25.71	30.19	27.84	29.89	27.55	33.11
32.52	23.88	34.64	32.24	28.38	31.3	26.46	30.2
27	24.94	23.38	22.32	26.65	26.48	25.82	25.16
35.52	31.15	29.7	34.78	32.31	32.54	27.72	29.46
34.14	26.6	29.78	28.47	34	29.68	29.65	28.39
31.19	28.4	28.16	34.29	32.25	32.7	29.25	34.84
33.51	28.72	31.94	32	41.97	33.49	37.55	27.65
28.74	23.21	32.12	25.8	24.28	26.31	28.04	28.34
27.98	28.54	27.4	25.99	28.15	26.83	30.87	23.53
25.4	26.61	29.31	28.72	25.89	30.35	27.94	27.77
25.95	22.7	23.73	25.31	27.07	21.99	24.4	25.01
28.73	35.47	24.93	36.36	25.95	27.61	27.92	35.68
26.63	31.64	32.55	26.75	29.33	25.62	27.76	23.94
30.51	31.26	29.51	32.3	29.95	28.24	27.9	29.17
24.54	27.92	24.84	30.94	30.25	25.69	26.7	28.67
28.68	27.02	26.78	26.83	31.11	30.07	33.21	24.41
32.15	26.71	36.9	28.47	34.29	31.65	44.81	31.67
30.28	29.48	36.62	30.25	35.3	36.32	37.68	40.66
29.05	27.36	29.16	29.61	34.86	27.08	33.2	28.94
32.17	35.81	34.55	28.52	26.04	31.55	29.51	33.72
29.71	28.07	30.88	29.12	31.37	35.53	29.25	31.73
40.14	31.97	32.69	33.38	30.31	30.37	34.97	34.64
35.63	41.54	30.7	28.71	32.2	31.28	28.77	32.77
28.62	24.74	22.66	27.16	22.5	27.32	27.86	23.71
36.33	28.51	31.42	35.92	33.45	33.46	28.41	33.42
22.86	33.18	24.83	24.34	27.72	22.93	25.53	27.87
22.89	22.14	24.26	25.98	22.85	24.83	30.56	21.93
33.88	31.4	29.1	35.16	29.4	35.59	33.69	39.44
25.53	24.04	27.37	25.78	23.33	21.12	21.1	23.84
32.54	24.95	35.63	32.3	33.79	33.79	29.51	29.9
23.77	25.79	27.17	28.98	27.57	25.24	22.82	26.3
27.2	27.83	29	29.77	27.24	28.08	31.53	25.84
26.17	26.17	27.3	31.85	24.09	31.64	28.29	27.39
32.92	29.1	26.3	33.61	25.66	29.76	23.88	29.51
26.06	31.26	29.07	32.21	34.57	26.9	32.24	22.41
23.29	27.36	30.54	27.07	21.7	28.91	27.33	31.03
23.36	26.12	25.84	24.81	27.74	30.08	27.79	23.74
30.01	25.04	26.31	31.86	29.06	32.55	35.5	24.9
30.25	30.15	32.17	28.66	35.4	27.73	27.98	33.61
23.24	27.3	34.8	29.93	25.68	31.39	27.8	28.47
27.29	22.33	24.56	24.06	25.77	21.89	26.12	25.1
26.77	22.95	20.85	23.17	26.23	24.37	27.15	19.22
27.64	28.28	20.68	25.33	25.34	27.33	22.11	23.96
30.2	25.83	29.41	32.08	26.2	29.33	30.35	28.42
32.33	28.57	29.33	29.74	30.17	31.33	30.61	36.22
30.13	38.39	27.91	25.69	34.92	31.74	28.24	25.18
27.44	26.17	23.81	28	22.55	32.16	28.28	24.55
28.36	24.56	30.21	28.06	24.46	29.01	27.7	29.01
24.69	34.44	31.5	35.86	28.36	29.05	30.02	38.46
25.96	28.21	28.18	26.04	25.71	26.84	28.2	26.29
28.08	24.42	23.32	25.23	27.58	25.48	28.22	20.45
32.34	33.15	31.01	36.72	33.03	26.41	27.82	26.8
22.29	31.88	28.25	24.2	24.24	26.37	27.54	28.94
31.35	32.6	30.15	23.06	28.46	31.54	29.52	31.53
25.39	22.02	23.42	20.27	20.94	24.84	24.16	22.54
22.39	31.12	25.79	29.67	33.58	30.13	29.49	24.69
31.37	26.49	33.94	37.61	26.85	32.54	33.58	29.89
36.08	32.44	36.51	38.52	37.47	36.91	37.74	50.32
29.17	29.22	25.57	26.21	23.5	25.37	29.92	24.54
28.8	30.01	27.52	26.72	25.95	26.22	27.16	24.76
31.53	35.38	32.29	28.99	25.96	28.95	32.09	24.56
25.5	22.14	21.41	23.6	23.52	19.97	29.2	23.21
27.52	25.02	32.95	33.39	30.75	28.58	26.82	31.56
32.31	30.95	31	30.12	28.48	29.02	27.07	29.53
28.96	30.54	24.99	25.82	22.83	30.67	29.94	28.17
31.5	37.24	37.37	31.2	32.72	30.35	33.3	34.35
24.4	25.71	28.4	27.66	25.83	26.77	30.81	25.2
21.14	27.26	26.09	22.39	22.62	27.39	20.29	25.7
24.04	25.12	26.34	21.57	26.29	26.33	29.62	31.61
28.96	27.82	26.92	28.64	29.07	27.19	31.66	28.11
28.69	30.55	28.87	27.45	33.33	30.11	27.56	34.95
29.03	30.44	30.59	32.73	26.52	33.98	31.16	33.66
24.44	29.28	24.7	27.25	27.47	25.64	22.41	23.67
33.68	26.62	23.75	37.33	31.89	29.93	28.32	30.76
25.87	27.46	23.68	23.24	22.55	22.5	22.37	24.79
26.11	26.95	26.11	32.55	32.11	27.37	27.38	28.95
26.05	27.94	34.77	30.5	33.23	32.09	32.4	33.7
29.34	27.59	32.06	34.66	31.3	27.28	34.27	27.92
24.01	29.29	31.95	31.58	31.84	31.27	32.76	30.21
25.85	31.95	32.29	27.55	27.76	26.05	34.7	31.92
24.45	27.53	25.42	26.69	25.7	28.58	24.29	25.48
22.42	25.2	27.29	23.66	29.4	25.36	31.6	22.17
30.67	26.68	22.6	21.64	24.47	30.14	27.87	27.46
28.74	29.71	28.31	24.91	28.82	28.5	29.77	24.98
21.2	21.44	22.15	23.78	23.69	21.51	24.45	23.41
23.75	28.69	29.2	31.72	29.45	26.32	27.61	33.01
35.21	25.42	29.59	28.57	25.32	25.02	28.41	32.49
27.82	25.71	30.66	28.03	24.36	28.35	28.99	33.68
35.56	29.58	33.62	31.57	38.07	31.09	35	25.33
34.62	31.68	34.62	30.99	33.44	31.59	30.23	29.89
25.25	24.3	26.37	25.66	27.4	26.78	25.49	26
27.95	34.23	27.27	34.95	37.22	31.56	30.63	30.48
31.11	29.47	39.06	33.1	36.11	32.83	29.04	33.91
23.93	25.93	27.93	24.71	22.87	25.13	27.92	31.32
30.45	30.09	33	29.81	27.91	32.12	31.15	33.02
30.55	31.63	31.66	30.41	25.43	29.54	27.8	28.33
32.37	31.75	33.65	38.48	31.78	34.21	30.11	32.03
32.18	27.45	26.14	30.27	28.04	26.81	37.03	27.58
24.39	21.48	27.42	24.68	30.34	24.96	26.47	25.87
33.77	31.54	34.46	35.69	35.17	35.59	36.86	30.74
28.07	34.92	38.92	32.24	28.04	33.34	28.37	29.41
28.93	36.26	28.06	26.73	32.56	35.1	37.74	26.38
29.48	38.86	28.03	28.73	31.1	30.92	31.71	31.19
31.9	31.4	28.18	28.79	32	30.21	35.45	30.92
31.44	28.26	31.9	27.1	33.48	24.86	30.23	30.81
32.91	35.16	28.59	29.53	32.44	33.88	37.32	33.82
32.85	26.66	33.55	33.63	28.51	30.21	27.64	26.49
26.73	30.19	35.69	34.21	34.39	31.22	33.38	30.23
30.93	35.39	35.16	31.32	28.63	33.32	36.51	37.2
28.81	31.14	26.63	24.82	27.25	30.36	26.15	25.58
26.01	29.5	33.37	31.72	36.24	30.57	33.15	32.76
28.48	28.18	27.79	24.84	26.95	22.1	28.08	26.48
38.74	35.35	30.56	35.74	35.12	36.86	37.99	42.23
31.4	27.7	35.88	27.92	23.84	29.58	29.88	27.76
26.98	29.48	31.04	39	32.42	28.96	27.15	32.55
28.35	34.33	29.27	30.81	24.45	24.62	28.03	24.33
32.53	24.29	29.03	36.19	29.14	31.8	31.51	32.48
28.65	21.93	23.51	19.71	25.13	20.74	23.67	24.83
30.27	25.31	29.46	33.94	31.07	27.2	37.66	29.92
35.59	32.16	35.86	29.74	32.09	29.97	32.68	30.69
32.3	31.22	25.94	32.3	34.27	29.51	34.76	31.57
30.71	29.07	29.38	32.04	28.83	26.65	30.74	28.74
35.37	33.31	40.39	34.69	37.44	33.03	33.28	32.68
29.94	31	32.09	33.43	35.46	35.19	35.01	27.95
28.77	29.61	36.4	33.61	29.09	34.74	28.57	31.55
41.55	35.31	34.86	26.02	37.8	41.78	44.51	38.9
33.17	38.13	32.91	32.36	30.18	37.13	40.39	34.79
24.18	23.7	30.47	31.3	27.86	24.8	28.49	29.29
34.88	36.72	29.3	28.35	33.38	28.35	31.84	35.67
26.92	25.68	27.67	22.59	31.48	22.28	27.15	24.81
22.92	27.32	25.44	25.31	26.56	24.72	22.69	23.4
26.02	28.89	27.43	29.38	26.64	31.48	32.42	27.29
33.83	36.4	31.88	34.74	25.06	29.86	32.82	27.84
23.18	22.16	23	24.03	26.18	25.42	25.27	26.99
32.75	24.28	35.02	29.21	31.95	26.57	29.91	27.65
30.32	23.78	25.95	26.78	25.88	22.81	27.19	25.39
31.26	29.67	28.32	33.41	29.59	32.43	24.73	27.22
39.27	33.27	35.28	33.58	34.71	32.67	33.89	37.5
33.55	24.49	27.84	34.21	34.02	31.5	30.79	30.76
27.93	28.59	29.38	26.65	28.06	29.93	23.91	28.03
19.9	19.07	24.79	20.79	19.69	15.96	19.17	22.42
36.02	26.25	28.7	32.92	30.32	31.13	27.82	28.11
32.4	28.77	26.02	28.19	26.91	30.95	32.32	28.13
30.3	28.69	37.47	32.37	32.78	31.14	31.28	31.02
30.61	28.81	22.56	25.87	31.46	32.17	29.02	31.58
36.56	33.96	31.82	35.35	31.51	32.81	28.39	30.34
36.39	24.86	30.72	28.09	28.58	28.92	27.78	30.2
31.93	31.18	33.06	31.3	31.24	34.26	29.92	32.88
29.78	30.47	29.09	31.11	26.58	26.53	27.8	23.01
28.12	34.83	33.22	33.81	31.6	37.54	25.62	33.59
25.1	26.11	25.64	32.29	28.56	26.69	24.16	30.75
28.61	30.93	33.56	32.85	31.29	34.19	31.15	30.7
31.05	31.8	34.23	30.43	32.6	28.99	39.06	31.44
31.36	28.62	23.3	28.07	32.83	29.54	26.02	27.33
32.45	31.23	29.68	24.14	31.06	27.15	26.91	27.81
27.57	33.25	29.52	27.98	36.41	37	35.8	41.76
29	31.37	27.02	25.29	30.99	29.67	33.94	27.81
43.98	32.5	37.59	39.55	34.72	42.1	47.78	49.35
34.83	30.85	34.49	23.99	30.54	27.87	33.68	29.89
42.15	35.67	41.79	28.99	28.38	27.08	37.88	32.64
26.81	29.94	30.25	26.95	33.55	29.93	24.52	31.62
29.55	32.28	30.38	36.35	28.39	32.92	35.35	31.79
28.18	20.17	30.58	28.99	27.65	26.55	27.11	24.15
31.6	33.23	29.76	28.18	29.09	34.89	31.74	31.26
28.69	26.46	26.98	30.83	28.93	31.63	29.2	31.25
32.17	27.68	35.63	30.15	33.26	33.61	25.36	29.12
24.31	27.29	27.79	30.34	26.79	28.04	24.51	29.02
29.91	36.49	31.99	36.19	37	34.13	33.5	33.62
29.77	25.4	27.33	26.83	25.27	24.14	27.91	24.98
25	28.3	25.24	26.85	28.17	28.39	28.96	29.36
36.01	33.81	35.44	35.23	35.77	34.19	37	31.49
32.17	27.17	35.65	33.27	29.66	36.37	35.36	33.03
28.06	27.66	27.98	26.44	28.9	23.62	28.04	28.89
27.17	30.38	28.68	33.24	31.87	31.75	26.33	30
30.18	29.39	34.73	34.78	31.81	31.92	30.11	32.12
32.1	31.91	33.37	34.72	32.38	33.6	29.42	33.33
32.37	29.47	38.81	31.73	39.21	32.02	35.82	29.64
29.8	29.84	30.34	32.08	34.1	29.89	24.62	30.8
34.79	30.13	37.01	33.32	27.84	39.02	29.78	34.13
31.35	33.38	30.93	27.58	31.72	28.91	25.15	26.8
31.85	32	32.78	28.77	30.74	26.58	21.83	30.3
28.25	28.93	34.17	31.4	35.02	30.7	27.35	35.01
37.57	29.88	28.93	35.07	26.11	25.78	34.69	27.4
36.9	42.33	37.94	29.86	32.07	34.17	33.43	31.48
28.91	30.65	33.27	32.33	39.97	27.95	29.02	30.69
32.7	28.82	34.4	26.39	33.46	42.6	37.25	26.02
24.85	28.75	25.76	26.17	31.55	28.04	26.41	27.14
24.81	28.13	27.05	24.64	26.24	27.11	23.32	24.48
27.23	30.74	34.28	30.77	29.29	26.98	31.26	30.65
27.04	26	22.82	24.37	28.1	22.56	25.19	22.13
26.58	25.16	26.17	26.22	23.31	23	24.67	23.1
30.18	30.93	32.27	26.06	26.55	29.89	34.46	32.81
31.6	32.83	29.78	30.32	38.62	31.05	34.85	36.15
25.37	26.73	25.22	22.63	25.94	23.05	26.03	21.21
29.69	29.59	31.24	26.16	27.78	30.32	27.74	29.66
29.88	28.97	26.82	31.35	32.28	25.89	29.98	28.77
30.51	28.53	28.86	26.96	31.99	31.66	28.33	32.11
30.92	34.43	31.94	27.27	30.23	27.65	28.01	31.31
34.11	35.89	36.96	34.26	36.63	38.89	34.61	31.79
31.93	31.12	37.71	29.51	26.3	29.04	31.06	28.41
28.89	33.98	27.92	33.83	29.35	29.99	34.47	32.49
31.71	25.37	31.42	33.12	32.07	31.48	26.9	28.24
37.84	42.39	31.11	34.21	35.26	35.45	32.26	35.04
23.14	31.1	27.64	28.47	27.23	31.18	30.54	28.48
27.78	29.88	32.05	35.53	31.67	27.47	34.92	33.45
40	32.41	38.82	34.91	32.73	28.6	37.14	32.94
30.94	37.78	34	32.74	34.22	31.45	28.78	32.09
21.49	23.32	26.97	23.2	27.9	30.18	29.16	25.34
26.7	28.42	29.25	22.36	25.61	28.77	25.63	28.41
32.28	31.59	29.63	31.83	30.78	28.24	32.08	27.48
29.93	26.44	30.45	29	26.7	31.05	36.27	36.08
30.86	24.38	30.29	26.53	28.34	28.47	24.49	29.44
32.2	34.88	35.43	32.12	36.69	27.1	34.39	30.78
28.69	23.14	24.27	24.05	26.5	29.46	24.55	26.04
26.86	22.24	24.51	22.16	29.15	23.4	26.15	29.11
25.96	27.7	25.13	30.06	30.15	32.52	28.96	23.05
40.73	36.7	38.35	37.34	42.2	36.72	32	35.26
30.64	31.09	29.32	26.54	32.48	31.24	34.44	32.28
28.82	34.23	30.45	28.36	33.32	29.84	30.58	34.09
26.98	25.42	25.4	23.77	25.98	25.18	27.94	28.72
32.37	38.53	30.45	28.04	31.4	31.99	32.91	28.06
32.29	32.13	26.15	30.99	27.66	31.77	30.7	32.26
30.96	36.91	36.96	33.33	36.7	37.96	36.65	41.86
30.8	26.96	32.89	32.11	31.97	26.17	33	28.55
33.55	27.57	25.54	25.63	25.64	30.01	25.73	25.55
29.54	33.04	24.98	28.95	27.2	31.32	26.22	31.37
34.43	34.99	34.71	30.32	34.53	34.12	30.56	30.72
31.47	23.09	24.69	26.39	28.05	27.96	26.94	33.45
30.42	26.8	23.44	32.43	29.6	25.69	26.05	31.91
25.66	25.95	30.65	30.07	25.79	30.22	22.87	27.81
32.55	28.84	37.78	33.21	33.26	27.93	33.17	30.28
32.68	36.53	33.33	31.73	33.23	29.69	33.09	29.74
33.38	24.67	28.12	26.72	24.06	25.04	31.58	31.28
28.64	25.17	21.68	24.49	26.93	21.08	28.78	27.41
33.04	32.3	32.95	28.99	34.66	35.56	35.27	35.07
26.08	22.23	26.01	24.67	28.88	25.32	24.12	25.01
27.83	35.18	35.51	29.27	31.92	35.24	28.23	36.21
35.29	28.32	26.58	31.94	31.84	29.3	26.47	28.7
33.43	28.58	36.76	31.42	31.51	30.38	31.05	26.54
29.28	30.19	28.56	31.27	26.05	28.43	29.56	29.96
30.06	33.81	28.08	26.56	31.3	29.92	24.74	30.41
31.1	29.85	28.72	32.2	31.27	26.53	29.46	35.46
30.66	34.17	28.2	28.6	34	31.84	36.8	30.97
30.15	35.71	28.91	30.85	28.61	31.05	29.61	25.8
33.97	27.68	26.98	33.52	27.35	33.36	32.67	30.31
29.88	31.11	41.36	28.71	34.46	33.98	32.59	30.16
35.92	31.01	33.26	32.75	28.44	35.03	33.73	28.23
30.02	32.82	34.23	33.63	30.61	35.71	29.4	29.72
40.43	32.33	34.85	29.9	43.22	32.33	33.12	31.8
29.63	27.47	28.08	34.49	29.2	37.42	29.98	37.06
33.96	30.66	30.26	33.98	35.75	25.22	37.43	29.44
30.72	30.62	26.66	28.65	27.71	36.12	26.06	26.21
29.39	34.96	32.21	34.69	34.11	35.5	37.71	37.75
29.01	26.51	27.34	24.06	28.11	25.96	32.33	25.19
28.23	26.82	30.56	30.62	29.8	29.79	28.12	34.57
25.77	28.31	22.67	31.91	31.19	33.71	27.44	27.75
28.65	28.43	32.79	29.85	30.51	31.05	36	31.97
34.78	31.3	25.96	33.81	29.47	28.71	29.13	31.9
35.39	33.95	37.26	32.29	32.19	34.92	29.23	32.11
31.18	30.84	35.7	35.52	34.26	33.17	34.67	32.04
28.32	27.79	29.84	26.98	28.6	24.34	23.28	29.55
28.95	27.31	22.81	26.71	24.65	28.59	31.32	27.89
28.56	27.28	35.95	30.94	28.32	28.29	29.35	34.07
26.39	31.37	33.4	27.57	29.23	27.84	25.72	28.89
35.45	38.49	36.18	31.18	34.89	33.21	36.54	33.57
25.36	31.28	27.59	26.95	29.27	32.38	29.59	25.55
30.25	33.02	29	29.61	32.61	32.23	27.5	29.25
24.8	26.94	25.01	25.85	25.54	30.09	26.56	27.84
29.3	34.9	30.35	32.3	32.77	30.32	32.15	29.71
37.5	32.77	32.79	31.83	26.36	35.75	31.21	34.95
30.27	35.26	32.34	34.38	31.66	34.1	23.29	28.71
31.58	31.27	24.83	22.34	24.7	27.96	27.36	29.53
38.1	37.43	39.9	38.33	35.14	42.14	34.9	39.69
31.64	29.81	28.6	37.31	30	32.19	37.84	34.81
28.03	30.69	29.99	30.76	28.66	31.99	31.33	35.4
28.79	29.78	30.76	31.18	33.45	29.21	29.55	28.45
25.5	28.39	32.06	31.12	21.37	27.25	27.22	27.27
32.45	35.46	30.91	30.26	32.14	31.02	27.13	32.12
31.96	24.3	29	24.75	23.96	31.75	29.7	28
48.27	36.52	38.76	41.45	40.48	41.74	43.63	44.82
30.02	27.65	29.93	27.38	30.19	34.06	25.38	32
33.55	31.39	35.76	35.92	30.35	33.12	30.89	31.17
29.79	34	29.9	30.13	30.08	31.82	32.29	37.27
34.6	25.27	28.68	21.7	26.6	30.7	30.58	26.23
29.15	25.35	29.23	26.79	29.13	24.81	25.28	26.73
22.3	25.78	35.58	26.69	29.59	29	31.86	35.89
30.73	27.7	26.5	23.8	26.6	26.63	34.19	31.83
27.62	28.05	29.32	26.85	30.06	28.75	32.57	31.98
34.73	32.84	31.9	31.36	25.66	27.87	30.79	33.14
23.47	29.32	31.08	28.39	31.99	29.28	26.77	28.88
27.66	28.73	27.65	23.61	27.49	27.05	22.15	27.57
32.73	29.22	26.09	22.36	21.6	23.3	22.82	24.42
