36.53	29.98	30.12	28.36	33.88	30.71	31.22	33.94
26.78	23.74	28.58	34.92	33.11	30.31	35.01	32.48
27.44	19.98	27.68	25.91	25.73	26.47	34.36	26.72
34.58	36.63	27.31	27.83	31.97	28.8	28.19	29.11
34.13	31.74	37.62	33.52	29.16	34.08	33.48	32.2
26.52	34.73	28.53	28.02	30.71	29.05	31.42	25.73
26.2	27.58	25.18	24.84	22.81	28.91	31.03	22.23
31.31	25.44	25.28	28.63	29.72	28.83	26.05	28.26
29.48	25.43	25.58	23.77	31.34	27.62	27.56	25.02
30.78	28.39	29.76	23.54	27.08	31.73	26.72	28.08
28.62	27.64	28.01	24.94	21.07	29.05	28.22	26.16
26.93	26.43	27.78	32.63	28.28	29.37	29.85	29.69
32.68	32.21	38.15	30.51	34.71	32.88	29.51	32.98
30.48	35.36	28.2	28.52	31.31	33.87	36.11	31.78
23.63	24.97	27.63	30.55	25.37	25.61	28.05	23.03
31.47	33.55	34.24	29.94	32.16	28.86	35.37	32.88
30.39	27.51	25.6	34.28	25.16	29.66	27.9	28.96
33.81	28.26	28.68	34.08	26.53	26.07	29	35.09
33.54	28.62	28.71	30.2	31.81	24.72	24.62	32.14
34.31	33.98	30.02	37.2	34.09	29.83	32.19	37.99
25.03	25.31	26.54	24.74	24.96	29.28	25.86	33.74
31.98	25.32	32.72	24.84	26.03	29.57	32.05	25.38
22.84	25.64	25.39	30.68	20.13	26.03	25.97	27.41
20	26.56	22.95	20.37	22.35	21.49	23.59	23.26
26.36	30.43	28.99	26.11	24.88	32.11	28.36	22.7
34.47	32.84	30.73	34.9	35.44	35.34	36.07	29.69
29.09	27.65	23.24	31.08	29	29.52	24.13	30.91
38.01	36.65	39.24	35.34	35.54	36.48	37.4	40.98
32.38	24.52	33.2	29.02	27.02	23.8	28.63	31.95
27.14	27.85	29.67	28.87	32.71	37.88	33.47	25.01
28.38	28.8	27.56	31.23	27.1	25.09	27.29	32.97
36.15	30.07	28.58	36.57	28.39	25.47	35.1	32.57
34.8	30.39	30.32	26.85	28.07	28.62	24.7	29.87
24.51	26.57	20.88	27.37	23.25	23.84	22.44	22.18
23.93	31.1	31.9	33.11	27.52	28.87	29.99	30.86
27.9	27.49	36.05	24.26	26.91	32.81	28.23	26.84
27.14	28.87	28.23	23.82	26.3	30.32	28.61	27.18
29.27	27.11	31.6	28.01	31.43	27.64	25.67	23.82
27.94	29.84	26.57	33.52	28.87	24.77	38.19	31.2
31.14	30.01	28.6	35.07	31.73	28.69	34.12	30.14
24.27	29.51	31.66	25.67	26.25	28.47	31.01	31.2
31.87	24.43	29.93	21.36	25.23	25.51	25.61	27.43
27.34	27.92	28.47	25.91	28	26.36	31.21	29.98
29.77	34.58	27.42	35.25	32.14	41.14	29.13	29.8
38.84	34.47	36.93	30	34.38	34.32	34.2	40.77
35.31	33.33	37.48	29.53	34.27	31.45	29.43	33.91
33.57	31.91	30.4	28.03	36.51	33.46	33.88	32.44
26.79	32.35	36.56	35.63	31.39	42.1	27.48	36.25
26.62	30.26	30.62	24.07	28.81	28.94	25.92	31.36
36.57	33.25	31.59	32.24	28.11	32.42	28.14	31.97
26.79	30.63	26.91	29.19	25.53	34.78	33.17	29.76
32.61	25.07	33.98	27.63	25.67	32.47	29.55	24.99
33.09	35	30.23	30.86	30.26	31.07	32.78	33.67
30.98	38.29	34.69	30.43	40.7	38.26	35.86	37.02
38.45	38.19	36.05	32.35	37.56	31.2	35.56	41.52
33.43	27.21	25.95	28.47	32.92	27.92	25.52	30.02
23.74	29.33	26.22	22.05	26.93	24.3	28.21	27.92
30.02	34.83	26.67	36.49	29.17	33.31	27.45	33.35
30.16	24.81	33.78	27.23	34.03	31.37	30.9	34.8
23.79	26.51	22.73	27.34	24.88	28.32	28.41	28.06
32.42	24.55	25.46	24.49	30.58	25.56	25.25	26.6
31.17	28.53	26.19	25.4	29.88	25.47	24.46	26.73
27.02	29.98	25.53	30.86	28.21	28.48	26.69	20.59
30.12	37.37	41.36	30.93	34.91	32.49	33.95	31.81
33.6	34.24	35.39	35	32.86	33.91	33.6	31.59
22.6	27.88	27.67	24.98	19.77	25.08	23.93	28.17
31.83	26.27	29.77	32.01	36.53	26.26	30.29	31.69
27.22	24.54	29.03	28.98	31.63	28.7	30.38	25.37
27.49	25.16	27.71	24.27	26.66	20.85	27.22	25.06
31.91	31.86	29.38	36.82	28.08	33.28	35.88	31.96
32.32	28.02	37.28	29.68	29.13	32.88	32.49	28.51
33.57	31.93	26.59	28.11	30.45	27.5	25.81	31.2
39.97	27.43	32.51	29.14	33.95	34.91	28.6	31.7
33.45	35.02	31.49	37.02	31.32	29.89	36.39	34.54
23.08	25.09	23.46	21.22	23.71	20.15	20.61	24.3
32.67	23.36	29.27	32.31	25.95	25.29	30.35	28.87
30.85	30.58	26.89	29.71	29.7	31.73	33.69	30.02
25.23	26.32	24.48	25.41	31.64	27.47	20.1	25.18
23.14	27.06	25.43	24.02	25.04	25.71	24.52	23.71
29.94	27.48	25.77	34.02	28.45	37.22	28	28.6
37.28	38.6	33.04	40.16	35.15	37.28	34.75	38.93
35.55	28.12	34.73	33.2	31.17	38.11	30.45	37.15
26.43	27.76	30.96	30.12	27.68	26.77	31.74	23.35
28.76	27.65	32.16	35.88	31.68	31.8	35.63	31.31
32.01	31.36	33.04	33.96	33.42	26.21	28.78	31.59
29.71	33.4	27.88	32.94	32.79	30.89	29.87	28.49
23.76	28.81	27.62	20.09	26.24	27.48	25.13	19.34
22.33	25.36	21.33	22.75	26.43	24.05	19.32	25.62
29.17	31.19	29.07	25.83	30.58	25.53	32.94	29.95
37.2	34.57	30.16	29.48	26.6	40.71	36.93	36.64
26.73	27.21	28.64	31.29	35.97	29.98	25.59	26.54
28.96	33.26	30.48	33.91	31.53	28.89	32.41	36.19
30.04	29.54	30.89	27.9	25.58	27.95	37.09	31.3
25.29	27.37	25.28	28.99	25.83	26.77	26.03	26.19
21.13	25.97	18.53	26.13	23.13	22.11	27.47	22.23
36.67	34.16	28.12	32.19	35.72	32.19	33.71	39.83
26.92	27.15	29.04	26.9	24.44	26.54	26.25	26.59
25.9	30.84	34.82	30.45	31.99	31.48	30.86	28.11
31.7	27.96	32.97	34.15	33.01	32.47	23.83	34.13
38.19	34.64	35.46	40.02	35.78	36.82	37.59	42.74
26.15	27.18	26.51	26.56	29.15	27.94	26	34.49
35.61	30.42	36.27	36.65	28.18	33.67	32.05	30.59
32.92	36.65	26.01	31.93	31.39	27.54	36.7	37.7
30.94	26.52	34.2	29.58	27.55	29.87	34.43	26.13
38.15	32.67	26.49	32.53	31.56	38.76	36.86	32.59
31.84	30.21	28.77	35.2	33.68	37.82	33.47	33.25
27.84	29.07	32.74	28.68	27.84	26.65	26.28	27.81
30.86	36.51	28.88	31.29	33.38	34.22	35.8	36.84
29.98	31.87	32.78	40.17	33.67	25.52	42.82	37.56
33.15	34.64	35.03	34.98	33.47	29.3	41.94	34.55
37	37.53	42.34	30.25	29.33	31	28.37	34.62
27.31	25.18	29.42	29.35	27.32	25.4	27.03	31.98
29.09	28.6	31.26	25.27	30.68	33.05	30.97	27.86
25.2	27.53	31.45	26.37	27.77	28.08	30.9	31.08
31.54	31.97	28.32	31.82	27.99	28.32	28.14	31.58
35.15	23.35	28.75	28.5	30.28	25.47	31.73	28
34.79	34.91	41.94	34.18	35.75	32.92	36.84	35.3
28.29	28.58	26.58	28.86	28.18	30.28	28.95	28.76
27.23	33.98	34.33	27.26	34.62	26.96	31.84	26.13
22.29	19.57	29.59	24.6	23.67	20.55	25.3	23.05
21	25.72	27.59	23.02	32.19	27.86	26.32	27.45
38.89	34.2	38.2	30.01	35.27	38.76	35.04	31
35.42	34.74	36.23	38.2	38.14	39.05	30.07	30.28
26.81	32.4	28.27	27.03	30.09	25.48	29.83	30.83
29.2	27.18	25.16	34.29	24.57	33.08	27.27	26.14
25.89	27.69	30.73	24.42	27.88	26.04	26.85	27.31
31.16	25.09	29.39	28.65	33.81	32.63	29.62	33.23
27.23	27.97	23.61	29.03	26.5	26.93	27.09	27.84
24.59	27.08	21.68	26.26	23.13	24.81	29.14	24.82
33.25	28.96	28.65	35.17	31.93	33.28	20.71	32.14
38.62	36.94	34.55	33.53	35.45	29.15	37.31	28.14
31.8	28.75	32.61	34.12	28.53	28.71	27.2	30.06
31.67	35.21	33.25	39.82	33.75	33.13	27.91	31.08
37.48	35.76	30.96	34.3	31.71	29.75	28.54	29.26
26.97	30.7	25.88	29.99	32.25	27.22	20.49	27.43
24.71	24.08	28.98	24.09	25.47	21.43	25.66	29.14
27.03	25.51	26.02	23.88	28.57	25.31	23.25	17.69
30.91	30.19	28.82	32.89	29.11	33.85	22.45	32.81
35.45	33.36	28.74	32.03	33.2	29.41	28.13	34.86
34.84	34.47	29.45	25.75	28.89	30.41	33.08	28.93
41.02	33.01	31.9	38.64	37.14	31.85	32.71	40.88
32.43	34.64	33.13	28.82	31.43	29.84	36	31.16
28.11	25.75	35.62	32.39	28.95	30.02	28.09	26.09
34.18	29.21	23.18	34.06	28.91	27.05	25.53	31.3
26.87	28	29.61	27.08	23.3	27.53	27.26	31.2
31.24	31.68	33.36	32.01	27.98	31.34	33.29	27.19
32.07	26.12	21.78	25.16	26.2	26.24	31.82	26.55
29.13	35.13	31.92	31.03	30.66	25.39	31.71	30.42
30.09	28.26	30.92	30.78	28.73	32.36	28.27	33.16
34.99	33.24	34.72	34.28	30.27	32.4	30.4	30.52
36.31	27.45	34.02	41.17	33.53	36.13	34.73	38.82
31.73	25.97	32.36	24.92	28.04	26.81	31.93	27.99
34.8	25.12	28.06	23.83	32.88	24.85	35.43	26.06
36.26	38.47	40.08	34.7	38.12	29.87	31.86	34.5
26.97	25.71	25.46	27.82	26.46	24.96	28.15	28.84
29.29	25.09	20.78	24.4	26.49	27.87	32.03	22.51
28.21	26.89	26.02	25.52	33.26	29.3	32.29	24.46
32.41	37.42	33.08	34.42	36.83	31.9	29.61	31.65
24.94	27.83	29.72	30.28	24.92	30.55	26.82	22.54
30.02	25.62	31.67	36.72	35.2	32.96	32.35	29.11
24.89	29.9	27.21	30	28.39	27.12	26.6	28.76
19.95	22	21.53	23.32	20.68	21.4	20.16	17.77
29.62	23.14	25.71	26.05	25.63	24.36	26.39	22.54
40.27	35.52	33.06	42.08	27.69	34.18	29.74	39.26
26.88	31.32	25.99	26.95	27.29	20.9	28.35	29.7
31.15	33.21	38.23	39.64	30.22	29.3	28.67	31.65
29.1	21.41	25.28	22.33	25.52	26.97	21.99	20.92
24.99	28.06	30.6	25.66	26.53	29.84	26.89	29.83
25.96	23.86	30.63	29.16	24.38	28.68	32.67	26.32
25.51	24.75	25.97	25.67	28.41	30.68	26.82	25.97
24.24	33.18	35.79	35.25	33.15	35.86	26.56	37.96
29.12	30.06	32.05	29.59	30.51	29.77	37.77	34.18
40.56	35.74	36.07	36.19	28.29	27.98	30.3	32.25
29.33	28.93	27.67	31.63	29.17	29.95	27.94	33.43
24.58	21.03	27.65	25.72	24.85	23.58	28.34	32.12
34.34	34.31	33.52	31.47	27.93	28.15	24.28	30.73
33.63	25.39	26.1	28.33	25.21	28.34	27.47	25.79
33.52	33.65	38.76	31.86	34.93	33.02	37.31	30.64
29.82	31.41	36.39	31.67	31.6	34.31	33.23	31.06
34.9	31.05	29.16	26.53	30.79	35.9	37.04	32.62
29.98	28.46	31.11	32.45	38.98	32.91	31.27	31.21
27.83	30.25	31.03	32.78	28.91	31.55	31.11	30.95
23.44	26.22	33.13	24.45	32.73	23.88	29.56	28.22
31.1	26.77	30.59	35.67	28.13	33.02	26.57	28.78
26.89	32	29.9	35.64	29.34	29.8	29.09	25.35
33.52	33.35	33.28	26.74	31.72	33.91	28.71	32.85
27.65	30.28	28.93	25.47	25.86	28.16	31.67	29.46
34.08	28.77	38.62	27.79	28.14	33.2	32.55	32.95
35.46	39.31	27.96	37.31	38.42	35.49	36.78	41.07
31.6	30.96	25.77	28.19	29.41	28.23	32.96	30.87
36.64	29.76	31.98	34.67	28.6	30.02	34.8	32.24
27.46	29.88	30.21	30.8	36.68	30.13	32.46	30.2
29.95	29.04	27.18	25.66	27.72	27.64	27.61	29.31
33.02	32.43	26.47	33.45	31.18	29.29	32.5	28.09
26.88	25.81	26.64	34.2	36.94	29.9	27.12	27.41
26.3	30.35	31.06	31.36	30.4	29.34	32.45	28.37
27.46	30.65	24.79	33.56	31.06	26.14	26.78	27.55
28.6	39.53	38.86	37.26	38.26	29.24	39.28	33.71
31.68	31.57	33.88	41.67	34.76	39.74	31.74	36.54
34.59	35.05	31.7	31.04	35.4	36.55	29.09	31.99
27.77	29.06	28.56	29.73	30.61	33.58	26.03	29.29
35.28	33.32	34.5	30.83	31.14	33.69	36.73	34.77
30.71	29.49	38.38	37.29	26.38	36.11	32.21	29.67
27.86	28	22.91	31.77	27.82	27.37	30.31	24.2
33.38	35.92	29.8	35.75	37.56	33.08	47.29	36.57
23.98	23.95	21.77	27.45	22.58	22.37	26.1	23.8
29.06	32.53	30.31	28.92	34.95	31.82	33.64	31.87
31.91	25.31	35.2	23.32	28.89	28.21	28.21	27.95
35.07	34.99	33.05	35.35	31.63	33.51	29.49	31.9
22.39	29.84	27.8	27.75	26.69	26.45	27.85	28.75
32.26	27.09	30.11	26.86	32.67	27.82	29.34	26.3
29.56	32.51	31.31	29.72	27.01	33.78	34.85	25.65
26.01	27.58	33.63	29.43	27.45	26.65	27.02	26.3
34.77	33.75	27.52	29.71	28.85	34.2	28.38	26.25
29.24	31.09	27.96	26.32	27.69	29.28	33.38	29.79
22.67	27.28	27.11	24.23	23.83	25.99	25	25.08
34.62	33.5	31.83	35.53	35.98	31.68	38.99	37.86
26.64	29.91	24.77	27.51	28.6	30.73	30.34	30.1
25.8	22.63	27.17	23.92	25.77	23.46	23.93	29.18
26.23	24.96	26.47	28.2	27.14	27.8	36.93	24.41
24.74	26.19	29.52	28.69	22.99	25.35	29.82	23.13
31.98	34.36	32.61	38.6	37.02	33.9	40.12	44.12
35.37	31.33	29.36	33.57	30.84	36.45	33.71	32.71
32.53	29.39	31.77	34.49	24.99	28.68	32.11	29.9
29.97	29.38	33.25	36.33	30.28	27.22	28.84	29.1
29.49	30.03	31.08	34.31	23.62	32.21	30.56	29.38
31.06	32.6	26.86	27.47	27.08	30.82	26.34	25.4
34.56	26.75	33.67	29.69	32.28	32.23	30.07	28.44
31.59	33.35	30.74	32.93	29.95	29.07	35.7	28.03
25.92	23.54	25.45	25.82	21.05	25.4	22.02	25.54
42	36.79	47.57	42.68	39.2	38.74	39.8	44.78
26.64	33.06	30.3	28.6	27.44	29.85	39.55	32.92
29.61	28.25	27.5	25.99	28.27	24.99	25.96	30.45
44.24	33.91	32.28	44.15	29.19	30.55	41.62	34.43
36.84	31.83	32.25	28.04	32.85	30.09	32.36	29.73
29.92	30.51	28.13	35.3	32.97	28.83	26.54	31.81
30.58	29.77	32.66	28.3	27.7	31.26	32.31	28
38.09	40.49	31.14	29.47	30.47	34.28	31.48	35.67
27.89	26.76	24.4	27.97	26.17	23.24	26.06	24.46
27.77	31.44	32.74	28.77	25.45	29.39	33.43	26.89
25.91	23.76	21.72	27.04	25.57	20.77	24.43	23.3
28.2	33.82	32.76	30.09	36.89	35.45	33.09	34.32
30.42	27.15	27.51	31.03	27.7	29.25	28.54	33.62
25.53	27.54	26.32	26.68	24.6	26.61	25.85	25.71
29.32	28.26	32.92	35.3	28.93	28.02	31.03	26.97
33.6	26.2	27.33	29.18	28.71	26.8	28.39	27.05
23.24	29.08	23.2	25.58	28.25	30.65	26.95	28.81
34.88	25.97	32.02	28.05	30.36	35.49	30.14	25.64
28.02	28.21	26.29	32.14	30.02	28.65	26.79	27.69
34.32	31.34	31.9	32.32	30.93	31.01	30.48	32.48
26.39	24.44	22.46	28.49	22.88	29.21	25.38	26.13
28.36	28.42	32.74	31.37	30.26	33.84	26.48	32.13
23.99	22.02	20.45	23.4	22.61	24.22	19.83	21.04
26.21	28.25	29.93	28.32	23.41	26.62	27.18	22.92
32.49	32.19	32.78	31.05	33.73	31.68	31.75	35.28
30.92	31.3	31.19	24.81	30.88	25.15	29.14	26.31
31.34	30.05	28.09	28.13	26.42	28.57	27.48	22.97
30.31	25.8	23.46	23.29	28.26	23.52	30.1	27.05
28.58	23.64	32.08	26.24	28.07	30.43	26.67	28.74
24.29	25.68	26.99	27.5	26.21	25.92	27.82	23.46
23.76	27.89	27.44	30.55	28.62	27.75	33.47	28.28
31.37	31.74	30.54	30.57	36.2	29.2	32.62	29.63
28.67	35.28	28.35	27.09	30.69	29.9	24.81	30.69
25.82	33.75	34.33	33.37	26.75	28.9	32.29	32.08
33.32	34.76	32.58	33.05	27.61	31.89	33.84	32.46
29.97	28.62	28.98	24.55	30.88	28.06	26.89	30.42
28.46	29.91	30.6	31.9	25.09	26.1	31.53	30.32
28.77	28.21	27.88	32.91	27.12	29.08	32.5	30.52
26.4	29.81	30.77	28.22	33.78	28.92	32.74	33.52
33.24	26.2	22.8	28.64	24.55	34.94	29.8	24.51
28.98	24.66	26.79	21.83	29.23	24.31	20.19	27.33
32.25	32.44	28.32	31.26	33.84	34.2	32.36	33.68
25.73	36.31	28.28	29.74	25.32	30.72	27.93	37.75
28.65	33.05	30.4	26	28.06	30.66	30.49	36.1
25.92	19.62	24.07	20.64	26.19	24.4	22.61	26.17
39.69	37.26	32.53	30.33	37.5	32.06	35.58	32.51
31.95	36.04	31.95	31.18	33.41	32.76	34.92	33.63
34.03	33.86	28.08	34.76	33.16	32.29	30.9	34
29.4	34.29	34.09	36.75	31.08	28.95	36.1	32.44
32.36	26.59	28.36	31.38	24.03	26.91	30.92	25.63
33.3	26.94	33.53	31.97	29.49	25.01	24.39	27.76
36.94	28.22	41.05	33.06	35.39	29.39	32.52	42.28
34.9	24.42	23.42	23.36	27.54	30.69	26.83	30.64
29.01	28.02	31.44	26.94	31.1	28.85	33.9	30.21
27.73	29.83	29.97	25.6	26.54	26.47	28.84	25.77
38.12	31.74	37.29	37.91	37.16	33.77	36.95	32.03
21.27	24.8	28.89	26.47	31.27	25.88	30.89	27.07
36.97	29.85	25.64	29.25	28.3	41.2	30.86	28.86
28.23	30.94	27.16	35.4	30.46	28.92	28.14	28.99
35.96	38.21	31.98	35.43	28.56	34.13	29.25	27.07
22.45	26.84	24.34	29.37	35.87	25.88	21.46	24.51
28.5	28.54	30.42	30.43	28.45	25.37	29.65	28.79
22.47	23.35	25.67	25.51	26.19	28.72	25.97	28.42
24.3	31.33	28.09	27.08	30.31	28.73	29.22	32.9
30.88	26.92	31.56	31.19	30.22	33.04	28.64	33.3
29	30.58	33.39	32.54	32.07	27.25	29.95	27.93
25.03	26.71	25.63	28.63	27.48	21.82	28.37	29.22
32.78	26.55	27.62	24.85	30.34	25.73	27.43	30.95
31.29	30.46	27.24	27.89	32.27	30.51	30.52	31.45
29.67	30.69	30.12	28.38	30.15	30.14	36.51	30.6
25.24	25.8	26.09	26.97	29.25	22.42	29.15	24.44
31.26	31.34	29.46	34.32	34.22	33.16	34.15	29.68
33.95	30.29	40.03	30.08	36.52	30.84	34.05	31.12
26.51	26.58	36.65	28.21	26.92	26.4	34.65	29.9
27.29	28.36	25.82	25.98	27.1	26.36	21.78	26.06
24.3	25.31	27.6	22.24	32.08	31.02	31.08	27.15
33.54	34.74	24.29	31.16	26.32	31.13	26.12	26.1
29.24	36.73	28.66	30.33	30.96	32.95	28.84	27.72
35.6	32.1	35.88	40.42	35.49	32.12	36.72	34.83
29.93	28.74	33	37.25	28.54	26.6	24.32	29.64
29.59	33.71	33.2	28.1	30.14	26.8	28.13	33.23
29.55	34.97	35.68	36.28	25.76	33.09	26.04	26.29
24.19	26.12	22.91	25.27	29.81	23.95	24.56	26.78
27.77	26.6	26.92	33.05	24.06	29.08	31.41	30.57
35.01	32.55	28.51	34.33	34.19	35.09	31.71	34.11
39.22	29.45	32.03	31.58	30.71	29.26	32.74	29.86
28.5	32.88	24.79	35.19	33.01	28.13	30.76	26.53
32.43	30.09	36.16	34.95	40.36	36.54	31.48	33.18
25.31	30.39	30.46	24.71	25.78	24.55	28.73	24.6
32.22	31.12	29.14	27.36	29.93	32.6	28.03	30.68
35.87	30.86	31.74	28.92	28.51	29.09	31.07	27.2
30.47	28.55	28.93	30.35	26.99	27.77	25.64	25.49
27.58	29.44	27.67	26.6	28.16	26.57	27.48	31.92
27.07	30.72	29.8	29.99	31.09	27.03	26.52	32.07
26.54	26.47	31.12	29.05	24.56	31.76	27.29	35.08
32.82	32.12	39.87	37.52	36.11	37.41	27.55	30.69
23.16	20.24	19.91	25.88	23.4	24.43	27.13	24.72
30.33	35.76	31.16	28.32	36.54	35.04	32.38	35.92
28.27	29.86	24.58	22.6	26.7	27.12	24.95	24.93
26.12	29.05	30.28	30.78	32.53	24.75	30.48	29.14
30.56	32.05	34.59	29.43	24.19	27.27	30.59	31.34
29.36	24.12	29.63	29.62	29.73	26.54	27.42	28.19
23.4	27.51	28.91	22.78	25.31	25.21	24.54	30.4
22.88	24.73	22.85	25.45	28.66	32.38	25.5	25.64
30.58	29.76	30.21	30.17	27.78	32.83	29.02	31.23
26.06	25.92	33.47	32.44	31.85	28.77	27.77	29.68
20.07	28.48	30.03	32.27	23.77	29.44	27.54	27.06
28.4	33.46	27.8	28.73	37.15	32.15	30.46	34.68
34.96	37.77	34.32	33.93	38.9	30.47	31.23	39.4
36.46	35.55	33.17	28.72	30.58	30.97	30.68	32.62
30.06	26.71	26.76	25.33	26.74	31.12	26.34	28.29
25.11	30.92	26.56	28.81	26.18	30.13	28.88	29.07
26.79	24.4	33.63	32.73	33.47	28.77	31.6	30.94
26.33	30.25	32.74	25.09	29.22	31.37	27.89	30.7
34.36	35.67	32.27	32.6	34.98	36.78	38.05	34.05
32.65	29.69	26.54	26.26	33.65	28.77	32.06	28.41
24.73	26.51	26.66	25.38	27.91	27.96	30.2	28.96
42	35.58	37.94	38.12	41.63	33.02	32.82	36.26
24.39	23.81	28.77	21.81	23.23	24.27	25.01	30.72
32	25.45	32.75	37.06	35.39	24.1	33.44	29.6
33.64	36.18	31.16	32.01	34.81	34.44	33.15	37.94
27.4	29.8	32.18	27.33	34.35	23.92	29.02	26.64
24.46	27.63	28.63	24.15	25.88	34.57	31.71	24.33
30.11	25.06	20.95	26.18	27.41	24.58	31.05	29.28
26.55	34.01	33.13	28.38	25.95	27.65	30.98	33.37
28.68	24.71	29.36	26.42	26.73	26.63	29.5	24.73
29.24	27.51	29.67	29.14	30.64	31.1	34.88	32.62
28.65	31.98	27.37	25.85	27.13	25.92	30.1	29.26
30.8	32.66	29.75	28.48	24.65	28.5	27.81	32.89
22.52	27.73	21.25	25.11	25.4	23.41	23.81	24.36
27.94	31.87	32.38	27.04	28.17	29.71	26.2	30.37
20.58	24.33	26	22.29	27.48	25.88	24.59	26.18
32.24	25.42	32.63	24.87	23.18	24.35	24.16	29.53
33.56	40.32	37.92	32.61	31.89	31.21	34.77	33.55
32.45	28.14	24.29	27.86	28.36	23.88	30.47	28.07
31.29	23.63	29.55	29.79	31.48	36.61	35.01	34.99
38.88	31.96	30.59	34.67	30.98	24.07	30.81	29.83
31.16	31.93	28.61	24.51	28.84	29.7	26.84	23.49
28.53	31.09	29.9	30.04	34.87	31	33.6	32.82
29.93	28.56	30.89	31.75	37.78	34.58	24.68	27.41
30.52	32.83	28.8	32.99	31.35	30.95	30.52	28.26
32.44	37.2	34.41	32.38	34.03	33.17	29.49	30.72
28.7	33.5	32.61	36.02	34.35	35.12	30.42	38.33
28.59	33.79	30.4	29.59	32.88	32.78	30.87	32.01
31.99	26.22	27.84	26.98	28.11	26.96	27.43	27.51
24.36	23.77	23.03	23.27	24.27	23.66	22.96	25.42
24.11	23.39	25.62	26.21	24.51	23.73	27.8	21.86
29.6	30.57	25.38	23.95	30.29	25.97	23.52	33.76
34.5	32.42	30.11	34.66	36.71	34.24	33.2	31.94
31.01	31.78	30.76	26.4	29.92	32.57	26.61	31.22
31.3	38.73	30.28	25.03	30.2	30.12	31.14	33.74
28.64	31.52	32.56	28.8	31.07	30.9	26.27	30.23
29.7	34.36	27.8	34.27	29.1	31.47	34.65	30.38
29.14	25.51	25.7	26.87	27.68	27.26	32.61	25.18
32.19	30.4	35.59	27.47	30.94	33.75	34.71	29.99
28.99	32.19	34.08	28.56	31.08	26.44	25.91	32.07
38.43	41.66	40.72	39.21	36.9	34.93	37.61	38.1
41.34	33.48	29.56	27.63	31.41	25.19	34.03	34.41
31.18	33.88	29.12	35.14	37.8	31.09	33.75	34.43
28.38	28.56	23.61	25.77	31.15	25.54	27.44	30.48
34.54	34.37	30.75	29.35	36.39	31.35	35.94	35.89
28.97	31.22	33.63	27.99	28.6	32.17	29.93	36.8
35.43	33.42	33.17	32.59	36.88	37.92	33.14	33.51
36.27	34.67	39.43	32.71	33.37	35.14	37.14	31.67
27.76	27.18	29.89	32.22	37.49	31.78	32.36	30.99
40.7	37.84	34.36	42.96	37.17	37.01	45.44	48.54
33.14	33.67	31.07	35.93	30.38	28.47	32.56	32.02
34.71	36.98	36.18	38.15	32.81	34.11	37.2	37.06
21.72	30.99	29.54	26.45	27.11	26.26	27.38	29.72
33.79	32.84	39.85	36.58	37.02	32.12	32.68	31.9
24.65	28.28	28.37	27.62	30.92	26.6	30.37	28.49
38.43	35.82	33.1	35.73	37.83	34.65	35	32.25
34.27	30.4	32.72	37.01	33.34	31.91	33.17	31.82
27.3	28.05	29.15	33.89	34.22	29.52	32.63	28.04
28.11	38.99	39.99	33.75	25.53	31.51	33.51	26.47
34.36	30.21	27.59	24.47	31.89	30.21	28.41	29.99
25.86	32.78	26.39	27.43	33.52	23.22	25.42	25.64
30.57	35.27	33.44	32.69	32.09	33.96	28.78	28.78
33.04	35.68	33.66	28.2	26.14	27.82	35.1	27.05
34.43	28.55	28.83	33.17	34.26	31.26	31.69	25.7
25.68	37.23	33.97	28.51	27.45	33.07	32.07	29.41
28.2	27.23	28.2	30.04	27	32.63	26.84	26.5
29.25	28.56	32.62	30.05	32.2	27.58	28.38	32.11
30.36	35.3	35.43	33.88	31.09	37.29	27.43	28.33
23.31	23.87	27.96	25.39	32.74	28.45	28.85	27.26
33.21	27.46	32.92	31.63	34.03	27.55	31.91	35.7
27.74	30.26	29.49	30.17	30.51	28.65	26.2	28.96
20.68	21.84	24.53	26.17	24.23	22.15	23.05	20.87
33.47	34.99	32.1	31.56	31.93	28.46	32.28	35.84
27.58	29.22	21.37	28.42	26.87	26.83	25.34	29.83
31.57	33.39	42.68	43.65	40.65	37.08	32.11	36.07
28.89	33.73	31.24	31.63	31.66	32.12	29.49	31.46
31.07	29.36	28.24	32.14	35.52	29.61	29.21	31.74
26.73	25.59	29.1	29.06	27.43	28.06	29.04	27.13
33.22	26.75	30.98	32.29	34.16	30.79	32.29	37.84
29.61	35.46	25.76	32.76	27.78	33.86	36.13	32.61
37.72	34.23	29.98	32.59	33.9	26.93	40.1	33.39
23.13	25.72	32.53	23.51	27.88	25.31	21.24	25.76
25.97	29.22	25.85	21.48	21.91	25.61	22.6	28.19
28.24	38.7	30.3	27.65	27.38	29.11	34.08	28.98
27.15	28.58	29.5	38.1	29.1	40.77	30.88	34.76
24.29	28.1	26.73	28.09	30	31.89	29.3	30.84
34.14	30.76	30.49	32.77	34.93	32.06	22.67	29.86
29.05	25.11	22.12	25.49	25.55	26.84	22.4	28.02
25.94	26.5	26.42	29.09	25.67	26.89	31.39	25.83
29.17	32.76	30.14	25.43	30.89	33.94	25.91	28.6
29.9	26.6	31.52	27.49	34.54	34.51	24.99	24.42
29.39	34.67	38.85	32.86	33.16	30.68	30.98	27.23
23.53	25.12	29.43	20.11	26.84	30.39	25.79	24.63
27.58	26.48	30.27	27.79	25.46	33	34.11	26.69
35.44	29.58	23.49	30.59	28.05	27.55	29.42	23.77
30.89	31.29	29.25	31.8	35.42	31	31.91	37.03
34.81	33.92	33.62	33.66	38.04	38.84	40.77	32.51
24.29	25.91	20.75	25.97	26.87	23.86	26.84	23.02
27.06	29.51	26.03	23.38	27.45	29.68	32.58	29.47
28.93	31.42	29.71	31.25	32.19	31.13	27.08	28.48
29.63	32.45	29.64	29.72	25.67	27.86	24.89	30.22
29.69	28.61	24.97	27.16	29.35	26.38	26.84	26.24
31.97	29.81	33.54	33.21	29.46	31.07	27.82	29.94
34.12	31.65	29.44	36.05	27.54	27.2	33.1	31.16
36.75	26.06	28.75	32.71	28.41	26.72	35.37	33.2
30.45	26.64	33.89	25.48	28.56	28.82	35.56	28.01
29.67	27.79	37.55	34.08	27.33	33.89	31.65	27.74
26.28	31.04	26.93	30.12	27.85	31.42	33.67	30.26
32.96	28.44	30.74	31.06	33.54	37.01	34.64	32.6
31	29.17	36.26	33.07	35.15	35.59	30.8	32.34
30.46	31.16	29.64	32.57	30.45	31.46	39.74	35.23
33.08	32.9	29.08	29.43	30.38	28.26	29.36	28.09
26	24.73	24.91	22.1	25.27	27.56	20.93	27.56
22.01	27.57	24.14	26.27	27.47	25.71	26.87	30.73
36.77	36.77	32.23	32.87	27.8	33.98	33.68	30.78
30.65	24.47	29.92	26.75	27.21	30	27.49	26.62
35.18	26.82	34.53	31.78	33.66	25.32	28.34	30.92
29.02	25.77	25.93	29.9	27.17	28.56	25.7	29.15
25.7	33.67	31.39	28.21	28.38	26.91	26.22	30.25
31.88	25.38	32.33	35.5	33.41	28.35	32.62	28.38
29.96	39.76	33.47	40.28	32.4	36.01	31.87	38.13
32.22	32.17	35.06	31.38	31.77	31.75	32.77	29.03
31.19	30.26	27.67	28.02	28.9	30.74	29.65	36.4
28.88	28.53	29.51	36.44	35.99	30.73	32.99	35.04
29.92	24.55	30.95	27.32	29.29	34.08	30.11	29.48
29.69	29.39	26.57	30.76	29.82	32.22	31.26	26.37
29.43	28.3	27.69	28.44	30.51	23.84	29	27.91
21.78	25.36	20.25	30.74	22.57	28.14	31.4	24.82
35.56	27.14	34.13	35.31	39.5	30.99	26.5	29.76
31.59	33.67	33.67	30.48	29.02	34.59	33.06	31.02
30.33	36.35	30.92	30.08	33.58	30.21	31.37	33.72
30.52	32.01	30.12	29.87	28.91	30.09	32.35	27.31
26.88	27.56	27.44	26.85	32.88	32.83	31.8	28.05
40.74	29.09	37.34	31.03	28.89	30.41	30.99	27.55
29.2	32.45	29.2	27.81	35	32.03	28.72	28.38
30.09	29.6	27.56	25.85	25.41	29.97	26.89	25.83
24.46	25.1	26.02	27.25	29.34	29.26	25.71	28.06
28.67	32.81	28.55	33.54	29.34	32.67	26.22	34.06
26.81	28.28	23.09	31.44	28.33	24.97	30.08	26.2
25.66	24.89	27.69	29.13	28.88	24.9	30.72	31.28
36.9	28.28	34.55	28.46	28.53	32.8	34.6	33.52
29.92	29.61	25.45	31.26	27.66	30.88	30.81	27.45
29.5	31.39	29.17	33	29.52	29.64	31.84	29.66
27.95	28.94	36.34	35.65	37.15	30.69	31.89	37.31
22.91	30.63	30.94	26.26	30.59	27.84	29.2	32.09
31.41	23.28	26.02	24.61	27.21	32.65	28.42	30
34.6	33.99	34.74	30.97	31.23	27.53	34.69	29.44
24.52	27.73	24.45	30.86	30.22	32.86	26	26.85
27.52	35.44	40.43	37.14	36.49	37.29	36.96	33.13
39.29	28.11	36.59	30.1	36.29	37.52	28.51	35.59
27.28	26.77	36.93	31.17	27.25	30.59	31.05	34.61
35.38	39.4	36.59	37.64	26.83	40.44	40.83	38.88
33.5	33.99	34.25	34.16	34.8	33.51	39.88	33.81
21.89	27.38	24.72	25.74	24.22	23.14	25.56	25.21
28.92	32.08	33.98	35.38	30.66	35.56	37.39	32.25
25.69	29.14	31.95	27.02	31.4	26.44	28.82	27.48
29.49	33.81	36.49	27.73	29.6	28.65	37.55	26.2
31.16	31.45	33.91	29.59	30.02	28.53	31.75	32.41
29.15	24.54	29.06	23.32	27.62	27.29	26.49	32.06
32.15	30.27	32.04	32.37	27.17	28.81	35.83	25.25
29.08	25.84	21.47	25.99	22.62	25.67	32.04	26.26
26.64	28.79	29.92	28.27	27.03	24.29	27.49	28.57
24.29	28.93	28.08	21.19	25.14	25.11	31.4	27.46
27.3	26.07	28.26	26.88	29.14	25.97	27.2	27.47
26.58	23.57	20.6	24.27	25.78	20.01	29.73	21.06
30.92	33.36	31.12	31.02	32.34	32.42	32.92	36.78
36.31	39.24	34.85	35.11	37.43	42.49	32.15	31.79
29.78	28.53	28.08	27.6	30.14	30.96	28.77	36.35
25.83	24.13	23.72	26.7	26.26	27.41	28.38	22.08
25.41	30.16	29.56	28.33	25.63	25.36	30.94	32.92
25.87	29.02	29.99	28.55	27.86	28.6	29.21	28.74
41.91	39.01	33.84	47.24	44.17	36.41	38.19	39.84
32.15	34.59	32.37	31.3	33.79	29.93	36.06	29.02
25.7	22.52	27.58	27.47	32.96	26.31	28.87	27.67
28.38	25.36	30.57	29.61	31.58	28.48	20.64	33.95
34.01	34.43	39.31	35.32	32.01	26.42	45.83	32.61
34.8	36.21	38.24	36.43	41.39	39.6	32.47	38.58
31.68	30.01	32.61	33.85	35.11	26.99	33.14	35.78
25.45	29.29	26.49	30.1	27.23	25.59	22.82	24.58
28.99	31.7	33.82	28.11	28.57	32.92	34.07	30.41
25.28	27.94	29.66	30.42	21.13	21.38	22.81	28.8
28.57	27.77	33.28	27.59	27.14	28.91	27.78	26.89
32.66	29.39	27.97	24.44	27.55	25.13	30.93	26.57
28.81	23.85	25.16	28.05	25.84	22.59	26.66	22.82
30.79	26.87	23.93	34.5	30.09	31.64	33.67	33.28
27.92	29.49	30.84	33.46	30.63	27.27	36.63	30.75
46.38	35	34.88	32.41	35.03	42.58	37.29	40.73
27.88	24.49	23.32	24.21	27.96	22.18	26.73	26.67
29.64	24.5	27.05	23.91	28.49	28.42	22.62	24.13
26.25	26.71	24.36	26.59	33.04	29.59	27.71	27.78
25.62	24.17	23.52	24.01	24.74	27.53	27.8	28.87
22.67	25.27	26.23	28.01	27.55	27.25	22.55	25.76
23.41	24.95	26.57	26.19	27.92	23.49	27.23	24.5
23.5	25.42	28.09	26.63	26.45	24.94	23.51	29.61
29.83	33.46	31.9	33.7	27.39	41.61	29.65	35.85
22.52	26.86	25.12	24.55	26.9	31.83	27	24.87
32.98	29.53	30.97	30.3	35.64	33.13	31.76	31.6
24.66	33.2	23.16	30.65	27.53	30.08	31.23	24.68
32.11	27.46	29.4	33.24	32.85	28.5	29.21	27.94
35.2	33.93	38.12	33.53	32.84	32.49	27.45	33.82
31.05	29.04	28.1	30.79	28.13	24.07	32.28	28.76
20.97	23.84	24.99	31.31	30.75	24.01	28.26	26.87
26.7	34.33	27.93	31.55	30.59	27.41	30.51	28.14
29.72	23.49	28.07	27.11	27.91	23.79	26.93	28.76
39.87	28.97	32.29	28.03	33.83	34.47	27.69	28.59
34.3	35.11	36.24	33.5	28.87	30.41	33.37	33.37
38.54	38.58	34.47	31.95	35.73	35.37	36.56	32.75
24.37	25.69	24.62	30.1	30.41	26.47	23.9	25.89
33.97	33.13	24.75	32.22	32.31	28.11	29.81	27.48
30.69	30.97	30.7	31.08	28.49	28.66	28.67	29.96
31.86	31.39	34.1	35.62	30.37	37.15	32.7	32.96
27.83	25.94	26.94	31.65	23.9	26.74	23.54	28.32
25.28	28.9	25.77	26.16	23.79	25.83	28.13	27.45
43.93	36.52	44.67	41.46	34.13	36.31	42.78	31.53
31.16	32.36	34.86	35.75	36.3	28.74	31.56	31.38
28.49	25.6	27.89	31.48	28.22	34.55	30.54	26.46
24.52	22.21	21.44	21.88	23.71	27.01	27.42	24
29.77	29.75	30.03	26.94	28.98	26.61	32.05	29.44
25.23	29.21	24.78	24.36	28.96	29.32	25.24	27.04
23.84	28.45	26.91	26.05	21.77	26.4	27.78	24.67
24.64	21.68	31.24	26.57	31.1	23.43	28.82	27.94
21.79	23.15	21.21	19.45	19.84	25.15	25.68	22.36
31.9	28.73	30.96	33.65	33.98	30.66	32.47	26.66
25.96	30.88	32.87	35.18	30.92	29.99	31.32	37.79
32.3	34.43	31.48	29.31	34.09	32.43	33.46	33.18
27.91	23.78	31.41	28.57	28.9	32.38	34.36	26.33
27.52	34.38	28.42	31.96	28.22	35.33	30.32	33.29
34.54	34.93	31.09	29.58	29.33	31.87	32.46	35.3
28.28	27.87	29.58	27.2	25.33	34.28	29.95	31.71
36.02	36.43	32.94	30.33	34.47	33.12	33.74	26.87
27.56	24.91	24.61	31.67	24.31	23.97	28.86	28.2
28.57	29.36	31.65	30.19	38.89	37.18	33	30.39
34.52	35.74	35.55	41.12	36.93	35.51	39.37	33.73
33.27	28.29	33.39	36.22	30.65	38.34	34.96	35.96
29.32	29.2	29.54	26.94	25.13	32.3	24.27	23.68
26.72	26.55	22.07	26.14	27.55	26.59	23.29	25.87
28.89	27.34	28.11	34.15	30.9	28.7	32.59	30.83
27.04	30.32	28.28	32.73	32.29	27.65	32.2	26.28
27.32	27.69	33.82	28.16	26.31	28.68	27.55	30.06
41.19	27.92	32.58	34.72	34.43	38.11	33.7	34.19
38.03	32.12	28.12	33.17	33.15	31.61	33.39	35.08
30.26	27.37	24.17	26.58	31.36	32.04	27.48	33.39
28.7	26.15	24.32	29.93	40.41	30.7	28.97	23.7
26.74	29.94	28.18	28.44	28.91	27.69	25.49	28.74
37.79	31.42	26.45	33.03	30.07	25.36	38.18	38.24
26.55	22.66	27.86	28.82	26.04	26.87	26.13	25.64
30.25	33.6	32.24	32.46	26.37	28.35	25.12	31.46
31.13	36.92	43.35	32.1	30.05	27.17	36.06	26.14
27.67	34.25	35.38	29.49	34.18	35.23	32.27	31.13
24.79	27.7	30.13	32.38	28.77	30.95	29.39	23.81
24.52	24.46	25.76	25.72	26.29	25.26	23.3	21.89
36.18	24.99	32.87	28.03	34.13	31.2	25.63	34.7
25.95	31.48	30.85	28.47	33.39	34.49	33.94	29.32
30.75	27.25	28.72	29.72	31.47	30.94	29.47	29.99
25.03	23.01	24.92	28.64	22.92	30.06	23.39	28.42
33.87	26.77	33.55	30.24	32.88	30.52	30.17	30.48
38.96	31.24	34.24	34.66	29.26	30.19	29.69	43.82
27.83	24.93	27.43	26.58	26.19	23	28.5	31.75
29.46	27.84	29.15	25.09	32.95	31.62	30.83	27.37
29.01	31.8	32.08	31.67	32.6	29.82	27.89	31.66
30	35.87	28.93	27.9	24.28	26.41	33.06	33.13
25.75	27.04	26.66	25.32	26.9	30.21	28.09	32.18
28.37	28.54	30.69	27.69	33.32	29.59	29.55	38.82
36.19	28.09	25.78	23.5	22.87	27.51	26.28	29.28
29.1	26.69	29.11	30.22	30.2	27.6	22.35	27.03
36.49	34.41	32.15	36.33	35.79	38.31	39.96	34.5
29.94	32.42	29.23	33.69	32.5	27.82	32	30.24
39.18	29.37	34.18	30.27	32.96	33.26	30.95	43.74
29.53	31.68	29.77	25.24	24.13	29.63	22.43	20.87
33.05	27.12	29.9	30.26	24.15	25.82	32.53	30.29
27.48	37.74	27.53	28.8	33.71	33.18	33.53	28.71
34.64	33.06	24.23	31.8	33.11	30.94	28.12	27.43
30.45	31.57	36.32	27.77	36.34	27.72	27.78	28.83
20.46	26.58	29.67	25.08	25.61	25.96	24.67	25.41
34.76	28.1	28.67	28.25	29.1	30.77	31	26.88
26.89	21.32	30.18	24.47	27.07	25.74	25.31	21.88
30.13	24.27	22.67	28.44	27.75	26.54	29.2	25.03
30.46	24.02	28.24	24.13	23.04	28.43	25.46	23.72
25.93	29.46	28.1	28.81	31.68	34.59	34.63	37.54
19.57	23.15	27.55	24.51	31.08	27.77	30.38	28.41
30.87	29.78	26.07	30.84	36.86	27.4	33.78	36.74
33.78	38.56	36.72	37.33	34.64	42.66	35.1	36.4
29.97	26.19	30.06	22.45	34.63	27.58	24.91	25.25
31.72	27.02	32.37	32.67	29.39	37.37	32.71	38.06
38.97	33.97	33.7	32.55	44.8	39.44	33.49	35.79
29.55	43.14	30.96	28	25.88	27.94	26.42	30.4
31.35	26.17	24.09	25.88	24.06	25.25	27.37	24.81
37.66	38.05	34.58	41.31	41.43	32.12	34.39	29.53
19.93	23.88	31.32	24.85	22.68	23.88	20.25	33.08
31.46	24.05	22.87	25.93	27.13	32.54	30.44	25.06
20.43	32.67	25.33	29.18	29.02	27	24.44	25.27
36.9	37.2	36.92	34.75	32.95	35.74	35.1	37.11
25	32.29	39.62	33.41	27.98	28.29	29.8	32.71
27.43	31.1	34.3	28.25	30.31	28.31	29.98	27.31
31.2	24.12	23.9	27.37	24.63	27.87	22	25.97
27.23	24.17	33.28	26.3	23.87	30.02	26.56	27.18
31.18	32.98	32.8	30.06	32.34	34.65	29.78	29.39
26.25	26.5	20.43	26.31	27.01	26.92	28.75	25.35
24.47	26.9	26.3	26.55	25.91	26.97	21.74	23.99
28.83	30.19	26.01	30.15	26.06	32.28	32.18	33.64
27.05	28.19	27.11	30.01	27.14	28.01	26.87	29.91
35	31.85	28.11	31.1	34.16	30.18	31.87	32.23
30.31	31.18	35.98	30.6	27.24	28.93	29.49	26.79
26.96	21.41	27.39	22.47	27.6	24.82	30.98	28
35.87	42.75	43.66	44.71	36.56	40.99	32.47	37.34
33.77	30.34	30.36	30.76	34.51	37.98	38.35	34.16
37.72	24.81	24.55	32.9	23.55	28.73	28.69	30.93
25.2	25.87	27.42	30.55	30.37	27.2	24.53	27.52
31.55	34.2	31.3	27.64	30.23	30.42	24.69	36.28
36.96	35.38	36.54	35.53	29.22	34.27	37.56	40.12
30.55	34.34	24.39	30.18	32.48	27.22	32.18	38.38
26.45	25.6	26.17	29.46	26.48	35.24	25.55	27.39
30.03	27.18	26.85	28.35	29.51	31.56	32.81	31.47
24.73	28.92	24.03	29.04	23.74	23.96	24.78	24.7
28.63	32.72	28.97	35.6	32.72	34.06	27.19	27.53
20.84	23.11	22.08	19.4	22.81	23.05	23.68	20.89
31.28	25.05	32.15	32.93	28.05	29.68	25.82	33.65
36.74	31.07	28.9	27.82	23.01	26.87	25.15	27.77
27.27	28.68	30.06	28	27.44	25.27	25.41	27.33
30.33	30.89	33.25	34.06	28.57	34.24	32.86	29.04
32.41	29.87	29.22	29.57	32.26	28.75	30.66	26.39
28.08	26.1	27.09	23.89	32.31	27.57	25.09	26.2
31.03	26.47	29.99	26.12	30.52	26.81	24.28	24.56
23.39	34.42	33.96	32.86	28.97	31.83	27.45	28.97
26.41	29.29	34.76	32.31	37.18	26.43	28.64	29.16
28.42	29.51	28.91	27.08	24.76	31.3	27.9	23.41
23.61	20.12	24.64	21.56	24.14	23.47	24.18	24.51
29.16	29.36	32.77	29.58	25.62	27.95	29.59	32.67
32.68	31.48	35.46	28.14	28.2	35.29	37.97	33.28
28.32	31.37	25.61	32.45	31.79	33.91	25.28	31.74
35.49	31.49	36.66	35.6	31.41	33.67	28.05	29.93
29.65	28.66	35.98	26.95	33.2	34.15	30.06	33.18
26.17	27.43	24.86	26.83	27.82	24.86	27.11	27.19
37.5	43.86	38.61	38.73	40.55	39.86	36.04	41.05
20.17	21.85	25.12	23.53	21.66	24.91	23.36	23.88
33.15	36.53	24.79	32.01	33.36	34.13	33.39	36.26
26	24.17	26.09	28.92	27.59	27.66	28.41	29.16
27.04	30.37	30.81	32.1	30.23	28.19	27.16	29.52
36.71	28.75	23.04	31	30.37	24.55	25.71	33.5
30.12	32.36	34.54	35.04	26.86	30.54	34.6	32.29
24.96	24.3	27.49	25.82	24.08	21.63	23.72	29.9
30.29	34.4	31.2	26.16	31.37	34.48	34.26	38.75
33.86	29.75	28.22	34.34	28.13	32.73	32.86	32.76
24.08	23.28	22.26	18.39	22.96	27.37	21.61	25.92
31.19	31.26	27.49	29.71	36.26	29.68	36.41	29.83
27.03	25.07	27.78	30.26	26.32	28.61	29.12	30.34
29.31	35.04	38.86	31.58	30.85	30	33.09	34.14
29.06	34.48	39.51	29.01	30.95	26.85	29.52	26.14
31.2	29.48	26.76	27.01	30.72	29.85	31.54	22.4
33.88	32.31	26.46	34.66	37.95	27.37	24.81	28.89
33.86	32.25	26.79	30.57	32.95	32.35	27.96	38.14
25.05	24.23	27.73	28.07	28.5	25.84	27.26	32.56
37.75	31.93	37.11	33.66	31.43	35.54	35.84	33.63
21.47	21.14	24.69	25.26	22.95	26.55	26.04	22.14
28.94	28.26	32.9	32.67	30.25	27.06	25.58	27.44
27.7	28.65	25.66	22.1	31.02	23.33	24.08	31.04
23.04	29.81	27.67	25.14	24.45	29.56	28.2	28.12
29.03	29.52	32.37	37.68	25.5	33.6	32.33	33.94
29.93	22.38	31.5	32.87	27.57	27.74	33.04	31.09
32.47	29.81	39.97	31.91	33.88	29.38	29.99	34.86
30.19	31.65	33.99	34.41	39.14	34.53	32.36	33.51
40.09	32.71	33.98	34.63	39.69	39.31	30.14	34.85
26.92	28.52	27.83	24.55	28.15	27.57	25.71	31.5
33.45	29.23	28.93	26.38	30.98	32.41	29.11	29.6
29.29	27.63	26.97	32.18	29.51	28.95	25.16	27.99
25.25	27.58	24.31	29.68	27.03	25.14	26.76	21.93
34.05	36.73	32.03	31.04	29.01	26.31	32.13	25.88
28.48	32.69	28.77	27.45	28.29	29.04	29.47	30.36
34.66	34.34	31.72	33	33.48	33.65	32.01	31.42
30.14	29.32	31.07	30.11	28.9	32.28	30.72	30.67
23.45	24.82	29.23	29.25	27.8	24.21	23.52	26.67
38.2	34.1	27.57	29.47	29.73	32.05	36.35	34.99
29.29	32.1	24.77	28.96	26.83	26.62	29.42	27.38
28.75	29.83	28.45	29.65	34.55	32.74	31.56	27.04
32.15	27.04	28.8	27.53	33.12	27.14	31.72	23.08
35.32	31.52	31.3	28.74	38.28	38.13	30.76	37.19
27.06	31.56	31.08	26.63	26.32	33.45	33.95	27.38
25.14	34.56	28.83	35.74	31.76	27.02	38.67	35.88
33.07	32.37	33.74	30.26	29.38	25.66	33.69	31.88
29.87	31.31	26.63	27.29	31.32	24.28	28.94	32.05
29.48	32.19	26.25	28.93	29.13	28.04	26.25	30.14
30.67	25.12	32.46	26.85	29.66	29.19	28.44	27.75
25.88	30.52	30.25	28.69	27.13	30.43	37.21	32.55
32.82	26.49	29.34	32.7	28.64	39.83	29.48	28.2
31.79	39.23	31.93	35.32	32.97	32.51	28.04	31.77
35.04	31.78	34.56	33.01	32.06	30.55	28.87	32.76
23.12	26.91	24.54	24.52	25.29	26.29	21.91	30.82
33.67	29.95	32.09	28.47	35.72	36.39	30.88	36.26
23.31	20.66	19.98	22.7	23.16	24.93	23.54	22.95
29.63	27.24	28.77	26.98	32.93	27.28	25.57	29.4
27.45	28.95	28.67	24.83	28.13	27.2	29.16	27.31
34.74	36.83	36.39	30.03	33.3	28.4	33.51	34.95
30.92	30.76	31.93	37.08	36.87	34.05	36.99	31.03
31.05	32.01	32	31.8	25.6	28.73	34.77	29.34
31.16	32.43	35.25	29.48	35.74	26.79	29.29	32.7
31.03	25.79	24.45	32	31.25	24.52	20.91	28.26
29.16	24.57	23.63	29.77	27	32.59	29.09	29.39
26.63	25.6	20.13	25.23	23.99	22.77	19.63	26.57
32.63	29.29	33.11	26.37	25.85	28.85	25.34	33.53
32.72	33.28	41.53	31.93	34.09	31.45	26.05	32.52
29.27	32.86	28.2	25.75	28.45	29.05	33.06	28.63
26.59	17.11	24.31	24.12	20.14	27.41	24.05	27.66
30.74	31.31	25.68	29.99	34.53	32.92	32.49	36.02
27.15	35.63	31.47	34.41	29.11	34.31	36.64	27.74
25.93	31.1	31	35.85	26.98	30.98	31.49	30.06
27.33	25.84	28.06	26.69	25.56	26.1	26.69	26.07
30.62	28.34	30.66	31.9	27	30.76	32.9	33.23
32.97	32.32	29.98	28.8	35.35	34.9	34.9	36.74
36.6	37.82	31.38	44.84	31.73	35.54	38.96	38.8
24.9	28.79	30.6	28.07	35.19	28.51	26.58	30.44
34.05	29.29	35.58	33.93	31.61	34.57	26.93	31.74
24.65	31.41	22.97	26.46	25.69	25.6	25.47	31.73
27.58	31.16	27.41	28.05	31.25	24.99	33.56	31.21
27.19	32.39	35.62	32.47	34.67	38.71	32.7	30.48
26.98	27.59	28.75	27.03	28.64	29.61	23.77	27.82
31.67	29.77	33.66	31.84	35.03	29.88	32.23	36.99
29.14	30.79	27.16	29.08	24.68	27.85	26.87	25.29
29.07	25.51	32.26	28.84	27.52	33.4	28.89	32.61
28.7	28.8	31.91	26.55	26.29	30.24	30.75	34.27
35.81	31.22	31.01	28.69	26.41	26.32	32.39	28.57
24.17	24.43	25.21	24.92	22.17	25.68	22.05	28.33
24.61	31.85	24.91	20.62	26.33	30.48	25.43	23.93
29.89	31.84	28.09	25.13	31.87	29.69	29.18	28.11
27.11	35.1	29.63	26.16	32.78	27.63	29.22	32.89
32.64	38.69	31.1	31.69	29.08	33.6	30.82	32.4
29.12	33.13	31.01	30.6	30.01	29.84	35.44	31.92
31.21	33.76	35.23	34.08	29.7	37.77	27.57	35.76
23.93	31.66	26.85	26.07	30.88	24.94	24.43	27.36
24.11	27.31	28.21	28	27.41	22.31	21.52	25.52
27.18	27.82	29.21	28.21	25.62	30.78	25.33	26.72
26.29	29.03	30.7	32.62	27.56	26.02	33.85	32.11
28.93	28.62	24.15	23.99	23.7	21.32	22.94	25.91
35.11	24.77	29.64	31.17	28.18	32.17	33.51	32.35
32.48	29.74	33.01	28.94	31.98	28.04	37.28	31.8
33.95	30.91	25.32	28.67	27.41	32.02	30.8	34.51
32.91	31.61	32.19	31.87	28.4	27.89	34.72	30.01
29.01	27.76	30.05	30.38	27.64	25.62	24.32	29.44
29.76	25.49	30.03	31.95	30.49	34.18	33.03	28.95
30.8	27.6	30.37	29.44	32.57	32.34	27.24	37.24
31.45	33.65	29.55	31.2	35.56	31.42	34.79	30.65
32.29	31.06	43.08	35.84	37.58	35.98	37.04	40
31.99	29.8	36.75	32.72	36.32	43.42	36.1	33.48
33.02	29.96	29.28	32.1	36.2	33.35	34.4	28.7
33.88	25.39	30.24	25.09	25.03	29.25	30.59	30.91
31.63	28.85	33.68	34.95	29.73	35.17	32.12	31.19
22.73	27.62	26.53	33.64	25.16	22.64	28.26	28.09
25.56	24.69	23.66	25.3	26.54	29.04	23.24	29.27
33.77	35.1	33.67	36.99	29.19	29.54	35.49	37.07
30.94	37.48	29.39	26.69	23.18	36.89	27.03	29.77
32.58	32.97	31.38	28.6	34.28	33.66	34.23	26.76
25.73	28.01	30.93	30.05	27.02	28.05	28.82	28.3
26.1	35.23	37.15	24.14	32.4	29.02	34.09	31.21
20.15	23.56	22.13	27.6	23.68	20.57	23.01	27.18
39.13	26.62	29.99	33.9	27.56	29.03	30.5	27.6
31.43	35.79	24.15	27.69	32.46	32.72	27.54	26.9
26.42	25.36	27.76	30.26	25.29	25.97	28.68	32.75
33.06	38.59	34.05	34.5	34.02	37.85	36.67	31.85
28.07	32.21	28.14	27.49	34.59	29.36	31.19	29.35
28.09	26.49	29.75	27.61	28.4	36.99	30.6	31.31
30.24	28.08	34.52	32.16	32.3	29.3	36.14	32.62
22	17.88	24.91	24.27	24.73	24.23	26.13	24.19
33.66	32.33	36.73	33.69	29.25	32.63	35.93	33.55
28.66	32.31	33.59	34.13	36.01	32.12	34.41	28.34
32.49	31.83	30.41	32.58	31.61	33.57	32.47	29.5
20.38	27.82	29.27	28.97	30.84	31.79	26.82	24.7
31.82	33.44	33.73	30.85	29.08	31.89	30.03	32.71
23.4	28.11	23.99	32.98	27.38	25.99	27.06	23.91
31.09	27.5	29.49	32.75	28.29	29.25	35.24	32.84
34.7	32.85	34.5	32.27	29.15	35.45	30.25	32.55
34.9	40.99	29.07	33.69	36.4	29.8	32.91	34.08
33.16	28.03	30.04	30.15	30.7	33.26	33.9	32.54
29.81	30.69	25.21	33.3	20.89	26.07	26.52	26.05
25.29	26.11	22.05	23.86	30.02	24.44	28.02	27.85
33.47	29.43	34.92	25.73	30.8	29.26	31.22	35.57
32.31	30.2	29.54	28.36	27.2	32.41	31.39	31.28
33.36	40.08	46.14	36.06	39.25	38.96	37.21	36.49
29.01	26.55	27.41	28.52	34.08	28.1	31.15	33.07
21.37	25.07	26.67	29.65	23.3	30.52	21.76	25.24
30.32	31.92	29.74	32.66	31.09	29.13	33.92	31.65
33.35	41.4	35.3	33.54	32.45	32.47	33.51	34.18
31.67	35.12	32.86	32.71	32.32	31.28	26.1	25.76
29.64	23.42	28.64	27.09	23.94	27.07	25.86	23.39
27.66	24.19	25.96	26.55	26.42	26.23	29.47	30.51
34.62	31.02	31.17	33.34	27.96	30.65	27.9	28.88
27.79	28.48	28.27	28.23	30.67	28.2	26	25.22
32.22	31.66	30.53	29.12	34.86	33.67	32.16	24.52
31.32	34.11	30.88	29.87	35.4	37.83	32.39	30.71
30.37	30.46	29.18	24.08	25.22	29.46	31.53	26.65
26.94	28.24	32.19	25.19	25.49	28.12	29.11	27.47
17.95	18.64	22.02	23.29	25.85	23.45	25.34	22.56
25.64	28.71	33.35	29.54	28.05	31.78	32.1	32.16
35.46	30.89	29.97	36.13	28.22	32.22	32.49	36.64
23.4	18.91	21.96	21.12	26.78	22.11	21.81	21
30.74	27.36	28.5	31.44	34.7	26.45	28.45	29
28.1	30.44	32.13	28.97	30.56	28.94	30.3	25.28
31.45	34.2	29.99	31.28	33.33	32.6	30.13	31.45
34.44	30.74	33.64	28.94	27.3	28.09	31.72	32.22
32.63	27.97	40.77	37.57	33.2	36.76	38.45	34.34
29.55	26.3	25.43	26.02	26.15	21.29	27.36	32.03
33.17	33.4	28.51	32.34	36.27	30.12	30.22	30.72
34.92	30.74	32.28	31.4	29.6	25.2	30.2	28.67
30.03	37.48	34.19	30.98	31.55	34.28	31.45	36.06
30.62	24.91	30.05	23.34	27.6	29.88	29.26	28.98
35.91	34.14	38.09	34.35	39.33	29.09	33.73	32.93
27.22	30.31	23.54	31.24	31.06	32.21	29.33	31.84
35.41	30.03	26.87	27.04	26.82	27.44	32.65	24.35
35.48	27.8	32.04	25.92	31.38	32.45	34	28.33
32.47	31.73	32.91	37.23	32.22	31.92	32.81	30.87
32.03	28.27	29.09	30.47	34	38.03	29.88	37.68
24.01	23.83	22.66	19.66	22.18	20.06	22.37	25.02
31.6	28.9	28.4	25.69	33.47	27.73	31.47	29.44
25.33	26.65	27.02	29.19	27.78	24.59	25.3	23.28
23.65	23.24	27.92	24.73	27.68	23.79	28.34	24.65
32.26	30.21	35.56	30.37	30.69	30.79	31.49	27.9
26.87	34.4	23.38	27.54	27.2	30.26	28.99	32.66
37.92	36.98	30.88	34.75	30.8	27.97	31.57	31.74
39.69	32.81	33.28	35.74	35.26	36.95	34.59	40.82
37.42	26.14	28.88	37.46	32.77	29.32	33.53	30.16
35.61	29.86	34.61	38.34	30.83	35.9	29.53	33.02
28.62	27.62	27.28	32.84	29.9	29.84	31.15	31.82
33.07	31.21	36.83	28.51	34.15	32.4	30.66	25.65
28.62	23.68	22.79	28.91	26.12	24.87	29.92	28.12
30.79	36.28	36.41	39.37	37.96	39.8	32.55	39.31
31.31	35.11	30.67	32.41	27.52	30.36	26.52	27.82
33.68	38.31	36.96	38.75	33.4	36.74	38.8	28.04
28.06	24.86	31.31	30.12	28.44	31.45	35.09	28.88
31.36	31.51	28.67	29.65	30.04	23.7	29.29	30.73
27.5	23.91	28.32	28.93	26.92	26.2	29.03	31.64
21.25	23.86	21.87	25.82	22.66	23.12	26.64	30.66
35.38	34.67	33.48	33.9	32.5	26.65	34.59	34.73
26.82	33.07	26.96	28.07	26.9	29.54	24.63	28.7
28.93	24.93	31.84	21.86	31.08	21.76	23.45	28.43
35.03	34.56	36.77	33.04	29.75	32.33	38.63	40.9
22.38	27.02	26.38	25.44	19.86	25.68	24.58	26.97
28.28	28.05	20.13	26.96	23.9	26.36	30.1	22.48
34.06	30.75	34.67	29.92	31.47	32.57	34.18	33.55
27.21	33.38	27.93	23.77	32.74	25.32	25.28	29.33
29.95	29.07	25.23	28.17	28.38	27.86	31.26	28.66
30.26	27.89	26.4	31.27	26.36	25.51	27.05	26.52
33.03	27.83	29.77	27.89	27.41	28.08	26.07	28.75
21.23	28.95	24.08	28.93	28.85	24.9	31.63	26.45
29.45	29.23	28.12	32.56	32.43	31.75	35.85	34.62
23.24	29.44	22.18	21.59	25.81	26.58	28.33	20.28
35.1	26.91	26.58	33.38	30.02	23.9	32.31	23.76
35.12	39.02	32.37	32.77	36.14	35.38	43.28	40.22
30.1	23.54	28.46	27.42	30.52	30.74	31.05	24.86
28.3	34.66	28.07	37.11	34.54	29.9	25.78	32.17
30.76	34.01	35.15	30.4	28.43	29.38	31.92	32.83
35.79	27.51	35.2	32.88	27.44	32.08	31.3	31.01
37.04	33.1	33.27	32.92	32.4	37.18	37.28	34.03
34.62	30.91	34.2	26.13	31.46	28.03	30.89	25.04
40.21	29.46	33.4	33.4	33.85	33.26	24.63	29.58
34.48	31.48	30.87	30.46	30.87	38.2	28.32	32.03
30.79	33.31	35.17	25.04	27.38	32.45	30.67	31.01
33.69	33.82	37.03	41.85	34.63	37.43	36.23	33.86
29.76	28.24	28.77	26.01	26.03	30.33	34.55	34.15
29.84	31.49	28.55	31.73	35.11	28.29	25.53	24.8
34.13	38.24	34.34	30.45	33.41	32.2	35.55	29.92
33.39	25.07	33.04	32.87	31.73	26.7	30.74	34.02
42.66	41.55	36.25	41.3	41.26	39.81	32.56	38.24
30.57	23.64	24.41	31.26	26.94	24.22	26	27.77
29.88	35.89	29.12	32.48	31.06	32.97	28.38	37.46
32.12	34.64	32.31	33.71	33.57	37.69	35.56	36.05
30.05	28.08	24.65	28.14	29.22	22.99	31.58	29.62
28.74	31.39	36.35	28.05	27.93	36.42	31.32	29.85
31.33	26.37	22.93	28.66	31.49	25.54	28.31	30.17
33.98	22.83	35.78	26.98	31.77	28.36	29.78	27.21
25.56	29.01	26.87	26	29.8	31.71	27.79	28.16
33.22	38.76	30.55	32.59	34.26	27.56	26.56	36.15
28.44	28.16	29.4	29.75	30.22	30.26	29.71	36.39
37.22	36.32	33.43	34.02	36.91	29.61	30.01	38.09
29.65	36.9	30.37	29.68	33.11	27.51	28.04	27.5
36.7	35.83	28.42	28.87	28.97	34.01	27.88	27.83
28.56	26.68	27.93	32.64	26.65	31.53	27.15	30.19
27.62	29.26	29.99	29.14	29.25	27.9	31.91	29.25
30.22	30.25	32.15	31.84	30.68	36.26	39.97	36.67
40.76	35.08	31.36	32.68	36.78	32.74	32.57	36.11
35.34	29.56	25.94	26.02	27.42	26.12	31.42	24.44
22.23	21.62	21.15	17.71	21.08	21.72	26.48	25.57
37.89	32.44	36.32	25.11	37.24	40.06	36.84	37
23.32	25.83	26.02	22.72	24.16	19.69	26.85	22
35.52	33.31	26.45	36.16	25.98	36.16	34.06	30.59
29.85	27.98	26.16	27.41	22.33	32.94	27.08	25.16
32.7	34.69	31.66	28.57	27.35	31.25	30.47	31.51
31	32.38	30.81	28.49	33.92	34.23	31.21	31.17
32.02	30.41	41.18	33.94	32.89	30.85	32.2	37.19
34.45	28.37	31.69	32.74	24.99	32.05	34.5	30.97
26.15	25.85	21.35	23.48	25.86	27.2	23.01	24.7
30.97	37.13	38.32	28.26	36.53	36.11	27.23	30.95
29.69	27.26	26.56	24.03	25.32	25.01	22.47	29.8
39.36	31.82	28.89	32.2	33.51	34.07	33.72	30.52
24.79	29.8	23.82	29.89	26.16	27.77	27.24	23.45
35.58	32.96	40.09	33.94	31.43	29.93	35.66	29.6
30.74	31.95	33.96	31.41	30.62	31.49	31.64	31.3
25.87	25.37	26.29	30.29	25.1	29.52	31.24	28.91
29.56	30.04	32.9	30.02	38.3	33.41	34.33	29.85
28.34	27.58	34.45	29.86	29.14	27.33	22.3	30.66
28.19	32.76	30.74	32.57	25.24	27.08	34.02	27.91
27.68	36.37	35.75	31.81	36.31	30.66	32.58	31.97
30.48	25.48	30.48	20.7	26.04	22.71	28.48	30.66
26.65	26.04	28.38	26.67	24.79	27.73	28.05	27.06
31.52	29.62	26.03	29.64	28.17	27.34	25.17	28.01
32.63	28.02	29.49	32.44	29.91	24.42	26.05	26.01
27.38	28.19	28.3	29.99	30.06	27.43	26.77	26.14
28.63	28.99	26.52	28.79	27.33	27.93	24.45	22.51
32.01	23.04	28.13	33.49	31.06	29.63	24.64	28.88
26.01	26.37	29.26	30.71	24.96	27.6	29.56	23.96
31.48	29.21	34.49	31.37	30.58	28.82	33.23	32.88
29.37	35.78	38.44	31.86	35.92	30.01	30.1	32.71
33.71	27.49	31.38	27.21	25.76	32.89	33.34	29.61
30.79	29.32	32.25	26.89	32.82	29.35	27.01	29.48
26.44	25.59	24.78	24.72	21.19	23.11	26.29	26.79
31.02	29.48	38.52	29.63	34.44	26.71	34.53	29.14
25.63	24.6	27.55	31.21	21.12	20.66	26.99	25.49
27.73	28.92	27.66	34.46	31.44	37.25	33.09	31.05
27.87	30.83	29.65	35.49	30.17	27.23	28.15	31.77
19.63	20.32	23.91	17.11	19.75	20.73	19.88	23.47
32.41	26.15	26.63	22.39	29.07	30.3	29.08	30.55
36.17	36.71	38.06	31.76	30.3	29.49	26.72	31.37
35.3	33.38	27.11	29.64	22.9	30.51	32.47	25.63
23.81	32.82	28.23	21.85	26.96	35.18	30.01	28.74
48.08	36.43	43.79	40.16	36.44	38.25	44.94	34.9
28.32	34.1	28.71	33.65	35.16	32.26	32.49	32.38
27.35	30.84	30.07	30.28	30.49	24.92	34.22	31.06
28.5	29.4	26.82	25.78	32.42	29.56	28.75	28.9
23.29	31.64	33.01	36.05	33.99	31.84	32.81	28.06
27.31	30.73	27.43	30.79	25.03	27.61	28.55	25.02
25.68	24.82	26.93	27.56	26.37	26.1	26.41	25.29
27.41	33.66	23.54	29.29	30.63	32.3	32.22	28.59
31.42	37.01	32.33	25.49	29	27.44	29.33	26.45
32.81	30.26	31.56	31.23	27.15	25.2	34.5	26.15
31.48	25.72	34.32	31.2	27.66	29.16	26.08	24.72
34.87	34.95	36.95	34.98	34.54	34.39	37.98	32.26
21.63	23.23	25.7	22.91	20.26	19.91	28.64	26.42
22.31	21.94	24.25	24.87	22.12	26.34	25.13	21.28
36.1	34.12	35.12	29.59	37	29.37	31.52	30.62
36.47	39.77	27.64	32.07	32.53	35.25	39.47	31.68
24.22	27.59	28.11	27.78	30.89	25.23	31.01	31.71
29.07	28.79	23.58	24.64	19.95	27.86	22.18	29.65
25.5	26.63	31.75	24.38	24.13	26.09	30.12	25.98
22.78	23.55	24.59	27.79	25.78	30.33	29.7	29.16
29.87	26.99	26.28	31.56	22.11	29.11	25.13	28.12
27.37	30.83	30.52	32.02	29.05	29.06	28.79	29.33
33.68	32.51	27.61	30.7	30.93	28.97	29.05	25.05
35.42	37.91	38.18	31.78	34.05	32.28	34.53	33.35
27.68	19.62	26.46	26.18	23.42	23.43	23.04	28.83
32.09	31.95	30.88	30.78	23.33	25.26	35.28	26.92
22.93	30.76	32.19	27.48	25.26	31.96	32.51	30.63
38.98	36.01	34.35	35.13	33.33	32.42	36.27	35.77
30.42	34.89	25.82	28.74	29.84	31.03	30.5	37.68
32.83	27.81	23.8	27.13	30.19	29.75	27.56	24.57
29.09	27.89	30.14	25.84	32.8	27.02	24.13	29.87
41.4	39.9	34.33	37.94	34	33.03	38.3	29.51
28.65	22.42	26.32	25.75	26	30.35	25.76	28.96
33.47	31.45	28.66	24.88	30.53	34.02	28.58	30.06
35.84	26.87	28.34	25.25	27.61	22.64	28.3	30.65
32.97	30.4	28.61	31.09	24.38	28.11	28.79	27.61
32.86	27.45	31.42	29.65	32.14	30.37	28.65	30.57
28.09	26.69	24.12	25.76	24.89	27.61	30.44	25.44
29.05	28.78	32.39	28.13	26.76	26.46	25.62	29.84
25.3	32.02	30.68	25.57	29.02	25.77	27.12	26.19
23.56	26.77	20.76	26.33	23.45	27.46	23.69	21.35
29.52	30.5	32.61	31.81	32.5	38.96	33.14	30.26
27.54	31.71	30.23	21.94	33.12	28.86	26.77	29.12
29.95	26.56	28.01	31.19	27.1	34.43	29.1	27.25
29.73	29.13	27.63	33.1	27.77	32	24.67	29.7
31.87	34.03	31.02	28.73	31.86	32.48	32.19	35.52
40.59	35.45	36.44	43.06	34.25	37.28	40.18	34.86
22.62	27.3	27.09	21.6	23.41	23.51	25.61	26.62
36.77	32.04	43.89	40.65	41.6	31.04	43.28	36.17
26.06	30.53	32.79	29.62	25.46	29.26	32.13	27.77
28.17	28.97	30.27	27.43	28.67	28.52	29.73	27.16
32.47	44.3	41.9	36.52	39.62	35.66	36.07	34.07
29.73	30.08	34.73	37.06	27.21	30.87	32.95	32
33.77	31.63	29.11	26.62	30.47	36.21	29.64	27.19
34.33	31.58	29.77	29.76	28.17	31.7	29.1	32.45
25.18	33	31.86	34.28	33.4	32.26	28.33	34.4
20.73	22.96	21.44	20.06	19.34	21.05	22.87	19.38
