27.96	23.76	29.2	27.72	30.81	24.69	32.3	27.23
28.39	30.78	28.38	30.19	28.27	31.67	29.59	31.32
29.24	31.95	26.13	35.23	30.2	32.26	38.72	35.93
31.05	26.06	22.98	29.58	26.98	24.68	27.94	24.74
29.23	28.92	23.32	22.33	24.29	25.16	27.07	24.02
31.7	32.57	34.26	28.27	29.96	30.17	30.09	29.37
30.23	26.05	32.04	30.84	33.72	33.32	27.95	36.49
31.75	30.66	28.22	37.44	35.73	36.02	29.11	30.57
31.58	31.43	37.02	32.96	34.21	30.88	34.64	31.2
27.92	30	26.53	24.77	31.48	26.98	32.94	32.07
25.81	26.87	31.32	24.29	29.99	30.04	25.47	25.3
37.9	31.63	27.29	36.59	30.58	32.39	29.42	33.51
31.69	26.95	27.62	26.94	26.82	31.47	34.25	25.54
33.87	33.37	36.25	36.87	31.29	32.8	27.19	36.55
34.95	31.35	34.25	32.27	30.8	33.52	38.43	33.93
24.64	28.02	30.67	39.04	29.46	30.64	30.35	38.27
28.01	31.85	32.19	26.06	26.65	31.59	29.86	28.88
33.11	36.13	38.66	33.6	36	32.49	36.07	37.61
25.88	28.38	32.75	25.45	27.49	19.71	27.45	24.11
32.83	27.26	26.45	28.64	30.22	29.75	27.44	30.67
23.09	30.91	30.44	32.85	27.02	28.39	28.17	29.32
33.44	34.88	38.47	34.41	31.45	33.95	37.33	37.16
29	32.45	29.34	25.54	28.54	29.33	27.71	28.47
27.99	32.67	26.96	30.25	29.67	29.83	32.52	36.96
31.92	28.2	25.69	24.41	23.11	26.33	27.71	26.83
35.14	31.26	38.9	36.89	38.68	33.5	37.84	40.98
31.33	33.16	30.99	29.59	32.33	30.18	37.12	33.28
33.06	29.84	34.63	29.48	32.18	32.3	38.73	26.55
30.1	24.9	26.7	28.44	29.39	29.84	29.21	24.5
23.35	24.22	22.27	24.75	22.74	26.6	27.85	24.15
26.93	33.69	28.59	41.59	36.01	38.93	36.97	38.62
20.23	26.8	29.82	30.57	35	23.78	28.59	30.33
26.58	41.06	35.02	32.16	32.42	31.6	30.4	42.81
24.84	29.29	23.61	25.94	22.17	30.25	26.07	26.32
30.37	29.8	29.49	30	28.33	31.21	36.5	29
31.07	29.58	37.4	26.76	30.72	32.8	32.39	36.34
32.7	31.92	34.18	28.89	30.7	37.89	30.71	36.05
28.02	22.85	24.22	26.02	23.67	22.96	25.91	23.22
24.38	23.74	23.42	31.58	32.55	26.18	25.67	33.69
36.37	32.03	29.62	30.53	35.18	32.75	31.78	29.26
46.34	39.24	38.97	38.3	34.44	36.33	33.03	33.69
30.61	23.36	31.55	25.59	25.22	32.93	37	27.2
27.4	26.11	26.56	22.18	25.89	23.39	25.49	25.24
27.35	37.44	34.76	32.43	29.25	27.67	29.8	30
41.62	32.13	31.73	29.63	35.87	33.33	35.35	36.82
28.93	26.62	27.34	31.28	30.27	26.69	30.17	23.94
24.47	33.85	32.83	28.71	25.88	28.41	24.97	29.91
34.73	29.29	36.6	30.09	33.18	31.59	35.42	31.45
30.48	27.43	33.23	26.21	29.58	31.59	31.2	26.74
26.77	29.15	29.21	32.67	31.02	30.17	29.82	25.64
33.06	31.23	30.31	32.47	31.18	34.39	25.79	28.27
31.38	32.07	26.19	32.2	28.25	27.81	31.16	24.04
34.36	25.89	29.07	30.01	28.81	29.04	26.04	31.47
27.64	30.66	27.09	36.72	34.5	31.1	31.82	26.15
26.4	26.38	25.23	30.08	30.91	31.81	26.99	27.72
27.97	32.23	35.78	31.26	28.33	28.87	31.57	31.1
27.67	26.96	22.38	29.1	26.71	28.88	28.12	28.81
31.87	35.55	28.46	33.46	32.3	26.94	30.52	31.44
31.77	39.02	29.25	36.86	33.93	35.49	39.96	32.84
25.09	29.28	29.79	23.67	30.08	33.52	29.66	33.82
30.14	22.93	26.47	24.4	31.51	24.83	26.97	27.84
31.28	37.87	29.05	32.79	29	31.67	33.74	26.08
35	29.13	27.91	27.59	28.95	34.86	34.22	35.5
37.28	32.53	30.24	31.29	29.38	26.46	26.95	29.83
33.86	40.1	30.43	27.76	30.14	36.98	38.74	27.94
34.57	29.24	28.53	28	29.81	26.54	25.89	31.28
28.04	34.88	22.77	32.27	30.37	27.83	31.1	26.43
29.26	28.81	27.14	27.07	29.44	28.07	31.77	28.97
29	28.33	29.97	30.7	29.5	31.86	33.62	27.74
24.84	24.05	27.28	25.6	23.03	28.47	25.57	22.29
28.15	22.8	22.86	20.07	25.33	25.27	20.63	24.42
21.34	25.22	27.27	26.08	26.49	21.62	29.06	30.62
31.2	35.79	28.27	35.81	34.06	29.92	34.04	30.35
29.85	28.73	23.48	30.53	24.69	26.84	17.45	29.14
27.07	26.61	21.82	21.85	19.45	22.85	26.76	26.68
34.84	36.51	31.46	34.31	34.58	39.85	31.96	35.6
23.95	30.83	31.56	35.11	29.83	34.49	32.04	29.61
38.71	30.73	32.01	34.71	29.75	35.29	34.03	38.2
27.35	33.05	28.51	32.38	33.35	31.66	34.43	32.71
29	25.89	32.65	22.42	29.11	29.41	34.01	28.87
25.85	34.54	24.96	33.27	32.44	36.35	28.92	29.24
34.93	31.48	34.15	29.02	29.34	32.05	33.55	36.11
33.39	30.91	31.2	32.12	30.49	28.68	30.85	33.7
34.72	34.02	28.12	34.63	38.08	41.69	35.16	36.34
26.21	29.46	26.06	27.33	25.55	32.23	27.51	27.1
29	32.02	30.27	37.12	35.92	28.26	33.82	29.46
30.78	30.35	25.16	27.43	27.35	30.49	30.39	31.36
19.1	28.31	29.33	22.32	28.07	24.98	26	24.24
35.62	30.23	35.6	28.09	33.5	30.6	33.54	32.78
26.85	23.73	23.79	27.11	23.72	27.02	23.03	20.27
23.93	29.4	32.69	25.14	31.05	23.33	30.04	31.38
29.38	36.15	31.6	35.4	32.62	35.09	36.15	28.46
26.09	29.6	30.31	28.02	29.99	30.33	28.89	26.2
33.53	31.1	33.65	36.18	35.99	34.29	32.25	35.95
30.99	30.69	29.69	34.87	28	26.7	30.52	29.89
34.75	29.61	37.67	32.36	36.04	36.88	30.8	28.71
33.61	29	29.26	31.04	22.73	23.51	25.19	31.54
25.81	35.04	27.61	28.47	37.8	32.01	31.83	30.45
30.85	30.52	31.76	27.89	31	34.27	30.39	31.94
32.98	32.68	32.3	26.79	29.54	30.4	32.32	25.26
29.91	32.38	33.27	32.11	33.57	34.38	28.9	29.97
32.74	25.27	28.52	26.56	24.37	34.15	30.08	31.31
17.66	22.53	22.97	23.8	18.3	22.79	16.55	25
22.58	28.36	23.15	24.36	26.12	29.09	30.72	25.67
31.58	27.46	33.68	28	30.42	28.92	26.67	36.03
27.74	33.04	28.43	25.9	35.07	28.59	30.64	26.26
37.6	32.98	31.18	36.65	32.98	36.08	30.94	39
32.81	26.74	32.55	30.24	25.36	27.94	32.73	29.75
34.21	31.75	27.26	30.58	32.97	32.5	27.82	26.68
29.56	30.42	26.11	28.6	30.96	28.91	29.12	30.83
33.32	29.25	34	31.3	29.27	27.4	31.79	27.49
34.34	29.98	29.87	33.63	35.79	28.1	30	37.1
26.95	33.35	25.46	28.76	26.23	27.87	34.81	30.54
31.88	29	36.33	33	29.75	37.6	34.12	29.87
33.31	28.97	30.57	27.96	25.49	30.75	28.78	33.75
30.08	22.87	25.76	28.87	27.95	24.51	24.73	24.93
27.47	29.57	28.87	28.61	28.95	22.79	28.87	27.47
28.16	35.29	34.99	37.51	33.47	34.52	34.85	33.84
27.2	30.21	25.57	30.3	28.96	34.23	29.86	32.44
47.28	36.95	39.51	37.76	33.84	41.27	42.21	35.29
28.31	24.2	27.48	21.62	25.77	26.27	26.74	26.76
32.5	34.68	35.07	32.76	33.48	33.48	29.41	26.55
29.59	28.18	26.36	27.13	27.83	22.49	28.97	26.78
29.91	27.1	28.68	28.42	32.31	24.11	32.68	29.11
32.11	30.61	30.68	24.37	26.82	25.78	32.2	25.99
23.76	21.4	24.23	24.35	21.26	24.16	23.96	24.31
25.19	30.12	28.04	28.26	35.84	37.05	29.2	29.55
24.85	29.85	24.84	28.61	31.06	31.13	31.44	33.93
30.18	33.23	30.71	30.72	30.41	31.59	29.58	30.39
32.88	37.24	28.44	28.06	30.88	29.3	31.29	29.78
31.92	31.16	30.93	29.11	26.75	27.87	26.01	26.29
32.79	33.98	34.56	28.26	29.51	30.53	26.94	30.68
36.52	38.31	27.92	32.42	33.42	30.68	29.57	34.6
35.91	34.42	32.54	31.92	40.43	38.54	27.1	32.21
29.46	34.72	29.89	32.01	36.86	37.62	36.4	30.11
25.59	29.57	29	32.09	25.11	27.73	24.75	30
23.93	25.58	25.54	20.32	24.9	23.75	26.95	26.62
35.54	35.55	31.71	33.29	32.52	29.89	30.12	33.33
30.75	31.25	30.3	29.31	28.35	30.61	35.45	31.72
25.38	26.65	29.09	29.97	25.96	29.63	28.15	25.81
25.55	23.39	22.66	21.85	25.11	23.14	22.22	28.44
25.61	22.89	25.5	21.67	26.03	27.4	21.9	22.47
26.53	28.36	26.85	23.1	31.65	22.23	27.97	27.45
29.53	30.47	30.59	26.93	36.01	34.75	29.45	29.2
20.87	22.11	18.81	23.73	21.44	19.31	23.63	23.56
20.04	17.97	20.81	17.43	22.12	17.87	18.59	20.11
29.19	23.02	23.47	24.51	24.37	26.54	28.7	24.62
35.16	32.61	34.7	34.71	32.8	31.14	29.59	37.77
26.46	35.26	33.26	29.56	28.83	37.58	36.69	32.25
37.92	33.01	35.38	31.16	31.31	33.23	43.98	32.06
34.57	25.62	30.44	27.01	25.01	29.59	30.84	32.17
28.68	25.81	32.17	30.73	29.3	28.73	32.11	29.21
37.2	30.51	37.37	34.91	31.3	34.75	24.29	31.2
30.12	29.59	32.27	30.43	29.04	34.33	28.83	28.6
27.02	23.84	26.01	29.39	27.98	25.22	24.07	26.47
24.74	28.84	28.19	28.8	29.99	30.78	24.39	29.18
31.57	30.01	34.53	29.2	35.18	26.35	27.61	29.73
23.7	27.99	28.68	26.97	22.92	29.83	31.48	21.75
31.53	35.97	30.64	28.92	31.94	26.54	27.65	31.64
26.53	27.86	29.53	29.18	32.82	32.74	35.04	37.73
27.53	29.84	33.88	38.05	32.93	35.83	35.13	36.46
29.02	26.6	35.18	30.33	26.35	31.47	24.19	31.08
25.88	25.44	31	28.79	26.68	33.74	27.42	29.25
35.15	32.96	33.05	40.43	32.53	35.31	30.03	36.46
38.51	39.45	36.84	32.42	40.95	40.58	30.36	36.4
27.93	31.53	28.89	31.53	31.08	31.05	32.77	25.42
32.68	36.21	36.06	35.69	26.87	32.03	37.16	31.48
26.85	29.94	27.94	23.81	26.45	27.28	24.48	27.03
30.99	27.05	32.08	30.69	32.63	28.36	32.68	33.37
27.17	25.57	24.95	21.68	22.89	21.59	23.34	22.86
36.44	35.98	32.92	30.61	37.6	34.49	35.96	35.31
26.52	29.3	26.2	25.49	24.08	30.47	27.16	29.38
32.57	31.68	38.67	34.1	26.7	31.94	33.22	33.6
33.13	37.48	34.44	32.6	34.53	28.43	34.37	34.14
34.67	29.85	34.79	34.95	26.83	32.24	34.6	33.19
28.38	26.66	29	28.44	28.27	31.43	28.81	33.97
22.95	27.97	27.09	23.52	23.67	31.82	24.22	29.83
33.42	26.44	29.04	32.5	37.9	31.24	29	31.19
27.16	28.42	33.23	27.29	29.54	30.4	30.66	29.89
23.79	28.58	24.64	25.45	23.07	27.04	29.39	29.9
28.42	30.21	27.65	22.71	30.02	23.96	30.71	25.44
34.81	32.1	34.85	27.74	32.13	28.97	33.71	32.48
23.81	27.29	22.24	19.68	24.85	22.83	24.47	24.62
27.54	28.12	26.47	27.19	29.43	27.92	26.12	24.7
31.75	29.97	35.5	37.07	28.59	32.49	35.87	29.4
27.45	27.42	26.45	26.65	25.81	27.06	22.94	24.98
31.68	29.8	29.44	34.8	38.56	27.83	31.02	30.04
28.92	36.03	38.46	29.01	28.13	31.43	33.64	34.24
36.83	29.42	31.42	31.44	32.06	35.7	36.06	30.55
26.49	30.45	30.16	29.72	24.52	29.46	27.18	27.31
29.4	29.78	36.31	34.94	32.34	31.94	34.5	32.28
30.43	32.75	28.2	27.91	30.95	29.73	26.34	32.34
25.84	25.71	23.73	30.13	29.32	32.7	25.01	33.66
20.82	23.69	25.29	23.59	26.27	25.68	27.45	21.57
28.35	25.67	33.7	25.88	27.27	31.79	29.67	26.81
36.85	33.92	34.18	32.59	44.46	40.1	36.4	36.5
22.2	23.43	29.15	23.96	25.36	28.24	23.26	24.52
26.48	24.15	30.52	26.92	29.33	25.31	25.48	24.46
35.37	26.48	27.15	28.42	30.03	34.47	31.12	26.9
31.57	31.23	40.76	30.82	34.19	32.16	33.17	37.55
40.86	41.55	41.93	37.02	38.51	38.55	42.34	41.23
37.04	34.43	38.54	34.2	43.43	37.73	44.62	34.43
33.51	32.04	37.68	35.68	40.08	31.95	40.67	29.87
25.66	29.68	30.9	28.69	26.15	26.91	25.4	28.11
32.87	30.08	29.88	28.98	30.88	34.39	32.63	29.9
21.58	30.54	20.86	24.27	24.8	25.25	19.83	20.12
32.46	35.28	29.13	37.81	28.58	35.52	30.42	36.18
34.33	32.06	28.56	33.35	31.68	34.25	33.59	26.68
31.89	24.82	27.35	25.12	26.02	28.48	27.6	27.48
37.71	31.82	36.08	38.73	31.65	32.65	32.91	29.94
33.54	30.14	30.56	33.99	32.22	36.29	26.36	28.84
27.66	30.72	32.4	27.53	33.82	29.98	31.61	29.35
32.73	34.45	33.44	33.65	25.69	27.88	32.88	29.25
28.4	29.88	19.25	27.21	33.26	24.98	27.04	28.43
26.89	26.71	25.81	30.93	26.22	26.1	27.99	23.6
32.71	28.41	34.28	35.18	28.35	33.47	27.27	30.32
30.94	33.7	34.06	41.89	34.05	40.8	34.13	35.34
26.59	31.49	25.8	28.27	30.97	29.7	29.4	27.89
29.15	21.93	28.44	21.26	23.09	27.64	23.4	24.43
34.58	28.58	32.81	32.17	25.13	34.59	35.15	37.83
37.46	36.13	30.56	30.54	38.28	37.86	34.77	36.27
28.05	32.67	30.27	34.85	29.65	30.49	33.76	30.81
33.53	29.84	33.61	34.97	35.13	32.27	34.15	38.55
28.18	31.49	26.2	26.57	25.29	31.49	31.56	31.67
27.37	27.75	27.86	31.34	29.38	25.01	27.93	30.14
26.01	27.32	25.13	27.82	25.65	22.92	26.47	30.33
29.3	26.63	31.67	27.93	37.81	27.47	33.11	29.56
27.91	31.2	35.95	28.54	29.47	32.3	31.62	32.44
25.82	28.66	24.59	24.23	25.67	25.57	23.55	22.79
36.03	31.99	32.19	31.14	27.87	35.02	31.47	36.83
33.28	38.22	26.78	24.56	28.69	31.08	29.46	28.97
26.27	26.4	29.73	26.25	29.13	20.78	27.43	28.12
26.44	29.8	26.99	27.52	27.67	27.15	33.13	27.69
26.7	24.7	26.83	28.83	26.09	25.22	27.66	27.16
26.87	21.19	29.1	31.46	28.01	36.63	22.84	27.55
26.26	25.3	28	28.69	22.53	27.35	24.05	27.66
35.25	28.99	29.29	29.04	32.85	33.83	35.78	38.86
35.19	32.27	30.97	29.89	30.33	29.69	34.45	30.22
25.12	27.44	28.3	28.63	25.54	24.32	25.56	26.83
29.92	30.24	31.29	29.41	27.38	37.68	31.76	28.43
26.96	26.65	28.49	24.05	31.07	32.29	30.43	24.59
32.44	30.05	31.93	31.48	32.23	27.01	25.76	34.45
30.29	26.57	28.38	33.58	30.63	26.37	23.69	29.68
25.52	26.5	28.55	28.56	28.74	25.16	28.1	24.19
33.53	28.15	30.68	32.49	33.7	34.17	31.98	29.83
25.46	33.29	29.67	29.39	30.82	31.91	31.78	29.05
29.86	33.69	36.51	32.06	37.96	31.68	34.24	35.03
32.09	40.25	42.57	38.57	35.76	38.8	37.18	35.23
25.11	26.93	31.87	24.95	32.79	30.95	23.45	25.71
24.16	34.08	27.89	29.36	33.92	32.04	37.6	31.96
35.12	24.25	28.76	26.79	33.79	24.29	25.88	23.9
35.79	30.41	29.69	28.58	33.2	30.72	29.54	31.36
29.92	28.59	23.59	32.16	38.33	35.09	29.58	30.41
33.18	33.09	36.03	35.45	31.56	31.98	35.9	33.24
39.44	40.09	38.07	32.22	37.43	34.79	30.37	33.42
33.32	24.24	26.11	25.7	33.03	29.35	31.01	29.11
32.25	32.8	37.75	34.73	45.91	25.67	33.23	31.81
25.55	23.94	32.14	24.85	28.65	35.61	31.23	28.42
37.49	28.54	36.97	36.59	31.87	38.32	36.36	33.96
37.91	38.02	31.58	34.25	34.82	31.75	31.42	32.36
33.22	37.17	23.63	31.1	27.16	29.03	30.78	31.1
35.69	36.56	33.24	31.2	29.45	35.05	30.17	29.78
26.8	25.27	28.18	30.58	24.96	25.88	28.49	25.63
33.21	33.06	37.23	38.85	34.6	34.77	38.85	28.87
26.77	26.12	26.95	33.49	33.23	31.68	33.5	36.5
31.31	34.9	39.76	34.29	29.4	32.25	25	33.8
29.54	28.99	23.12	27.51	35.33	26.12	27.1	31.93
30.45	31.32	33.91	33.85	30.73	39.37	29.88	33.35
32.22	28.64	28.34	29.3	34.02	29.19	32.11	30.67
30.06	35.44	34.32	30.23	30.79	36.71	31.86	36.83
34.22	26.65	28.26	31.26	30.14	26.8	22.5	27.81
30.06	32.6	32.69	31.81	33.37	26.23	32.21	38.08
34.08	38.39	34.59	36.65	32.34	33.07	42.23	35.43
21.19	29.93	26.06	22.67	25.13	29.12	22.21	26.44
32.02	30.49	29.95	28.47	25.94	32.4	27.18	30.54
30.72	30.39	27.18	28.56	27.34	29.24	26.56	23.44
28.5	31.01	32.61	26.99	30.45	24.21	27.94	33.5
30.18	31.63	34.81	29.4	30.16	32.2	30.36	23.88
31.72	32.42	25.43	32.12	24.1	30.24	26.63	28.32
32.07	28.24	30.21	26.43	28.89	30.01	28.34	25.7
32.28	27.64	31.65	27.89	30.21	30.14	30.72	28.64
25.82	26.58	25.67	29.8	25.25	21.81	21.44	22.93
34.03	35.42	30.25	34.19	35.83	29.35	36.61	34.03
28.06	36.22	31.03	32.53	31.64	30.86	37.5	34.04
26.45	30.21	22.64	24.14	25.52	26.57	25.37	28.89
28.12	37.05	32.22	32.75	33.2	29.04	38.83	29.61
27.31	31.52	31.75	33.11	31.14	27.73	37.78	28.94
29.8	31.09	31.59	33.08	33.8	31.76	30.52	33.91
24.38	26.54	37.08	27.44	31.99	35.52	22.96	29.27
32.65	32.43	32.85	35.68	42.28	32.05	30.19	30.51
23.68	22.41	22.93	27.05	25.58	22.31	28.53	28.07
29.34	29.33	31.59	31.01	31.02	31.42	32.58	28.62
30.47	27.02	31.22	22.32	22.17	26.22	34.26	27.62
26.93	33.2	31.31	34.48	27.98	34.11	35.96	34.85
29.62	28.34	31.39	35.16	33.36	30.29	34.9	33.18
29.75	34.48	31.48	35.88	32.12	34.31	31.38	34.48
34.95	29.91	37.83	31.07	28.37	33.4	34.98	33.6
32.63	34.34	37.39	33.81	35.01	35.24	35.32	35
26.67	27.94	29.24	27.31	28.54	25.64	25.94	30.44
32.15	34.77	25.9	33.67	29.71	42.15	39.91	33.95
30.98	18.47	27.74	23.15	28.05	19.34	29.2	23.85
36.28	40.89	39.06	37.58	35.4	34.29	40.64	34.92
28.49	24	24.53	25.99	20.46	23.62	19.82	20.36
35.67	30.79	38.54	34.98	32.72	29.81	31.29	38.58
26.35	23.49	30.05	26.23	26.22	22.8	24.45	30.01
24.09	28.81	25.46	25.16	30.41	28.15	29.84	28.64
26.99	28.41	29.03	29.85	29.92	30.14	26.12	30.43
25.89	27.94	34.66	34.79	31.04	34.91	34.3	33.78
26.45	27.11	26.59	27.34	31.25	24.27	27.05	29.91
32.74	26.42	31.86	28.08	35.27	31.14	31.49	37.92
31.68	26.51	26.2	25.01	27.83	27.34	30.91	23.55
28.7	37.76	33.88	34.05	30.8	33.77	33.65	31.63
30.03	33.43	32.99	31.63	35.55	32.6	34.42	33.43
29.87	32.94	30.76	34.41	28.7	30.81	31.67	33.1
24.69	22.75	24.87	23.24	23.86	32.83	25.9	23.69
27.47	27.69	24.32	28.07	27.63	25.41	28.16	31.07
28.38	30.06	31.61	30.92	27.59	31.07	34.73	31.44
32.75	30.91	27.05	28.69	37.94	29.98	30.58	30.63
42.63	39.13	42.82	37.75	41.45	36.8	38.47	47.31
27	25.55	28.92	23.57	22.91	25.49	25.51	21.93
31.44	30.18	29.77	36.12	33.22	30.79	36.69	34.77
23.11	28.35	30.49	27.77	29.47	26.49	27.51	30.69
33.73	34.42	28.71	28.74	38.69	29.61	26.86	29.42
27.82	27.07	22.06	27.46	26.13	24.09	31.73	21.71
33.38	25.77	34.48	32.03	34.68	28.8	25.91	34.65
26.89	33.52	30.07	30.92	30.94	28.82	27.98	25.02
28.48	25.52	29.32	29.62	25.19	27.2	29.22	32.69
39.11	34.75	37.51	35.63	35.86	35.55	33.45	34.5
28.96	28.38	28.21	23.38	26.43	24.23	26.15	27.01
33.16	28.24	29.42	32.84	30.34	33.87	30.64	33.42
33.2	34.58	34.73	33.39	31.21	34.67	34.6	28.89
31.23	26.48	26.21	26.69	22.71	29.82	25.29	28.79
28.5	31.03	29.74	29.14	28.12	27.59	25.12	32.82
25.34	26.3	29.49	28.94	27.03	31.82	31.6	31.41
27.86	27.71	29.37	35.69	24.36	29.72	27.22	32.05
26.68	26.64	19.44	25.66	27.6	27.22	26.01	27.87
25.34	27.86	28.98	29.6	28.31	24.51	27.59	25.75
25.96	31.71	31.86	28.44	30.64	33.04	30.23	32.32
26.71	25.33	25.04	27.59	28.72	25.94	27.9	23.92
28.57	28.87	27.28	32.93	33.03	30.08	31.22	22.25
28.58	26.21	29.96	29.25	28.94	30.39	23.06	29.17
23.82	26.95	28.93	25.81	26.34	25.06	35.22	27.36
35.43	35.59	34.37	30.75	32.6	33.7	29.84	33.04
25.88	27.89	31.52	25.23	33.1	31.71	28.34	31.49
36.85	29.15	32.95	31.29	31.13	33.72	31.74	27.57
23.45	24.06	24.78	23.22	23.26	26.48	23.5	25.97
29.65	35.69	30.02	30.35	27.62	26.44	31.63	25.29
27.33	28.69	27.95	23.04	32.69	30.5	31.5	24.22
29.01	25.8	29.88	26.89	32.44	26.34	27.48	26.69
34.08	31.2	34.37	25.01	31.3	33.7	27.12	32.71
26.55	24.63	23.47	25.82	23.92	29.99	24.07	28.1
33.01	33.4	33.09	24.2	31.98	30.57	30.88	30.03
24.58	32.63	28.02	26.25	25.58	33.82	29.91	27.97
26.09	35.76	27.03	23.78	31.67	28.4	31.4	30.14
25.46	25.82	23.57	30.04	28	22.04	24.74	23.31
29.65	31.93	30.99	32.82	32.46	28.5	33.91	25.51
23.46	23.64	21.48	26.53	32.76	27.6	27.71	26.03
27.27	30.2	25.91	27.93	29.1	29.97	28.41	34.41
35.81	24.68	32.9	28.76	29.92	35.79	36.87	29.17
25.86	22.42	25.19	25.55	29.48	22.91	24.74	22.66
32.39	34.87	30.51	29.82	32.18	35.6	30.17	32.32
29.97	30	30.26	28.74	32.67	38.3	29.68	28.48
32.55	29.07	32.32	31.59	27.09	30.83	29.72	34.81
33.85	32.18	32.2	33.25	29.56	30.48	31.67	34.93
31.15	29.74	30.63	32.36	35.78	28.72	34.98	25.88
28.47	25.18	25.24	33.62	31.11	30.99	26.35	29.28
28.03	27.8	27.72	28.67	27.69	27.55	24	25.67
28.03	26.35	27.27	26.25	26.9	27.88	29.74	26.78
25.9	25.99	21.38	20.41	25.98	25.72	24.34	23.49
31.97	31.84	33.42	30.31	28.06	27.88	28.87	31.55
26.32	31.23	29.86	27.49	34.05	37.2	31.29	32.32
33.99	27.71	31	29.97	37.86	26.88	26.2	29.94
38.76	26.12	32.94	29.66	32.6	30.07	30.09	31.33
26.72	33.94	36.63	38.34	34.81	30.74	29.03	33
31.02	29.11	29.11	28.83	26.23	31.55	30.54	25.58
31.66	35.04	34.08	37.44	38.46	36.54	30.55	36.15
27.66	29.19	24.51	28.7	25.05	27.96	30.15	22.23
38.84	30.4	44.58	39.35	40.15	41.54	32.61	30.67
27.27	31.67	33.09	23.73	31.11	28.56	31.73	27.21
26.02	28.12	26.59	29.22	26.59	25.55	28.37	30.2
37.21	33.19	34.87	30.82	34.91	28.85	27.96	35.16
35.57	30.94	26.81	33.75	34.18	35.54	36.33	37.48
25.78	32.43	32.88	32.1	35.39	39.43	32	32.86
31.13	27.17	26.51	33.81	35.98	32.28	33.11	29.78
29.8	37.24	29.64	34.22	34.68	29.79	28.02	29.89
34.92	28.35	34.54	32.36	35.21	28.05	27.22	31.12
36.03	31.59	26.89	40.5	33.26	31.44	33.66	32.43
29.15	28.17	32.69	27.57	31.52	31.38	25.4	25.23
32.37	34.35	30.55	26.19	36.15	34.35	28.04	28.81
36.56	34.08	29.51	35.46	38.57	31.99	31.81	39.35
23.58	25.22	20.93	23.97	22.52	27.03	21.78	23.35
29.29	32.23	31.82	27.85	31.17	30.92	34.45	34.45
27.06	25.79	22.13	28.57	26.09	22.51	25.11	28.8
36.02	33.05	33.25	31.7	44	31.52	29.99	40.42
29.39	35.13	32.1	30.24	31.01	31.37	32.3	29.68
23.06	22.01	23.85	22.08	19.93	23.74	24.7	23.19
35.22	39.81	32.95	37.07	35.22	29.19	32.61	39.98
27.03	29.65	23.77	24.28	29.04	24.57	29.31	24.04
23.46	26.57	27.18	29.51	30.1	27.48	25.87	29.52
33.34	33.08	31.1	31.74	26.53	30.02	30.31	26.77
35.56	33.53	33.13	33.25	35.78	28.71	26.95	33.14
38.89	31.25	32.37	34.82	34.12	29.75	29.82	28.34
36.51	35.73	29.03	36.08	37.32	28.16	38.17	36.73
35.79	28.06	32.55	27.2	37.17	32.99	25.53	25.05
30.04	26.32	36.11	25.9	29.76	30.69	29.19	29.7
34.17	33.75	37.16	32.11	31.67	32.22	34.6	28.86
27.05	24.79	31.19	27.23	27.55	30.52	25.18	31.45
32.66	32.92	34.07	30.95	29.52	31.65	32.99	28.65
31.41	31.25	31.01	32.37	31.43	31.18	33.14	32.81
23.3	32.18	26.84	26.73	28.6	24.76	25.05	26.08
25.72	27.52	23.69	24.28	34.35	29.04	26.57	29.17
32.3	27.95	27.51	29.74	27.89	25.83	29.68	32.54
25.48	27.66	31.62	28.53	30.82	30.55	27.73	27.69
29.65	30.17	31.6	31.12	33.47	33.3	28.4	30.35
32.57	29.62	25.18	32.25	32.28	27.39	29.96	32.6
23.68	25.51	27.64	26.71	26.43	23.88	31.32	37.43
35.82	33.83	36.15	37.34	32.31	34.92	36.39	35.81
28.68	26.92	27.2	26.24	33.92	29.22	28.82	27.86
37.37	35.15	36.2	31.85	38.63	41.67	36.82	41.03
31.13	32.9	35.16	32.89	27.81	34.83	33.46	40.35
30.92	33.26	33.17	35.47	30.51	34.34	22.13	26.4
27.62	33.49	33.49	34.98	38.19	35.37	28.82	37.02
31.56	34.06	37.11	32.87	35.15	33.61	33.4	27.9
29.12	29.51	27.1	31.83	27.39	20	25.33	29.98
29.03	30.43	43.13	32.94	41.01	32.39	32.12	35.36
30.8	27.88	26.51	33.92	28.69	26.97	28.31	30.09
30.18	34.19	36.39	34.33	30.93	32.24	29.64	33.53
38.4	37.2	36.55	28.21	27.63	37.87	33.76	32.7
35.07	30.04	27.05	29.38	25.18	30.16	23.09	29.18
31.61	33.84	34.32	33.33	28.83	31.5	30.13	33.21
25.34	26.42	24.61	29.92	30.51	24.14	30.4	27.01
29.06	28.3	30.95	33.41	31.93	26.93	33.39	32.62
23.53	26.25	25.39	20.91	25.25	34.25	24.95	23.8
26.18	26.85	24.92	25.7	26.65	30.63	27.19	25.72
24	23.26	29.39	29.53	26.76	22.28	27.66	22.95
35.45	32.24	34.51	31.59	41.46	33.49	37.07	25.83
25.52	29.16	33.62	30.39	28.38	33.26	38.61	32.07
35.87	36.35	36.6	33.52	33.93	35.94	35.4	35.14
30.97	26.71	29.25	26.25	27.32	25.95	25.15	25.8
25.39	28.91	27.61	27.58	26.67	27.02	26.71	27.51
25.51	36.31	27.12	27.61	25.2	22.93	29.98	29.35
32.85	39.43	29.72	28.39	27.91	32.03	35.63	33.13
29.1	26.31	29.9	28.03	33.26	32.8	34.15	25.6
28.47	23.93	26.91	29.12	34.88	28.05	29.79	30.01
26.67	30.73	27.06	24.08	31.7	29.87	27.22	30.74
30.69	30.46	28.86	28.51	27.97	31.56	27.19	28.94
33.6	38.63	40.78	34.78	38.06	31.87	34.18	36.92
26.23	36.6	27.87	28.95	26.16	31.05	26.88	32.98
30.24	24.62	23.91	23.49	30.09	28.35	28.29	27.26
32.7	27.55	25.06	29.51	28.35	33.6	28.88	27.75
33.12	29.62	35.23	30.23	28.08	35.39	32.15	34.18
24.37	34.12	30.9	28.18	30.22	32.42	39.86	31.06
21.94	24.31	21.02	24.39	25.4	21.7	23.02	18.76
27.76	25.87	35.66	33.2	33.45	36.99	28.31	32.82
28.87	35.23	36.3	35.46	31.64	35.54	32.56	24.16
32.74	34.75	29.62	33.74	32.75	33.3	31.76	33.11
28.27	33.13	26.95	26.89	31.69	30.68	31.06	27.1
30.33	26.15	33.76	33.1	31.1	28.8	34.59	32.55
26.49	26.64	22.58	27.3	27.29	26.36	18.64	23.89
35.93	32.74	35.29	32.35	36.27	34.55	31.56	28.8
23.91	21.97	26.26	20.51	24.26	28.43	21.34	27.02
31.86	33.68	35.75	35.26	28.83	30.26	36.16	26.74
40.11	35.05	30.43	32.94	27.35	38.6	33.73	34.43
32.91	25.27	27.57	32.1	31.9	29.97	32.4	32.95
26.19	31.75	32.29	34.55	30.63	33.37	27.81	24.53
27.47	23.99	27.95	28.45	27.79	32.82	30.46	26.52
26.5	29.55	30.3	27.79	30.18	25.53	27.62	24.16
26.3	25.87	27.41	27.33	31.88	28.92	27.29	28.31
32.41	35.66	37.23	28.55	33.82	26.66	33.61	30.63
26.25	26.93	28.63	29.83	27.73	26.19	34.45	23.86
37.13	31.96	33.26	36.62	33.25	30.6	34.44	34.48
29.05	33.93	33.86	32.46	32.58	35.54	25.86	29.96
24.05	26.11	28.44	23.31	28.73	25.67	25.81	24.51
28.79	27.75	28.19	28.85	27.22	28.82	26.58	24.23
22.13	21.95	25.61	24.72	21.82	21.13	22.92	24.53
28.92	27.18	22.83	21.74	24.69	28.55	28.2	26.27
31.95	31.14	25.66	30.36	30.25	32.26	31.37	24.16
29.94	31.16	29.75	33.8	23.6	36.09	28.95	26.75
30.89	30.45	27.92	28.92	27.52	26.39	25.37	32.38
25.84	24.09	23.49	21.75	22.5	27.19	27.35	21
32.58	28.93	34.26	32.91	32.12	32.66	26.79	31.82
32.09	27.65	36.78	32.43	28.84	33.39	31.72	33.48
27.28	28.85	29.1	27.28	28.98	27.48	33.76	21.12
32.42	30.32	33.25	30.96	35.53	41.64	31.93	30.82
17.84	31.58	32.38	28.74	30.67	36.96	32.02	28.07
30.38	33.85	29.15	34.28	27.13	20.13	28.88	30.97
22.29	23.38	24.16	22.87	21.4	20.51	20.56	20.38
33.72	35.86	34.22	31.84	33.66	30.44	27.57	32.43
28.13	29.34	30.6	36.55	26.39	27.71	30.35	40.63
30.82	38	30.28	37.12	33.52	35.74	27.65	31.95
27.22	24.4	25.13	28.54	25.91	30.53	33.71	28.9
24.74	30.45	23.57	24	28.26	27.39	28.14	27.53
29.37	29.56	26.4	23.6	30.18	27.75	22.15	28.4
33.57	26.89	32.01	31.91	34.36	31.96	32.46	33.77
31.24	27.72	26.64	28.62	31.96	29.66	29.01	32.19
27.72	31.61	33.1	32.19	28.98	30.16	32.73	30.37
25.22	28.63	21.97	27.25	25.91	28.8	25.11	26.68
32.85	26.35	26.29	29.6	27.99	32.28	30.63	30.2
31	40.29	32.1	23.89	24.25	32.85	35.29	30.92
24.08	22.34	22.21	26.84	27.69	25.44	22.3	27.42
26.46	29.83	30.84	32.08	31.35	34.7	32.29	39.44
34.89	31.85	32.12	34.49	31.19	31.09	30.48	28.67
29.45	36.34	32	30.77	32.29	32.36	28.08	33.01
33.19	33.69	33.44	30.39	36.62	27.41	29.16	34.32
27.39	31.62	25.87	24.34	27.01	28.01	26.6	23.44
24.24	30.44	27.68	35.81	26.92	27.86	24	27.42
20.97	27.43	27.12	31.81	27.83	22.37	28.79	23.59
35.57	26.56	35.84	31.82	26.06	35.68	30.05	35.56
29.89	23.97	29.88	24.9	23.2	28.52	25.62	26.11
30.4	25.67	30.37	29.97	25.34	27.56	27.15	26.7
25.07	22.35	26.61	22.91	24.86	27.43	26.08	25.71
36.59	30.61	37.05	36.41	36.58	37.98	34.17	34.64
28.45	35.22	26.88	32.96	27.51	34.53	24.53	27.67
27.42	27.98	31.17	27.57	32.53	24.44	32.08	30.29
32.98	28.4	36.76	38.35	32.76	32.09	31.16	36.52
34.46	33.61	36.57	37.46	37.69	34.77	36.12	40.04
36.85	37.25	34.98	30.77	39.28	33.88	37.44	34.29
24.32	27.71	25.29	29.16	28.77	29.08	31.56	27.17
29.21	37.8	31.21	29.15	31.72	32.83	36.18	30.24
28.42	28.74	34.61	31.94	27.46	29.54	30.65	30.11
31.43	32.32	27.33	28.96	36.02	31.43	32.19	35.92
33.3	27.27	30.4	33.81	30.47	29.59	34.62	26.66
30.86	33.8	28.18	30.91	30.37	28.82	30.96	36.07
38.15	35.06	34.19	41.8	30.52	33.5	34.81	27.67
32.27	30.27	21.19	27.47	25.41	25.81	28.27	22.7
32.7	28.58	30.82	35.25	35.6	26.68	27.54	30.59
21.77	25.32	27.65	21.42	22.95	24.5	22.28	21.68
31.16	25.78	23.9	35.82	35.41	35.57	32.07	32.07
31.7	29.26	21.25	30.49	25.98	25.3	30.95	25.96
30.78	25.12	29.73	34.07	31.81	29.15	30.34	31.36
24.21	29.71	34.19	35.1	25.82	30.55	28.04	32.26
33.86	35.88	40.4	31.04	34.72	38.08	30.05	27.52
26.11	29.97	29.09	39.25	31.68	33.64	37.4	31.06
34.7	35.4	32.06	36.73	33.12	40.93	34.51	31.25
33.65	28.18	29.99	32.05	34.78	30.74	29.7	29.72
32.85	28.5	30.47	22.42	28.85	28.44	24.46	31.75
33.4	30.77	29.25	33.18	35.98	32.77	30.39	38.17
29.55	23.04	26.36	29.51	24.25	28.61	30.35	26.17
27.43	29.58	29.91	33.54	34.94	38.12	33.63	34.69
31.73	26.45	24.6	29.17	35.59	33.17	30.9	30.56
22.75	28.71	31.2	31.09	36.23	31.72	30.09	36.66
26.69	30.11	33.8	35.05	32.18	36.01	33.57	35.41
28.45	30.62	32.5	30.51	37.76	31.3	32.59	35.93
30.63	33.77	26.06	29.57	27.68	30.5	30.32	29.99
26.44	24.77	23.69	24.2	24.67	26.25	26.51	23.12
31.74	29.59	24.78	30.89	25.51	31.41	32.28	29.29
28.77	25.74	27.76	29.03	25.19	32.65	27.03	33.79
30.65	29.05	31.46	35.71	30.25	35.9	31.44	31.24
27.28	32.28	36.64	33.96	28.44	38.48	23.89	28.8
30.95	31.46	30.47	31.28	30.23	28.98	30.71	28.64
27.67	27.75	26.22	23.87	20.94	25.38	24.5	24
29.26	29.43	25.94	31.3	34.52	31.71	26.77	31.53
31.73	31.78	29.27	30.33	38.92	35.79	31.71	31.3
30.59	28.63	27.64	21.88	25.62	29	29.77	24.8
27.1	34.35	27.34	32.43	26.73	29.28	32.14	31.14
32.72	28.7	35.77	31.9	29.33	28.78	28.71	27.66
31.37	25.43	24.63	23.23	22.15	25.08	23.84	25.58
32.39	24.65	23.39	30.49	23.16	28.3	24.48	28.91
30.15	32.61	31.97	34.1	29.62	30.46	38.92	25.38
31.41	29.01	29.09	29.13	27.34	32.66	26.99	33.8
26.24	32.37	27.4	34.23	30.52	30.97	25.24	30.54
27.19	32.05	26.98	26.86	27	27.51	29.98	27.06
35.66	34.28	27.12	33.86	31.6	34.46	31.47	32.58
27.67	33.49	28.21	29.74	33.07	31.09	26.64	27.2
33.46	32.39	26.64	32.15	30.01	26.8	33.73	33.65
23.29	32.27	25.84	26.74	33.5	24.37	27.05	27.95
26.39	27.99	23.67	29.49	29.12	25.14	28.49	25.07
33.78	30.82	33.98	33.22	35.25	31.58	37.16	29.5
27.91	26.6	26.91	23.3	27.6	29.15	28.85	28.66
25.59	22.01	28.41	27.38	30.56	23.15	26.19	24.72
30.65	23.54	28.78	23.78	30.28	22.63	24.02	24.41
30.45	27.21	34.06	28.1	32.38	36.88	29.45	27.86
29.98	33.13	35.3	34.12	33.89	31.88	32.19	33.47
29.46	26.49	25.94	34.15	32.16	30.46	28.44	27.54
32.38	27.46	29.54	27.96	29.34	32.1	31.51	30.71
30.35	24.62	25.18	22.86	24.64	23.88	23.44	23.92
28.64	29.69	28.8	31.53	28.38	27.37	25.77	30.12
27.59	33.68	27.23	28.72	25.76	31.96	28.89	29.18
29.41	29.19	34.18	29.24	33.33	32.33	38.4	31.71
24.86	23.03	26.14	25.94	28.65	30.68	24.63	27.19
30.01	26.84	32.71	31.18	27.82	23.23	29.87	30.85
32.49	27.16	26.6	29.9	26.55	31.56	32.2	27.75
26.99	30.6	29.03	29.17	31.47	29.68	39.06	29.96
28.41	32.83	31.32	33.03	25.8	32.64	28.68	35.51
22.87	26.39	23.81	28.64	23.4	30.34	22.77	22.74
31.36	27.05	24.42	28.79	29.62	29.21	30.46	29.29
23.42	20.28	20.62	19.18	24.76	26.28	24.35	21.3
21.77	26.58	24.54	28.06	26.68	24.67	27.65	27.13
32.39	38.96	33.91	33.34	36.45	36.62	34.12	37.67
32.96	33.31	40.25	39.67	34.19	31.81	32.38	29.51
25.98	27.31	28.95	28.57	26.84	22.92	25.92	30.28
20.57	25.15	25.23	28.33	20.06	25.68	26.34	29.92
29.93	24.94	26.24	26.56	28.31	28.46	28.52	25.33
32.11	30.69	28.25	27.2	27.19	32.98	26.37	29.78
21.76	21.96	19.94	19.67	24.48	24.36	25.14	23.88
26.4	25.61	30.7	24.32	28.16	32.92	30.76	27.03
25.4	30.94	29.74	25.89	27.23	32.98	30.59	28.34
27.1	32.3	26.22	33.7	31.55	27.19	30.2	27.56
28.42	33.58	31.59	29.54	44.07	27.44	26.97	35.13
29.03	24.2	24.52	23.79	25.12	25.61	23.98	26.31
27.61	25.99	26.17	28.15	27.32	26.58	24.44	30.08
36	37.49	33.37	36.18	39.32	40.89	36.38	38.83
27.37	25.45	29.45	25.72	31.07	25.01	26.76	28.01
28.03	27.29	29.12	26.12	28.2	26.41	27.43	22.63
29.71	34.66	29.34	30.43	28.04	28.71	31.98	28.54
27.54	26.84	32.77	28.26	24.39	25.16	28.61	33.71
24.81	30.09	30.89	32.17	26.47	28.95	28.05	28.56
25.42	26.83	25.48	30.84	31.58	28.12	23.88	28.94
34.59	24.42	27.4	31.54	27.41	32.85	29.43	29.78
28	32.88	31.73	36.78	31.12	31.49	25.36	33.72
29.56	30.25	25.53	30.98	27.41	31.13	31.49	29.9
32.9	26.87	28.99	28.68	33.94	29.39	30.81	29.11
37.49	32.05	32.38	34.73	33.02	30.15	33.66	31.92
29.61	29.98	32.09	38.27	32.12	30.69	37.84	35.28
27.08	27.93	23.78	27.51	30.32	25.31	22.17	29.54
33.47	36.45	34.37	30.64	34.4	30.19	33.16	34.15
30.59	30.85	26.47	24.67	26.16	24.27	33.49	31
29.28	30.84	33.13	31.94	26.58	32.47	29.33	34.28
27.68	33.05	34.45	25.89	27.71	30.52	28.93	28.98
26.79	30.05	33.74	26.57	33.95	28.55	26.48	32.68
35.16	23.95	26.98	30.54	30.57	31.26	26.46	30.57
26.56	30.08	31.3	27.92	27.47	28.21	31.41	26.2
25.71	29.11	30.36	25.01	26.4	33.17	24.79	26.32
34.41	31.11	30.09	28	30.38	37.9	31.95	29.26
30.64	25.2	32.72	25.52	27.46	28.93	28.49	31.8
28.66	37.54	27.44	32.48	31.72	29.48	33.55	28.1
30	30.37	29.53	24.37	30.16	24.29	28.84	29.02
25.7	34.4	29.85	27.65	24.96	28.61	28.66	29.98
38.2	30.26	28.97	25.94	29.54	31.68	26.8	33.47
26.77	31.18	25.23	29.08	24.21	22.78	24.73	23.14
30.57	28.65	29.18	30.06	30.03	32.52	29.66	29.43
20.29	26.19	22.25	18.2	27.18	24.79	23.8	24.42
25.54	27.69	24.89	27.39	22.25	30.47	30.77	27.22
22.98	21.16	26.45	26.34	25.85	22.61	28.32	22.48
21.29	24.97	28.15	25.01	28.62	24.23	21.98	24.57
32.71	25.48	32.14	29.75	29.43	25.28	32.74	31.47
27.31	29.5	31.66	32.41	27.35	31.6	27.2	29.83
18.62	23.36	21.65	21.93	27.51	29.93	25.26	24.03
26.78	27.7	30.96	24.07	28.45	31.62	25.11	30.84
32.79	31.08	32.31	35.12	31.97	31.32	29.84	32.23
28.9	27.82	30.67	31.86	23.96	33.99	32.08	24.63
29.5	26.74	31.88	30.52	34.68	30.07	32.86	31.79
32.99	29.7	32.06	32.53	32.19	33.16	31.64	27.37
28.98	24.55	28.83	24.17	24.18	32.49	19.85	30.9
41.11	35.39	35.62	39.68	38.97	33.83	32.92	37.21
35.76	36.76	32.98	37.18	35.76	37.18	34.31	36.55
39.18	33.24	32.42	36.39	24.14	33.53	33.85	37.92
25.33	28.23	24.05	25.25	28.53	28.43	25.5	26.33
34.25	29.95	29.62	35.36	31.22	33.55	30.42	25.61
34.24	37.46	37.72	30.75	33.16	36.72	32.02	28.41
21.7	29.57	28.94	27.22	29.74	24.89	24.81	30.47
38.55	30.53	33.08	36.96	37.87	36.43	32.43	33.12
23.61	22.73	24.96	25.28	21.58	30.86	24.92	24.45
28.46	23.39	26.28	25.18	25.55	25.67	22.55	20.07
27.61	36.53	26.28	29.17	30.28	29.63	28.8	29.38
30.06	27.97	29.04	30.56	36.93	26.97	33.42	39.33
31.4	30.57	26.01	26.23	32.43	30.31	31.67	27.7
29.38	33.49	32.1	28.76	34.3	29.83	28.89	37.88
41.75	37.96	36.75	37.3	42.67	42.44	42.49	44.31
30.99	35.2	32.39	35.48	35.86	23.62	32.62	39.06
29.67	29.11	32.99	30.61	31.74	29.86	33.97	32.48
35.03	25.61	29.51	32.38	32.41	32.49	30.54	30.28
27.26	34.02	31.64	29.5	29.8	28.66	30.79	30.9
25.74	34.84	26.32	29.34	28.21	29.4	28.33	29.76
28.35	31.82	30.84	30.31	26.72	35.97	31.51	23.85
23.58	25.78	24.88	27.14	25.63	23.53	27.85	20.39
29.85	25.52	31.35	22.52	26.62	30.48	23.21	31.58
27.91	27.09	31.58	28.14	25.5	32.64	29.18	25.53
26.95	26.12	25.99	24.9	22.73	28.62	27.93	27.04
32.94	28.26	32.66	31.96	22.49	26.92	30.22	28.01
32.1	32.71	28.63	28.08	25.46	28.03	29.52	30.54
27.47	27.28	29.62	28.34	32.42	26.18	31.41	28.83
26.6	34.49	26.28	25.64	26.31	24.64	29.53	29.91
32.26	35.37	33.76	29.69	35.43	30.2	33.69	39.69
32.3	29.07	30.21	26.45	20.17	25.62	28.8	31.26
25.72	21.91	24.16	29.16	23.2	25.23	22.01	26.59
36.92	38.13	30.78	32.5	30.98	35.75	29.38	32
28.06	27.79	27.64	29.43	32.82	31.27	31.47	29.94
32.08	30.46	30.12	30.49	29.72	25.15	37.59	31.59
28.46	30.28	29.23	29.83	26.91	30.97	30.39	24.73
26.73	27.92	28.31	25.1	28.28	25.39	26.33	24.48
27.83	32.57	37.23	39.92	35.06	35.32	42.63	39.99
32.17	32.38	27.19	27.38	28.03	32.02	31.26	27.62
23.25	31.73	26.14	26.55	27.85	25.38	25.21	27.71
35.03	34.2	40.75	37.28	35.33	31.6	26.62	36.79
33.42	28.96	30.21	27.36	32.48	31.31	27.04	30.06
38.26	33.63	33.75	33.92	34.14	33.91	26.95	30.13
24.72	25.78	22.84	29.01	22.85	20.62	25.93	22.25
27.07	32.75	28.54	26.06	30.83	32.62	26.75	38.57
30.35	32.73	28.45	33.08	31.14	32.88	31.4	33.92
32.05	35.51	35.11	32.54	30.52	31.39	37.76	34.36
31.32	29.95	26.42	31.06	23.07	30.43	23.8	30.7
28.54	26.25	29.86	29.62	25.02	28.51	26.17	21.29
28.39	27.92	28.46	30.4	31.39	29.4	27.86	30.39
28.25	31.56	29.2	26.54	22.48	24.49	22.77	27
36.35	26.86	28.66	26.54	31.26	35.14	25.22	29.84
29.15	23.4	26.9	21.96	20.07	28.21	25.37	22.03
29.91	24.04	29.32	27.21	28.45	31.98	34.85	30.29
31.47	22.1	32.63	24.74	34.33	33.03	30.72	30.27
26.01	31.51	24.42	24.33	24.93	29.66	28.52	28.06
28.86	24.13	33.28	29.25	25.92	28.92	32.14	34.19
35.23	32.12	31.48	30.84	28.08	35.37	30.6	31.22
22.56	28.19	26.57	23.49	25.12	27.49	24.07	29.32
27.69	32.58	26.81	28.26	27.82	32.44	33.22	37.16
25.99	29.37	30.76	29.13	25.41	22.43	28.08	28.15
36.41	35.87	27.24	34.06	30.75	27.73	37.35	23.92
31.96	25.13	30.04	29.17	31.59	24.65	33.93	29.06
31.49	30.73	30.87	24.66	27.67	31.73	28.37	27
30.4	24.61	31.96	29.9	29.7	29.65	35.74	33.34
27.25	26.43	28.98	27.01	31.53	26.69	27.74	27.77
41.58	34.68	39.39	39.09	43.98	34.1	40.46	47.57
34.21	29.18	32.26	33.14	25.05	31.3	26.1	32.48
32.35	29.09	28.8	30.92	31.76	30.14	30.08	27.48
31.52	28.11	35.07	30.28	33.42	34.14	26.37	29.06
31.02	31.15	29.72	31.56	36.03	34.37	35.61	34.65
28.58	30.13	27.66	29.85	31.19	23.81	28.58	33.6
33.52	28.36	29.65	28.76	26.61	32.24	31.21	31.52
20.22	24.1	28.5	23.74	28.84	26.59	23.19	26.97
31.58	29.3	27.59	31.57	31	33.95	29.86	33.08
38.18	28.5	30.95	33.55	31.23	35.88	31.54	27.15
27.62	26.79	26.63	24.1	30.67	26	32.51	24.48
28.57	28.16	25.32	24.34	29.57	23.86	27.28	24.31
25.87	29.93	27.85	34.44	25.83	26.34	28.85	30.13
32.81	29.88	34.61	29.92	41.08	35.73	32.83	32.88
36.76	33.61	34.87	37.73	35.68	37.23	33.93	34.7
25.39	24.38	24.41	29.14	28.24	24.43	23.92	26.7
31.8	33.13	27.77	27.04	27.95	32.24	28.34	30.46
29.61	24.5	30.82	26.36	29.58	25.22	27.26	28.16
30.27	28.81	25.79	28.01	27.84	24.87	25.43	30.4
30.82	27.75	31.14	29.85	30.68	26.99	31.83	34.48
31.73	28.56	30.43	25.81	31.88	33.45	29.08	25.5
27.74	35.23	31.66	36.83	31.52	33.58	33.8	35.22
27.4	27.33	27.12	24.17	27.7	24.73	28.39	29.09
32.84	36.95	35.46	42	33.05	31.28	32.24	33.08
23.89	25.5	29.23	26.46	22.66	30.6	28.34	29.1
28.47	26.97	30.48	27.28	28.51	28.54	31.56	29
27.76	29.32	21.91	26.86	25.49	25.09	30.86	27.89
27.37	26.4	24.96	27.58	24.67	22.92	25.21	26.98
37.18	34.64	29.84	34.32	30.56	33.21	39.96	33.59
28.22	27.79	26.33	33.35	26.11	29.77	34.54	28.03
27.48	25.29	25.47	28.06	23.65	28.86	27.34	32.6
34.62	33.17	27.48	29.08	25.81	35.74	22.48	31.42
33.16	29.31	30.14	29.95	34.28	23.67	32.27	29.79
27.04	32.07	26.6	22.3	28.68	29.28	25.39	30.36
29.57	33.33	27.6	24.69	26.14	27.23	23.25	28.06
36.45	31.5	30.72	27.71	30.12	27.38	30.1	30.89
32.26	40.22	27.15	27.1	32.66	32.02	28.88	27.49
28.04	29.55	33.56	26.86	23.75	23.23	28.35	32.04
31.87	26.55	29.46	28.78	35.15	31.32	23.84	29.48
33.49	31.76	33.07	32.51	35.18	28.99	33.1	32.92
29.44	31.33	28.46	35.07	35.64	29.91	32.51	33.7
22.29	23.97	26	26.06	23.92	31.9	27.07	33.02
27.87	25.65	28.54	35.82	33.39	30.78	32.53	36.3
29.55	31.26	29.12	26.76	28.2	34.41	29.25	26.45
26.46	21.47	21.21	22.09	26.24	24.5	24.25	25.34
28.59	33.54	28.54	27.56	29.24	27.81	26.64	34.94
38.33	36.31	33.18	32.89	41.33	33.61	37.32	38.32
25.86	30.28	28.36	27.8	35.02	25.91	28.89	30.75
28.8	35.81	33.28	29.66	28.22	30.63	29.13	28.25
36.13	29.26	27.59	29.6	28.41	28.54	30.22	27.6
33.86	28.58	30.93	32.23	32.95	26.32	39.39	35.87
22.27	30.24	27.36	25.71	30.12	29.7	25.19	33.08
23.14	28.7	30.48	27.39	25.37	35.59	23.68	29.33
26.79	24.34	27.38	27.64	25.29	27.64	27.78	22.58
25.23	22.57	27.05	27.33	28.61	26.96	29.77	27.5
29.45	29.6	34.05	27	32.96	30.06	33.56	25.99
31.26	27.14	25.32	30.14	29.56	31.93	25.91	29.8
28.31	37.44	23.95	35.81	27.79	29.86	28.38	31.3
34.88	34.23	29.56	35.57	27.61	29	41.43	33.18
26.62	27.25	27.88	25.79	33.07	34.59	29.91	29.73
36.16	39.44	37.96	43.42	39.38	42.82	28.62	29.58
32.06	29.17	29.57	28.89	29.51	30.32	31.43	30.36
30.09	31.02	35.25	36.64	34.68	33.29	37.17	35.74
31.1	23.52	29.88	26.91	27.69	29.77	27.14	32.02
24.94	29.28	31.34	32.59	29.66	31.13	35.87	28.77
30.3	32.64	29.03	31.48	30.19	32	30.22	30.85
32.48	35.3	34.24	30.85	36.02	33.02	36.75	29.75
28.56	28.59	25.2	26.69	26.06	25.71	24.86	26.55
31.7	24.34	23.36	25.5	26.96	25.73	22.87	22.99
39.3	28.38	27.6	33.84	32.95	28.89	34.22	35.85
33.63	31.19	27.6	31.05	27.5	35.29	29.42	28.43
31.68	25.76	30.52	27.1	27.62	25.19	28.51	31.74
24.39	24.03	27.51	33.99	28.28	28	23.38	26.15
31.03	32.28	32.56	28.36	30.24	32.72	35.87	34.34
26.38	33.16	32.55	30.94	32.88	32.64	24.14	28.63
35.54	36.55	33.78	35.7	37.01	32.63	36.73	28.63
34.25	28.07	37.82	32.39	31.45	37.12	26.16	35.47
28.68	32	27.74	29.33	27.58	29.09	26.3	27.07
42.87	47.66	31.83	37.19	39.3	36.86	35.09	35.25
27.26	27.68	25.13	24.55	21.3	27.39	24.84	24.41
32.82	29.68	33.98	30.47	30.82	28.47	33.18	25.33
25.88	27.09	36.95	29.68	28.42	25.95	26.98	33.19
32.06	31.92	30.74	30.32	28.92	30.12	35.88	34.94
27.27	31.45	26.98	24.52	31.76	27.47	27.71	24.4
29.21	31.09	37.23	31.17	32.38	32.04	28.66	35.53
34.57	37.61	26.62	37	31.79	44.82	35.86	35.45
23.16	26.22	24.52	23.19	23.93	24	25.21	27.52
31.68	32.34	31.54	37.28	35.41	28.77	27.49	29.36
29.38	34.99	30.94	27.71	36.79	30.59	33.99	35.21
29.02	26.88	22.99	28.01	22.75	28.59	26.28	31.52
33.56	30.77	29.89	33.49	30.3	33.43	26.98	34.58
28.34	29.91	28.89	29.21	18.78	28.58	24.04	29.05
26.41	26.94	24.01	29.21	24.69	25.14	27.28	28.6
27.2	24.57	26.78	27.59	30.25	29.4	24.81	23.18
33.05	29.4	32.59	33.59	30.43	29.91	29	33.96
42.34	34.84	32.97	34.58	36.39	38.28	40.04	32.6
33.85	32.85	29.99	34.02	30.48	34.14	42.79	32.91
25.4	24.38	23.61	22.92	20.26	22.99	27.33	22.11
31.77	26.74	37.92	39.25	37.98	36.15	35.76	34.2
31.48	28.26	29.75	27.39	30.08	26.43	31.36	28.46
30.96	33.15	28.42	29.47	32.79	32.2	30.83	29.65
34.26	30.2	36.46	33.44	27.68	31.24	31.79	34.6
27.17	33.8	29.11	31.12	35.8	28.42	31.41	23.56
28.08	29.88	31.6	34.25	29.18	28.8	26.82	31.57
28.39	29.17	28.98	28.14	31.33	29.35	32.46	29.07
29.56	23.96	25.44	21.32	21.01	23.39	21.42	20.71
32.67	29.79	34.03	30.51	31.62	26.79	31.85	28.45
31.57	30.64	29.62	29.06	33.27	28.98	28.27	31.37
29.17	31.9	30.33	28.68	31.91	34.55	32.91	31.46
35	35.75	34.01	31.24	25.96	35.71	33.92	36.52
30.84	31.64	26.85	30.03	29.15	25.33	27.69	26.23
28.14	27.74	31.84	39.7	26.89	33.55	27.43	28.95
35.33	36.08	38.74	42.86	38.9	31.83	35.55	33.25
31.66	33.83	31.45	30.08	28.8	33.31	32.14	32.54
27	29.98	30.43	33.17	31.73	31.31	38.61	28.29
27.26	31.17	26.11	22.45	30.69	27.73	28.51	28.7
29.08	23.63	26.89	26.4	29.35	24.22	28.34	30.7
29.12	28.46	30.64	25.11	29.42	24.78	27.46	28.53
33.5	30.82	32.53	38.15	35.42	30.58	31.1	37.54
31.17	30.68	36.38	25.49	29.55	33.08	34.45	36.38
31.61	32.33	28.48	28.28	33.55	30.54	33.57	34.24
37.11	32.59	36.9	30.57	39.49	39.83	39.58	35.61
28.58	23.92	26.1	28.19	30.41	28.55	27.85	25.44
31.99	32.42	27.88	33.54	28.92	31.59	37.84	31.31
27.39	28.29	32.73	36.61	28.81	33	27.53	33.26
39.38	27.13	29.69	27.9	29.65	32.26	29.75	31.22
29.49	32.73	27.24	32.24	28.23	31.72	29.05	27.37
43.37	35.27	34.24	35.14	32.37	27.62	38.23	34.74
25.7	22.75	23.63	27.84	27.94	27.04	26.96	29.22
26.53	26.45	28.16	28.2	27	26.99	25.08	25.57
33.73	33.05	37.09	33.3	30.26	28.61	32.42	26.35
35.75	29.97	34.29	33.11	32.54	35.1	34.98	33.18
32.63	29.22	25.05	23.1	27.81	24.19	28.17	25.75
32.33	27.97	32.59	33.29	28.15	36.79	30.12	26.07
30.86	34.34	28.96	32.7	31.19	32.01	35.41	30.11
27.14	31.39	29.95	28.51	27.52	27.08	29.99	23.51
26.42	27.82	33.21	26.52	30.2	25.55	26.47	27.13
33.24	26.63	37.77	29.12	32.04	28.72	29.94	32.26
25.55	24.9	31.51	26.9	30.64	26.11	31.27	31.27
32.21	32.2	29.25	29.93	30.99	29.07	29.47	30.61
31.3	35.01	36.25	33.07	35.16	30	32.48	31.27
29.94	30.57	28.74	36.2	28.23	28.05	29.65	26.69
33.71	36.54	30.82	24.38	27.7	29.18	27.18	27.9
37.4	39.52	35.47	29.04	36.11	35.18	31.41	38.75
27.82	30.95	32.44	25.85	35.92	27.48	29.62	31.88
29.74	33.66	36.15	31.53	25.09	31.43	31.45	25.27
32.81	27.6	27.2	28.26	35.16	28.91	30.02	27.27
29.1	36.97	29.29	39.14	33.46	31.34	33.17	30.7
38.78	30.2	32.87	33.61	32.63	35.05	32.85	28.43
24.68	31.17	29.35	32.56	28.67	29.54	25.99	27.21
27.72	34.48	30.64	31.45	38.05	30.06	31.79	29.45
21.47	20.78	21.15	28.45	21.64	20.77	24.79	21.11
30.91	26.45	26.56	30.96	29.72	27.4	32.48	28.21
24.94	28.72	32.75	28.29	30.29	29.46	27.04	30.09
28.47	36.51	29.17	28.63	26.6	27.04	27.57	25.57
22.71	31.66	36.59	33.19	29.44	28.86	29	32.92
23.49	21.66	25.37	29.75	27.25	29.06	29	27.32
27.58	29.26	37.07	32.28	30.09	24.92	31.46	33.75
24.04	29.79	33.21	31.5	27.2	34.12	29.72	29.11
27.66	29.34	25.07	29.04	23.7	26.13	25.18	25.44
32.18	23.66	26.8	27.55	27.91	31.84	35.4	29.18
27.59	28.08	29.75	27.53	24	27.65	25.61	31.63
29.73	28.17	34.18	31.7	30.32	28.79	28.15	28.54
26.72	24.15	26.92	29.95	33.21	27	22.53	26.49
29.85	31.74	27.87	29.44	27.78	27.15	26.17	31.52
34.72	25.13	26.96	31.05	25.1	26.87	28.2	27.75
35.79	24.11	32.49	27.75	31.89	32.18	29.22	23.18
32.08	31.66	26.89	33.93	26.86	34.49	30.95	43.27
28.26	26.78	24.33	24.43	27.44	21.7	29.79	30.35
34.55	34.72	32.33	36.8	33.64	33.32	30.7	31.98
35.73	30.46	34.71	25.4	30.97	24.11	24.6	21.11
37	33	39.78	34.57	38.2	37.84	35.58	29.5
33.22	31.81	32.76	31.1	32.19	32.82	32.78	37.65
28.02	33.39	29.35	36.63	34.64	36.14	31.44	34.4
32	31.92	32.93	36.78	36.05	31.72	31.69	32.42
29.78	36.44	33.51	33.28	34.31	28.72	33.47	28.46
29.86	26.67	29.57	27.62	28.06	26.73	24.63	24.65
34.83	26.81	34.85	28.59	28.16	36.46	32.43	32.85
29.88	36.29	28.38	25.72	28.8	31.51	24.92	32.58
29.82	32.71	29.38	30.97	31.99	31.37	24.34	30.25
35.4	35.62	34.76	32.35	35	31.16	36.15	30.05
40.68	32.24	35.55	30.23	33.1	31.64	36.99	32.18
30.52	35.87	29.11	29.41	30.15	30.52	32.6	34.13
31.11	29.87	31.88	32.03	28.68	33.22	29.9	32.57
33.68	34.78	34.31	37.37	34.48	33.86	28.84	38.23
31.06	26.03	30.71	29.72	29.95	29.93	33.8	27.43
26.57	32.42	24.06	25.95	26.79	34.02	32.72	23.55
27.41	27.7	28	29.16	25.87	30.04	28.02	20.87
27.31	28.24	27.47	30.1	36.04	28.48	27.57	26.88
31.45	36.58	33.11	32.28	27.1	36.83	37.35	34.96
30.49	31.19	32.11	33.15	31.22	33.22	32.34	27.9
27.39	30.43	29.02	26.3	32.63	29.5	27.07	33.74
25.04	22.33	25.2	24.79	29.54	23.6	19.26	28.76
26.52	28.24	29.56	26.33	24.28	30.57	31.27	34.96
32.54	27.85	24.68	32.92	30.93	33.98	33.07	26.82
30.31	30.05	26.6	33.27	27.86	30.67	34.45	26.9
31.06	28.61	26.07	26.82	26.64	25.91	26.88	31.22
30.04	34.37	29.81	26.44	29.61	27.86	30.79	28.79
27.3	25.1	21.35	29.18	26.63	28.8	29.19	24.97
24.36	24.35	27.24	23.38	26.05	26.63	22.52	27.77
29.86	36.06	31.02	31.71	34.99	27.58	27.02	31.19
28.26	26.48	31.53	31.64	30.33	25.18	29.81	31.29
31.04	29.53	30.48	31.58	29.37	30.82	35.19	31.32
36.57	38.23	38.91	35.65	40.74	36.47	31.7	38.72
28.63	31.58	33.39	31.72	34.76	29.98	28.8	30.3
27.74	28.59	22.26	24.91	26.42	23.46	26.59	23.14
29.55	31.12	27.1	28.67	29.79	25.96	31.16	25.13
31.19	34.01	35.18	28.61	31.85	29.2	39.6	33.44
26.03	27.49	27.99	32.11	26.17	27.77	30	28.81
30.41	27.45	29.43	28.11	29.44	25.97	34.36	38.61
37.01	35.44	31.44	33.76	31.62	32.73	30.73	32.11
26.57	26.68	29.81	32.96	28.41	23.04	27.98	25.92
21.08	27.72	24.47	30.91	28.42	24.38	28.34	28.19
21.62	28.37	28.93	30.07	23.28	31.61	27.89	26.61
29.02	28.7	29.2	29.68	24.54	26.16	29.35	24.65
22.13	24.03	30.97	21.4	22.75	21.88	21.33	26.32
35.82	33.04	32.46	32.41	30.56	34.57	32.41	25.9
25.19	26.52	25.04	25.72	28.16	27.88	25.79	30.73
33.31	32.57	26.53	33.33	29.62	33.63	30.96	29.47
38.77	32.78	34.14	28.74	33.8	32.08	30.49	29.25
42.34	37.15	28.76	34.95	31.83	33.68	32.73	29.62
23.07	22.77	25.33	27.8	24.05	22.42	22.38	23.81
28.95	29.32	29.71	34.14	28.35	27.87	28.17	35.11
35.84	37.43	40.59	40.15	32.6	38.69	44.11	28.14
34.12	35.04	33.25	31.12	32.03	31.67	35.4	26.01
31.63	28.73	28.35	32.35	27.12	35.42	30.93	28.42
31.25	29.46	26.55	30.32	31.28	31.65	31.72	26.92
31.35	34.93	36.23	26.46	34.92	34.02	35.44	35.19
26.44	23.84	25.42	25.11	26.04	24.13	24.83	30.19
27.73	24.19	27.34	25.21	28.27	31.18	33.02	29.45
24.16	28.34	23.27	27.32	22.4	24.5	22.47	24.95
33.55	35.97	31.85	31.42	30.67	32.97	32.37	29.72
28.41	29.39	31.93	27.96	27.9	25.06	28.72	27.36
35.81	34.04	30.78	31.01	34.14	33.61	31.62	30.2
25.37	33.69	32.42	28.72	28.33	29.34	30.89	25.51
27.8	22.3	30.89	29.62	25.72	24.21	26.66	23.96
35.25	33.9	31.61	34.09	41.47	32.6	33.93	30.74
31.59	27.1	30.9	26.2	29.45	31.51	29.13	29.39
35.89	32.12	29.75	28.79	26.25	35.77	25.86	28.37
22.3	25.93	29.03	23.36	25.38	26.48	25.96	24.76
28.68	30.22	36.61	29.87	32.89	35.57	38.31	29.05
30.58	25.86	30.87	38.19	32.66	29.47	32.44	32.14
26.7	27.4	32.47	27.53	26.69	29.5	28.54	26.92
28.09	30.58	28.03	24.4	27.25	28.19	27.71	28.49
28.1	26.96	23.84	24.64	26.47	26.8	24.08	23.45
28.32	29.81	32.11	32.51	28.48	30.54	23.84	24.44
20.58	23.78	27.42	23.23	24.44	23	25.36	19.7
39.79	34.87	38.76	37.06	31.12	31.17	33.33	31.54
24.76	27.69	25.65	26.29	26.61	26.12	29.67	21.91
38.29	35.76	36.05	33.87	31.74	35.7	35.53	33.61
30.47	39.77	35.02	31.25	35.7	33.67	36.13	37.84
23.85	31.56	25.78	31.94	31.05	29.42	28.25	26.14
34.45	27.11	38.77	33.17	29.19	31.81	28.84	29.2
37.21	27.42	36.11	30.19	33.83	32.44	34.83	31.09
25.66	25.03	24.89	24.65	20.62	23.09	21.51	23
32.5	35.15	29.35	27.96	31.06	30.66	32.66	29.34
30.82	42.86	35.86	30.45	36.42	34.74	38.04	29.46
31.82	33.64	28.15	30.2	30.57	29.19	27.43	32.23
23.34	25.93	33.04	33.58	24.73	26.89	25.81	28.53
27.28	27.05	29.02	29.33	29.3	26.66	30.69	32.45
27.58	33.56	27.96	32.94	24.35	26.27	30.59	27.33
23.31	26.38	22.24	22.96	22.56	22.68	26.44	27.25
28.56	33.77	26.38	27	33.66	27.84	28.65	32.5
30.1	30.93	30.81	28.05	27.74	34.65	29.8	28.21
33.75	32.02	30.54	38.51	36.55	30.82	38.05	40.24
32.46	36.1	29.33	36.77	32.55	32.4	36.33	38.02
25.48	24.12	26.06	26.83	28.25	24.63	25.32	27.31
27.44	30.72	28.22	22.87	26.79	26.43	28.89	24.23
24.86	26.93	27.21	27.35	31.78	27.64	28.74	31.03
27.56	28.06	27.21	27.07	29.86	24.92	25.06	24.01
41.79	42.5	39.39	29.57	36	38.64	32.35	39.12
32.77	32.25	29.74	30.5	25.24	39.91	33.12	33.7
30.73	33.8	30.48	29.07	31.6	36.9	35.34	34.31
30.36	25.71	22.17	27.17	26.06	26.54	25.61	26.39
26.31	27.67	28.22	26.84	27.32	29.61	28	25.33
32.96	31.26	35.86	31.81	31.34	29.67	38.96	35.01
35.9	35.38	33.65	32.13	34.59	31.76	31.76	33.54
30	40.34	32.95	38.49	36.03	39.73	30.72	33.38
31.87	32.95	35.51	30.11	31.58	30.16	27.33	37.51
30.16	30.36	35.55	30.37	28.8	27.64	25.84	35.29
20.48	25.22	23.95	28.85	21.61	27.85	23.42	19.23
28.21	34.41	34.09	26.7	29.45	29.02	31.91	29.26
36.92	36.93	31.36	33.55	32.32	38.15	32.53	38
27.39	33.8	34.46	33.4	29.85	27.7	34.84	32.66
33.35	33.79	32.24	36.78	34.63	33.34	32.9	32.14
26.75	31.23	32.87	26.29	30.83	27.97	27.83	31.32
43.9	35.51	34.5	34.19	37.36	42.07	43.35	38.87
31.18	31.57	38.25	33.68	31.39	35.34	28.33	41.02
22.4	22.36	23.7	22.03	27.19	25.41	21.99	22.78
27.54	27.53	35.84	30.92	28.52	30.97	32.05	29.1
26.17	34.34	29.63	29.11	28.39	30.06	34.16	31.32
27.84	26.63	21.96	32.83	29.8	33.73	23.44	29.27
32.53	28.04	24.83	30.43	29.78	32.77	24.55	33.71
29.51	28.08	25.57	27.81	27.03	27.45	30.11	28.84
30.81	25.01	29.38	30.56	34.44	30.65	29.53	36.53
29.78	35.87	29.41	33.5	34.75	39.57	27.91	28.64
28.09	29.75	25.35	24.79	27.83	29.3	26.44	27.42
31.58	31.17	28.37	33.2	32.07	27.28	29.74	26.58
31.04	30.07	28.17	25.16	27.64	28.73	28.23	26.16
35.86	36.75	33.79	26.2	35.66	33.45	36.93	32.55
31.46	31.73	27.39	32.77	35.22	38.77	44.1	30.86
28.77	33.29	23.37	25.14	28.93	25.75	29.36	23.68
38.39	44.38	41.61	34.46	38.38	33.66	35.35	33.17
33.68	30.07	30.24	26.35	29.39	35.35	28.33	30.2
26.13	26.72	21.79	24.43	23.46	25.45	27.35	26.54
31.07	29.2	29.26	27.45	32.19	29.85	30.04	26.2
24.43	26.46	25.97	26.03	25.87	26	28.48	24.7
28.37	25.83	26.31	30.58	30	24.68	31.63	31.61
27.2	26	26.24	29.43	28.12	25.41	27.27	25.44
23.35	26.57	25.32	23.85	24.73	27.62	27.84	24.6
33.2	29.1	32.15	31.44	30.02	29.58	27.04	26.36
32.69	29.49	28.39	29.38	24.65	29.03	27.49	26.2
30.17	25.51	35.12	21.11	30.2	21.5	29.5	27.97
32.69	31.65	35.87	32.36	31.75	23.98	29.56	24.72
