27.16	24.69	23.56	24.83	19.21	25.34	22.63	23.37
29	29.5	25.81	24.8	23.45	23.21	25.78	27.93
28.25	23.97	25.27	27.93	26.69	25.09	26.81	27.39
28.64	33.21	29.52	30.15	23.59	31.38	29.29	35.35
31.79	30.85	37.07	30.59	41.16	34.96	34.87	33.45
21.57	24.85	19.81	23.98	19.76	21.28	22.96	25.73
22.27	26.18	25.52	28.77	27.44	24.39	26.28	25.32
34.17	34.61	30.87	37.45	30.21	41.89	37.3	36.18
31.31	27.62	34.84	32.16	32.64	33.57	31.85	32.86
30.47	35.42	34.79	29.44	33.83	38.78	30.82	42.16
20.9	18.88	21.86	18.6	21.3	21.04	24.13	24.63
23.2	26.42	31.32	27.07	25.83	26.88	26.05	25.16
33.08	33.61	31.21	34	32.35	30.86	31.04	35.86
19.87	22.78	25.66	24.42	24.62	21.76	24.35	24.7
35.94	31.87	36.17	38.34	32.08	35.25	34.45	35.47
31.35	30.97	30.08	27.91	35.08	32.75	31.34	36.22
34.35	41.32	37.59	33.69	33.6	37.58	39.38	30.54
34.12	29.86	30.88	28.31	31.22	28.73	36.87	28.38
35.24	28.99	37.48	35.12	31.4	31.35	35.61	32.12
27.68	26.33	27.86	31.24	22.65	29.1	25.99	29.36
30.39	30.86	28.72	32.87	31.24	34.61	36.57	29.87
30.91	31.6	35.09	35.35	31.59	33.81	35.79	38.58
32.51	29.95	30.52	28.04	27.11	29.67	23.69	27.38
31.31	32.57	27.92	27.11	31.69	33.38	27.19	29.05
44.74	39.19	41.2	32.11	41.23	38.11	37.91	32.96
26.45	28.78	28.18	30.45	30.41	30.22	31.15	37.19
24.82	26.86	24.73	29.36	32.11	30.84	31.05	27.69
25.6	32.71	28.92	24.39	26.12	27.86	36.69	30.35
22.64	24.55	29.44	29.54	26.36	24.93	26.68	30.07
24.77	24.89	27.34	27	24.08	24.86	27.1	27.84
25.54	29.18	29.51	30.33	24.85	29.61	31.34	26.44
32.99	32.12	31.25	30.74	32.09	32.58	30.08	31.97
33.72	36.69	34.55	41.98	35.2	33.98	48.14	38.12
30.63	31.23	30.75	33.3	32.24	35.49	31.09	29.23
31.05	39.18	32.76	25.72	31.48	31.63	26.68	40.88
30.54	29.01	32.59	32.73	27.96	30.32	32.47	32.9
26.58	27.76	25.47	32.29	32.24	30.48	28.94	26.14
31.05	34.71	27.4	32.59	28.46	28.53	27.98	30.79
28.67	25.32	26.08	22.63	27.36	29.08	28.92	25.15
21.33	31.8	23.88	26.39	26.63	24.34	28.64	28.67
36.98	35.82	35.54	30.73	31.95	33.1	35.9	29.38
21.78	23.68	22.86	28.07	26.18	28.9	23.72	26.59
27.62	31.01	27.26	31.41	31.32	28.08	26.08	32.42
27.83	35.81	32.62	37.44	35.09	37.85	33.66	33.87
43.72	34.4	34.67	32.95	29.13	34.62	34.96	32.28
27.13	32.61	26.14	33.6	31.35	24.41	32.06	28.17
27.97	32.18	26.6	26.77	33.34	27.16	27.64	30.56
36.31	32.83	33.05	29.27	36.04	33.01	40.68	33.49
36.13	33.03	30.67	39.4	38.24	40.4	36.21	41.51
23.69	20.54	17.63	19.93	19.67	21.16	22.9	21.58
24.36	27.02	28.3	30.54	25.02	26.98	24.49	24.04
28.33	33.29	28.81	29.09	28.5	26.51	31.08	30.61
31.87	26.89	36.35	27.45	32.6	34.54	34.04	32.76
25.77	28.49	23.62	33.01	26.97	32.9	23.28	30.56
30.75	24.49	32.18	28.39	31.09	25.92	27.22	30.19
35.04	34.97	31.04	43.67	37.89	37.25	37.6	42.56
35.71	29.8	41.17	37.34	38.65	34.11	46.05	39
28.09	27.44	28.34	22.73	32.01	28.57	32.19	28.37
30.37	36.73	34.88	30.48	29.13	31.47	28.72	24.47
26.54	32.52	27.31	26.48	28.74	26.57	21.71	25.34
36.4	28.84	33.95	33	36.72	31.37	33.66	29.3
28.72	31.55	22.87	29.27	30.43	26.38	26.67	26.63
29.77	37.35	34.37	35.51	35.78	34.09	33.72	33.6
28.31	22.32	25.02	25.49	27.36	24.31	27.51	28.73
25.83	27.4	29.6	26.56	20.44	32.08	26.88	26.23
33.36	35.57	31.84	29.52	37.91	30.05	34.24	33.76
26.18	35.74	29.29	26.47	27.56	28.56	27.6	32.95
30.81	30.74	32.79	31.89	39.75	29.33	30.71	32.01
25.88	25.02	28.42	27.28	27.82	28.05	27.6	21.53
22.28	26.2	33.07	26.97	30.19	31.13	27.83	26.74
30.5	31.24	31.5	25.74	31.05	31.62	31.5	32.11
26.89	27.03	22.96	23.83	23.96	23.64	29.45	31.49
35.45	32.59	29.8	35.22	29.59	33.01	34.56	27.59
37.31	31.51	35.25	43.81	31.64	38.9	36.01	37.79
30.12	28.61	31.86	34.58	28.93	34.73	36.12	30.72
30.7	31.19	26.73	31.53	25.79	29.47	32.54	31.32
36.31	31.29	29.93	31.32	37.54	28.7	24.47	33.55
33.25	30.68	31.87	33.25	30.46	25.1	28.05	33.34
37.28	34.24	27.52	41.86	34.57	36.74	36.03	27.87
23.98	26.57	22.51	32.35	28.25	27.13	29.96	29.58
30.11	28.55	30.12	34.55	28.29	31.64	31.42	32.24
28.3	28.34	34.98	29.56	30.51	35.47	28.82	30.49
28.37	26.03	28.75	26.89	28.16	30.86	26.21	34.24
28.53	32.76	30.56	27.36	28.98	28.67	30.17	30.36
32.53	27.89	25.94	27.84	26.53	27.3	25.57	31.79
29.11	28.8	27.45	29	26.54	28.54	28.85	31.28
32.04	27.94	28.78	28.42	27.29	31.1	33.69	33.39
33.92	29.87	35.63	27.86	31.75	28.27	28.22	28.81
26.89	25.63	28.72	29.87	24.55	26.45	33.67	29.49
30.78	27.13	29.29	27.91	25.38	27.15	28.33	25.9
33.24	31.78	43.56	32.53	40.79	33.03	34.31	29.32
25.41	34.67	26.27	30.7	39.28	32.66	30.51	31.04
26.14	34.5	37.15	32.56	35.53	32.83	34.01	33.89
35.91	33.66	35.13	37.71	31.59	38.98	34.51	35.62
25.94	32.48	25.99	28.47	27.26	29.97	27.07	25.34
35.67	38.5	38.18	32.19	37.86	34.13	33.33	31.08
27.64	31.42	31.16	30.61	28.91	32.26	28.87	33.44
34.82	26.48	34.24	31.17	29.03	28.3	29.24	34.97
29.47	26.57	28.02	24.02	30.66	30.61	26.7	25.49
33.98	38.8	34.45	32.99	37.16	35.99	32.68	30.77
26.84	26.68	29.04	29.94	26.67	25.32	23.06	25.29
32.72	33.76	31.29	31.83	27.02	30.09	32.66	34.81
28.07	33.34	31.97	33.55	28.75	29.87	28.74	30.93
25.28	25.79	27.62	27.09	30.88	23.96	33.91	32.3
28.78	28.92	36.41	33.69	32.59	33.38	34.23	35.11
28.59	30.07	33.01	30.89	25.91	26.15	32.46	27.57
32.12	31.82	29.15	28.37	32.74	29.02	34.49	28.83
35.4	31.47	29.36	27.58	30.94	26.8	31.94	29.48
24.33	25.48	27.19	21.22	28.48	23.87	24.96	27.4
26.43	29.69	37.69	32.99	28.2	30.33	33.69	28.99
36.08	32.41	36.63	34.97	29.64	30.42	24.2	28.59
27.57	26.1	28.53	23.44	27.05	27.23	27.21	22.92
28.2	33.02	30.39	30.05	35.13	29.33	31.81	27.03
29.16	23.3	25.51	28.23	23.46	26.37	25.89	33.02
32.74	35.48	38.49	37.05	32.15	33.83	35.85	35.81
32.42	33.79	29.22	33.03	25.29	36.75	32.39	29.53
36.41	34.51	30.09	30.9	26.88	30.28	28.95	26.16
35.89	33.31	30.55	28.29	33.18	35.78	37.92	33.52
30.42	29.04	35.99	31.23	30.33	27.6	31.48	29.48
25.24	25.74	25.81	26.31	26.07	26.01	25.15	21.36
25.61	32.38	27.92	26.08	30.74	29.99	32.97	29.61
31.11	26.74	27.5	27.58	31.81	25.72	28.42	29.35
32.01	28.43	32.51	28.64	33.22	29.44	28.35	35.28
29.1	27.04	29.81	28.13	26.73	27.24	34.7	29.96
36.04	33.08	33.15	30.22	32.32	39.49	37.73	36.09
30.86	29.11	23.78	25.1	31.36	26.21	27.34	23.79
27.12	28.7	32.54	30.48	32.83	34.34	27.91	30.59
24.8	32.04	27.32	29.71	31.31	30.47	33	30.46
30.86	30.83	28.74	27.79	26.18	23.99	24.75	24.63
35.32	32.16	39.72	30.01	30	39.73	28.15	36.18
32.91	29	27.2	27.89	32.02	33.48	31.52	31.87
29.07	29.63	30.66	24.4	29.01	37.45	36.2	34.31
23.64	35.64	30.48	33.68	30.39	31.71	30.39	27.13
29.54	25.07	27.71	25.59	25.8	30.95	31.64	33.67
30.36	31.15	28.87	26.03	32.09	31.43	32.15	29.98
29.5	35.44	33.85	34.08	31.6	32.4	32.37	34.61
30.87	24.9	28.09	31.49	31.21	31.6	26.98	31.62
29.32	29.34	28.87	27.85	32.35	29.26	24.57	27.34
38.58	35.65	31.99	35.02	33.23	26.54	33.22	28.2
31.56	21.74	24.62	28.53	27.71	23.03	31.55	28.01
29.97	32.27	33.07	31.53	34.73	31.75	32.28	25.34
28.71	26.85	23.89	26.98	22.79	27.2	26.45	28.75
21.86	19.97	24.68	24.83	24.73	26.39	27.29	25.67
21.25	25.62	24.57	29.73	32.27	23.22	23.66	28.37
33.95	32.99	30.75	30.23	32.5	35.17	27.48	29.67
24.36	24.03	25.07	28.61	29.24	21.9	28.91	28.69
26.7	29.16	26.07	30.32	22.34	28.72	21.63	25.95
29.56	30.37	27	32.66	29.55	35.89	27.69	33.32
28.15	26.95	32.96	27.18	28.35	27.9	29.07	25.69
34.24	33.35	24.85	26.15	24.86	31.08	29.22	32.88
33.6	32.26	36.75	39.65	34.95	35.14	31.45	33.18
41.07	36.47	30.04	37.32	33.15	38.96	36.74	33.76
30.47	25.91	30.32	33.46	30.25	29.62	28.08	28.74
33.02	31.04	31.4	32.54	29.16	39.24	39.12	44.75
26.19	27.4	29.16	27.21	30.16	30.88	29.74	29.67
38.44	32.29	36.26	30.92	30.1	35.96	32.37	35.15
29.95	23.42	26.9	27.29	30.1	25.85	25.21	32.37
24.17	28.34	27.53	34.25	26.3	33.03	28.86	26.41
27.26	28.01	27.43	34.38	38.35	26.97	30.54	28.63
27.68	23.03	24.14	21.98	30.92	25.89	28.15	28.51
25.75	27.67	30.03	29.75	27.29	34.91	39.33	27.66
22.03	26.41	28.25	31.78	28.79	30.06	29.8	28.92
27.72	22.32	29.25	23.7	27.01	26.15	27.83	24
34.64	33.5	30.3	32.66	28.46	41.89	32.02	27.57
29.81	32.49	30.49	34.05	34.75	35.35	29.09	32.46
29.26	28.26	24.7	27.8	27.17	25.5	19.94	26.56
26.48	29.38	27.44	28.94	31.24	28.84	30.28	30.69
29.92	27.66	30.45	32.23	29.36	29.37	33.07	30.86
30.38	32	25.69	26.21	30.46	28.01	26.84	25.02
29.74	27.1	29.62	33.83	29.29	30.42	25.94	25.31
30.92	24.19	29.83	26.33	28.98	31.33	31.64	24.6
28.66	28.61	30.08	29.64	26.71	29.58	32.01	29.39
32.24	28.2	29.01	31.73	32.05	30.83	34.65	29.67
31.35	31.38	32.17	32.32	30.84	34.53	30.38	35.73
29.57	26.34	26.39	26.62	33.06	31.23	30.77	30.3
26.63	28.26	34.23	35.88	34.15	30.33	33.17	30.22
26.2	24.89	31.76	30.67	31.08	32.29	28.41	34
24.1	22.79	28.45	29.44	25.72	28.96	27.85	27.63
31	27.46	32.11	27.49	27.74	33.14	30.58	29.54
32.99	37.68	33.93	34.28	32.65	30.42	35.82	31.11
32.67	28.22	34	36.07	32.36	32.78	35.45	34.02
32.52	28.79	28.9	29.42	34.06	26.71	32.02	34.12
29.04	25.64	30.51	30.46	23.57	32.41	30.71	27.89
33.56	28.71	29.78	30.74	28.66	28.73	27.65	29.62
27.87	25.79	29.25	26.62	28.59	30.54	26.35	28.27
31.74	27.01	28.65	23.82	26.13	26.67	23.9	29.3
29.11	33.37	33.99	24.32	29.6	32.81	35.54	31.85
28.57	27.75	23.63	38.26	25.23	25.19	27.77	24.76
34.81	29.61	22.36	26.79	30.16	29.95	34.69	30.82
37.23	33.93	37.25	32.92	34.36	27.44	33.76	29.84
30.47	31.53	30	30.01	34.22	30.25	29.42	32.58
32.29	38.65	25.47	31.14	31.79	35.08	33.51	29.5
30.94	30.94	35.32	28.1	34.28	31.03	31.93	31.66
29.08	22.6	23.67	25.09	29.48	26.42	27.33	29.4
28.92	24.29	28.52	24.89	25.44	21.02	28.16	22.57
27.49	28.04	28.01	25.66	33.85	27.96	28.52	26.31
32.9	29.14	27.59	28.02	22.33	23.34	30.97	29.55
32.33	25.67	32.75	31.73	25.79	30.29	27.44	29.12
34.48	35.4	26.33	27.96	32.83	32.51	28.74	30.86
24.54	27.53	25.68	26.03	27.36	24.25	23.85	28.93
25.86	30.68	29.56	29.76	31	28.87	26.72	28.3
27.43	24.36	25.99	25.87	25.76	28.62	29.11	26.02
32.37	27.29	30.18	28.17	25.09	29.22	34.46	31.61
27.61	22.57	25.07	28.86	22.94	25.39	25.51	28.36
30.13	23.91	28.74	30.73	24	23.02	28.75	23.33
36.5	32.64	33.85	26.99	34.75	39.44	33.25	35.01
26.82	29.08	29.35	27.48	29.43	24.21	28.33	29.16
29.08	29.06	28.84	26.13	31.69	29.15	33.92	30.45
30.06	26.42	28.37	28.11	33.3	34.75	28.73	25.32
34.52	36.25	30.84	25.63	34.1	32.33	26.76	27
24.28	23.55	22.05	28.93	21.55	28.63	28.18	24.58
31.53	32.01	27.2	32.3	27.74	27.95	26.39	33.06
29.49	38.03	29.69	25.69	29.24	26.68	31.85	28.99
29.29	25.8	26.27	30.67	28.41	26.01	23.02	25.51
30.65	32.06	31.09	32.35	28.84	33.68	28.63	33.53
35.19	35.88	39.65	40.49	37.44	28.77	30.86	34.71
32.84	32.13	36.81	35.23	30.74	30.16	32.24	32.34
26.19	28.38	31.95	25.2	27.96	28.74	27.74	31.68
36.85	33	31.99	30.19	30.79	30.53	32.71	33.92
24.12	24.99	26.01	25.25	25.87	31.67	30.8	30.39
36.19	36.95	34.76	45.71	29.98	35.63	37.44	32.77
36.14	32.96	37.84	35.71	33.97	33.76	38.42	29.23
23.97	26.2	29.43	27.64	23.77	25.27	26.57	25.55
32.34	41.39	29.61	29.84	33.77	28.09	35.46	28.98
39.75	27.6	28.68	27.03	28.92	25.97	31	29.72
31.84	25.05	32.29	28.84	26.23	28.76	29.11	30.34
30.14	30.42	30.7	28.28	34.63	28.53	34.1	34.68
25.21	23.43	27.4	28.88	29.08	25.22	25.86	31.78
23.23	24.06	20.46	24.66	25.04	23.81	23.89	25.26
29.25	33.23	39.1	30.03	31.83	34.84	31.68	32.48
25.85	25.73	24.28	32.78	29.95	22.54	29.73	30.91
31.7	30.81	28.3	30.99	29.87	33.91	28.79	33.34
29.66	31	28.2	31.31	29.79	29.65	30.51	28.2
34.65	39.63	30.91	31.2	33.3	33.51	38.74	29.42
24.03	28.25	27.38	27.86	29.16	23.68	32.39	23.57
25.46	29.52	28.43	29.14	25.35	24.66	28.23	27.15
28.41	23.4	27.23	29.66	28.8	25.22	26.96	27.72
29.62	38.53	34.44	36.14	28.46	38.3	35.75	35.17
27.38	28.1	26.53	22.53	25.24	26.54	23.75	25.76
29.75	29.14	28.69	32.43	33.78	31.73	26.12	31.41
32.27	30.41	35.71	34.98	33.99	25.63	30.02	34.56
33.19	26.44	34.96	33.44	31.77	30.88	30.97	27.33
25.65	39.1	30.69	30.01	27.89	29.41	33.04	37.41
28.09	33.07	29.47	25.24	31.78	25.86	27.92	32.41
35.97	30.81	28.77	27.05	26.62	23.47	26.03	26.3
38.53	29	28.14	31.65	31.76	32.03	29.1	25.66
31.18	32.47	25.54	29.73	29.83	29.34	26.73	32.71
27.21	32.31	26.42	23.02	26.09	27.14	29.18	30.96
27.37	26.21	26.39	27.89	30.82	31.83	33.64	33.91
29.9	30.68	28.21	33.7	32.85	32.16	27.42	24.27
29.25	30.66	32.5	29.35	28.89	32.45	35.22	33.51
35.54	38.8	33.75	38.28	32.17	34.93	33.52	33.33
26.72	32.98	28.43	27.91	30.22	34.9	35.43	30.81
32.55	31.19	28.03	29.63	30.97	33.58	27.22	30.65
22.15	18.9	22.59	19.78	22.64	25.57	21.41	19.65
24.3	30.17	27.56	27.47	26.98	23.26	26.21	26.86
31.6	31.01	31.11	33.9	28.43	29.89	29.36	35.22
33.65	34.67	31.97	32.39	40.79	34.46	36.78	40.97
24.23	26.89	25.34	23.57	26.79	29.86	25.12	28.2
35.37	32.59	37.85	40.77	34.28	32.26	35.65	35.63
22.72	24.21	27.52	24.12	27.43	30.83	22.38	33.69
24.23	26.99	25.27	26.18	23.67	28.2	22.12	28.26
30.71	31.06	29.75	32.41	30.37	24.8	28.56	30.7
35.94	31.81	36.53	32.38	31.27	34.37	36.1	28.42
29.33	31.45	34.66	26.52	26.1	31.1	30.49	26.61
37.35	29.16	25.93	27.77	35.88	27.67	31.69	32.62
29.43	30.33	33.55	33.19	32.78	28.98	38.07	28.62
30.64	27.36	26.21	29.07	28.82	32.25	25.27	29.8
34.2	33.23	29.16	35.19	33.78	29.28	32.78	31.33
30.15	32.77	32.75	29.74	36.18	44.08	31.96	30.6
35.75	26.99	34.85	38.28	33.91	28.71	35.62	27.67
27.77	29.09	31.77	30.48	37.61	31.56	32.84	28.06
26.18	28.41	29.27	31.11	33.41	31.78	31.73	32.72
25.41	25.21	24.17	22.97	27.46	25.45	26.39	25.66
27.54	30.17	28.74	24.62	24.9	28.85	24.74	28.05
22.95	24.51	25	30.22	25.11	31.72	33.7	26.42
24.96	29.67	27.97	31.61	30.26	23.85	25.76	33.07
30.38	28.21	24.91	26.07	28.47	33.2	26.84	30.31
28.24	32.17	34.05	35.5	28.87	37.59	39.01	38.43
27.57	26.99	24.01	27.93	28.14	28.17	24.69	24.81
29.7	36.18	34.28	33.8	36.85	34.91	32.3	38.87
32.2	22.81	27.9	26.39	29.24	33.71	31.58	27.43
30.39	34.6	31.23	27.14	29.26	34.96	33.06	30.72
32.19	34.74	35.55	36.37	33.29	33.47	33.36	33.5
31.14	28.95	31.88	22.64	27.85	24.48	32.97	33.6
34.13	31.81	31.22	32.82	31.42	32.43	30.45	30.99
35.44	29.62	33.21	27.31	28.98	20.52	27.34	27.92
29.17	32.39	34.84	31.95	32.27	37.1	33.23	34.29
26.25	32.38	26.84	32.59	34.67	33.97	31.53	32.06
19.91	23.26	20.17	21.65	23.02	27.07	28.13	18.38
21.15	26.87	21.52	25.78	24.37	27.07	21.44	30.21
29.29	29.9	22.68	26.5	25.46	29.28	24.1	25.52
33.77	32.5	35.52	31.59	34.55	28.05	35.54	28.41
33.31	37.84	32.58	37.65	42.09	32.81	33.73	29.76
27.12	26.7	27.75	22.93	34.29	28.24	26.2	31.52
24.39	29.26	29.67	30.55	27.63	35.31	26.66	30.89
24.56	24.73	24.96	26.23	29.66	28.72	30.31	26.81
31.49	27.47	24.88	29.34	24.36	28.22	28.34	33.93
24.16	24.33	25.55	23.38	25.28	25.79	26.8	28.04
32.15	25.35	30.1	31.82	32.66	26.53	27.32	29.52
25.75	27.12	30.24	33.39	28.65	29.7	32.56	35.39
29.97	33.22	33.99	32.46	36.59	32.69	35.06	27.04
36.96	38.27	36.74	32.54	36.85	34.51	30.04	34.98
28.62	28.92	32.91	29.67	27.51	29.34	27.69	22.98
29.77	32.96	29.81	28.23	30.49	29.77	26.43	26.01
23.29	35.34	29.38	28.75	30.46	26.53	23.99	26.33
39.34	38.72	29.71	34.42	37.32	32.49	46.85	35.02
26.98	23.09	31.42	26.1	25.08	26.15	24.99	29.46
31.05	36.24	36.09	29.46	28.52	31.05	33.85	28.1
21.7	23.58	20.33	24.27	24.82	25.25	22.86	24.72
28.06	26.24	26.64	23.93	29.03	27.99	26.91	30.63
34.21	38.18	34.58	34.66	32	29.67	35.7	32.38
30.81	34.7	32.53	32.72	30.66	28.21	32.79	33.13
30.35	27.3	29.12	35.71	31.84	28.36	27.51	38.64
31.9	36.34	37.58	33.38	33.23	28.91	31.6	30.63
23.95	28.55	21.59	25.54	32.12	26.73	27.34	23.99
29.97	29.87	36.39	28.22	31.19	29.1	25.83	33.09
32.91	24.69	25.14	27.59	30.74	27.36	26.6	34.78
23.4	23.26	20.99	26.05	24.47	28.57	27.32	28.74
26.19	30.7	25.83	26.35	24.66	26.62	27.92	26.39
24.49	24.14	23.72	25.97	23.74	23.29	19.02	30.29
29.01	36.06	25.6	31.01	32.21	26.52	31.62	28.13
29.5	26.7	23.82	24.47	24.38	24.11	24.99	24.36
25.2	23.72	26.41	23.64	19.55	20.63	26.84	23.33
26.94	28.51	35.18	42.11	34.71	27.17	32.37	34.44
32.29	32.88	32.02	32.58	32.31	37.2	31.93	34.31
22.99	29.46	34.21	26.39	25.79	26.07	24.9	26.13
29.11	25.46	30.28	32.79	30.6	29.6	29.25	30.59
27.78	34.31	30.51	31.46	31.51	32.09	29.23	27.21
23.24	27.22	28.16	28.83	24.63	26.58	25.75	31.35
31.83	36.4	31.16	28.71	33.59	37.94	32.85	32.96
37.23	31.11	38.28	28.87	32.38	33.86	36.94	38.65
33.11	28.69	24.7	29.69	32.53	30.63	29.15	31.77
20.77	27.71	26.55	26.68	25.58	29.53	26.15	31.4
28.98	26.45	27.79	28.48	27.34	31.18	29.35	29.93
27.81	33.36	30.65	29.56	26.51	25.31	29.17	27.19
28.29	28.76	34.95	29.89	38.74	39.6	31.08	31.64
31.88	28.77	31	32.04	31.53	28	35.28	28.25
33.3	28.48	28.97	34	35.47	26.22	26.08	32.17
29.65	27.79	29.09	33.56	35.32	28.94	28.33	31.13
27.57	24.91	28.81	27.72	33.37	29.18	24.32	22.42
18.8	28.75	23.91	22.77	26.64	21.08	27.99	24.32
38.41	45.24	33.55	41.32	37.45	36.27	39.98	36.59
34.27	31.62	33.62	31.28	33.96	26.5	24.36	26.11
29.75	23.34	27.56	31.67	29.95	29.68	30.97	27.75
23.57	25.15	23.19	28.2	23.72	22.93	24.6	23.38
29.32	32.71	29.37	30.61	33.24	27.26	26.57	28.58
32.98	33.09	31.07	30.47	30.07	34.93	29.23	43.58
39.66	38.7	35.76	36.45	45.27	33.47	37.42	33.88
23.54	31.02	28.46	27.82	26.55	28.96	31.48	31.15
33.28	40.93	38.76	44.35	35.2	32.3	36.43	40.21
32.85	32.89	30.28	30.66	33.56	34.21	33.81	34.53
28.53	31.88	34.85	31.13	31.44	27.78	36.52	29.19
34.18	41.26	41.27	40.02	34.38	34.66	40.02	37.28
31.64	30.28	29.53	31.08	31.05	29.71	33.18	26.05
25.23	33.73	23.82	28.68	29.81	31.31	25.04	23.04
32.48	36.57	31.1	32.9	36.23	28.98	38.33	30.74
33.18	43.5	39.17	38.09	48.37	37.1	31.18	46.18
18.55	20.87	23.83	20.07	22.69	22.86	23.02	22.93
30.92	31.19	28.83	24.35	27.33	29.19	29.49	30.31
26.65	26.98	30.64	23.16	28.52	25.15	27.27	27.09
27.78	36.64	33.02	27.94	29.52	25.26	31.04	31.48
31.93	36.18	30.94	27.69	37.29	37.13	38.41	33.38
27.4	30.1	31.69	34.61	32.76	33.85	29.66	26.33
25.03	28.31	27.93	30.4	30.89	28.23	24.4	30.33
24.91	28.25	35.76	34.33	37.58	31.11	38.19	27.44
33.3	33.63	29.7	33.91	31.13	26.82	34.61	29.67
28.42	30.59	26.38	23.04	30.33	24.53	24.82	29.5
37.9	27.84	30.11	30.5	30.64	30.2	32.52	28.07
32.99	33.67	33.1	32.29	35.49	31.29	39.72	30.11
37.44	27.12	28.39	25.64	30.53	32.48	28.04	32.34
33.39	36.36	39.11	31.41	36.17	31.91	29.94	36.04
35.02	40.11	39.15	32.69	30.26	29.52	32.29	38.91
25.66	30.3	27.19	32.09	27.3	30.25	24.04	27.67
32.51	23.96	32.1	29.69	28.68	32.42	30.91	33.31
27.99	23.87	23.19	28.13	28.37	30.73	33.08	28.79
27.26	29.51	29.78	26.13	28.19	26.23	26.43	28.08
24.84	25.81	35.45	29.31	32.19	27.82	30.14	30.87
27.95	38.19	34.73	28.37	34.71	32.43	35.68	29.61
28.64	30.24	41.13	33.66	32.33	35.58	31.88	38.75
28.24	23.97	26.94	24.35	28.27	26.59	23.77	20.88
36.07	37.86	37	32.49	33.86	28.91	29.89	35.56
26.06	30.07	29.46	23.05	26.8	31.59	23.26	23.97
27.53	23.86	32.87	24.54	27.17	24.77	31.19	23.94
30.37	32.74	32.97	36.99	33.88	29.05	33.68	32.52
32.78	27.83	28.89	26.18	28.89	25.56	24.19	26.58
24.1	27.5	22.4	28.11	28.09	24.7	28.29	21.25
25.83	26.74	31.25	29.52	29.31	25.09	24.5	28.72
29.39	30.48	31.15	30.54	32.96	31.34	32.75	26.42
30.41	20.65	27.75	20.21	24.4	25.35	20.77	23.84
26.69	29.72	29.34	31.21	27.65	27.55	25.71	29.22
29.22	29.57	36.44	35.56	30.17	27.16	30.01	35.73
28.49	30.39	27.62	29.51	28.02	28.22	27.01	27.19
33.59	32.3	31.06	27.09	31.83	31.65	35.69	25.97
22.57	29.84	27.83	27.11	24.86	26.96	33.27	26.57
32.03	34.45	32.39	31.38	33.08	32.58	37.7	37.48
31.24	32.14	32.67	34.76	32.98	29.53	27.24	28.87
24.97	26.92	27.01	32.33	29.27	29.71	32.43	33.54
32.99	31.34	37.48	41.19	31.77	35.36	34.99	37.3
23	25.21	21.68	22.67	24.17	23.05	27.77	23.64
32.58	31.74	31.88	34.05	33.41	36.36	29.99	32.8
44.36	42.65	44.58	45.52	44.93	40.77	48.24	42.91
26.92	31.33	32.02	32.81	28.95	28.26	28.91	24.6
36.24	30.58	28.21	28.68	26.86	26.79	33.28	30.57
27.43	26.94	22.36	23.46	28.67	24.58	25.61	27.16
23.93	29.4	27.99	31.45	26.1	30.18	28.63	25.99
28.6	25.59	26.67	30.27	31.32	29.09	28.04	33.76
32.76	42.84	40.29	35.11	37	33.38	39.25	33.42
37.93	34.01	35.75	35.88	38.35	34.32	33.41	31.3
32.31	33.97	36.19	38.65	31.76	31.19	28.25	30.89
29.48	24.74	33.47	30.03	30.03	28.66	32.68	33.51
39.73	32.85	27.44	33.19	29.06	33.78	31.1	35.32
27.02	26.57	26.24	24.63	25.48	26.73	27.57	26.66
32.86	29.45	34.41	34.63	32.87	28.1	28.74	35.07
31.97	26.77	26.6	28.16	30.21	27.41	28.86	30.04
27.51	32.03	35.5	35.26	34.67	38.41	28.71	30.68
30.09	29.33	26.55	26.84	31.82	27.68	28.59	30.84
28.19	26.75	25.31	24.23	29.79	24.81	26.35	26.79
31.83	31.76	34.08	26.68	27.26	30.16	30.43	26.53
30.18	34.33	34.04	29.94	25.8	28.29	32.12	39.35
37.17	38.45	31.31	38.49	35.21	33.21	31.13	29.06
32.15	31.12	34.58	28.78	29.61	34.29	30.41	29.1
32.77	42.4	32.1	28.49	30.95	29.64	30.37	37.08
27.96	23.27	28.05	26.44	30.21	22.96	25.71	26
38.63	46.16	41.71	30.51	38.09	37.73	35.8	38.12
28.25	28.16	28.53	26.29	26.12	28.56	26.39	27.14
39.97	32.23	34.29	33.93	37.35	37.16	28.64	36.5
29.37	26.7	27.19	30.67	27.16	29.22	31.53	29.45
37.19	32.18	38.31	43.2	35.37	35.64	32.71	37.89
36.79	33.86	31.24	40.88	32.09	32.41	39.61	31.39
23.44	22.8	26.35	29.24	27.9	23.62	22.25	23.57
27.92	32.11	28.87	23.13	25.7	24.9	26.48	28.39
27.02	26.44	22.87	26.28	25.48	30.65	32.25	25.87
25.38	31.56	30.48	31.34	33.5	34.06	31.34	32.59
31.29	32.79	32.35	34.72	32.45	24.02	31.49	36.41
38.81	34.24	34.4	30.32	33.59	37.02	37.57	33.04
32.99	30.96	32	31.11	38.13	27.14	27.07	35.95
22.35	25.08	21.94	24.01	23.8	24.8	23.45	20.26
27.33	35.21	28.75	29.73	30.1	29.75	29.97	32.28
28.58	31.15	32.27	26.99	28.27	34.98	30.09	30.93
28.92	32.55	27.32	27.94	31.74	31.61	29.71	31.65
31.49	31.52	29.42	32.19	31.8	29.45	29.59	34.9
29.29	34.5	32.1	31.82	33.56	33.25	28.68	30.97
35.26	29.93	30.22	27.77	29.05	32.7	32.22	31.45
28.51	28.7	31.86	36.96	36.36	28.76	28.58	30.93
35.42	33.47	30.37	32.12	30	34.44	37.49	32.17
31.92	29.16	38.82	31.38	32.51	36.69	35.03	33.32
35.33	27.84	34.28	27.32	28.98	28.6	33.1	31.12
32.22	30.98	30.7	34.12	34.76	32.6	31.17	35.16
29.12	27.3	28.97	25.03	25.36	29.5	26.54	26.36
39.03	29.37	37.18	30.7	34.52	40.57	32.95	27.58
33.72	28.96	30.02	28.5	27.07	30.47	31.68	27.94
32.59	27.56	34.01	31.25	34.81	30.53	24.85	28.06
23.43	26.84	28.62	27.33	26.14	25.95	26.69	28.52
24.2	22.36	29.54	28.39	28.51	24.83	27.94	27.23
30.51	29.06	33.87	32.86	35.27	36.17	34.66	25.85
29.39	36.55	27.33	32.44	29.41	32.86	32.46	26.53
39.98	32.94	42.24	32.23	33.33	34.71	29.38	36.08
29.32	31.88	26.27	27.39	31.94	31.92	33.78	34.14
22.38	24.46	29.01	25.47	27.26	24.62	26.49	35.38
23.4	26.65	33.59	21.75	24.96	24.51	29.26	26.07
26.09	20.75	24.99	29.96	29.14	24.45	27.87	24.62
38.45	27.71	32.23	32.7	34.66	36.8	25.02	30.12
24.61	23.81	24.47	29.76	29.97	25.22	26.05	27.47
27.1	27.47	28.52	18.88	26.85	22.74	24.59	24.58
31.59	31.49	29.98	35.8	34.52	27.8	30.95	36.98
25.92	27.7	26.36	27.36	28.91	32.91	23.3	25.93
27.77	31.09	25.03	33.86	32.66	30.49	25.74	29.92
22.48	29.75	26.74	27.1	26.19	27.09	28.2	26.74
26.75	29.04	27.49	33.34	30.24	28.9	32.62	27.28
27.29	29.2	24.57	22.35	30.19	26.63	26	27.79
28.72	23.3	33.31	34.28	35.65	32.3	34.22	28.92
31.38	28.67	27.38	24.04	28.94	27.09	37.09	29.91
28.17	25.65	26.16	27.95	22.59	27.1	27.96	27.57
29.45	31.02	30.27	29.12	30.61	28.94	32.36	33.62
33.66	28.28	31.52	30.67	32.12	31.16	32.51	33.74
24.63	30.78	28.22	24.95	30.84	30.46	29.71	23.54
32.97	30.37	33.66	32.13	37.03	30.57	31.93	34.87
28.27	29.13	28.59	33.93	30.02	28.1	26.54	28.94
41.41	40.05	38.9	35.33	43.59	37.49	36.58	33.19
30.41	27.58	26.63	29.37	27.54	28.44	29.09	23.49
30.43	25.31	27.2	33	33.15	32.7	32.65	31.74
37.12	35.16	29.04	38.15	39.62	34.07	39.03	34.23
31.9	33.73	30.6	33.44	35.91	27.93	30.28	31.67
29.95	28.7	26.7	29.47	26.47	28.65	26.81	31.34
26.32	29.92	31.77	27.48	29.28	24.47	27.2	32.22
38.1	33.02	28.82	34.65	37.7	33.52	31.77	37.46
27.34	29.54	29.3	26.42	27.56	29.29	33.89	32.76
30.77	32.85	38.44	33.72	30.29	42.13	27.99	31.42
28.11	21.92	19.33	24.97	32.54	25.02	22.4	25.5
26.96	28.27	36.31	32.99	32.35	36.34	31.76	30.02
23.23	23.72	28.26	28.03	26.87	20.32	27.28	22.35
26.03	28.72	30.17	29.3	30.83	30.2	23.38	24.54
29.01	29.17	31.07	31.03	27.32	29.61	28.49	24.32
32.56	33.85	29.26	24.64	30.17	30.65	26.57	28.31
28.26	27.65	33.82	29.86	32.35	31.51	29.3	30.12
26.64	27.12	28.54	26.08	28.7	30.84	25.69	24.1
27.92	32.97	28.3	32.92	34.19	33.14	26.93	26.72
23.31	24.68	29.42	26.04	22.23	22.26	27.09	22.45
33.62	26.21	27.55	31.85	25.32	24.64	26.25	29.33
27.37	30.75	29.23	33.31	25.22	24.8	28.76	31.62
35.24	31.65	26.97	32.82	34.32	30.07	31.5	33.16
31	34.61	28.98	28.55	29.53	30.45	23.62	29.41
31.37	22.96	25.6	30.45	25.1	30.3	29.04	25.99
27.4	27.73	27.82	31.13	27.32	29.57	31.08	27.78
31.93	25.64	23.56	30.75	26.03	23.4	28.71	24.1
26.3	29.34	27.66	28.41	27.41	30.28	27.1	26.84
27.33	29.67	21.43	27.12	24.21	30.41	28.94	24.68
27.14	27.39	32.59	27.86	31.75	27.51	30.3	34.29
30.25	32.36	25.64	23.16	25.13	27.66	26.76	29.07
30.87	27.36	33.36	29.96	28.53	31.67	23.62	24.29
26.79	30.43	26.52	25.23	25.58	27.67	29.25	25.67
25.07	29.1	28.57	29.62	24.63	24.82	26.3	32.76
31.06	37.3	31.78	29.2	30.51	33.38	29.55	34.93
31.36	29.11	34.07	32.51	31.69	33.24	30.62	40.79
33.41	33.8	35.31	33.42	26.36	30.44	34.04	37.61
29.56	28.94	31.28	30.91	36.15	33.59	26.62	34.32
26.43	26.39	28.2	31.98	28.43	32.26	26.36	26.59
17.77	25.37	26.85	27.57	26.51	24.93	25.7	30.78
30.22	29.39	26.85	31.23	26.16	27.02	26.78	26.89
35.29	37.58	36.01	30.5	32.15	28.56	31.94	26.87
38.08	36.45	32.91	33.87	29.6	29.67	27.01	30.29
34.4	32.96	33.97	30.5	32.99	35.3	34.7	33.88
28.48	25.36	34.8	28.44	29.37	26.89	36.82	31.84
32.18	24.85	25.97	27.99	26.6	24.8	26.22	27.11
32.08	28.47	29.32	31.98	26.79	33.88	32.46	28.03
29.84	31.78	32.31	31.63	29.02	33.04	31.18	30
22.79	23.63	24.45	24.63	23.96	26.73	22.19	25.02
26.77	28.75	33.5	31.21	26.24	31.33	31.11	29.95
22.49	24.79	31.95	22.65	25.96	26.66	28.48	24.56
26.64	27.36	24.89	24.47	28.29	19.15	30.47	31.63
34.28	33.37	37.4	32.01	31.98	32.24	31.88	28.38
24.96	28.7	29.78	30.15	26.83	25.79	29.49	29.09
33.82	27.33	29.32	26.84	30.84	32.95	32.75	27.44
26.55	26.59	26.15	22.34	25.17	22.51	28.26	26.42
38.41	30.33	31.04	26.37	31.33	29.2	33.37	35.92
24.62	25.54	25.93	26.23	25.27	25.68	27.36	25.29
27.81	23.49	27.89	27.9	28.72	27.69	29.36	25.17
32.9	34.37	32.09	28.85	31.78	30.43	25.87	28.29
27.86	30.41	29.75	27.83	30.93	28.04	28.55	25.09
34.18	35.2	34.24	39.84	35.04	37.15	39.48	33.93
34.37	25.84	28.08	32.04	30.55	33.52	29.06	33.57
25.75	26.16	25.88	28.31	29.19	25.66	26.74	26.16
36.62	29.21	29.34	31.99	32.53	32.62	28.78	30.92
24.75	28.33	25.91	29.95	23.8	25.21	28.12	23.66
28.45	31.71	32.29	33.01	31.69	30.04	31.4	30.96
33.66	29.35	31.56	30.55	29.49	29.41	26.19	29.98
29.14	33.13	29.46	26.58	29.12	29.24	23.33	32.27
26.16	26.24	33.78	30.31	27.24	34	34.89	22.29
33.09	31.84	30.87	29.99	31.32	28.67	26.77	34.25
32.82	31.01	27.72	33.04	31.29	34.76	27.21	30
30.93	31.63	30.25	33.42	24.2	28.19	36.32	28.7
26.91	33.19	35.2	32.62	31.26	35.69	32.05	28.78
22.8	27.76	26.84	25.68	26.69	22.68	29.74	24.84
20.9	24.08	22.23	24	26.36	23.89	22.06	24.21
31.58	34.45	36.2	29.56	30.96	34.6	34.27	37.81
32.38	27.59	32.99	33.12	31.66	33.82	32.16	32.19
37.77	40.71	39.44	36.41	39.9	36.26	39.23	39.49
30.5	42.09	33.09	27.89	33.96	31.92	32.97	32.24
35.13	28.65	35.11	37.7	38.47	36.52	34.9	34.32
32.23	31.92	32.5	25.64	26.78	29.27	32.34	28.83
26.47	25.47	27.95	32.52	27.77	25.77	25.76	26.93
26.69	23.53	22.36	23.28	24.61	28.82	26.7	31.15
29.7	31.99	35.18	29.61	29.43	36.48	31.29	31.72
26.69	25.52	24.14	27.02	24.14	25.23	24.55	25.21
29.63	31.6	29.44	28.9	28.06	32.01	28.28	29.2
36.04	29.23	30.67	31.42	29.81	31.8	35.99	33.75
33.67	31.44	28.25	28.23	26.32	35	34.91	34.58
30.01	30.81	32.02	31.11	34.09	29.67	28.83	30.79
27.35	29.15	26.7	28.44	27.35	25.95	32.87	30.79
34.85	35.13	31.61	31.71	26.02	37.75	29.46	31.79
30.97	30.81	31.41	29.17	34.6	25.99	35.21	27.18
28.84	26.28	25.98	25.9	29.31	27.9	29.61	25.42
32.11	31.36	27.91	28.99	26.24	33.19	27.25	26.37
43.84	30.95	38.59	36.62	37.87	38.93	43.35	41.22
28.75	23.51	26.92	24.68	24.58	28.8	27.08	34.57
37.58	34.77	31.08	32.02	33.17	37.49	35.42	33.19
26.05	27.23	22.72	23.45	27.44	22.73	26.15	32.11
23.86	28.42	25.13	27.34	24.74	29.86	28.25	31.11
27.91	31.62	24.9	33.94	29.13	30.45	26.95	30.83
33.12	39.44	32.21	33.41	33.83	32.02	36.3	35.61
31.54	35.28	34.84	30.84	30.32	34.1	28.78	36.07
34.01	44.28	44.02	37.36	40.49	35.84	30.55	37.25
33.77	34.57	29.23	28.93	31.73	24.49	26.1	28.8
31.73	29.74	34.26	38.65	35.66	28.19	35.84	36.46
37.25	38.88	31.07	30.78	35.22	30.03	26.36	37.09
26.02	28.02	26.33	24.61	25.26	24.91	21.93	28.49
29.36	34.15	27.38	26.59	30.27	28.95	25.51	27.05
32.1	34.85	31.82	29.12	29.59	29.03	27.87	31.7
29.28	30.45	32.96	30.62	32.45	26.15	30.54	32.3
25.7	26.66	25.64	32.83	29.47	33.51	27.53	28.25
28.39	32.02	24.83	24.34	25.51	22.35	29.47	25.63
31.92	29.86	35.33	30.47	38.96	31.98	31	25.98
38.79	32.8	28.36	27.9	27.01	35.31	32.57	34.04
24.83	22.56	24.9	22.33	22.85	19.82	21.51	24.36
29.05	26.36	27.03	28.55	28.65	29.49	28.14	27.9
33.66	35.23	28.69	30.24	26.93	28.1	33.56	26.8
25.24	25.92	36.53	26.64	29.47	29.05	26.98	33.42
35.56	27.55	28.05	26.48	26.51	27.29	29.06	27.7
24.02	34.53	31	25.73	33.81	26.15	28.95	30.47
24.51	30.15	27.15	25.8	27.97	28.53	27.63	27.45
31.58	34.53	24.27	29.95	33.95	27.14	29.67	26.18
36.9	46.96	35.67	43.96	40.41	38.78	40.37	41.55
28.56	25.71	28.64	30.37	24.73	28.23	29.64	24.8
33.76	36	29.04	37.36	36.27	40.27	41.49	39.94
32.11	31.08	33.59	32.58	28.34	33.81	35.74	35.86
28.95	34.66	30.7	32.2	33.68	30.28	33.27	32.32
26.66	29.11	30.02	28.38	24.61	28.17	27.65	25.72
27.37	31.01	30.23	26.73	26.45	33.93	26.17	26.56
30.65	27.51	28.87	24.82	29.72	29.01	28.06	30.15
24.72	26.98	22.84	25.94	26.29	25.01	22.71	30.34
25.48	23.39	24.52	28.5	25.37	26.42	23.48	26.57
25.24	29.22	23.81	25.91	30.93	26.96	28.87	29.27
24.45	22.61	24.16	24.78	24.2	22.82	25.28	24.07
34.08	35.69	32.38	39.83	29.99	30.72	36.08	31.93
22.43	30.65	23.94	25.01	29.58	24.78	24.27	33.01
31.06	25.61	32.68	31.11	26.77	30.01	32.83	32.56
23.4	23.86	24.06	23.79	26.03	26.43	22.88	26.2
35.62	34.3	34.49	35.67	31.48	38.2	34.05	33.88
30.89	33.92	33.5	27.39	32.55	37.82	28.68	29.72
30.09	29.11	30.14	28.25	24.64	26.69	30.33	26
26.83	27.58	32.07	29.71	25.16	25.3	28.73	28.84
34.1	27.28	28.98	35.61	27.29	27.31	30.52	24.33
28.97	32.09	31.65	30.92	29.86	29.92	37.87	29.68
29.82	28.04	25.57	29.36	29.87	28.81	25.69	31.56
32.74	28.42	33.33	29.63	35.12	29.8	29.27	37.49
36.72	35.85	31.99	34.84	30.94	33.43	33.14	32.74
25.88	34.95	33.18	26.45	28.16	27.27	31.54	33.74
38.73	39.22	32.87	32.19	31.68	32.99	32.38	30.59
30.22	26.78	32.02	31.46	31.43	32.86	30.16	27.4
37.04	35.3	38.69	36.36	37.16	27.37	35.53	33.69
28.93	29.67	22.42	31.18	30.24	30.18	31.6	33.73
29.47	30.7	26.6	27.43	35.37	32.48	31.26	28.91
34.7	29.2	35.41	32.46	30.62	29.87	32.98	34.81
33.09	34.73	29.34	30.72	28.35	32.56	30.65	28.13
33.38	39.2	32.26	34.99	36.4	36.02	38.73	34.71
29.75	35.18	36.27	37.41	28.32	31.64	38.49	30.15
35.26	28.91	33.01	30.1	32.43	29.06	32.22	24.14
27.69	29.61	23.39	26.48	24.68	25.79	29.73	27.93
23.59	28.05	23.82	32.62	28.71	23.87	30.06	33.01
30.15	34.07	35.23	31.5	25.46	31.07	24.81	25.85
33.71	32.27	31.72	31.63	30.43	25.54	29.87	28.73
35.77	32.41	35	29.99	30.87	28.7	30.63	31.88
25.54	33.82	26.14	29.91	27.93	31.55	30.37	29.96
26.17	29.75	29.77	29.85	32.38	29.57	25.74	25.37
30.55	28.3	29.08	29.88	32.68	23.45	28.39	28.92
28.85	36.77	31.69	27.07	27.64	38.3	29.24	23.15
34.51	34.94	31.15	34.36	29.56	30.7	34.28	30.38
28.61	19.98	27.35	25.06	26.61	21.95	27.93	26.22
28.59	24.55	25.62	27.92	22.25	30.78	26.05	27.84
28.02	29.07	32.16	32.32	28.04	29.4	28.79	27.25
24.74	23.56	26.9	23.47	30.32	30.88	25.05	24.96
31.73	23.39	31.55	26.58	31.71	35.06	32.8	26.9
29.14	26.82	30.85	27.76	29.59	28.61	28.66	29.81
28.8	30.8	28.5	33.61	30.45	27.61	31.46	32.75
30.18	35.18	34.05	28.71	27.37	34.83	30.97	27.56
23.26	29.78	33.12	29	24.51	30.92	28.92	27.58
23.41	25.92	26.08	23.07	21.94	24.57	21.69	19.72
26.14	28.34	33.99	24.56	27.88	28.79	31.61	29.6
25.02	26.28	29.73	24.34	25.28	28.07	31.78	25.89
33.52	28.47	29.65	31.54	34.21	31.08	30.44	33.9
35.49	27.07	35.11	31.33	31.89	34.6	31.92	34
23.48	29.74	24.72	21.49	26.44	22.66	23.22	27.76
29.98	31.97	32.68	40.23	29.4	35.33	26.27	36.12
28.57	29.28	31.51	30.58	22.24	29.62	24.79	26.01
27.89	28.35	28.48	27.76	29.77	32.83	36.19	28.5
30.87	32.48	30.73	23.31	30.52	32.85	32.93	26.3
26	34.68	31.86	32.48	33.66	32.91	35.14	41.82
24.34	27	24.3	24.51	32.32	25.28	21.95	26.46
35.39	36.15	29.25	30.36	23.91	28.09	28.2	31.59
25.68	22.92	25.51	25.78	32.91	29.98	26.28	26.54
26.08	32.04	28.6	33.49	27.7	37.6	30.92	33.42
28.08	25.59	29.3	28.3	29.89	32.69	33.85	25.92
26.97	33.34	30.53	27.51	31.39	32.77	31.28	31.76
25.56	29.91	25.28	34.81	28.25	34.71	33.62	34.12
21.76	26.59	21.59	25.37	33.57	26.33	26.03	25.42
36.34	30.62	33.06	28.38	26.21	27.17	33.08	28.41
26.08	31.99	28.39	35.23	24.38	26.94	31.94	24.52
28.68	33.71	29.02	29.59	29.15	31.92	28.61	31.11
32.33	30.41	26.5	36.24	28.01	27.02	27.65	36.3
23.77	29.6	26.88	28.84	27.5	29.22	24.06	24.3
30.61	29.57	27.86	34.57	34.41	28.35	33.03	28.86
36.82	33.74	35.39	33.22	31.85	35.39	36.45	40.89
35.24	24.84	37.8	34.2	32.57	31.09	28.37	38.57
32.64	27.88	32.21	32.99	33.97	24.92	29.17	33.75
36.31	37.72	31.01	32.62	34.39	29.13	30.75	34.37
28.03	31.24	28.98	28.19	30.68	32.09	32.8	22.42
32.8	29.69	30.22	26.29	29.04	26.06	37.32	29.02
24.4	27.17	22.78	29.53	27.66	24.38	27.62	22.17
25.24	30.26	31.5	35.99	31.62	29.77	34.94	31.86
26.29	25.92	22.27	27.47	26.48	26.03	33.12	23.43
27.93	21.81	27.45	25.64	26.17	24.22	25.45	24.65
31.61	25.85	30.64	26.14	27.97	28.9	26.28	30.32
31.2	30.16	32.09	32.95	33.67	36.18	31.81	34.76
29.58	28.51	32.52	29.96	35.36	32.28	24.59	34.03
27.2	29.87	30.06	22.73	28.52	25.98	27.54	26.1
25	28.44	30.82	28.9	32.64	32.18	29.9	27.98
29.03	31.08	35.83	32.72	27.75	33.57	28.62	34.56
26.29	22.57	25.85	24.58	17.1	24.35	21.93	24.2
25.74	29.66	31.02	30.24	27.48	29.97	27.47	32.04
25.77	29.96	26.66	25.65	29.86	34.46	30.7	33.07
35.82	29.24	34.55	37.76	28.15	37.93	27.7	41.79
27.64	30.86	22.84	38.45	23.16	28.92	28.29	29.24
36.14	33.37	30.99	39.16	34.11	37.83	34.6	36.45
32.83	27.98	29.83	32.16	32.87	31.14	34.46	32.16
27.52	32.91	28.38	35.05	27.04	32.87	32.08	29.63
30.25	26.51	25.4	26.5	29.19	25.68	31.42	27.78
35.2	31.67	34.01	32.33	34.06	38.69	32.58	36.16
28.8	30.87	34.65	28.17	30.03	28.27	30.78	31.81
33.75	25.15	33.79	31.8	23.76	28.72	28.6	33.4
35.21	37.52	37.76	43.48	37.51	38.56	34.59	39.7
34.95	32.54	33.06	27.78	33.21	35.48	33.14	32.83
38.73	31.16	33.5	29.54	32.06	33.16	30.89	32.4
39.66	32.97	37.91	32.29	39.47	33.52	30.5	32.42
31.38	30.3	28.19	33.39	27.34	33.15	26.03	26.5
37.65	36.76	31.62	33.62	42.42	41.51	35.26	43.58
29.01	30.33	31.36	30.2	27.85	31.22	29.8	26.04
37.92	34.88	36.96	32.66	35.15	42.89	30.01	28.72
32.42	28.24	28.33	24.56	32.1	31.48	35.56	34.67
24.75	28.15	32.32	28.76	29.61	27.83	27.36	26.48
24.67	27.86	24.06	27.56	23.05	25.64	32.11	26.95
27.42	26.62	23.52	26.56	27.44	27.07	23.04	27.15
27.33	28.46	25.27	22.42	30.22	26.43	22.62	22.71
28.98	23.96	26.92	24.88	24.14	25.43	25.38	28.14
36.23	32.45	34.6	29.69	37.86	30.99	28.69	30.92
28.43	27.49	29.04	29.28	26.77	23.64	24.25	29.33
36.25	26.39	23.88	27.56	29.57	27.96	33.34	31.98
32.91	32.46	30.09	33.37	29.86	26.42	32.9	27.74
41.02	36.61	35.34	34.27	36.47	34.73	28.55	35.08
26.78	32.36	27	25.11	32.35	26.29	25.34	31.39
41.1	29.22	37.4	33.97	37.97	41.86	33.23	38.36
34.02	29.75	31.3	28.99	28.35	28.31	40.4	32.96
30.39	22.16	28.87	30.12	27.15	28.4	29.93	31.2
31.89	36.31	42.43	34.06	32.92	36.69	33.58	36.15
25.12	27.97	23.82	27.6	24.14	20.98	24.88	24.59
25.83	29.26	30.27	29.91	25.95	28	28.34	23.15
28.15	29.01	29.15	30.47	30.78	27.56	27.92	25.8
33.4	33.59	31.32	29.88	33.82	34.34	36.67	29.33
32.2	29.59	32.17	30.68	36.04	27.54	36.6	30.04
27.68	25.42	27.03	34.06	27.13	30.11	27.39	23.01
29.91	27.57	31.56	29.52	27.83	27.14	25.53	27.57
31.81	30.6	27.49	34.13	30.52	34.04	31.7	35.99
28.04	23.38	26.92	21.49	26.82	25.67	25.05	24.75
29.04	31.46	30.71	33.91	26.09	25.05	26.86	26.74
33.85	35.25	28.98	35.52	28.17	27.81	31	32.46
31.85	35.85	29.04	37.23	28.6	32.2	25.9	30.5
27.3	24.43	31.39	29.62	31.98	28.24	27.3	28.92
36.34	31.32	32.03	31.04	40.08	34	31.28	35.97
26.43	27.72	27.45	28.39	25.58	33.22	30.82	27.95
30.57	29.7	32.73	33.84	33.29	37.87	42.82	36.62
32.64	35.13	30.88	31.28	28.88	28.89	26.91	30.72
24.82	20.36	22.01	24.19	27.53	22.64	23.77	25.37
24.18	26.31	29.95	23.96	29.6	24.97	30.83	28.08
30.35	27.16	26.74	35.91	27.21	25.43	28.99	29.87
39.25	37.73	39.47	39.55	33.28	40.23	40.01	34.94
38.21	48.68	41.34	43.26	41.85	38.15	39.73	41.99
25.74	30.36	29.46	30.41	25.08	26.31	29.88	33.65
30.07	37.34	29.91	35.3	33.45	36.66	30.94	34.98
32.38	27.46	32.08	31.39	29.56	26.02	34.67	35.62
30.79	34.77	38.25	31.14	34.9	31.36	29.1	32.43
35.95	33.24	41.64	34.81	34.23	36.97	37.84	34.17
34.26	29.18	29.37	30.36	29	31.45	29.56	31.59
34.68	27.31	30.22	31.16	31.82	32.72	27.95	31.77
35.07	34.56	30.91	33.23	31.4	31.84	31.22	32.09
32.89	32.59	27.98	30.1	33.06	34.52	37.83	26.09
19.17	25.13	21.57	25.83	19.08	21.74	19.53	20.04
23.39	25.21	25.81	18.37	24.87	25.84	20.9	25.43
40.32	34.7	35.39	33.81	33.78	35.27	38.68	32.17
28.34	28.36	25.84	28.96	27.32	23.09	26.32	31.1
30.55	32.9	30.69	28.83	29.34	25.6	30	37.45
31.14	33.37	32.48	35.69	28.25	25.73	34.85	29.6
27.22	27.72	23.8	26.79	28.39	24.27	31.33	29.91
30.44	33.41	27.81	27.75	31.43	30.94	27.64	24.85
33.39	35.43	38.87	29.9	33.45	33.34	38.64	35.48
32.29	30.06	30.26	32.39	30.42	37.29	31.68	31.92
33.12	29.52	25.87	29.78	28.64	32.32	31.38	30.73
33.69	33.1	27.73	33.04	30.35	35.97	30.69	35.34
22.5	23.09	22.27	21.65	23.18	24.59	22.19	27.28
28.31	31.74	37.93	34.31	34.13	31.59	38.12	32.96
26.37	26.17	26.28	26.97	27.67	26.17	26.14	24.11
37.85	43.58	34.99	31.95	35.16	28.19	30.27	34.39
30.01	27.06	28.59	33.29	26.21	27.81	33.38	32.08
23.3	21.59	24.52	20.67	28.4	27.89	19.91	23.12
35.69	43.89	30.73	35.9	35.89	33.41	35.97	34.19
24.05	25.71	25.21	26.6	28.82	34.08	23.38	21.15
29.6	30.49	29.4	28.81	33.48	30.36	28.67	29.28
30.78	30.74	30.31	34.37	30.01	34.86	33.76	33.42
25.12	34.21	28.31	30.62	29.99	28.52	30.22	24.66
34.73	32.57	32.54	33.93	36.71	35.13	38.64	29.69
24.09	30.71	28.33	29.99	21.7	26.93	28.89	25.75
29.75	33.12	31.76	33.43	26.15	34.13	26.24	29.22
23.43	26.31	29.36	25.02	24.63	30.04	28.5	27.24
28.59	33.6	31.22	25.44	32.29	29.8	28.68	26.84
24.35	21.53	28.56	22.74	27.35	30.49	24.44	26.28
32.15	32.47	37.92	41.29	30.84	42.95	37.92	39.13
32.6	29.92	35.56	29.95	33.79	30.75	30.78	32.92
29.58	27.32	30.52	32.13	36.27	30.46	30.69	28.09
32.19	32.18	33.68	36.5	32.95	33.33	31.91	33.31
28.32	32.18	28.11	26.46	28.49	29.92	33.91	26.45
34.27	31.35	40.72	29.99	37.35	31.15	39.95	36.56
34.1	32.4	30.07	29.26	35.17	31.8	31.12	27.59
25.46	35.33	28	32.43	27.31	31.54	26.31	22.57
33.84	37.13	33.38	38.32	32.88	29.44	30.18	36.43
36.06	24.79	35.87	27.41	32.1	34.83	36.6	36.75
26.56	30.42	31.54	24.08	31.99	28.46	25.82	32.32
26.33	26.22	29.64	32.68	30.96	25.36	29.15	27.58
30.34	27.84	26.88	24.49	29.01	30	25.53	26.93
28.84	36.71	38.65	33.27	26.04	31.1	35.51	34.01
35.88	32.69	27.84	33.14	32.27	35.18	34.71	36.41
32.72	28.62	36.05	36.64	34.98	36.28	40.93	35.44
31.74	29.94	28.86	32.9	30.04	24.23	31.17	34.82
39.01	40.02	35.8	34.99	40.47	35.39	33.88	31.43
35.9	28.48	29.55	30.13	24.59	31.83	32.21	33.32
30.85	35.44	38.42	34.37	32.31	34.18	30.81	34.55
35.27	29.88	27.23	35.57	33.58	37.95	33.02	34.09
32.57	36.2	29.73	31.68	32.51	25.63	31.21	29.1
31.25	28.95	32.74	28.19	27.7	30.13	30.37	34.97
31.25	30.16	26.93	34.25	34.66	26.79	32.73	29.8
26.45	29.61	25.07	28.84	28.4	29.4	25.86	26.22
26.83	33.77	32.28	32.66	37.39	32.14	32.42	33.25
29.83	28.92	26.72	24.83	27.12	28.9	29.7	31.53
30.57	33.81	33.72	36.28	32.22	31.55	36.78	37.54
35.94	36.47	37.07	33.95	33.59	36.85	32.13	32.69
34.14	39.33	38.44	42.87	44.47	44.63	37.35	42.92
30.25	25.87	30.93	32.16	36.44	25.6	26.55	28.86
27.94	27.02	26.61	27.89	31.47	28.58	31.6	32
28.12	24.48	31.63	35.27	31.68	33.86	30.01	33.41
27.3	28.46	27.81	31.71	30.81	25.56	26.98	27.43
32.34	33.08	26.51	28.11	28.5	29.19	32.23	32.67
32.27	24.96	34.5	26	30.79	28.7	30.53	27.31
27.56	32.17	25.15	24.15	29.93	28.25	28.86	38.09
39.6	34.27	37	32.48	38.5	35.43	36.46	32.95
33.8	29.88	34.49	30.01	26.85	33.6	32.07	33.01
26.6	25.43	21.26	28.42	27.08	23.12	25.89	26.2
24.76	27.96	23.24	25.38	24.08	26.93	25.52	25.24
29.91	27.22	32	33.28	32.27	30.19	30.54	29.58
27.12	25.66	27.8	33.11	28.21	29.59	33.33	30.39
24.67	28.69	30.74	25.03	29.59	28.15	23.71	34.34
28.86	28.52	35.55	28.97	33.96	35.21	26.2	32.03
25.3	28	29.6	30.23	28.01	28.31	25.75	30.01
25.48	36.33	33.86	41.07	31.08	31.64	35.98	38.18
27.62	29.3	28.6	28.13	28.12	28.31	25.47	30.71
38.68	34.34	27.07	29.6	37.25	30.74	40.09	29.71
29.37	34.04	26.17	21.86	29.01	26.41	27.66	28.85
33.16	37.59	30.84	34.85	38.51	35.44	38.07	32.09
23.47	31.06	28.67	24.11	25.8	26.83	23.29	28.27
26.55	25.44	31.09	24.75	22.58	26.23	26.6	27.3
23.61	26.23	23.34	24.91	23.84	23.47	22.55	30.3
31.65	35.14	35.08	34.22	33.85	28.51	28.97	36.37
26.86	25.71	24.4	27.37	26.7	28.56	28.96	26.07
30.6	38.44	37.41	40.05	31.88	37.36	36.69	33.74
23.87	27.15	31.48	28.75	24.19	28.11	23.69	25.22
34.84	37.02	31.96	32.79	35.48	41.09	31.87	36.86
26.81	30.6	30.71	30.73	29.15	30.42	32.47	28.06
25.67	34.05	31.33	32.42	29.54	27.18	26.24	30.39
28.82	28.85	24.57	27.68	23.42	34.53	22.65	31.75
40.69	35.44	34.33	34.26	37.3	42.74	30.5	32.12
30.29	29.87	35.13	31.32	31.05	33.3	26.2	28.29
35.36	34	34.24	27.49	28.3	28.53	36.93	33.67
29.26	31.45	34.67	31.55	31.31	36.97	31.88	35.48
30.47	28.66	26.56	29.09	28.7	32.31	30.61	27.17
29.06	30.65	28.82	34.57	36.12	30.76	31.57	34.04
35.56	26.86	31.19	31.89	26.47	29.76	29.43	37.05
25.93	26.62	28.62	26.27	30.87	25.38	23.43	28.1
29.18	22.67	23.27	24.82	29.07	28.77	28.2	27.18
35.23	36.95	38.53	39.02	34.85	31.96	37.86	32.35
33.8	33.97	34.34	32.96	30.46	24.29	28.41	29.36
29.91	33.74	33.6	33.1	29.54	28.35	33.27	34.62
26.39	25.16	26.97	33.26	30.73	30.09	27.36	27.46
30.47	29.44	36.83	31.56	26.85	32	30.58	27.97
39.76	30.88	25.01	37.39	39	31.7	31.32	34.51
34.04	37.22	33.08	35.36	32.25	32.62	36.45	34.61
38.54	29	23.18	29	25.71	27.08	31.71	26.83
31.26	27.56	26.38	33.01	30.51	30.37	27.16	32.38
39.75	32.41	30.78	29.98	33.77	29.94	36.99	33.45
27.37	24.89	24.53	27.65	27.32	22.57	29.1	28.78
27.52	32.74	33.23	26.97	31.02	33.86	29.92	27.97
29.3	32.62	26.52	27.48	27.7	26.47	28.59	26.42
39.2	32.17	36.38	30.95	38.04	32.49	31.97	31.82
34.66	30.91	30.01	26.33	30.87	31.8	33.75	34.15
27.06	28.99	26.15	24.51	24.3	26.68	28.14	25.91
38.78	34.4	33.03	33.6	32.84	33.5	37.96	36.39
25.96	32.29	33.58	32.43	31.86	24.23	31.46	28.23
23.61	23.32	31.17	27.49	28.87	23.93	25.59	27.4
21.31	21.31	27.96	19.26	19.8	21.61	21.59	22.08
34.26	22.97	31.02	36.24	36.16	42.39	32.7	34.39
26.06	25.63	31.33	27.89	24.73	28.85	26.27	23.63
27.56	31.78	27.14	32.4	28.34	27.14	29.5	24.92
29.6	31.32	25.72	25.86	26.18	36.4	31.29	29.82
31.11	30.78	31.77	25.67	34.1	29.03	25.58	27.69
38.68	36.4	35.48	33.21	30.21	30.12	32.67	33.1
28.95	33.64	35.85	32.72	32.65	22.9	32.91	33.18
29.15	22.67	25.99	25.33	23.63	26.18	26.42	21.6
35.04	35.38	43.44	37.19	44.63	37.69	35.34	38.72
29.84	36.25	32.72	31.77	32.23	36.51	37.29	34.21
23.32	34.65	24.84	22.82	29.97	27.51	31.33	22.86
31.25	27.49	33.26	28.42	30.7	29.62	31.9	25.1
32.12	30.34	32.79	31.75	31.03	30.53	34.17	25.53
29.56	25.94	26.47	25.41	25.89	22.85	23.12	25.84
32.24	30.37	30.63	34.12	29.38	31.71	29.1	31.37
33.19	39.17	33.48	34.15	36.07	34.42	36.05	36.38
26.94	28.67	30.93	31.87	23.77	30.68	31.92	32.57
31.28	30.55	25.75	28.11	27.59	29.79	34.36	30.95
42.04	31.53	33.11	33.32	32.98	35.92	36.2	34.79
22.14	30.06	26.67	27.13	25.15	21.68	28.26	29.16
23.11	22.88	29.72	25.58	23.15	23.4	27.16	23.51
39.77	33.11	31.93	33.34	31.64	29.15	43.91	45.13
26.91	29.12	26.17	26.54	34.99	32.84	32.63	34.51
29.09	24.8	25.26	33.52	27.44	31.53	31.15	30.56
33.08	28.42	30.42	33.94	27.84	29.01	27.89	29.69
26.5	26.33	25.76	26.36	24.68	23.71	26.5	28.59
24.54	32.17	32.94	32	33.78	33.07	31.56	33.71
27.82	27.34	24.76	31.64	28.29	25.91	27.77	27.14
36.48	27.15	35.51	31.39	34.24	34.71	32.18	31.56
22.63	26.16	23.02	24.31	28.91	24.98	25.95	26.21
29.15	30.01	26.81	28.76	28.17	29.91	25.22	28.13
25.27	29.54	29.59	29.91	27.76	33.32	28.34	35.81
31.47	27.52	26.27	29.19	29.11	30.27	30.65	32.09
26.44	22.42	28.73	24.76	25.06	29.34	29.27	25.17
29.73	30.95	29.87	29.26	28.06	32.58	25.39	27.88
36.5	31.75	32.85	24.98	27.78	25.43	30.41	28.16
27.45	33.34	26.83	28.06	25.93	24.72	30.87	27.39
30.24	36.46	26.96	35.67	34.63	27.85	32.46	31.2
31.73	28.09	31.38	29.47	32.55	26.72	29.94	31.77
35.55	34.61	25.47	31	30.25	28.61	31.76	28.41
29.13	36.53	29.18	33.8	29.93	33.26	27.31	27.26
42.14	35.14	38.16	37.85	30.41	31.61	31.61	36.12
27.62	28.06	27.45	24.8	30.85	28	26.13	25.23
32.74	29.59	27.14	26.34	32.11	30.53	30.71	32.46
27.26	29.91	27.59	27.51	20.71	28.11	29.04	25.73
24.86	26.07	25.93	30.11	24.48	22.11	25.43	27.49
25.5	39.77	28.48	33.01	35.39	28.91	30.96	30.65
29.85	31.37	33.02	29.3	40.2	32.09	26.89	38
25.89	30.82	24.08	32.04	29.19	31.26	31.99	28.41
31.61	30.92	33.39	37.25	30.7	32.83	26.78	34.78
37.39	36.25	29.74	28.71	36.48	28.59	30.84	37.51
32.64	25.49	31.64	29.17	30.5	29.5	31.23	32.86
27.54	35.54	29.49	30.37	37.79	28.96	32.87	31.36
29.47	31.62	25.73	28.82	29.85	30.2	31.92	33.22
27.95	29.02	35.52	26.8	28.94	28.58	26.71	32.58
26.42	24.8	24.86	24.4	26.01	25.96	22.48	28.76
31.12	28.83	35.08	32.3	26.46	33.44	35.51	29.89
26.03	23.23	22.74	27.38	31.12	22.3	21.38	26.66
28.79	37.41	26.39	36.27	32.47	38.94	30.37	27.28
21.33	25.69	23.16	26.47	20.69	21.14	24.82	29.73
28.46	25.55	27	24.13	32.13	27.75	24.13	28.35
23.61	29.78	23.61	26.6	28.01	28.43	25.89	24.97
33.76	37.17	39.13	31.14	35.24	32.95	34.98	34.19
34.75	39.29	38.13	42.38	40.35	37.67	27.42	34.46
30.47	29.41	28.61	25.63	28.24	29.08	26.18	25.63
31.12	29.76	32.39	28.93	34.06	32.33	36.27	29.3
30.75	32.13	32.9	38.44	34.15	31.95	28.17	33.96
35.03	34.32	31.19	30.72	34.96	28.49	26.8	27.43
34.12	34.12	32.32	31.37	29.97	29.7	35.27	28.63
29.95	35.74	35.71	30.02	36.2	32.67	28.78	29.49
33.36	30.55	36.24	28.04	33.96	34.78	27.13	28.37
30.1	26.5	22.49	27.84	31.82	28.48	24.32	29.35
29.24	27.69	30.91	26.96	28.49	25.89	25.61	26.48
33.38	31.59	29.01	30.14	37.67	35.75	36.07	32.96
29.44	27.26	28.63	27.39	29.69	30.2	30.12	31.11
25.55	21.71	21.99	19.47	23.93	22.86	22.25	23.82
25.08	34.3	33.32	33.39	29.24	29.15	32.52	30.33
36.41	39.67	37.44	35.36	42.84	40.57	38.42	39.44
31.06	31.05	33.25	28.83	29.55	27.68	30.31	30.94
25.57	33.14	28.34	24.09	24.25	25.85	23.3	28.12
28.08	30.68	26.11	29.44	30.02	36.03	29.99	26.84
27.43	34.71	32.16	23.48	32.17	34.77	32.62	31.79
25.87	34.79	28.71	32.42	32.55	26.17	25.57	28.94
30.42	35.1	27.89	23.65	28.08	35.34	35.64	32.31
27.15	24.41	26.71	27.13	25.23	26.85	28.17	27.64
35.1	34.36	37.9	29.46	32.12	28	29.96	30.02
29.24	29.57	27.36	26.66	27.41	27.39	30.4	25.92
26.95	29.14	29.37	27.33	25.3	29.07	28.77	28.66
27.04	28.76	28.59	28.31	28.24	24.75	28.7	30.21
25.24	23.37	24.76	28.49	27.38	25.13	25.36	23.38
30.93	28.03	30.67	36.82	26.19	34.14	32.21	30.5
27.42	29.79	27.39	25.25	30.51	26.94	28.23	31.1
30.67	34.01	28.75	32.68	28.46	35.83	24.54	26.63
28.24	26.18	26.02	27.87	22.56	24.07	27.7	30.49
30.44	29.03	31.02	28.03	30.6	31.07	37.11	30.98
32.8	32.52	36.23	31.59	29.86	33.32	31.31	32.8
26.11	25.21	20.6	22.73	24.49	21.89	18.42	22.62
29.4	25.73	27.5	27.56	29.23	29.12	25.24	26.33
34.47	30.26	25.98	33.85	32.58	27.99	25.44	33
35.57	26.82	33.98	40.67	28.62	32.56	34.91	27.13
33.51	30.99	29.97	27.4	28.87	25.86	23.49	30.03
30.86	30.96	38.23	25.67	31.45	29.1	31.38	31.97
29.19	35.66	30.57	29.22	30.11	36.5	35.49	30.45
30.98	32.69	29.47	33.28	43.68	41.67	30.99	35.49
30	33.5	35.25	30.07	27.64	30.78	34.29	26.57
29.33	29.63	26.25	25	30.4	31.04	21.88	31.06
19.36	25.35	26.45	22.01	19.75	24.51	25.26	23.18
33.83	38.76	33.12	37.04	37.41	35.75	40.43	37.2
28.55	26.7	31.43	33.38	30.65	25.18	33.03	26.28
25.24	30.18	29.57	35.78	33.76	35.85	31.75	27.44
22.71	29.19	33.54	25.88	24.36	23.68	22.16	28.07
23.19	28.28	34.84	26.83	30.51	29.22	24.57	32.97
24.87	29.21	28.5	23.61	28.63	26.58	29.37	31.14
23.77	23.21	23.01	29.44	28.09	27.05	26.98	32.42
24.12	24.3	31.31	30.09	24.49	28.15	29.6	30.58
32.86	37.44	31.97	37.55	30.35	34.35	31.91	31.31
26.68	30.3	27.74	27.09	28.97	23.34	30.84	29.92
27.27	33.93	37.36	34.08	34.33	27.26	33.65	32.85
28.64	30.08	27.32	27.18	32.46	30.77	28.9	31.36
34.92	28.67	35.19	34.14	37.8	31.41	39	35.72
35.89	40.32	32.34	31.65	28.36	30.42	36.77	32.83
35.87	28.16	34.5	31.48	32.45	29.02	40.7	28.25
26.8	27.76	26.17	27.57	28.2	29.4	25.48	27.86
36.24	31.06	26.27	39.69	35.65	33.16	28.99	32.21
22.36	21.84	22.3	26.07	26.24	23.53	24.94	24.66
26.04	28.8	29.64	28.76	32.65	30.54	31.28	28.51
38.37	34.74	34.22	31.67	35.85	42.3	38.95	39.4
22.75	27.46	23.67	25.22	26.3	24.86	26.36	24.05
37.14	32.84	40.71	41.7	40.06	34	41.63	37.48
27.01	26.32	27.89	26.78	26.43	26.87	24.21	26.34
21.74	21.65	23.19	24.37	21.24	24.28	21.18	24.17
30.46	25.67	24.55	29.84	25.27	30.56	27.1	31.12
29.75	25.22	25.7	23.15	22.17	26.97	27.82	29.1
33.05	31.41	26.28	30.93	29.23	29.65	27.23	26.53
34.02	32.52	32.15	31.81	30.17	33.17	35.91	28.14
29.15	24.23	24.61	22.96	23.66	23.04	22.23	22.56
28.12	28.75	27.12	24.82	23.13	26.09	26.82	21.11
33.05	31.65	33.99	32.67	31.11	26	32.62	33.98
26.26	30.96	37.61	33.02	35.17	34.79	32.35	33.59
