25.63	22.74	31.6	28.58	32.55	30.06	25.5	25.56
29.14	26.78	24.04	30.85	27.48	27.73	27.12	30.44
29.1	32.45	26.49	33.46	31.49	34.79	28.48	32.13
22.67	27.87	29.07	25.7	29.62	26.34	25.49	24.64
32.3	23.73	30	26.88	30.2	28.52	28.45	30.19
22.86	23.82	25.91	25.95	25.1	29.12	24.18	25.15
26.15	31.63	24.27	30.95	34.12	25.38	27.95	28.6
31.57	38.72	25.91	30.13	30.7	30.4	27.8	28.78
31.54	31.61	33.23	33.24	30.18	29.94	43.09	30.35
27.02	29.47	24.58	31.64	30.97	25.96	29.68	25.11
34.78	32.49	36.31	33.38	35.03	36.04	33.29	33.73
24.86	22.11	35.51	27.91	25.46	28.39	25.89	24.84
41.98	39.07	31.8	33.88	37.84	43.34	37.33	43.42
26.28	22.13	25.49	24.53	28.21	30.47	26.38	25.76
28.18	30.07	25.68	27.24	27.45	28.38	28.88	28.35
31.12	33.41	29.89	29.53	30.62	34.46	33.19	31.5
30.93	32.32	30.44	38.44	28.58	33.02	27.16	29.12
36.85	28.3	29.45	27.13	24.9	27.68	29.3	33.18
30.9	35.46	37.18	39.21	26.53	30.68	36.11	33.66
26.06	31.58	33.05	28.43	36.77	28.32	29.05	31.8
28.34	28.03	27.33	28.29	35.85	27.28	30.99	24.99
27.55	31.44	25.74	30.59	26.92	27.15	27.82	28.81
28.19	23.07	30.05	22.51	27.02	26.26	25.22	28.81
28.07	26.6	30.89	28.56	23.59	27.17	27.11	31.51
24.91	30.69	27.6	33.15	29.27	36.47	24.2	32.54
22.38	24.23	29.26	27.79	32.55	28.31	26.2	28.4
26.89	28.79	27.41	30.06	25.82	31.13	30.37	26.85
36.13	38.86	33.29	27.39	30.6	28.25	32.35	32.04
27.82	28.92	31.73	26.85	27.28	28.31	28.35	29.66
36.48	30.97	36.28	37.6	39.69	30.65	35.16	33.05
34.32	32.71	24.45	26.11	29.64	31.29	31.35	33.18
29.07	29.68	26.66	25.62	23.72	24.16	31.01	27.18
24.46	33.47	28.38	31.71	29.27	34.38	29.79	26.73
36.53	43.12	33.43	37.04	33.07	31.07	37.31	40.49
38.2	33.79	28.81	29.15	30.74	27	28.32	32.73
26.08	25.38	26.95	25.76	29.73	27	26.16	29.16
30.19	34.35	27.6	31.13	27.55	30.14	27.58	29.7
27.72	34.31	30.81	33.16	32.82	30.32	41.66	31.38
26.42	28.04	29.87	30.88	35.39	33.15	32	31.83
28.23	33.3	26.48	26.4	31.01	26.44	28.27	29.98
36.74	31.3	25.63	33.34	37.39	34.29	27.06	35.36
30.97	25.03	30.23	26.92	27.48	23.11	27.06	24.26
27.54	40.42	28.05	29.43	27.25	29.83	30.91	31.72
26.27	27.23	32.44	23.5	25.73	28.69	30.22	28.6
25.53	27.46	26.69	30.12	26.15	27.86	23.9	24.81
33.99	30.07	36.6	32.56	30.75	34.78	29.76	33
32.42	33.04	36.03	34.4	32.69	31.37	29.44	30.18
30.12	25.12	27.57	29.93	33.97	33.92	30.49	33.62
31.2	28.48	28.31	31.51	30.88	26.16	25.42	22.92
25.54	26.25	24.5	25.74	27.04	31.26	25.79	31.74
33.47	32.53	30.99	33.36	34.26	32.25	34.01	31.66
35.75	28.25	36.08	28.24	39.24	33.79	33.62	39.44
33.83	38.12	31.1	25.59	34.71	31.07	35.14	29.11
31.37	32.07	29.38	30.69	33.65	34.21	29.68	27.49
32.91	28.06	33.48	30.96	29.91	27	29.44	29.79
27.29	27.75	33.12	30.56	33.54	29.2	28.99	27.2
31.71	35.95	37.39	28.42	31.93	29.32	30.52	24
28.32	33.72	34.82	32.6	30.31	28.32	36.76	27.43
35.22	35	29	34.29	34.97	40.32	32.79	31.69
31.4	32.97	35.46	27.78	27.44	32.91	33.1	29.14
30.79	28.27	28.79	24.63	31.89	34.54	30.8	31.87
34.67	28.46	32.68	36.39	28.36	30.38	28.75	28.83
27.32	26.79	28.07	24.63	31.74	28.49	30.77	26.08
36.71	31.46	30.26	37.5	32.44	29.58	36.99	29.66
34.08	31.89	32.84	32.88	31.79	35.15	41.99	40.46
30.55	32.52	27.48	22.62	26.51	32.89	30.69	28.23
36.75	34.74	29.2	39.63	37.56	34.14	33.51	36.16
30.51	33.01	33.44	29.72	30.8	31.04	31.96	32.46
32.59	27.62	37.05	32.23	30.55	33.05	31.86	29.76
24.21	25.33	26.77	25.25	25.28	21.32	20.92	26.65
24.51	28.35	32.76	28.09	33.18	34.74	28.02	31.18
39.76	34.03	44.11	41.88	39.52	33.18	38.8	43.02
28.01	30.71	34.39	29.77	33.59	29.33	36.85	34.55
29.9	23.78	27.41	27.37	28.22	25.22	26.64	26.71
33.45	32.65	38.25	34.69	23.35	36.19	30.27	32.92
27.48	35.51	36.31	28.21	38.4	39.81	36.98	31.2
33.18	39.66	32.21	36.45	32.94	32.75	30.12	37.86
38.12	33.41	40.31	40.54	35.44	36.42	38.85	40.28
36.08	36.78	31.07	30.95	29.46	36.48	32.35	36.18
28.37	30.71	33.64	28.64	27.86	32.24	31.29	33.28
28.42	38.09	30.88	25.25	27.12	26.44	28.07	29.27
25.34	27.55	28.69	33.36	26.53	30.12	28.04	23.04
22.23	19.83	19.27	26.34	19.59	23.82	23.98	23.25
41.79	34.19	40.32	42.57	37	40.89	38.74	40.53
26.48	24.13	24.54	21.61	25.15	25.1	20.82	23.89
29.07	32.79	35.72	31.23	32.76	30.04	31.34	35.71
28.78	27.8	27.61	35.43	33.78	32.2	25.57	31.67
33.08	29.93	28.48	24.54	32.89	35.37	30.28	30.83
35.14	37.03	40.18	34.76	34.17	35.42	30.54	30.2
30.69	28.99	28.83	29.7	27.51	32.27	25	32.08
26.56	28.11	29.94	32.19	29.46	35.18	29.42	32.24
29.72	34.97	25.2	32.17	36.07	33.76	29.85	24.54
25.06	26.39	29.75	24.9	21.38	24.81	23.51	24.74
32.81	32.44	36.59	36.77	37.45	38.14	41.19	29.71
37.99	34.55	40.91	36.52	36.89	34.71	32.74	43.3
30.21	25.28	34.95	27.63	33.3	33.46	30.38	27.7
27.74	29.57	29.68	28.11	28.02	30.38	25.98	29.3
30.29	32.71	36.48	32.38	33.18	32.35	38.06	32.83
24.1	31.44	29.43	26.52	27.27	29.86	28.37	30.14
31.23	27.64	27.98	33.33	27.41	29.43	26.85	27.61
36.31	36.21	28.6	26.63	34.07	36.83	32.31	34.71
21.69	24.46	23.4	22.23	22.55	22.38	25.45	21.86
36.3	24.01	35.96	30.32	34.5	38.18	32.99	29.6
24.57	29.15	23.12	26.55	28.89	31.84	30.43	31.6
29.86	30.27	32.15	26.57	32.6	28.4	30.22	28.68
23.1	26.97	30.96	24.46	25.39	23.12	26.23	25.35
24.92	28.58	24.56	27.9	26.81	25.18	26.93	24.86
26.83	35.01	25.42	33.14	28.64	29.34	26.22	32.81
27.44	24.4	24.88	21.74	27.34	24.33	24.05	23.12
26.55	22.91	24.51	20.59	24.97	23.25	24.49	23.07
27.49	28.94	21.65	26.1	29.98	24.71	32.31	30.06
30.18	28.02	32.23	28.78	30.99	28.98	24.49	28.2
30.96	30.94	29.43	30.16	33.76	39.76	32.19	27.03
29.81	29.03	28.67	30.04	30.76	25.06	32.12	31.56
25.73	26.67	23.57	22.1	29.89	21.35	26.06	23.22
25.68	27.47	25.99	25.55	25.55	28.72	25.54	24.57
27.4	27.91	28	27.19	32.41	31.96	29.32	27.75
37.04	39.05	30.56	30.48	27.72	30.08	34.69	31.78
26.43	26.38	22.93	28.5	27.69	27.11	25.76	27.35
25.82	32.13	26.17	23.39	26.95	33.33	31.2	31.82
32.1	38.59	29.57	31.6	32.29	36.13	35.03	37.86
27.44	22.75	29.52	23.39	30.57	30.17	29.75	26.98
31.29	32.58	30.4	24.42	34.02	30.36	25.92	35.19
30.98	32.02	30.25	35.32	32.05	36.83	34.12	32.38
28.04	24.63	31.46	27.79	27.51	31.05	27.99	27.6
33.14	39.23	31.6	33.88	29.69	25.82	31.47	31.73
34.94	33.96	35.58	37.84	30.65	35.77	34.64	32.73
24.17	23.4	21.04	27.83	27.25	26.19	30.03	23.51
40.45	39.18	34.99	37.44	37.44	38.48	37.15	40.75
25.52	26.53	31.79	24.7	31.08	27.09	26.1	27.44
27.17	30.25	27.72	31.39	31.67	32.98	31.7	28.49
33.08	33.02	24.55	31.16	25.39	27.55	26.37	32.88
32.05	30.86	30.71	27.25	32.52	27.96	33.22	32.24
25.49	20.14	27.25	26.74	25.27	27.92	24.88	25.55
31.9	28.2	27.72	29.74	28.86	26.86	30.24	29.47
28.21	33.18	29.98	29.33	31.55	31.87	34.7	33.51
31.76	32.83	34.01	32.26	25.86	26.32	38.43	24.4
31.48	29.8	30.31	31.04	29.75	25.53	24.87	26.03
28.37	31.47	29.37	31.96	35.35	34.74	36.53	32.68
32.54	33.73	29.6	33.31	25.85	31.97	33.21	33.75
25.65	23.86	31.06	26.89	28.79	29.72	24.59	27.16
35.22	32.94	37.42	43.56	35.28	28.59	32.6	31.44
36.93	35.77	37.33	32.04	32.22	30.56	38.07	47.72
37.64	35.46	29.81	31.6	31.01	35.13	31.04	32.68
38.03	29.4	33.77	42.04	36.04	32.2	32.86	33.87
28.46	29.01	30.58	33.03	29.07	33.02	32.97	30.29
33.4	34.5	37.61	25.54	33.24	35.64	32.46	29.95
23.65	21.09	22.95	24.51	27.52	23.52	26.38	26.29
32.01	26.03	35.6	35.33	34.05	32.58	32.7	28.34
34.3	35.77	30.77	31.87	36.42	36.94	37.09	33.52
27.9	30.82	26.76	24.36	29.58	24.1	22.3	27.88
40.22	33.2	36.29	33.31	40.07	38.44	35.73	38.62
34.55	35.4	33.53	30.04	33.62	36.41	32.41	30.23
29.21	28.84	30.71	31.4	26.19	32.96	32.64	27.6
38.47	32.75	29.42	38.94	33.11	37.51	32.25	31.2
22.51	21.14	25.87	24.36	21.01	25.56	25.58	24.2
35.3	30.78	37.13	30.59	31.72	24.99	28.04	32.66
27.42	26.7	27.54	27.23	23.74	25.92	28.39	24.82
28.2	30.82	25.15	30.11	24.85	27.52	27.79	27.65
34.11	31.42	32.89	31.51	36.61	31.61	40.87	39.01
25.94	25.9	30.65	26.81	25.89	23.88	27.41	24.47
30.01	38.08	33.4	38.13	33.59	31.97	28.88	32.83
32.72	30.21	34.53	35.38	38.09	36.11	32.74	30.54
30.16	34.9	28.83	26.87	28.63	25.08	35.04	33.04
23.97	33.47	25.5	27.72	23.13	28.51	22.58	26.67
28.96	28.77	26.46	30.16	31.52	33.59	30.98	32.15
29.32	32.9	27.52	27.68	24.95	29.82	28.62	36.35
28.62	27.37	26.49	30.6	28.5	25.75	31.83	27.33
22.96	22.8	25.56	25.95	26.72	26.57	24.5	27.93
25.91	30.67	31.81	29.13	27.05	30.9	36.49	34.79
26.21	31.21	24.84	26.19	23.86	27.68	29.56	27.2
32.02	33.06	29.92	29.86	29.1	26.66	29.97	27.03
29.23	25.68	24.31	28.05	27.41	26.78	24.81	26.9
36.77	28.12	27.22	34.98	33.66	35.92	31.67	33.88
25.68	24.69	27.07	25.58	23.26	24.86	23.21	23.95
23.6	28.36	23.23	25.03	27.69	23.8	26.3	29.4
29.33	30.4	26.04	25.45	27.39	30.65	23.64	23.33
35.8	31.53	26.57	31.9	31.7	31.87	31.61	33.69
25.47	28.67	24.03	29.93	26.47	26.98	22.83	27.46
31.09	27.58	34.26	33.19	26.35	30.32	26.32	22.31
22.63	30.92	32.64	25.79	27.87	35.13	26.74	26.91
30.86	36.37	32.71	28.51	35.44	30.19	34.36	36.65
32.16	27.84	26.95	23.1	32.25	28.2	29.65	28.93
31.45	23.84	24.95	23.19	25.71	30.59	28.22	24.73
29.73	21.45	25.73	23.61	28.78	26.38	26.77	27.66
30.03	29.79	28.65	35.69	31.92	28.58	25.17	31.08
28.22	34.43	33.5	32.51	30.19	27.09	32.42	32.1
31.9	34.22	27.24	24.86	28.27	30.8	27.07	25.73
22.22	30.78	26.37	31.18	24.93	23.75	26.36	29.15
30.66	29.74	25.12	28.59	29.44	30.86	36.75	33.18
31.52	31.36	26.75	23.42	25.61	28.32	27.76	27.84
36.16	27.86	27.35	25.93	29.32	31.41	28.09	27.23
28.98	33.62	27.94	26.77	29.83	25.36	32.85	34.4
37.67	34.74	33.42	35.53	28.59	34.47	31.48	32.1
31.55	30.2	33.82	28.75	30.73	28.72	22.89	26.58
28.17	28.66	26.25	24.29	23.13	23.01	24.86	26.08
30.35	32.26	27.75	36.69	32.19	25.98	31.48	28.18
41.78	35.2	42.57	40.46	37.86	30.02	33.15	36.02
29.33	28.01	34.7	30.32	28.2	28.41	30.94	27.11
34.83	34.15	29.22	36.12	34.4	28.39	32.73	28.11
21.83	24.01	26.65	33.1	26	29.28	23.52	30.36
34.12	35.93	34.83	33.84	32.88	29.25	31	35
24.23	27.86	24.33	27.83	25.35	24.31	21.77	26.19
30.93	29.18	30.15	28.92	35.56	29.77	32.8	29.59
31.42	25.25	27.86	25.98	33.95	26.57	34.33	30.78
29.94	31.75	33.26	34.4	29.54	31.15	36	28.7
28.6	29.66	27.47	27.09	28.75	25.89	25.98	31.38
32.39	32.15	27.92	27.14	30.54	31.17	27.54	30.57
32.45	26.29	30.23	29.88	27.44	31.76	36.45	37.23
28.04	22.05	28.25	24.34	27.08	27.63	30.17	27.81
39.86	29.43	32.66	35.62	28.39	33.75	29.44	31.9
44.67	28.64	33.29	28.93	30.33	33.21	30.57	29.31
30.45	37.08	35.43	27.13	34.62	30.44	34.59	35.59
20.18	22.95	21.12	24.19	26.5	19.36	25.35	26.01
27.56	23.83	28.28	28.62	31.64	33.47	28.59	25.63
33.15	28.19	33.07	33.74	33.4	34.07	24.61	32.75
35.1	26.77	29.18	27.16	26.08	26.45	33.41	27.94
23.09	25.47	27.74	27.14	25.73	32.64	29.57	31.47
30.85	27.42	28.3	30.34	26.76	24.55	30.3	33.47
28.6	29.92	28.43	28.25	28.35	33.1	31.71	30.88
31.98	31.77	25.25	33.44	29.52	30.34	32.92	30.99
25.14	24.13	28.64	24	25.7	25.77	27.09	26.04
33.7	28.44	25.81	25.78	24.09	36.65	25.83	29.24
28.6	29.91	29.66	24.39	31.12	32.51	26.61	30.43
30.23	24.39	25.39	30.11	19.14	23.58	30.85	20.02
30.05	36.06	35.35	29.11	37.41	33.47	36.93	41.87
26.21	25.91	27.85	24.71	27.75	27.27	26.59	28.6
34.87	29.2	33	27.99	37.48	32.74	31.11	31.97
32.92	33.39	31.09	34.27	35.85	28.26	33.82	35.1
34.57	33.54	28.23	27.6	29.59	28.64	34.7	35.87
31.83	31.37	25.75	23.7	30.94	30.09	28.15	30.25
32.52	26.85	26.72	31.03	31.59	28.78	29.62	25.41
29.77	32.06	35.21	35.76	31.19	32.81	30.53	31.09
30.29	34.04	31.07	31.6	32.93	37.1	28.52	29.48
30.22	30.53	33.22	32.84	32.35	32.87	32.79	36.99
29.9	38.47	28.87	27.5	30.23	32.44	36.55	27.18
28.15	26.08	28.76	25.2	25.81	27.29	31.37	25.4
41.97	40.37	38.26	32.98	37.87	38.62	29.14	35
40.7	34.49	32.17	35.92	31.16	25.84	28.16	33.39
26.55	28.92	27.8	29	29.99	32.51	28.32	24.74
25.28	33.43	29.36	30.48	30.85	24.86	30.67	30.6
25.8	30.57	28.2	32.61	24.68	31.44	33.88	26.62
30.21	29.15	28.52	27.44	27.47	22.28	27.95	28.92
34.06	33.41	25.77	28.17	29.14	28.85	33.96	28.82
29.83	34	32.12	37.02	33.61	33.57	28.73	30.56
30.75	26.43	28.22	27.42	29.74	32.29	32.11	33.89
28.25	30.84	28.1	27.4	28.99	29.29	32.26	24.79
30.29	34.89	30.3	34.06	30.25	31.33	32.69	24.18
29.23	29.72	27.44	28.08	30.84	27.07	30.32	25.74
21.44	26.57	29.55	25.34	21.91	23.01	24.33	22.78
36.63	31.43	36.44	28.54	29.37	31.19	34.12	29.72
40.13	36.15	41.24	34.29	40.28	35.24	31.33	38.01
33.31	33.22	29.9	36.34	39.16	32.37	29	30.69
26.02	26.79	34.97	28.17	26.58	28.96	30.8	30.05
34.82	33.42	32.33	31.03	29.98	30.13	31.83	28.23
35.8	28.06	26.61	30	32.61	28.81	31.49	29.06
26.53	28.89	30.22	30.05	23.81	26.2	32.69	28.85
26.88	23.65	23.96	25.99	30.8	28.98	26.73	26.61
23.26	25.05	25.35	29.38	25.99	26.51	27.24	25.8
20.85	20.09	21.88	21.66	21.85	22.29	18.19	21.1
30.42	27.65	27.92	25.71	31.61	26.57	31.35	28.27
27.09	29.68	28.64	29.95	24.46	28.03	30.41	25.78
33.03	31.4	29.4	29.08	21.93	23.91	28.37	25.36
23.97	26.51	33.34	24.8	28.74	24.39	24.59	30.69
35.19	35.44	39.08	30.26	35.23	34.82	34.54	38.12
30.92	30.78	29.01	34.74	30.66	39.08	27.05	34.12
38.94	34.7	33.87	31.71	31.74	33.1	32.98	33.44
32.02	31.8	32.79	29.85	31.81	33.61	26.84	33
29.02	24.24	27.33	25.19	27.26	27.21	25.73	29.16
24.45	29.39	38.42	34.02	27.21	29.96	27.3	29.27
22.2	28.71	21.18	27.32	28.87	22.66	25.37	23.32
28.61	29.3	27.93	26.39	26.39	32.76	25.38	31.35
37.82	43.13	35.49	36.65	37.49	40.65	37.27	35.81
22.42	29.8	28.97	32.25	30.71	31.82	29.23	24.6
24.57	26.42	25.87	26.07	21.68	31.21	26.61	21.62
23.5	24.99	23.84	20.65	30.33	22.84	25.35	25.78
28.72	21.39	23.21	29.2	23.6	26.42	28.27	21.7
26.67	30.46	34.49	35.02	30.08	33.37	29.39	28.44
31.92	32.09	25.58	31.88	34.42	33.95	29.75	32.68
26.8	29.44	25.7	25.95	27.58	27.38	26.05	29.58
31.83	30.11	27.73	29.98	37.17	28.79	31.17	27.94
31.27	29.55	29.89	28.99	36.93	36.3	33.19	37.97
32.57	35.3	36.07	30.73	32.49	36.41	27.78	27.35
30.04	26.33	29.23	34.23	27.41	27.53	34.03	28.18
25.46	29.86	37.41	36.93	28.86	35.05	31.28	33.52
30	24.75	25.98	29.88	29.09	31.34	31.57	36.93
25.42	23.54	31.29	24.9	22.61	28.13	28.74	25.16
25.69	24.89	23.99	26.39	22.78	22.68	23.11	20.86
25.59	26.33	27.6	29.07	31.22	26.36	27.75	29.94
31.62	33.8	30.6	30.31	34.21	34.57	33.42	31.3
26.3	28.72	29.27	26.19	33.15	26.2	26.83	27.96
29.98	31.24	38.75	29.48	27.57	28.17	29.05	26.24
25.15	27.9	31.28	28.24	27.13	30.6	34.78	22.54
23.76	26.91	26.18	24.19	26.46	29.06	23.53	31.89
29.52	37.93	43.85	29.57	35.67	39.97	28.05	35.36
34	28.8	27.02	31.92	31.28	30.11	24.74	27.18
30.45	27.29	24.47	24.08	30.17	27.04	23.38	25.39
34.57	34.85	31.87	38.75	30.38	35.27	35.07	34.92
27.09	29.72	31.89	31.22	27.6	29.41	29.87	32.37
26.96	32.17	28.12	30.19	23.79	27.03	26.42	27.42
31.2	34.83	34.98	30.07	34.57	28.37	28.86	28.63
29.63	31.87	28.15	32.92	32.21	30.77	27.84	33.16
27.2	27.4	25.41	25.49	24.95	27.62	25.56	24.62
27.16	21.94	27.82	28.39	26.92	31.81	26.55	27.73
30.18	28.68	22.14	27.09	29.29	30.6	30.84	26.56
36.37	22.78	32.54	37.63	33.69	25.78	33.46	30.29
26.21	27.06	28.02	31.96	27.1	27.75	27.61	23.42
23.47	21.36	21.22	19.29	24.88	25.02	26.95	26.51
33.4	29.08	35.05	25.61	31.17	29.96	36.37	31.36
36.9	29.82	31.58	34.97	32.47	29.88	34.39	32.98
30.08	35.48	36.62	30.21	32.27	28.45	30.46	28.05
36.99	36.18	31.49	37.19	28.67	36.32	40.09	34.07
33.41	30.92	34.1	38.22	35.82	33.4	25.43	37.43
24.14	29.24	29.1	32.46	30.62	28.72	30.06	26.27
29.89	27.91	36.49	27.59	28.42	30.68	27.44	28.69
26.78	26.09	26.39	27.8	26.49	26.5	25.41	29.6
32.55	24.14	26.64	23.26	24.9	29.85	30.84	29.79
25.88	26.39	30.54	23.03	30.21	28.86	28.71	31.62
30.43	29.64	33.67	36.6	30.73	32.89	27.01	39.27
26.03	20.84	21.79	19.86	26.19	29.39	30.93	21.79
30.04	25.67	31.27	34	31.98	30.69	30.4	38.74
26.55	24.46	20.23	22.83	21.13	23.53	23.34	28.95
23.3	20.85	25.89	26.26	22.51	26.08	20.82	20.78
25.35	26.83	26.17	27.67	34.07	27.47	28.41	30.15
25.8	28.28	28.31	30	28.02	28.95	23.66	32.67
34.2	39.47	38.99	45.79	35.04	40.68	34.65	36.5
22.83	24.88	29.21	23.89	31.28	23.77	25.28	26.68
28.26	31.43	30.47	26.19	28.3	26.54	29.76	27.85
30.57	29.22	26.71	27.9	26.9	27.43	23.65	27.82
29.85	29.7	27.84	27.19	30.64	29.48	27.91	34.81
31.02	31.2	33.8	29.62	34.92	29.73	32.08	28.06
29.23	28.4	34.45	27.44	27.53	22.45	23.49	26.88
21.82	23.48	26.38	28.39	28.06	28.12	27.36	32.26
29.1	26.67	26.64	30.03	35.08	29.04	30.93	36.56
37.71	29.04	32.89	30.99	34.54	32.4	34	29.36
28.44	33.37	33.94	32.55	28.76	30.9	25.11	29.79
28.94	31.47	31.27	33.11	32.03	26.79	28.34	28.27
27.48	32.11	30.93	31.54	34.81	32.39	33.27	30.02
25.46	30.12	25.48	25.5	26.78	28.04	26.73	24.59
35.87	37.75	37.59	32.64	33.25	41.41	32.53	35.43
37.84	40.94	43.47	39.01	36.65	42.52	40.36	41.15
28.77	22.09	36.43	34.98	30.17	34.76	26.87	30.92
28.18	28.43	24.92	27.29	27.67	28.92	33.14	22.33
34.04	33.31	28.62	26.93	27.98	25.06	29.74	30.62
21.56	23.57	26.93	26.79	28.57	22.39	22.04	25.6
30.79	36.81	30.63	30.96	30.94	28.39	28.7	26.99
32.33	37.39	34.05	28.58	29.19	26.47	24.03	31.03
29.7	31.02	26.67	32.63	27.3	28.41	28.24	25.91
35.24	33.84	34.16	39.44	33.6	42.34	34.14	38.07
38.6	28.52	33.22	37.86	31.84	32.91	32.8	40.49
33.84	33.85	30.15	29.84	24.62	29.82	24.41	30.56
27.07	21.52	26.9	23.17	22.49	28.21	23.74	24.73
31.32	29.03	29.85	31.35	31.42	28.11	33.71	28.32
39.26	37.8	32.77	34.87	36.11	27.22	30.75	29.75
37.29	30.13	34.76	24.72	27.61	31.13	30.1	27.98
30.06	27.65	30.45	28.35	29.24	28.16	24.76	24.63
24.36	24.66	26.73	33.48	32.5	27.6	32.04	30.38
31.2	33.26	34.67	32.63	26.25	31.27	32.32	27.65
33.04	32.15	34.25	32.79	29.8	32.86	38.48	28.66
30.73	23.99	28.31	31.48	30.03	28.31	24.91	30.65
32.49	27.92	27.97	30.33	32.54	31.84	33.56	30.98
37.93	40.08	38.61	38.81	36.42	38.59	33.62	40.55
27.01	28.77	23.1	22.19	25.32	21.65	30.59	27.43
24.57	28.53	27.47	26.37	26.72	28.96	26.09	28.3
41.4	35.43	35.82	42.02	27.23	27	40.57	35.27
34.2	26.58	33.09	35.68	36.3	36.98	33.23	32.63
31.2	30.23	31.08	34.05	35.73	36.5	35.64	35.04
24.71	26.37	25.07	26.01	26.3	32.68	33.61	27.31
26.78	30.28	31.01	28.17	32.81	31.68	33.22	27.13
34.68	30.33	29.15	27.66	32.99	26.48	28.43	31.33
27.37	32.79	25.93	24.83	22.92	30.34	27.55	29.75
23.35	21.54	22.55	23.33	25.75	21.37	19.17	24.3
27.57	31.68	35.81	29.24	29.5	31.18	32.31	32.96
29.72	40.7	34.44	38.65	30.03	32.56	36.08	36.11
34.27	34.48	31.84	33.11	30.45	29.86	32.21	35.12
35.54	38.32	33.45	37	28.52	34.96	33.25	38.64
32.6	35.39	41.94	30.58	35.3	35.83	28.56	33.45
34.37	32.21	31.96	30.14	30.76	29.38	34.84	29.52
29.06	25.48	23.39	26.49	25.76	29.18	27.31	32.45
27.84	31.04	26.49	29.01	31.84	29.64	35.69	33.37
34.87	33.78	26.64	32.94	30.53	33.06	39.02	35.12
29.07	36.58	26.86	35.43	30.45	30.63	35.76	35.72
37.1	33.76	29.61	29.07	31.61	32.04	31.77	28.09
35.88	32.62	30.24	35.02	29.34	27.83	33.12	37.16
25.94	27.25	29.89	29.77	23.95	32.08	29.76	28.68
28.98	32.23	39.03	29.15	25.15	29.99	24.74	29.06
29.92	26.9	27.49	32.04	28.02	28.56	32.86	25.11
29.4	29.11	30.19	27.78	33.74	39.5	33.72	32.92
34.17	31.05	36.65	34.01	35.33	31.93	33.06	38.66
21.81	26.32	23.16	20.69	25.62	23.88	24.94	21.36
39.55	31.69	35.79	38.42	37.83	33.29	32.88	34.42
35.84	29.55	33.54	41.93	32.99	33.09	36.26	33.46
33.32	36.93	29.53	31.93	32.47	28.59	40.28	28.52
30.6	28.2	35.4	26.83	27.9	31.27	24.97	31.26
29.08	27.37	28.04	29.86	36.37	34.29	28.86	31.87
30.31	36.16	32.45	33.18	34.66	32.19	32.35	33.93
24.21	30.57	27.85	26.8	27.88	31.62	28.78	29.97
23.48	22.88	25.76	21.14	25.42	20.97	24.65	24.14
29.22	27.57	33.88	26.15	26.21	29.17	31.75	31.91
33.82	27.34	35.11	34.14	30.2	35.11	30.59	30.8
29.35	25.97	31.94	27.18	29.1	34.13	30.81	24.73
38.23	27.99	33.32	34.74	26.44	36.05	31.14	32.39
39.55	36.97	31.08	41.09	31.59	36.19	34.71	36.23
21.42	20.05	27.79	28.59	26.2	19.78	30.09	24.82
33.07	36.12	33.09	33.16	30.42	31.68	34.48	29.04
30.27	30.9	26	25.98	27.03	25.57	30.86	27.62
27.9	32.03	35.8	33.96	32.21	29.71	34.87	34.3
33.42	33.56	28.27	32.49	31.01	33.37	28.47	32.38
30.53	29.69	28.2	30.17	29.25	32.22	24.56	33.39
40.03	32.47	30.87	34.92	32.75	34.59	31.62	32.39
27.14	30.21	33.3	28.15	31.59	32.28	32.01	27.3
29.45	27.03	28.77	31.23	27.19	27.44	28.61	26.91
29.21	29.63	24.56	28.13	30.68	28.87	32.59	34.15
28.51	35.69	31.73	29.5	30.16	33.75	30.11	31.27
36.49	35.38	30.99	31.56	27.94	33.58	32.03	33.27
31.78	31.31	37.56	27.94	27.57	32.13	31.66	30.2
27.91	29.11	28.91	27.78	26.65	25.55	28.46	26.11
33.81	29.46	32.02	31.26	35.47	29.09	39.1	31.67
22.55	25.1	24.8	25.28	23.29	27.34	26.95	28.68
32.32	26.02	26.59	27.46	33.06	33.52	28.77	32.95
30.72	29.9	37.13	28.55	32.49	34.79	32.76	32.16
32.75	30.08	26.37	33.09	28.27	30.76	26.81	24.16
33.07	34.09	29.48	40.16	27.77	41.37	38.7	28.18
36.89	31.38	26.59	37.77	36.58	30.08	36.44	36.57
28.35	32.15	29.03	30.04	33.29	31.54	29.83	29.37
29.31	28.9	25.7	29.74	26.83	25.91	28.77	26.48
29.92	34.69	29.74	33.58	28.84	26.56	27.28	32.63
31.55	28.3	28.52	30.23	25.15	28.37	25.1	29.6
25.49	24.18	25.32	25.92	27.45	25.51	26.71	29.24
23.76	26.48	22.72	24.59	24.21	28.03	25.41	25.51
32.33	34	32.11	29.96	30.26	31.35	31.84	29.31
30.2	24.77	26.04	30.41	24.82	29.11	29.98	24.15
42.44	41.45	46.04	42.63	50.29	37.43	36.23	39.36
38.69	30.4	28.35	32.47	35.88	29.52	33.6	30.55
30.03	27.74	31.61	32.6	36.64	34.41	32.38	36.62
28.96	21.81	24.06	32.62	24.54	27.48	26.14	28.26
29.72	29.54	28.34	33.07	29.29	30.68	26.05	28.57
27.74	28.5	28.03	36.98	24.84	35.76	37.79	31.19
33.31	31.88	36.92	36.45	28.38	34.31	34.64	31.88
29.68	30.96	27.49	27.39	29.56	26.18	31.82	26.16
30	23.07	23.65	25.09	25.16	24.31	28.72	23.9
28.57	28.74	24.62	34.32	27.92	26.76	23.63	28.63
25.04	24.63	21.61	26.78	27.37	23.12	20.96	26.6
40.93	45.1	41.85	33.64	40.66	34.7	35.35	33.57
31.88	32.03	35.08	34.74	31.18	30.71	25.21	29.6
39.24	36.3	32.82	28.12	32.14	31.07	34.66	32.81
26.7	32.13	29.03	30	31.86	26.12	26.77	29.28
28.41	32.84	24.55	29.63	24.93	28.06	28.41	21.63
32.62	28.63	28.41	33.66	30.77	35.25	28.97	31.36
23.25	21.74	22.27	25.14	20.68	19.46	18.63	24.34
33.8	30.01	33.09	29.15	35.14	36.11	30.73	36.22
24.17	32.52	29.55	31.55	34.36	30.28	30.57	28.52
28	29.03	26.98	28.7	30.19	29	28.22	26.4
26.2	25.96	26.62	23.22	26.93	24.64	23.31	33.22
23.35	28.04	26.93	26.03	26.79	21.43	25.1	26.21
32.08	29.55	32.49	36.23	34.74	31.69	31.61	38.95
25.36	29.95	26.45	29.55	26.46	26.8	28.34	25.34
29.67	33.68	29.52	25.67	32.64	28.28	32.63	32.37
26.6	25.27	28.92	28.25	24.03	32.1	27.69	26.6
27.67	25.63	23.49	27.04	25.49	23.91	29.62	25.88
25.92	30.36	28.15	27.41	30.29	29.67	28.88	29.38
28.43	26.39	27.38	36.74	28.94	30.87	23.79	31.47
23.91	26.76	25.67	26.98	27.26	25.01	27.31	27.73
30.8	29.52	23.38	34.14	30.56	25.03	25.29	27.92
26.35	35.97	33.4	34.91	29.01	30.97	27.2	30.09
26.32	28.64	25.55	26.73	28.86	29.72	29.47	25.35
36.27	39.66	33.65	32.78	37.29	28.2	31.76	39.02
28.19	27.34	26.19	36.24	27.04	24.36	26.81	22.99
38.73	29.7	32.87	31.31	27.04	33.12	35.22	35.64
28.39	27.8	30.91	30.83	33.58	26.6	32.2	25.48
32.77	30.4	28.18	27.49	26.9	29.18	25.94	32.17
32.18	30.52	33.5	31.13	31.62	30.46	31.91	30.83
27.79	33.17	29.62	30.64	37.45	28.54	29.71	31.11
25.66	32.3	28.68	32.46	29.6	31.91	25.92	31.04
33.89	33.59	34.82	33.12	28.66	36.69	32.64	28.09
25.86	23.49	27.74	22.37	22.53	27.82	26.86	28.64
33.04	23.9	27.58	31.86	28.41	30.84	30.51	26.42
30.84	39.62	26	28.77	31.08	33.02	29.15	33.69
31.96	34.56	30.27	25.84	32.08	33.54	33.57	37.26
31.09	29.83	32.76	30.44	26.17	29.48	27.48	28.86
32.95	30.45	28.18	27.47	29.53	31.39	31.21	35.05
31.3	40.3	30.79	41.33	31.44	39.66	33.42	36.58
36.04	35.65	37.16	30.65	31.98	28.32	32.48	33.68
29.93	25.27	26.02	28.77	26.41	18.67	28.28	28.92
28.11	26.04	27.89	29.64	30.61	27.5	25.67	35.06
29.73	27.73	26.55	25.15	33.01	35.31	37.17	29.58
36.48	30.23	34.54	33	30.36	31.66	32.12	33.47
32.1	27.96	32.14	28.75	27.99	29.6	32.47	34.43
35.84	29.7	28.57	27.18	28.37	32.8	26.9	27.66
26.01	27.65	27.9	25.22	33.66	35.77	32.37	26.71
36.39	29.71	27.32	33.2	33.92	28.44	31.9	33.25
27.09	29.99	31.46	30.49	30.39	28.83	24.07	30.21
31.28	37.26	35.41	40.88	40.14	38.77	34.06	37.7
37.33	39	38.53	36.12	35.54	31.91	38.08	32.57
32.89	29.34	33.74	29.13	39.36	34.7	30.61	32.78
25.23	22.77	26.15	26.82	20.96	27.84	23.97	22.86
31.62	29.62	28.12	26.98	28.26	30.07	30.27	31.17
23.68	38.02	26.63	30.35	30.06	31.72	28.92	31.83
28.57	31.49	33.67	26	34.33	27.33	29.61	29.54
32.63	32.36	35.21	41.25	34	38.15	33.03	34.07
34.95	38.95	38.36	32.6	43.96	32.07	31.49	38.34
26.62	27.68	25.23	25.43	25.92	26.52	33.93	25.09
30.76	32	32.39	39.32	32.34	31.57	34.15	38
35.55	25.14	30.25	31.43	24.45	30.06	31.7	27.41
24.37	25.31	24.5	24.73	28.74	22.69	26.75	27.58
32.18	26.91	35.7	31.12	27.3	35.69	40.65	33.35
26.95	28.56	34.22	30.01	27.24	35.08	30.21	30.16
28.05	33.02	31.54	31.31	29.43	31.76	35.71	31.6
25.08	24.68	22.6	27.82	23.86	22.53	26.62	24.45
31.31	35.65	32.12	30.56	36.47	29.72	34.49	30.51
33.29	30.77	36.78	34.35	33.21	32.19	28.81	34.06
37.74	31.48	36.2	33.73	41.03	34.01	37.78	33.89
27.91	28.62	32.46	31.15	27.35	35.67	31.26	34.27
34.91	26.9	30.35	31.15	31.65	33.19	29.54	30.41
29.59	25.94	21.91	26.99	27.32	33.18	25.12	23.5
27.25	25.98	26.26	28.6	29.53	34.19	31.4	27.99
24.74	26.39	29.67	25.93	31.34	29.84	28.85	23
30.54	30.35	25.36	30.56	28.2	31.79	29.77	29.11
34.64	38.73	34.12	31.28	41.43	30.4	37.11	31.76
30.27	28.04	27.43	30.27	27.53	28.93	27.44	28.95
35.2	29.04	31.82	31.33	31.53	33.56	33.66	30.99
35.13	36.1	32.85	35.88	28.32	34.96	32.19	33.29
27.94	29.82	26.29	29.13	25.47	25.27	28.51	29.44
36.48	35.06	27.34	28.92	34.31	32.09	30.24	34.63
25.19	24.39	27.58	27.94	27.94	26.62	27.36	28.83
28.89	30.81	29.48	24.9	28.18	28.16	31.07	29.16
29.86	26.82	30.52	33.63	33.5	26.6	33.32	32.21
31.78	31.1	29.26	33.3	33.26	36.29	30.2	31.22
26.66	29.61	34.91	29.13	29.14	28.46	27.69	32.99
34.97	30.26	38.48	29.24	30.17	33.08	27.43	35.32
31.37	24.95	31.45	30.09	29.86	31.24	29.37	31.76
28.18	24.76	26.83	23.02	31.25	25.2	30.74	29.05
29.05	28.4	26.71	26.53	28.34	27.33	27.29	29.58
25.56	29.53	25.04	24.81	23.79	25.72	26.06	26.11
36.48	34.17	34.06	31.54	32.83	30.31	28.01	29.71
33.65	30.94	31.43	39.46	33.15	37.79	30.57	31.07
27.83	25.73	24.39	26.27	27.22	30.34	25.04	29.01
29.5	27.18	30.48	26.38	36.52	32.22	36.5	31.25
33.23	31.91	32.7	29.25	27.12	33.62	36.11	29.51
30.5	28.92	28.34	33.04	34.4	24.1	27.01	31.13
34.28	25.47	33.65	29.5	36.79	29.1	26.84	28.35
33.51	29.59	28.82	32.02	33.44	30.35	30.52	29.09
25.64	22.57	22.2	22.16	24.87	22.65	26.89	23.24
31.57	34.81	26.11	36.13	29.35	34.66	37.23	40.14
31.41	28	29.04	28.85	28.42	29.18	25.73	31.89
28.18	27.84	38.73	28.54	28.09	29.78	32.16	31.56
22.41	19.93	24.37	23.83	25.02	22.32	23.08	23.71
29.42	27.42	30.84	27.97	27.74	30.84	24.68	30.35
33.51	27.61	28.15	32.61	34.98	26.16	23.97	29.86
31.82	26.89	25.32	26.08	30.85	29.29	29.25	29.89
23.51	28.42	22.39	25.04	25.88	29.12	27.11	27.23
28.21	26.88	28.84	21.23	24.94	27.06	28.11	26.06
35.26	41.12	38.25	31.1	36.77	34.74	40.15	35.9
26.86	28.19	26.57	25.3	22.37	24.7	26.89	24.22
26.64	22.5	26.42	25.05	20.63	28.18	24.57	24.15
27.09	32.36	25.01	27.69	33.17	31.14	33.93	31.81
41.6	33.86	33.28	38.4	28.67	33.03	28.24	31.73
33.71	40.85	37.41	33.23	37.56	39.07	31.34	39.51
30.01	35.1	31.06	37.52	36.87	34.42	30.11	33.86
37.62	35.3	31.23	37.95	36.23	31.77	27.58	32.4
28.15	28.79	27.19	34.02	27.75	28.61	28.6	30.23
30.87	35.61	34.46	28.44	27.92	27.42	29.83	29.9
26.17	26.31	21.76	21.1	27.17	23.52	30.41	27.44
27.99	26.96	36.29	33.39	33.87	33.16	29.75	24.56
23.25	21.57	25.79	23.45	24.77	27.15	23.25	27.74
32.39	33.91	35.27	34.1	25.99	25.57	30.39	29.56
35.43	37.72	36.09	31.84	33.94	33.75	43.17	32.49
27.97	30.92	28.68	30.2	30.22	28.94	31.35	33.9
25.25	31.98	29.91	27.7	28.11	30.22	23.45	29.19
29.16	33.53	31.12	25.82	35.14	32.57	28.5	35.86
24.96	32.5	32.53	24.7	29.15	27.31	36.02	26.85
37.82	38.41	34.59	31.43	32.03	32.59	41.46	33.27
34.89	28.75	24.97	30.16	28.79	31.17	32.45	27.26
29.24	24.94	26.97	26.98	27.59	27.32	22.3	26.78
28.71	33.11	31.91	30.6	27.19	32.74	28.81	27.12
23.79	26.66	22.42	28.99	21.42	29.13	25.56	25.82
37.85	41.08	37.64	31.59	30.24	30.95	33.48	30.04
25.44	28.8	28.53	29.58	25.39	26.08	29.17	25.57
27.72	28.4	30.67	28.36	25.45	27.36	30.49	31.44
28.03	25.63	30.23	25.88	25.11	28.52	23.69	33.01
31.3	36.42	35.04	37.44	34.31	39.16	28.93	32.52
25.64	39.1	31.07	28.92	32.17	31.68	29.36	33.96
29.47	28.98	22.15	25.77	25.38	29.03	21.58	28.85
36.35	28.2	30.24	29.41	30.44	29.61	23.76	32.49
26.08	24.1	27.88	21.96	26.51	28.96	26.73	20.92
27.82	30.24	31	31.51	33.54	31.29	36.13	40.82
33.66	31.05	25.65	28.89	33.11	34.61	29.48	29.02
31.55	33.05	26.5	40.26	35.01	35.63	30.28	28.72
28.15	30.79	32.24	29.84	29.41	35.08	33.09	34.47
33.81	33.37	39.21	36.73	32.56	31.82	30.27	40.71
25.57	36.1	30.53	26.44	28.61	29.03	29.35	30.43
27.8	29.57	26	32.42	26.19	28.69	25.49	29.26
40.98	35.06	42.96	44	36.2	42.26	34.71	40.05
31.29	35	36.63	27.25	33.04	33.07	30.9	31.74
33.15	27.67	26.01	28.08	27.29	30.6	33.45	28.03
31.48	38.46	34.89	32.36	31.93	37.9	34.21	31.11
26.5	30.06	27.26	25.43	29.41	26.79	27.59	22.13
36.38	34.91	36.63	29.7	28.48	28.38	26.92	32.27
25.59	24.54	24	20.12	22.2	22.96	25.59	20.7
28.66	25.29	25.39	29.29	27.43	28.19	29.38	31.43
33.02	35.09	30.46	32.06	30.06	31.22	31.88	34.17
30.32	27.38	30.24	29.75	30.84	32.32	31	25.05
27.75	28.13	30.47	33.16	29.46	29.38	31.08	31.53
29.86	34.38	27.5	28.92	24.3	26.91	28.83	26.44
26.23	29.46	22.49	22.41	27.17	27.3	28.58	23.59
40.8	31.05	32.11	36.31	33.67	35.38	35.81	30.68
30.45	29.77	28.83	32.79	33.54	27.74	31.67	24.4
27.91	26.37	25.47	30.51	29.1	24.49	29.52	22.59
26.26	30.22	34.99	28.88	33.07	31.59	30.1	30.94
37.9	34.23	29.71	31.49	31.78	28.73	34.18	27.92
28.08	20.42	24.28	23.81	26.28	22.42	21.27	25.24
40.1	37.73	38.05	31.58	35.88	38.71	35.06	38.43
32.47	31.26	32.45	36.92	35.48	27.8	31.42	34.17
29.58	30.36	24.5	24.86	27.07	32.91	30.44	21.36
35.95	32.65	34.11	38.62	35.52	31.6	37.99	38.96
32.25	29.37	26.42	25.98	29.87	30.05	33.21	28.25
33.29	25.57	29.27	26.5	26.13	28.89	29.12	28.98
35.19	33.76	33.93	31.79	29.54	33.21	37.96	31.33
30.32	31.65	37.02	35.39	29.66	32.8	25.77	32.55
22.11	27.86	40.72	30.22	29.99	30.45	29.51	29.93
29.67	25.96	32.97	23.99	29.55	26.33	29.66	27.55
29.52	27.31	30.92	23.28	26.87	26.79	27.82	24.43
26.84	28.19	31.4	24.75	25.79	30.16	28.57	30.75
32.42	32.9	28.47	31.58	28.21	30.88	28.39	33.28
33.78	29.98	35.34	38.68	30.63	36.49	34.38	38.46
30.4	33.82	35.96	27.62	32.04	29.62	32.51	35.7
31.71	26.01	24.03	29.59	26.51	27.77	27.47	29.47
30.32	29.77	29.37	26.69	29.87	30.13	28.6	27.52
33.67	23.73	24.22	29.91	25.82	25.63	26.12	30.51
29.47	24.98	24.6	29.95	30.02	29.6	28.91	27.08
30.52	25.31	27.1	28.01	31.51	32.77	33.42	29.03
34.65	30.37	34.75	30.55	30.54	26.81	31.48	30.24
31.27	31.94	38.47	32.8	28.22	40.52	32.38	38.74
33.64	32.36	24.55	28.55	27.95	30.14	25.56	28.99
32.83	42.71	31.97	28.25	30.56	33.98	29.99	31.67
28.06	29.47	30.9	24.8	31.24	30.06	33.11	29.59
29.25	32.47	26.23	22.69	29.61	30.32	26.58	26.23
27.64	37.31	33.91	32.48	33.7	37.07	32.51	31.78
36.11	27.49	31.31	32.8	34.34	32.22	35.86	30.05
30.8	32.69	35.78	28.76	30.82	31.95	29.95	29.73
26.87	28.83	28.09	29.62	29.16	30.23	31.79	27.85
25.98	29.41	22.26	24.56	25.81	32.26	28.1	27.99
35.05	29.47	32.69	38.68	32.6	34.52	29.84	32.84
25.26	26.98	30.17	27.6	25.97	24.74	24.37	30.01
34.13	28.13	26.09	25.49	31.26	27.39	30.88	29.73
34.51	32.16	33.95	26.87	27.84	34.99	26.17	29.57
31.64	32.67	24.64	32	30.08	32.42	30.54	31.71
25.88	23.47	25.85	26.35	33.2	27.5	31.51	30.7
31.38	32.36	29.91	27.92	28.61	30.26	25.97	31.12
29.87	29.98	34.39	30.65	31.18	25.52	30.99	36.29
31.73	24.57	28.99	25.51	27.01	25.19	23.56	21.88
25.42	33.05	26.75	26.2	26.17	31.26	26.39	25.91
32.75	25.8	32.23	31.31	29.61	34.91	32.93	27.56
28.68	34.5	28.93	30.76	31.58	26.14	30	30.04
28.2	29.33	34.02	29.6	25.56	26.35	31.3	24.94
29.99	25.78	28.76	30.69	30.48	30.01	25.57	26.52
30.36	32.44	28.46	30.92	35.12	25.85	32.38	26.45
32.15	30	31.56	33.63	35.29	30.18	31.91	30.17
28.49	23.98	30.7	25.7	29.34	29.1	25.43	25.32
25.13	28.4	29.57	27.67	26.63	24.7	25.07	29.32
24.02	27.23	30	29.3	27.77	33.14	26.14	29.62
32.04	26.9	30.73	30.09	28.01	28.42	33.95	34.67
30.4	30.33	32.06	30.69	25.66	28.09	32.74	30.8
29.07	32.48	33.04	21.76	26.69	32.94	27.75	29.71
25.42	33.11	26.65	23.4	29.42	26.52	25.79	26.79
26.71	27.45	32.64	31.65	27.64	30.71	25.26	31.96
25.27	21.05	22.18	24.56	23.15	25.37	21.64	21.53
37.12	36.27	35.69	33.19	38.11	36.69	38.55	40.81
29.75	29.71	30.2	31.55	32.41	31.33	30.12	27.68
32.83	30.95	28.24	26.83	27.51	28.71	29.12	26.63
31.09	31.09	31.76	28.91	29.73	28.15	29.21	29.65
23.25	20.03	23.68	26.11	26.65	29.12	29.41	27.79
28.46	33.17	28.72	26.85	37.34	36.3	26.25	27.52
31.18	31.53	34.71	33.47	26.61	40.75	30.19	31.01
32.24	24.38	31.21	26.56	28.39	23.64	25.86	24.89
27.9	28.46	34.98	36.46	24.21	30.62	30.97	30.87
26.33	35.05	32.55	35.16	30.32	28.59	30.12	28.13
22.67	26.34	24.85	23.76	26.06	29.44	25.28	26.97
30.93	31.3	28.73	32.25	24.76	26.23	27.52	30.59
34.7	37.03	31.97	31.74	27.44	32.16	30.5	29.85
25.39	29.79	24.47	27.64	26.62	25.83	24.26	29.53
31.12	30.62	27.34	26.43	29.26	28.28	34.46	34.37
30.44	29.32	33.48	28.56	31.05	26.08	29.31	32.36
31.62	38.06	32.77	30.08	32.1	41.61	32.43	40.56
34.91	36.21	31.33	37.34	28.53	34.44	31.24	34.53
29.59	26.42	27.01	28.94	25.84	26.76	30.8	32.25
39.64	33.44	27.94	28.59	31.32	31.89	27.8	32.45
33.76	40.14	31.63	36.01	30.27	37.17	39.62	45.51
31.92	39.29	32.89	38.4	40.78	33.46	36.14	32.43
31.26	29.26	28.56	26.71	33.28	28.83	25.66	29.02
23.95	28.11	25.77	20.99	21.47	24.86	21.08	24.3
34.81	33.71	31.64	33.99	36.73	27.05	25.73	27.4
25.84	33.32	28.09	29.84	24.1	24.9	32.52	31.38
24.51	27.69	30.26	30.9	30.13	30.33	24.67	28
31.82	27.15	33.64	31.29	26.55	33.37	32.82	30.55
24.34	33	26.78	30.45	26.05	25.21	31.01	28.27
24.58	30.3	27.71	29.1	26.09	35.44	29.53	28.44
41.58	33.48	35.16	38.98	42.2	34.22	34.11	32.9
38.77	38.81	36.81	31.07	29.43	32.76	29.81	32.83
29.59	31.61	29.39	30.42	27.77	27.81	33.53	26.94
25.59	28.91	27.8	24.16	25.7	33.96	31.03	27.84
36.43	38.84	30.87	32.39	33.58	38.79	35.16	36.93
32.08	39.22	25.63	34.44	31.82	28.41	34.69	28.37
26.82	27.08	24.81	23.48	28.59	26.99	31.32	28.98
30.35	24.43	32.48	32.3	30.26	28.13	29.02	32.7
29.62	31.34	27.36	31.09	33.47	28.24	28.34	27.08
24.56	27.15	29.67	44.15	25.99	29.62	31.01	27.03
29.62	25.97	24.79	28.2	30.82	25.72	25.4	23.83
28.34	31.23	29.79	34.38	33.79	28.93	31.82	26.89
34.2	35.31	35.96	37.92	40.41	28.78	34.83	37.26
28.72	29.22	27.09	28.13	26.85	29.04	31.68	35.83
35.4	38.7	35.35	33.32	44.7	34.57	34.57	32.28
30.36	29.55	32.43	26.73	30.15	37.91	26	30.15
33.14	32.02	29.58	27.17	34.74	26.37	27.98	31.37
32.84	34.1	27.41	33.87	36.03	32.97	25.71	27.91
33.92	30.38	31.48	28.54	34.42	31.32	28.21	33.48
39.69	33.77	32.77	30.28	38.5	36.59	40.88	36.77
34.55	34.78	36.52	29.82	37.57	40.72	40.41	32.76
28.36	36.28	34	33.5	30.97	35.09	33.68	31.86
32.02	30.14	25.27	33.67	28.27	36.77	31.42	30.28
25.71	23.53	31.33	29.92	29.54	27.1	28.48	25.6
31.58	32.09	31.38	29.88	27.36	28.1	31.15	26.76
27.59	25.83	35.79	35.09	30.65	31.93	30.81	29.19
26.99	29.7	27.77	29.31	30.01	26.42	33.81	30.19
29.4	26.76	28.51	24.22	30.27	27.15	24.07	29.41
25.5	26.71	26.66	32.16	30.31	25.92	27.28	31.72
38.94	34.42	28.58	30.83	27.84	35.35	33.85	29.26
28.36	31.88	29.08	30.02	30.94	29.74	32.2	32.86
36.64	37.04	30.18	42.48	31.24	34.26	34.57	42.96
48.17	39.76	41.58	40.29	39.32	33.86	35.31	39.55
29.37	24.87	24.85	27.51	30.05	26.83	32.69	29.53
30.72	32.94	28.99	32.03	31.87	29.5	29.46	24.34
37.34	31.82	32.71	33.68	30.86	37.72	36.56	36.23
37.41	39.39	30.36	36.27	33.51	40.63	32.27	33.34
30.82	30.33	27	28.14	30.98	24.17	29.54	37.82
31.62	31.5	24.06	29.19	29.62	31.31	21.9	24.24
32.7	34.64	30.75	28.77	29.84	32.9	32.16	31.57
26.84	26.62	28.24	36.82	26.45	27.68	30.53	29.9
24.42	35.76	32.67	30.29	30.81	26.35	29.35	36.29
27.07	25.56	23.24	26.77	22.64	28.76	30.47	19.28
28.67	29.37	25.94	32.66	28.55	36.96	27.94	31.18
25.01	24.82	27.4	25.98	26.33	24.33	27.87	27.85
29.32	26.86	30.04	25.89	25.85	24.27	22.91	28.52
27.86	27.22	27.61	25.42	25.55	24.63	25.12	25.63
28.04	34.3	34.44	34.49	31.82	31.9	33.06	33.36
30.04	24.33	26.76	28.89	21.52	25.49	23.79	27.7
29.46	30.08	32.91	34.37	26.73	31.42	29.8	29.01
30.64	26.6	25.37	25.28	22.46	27.21	23.14	27.64
31.42	28.5	32.8	30.97	30.74	30.33	28.27	30.3
32.99	32.36	30.16	35.3	25.41	31.54	33.89	30.67
27.62	24.39	30.44	27.29	25.19	25.36	23.41	24.84
24.91	29.85	27.48	30.25	25.5	27.07	30.35	26.44
28.06	24.78	24.72	30.49	26.4	28.64	29.18	24.85
41.42	39.54	37.16	39.5	30.93	31.57	33.35	36.7
30.26	33.11	24.84	25.48	27.15	24.34	27.46	28.28
40.65	36.74	35.11	29.27	36.91	32.64	31.61	33.17
30.89	30.28	29.45	35.49	26.92	26.19	28.78	30.81
28.07	27.54	34.51	34.38	28.35	27.94	31.17	35.4
30.55	28.41	29.24	31.09	24.55	35.52	26.44	29.12
39.04	28.7	35.46	30.35	32.65	33.91	37.06	33.77
33.25	37.81	35.84	32.25	36.32	31.72	36.79	32.76
29.94	29.82	27.9	34.66	32.68	39.76	28.72	35.36
33.25	32.31	24.28	30.11	26.47	29.63	33	25.13
26.04	27.32	30.29	28.61	26.48	29.91	28.04	26.35
21.53	29.8	29.05	28.3	31.63	36.19	30.11	34.26
27.93	30.04	25.7	30.84	27.73	28.78	28.4	22.88
35.32	32.71	29.67	32.18	29.84	32.93	29.63	30.77
34.1	33.19	33.25	27.5	30.25	33.12	35.75	30.33
28.39	24.79	26.55	32.66	23.67	27.18	33.39	29.13
32.99	29.82	31.1	33.24	30.77	28.52	27.98	37.48
29.06	27.78	23.12	27.69	32.09	28.69	29.71	30.8
25.08	33	27.55	28.92	28.54	30.63	25.2	26.73
27.49	26.44	30.5	25.98	29.84	31.16	28.56	23.84
33.68	33.62	33.86	30.83	34.9	31.8	36.86	28.81
32.92	29.69	26.79	34.27	29.31	31.84	25.3	27.54
28.37	31.98	37.49	37.93	34.74	36.61	27.96	26.78
27.66	29.34	27.84	25.81	30.63	27.4	29.89	23.58
26.42	30.98	33.99	27.3	25.31	32.17	30.12	28.93
26.62	33.8	28.53	32.9	27.5	29.15	31.93	26.6
23.28	25.16	24.78	30.36	25.56	27.28	22.66	25.12
26.56	27.1	30.57	24.54	25.46	26.25	25.44	21.76
28.18	35.07	31.47	33.68	37.76	33.82	33.1	37.11
25.44	26.43	26.14	26.59	27.55	24.01	25.95	23.02
30.95	32.32	33.18	28.89	29.2	29.75	30.09	24.08
34.52	31.85	33.89	36.95	35.19	34.93	32.61	32.75
26.15	24.17	24.3	30.35	29.59	26.48	25.98	27.7
32.68	36.84	32.88	32.5	36.73	33.89	35.6	34.01
33.75	31.09	34.23	32.82	28.64	33.83	31.45	35.06
30.12	27.62	33.36	26.9	28.89	34.43	35.37	33.38
30.66	25.96	28.67	25.19	25.24	23.7	24.35	29.19
39.76	40.38	31.21	33.12	36.01	31.57	37.66	30.36
38.22	31.67	33.51	30.99	41.31	38.17	37.64	34.17
20.07	23.98	23.55	22.15	21.71	23.29	20.97	29
28.79	26.66	32.16	28.29	30.92	29.61	28.75	30.58
27.46	31.5	24.5	25.69	31	25.08	23.84	26.33
28.27	29.33	31.14	34.4	27.51	33.13	27.17	30.29
33.85	25.11	30.74	33.47	28.24	31.8	36.31	28.38
33.94	31.41	31.8	30.15	29.7	32.48	31.51	39.73
17.42	22.2	21.96	23.02	19.5	21.56	17.45	22.34
27.91	30.62	28.97	32.03	27.66	28.81	33.89	26.76
33.41	27	26.78	25.78	26.61	29.72	31.84	23.4
35.36	31.41	27.08	28.97	37.73	35.94	32.36	32.05
30.48	34.3	35.46	26.89	35.04	27.11	31.49	34.35
28.17	31.94	32.29	34.42	30.78	29.31	32	31.37
28.35	23.59	23.99	30.15	25.46	26.79	27.76	29.77
31.1	35.89	30.84	33.15	38.03	26.89	27.42	30.31
27.46	23.82	30.33	24.65	27.42	23.79	25.2	24.98
24.32	27.9	26.27	30.88	24.54	32.43	22.78	27.53
24.3	23.81	26.85	23.83	22.53	27.51	22.2	26.49
30.34	31.29	24.51	26.74	32.01	29.76	34.41	30.26
32.64	30.18	27.36	29.5	31.79	32.99	27.54	30.97
29.84	29.23	27.42	33.38	26.52	20.53	25.91	30.24
29.36	26.69	27.78	28.77	30.1	24.53	29.89	26.36
25.8	21.07	25.14	26.45	19.55	26.61	24.66	24.96
28.68	28.04	30.04	27.14	23.14	28.78	26.92	28.12
29.43	29.22	35.97	35.11	42.27	41.1	35.08	37.74
27.63	22.92	26.63	31.23	30.79	32.78	28.28	29.47
24.55	23.83	21.78	28.1	25.41	27.49	28.24	28.78
28.56	30.87	27.39	34.49	34.26	32.66	29.32	31.64
32.79	36.48	30.52	28.49	28.17	29.35	37.58	27
23.61	30.14	30.64	30.54	31.86	30.68	33.79	37.16
26.26	29.23	28.81	30.22	24.51	29.62	29.15	39.02
38.4	45.1	41.88	39.37	43.05	41.45	40.38	44.23
22.55	24.93	23.91	24.55	30.33	21.87	19.96	26.54
36.13	34.86	31.72	29.24	27.97	34.16	31.35	34.49
40.6	32.41	30.04	40.75	36.72	30.35	33.96	35.11
27.12	29.13	24.35	26.35	23.35	23.86	26.34	28.41
34.23	32	29.66	30.18	34.36	32.51	28.79	24.88
37.02	29.9	34.81	38.53	38.34	32.12	41.58	35.73
23.77	22.87	25.16	23.31	21.54	23.54	28.48	27.17
38.11	33.41	30.71	27.73	33.19	35.8	35.22	33.2
26.68	27.36	32.27	24.83	29.61	23.79	26.86	25.86
26.65	26.79	29.55	30.57	28.7	29.22	31.76	28.73
24.72	24.92	24.68	28.91	29.6	27.77	24.49	32.21
30.16	26.45	30.51	23.39	32.39	27.81	28.46	23.99
30.69	33.84	40.93	33.97	35.63	29.6	37.44	28.87
32.35	31.09	36.84	32.99	34.21	29.06	40.37	33.05
29.12	25.67	20.16	26.25	26.29	28.3	21.34	37.23
33.79	32.6	29.28	33.13	30.21	30.2	29.55	35.28
27.66	34.7	29.73	34.39	30.51	34.64	30.84	32
35.79	27.12	27.82	32.52	24.45	31.45	31.54	35.15
31.46	31.94	30.18	32.57	28.33	27.2	34.01	29.96
32.13	27.55	25.3	27.9	28.3	32.35	28.68	31.9
27.43	22.08	26.17	28.95	24.64	29.75	25.09	24.28
31.8	33.91	31.28	27.1	31.06	28.47	32.99	34.39
25.39	27.26	27.99	26.26	29.95	27.65	23.72	34.57
32.34	34.61	36.9	34.8	36.98	32.85	29.78	31.41
30.56	34.92	29.68	25.05	35.23	29.69	29.39	30.65
33.15	31.79	36.33	34.1	32.11	29.5	32.51	31.73
29.88	34.36	29.06	34.34	29.39	29.51	30.75	31.91
33.42	32.8	28.5	28.7	36.85	24.43	29.58	30.68
30.89	26.18	27.03	26.05	31.16	28.88	32.96	29.58
36.82	33.33	31.37	29.7	29.16	37.81	30.38	36.51
22.78	20.75	22.8	24.45	21.31	22.9	24.17	19.37
31.34	37.62	35.72	33.96	29.15	36.21	30.24	34.57
24.96	27.7	25.73	27.02	25.35	27.19	27.13	29.51
26.92	28.37	25.33	26.81	28.91	32.74	22.2	29.87
30.86	30.75	29.24	27.44	27.44	26.85	29.53	30.27
23.7	29.39	28.87	30.6	25.11	34.05	30.47	28.43
29.63	28.96	32.07	31.05	34.99	29.44	32.81	33.5
30.04	29.99	34.61	28.87	29.34	30.75	34.23	33.79
27.12	34.31	30.21	27.15	30.34	28.39	31.21	30.59
22.39	32.43	30.96	18.76	24.93	23.53	27.73	25.92
35.54	30	36.59	32.15	30.1	35.06	40.32	41.38
26.4	29.02	27.21	28.17	27.21	29.49	27.48	30.62
24.33	34.21	25.42	23.63	29.49	29.11	25.48	24.67
27.11	32.25	29.78	33.26	28.65	29.15	35.48	30.04
38.96	34.22	38.2	40.18	39.08	34.39	35.22	35.29
33.68	32.23	46.68	27.66	33.74	33.52	32.18	31.4
26.44	30.47	23.71	32.39	29.09	28.21	25.22	24.78
32.19	38.07	38.2	35.65	35.97	43.78	34.31	42.52
30.88	28.15	37.85	31.54	31.11	32.78	35.31	27.57
32.38	28.8	28.63	27.62	28.23	30.16	29.89	29.01
31.75	32.79	30.48	32.02	26.35	29.42	32.06	27.12
34.42	35.06	36.14	29.55	35.11	25.83	33.16	32.46
29.84	38.8	32.13	30.99	36.38	29.32	32.07	31.19
30.27	28.43	31.56	33.42	27.39	32.08	30.38	28.8
30.13	32.06	31.31	31.78	30.26	30.88	32.45	34.27
30.16	25.43	24.79	26.6	27.74	32.12	28.19	27.9
33.06	33.45	34.21	40.49	37.92	42.67	35.02	42.07
38.31	34.28	35.18	36.84	34.46	37.12	39.84	39.74
26.58	25.04	28.84	29.27	24.83	21.36	24.08	24.77
32.25	27.61	27.43	22.5	27.87	27.42	24.94	29.45
34.82	30.91	42.5	32.26	33.35	33.98	28.62	38.78
30.85	25.25	24.58	30.66	25.2	28.91	27.29	27.24
19	22.1	27.23	21.26	20.41	25.89	24.56	27.23
30.95	27.2	39.45	30.18	35.56	30.38	30.97	31.41
30.65	29.51	29.39	25.75	25.54	25.04	26.46	27.66
31.26	32.33	34.77	28.89	30.69	31.29	29.63	28.32
22.11	27.59	29.98	25.07	23.02	26.34	24.9	24.86
30.14	40.13	43.56	38.16	36.75	37.02	32.13	27.09
33.55	31.81	20.57	34.28	30.8	30.79	31.95	34.15
29.07	26.45	31.26	26.81	32.49	28.84	37.09	32.8
30.84	26.68	29.46	28.35	21.82	26.37	26.78	26.99
28.91	31.21	29.02	25.87	28.28	31.89	30.04	27.21
29.85	33.95	29.18	34.44	31.25	34.81	34.47	31.67
33.49	40.95	39.54	36.4	43.52	43.34	38.72	39.94
28.39	26.01	25.27	27.87	24.83	29.52	26.65	28.53
23.07	19.69	22.98	20.57	23.21	22.99	28.17	25.52
19.6	24.55	23.81	21.54	23.24	29.24	22.11	22.82
28.08	33.07	24.73	30.97	33.46	27.04	39.96	29.62
27.23	29.18	28.49	35.98	31.78	33.04	31.91	28.67
25.77	28.08	21.5	25.31	27.91	24.25	26.47	30.06
24.81	24.22	31.43	29.98	26.63	30.41	24.99	32.5
33.48	30.75	26.21	30.01	31.82	25.98	29.67	30.22
30.98	31.86	25.88	25.72	33.07	37.75	33.83	29.65
33.83	32.04	35.32	33.54	27.94	30.14	29.7	34.26
30.36	31.81	31.15	27.05	27.94	28.2	31.82	25.14
22.87	30.47	30.41	30.66	27.84	24.18	25.59	26.79
31.35	26.89	28.23	28.64	26.88	27.17	24.2	29.28
40.22	28.49	27.69	28.28	26.59	27.38	24.74	32.42
32.41	35.9	36.25	28.46	33.81	29.84	33.54	31.38
30.29	29.81	36.61	30.66	29.14	29	35.17	31.13
22.94	25.23	26.16	24.15	24.46	29.29	23.48	26.04
30.85	33.18	28.32	32.06	29.44	29.17	27.54	30.02
26.87	35.36	29.24	27.06	28.35	31.95	27.01	31.06
26.44	31.75	30.99	31.5	29.73	29.84	25.3	28.78
33.1	35.07	34.26	35.97	34.14	30.29	29.04	31.53
26.8	25.61	30.02	24.77	27.72	27.28	28.74	29.17
24.85	26.57	26.91	23.12	27	29.29	25.5	25.84
30.24	28.97	26.11	27.68	30.48	28.17	32.65	26.87
31.29	26.93	28.14	25.03	29.59	24.22	26.38	26
34.65	27.29	36.84	34.56	29.79	34.03	31.28	33.94
29.31	34.74	26.97	30.66	28.06	28.21	27.36	34.83
29.34	28.23	27.43	32.84	23.83	29.61	33.02	27.22
31.52	26.86	29.81	30.84	34.16	31.28	27.68	31.83
31.57	28.2	27.93	25.3	32.75	28.83	28.08	25.93
28.16	27.4	29.61	29.39	30.28	27.58	31.85	29.4
29.65	28.6	24.14	27.86	30.14	24.4	25.94	30.71
34.4	30.4	29.09	32.37	30.37	35.38	28.44	28.9
27.92	23.57	28.1	26.88	29.47	28.63	29.02	25.35
40.38	37.43	30.54	33.9	25.3	29.1	25.5	35.65
33.44	29.42	30.83	29.19	32.97	33.43	26.93	26.53
29.5	32.49	29.57	32.26	30.3	34.61	32.42	26.68
28.33	26.91	24.53	32.87	27.11	28.92	26.53	25.62
28.81	28.31	27.84	29.33	27.38	31.53	35.02	35.31
34.44	28.52	31	30.41	27.7	28.05	32.71	29.11
26.33	26.46	25.41	26.66	26.09	33.81	31.39	30.4
27.57	31.15	27.99	28.06	27.08	31.06	33.63	32.32
28.49	25.52	32.77	28.82	38.78	29.06	26.39	28.49
32.19	34.18	28.01	31.69	28.11	28.11	26.03	23.99
29.32	28.66	30.97	28.06	26.53	29.3	33.26	28.86
31.54	28.05	29.44	27.26	27.08	29.57	34.08	29.1
24.5	31.09	32.59	26.01	29.98	23.4	25.98	24.38
28.97	29.11	24.57	29.27	25.98	30.3	24.04	29.1
41.92	34.82	27.31	35.35	32.69	27.31	32.81	41.92
23	28.77	29.06	27.98	27.75	25.99	29.64	26.34
34.57	32.3	42.01	40.72	38.78	38.43	35.95	39.49
32.54	25.08	30.65	27.9	25.9	24.91	29.09	27.81
24.68	29.7	25.24	27.35	25.93	30.7	29.16	32.79
22.54	25.55	23.95	29.37	26.08	27.5	19.43	22.68
32.89	26.79	34.9	27.76	31.06	30.75	32.01	32.91
26.22	34.14	33.35	29.6	30.26	27.12	30.34	28.81
25.79	27.47	26.83	31.14	28.15	29.21	34.3	26.9
23.67	28.83	29.82	27.54	25.08	28.72	24.85	27.51
27.99	25.61	25.19	29.65	31.91	27.61	28.74	24.68
34.11	34.43	37.89	34.17	33.18	34.37	33.86	39.75
29.4	31.02	32.67	32.94	31.89	30.23	25.84	27.85
26.54	29.49	24.88	25.62	26.82	31.29	30.34	25.47
29.3	31.98	27.13	30.45	32.83	28.83	30.53	29.1
29.07	23.19	25.41	27.04	30.26	40.81	28.43	32.17
37.89	32.4	34.98	32.12	34.53	35.92	40.19	33.66
25.92	27.55	26.36	24.23	23.17	26.11	29.49	22.31
38.25	33.72	38.85	30.06	42.26	37.49	33.45	32.18
31.73	32.87	27.64	31.31	26.84	29.39	29.25	30.61
29.09	28.92	28.41	28.68	25.09	27.15	20.5	27.22
35.05	28.29	33.34	31.88	33	37.36	28.84	30.37
26.26	23.09	32.31	30.41	26.42	23.37	28.34	29.32
26.97	24.5	27.87	29.94	24	26.8	26.66	25.52
21.94	29.3	26.71	33.57	29.62	28.95	28.39	28.77
27.26	26.55	23.69	25	26.15	33.06	31.33	31.09
31.6	32.6	31.11	27.95	26.28	31.06	27.36	30.21
29.36	26.97	29.02	29.23	34.65	30.83	30.98	30.19
25.34	28.93	25.03	31.16	36.41	27.02	24.02	30.72
26.73	23.46	24.29	26.35	28.23	24.38	25.05	22.87
35.38	32.84	36.9	34.26	33.11	31.47	32.6	32.9
26.85	31	26.48	27.68	26.95	32.38	27.02	23.3
30.83	31.68	27.24	26.81	29.68	30.44	32.87	26.19
26.06	30.41	29.52	29.38	24.45	27.2	28.83	24.48
28.83	24.88	23.39	27.43	23.15	26.98	28.47	26.33
23.97	28.54	31.94	29.39	30.6	33.44	27.82	29
33.2	31.46	26.37	25.98	27.99	22.88	33.43	27.5
31.18	35.39	28.32	24.3	25.26	29.01	29.9	28.14
31.46	35.63	31.65	34.41	38.01	32.84	35.55	35.32
31.36	30.5	39.7	31.54	35.58	32.72	27.38	31.93
29.96	31.32	35.79	30.46	32.5	32.54	31.58	27.43
33.15	31.62	28.98	28.26	27.9	33.83	32.23	28.34
31.39	35.15	37.19	33.99	36.27	30.98	34.54	29.5
29.94	24.51	28.65	29.94	27.71	28.34	29.54	27.82
29.43	29.45	28.69	29.45	27.76	27.54	32.76	28.12
32.98	33.34	28.7	24.47	31.68	25.18	28.86	30.38
39.68	29.18	39.77	44.33	39.24	33.49	35.99	29
28.62	29.87	30.78	33.86	31.39	27.51	30.81	31.64
28.64	34.25	33.13	28.21	29.09	26.27	26.26	30.84
30.51	26.34	29.58	31.49	33.77	32.4	28.54	29.06
30.64	30.17	30.3	30.57	25.92	29.01	33.42	29.84
30.94	30.67	29.61	30.13	29.59	30.72	32.17	32.77
29.27	29.68	33.28	31.04	27.93	30.33	28.51	30.41
38.31	30.62	29.72	30.44	32.9	34.46	32.69	33.1
27.87	29.16	27.78	29.96	23.85	25.95	29.75	24.74
30.1	29.09	29.1	27.94	28.29	27.42	25.53	27.32
29.78	32.74	31.89	35.58	28.97	31.52	28.23	35.73
33.82	38.05	31.84	42.63	34.18	33.85	37.1	36.82
29.03	32.97	26.88	25.73	30.04	27.28	29.31	27.45
25.08	24.32	30.01	23.73	26.19	25.09	26.84	26.16
27.22	27.78	28.42	29.86	34.71	31.4	34.41	27.77
32.84	35.59	31.41	28.55	33.45	29.3	35.43	30.65
30.16	27.03	27.82	28.22	34.78	29.6	26.29	29.89
29.02	27.67	28.33	32.28	30.97	26.56	29.61	26.36
33.49	31.61	23.28	33.58	31.3	39.94	31.48	32.22
36.77	28.84	32.91	37	33.91	32.58	36.2	29.06
33.11	31.76	33.96	28.15	33.35	29.75	35.4	30.95
30.48	36.95	43.02	31.6	36.29	33.84	32.41	38.56
21.35	21.85	23.71	26.61	25.88	24.83	20.59	25.23
29.1	33.61	26.78	29.75	25.12	28.64	26.69	26.61
35.42	36.34	30.51	32.53	31.61	32.88	35.25	37.66
29.62	27.37	26.87	30.55	31.21	28.41	30.66	30.54
30.89	21.59	25.53	29.18	28.16	30.4	26.86	27
37.92	40.31	37.42	36.57	46.07	36.4	40.07	36.24
29.11	32.03	31.45	28.72	35.74	28.66	35.6	35.5
25.53	35.85	30.5	34.11	29.87	30.7	25.62	32.45
39.72	36.79	31.59	36.96	32.01	30.22	44.32	34.05
33	31.71	28.88	33.16	32.69	39.39	30.61	30.62
33.79	32.9	32.82	41.43	34.85	33.57	39.81	39.91
