24.91	30.11	28.05	26.7	26.69	29.47	24.05	27.39
33.84	29.18	33.55	32.85	29	29.61	32.62	31.22
26.66	31.03	28.76	30.13	32.3	25.98	27.07	27.59
23.91	26.75	25.88	30.96	25.09	27.76	29.35	27.92
35.38	31.23	33.48	28.74	35.79	36.12	32.93	33.37
36.23	33.82	37.81	34.58	32.05	32.8	41.18	29.39
31.19	31.64	24.03	25.89	27.31	24.25	31.08	25.67
35.18	29.14	28.78	38.48	34.56	34.25	41.25	34.67
27.75	26.14	25.54	24.7	28.67	27.11	23.32	26.41
32.01	35.84	32.91	31.82	32.12	35.81	28.21	33.73
30.92	27.96	27.82	29.26	31.45	32.18	30.71	31.19
30.63	39.81	38.43	29.82	36.16	35.81	38.43	36.12
26.41	25.4	27.23	27.5	21.61	27.2	28.09	24.59
32.51	27.32	25.11	21.61	29.11	24.65	29.7	29.52
28.2	31.12	26.99	29.07	30.89	28.79	29.5	29.79
28.75	30.24	31.02	30.57	27.83	32.09	27.24	31.82
25.95	26.59	27.16	27.76	25	20.07	24.02	24.56
33.04	28.73	35.81	30.6	38.05	33.07	28.89	25.26
30.43	30.49	27.17	35.46	32.58	35.14	25.91	29.82
30.87	23.78	21.9	31.29	29.85	25.16	33.04	27.65
32.37	28.96	30.76	26.37	26.61	29.18	25.07	24.83
26.97	31.84	26.64	27.32	30.16	28.29	30.61	30.74
39.93	32.69	34.75	34.44	35.35	31.79	30.43	37.88
29.83	28.9	29.02	27.31	29.09	27.44	32.36	26.39
29.8	25.84	31.82	28.93	29.4	32.72	30.75	31.25
32.02	28.28	30.86	32.02	33.54	32.28	30.42	25.93
30.54	30.51	32.56	30.14	28.71	33.04	32.75	35.25
27.78	26.71	22.91	27.05	32.91	26.66	29.18	27.52
32.78	36.61	29.9	26.26	33.96	28.59	28.15	30.16
30.32	28.18	33.84	31.55	38.36	35.11	25.87	27.61
27.67	31.28	28.85	25.25	36.55	29.21	28.81	34.58
22.67	20.24	22.16	22.14	22.07	23.08	22.56	24.15
34.37	38.07	39.23	31.05	45.63	38.63	34	33.52
34.38	36.51	30.41	25.43	29.49	37.89	22.62	38.49
26.37	26.16	25.99	32.47	24.19	29.49	24.87	23.67
27.06	32.05	29.45	30.53	29.21	29.68	34.47	33
25.01	24.73	27.77	26.91	27.77	28.59	29.94	33.5
33.35	30.54	31.99	29.42	35.33	30.15	27.05	32.08
25.93	27.62	33.46	31.23	31.04	30.33	29.16	24.73
31.13	27.88	28.37	31.91	23.73	25.86	33.11	27.65
25.39	27.03	31.66	28.98	30.88	28.85	35.73	30.61
29.64	33.22	32.37	32.86	32.48	39.48	28.08	35.52
35.38	31.15	33.52	25.19	29.51	37.08	29.63	36.05
26.05	27.9	21.67	18.67	25.9	21.38	19.95	22.35
28.24	23.25	28.88	27.87	23.19	27.74	19.26	22.8
36.14	33.77	29.57	35.1	34.18	31.13	37.54	35.26
30.91	36.1	33.85	30.09	33.98	34.12	39.47	33.1
28.06	34.63	28.32	27	32.69	33.45	30.26	28.79
26.54	25.18	27.01	26.46	30.86	24.25	30.66	28.56
26.38	25.89	23.74	25.79	32.87	29.68	25.24	32.4
34.68	26.39	26.45	24.52	26.29	30.04	27.73	28.85
34.81	36.89	29.32	28.75	32.38	29.26	29.45	32.24
29.21	30.13	26.19	36.47	34.29	29.14	32.55	28.88
23.47	24.68	21.12	25.03	25.64	23.23	27.51	27.25
28.66	25.19	28.84	33.23	26.8	30.32	36.39	24.89
36.57	34.24	33.56	29.08	31.19	26.56	29.81	25.45
25.38	27.9	25.63	28.41	24.45	31.76	31.3	26.13
31.23	35.61	32.6	26.88	34.26	35.34	33.87	36.11
27.88	36.94	29.23	25.25	30.15	27.14	28.24	35.92
28.61	24.4	26.1	26.16	28.54	26.08	24.95	22.84
27.09	26.89	21.71	24.67	21.77	20.64	23.62	24.98
30.15	36.36	27.19	34.05	32.48	33.32	36.5	33.68
34.04	31.15	30.19	27.12	28.73	32.73	31.16	28.83
30.94	29.93	28.81	29.74	34.6	28.57	24.25	31.3
25.72	27.19	31.51	34.81	27.31	28.73	31.5	32.66
27.03	28.95	25.27	31.52	26.15	33.57	25.22	26.61
21.27	29.42	25.94	24.93	21.66	27.12	20.8	26.69
32.77	33.47	29.5	26.41	32.09	34.34	32.18	30.64
34.04	31.74	31.44	28.08	32.35	24.2	30.43	27.35
38.6	31.54	39.61	35.61	34.75	37.12	36.57	34.22
37.55	31.7	28.26	24.65	31.93	33.26	32.82	33.34
27.4	26.91	30.37	26.28	30.13	29.93	29.65	27.71
34.11	36.03	29.24	39	40.87	40.49	32.3	32.14
41.1	32.06	35.96	32.35	35.68	38.25	34.95	28.86
26.5	28.23	33.34	25.97	29.83	28.08	26.01	28.33
34.36	28.22	25.78	33.52	31.58	33.43	33.59	28.64
33.21	33.93	41.29	32.24	37.91	32.7	32.84	28.39
29.72	28.3	26.02	26.54	27.34	34.4	21.83	27.57
34.46	28.03	28.72	30.09	29.56	27.43	28.7	27.49
31.33	29.05	29.14	35.58	32.19	29.42	35.05	29.34
32.18	32.25	30.44	28.53	28.71	33.96	29.42	26.9
29.25	34.95	29.52	33.36	29.61	32.88	28.95	37.6
25.56	27.64	22.3	30.8	28.57	25.82	33.49	28.33
28.51	30.87	30.05	32.64	24.8	37.75	29.49	34.28
28.95	21.16	19.12	24.04	25.37	26.02	24.2	25.58
33.28	28.39	28.05	28.78	27.33	29.65	28.96	28.36
23.98	26.14	24.86	23.32	26.2	25.35	25.02	23.66
27.72	34.97	36.61	38.9	39.77	39.39	39.23	38.07
24.53	25.62	29.39	26.08	35.96	27.57	30.92	26.08
25.46	22.34	30.75	29.98	31.14	28.19	31.24	30.79
35	32.19	32.4	40.47	39.44	31.5	31.96	32.69
29.26	29.21	33.6	29.01	29.47	32.82	34.8	32.43
27.38	34.57	32.73	35.38	25.32	35.17	29.6	32.28
30.95	35.94	26.88	24.66	31.14	30.73	41.17	30.94
27.06	24.5	26.3	20.58	25.95	27.3	27.27	25.83
35.31	31.69	31.61	34.81	30.01	32.28	36.78	31.44
31.34	28.02	24.59	24.62	30.43	22.54	26.17	23.73
35.28	36.7	30.92	33.09	33.67	29.27	29.23	31.42
32.77	26.41	32.52	33.39	28.71	33.94	33.12	29.19
22.71	26.44	26.89	27.55	24.97	27.63	23.16	26.95
28.42	36.19	30.94	28.2	29.99	24.96	25.47	29.21
26.87	26.75	24.16	31.31	29.79	30.66	28.5	26.65
31.3	39	37.11	33.63	32.97	30.56	30.38	31.45
28.09	31.98	29.95	28.81	32.1	35.01	33.09	31.71
24.99	29.02	32.55	25.25	30.89	30.92	22.31	32.11
32.11	36.15	30.64	29.54	32.5	33.62	41.26	32.79
25.49	22.9	23.57	22.39	24.76	25.36	23.55	24.93
24.87	31.84	32.73	31.75	31.26	29.21	32.74	33.49
23.93	25.87	22.71	25.65	32.58	25.96	30.11	30.55
30.01	27.79	31.31	30.16	30.94	32.68	24.75	26.37
28.17	25.94	21.37	25.57	21.45	25.91	22.42	22.99
30.67	30.87	28.43	28.77	31.59	29.37	35.87	30.18
26.31	23.92	23.46	25.15	22.84	28.64	28.31	22.11
29.9	27.27	36.64	41.49	25.55	32.73	30.46	31.75
22.95	26.62	21.69	31.22	27.86	27.32	21.25	29.41
23.66	23.37	27.12	24.32	23.38	24.31	27.07	23.33
29.3	23.29	25.46	27.67	26.13	27.37	25.69	24
33.43	30.18	36.02	28.14	33.82	24.88	26.98	28.49
25.45	31.81	24.63	25.23	27.71	24.64	28.16	24.01
24.84	28.29	29.9	25.11	25.87	25.71	27.48	28.92
29.02	36.3	35.36	29.36	29.58	39.03	32.45	31.34
23.47	25.02	28.65	26.94	25.71	23.14	24.9	25.26
31.68	31.16	30.35	30.95	27.04	30.48	26.17	26.8
32.35	30.55	33.05	26.7	24.85	27.45	32.95	30.7
30.4	34.41	26.63	33.16	31.97	27.82	31.45	34.2
27.97	25.36	30.26	27.79	30.38	27.76	26.16	25.24
29.98	32.49	28.56	27.3	26.42	30.38	31.3	27.92
23.78	23.83	27.51	28.34	24.28	24.17	23.11	23.62
30.41	29.64	28.97	34.34	30.9	34.99	32.17	30.84
28.01	31.13	29.12	30.74	30.16	27.23	27.98	27.96
26.75	27.56	29.32	30.1	25.59	29.64	26.52	24.32
28	31.32	32.83	32.65	26.79	32.5	34.57	34.24
26.71	27.69	22.9	26.26	21.26	27.39	24.07	25.62
34.02	36.68	29.99	31.6	36.19	30.31	31.09	32.26
34.02	36.29	31.62	28.8	33.81	32.2	33.16	32.47
27.86	30.39	25.34	26.89	29.38	26.66	25.96	24.99
30.44	29.49	36.23	29.11	31.41	34.66	33.95	30.95
29.37	28.58	28.19	32.67	25.49	28.19	29.45	31.07
29.72	25.77	23.7	28.13	31.05	32.59	27.42	26.91
26.84	26.75	22.48	26.38	26.75	26.35	24.72	26.46
34.75	31.69	32.15	29.46	28.44	30.18	30.18	34.67
25.73	28.33	27.52	34.32	32.72	27.57	29.08	30.33
32.04	37.83	38.81	30.51	33.08	32.39	34.3	27.15
28.14	27.69	26	29.51	25.67	30.46	27.56	26.1
26.55	30.69	28.83	31.07	30.04	31.26	24.74	31.28
31.15	33.78	26.67	29.38	30.25	28.26	32.81	26.86
26.3	28.57	28.17	25.12	29.3	25.66	22.36	26.73
30.51	30.44	30.73	29.41	29.86	30.19	30.45	31.29
29.89	37.05	34.81	33.52	34.83	36.5	34.82	30.24
26.08	22.23	22.77	26.99	20.82	20.2	24.89	31.52
26.65	30.77	24.31	30.56	27.96	27.45	24.29	33
24.96	25.52	27.26	23.57	27.93	28.02	29.58	24.91
33.24	32.12	29.57	33.23	33.77	37.74	31.91	32.62
36.71	36.38	34.53	33.67	33.23	37.12	27.62	28.91
33.79	34.28	29.35	34.5	33.1	29.35	36.68	34.55
32.27	33.22	31.73	32.06	29.8	28.25	36.99	26.41
31.62	26.59	26.96	30.53	33.95	33.95	30.47	30.44
27.01	32.6	32.83	31.84	29.91	27.59	38.89	28.41
28.97	24.94	24.26	23.38	22.85	23.51	24.7	25.03
32.46	26.4	25.6	27.7	29.59	28.65	27.4	29.7
32.46	30.2	34.42	31.67	34.52	32.52	30.19	31.11
26.25	24.49	29.57	30.79	30.03	24.1	28.66	27.99
29.29	26.44	25.88	25.14	30.46	22.28	25.96	26.79
29.88	25.92	28.5	29.67	31.2	30.49	25.36	32.45
32.32	33.43	32.72	30.27	32.62	31.05	35.34	32.01
28.87	31.92	36.41	37.41	33.27	34.12	35.88	34.93
31.94	27.97	25.83	24.77	28.13	26.91	25.79	32.32
31.54	32.27	25.35	40.56	31.03	37.02	28.58	35.68
19.11	29.78	27.18	25	24.16	18.76	25.2	25.34
28.32	34.4	25.75	26.55	28.88	33.74	27.49	30.61
29.12	24.09	26.54	30.95	32.89	25.3	32.89	32.71
25.17	32.2	34.3	29.3	37.17	31.73	36.36	32.03
27.25	30.35	32.56	28.89	27.74	25.8	23.56	27.51
23.18	24.97	26.91	22.76	23.6	26.26	21.6	25.2
28.4	20.15	26.53	25.46	24.41	25.52	25.72	24.54
30.08	32.32	21.67	28.51	27.41	35.84	32.99	33.61
37.86	32.74	36.27	30.97	28.9	32.34	27.88	27.97
31.63	29.88	24.75	26.62	33.82	31.9	23.75	32.98
33.84	31.93	27.66	30.35	34.43	31.36	31.36	30.25
40.95	34.37	32.02	33.7	37.57	33.65	39.13	35.04
21.9	28.71	25.46	27.45	27.81	27.14	20.06	25.73
25.5	26.69	24.47	21.02	28.01	29.3	30.02	21.92
32.73	29.36	37.41	33.8	34.2	32.29	39.67	31.38
31.44	33.44	29.34	32.46	35.38	32.18	31.28	33
31.95	29.4	26.81	26.11	32.57	26.06	28.98	27.48
33.87	37	34.42	35.95	35.63	34.85	37.92	34.83
31.4	32.19	28.33	28.41	26.04	32.31	30.26	24.35
25.48	31.65	28.93	24.9	26.65	27.35	29.92	26.59
31.58	33.06	29.15	34.07	30.79	29.82	31.05	35.94
25.81	25.83	28.95	25.23	28.02	29.44	27.2	28.84
34.3	30.83	35.76	31.32	40.34	31.83	31.56	34.74
26.41	34.28	29.5	32.51	30.03	31.04	32.52	26.58
24.84	25.26	26.84	26.44	25.89	27.04	29.89	24.39
28.78	31.1	34.22	32.84	31.42	34.43	30.59	30.69
28.36	32.78	34.01	33.69	27.95	38.63	26.59	37.27
26.63	27.38	30.17	25.73	25.42	28.38	29.05	23.36
29.11	25.96	26.76	27.53	26.91	27.1	28.7	21.31
27.07	29.37	30.76	30.27	32.67	34.1	30.68	31.24
28.02	31.88	28.2	27.39	27.25	23.24	27.95	25.91
24.98	26.41	24.07	30.61	31.75	32.34	25.58	25.64
24.35	31.49	30.19	32.65	28.03	30.87	27.94	28.9
32.13	26.88	23.78	30.12	31.2	28.96	28.57	27.41
27.18	32.94	25.7	34.3	30.43	25.47	25.96	36.51
29.43	27.45	27.77	30.55	24.42	31.45	29.98	29
34.31	29.6	36.2	35.76	40.97	32.5	30.25	34.81
24.87	31.91	29.6	30.45	30.29	23.64	28.78	35.31
29.05	28.76	30.41	26.73	25.65	27.65	30.85	27.31
26.22	34.1	27.02	29	26.54	29.26	26.38	24.41
29.22	29.22	35.66	25.55	31.65	27.89	29.83	28.4
28.7	29.02	25.32	25.85	30.39	30.19	28.38	31.11
34.83	33.33	33.73	35.61	34.82	38.02	34.57	30.18
26.69	27.65	28.89	30.2	26.16	29.28	26.26	26.43
25.39	32.58	25.25	27.04	25.12	23.83	22.55	28.09
32.19	31.91	38.11	33.71	29.79	31.6	29.59	33.9
28.66	30.54	30.44	35.42	32.92	30.83	27.84	35.12
27.4	30.18	31.67	34.34	30.46	29.36	29.82	29.15
45.1	44.03	39.78	32.51	36.18	34.34	35.94	39.77
34	28.97	33.57	35.01	31.61	35.96	39.34	36.53
28.76	25.41	32.62	30.5	31.66	26.82	30.25	34.41
35.13	36.29	36.92	31.44	40.9	30.93	28.93	36.69
33.04	31.97	31.43	31.38	29.47	26.33	29	29.88
28.93	28.4	32.02	29.31	29.72	25.53	29.01	26.26
27.29	26.56	28.68	27.35	24.19	31.91	23.09	29.23
26.32	22.73	26.69	26.51	29.48	21.19	26.67	26.16
28.96	28.28	34.79	29.52	27.86	31.71	37.21	27.32
28.2	26.81	26.88	30.29	27.74	24.43	25.74	28.62
23.81	27.94	23.76	25.83	27.83	28.36	25.94	25.48
33.2	42.14	34.05	35.84	43.24	37.25	35.06	37.63
26.58	24.28	30.76	32.32	37.05	29.29	25	32.8
27.78	27.43	27.99	29.48	29.26	26.09	34.56	31.03
42.12	38.87	39.7	33.12	34.76	38.99	33.85	37.78
34.53	29.09	28.57	30.16	32.07	31.93	28.33	32.99
30.44	31.76	35.06	30.08	31.67	27.94	24.9	31.98
29.62	27.97	27.84	32.46	27.06	37.99	25.04	35.37
31.33	32.86	29.12	31.7	30.81	30.44	29.99	29.98
29.3	31.1	29.59	30.49	25.95	31.83	32.41	30.01
36.77	37.73	33.34	37.15	38.2	31.15	39.64	37.84
32.99	37.97	24.9	27.1	33.19	36.38	25.34	32.22
26.61	27.88	27.44	28.4	26.13	29.34	29.76	27.15
32.82	25.06	24.42	29.76	23.7	23.99	27.11	23.33
31.46	32.16	29.11	32.66	30.17	31.64	30.61	29.88
29.88	25.22	30.52	30.34	30.56	30.87	31.33	23.03
27.4	28.8	29.56	24.94	27.77	30.81	30.04	31.65
23.14	29.96	25.82	34.37	27.07	28.58	27.4	32.07
33.33	38.15	32.61	28.4	32.64	35.34	31.99	31.28
40.58	36.32	31.49	37.3	34.39	40.14	35.85	39.01
28.21	25.63	26.55	30.46	27.13	26.5	26.71	24.79
28.14	38.93	33.33	29.39	38.87	32.21	30.87	29.26
33.23	25.44	32.16	29.39	28.35	34.47	32.05	32.34
29.81	25.15	22.77	22.68	23.02	22.84	23.56	25.37
34.64	33.66	38.73	35.24	38.54	40.37	30.22	31.2
29.05	24.2	29.46	30.23	34.79	31.71	32.51	33.52
29.07	32.29	26.49	31.74	32.7	31.62	30.36	26.98
30.77	25.83	22.04	29.55	21.5	21.21	27.54	22.82
28.52	29.78	28.15	27.16	26.64	22.5	30.8	31.19
30.33	32.4	34.68	32.44	30.23	27.15	27.9	32.57
33.03	35.82	41.67	33.84	33.11	34.65	37.75	30.1
33.19	28.86	28.29	26.75	30.21	34.89	23.81	29.35
26.96	27.82	32.64	25.69	29.3	33.15	30.11	26.13
24.02	27.96	26.74	28.18	31	28.58	25.35	18.8
25.97	25.37	24.66	27.8	33.99	25.44	30.67	31.4
31.81	33.42	28.57	25.57	29.76	32.17	31.53	28.12
30.21	26.79	24.43	29.73	29.32	33	26.91	30.78
29.26	27.81	26.31	29.89	28.12	28.11	28.16	24.23
27.09	31.47	29.79	28.4	32.38	28.67	32.19	29.29
28.11	34.21	27.7	33.94	26.36	33.68	31.15	26.97
26.56	27.39	34.58	31.01	27.84	29.25	30.16	29.88
30.65	34.61	32.96	31.18	30.28	29.64	30.61	32.79
26.54	26.72	23.27	22.78	18.47	24.17	27.54	28.47
35.14	29.7	30.11	28.32	38.43	30.69	33.09	33.1
28.06	26.83	32.98	32.61	32.86	28.7	36.7	30.81
30.96	29.93	31.67	30.22	29.84	28.78	29.2	25.83
27.11	29.53	27.36	28.35	28.26	26.79	26.11	29.06
28.81	32.36	29.66	29.82	29.51	27.04	29.05	25.27
27.81	27.04	34.59	35.27	27.69	28.59	30.1	33.36
29.99	24.63	25.13	27.27	29.48	32.42	31.88	25.76
30.71	28.5	28.65	27.38	29.09	30.36	31.28	24.54
27.17	27.63	29.13	31.75	30.75	26.98	28.6	31.16
26.56	32.95	28.49	31.84	33.53	23.78	27.21	28.87
34.92	29.88	27.79	28.38	28.4	32.02	28.91	26.65
29.11	31.18	30.85	30.85	34.96	31.86	30.49	27.19
33.25	26.89	24.65	29.31	28.12	37.09	28.58	26.27
34.03	29.05	36.32	28.97	30.41	24.33	30.98	25.86
28.48	26.92	33.62	34.49	34.56	31.36	27.81	29.58
31.72	37.9	36.99	41.19	37.38	34.13	41.24	37.37
31.3	29.44	26.45	32.64	23.37	25.18	28.82	25.1
26.15	25.55	25.9	29.75	28.65	30.28	23.94	27.21
33.31	28.57	29.35	26.42	27.53	23.26	37.84	28.53
25.68	33	33.21	27.78	27.55	31.21	29.85	33.9
29.91	33.04	38.46	31.6	28.4	25.72	34.34	31.92
27.18	25.18	29.03	26.06	27.35	30.91	28.01	26.1
29.17	29.42	39.15	26.83	29.93	34.59	31.53	32.8
27.33	27.83	25.61	28.58	25.51	24.31	21.17	22.97
31.01	32.28	26.54	26.42	25.96	31.48	30.84	32.64
26.35	28.65	28.66	25.56	30.75	26.65	26.29	27.04
24.09	21.57	28	24.06	28.88	27.58	31.66	24.66
30.16	32.1	26.14	31.5	28.68	28.81	29.7	32.16
26.74	30.73	23.58	23.95	24.14	29.67	29.06	26.32
26.11	29.87	34.49	33.66	31.01	31.69	32.3	28.49
28.72	24.23	27.84	33.86	24.67	28.32	30.99	25.14
27.19	35.56	38.06	35.93	29.17	30.91	28.74	22.08
24.96	32.8	32.69	35.7	30.35	30.7	32.86	38.01
30.59	31.67	33.54	30.69	31.29	27.11	29.59	31.5
25.2	27.53	29.89	25.11	28.15	25.35	30.25	26.74
35.15	33.87	24.87	29.43	32.08	34.44	30.88	28.94
28.41	28.63	30.94	27.59	28.4	31.73	34.25	32.01
27.43	30.85	32.91	27.74	30.08	27.68	29.21	31.41
33.82	34.59	28.04	33.48	31.32	29.65	28.43	26.53
31.11	35.08	33.87	36.22	30.87	29.03	36.14	33.68
28.32	27.12	30.31	30.41	29.02	33.09	25.72	34.49
29.13	27.48	32.04	31.29	34.04	31.93	25.66	31.8
39.78	35.56	36.67	31.58	32.56	30.43	27.03	37.24
39.92	32.94	33.35	29.08	29.95	30.45	32.78	32.39
30.35	30.21	25.3	26.27	26.2	30.13	29.03	26.97
27.89	30.46	27.01	24	25.06	25.54	24.84	27.67
33.54	31.39	27.12	33.11	30.85	30.27	31.29	28.66
28.26	31.65	26.87	23.25	27.5	23.84	29.57	27.17
24.44	27.9	27.03	31.99	27.13	25.53	27.02	25.62
25.52	27.53	24.68	27.42	29.04	30.74	22.67	25.4
23.36	25.03	24.13	17.62	19.77	23.21	20.84	20.58
34.04	31.37	28.45	30	32.13	31.93	27.61	26.11
33.37	30.39	38.8	32.93	33.71	33.53	35.35	31.71
30.59	32.06	36.88	30.43	33.4	28.6	33.71	35.78
34.54	26.41	28.67	31.53	31.95	30.32	29.7	31.41
33.27	27.31	27.29	28.75	29.03	25.2	27.7	26.22
39.44	41.97	36.84	43.46	37.81	40.67	41.17	44.8
32.42	32.38	30.01	32.79	29.87	37.67	31.61	31.87
30.26	28.1	28.77	32.72	29.09	29.31	26.22	29.53
32.32	32.23	25.08	29.11	29.16	28.35	27.41	24.5
32.48	30.17	31.5	29.09	33.68	30.99	28.98	28.82
22.16	23.34	21.29	19.94	24.49	23.28	24.22	20.82
29.69	33.48	37.42	32.29	32.93	31.93	28.71	33.6
27.95	30.97	35.96	30.67	27.38	35.54	32.83	32.97
29.07	29.29	36.86	28.2	25.66	26.09	30.41	27.56
24.52	29.97	36.7	26.97	30.82	28.82	30.11	23.57
29.33	30.26	27.63	24.45	30.02	30.94	30.75	27.57
35.52	36.71	30.35	28.54	36.49	37.36	36.8	30.36
31.54	34.38	38.68	28.01	30.57	28.77	34.22	29.64
34.18	27.38	28.18	30.97	29.22	31.8	33.38	33.59
26.67	28.46	33.37	24.45	25.52	28.03	22.81	28.31
21.84	29.33	33.12	26.09	29.94	25.97	29.5	23.52
26.06	23.78	27.75	24.42	26.53	29.72	27.64	24.7
24.58	22.67	25.13	27.9	21.98	26.25	22.11	28.21
38.67	33.63	38.52	37.36	29.65	35.44	40.85	37.29
25.34	25.2	27.83	26.68	28.24	23.77	26.11	29.68
21.27	21.04	21.72	23.74	25.16	23.71	22.7	21.82
28.08	24.83	28.69	27.72	27.39	27.83	29.96	26.75
26.55	35.04	31.89	33.65	36.05	28.86	34	31.82
39.74	35.29	38.65	29.39	41.98	37.83	33.64	42.68
32.74	28.36	26.6	27.35	25.84	31.17	32.6	29.26
31.62	22.39	24.22	24.72	26.53	23.28	29.86	26.1
22.77	26.37	29.09	25.48	27.49	29.24	31.49	27.06
32.21	30.02	31.01	28.58	31.44	27.31	31.82	32.84
28.71	31.58	33.29	29.67	26.49	30.43	26.24	26.31
29.06	32.9	28.05	26.97	25.76	27.08	25.42	27.09
27.8	29.24	26.44	32.91	33.28	26.85	28.47	29.05
33.6	24.57	32.77	29.03	32.66	27.53	27.98	30.29
34.46	26.14	26.94	27.67	29.45	28.61	29.24	29.62
35.45	35.6	36.39	39.94	33.65	31.57	32.72	34.3
29.4	30.5	24.96	30.55	31.77	33.25	27.1	28.47
33.16	34.05	33.63	35.48	33.81	33.52	30.63	38.56
37.62	27.5	28.43	26.64	30.3	27.67	32.89	31.06
24.47	28.44	30.62	30.65	26.23	26.06	31.52	30.18
35.11	33.16	37.58	36.85	35.49	34.71	35.35	34.59
23.31	28.75	33.27	32.74	26.44	25.79	28.09	27.93
31.77	27.34	29.81	33.79	33.86	31.81	31.05	31.49
36.55	33.79	36.57	31.36	39.21	35.07	36.75	38.11
32.71	32.54	32.71	35.66	32.85	28.14	31.18	32.11
27.1	31.78	26.6	31.56	33.27	26.7	25.38	29.04
30.6	32.41	29.66	31.19	26.6	29.73	35.02	33.76
25.34	25.68	23.66	23.9	32.34	25.67	26.41	24.39
26.71	29.26	27.01	27.88	27.58	27.43	29.84	25.5
31.27	35.02	23.46	28.08	35.06	30.06	27.37	30.06
32.51	30.32	34.37	33.12	29.58	38.06	36	32.55
32.93	30.65	37.36	38.7	40.39	38.97	39.58	36.27
27.94	28.58	27.02	32.77	27.91	33.88	29.36	30.53
33.07	35.05	26.09	30.19	30.52	28.79	35.29	29.63
27.01	36.91	35.37	33.19	30.5	37.12	31.15	33.39
26.49	30.29	27.57	32.1	28.27	31.93	35.81	33.07
27.11	29.44	29.79	26.57	29.01	27.72	28.53	23.86
33.25	29.05	27.21	27.68	31.11	32.94	34.83	34.83
29.41	28.27	32.45	26.32	34.54	29.92	36.71	32.33
24.99	26.05	27.79	29.24	30.4	29.02	28.37	29.47
33.85	32.15	31.96	36.3	28.49	29.7	29.62	32.81
31.23	35.61	26.18	37.43	34.33	27.05	32.43	30.26
32.47	25.68	33.43	30.1	28.07	28.5	26.54	29.17
25.99	28.35	29.47	30.36	35.16	29.07	29.16	34.38
27.06	29.47	21.86	26.94	29.45	26.94	21.86	23.72
27.92	30.35	25.07	23.92	32.67	23.67	31.13	24.26
25	24.23	29.78	24.29	25.19	23.8	28.86	26.01
25.95	22.52	28.26	21.51	22.59	26.27	22.71	17.8
30.53	34.76	29.19	29.1	30.56	26.58	32	29.37
25.25	26.59	34.7	28.04	25.12	23.75	29.41	23.19
28.1	27.1	19.48	26.38	21.73	25.2	24.82	25.46
28.18	27.08	31.96	30.27	27.03	30.81	27.11	25.69
30.61	28.9	28.35	27.27	32.49	28.77	30.63	27.47
29.24	31.5	26.96	26.33	24.51	27.57	32.58	26.99
30.7	32.11	29.96	33.01	35.22	36.17	36.96	35.06
26.89	34.7	25.91	32.89	31.6	31.31	25.99	30.74
24.73	24.75	26.25	25.69	31.64	24.58	20.79	31.61
25.77	28.24	29.49	26.41	31.72	28.17	23.75	30.04
30.72	40.65	32.38	30.76	31.78	35.1	26.9	31.07
28.45	28.05	31.36	30.13	28.99	30.87	26.09	27.31
23.89	28.83	25.53	26.78	24.11	25.91	29.67	25.67
29.64	40.14	31.24	31.84	30.89	36.98	39.27	34.43
28.63	31.14	32.08	33.58	31.13	27.94	30.34	30.8
32	35.25	26.37	31.87	37.28	29.56	30.17	26.98
26.7	36.03	28.16	31.34	33.23	29.48	26.71	27.99
27.5	37.01	26.33	36.25	30	28.95	28.24	29.67
29.56	28.23	25.22	24.31	31.83	31.59	28.79	32.68
28.52	38.7	33	33.71	36.13	26.88	28.49	30.17
27.92	31.36	23.98	26.48	26.23	25.64	25.09	31.71
30.28	31.94	33.15	30.47	37.51	29.32	28.67	32.67
28.9	26.9	28.11	35.64	38.12	27.38	25.79	28.91
33.08	30.88	27.17	39.54	30.24	32.69	31.73	32.07
28.15	31.19	25.32	37.05	29.63	28.95	37.89	30.56
29.29	30.58	31	34.52	34.03	34.19	29.56	33.19
26.69	29.07	33.29	33.36	33.15	38.43	33.74	32.53
35.64	30.57	27.21	31.89	23.89	28.12	30.18	23.26
28.39	31.56	26.82	28	32.92	31.86	33.23	26.17
30.97	27.19	32.41	30.22	32.24	27.65	36.01	29.3
28.64	29.34	33.96	35.74	29.73	33.87	23.09	27.04
31.59	27.02	25.25	27.65	30.66	25.57	31.26	33.5
27.49	30.49	28.82	34.06	29.67	29.28	28.99	28.96
28.8	34.24	31.24	30.38	29.3	31.49	30.27	32.49
37.54	33.43	35.31	32.47	30.64	35.76	32.58	35.59
24.87	23.05	23.1	27.38	23.49	22.01	26.88	24
36.76	30.4	40.23	28.77	30.17	26.84	25.11	25.16
27.55	31.53	38.01	37.1	35.24	33.1	28.73	34.22
33.65	29.39	34.09	32.15	35.09	30.01	27.61	30.38
39.97	33.61	29.36	34.22	36.77	33.48	35.73	31.48
30.32	31.58	38.59	30.26	27.31	33.34	31.82	30.83
34.27	28.71	29.88	30.3	29.04	24.67	31.96	28.04
25.25	29.56	28.74	27.67	31.68	26.38	33.73	25.61
30.8	34.36	34.73	32.6	37.1	31.42	31.79	37.54
31.4	29.09	33.31	28.4	30.63	31.61	32.37	31.51
32.6	32.75	29.83	22.86	27.18	25.26	24.4	28.7
21.2	25.3	24.98	26.77	27.48	26.06	25.77	26.43
24.81	28.62	34.81	29.1	25.05	28.97	28.61	23.84
26.57	30.93	28.39	25.19	26.71	25.85	30.9	32.5
23.91	25.19	27.73	21.78	24.04	22.52	27.14	23.59
27.45	27.75	28.57	27.44	26.39	27.21	26.38	31.96
26.89	24.67	32.79	30.31	34.59	27.36	28.71	27.36
37.06	36.62	33.7	34.34	33.52	32.7	32.86	28.34
35.17	27.78	34.28	33.28	33.8	31.11	32.83	30.39
29.74	27.12	28.94	25.12	29.92	26.82	29.12	26.6
28.93	30.21	31.23	33.71	29.37	34.6	32.02	28.23
32.4	30.94	29.72	30.38	36.51	34.03	37.87	34.23
35.8	29.57	33.3	29.04	31.83	33.42	30.35	29.49
26.66	38.4	36.64	30.49	28.67	34.48	28.75	32.12
25.33	26.06	23.22	24.26	27.04	28.09	22.19	27.8
32.46	35.72	34	34.54	33.71	40.2	32.43	41.15
30.24	33.54	35.57	33.95	31.91	27.34	33.99	30.63
33.62	36.36	29.72	28.75	41.8	32.05	37.35	27.98
28.91	25.43	27.5	26.65	31.11	27.65	30.29	28.61
34.03	39.3	33.07	29.25	31.71	31.16	28.81	32.19
28	24.13	23.42	27.79	28.91	27.16	28	31.13
25.69	27.96	29.14	24.94	26.63	26.32	27.85	26.19
33.12	28.82	30.71	35.45	29.95	34.36	33.31	30.92
24.67	27.59	30.81	27.6	24.2	32.04	24.73	23.93
26.33	31.69	28.25	33.42	32.51	33.17	30.27	27.26
30.16	28.76	29.5	32.91	29.74	26.48	27.61	29.37
34.46	43.42	30.96	35.92	37.56	34.64	39.7	33.65
32.35	34.26	28.74	31.86	30.08	34.94	32.72	40.02
30.11	26.67	30.27	26.03	32.2	23.99	32.77	26.37
24.06	23.55	20.64	26.3	21.98	25.52	25.99	22.1
30.91	36.44	41.49	36.28	42.19	32.39	32.59	40.59
27.96	27.65	27.22	27.7	26.91	29.17	30.44	31.37
33.23	30.23	29.67	37.64	31.52	25.5	34.63	32.38
26.17	29.02	27.44	25.85	31.46	23.71	26.1	31.69
28.29	26.99	25.84	26.84	25.94	26.37	30.56	25.39
26.89	31.8	28.86	27.15	30.84	27.49	29.16	23.53
33.54	29.1	28.56	32.3	29.59	33.66	27.65	33.59
38.17	33.39	34.88	36.06	30.51	37.52	32.46	29.55
23.01	24.05	26.05	25.56	21.8	24.42	27.35	25.58
22.59	21.51	29.62	28.3	26.47	22.17	24.49	24.93
23.4	22.2	23.14	24.63	21.78	24.35	24.42	20.27
34.05	31.67	30.59	32.91	36.31	29.6	32.39	34.1
27.94	27.34	28.04	25.04	28.13	25.33	26.46	25.73
30.74	33.32	39.23	26.13	35.63	33.15	34.59	34.02
28	27.29	25.28	25.43	27.36	29.19	28.34	26.44
25.32	27.59	24.68	22.5	27.05	23.39	28.6	28.12
24.5	32.02	31.26	32.57	26.51	28.83	31.37	32.21
23.34	22.08	26.52	24.06	26.61	25.94	25.37	27.15
28.19	26.62	37.89	33.01	28.18	34.15	36.86	35.97
31.06	35.92	37.33	35.08	27.33	28.94	31.18	33.88
30.79	27.86	28.22	29.71	32.71	31.64	29.81	34.46
41.32	31.18	30.45	29.68	32.07	35.33	27.23	34.4
28.58	31.17	29.96	34.07	24.17	27.57	34.36	28.41
35.05	34.15	38.94	29.32	32.49	31.5	28.61	34.57
29.18	26.07	30.53	32.66	31.36	33.81	28.87	24.57
31.1	32.57	36.07	29.31	31.01	32.02	29.46	30.96
30.46	28.38	32.88	31.94	26.35	26.44	30.85	34.93
23.92	28.43	25.12	26.85	20.78	24.7	29.58	24.97
33.3	35.37	29.48	29.46	34.5	28.6	28.02	33.82
33.13	31.6	27.95	30.66	25.07	33.84	26.28	26.05
28.24	25.12	27.77	26	29.61	29.23	30.47	28.9
27.65	28.72	25.85	31.77	24.17	27.13	28.66	23.6
31.38	31.6	24.04	30.19	27.95	31.49	31.52	29.39
37.79	32.64	30.31	28.56	27.31	32.95	32.52	32.21
34.82	25.62	38.77	30.99	26.27	31.04	37.9	30.61
25.23	31.62	36.58	30.34	32.65	33.69	30.04	33.78
24.98	29.79	24.27	25.31	30.43	26.27	28.1	24.17
28.72	24.91	22.12	30.8	26.27	26.17	24.27	28.77
30.02	30.12	29.94	23.8	23.61	27.99	25.55	28.53
28.07	28.38	33.92	26.6	30.56	28.88	28.2	23.71
35.12	35.5	32.57	34.98	32.05	42.06	36.56	35.32
29.11	26.56	25.35	27.13	31.38	28.38	26.87	32.73
34.7	24.89	28.19	28.13	33.59	29.27	27.19	31.5
28.65	31.85	33.13	31.82	28.59	30.37	25.86	25.71
27.65	30.74	30.92	27.82	30.45	28.91	24.44	28.72
31.52	24.9	24.63	23.86	27.95	26.25	28.81	28.37
32.1	35.46	31.39	32.33	29.25	35.34	31.35	29.78
27.76	32.6	30.17	33.02	29.81	28.02	24.57	30.32
30.66	24.99	26.78	27.53	27.78	26.3	24.91	27.74
23.02	23.2	24.14	24.35	22.74	23.24	19.6	25.71
30.67	24.38	31.58	37.01	30.65	28.59	33.99	31
29.71	35.29	25.02	32.14	28.9	30.63	35.54	30.57
34.7	30.54	30.3	29.35	26.69	33.42	30.03	30.96
32.22	27.3	29.52	27.74	39.45	32.68	29.66	30.01
30.29	30.73	22.75	30.49	31.78	33.26	32.37	31.63
32.73	27.86	24.11	30.9	30.04	25.07	30.79	28.02
29.6	31.31	26.89	25.97	29.69	27.86	28.01	28.84
28.38	31.55	29.06	28.6	32.43	25.3	28.99	31.92
32.66	39.61	27.34	28.4	30.2	26.94	35.6	29.02
25.59	27.48	32.59	26.89	30.3	25.18	33.98	21.41
31.92	42.44	35.24	38.23	38.35	37.37	38.03	38.2
30.4	37.44	38.88	29.93	36.55	29.89	29.63	35.86
30.1	30.13	29.96	28.23	31.73	29.09	29.79	25.48
25.22	26.08	21.32	26.03	25.68	26.37	23.08	25.97
27.58	25.9	25.1	29.64	28.87	27.51	35.89	30.57
34.72	26.07	30.47	29.28	28.32	32.96	35.74	33.65
40.03	34.45	32.84	28.97	31.75	32.68	31.94	24.99
26.85	31.06	30.88	30.67	26.79	34.34	36.23	30.48
29.21	29.71	31.03	23.74	29.64	25.92	30.35	28.21
33.74	24.74	32.94	25.97	29.04	27.57	29.3	32.85
23.23	25.08	32.16	30.01	27.83	27.14	24.93	28.76
30.13	25.76	31.63	33.23	30.74	30.56	33.43	39.84
27.95	23.15	23.92	24.65	26.9	25.04	25.86	28.22
33.35	34.3	29.56	25.71	26.88	26.03	30.54	27.17
34.83	30.5	34.78	30.32	40.87	30.18	30.75	33.12
41.39	42.66	31.51	33.27	34.62	36.45	31.87	32.34
31.67	32.84	32.29	34.47	28.62	38.62	36.88	34.28
28.88	31.6	34.05	34.16	33.78	35.05	33.87	30.33
32	23.38	30.25	29.12	29.39	30.98	26.8	27.65
32.16	27.67	35.58	27.88	26.53	34.86	32.34	34.55
28.36	29.04	31.43	31.57	25.91	27.99	30.21	33.12
33.27	35.79	37.88	40.22	43.45	42.96	41.26	37.81
27.21	25.99	26.71	31.25	35.1	26.24	29.72	28.67
41.85	37.9	32.33	38.43	37.63	41.61	34.75	32.38
26.57	29.6	26.46	30.21	35.07	33.81	27.99	32.83
28.6	25.97	26.42	29.45	25.7	24.68	29.81	29.55
22.38	27.05	34.68	29.17	23.81	35.44	25.11	24.56
28.87	32.4	28.48	28.95	28.3	31.82	30.44	33.18
30.91	35.53	34.34	34.66	34.19	36.97	35.61	35.78
32.39	32.23	25.49	32.74	37.06	33.69	31.6	37.34
29.84	31.66	31.46	34.95	32.53	32.68	26.84	35.91
30.65	34.43	31.83	34.21	25.9	28.33	28.3	29.83
26.71	29.52	25.09	27.37	24.72	30.19	26.27	25.66
34.03	26.87	29.81	27.44	26.69	28.45	27.9	29.77
23.24	20.76	24.41	26.9	26.89	23.25	28.13	22.15
26.89	27.47	23.96	26.88	30.58	23.99	30.3	30.08
35.43	28.4	29.51	34.35	36.86	32.57	32.48	32.22
28.69	28.29	32.5	32.77	25.71	28.53	29.43	27.15
23.78	24.6	23.55	28.58	20.08	23.5	28.19	27.99
27.06	32.64	35.79	32.78	30.47	30.71	28.52	33.47
31.03	26.29	27.52	27.91	26.76	29.02	19.3	23.97
35.12	34.77	29.71	29.56	29.94	29.21	33.58	29.98
23.59	31.9	31.32	27.48	27.78	32.59	36.39	31.36
25.86	28.92	29.54	31.08	28.59	30.3	29.97	30.21
28.74	25.09	29.38	26.38	29.68	30.78	30.56	30.46
35.87	32.58	36.17	30.37	31.45	36.91	38.69	36.8
25.05	24.51	26.85	24.07	26.99	29.75	25.56	24.4
30.37	31.18	29.36	24.25	27.1	30.05	29.82	23.56
36.21	35.63	29.05	36.69	31.1	31	29.06	35.1
25.91	23.21	24.72	24.52	28.28	21.49	25.34	26.55
34.08	32.93	34.12	40	36.67	36.24	28.43	38.86
22.42	23.32	28.08	21.23	25.38	23.81	27.27	24.55
33.14	30.54	30.81	32.87	31.95	31.67	28.47	32.11
27.71	32.13	27.93	28.66	27.14	26.94	28.01	25.3
31.1	31.46	28.81	30.91	31.84	33.97	32.65	34.52
31.35	28.03	33.09	32.69	35.57	31.07	32.88	30.86
24.26	25.52	25.85	27.76	33.18	31.07	25.32	26.49
30.24	30.35	30.05	24.64	25.52	30.34	27.01	27.21
35.79	30.8	38.7	28.91	35.9	32.46	33.59	33.89
33.21	26.7	30.84	33.42	27.46	25.36	25.72	27.35
29.86	42.02	33.72	34.54	32.81	32.2	33.05	33.19
28.21	32.07	31.76	33.4	34.9	34.46	29.77	32.74
38.4	35.79	43.04	33.6	35.1	32.66	42.05	32.73
34.07	33.65	38.73	27.46	30	34.28	39.77	30.65
29.62	27.12	32.91	32.36	33.98	30.88	33.23	33.7
29.27	28.54	29.42	34.43	29.56	32.21	28.88	27.39
36.86	37.12	25.29	40.69	41.82	33.77	38.42	30.29
27.36	25.12	27.16	28.31	23.96	23.26	30.46	22.24
25.18	24.17	25.33	27.48	30.4	21.52	28.69	24.64
28.52	30.59	32.86	36.31	44.6	35.39	39.21	37.76
37.43	31.66	36.61	29.36	36.23	30.39	35.93	34.27
33.57	35.26	32.93	33.83	34.21	25.79	31.16	38.11
35.71	30.65	27.89	26.94	29.42	30.76	25.7	25.53
36.84	31.23	35.36	31.24	34.72	31.99	29.44	30.13
31.22	30.41	30.32	37.84	27.71	33.4	35.83	33.26
30.12	34.88	37.54	32.96	40.45	37.69	35.05	33.13
29.62	23.78	27.31	23.86	23.25	29.74	25.71	27.08
27.44	24.3	22.86	24.84	24.74	28.55	23.75	25.67
28.33	30.26	32.07	30.45	27.35	31.95	26.02	24.98
29.59	30.71	27.87	27.21	29.74	29.75	30.95	28.75
24.49	28.71	25.08	30.92	27.52	25.91	29.32	21.04
35.43	31.47	28.87	29.19	26.19	27.99	36.53	26.74
33.44	34.75	34.59	31.46	32.31	36.62	36.31	32.52
30.51	22.55	29.08	26.29	31.53	34.89	28.15	26.84
25.57	29.66	24.88	29.5	29.06	32.86	26.7	28.55
26.73	26.6	29.13	25.02	25.28	32.46	24.45	33.6
27.43	33.29	27	27.35	28.2	31.97	28.94	28.26
36.02	29.82	35.48	40.26	32.91	31.33	34.86	40.9
36.48	31.34	34.96	35.63	43.76	32.27	35.03	29.26
26.13	24.38	24.88	22.09	24.97	28.18	22.91	24.8
29.07	29.3	29.13	27.46	21.97	24.41	26.07	27.79
32.52	37.28	29.7	32.47	32.65	29.5	38.22	28.69
49.76	42.2	40.12	45.45	38.89	44.03	48.66	42.1
26.7	33.51	28.3	27.24	34.49	33.48	31.53	31.08
37.31	36.39	32.72	37.83	39.12	30.89	31.19	29.92
35.29	33.2	29.68	35.3	30.7	35.19	28.61	35.61
36.53	30.06	31.24	34.71	34.06	25.18	28.76	27.85
31.85	32.9	29.79	32.58	33.5	28.92	31.47	31.84
27.3	25.48	31.68	25.67	24.96	23.13	23.21	26.95
22.52	16.93	21.74	26.13	19.17	20.52	21.15	22.1
31.63	36.72	38.56	30.83	29.7	35.81	27.37	36.56
25.61	27.89	29.04	24.98	27.49	28.24	31.32	23.97
25.71	30.7	28.76	26.59	27.06	27.64	32.81	27.4
26.68	29.53	27.8	27.59	26.55	25.89	30.44	32.12
26.33	38.73	34.19	32.06	29.03	29.57	28.91	29.28
32.46	33.78	30.68	30.31	31.83	30.59	26.95	28.92
33.43	32.82	36.18	29.32	29.67	34.66	39.93	38.06
25.14	27.72	32.23	31.46	26.39	32.44	26.09	28.45
29	26.88	31.34	23.23	29.81	28.25	23.71	26.81
33.28	31.48	37.27	38.13	42.31	34.69	34.05	36.37
26.89	23.54	27.89	32.52	26.84	29.28	26.16	30.36
26.8	31.47	27.91	31.99	29.01	34.41	33.2	32.75
25.07	31.48	24.38	25.41	28.79	26.94	25.61	30.68
37.74	39.19	39.69	38.14	35.66	37.25	37.35	35.26
27.48	22.84	33.09	28.13	32.64	25.66	29.59	34.56
27.28	26.93	25.71	33.4	32.55	24.44	24.67	24.64
27.18	27.82	26.9	23.65	25.53	17.51	24.52	32.13
33.2	32.54	31.37	45.16	40.5	30.63	36.14	35.29
24.9	32.28	31.56	30.28	32.92	28.06	38.27	36.54
30.23	31.76	30.29	32.08	29.21	26.55	30.86	31.02
31	24.78	27.08	27.35	27.55	29.13	32.47	28.59
29.53	27.76	30.44	25.68	33.61	30.9	25.5	30.86
32.44	28.66	30.71	32.65	30.54	24.93	27.05	26.5
26.75	23.78	29.02	26.35	28.78	27.23	25.08	28.5
25.9	22.73	26.36	22.23	27.53	24.71	25.36	36.33
28.38	31.07	28.05	21.48	23.09	24.56	23.86	20.7
29.13	26.66	29.3	27.82	28.63	27.99	32.6	32.8
24.73	32.69	25.43	29.24	29.5	29.2	28.65	24.92
34.84	41.5	35.6	28.84	32.58	32.79	37.26	33.78
24.01	27.81	27.3	28.54	25.73	21.52	23.31	24.64
27.8	25.11	29.22	31.17	34.23	23.25	23.27	29.44
28.16	30.72	29.17	29.47	34.96	40.18	36.13	36.58
29.39	29.2	31.9	29.55	27.03	28.24	27.47	34.83
25.86	31.93	26.08	26.23	24.06	25.6	28.2	22.83
32.48	26	32.56	26.64	30.27	30.7	33.58	28.33
34.33	31.49	30.98	30.77	34.11	29.59	27.01	27.7
29.3	30.76	37.26	30.4	39.46	30.34	26.15	34.48
30.29	28.46	24.87	30.87	29.14	30.3	28.92	35.17
26.96	27.16	28.78	24.87	22.65	24.28	26.5	24.22
32.17	31.44	33.24	29.53	30.09	37.44	35.49	34.77
22.9	23.85	24.53	29.08	24.77	23.98	22.97	25.07
31.33	34.04	37.51	33.59	36.41	27.79	31.18	32.39
24.09	24.64	27.59	29.85	27.93	29.72	26.57	28.48
29.51	27	26.24	25.36	28.12	32.21	28.05	28.47
30.14	27.99	30	27.12	29.55	24.85	33.12	28.17
23.96	34.36	26.4	26.67	30.75	34.48	30.41	31.57
33.1	37.03	29.65	35.13	33.56	39.75	35.65	35.85
30.73	31.64	31.14	35.75	30.2	31.44	33.32	34.21
27.55	25.62	23.98	22.18	27.94	28.66	30.02	28.51
34.35	30.37	23.35	27.41	26.94	25.72	27.4	28.17
31.92	36.58	34.54	32.85	34.64	24.77	31.94	32.44
23.23	26.22	22.1	29.11	26.57	27.06	24.4	26.23
30.44	31.66	26.15	29.91	26.08	29.04	33.92	29.44
27.05	33.83	36.58	31.97	28.97	31.45	33.23	30.91
39.41	31.04	34.71	34.96	31.71	34.98	36.2	34.84
28.75	29.38	31.52	30.07	34.41	35.16	31.33	33.65
31.4	31.37	32.22	28.35	29.71	30.92	31.91	25.96
35.46	36.27	34.02	37.96	32.06	34.01	33.78	32.95
27.07	28.72	25.31	28.35	30.8	30.83	28.35	26.95
26.72	28.75	27.36	24.43	26.45	27.06	28.41	26.41
32.89	28.96	27.82	25.61	28.43	28.95	24.01	31.05
34.55	38.02	34.88	31.44	28.86	27.38	32.23	31.34
32.96	25.24	35.73	31.62	25.91	26.11	30.49	31.76
25.79	33.91	29.35	28.92	30.75	31.55	31.78	26.76
23.91	21.39	28.08	23.06	28.31	25.87	27.15	21.38
23.08	30.99	29.14	24.83	28.42	27.74	32.19	26.34
26.83	25.78	30.21	33.3	30.81	29.02	31.62	33.08
28.04	29.8	24	24.37	26.37	24.27	29.83	23.85
31.31	31.83	32.77	34.05	25.76	32.98	29.49	29.78
35.11	34.72	36.99	33.31	38.85	34.67	37.04	33
29.74	25.65	28.07	27.19	26.62	25.16	23.96	27.1
24.76	26.55	26.23	25.99	25.66	25.02	25.28	22.26
27	28.68	29.58	25.75	26.84	23.06	24.27	19.87
32.05	30.47	38.03	33.28	39.91	34.11	31.46	33.9
33.72	30.22	32.8	37.21	31.81	31.14	40.07	34.71
30.22	29.02	34.12	28.43	29.98	27.39	34.41	33.29
28.31	26.31	23.83	24.29	27.75	24.33	26.21	26.68
27.93	24.74	27.57	27.74	27.25	30.23	27.02	26.76
23.64	30.39	26.45	25.78	28.67	28.95	26.3	25.87
26.11	27.44	31.67	28.72	24.83	27.29	29.9	30.36
30.33	25.42	30.31	29.31	33.15	23.52	28.25	29.66
32.1	28.33	39.91	33.53	32.38	31	34.28	31.34
28.46	26.04	24.65	30.29	28.04	31.58	33.11	36.78
26.79	25.59	25.95	29.87	25.27	31.46	31.18	27.61
36.26	36.58	36.22	31.17	32.83	33.32	36.97	40.08
22.54	31.28	30.7	22.84	26.76	30.84	25.62	25.9
27.74	32.07	30.26	26.08	31.37	30.84	36.59	33.09
33.44	36.78	32.58	39.13	31.74	37.13	36.65	33.13
26.5	30	33.42	33.27	30.34	33.08	25.7	32.08
25.59	28.95	25.59	25.79	32.04	27.9	27.86	25.64
39.19	34.53	32.38	32.23	42.51	36.52	40.11	34.08
25.69	25.02	25.94	32.15	30.94	27.63	26.96	28.64
29.87	32.48	33.73	25.78	32.37	31.14	33.56	30.77
25.69	26.72	25.96	25.47	26.28	28.66	23.92	22.92
27.96	21.65	31.35	28.48	25.18	22.51	23.66	26.59
31.94	34.16	33.81	36.08	32.51	35.82	32.37	37.54
30.4	28.99	33.87	26.54	24.77	28.84	26.74	32.7
36.32	33.27	33.01	36.17	31.74	33.14	34.77	32.08
30.03	35.5	33.73	30.58	34.64	27.15	32.57	33.27
32.34	30	28.27	29.75	29.89	31.34	28.94	26.78
27.85	29.79	23.57	23.86	24.09	21.82	31.16	21.1
28.27	22.09	29.04	31.63	23	26.42	28.36	28.23
26.57	25.98	29.71	29.41	24.29	27.61	25.64	24.34
32.77	32.49	28.75	26.92	32.12	33.01	24.65	26.71
23.55	29.73	29.26	30.28	29.22	28.13	34.23	24.94
32.74	27.34	30.83	27.74	25.7	33.67	24.88	28.29
34.93	28.87	24.46	25.74	29.27	37.98	27.96	26.34
33.73	34.1	34.92	39.83	39.99	35.07	29.85	32.36
23.04	25.72	28.82	28.04	31.04	30.04	29.02	25.91
30.45	36.1	32.18	36.34	35.4	30.98	33.88	37.28
37.81	35.22	41.02	37.22	44.94	38.46	37.03	40.66
30.38	34.2	31.86	33.02	24.27	37.2	35.01	29.62
36.37	36.67	33.29	32.29	38.9	33.37	29.34	32.32
26.97	26.23	30.11	29.76	31.55	35.4	31.07	30.43
29.75	36.23	31.63	29.41	31.01	33.32	29.09	31.32
32.59	36.68	33.97	36.14	34.06	34.55	30.88	30.23
30.54	31.49	29.37	28.36	31.55	26.94	33.06	29.25
24.92	24.13	31.7	21.38	24.98	27.53	28.96	25.54
30.5	35.31	31.73	31.34	31.15	29.18	34.37	32.33
36.1	35.28	35.75	33.79	36.69	35.05	35.22	33.44
33.89	28.52	26.94	29.45	33.15	29.83	37.39	31.85
31.29	32.42	26.94	26.56	26.92	27.62	25.67	27.97
26.24	30.89	28.64	34.28	29.42	34.38	25.26	28.3
37.01	24.84	30.85	28.07	28.15	28.81	24.84	28.22
25.71	25.21	22.98	25.1	25.04	23.44	21.46	27.37
30.84	23.82	30.61	30.45	27.02	32.23	28.03	26.71
28.88	30.68	26.42	31.72	22.45	27.25	22.46	25.27
40.61	30.46	39.67	33.34	41.98	39.54	34.15	35.96
33	29.63	29.85	35.11	32.49	36.14	28.34	34.33
29.71	37.43	33.51	31.89	33.59	30.48	25.76	31.67
29.8	19.36	21.9	22.26	23.62	22.03	23.09	23.54
27.31	29.24	28.88	29.99	29.08	28.08	24.27	31.42
30.14	34.59	30.77	37.94	36.48	35.24	37.79	34.4
28.63	31.41	23.67	29.09	27.63	25.79	24.68	26.3
34.91	31.05	34.44	26.32	31.31	34.31	27.29	32.76
30.67	28.95	32.95	27.55	31.9	30.58	32.28	29.28
31.6	37.99	32.74	30.02	31.28	32.01	27.1	27.08
26.67	26.72	28.65	27.92	23.54	27.71	20.1	20.35
32.35	30.81	34.92	29.82	31.28	30.14	29.88	27.37
38.12	35.13	35.01	32.3	36.13	29.61	33.53	30.67
27.63	26.01	26.36	26.26	27.83	24.83	30.18	26.49
31.18	29.51	26.86	35.54	30.15	31.89	31.89	30.75
30.14	28.69	22.76	27.64	22.84	28.16	27.18	30.29
30.93	31.65	31.56	31.94	32.26	36.29	31.72	29.23
30.31	24.95	28.95	26.83	28.64	24.07	30.7	30.1
26.43	27.44	25.85	26.1	29.79	29.1	26.14	27.97
34.23	34.13	29.08	28.68	39.01	36.1	33.64	36.94
26.24	28.29	28.42	29.13	36.21	29.88	32.5	33.65
24.26	32.44	30.04	28.68	29.41	27.8	25.51	27.07
28.5	26.57	29.24	33.08	27.45	36.78	37.36	34.17
27.49	28.4	29.6	28.63	27.37	29.34	27.39	24.33
30.13	28.08	27.88	30.04	29.14	28.16	33.7	27.33
33.11	30.95	27.5	30.52	26.84	34.2	38.1	31.4
32.13	31.57	32.24	26.23	28.42	30.74	31.4	24.86
30.15	28.02	29.29	29.87	27.25	28.96	23.69	25.03
32.44	35.27	32.91	30.79	30.97	40.25	29.16	34.13
31.48	25.71	32.87	26.24	32.79	23.07	31.52	29.49
35.83	29.42	26.58	38.07	28.14	28.11	37.12	27.73
33.35	31.35	37.35	30.82	27.51	33.4	28.73	28.87
27.81	29.62	27.27	29.09	23.19	25.28	25.27	28.6
33.86	31.89	29.96	30.84	29.31	32.3	28.61	30.59
34.2	31.66	31.85	27.58	27.59	37.9	34.06	28.29
31.6	27.41	28.06	27.42	32.27	31.15	31.65	30.41
31.88	28.36	25.36	29.5	30.23	28.04	25.48	30.55
28.09	31.83	31.34	34.89	29.99	31.15	32.78	25.76
33.92	34.92	35.54	28.66	28.81	26.1	28.97	31.33
22.97	29.53	29.27	26.19	24.6	27.36	25.34	26.92
28.16	33	37.84	33.61	34.04	35.08	39.69	37.15
34.67	32.69	29.03	32.33	33.94	28.9	32.28	41.09
32.87	35.02	35.32	39.28	34.66	35.58	31.99	32.58
24.27	31.49	27.19	29.84	25.74	21.83	24.65	22.28
25.08	25.2	31.13	25.49	26.72	27.71	29.53	27.66
29.59	29.58	26.49	25.46	25.99	25.25	28.47	26.45
28.95	28.56	33	30.92	30.01	32.65	29.13	35.49
23.85	26.03	27.74	27.8	30.64	28.9	27.48	27.3
25.61	33.57	34.16	29.44	37.52	31.64	30.93	34.73
25.13	27.21	27	25.29	32.42	28.25	33.09	24.86
30.69	29.41	36.92	32.59	30.45	30.76	31.4	29.05
30.94	26.88	29.62	24.76	24.56	32.37	30.45	26.4
26.39	32.46	27.31	27.36	27.73	29.99	30.75	25.1
27.67	35.19	27.66	30.89	25.2	28.97	28.92	28.23
26.14	29.16	29.15	30.48	30.45	26.15	29.58	28.69
34.65	33.45	30.79	33.03	29.09	38.97	34.88	37.69
33.64	35.56	36.22	31.25	39.21	39.02	31.78	29.16
29.8	30.38	37.07	35.89	31.79	32.39	23.68	28.54
30.43	25.16	24.35	28.07	24.49	26.98	27.94	24.46
26.14	28.21	25.15	29.25	29.51	28.48	25.1	26.89
25.71	30.08	28.08	27.32	26.62	23.68	30.16	24.92
30.83	33.67	30.13	30.46	26.39	32.88	31.2	30.89
30.78	36.78	29.81	26.13	31.42	29.53	28.71	29.29
26.92	32.63	23.34	25.31	24.95	25.05	31.71	26.54
30.26	28.02	25.21	27.73	25.18	22.08	24.5	27.72
31.32	30.1	28.28	39.41	30.32	32.91	27.69	32.9
29.04	26.12	27.9	27.42	26.56	29.11	27.98	33.35
34.48	28.85	31.35	29.92	33.09	32.04	36.57	37.22
28.1	32.29	37.95	30.36	36.46	22.6	32.04	28.73
27.48	29.05	26.8	28.39	30.01	24.78	24.67	22.92
26.85	28.75	32.36	29.67	29.8	29.78	25.24	24.94
24.15	29.29	25.58	27.93	26.42	23.2	22.22	25.21
30.22	28.48	38.39	27.7	28.46	27.53	29.66	33.66
36.05	42.27	34.38	37.89	26.65	36.11	36.11	33.21
29.84	28.16	32.32	28.45	32.68	35.34	29.93	33.63
29.25	30	22.7	25.05	26.66	28.87	26.45	24.04
34.8	26.22	29.31	29.04	29.65	32.06	27.82	32.47
29.63	28.12	34.44	31.95	27.29	31.22	29.95	26.52
25.55	28.03	23.71	22.89	29.86	20.4	26.7	23.81
31.75	41.04	37.17	34.23	32.2	29.8	33.23	32.47
30.09	34.77	31.7	33.23	26.61	32.47	27.96	27.87
30.08	27.71	34.1	33.6	43.24	30.52	30.57	35.54
26.24	29.28	22.91	29.53	24.39	27.08	23.87	24.21
30.07	28.93	24.2	27.8	31.76	28.96	22.31	31.47
31.79	29.69	32.99	36.59	32.88	29.31	28.9	32.33
28.2	29.07	29.39	25.16	26.83	30.61	29.59	29.22
29.86	27.79	38.92	30.39	26.12	30.21	29.93	30.07
34.01	27.64	31.45	33.25	29.59	32.7	33.5	30.07
26.6	27.86	26.81	25.92	33.81	36.08	32.12	25.77
31.93	33.46	31.24	30.01	23.16	33.95	36.07	34.43
32.8	35.85	35.54	30.91	29.87	30.37	33.05	29.54
31.49	29.37	36.05	32.64	32.55	27.25	34.29	38.4
33.31	30.11	29.16	34.35	25.77	33.78	32.4	32.71
30.65	31.39	29.92	29.03	29.42	27.48	29.82	30.24
29.54	30.46	33.01	34.15	32.68	29.43	27.16	34.27
36.92	33.94	30.15	32.64	28.79	32.73	32.57	27.19
24.65	23.97	25.09	30.86	26.42	27.96	26.81	28.51
31.34	35.56	32.42	36.64	39.63	34.78	44.63	33.83
26.46	32.82	25.43	29.81	29.4	25.18	27.15	32.05
36.24	28.42	27.13	25.79	29.44	30.05	24.44	25.35
31.65	35.24	34.92	33.3	27.54	30.16	31.84	26.06
22.38	27.41	27.42	24.12	22.22	22.22	27.8	23.15
23.98	21.99	23.45	25	26.26	26.73	22.92	22.19
28.54	30.79	28.25	32.01	30.81	31.62	28.43	32.12
26.19	25.07	31.41	23.87	29.06	23.15	21.55	22.52
27.04	30.1	27.56	25.46	34.8	32.33	29.61	29.24
31.84	32.63	24.47	29.79	27.59	31.75	29.08	23.47
23.79	28.4	30.29	31.06	33.55	30.22	29.07	31.15
35.01	42.01	29.87	34.14	30.82	39.18	34.29	40.19
27.55	29.65	27.6	30.27	31.11	26.49	25.42	26.26
23.94	23.74	27.79	24.22	29.16	28.49	32.37	25.93
31.13	30.57	28.64	26.47	25.45	25.59	30.48	27.83
35.17	32.06	29.82	28.26	35.02	32.77	36.57	34.09
28.19	27.16	27.19	32.25	30.84	31.29	33.93	36.57
34.12	26.83	34.95	34.98	37.33	33.54	24.36	32.09
30.82	29.94	29.67	33.14	31.16	29.52	30.66	29.83
28.31	26.45	26.12	27.11	29.24	25.25	32.64	27.64
30.45	28.59	31.35	35.57	29.08	26.94	29.22	33.98
31.66	35.23	34.03	31.05	27.93	34.99	31.64	25.11
29.3	30.15	26.46	29.09	28.66	30.02	27.68	30.06
34.16	34.47	35.32	38.06	36.25	32.03	34.34	35.93
29.23	27	26.79	24.44	25.05	29.23	23.4	29.16
29.72	30.75	30.73	29.33	32.23	30.7	25.94	32.73
23.05	27.48	29.08	34.43	30.8	30.7	33.38	25.45
26.65	26.55	23.51	21.91	26.76	25.12	26.72	25.06
32.32	29.03	24.02	31.4	26.45	23.02	31.88	24.89
27.86	23.24	27.34	29.5	28.27	26.16	23.79	30.49
29.72	29.51	30.63	27.38	29.72	25.57	28.09	30.75
23.16	22.57	25.83	29.02	26.35	27.21	32.82	27.5
27.65	29.46	28.84	31.44	33.47	29.84	36.12	29.57
31.75	24.2	30.31	29.93	31.62	27.45	26.51	29.4
34.76	33.23	32.66	38.1	32.59	29.18	34.57	37.69
28.41	28.14	28.45	29.26	28.99	28.46	29.18	34.42
25.52	25.87	25.23	25.88	21.92	29.13	21.94	25.43
29.46	35.09	26.54	32.13	30.03	31.06	28.69	30.23
33.05	31.6	33.01	30.86	34.16	32.61	32.75	28.03
29.01	38.58	36.84	42.18	32.56	39.26	40.87	35.49
33.38	36.54	32.12	30.32	27.41	30.28	34.3	33.41
33.39	30.38	27.18	32.33	35.04	32.38	32.94	36.69
29.94	26.84	33.04	33.53	26.09	26.57	26.6	29.64
21.7	26.53	26.14	24.2	24.34	25.84	28.36	26.47
29.93	35.72	33.43	27.34	30.25	31.02	36.91	33.15
32.31	31.95	26.6	31.8	28.54	32.89	31.67	31.04
32.24	36.89	32.59	30.09	28.56	36.24	29.39	35.17
24.03	23.29	27	22	26.4	28.24	26.85	23.99
25.5	22.7	27.48	24.78	24.39	25.73	24.29	26.21
26.25	27.17	32.13	29.47	30.59	32.19	30.02	27.81
30.67	34.94	30.97	30.21	29.93	31.46	36.25	38.22
31.25	30.77	30.4	33.21	32.96	33.41	32.63	29.29
34.69	32.07	37.99	31.02	36.46	31.42	38.98	39.58
36.75	29.32	37.92	32.92	33.92	35.21	35.14	34.1
31.84	33.73	32.06	31.58	32.9	29.7	37.5	31.58
28.36	33.14	31.8	28.18	33.2	31.5	25	30.55
37.37	39.75	33.8	34.14	30.74	37.42	33.68	36.27
23.86	31.31	24.6	26.68	26.64	35.14	34.3	24.83
26.29	27.81	24.97	29.35	28.58	23.74	24.2	25.01
25.04	29.97	31.03	30.89	25.68	24.29	25.51	26.36
29.7	31.92	29.51	29.57	28.42	29.55	29.83	30.62
37.03	40.01	34.86	30.93	32.94	36.67	32.6	35.74
31.73	28.64	40.39	40.87	27.02	30.22	34.81	36.31
21.7	28.46	24.99	28.79	26.47	30.8	27.04	30.37
27.86	24.3	24.51	30.58	27.15	23.97	22.77	28.45
30.71	26.84	30.48	32.95	39.06	30.23	30.6	32.85
36.76	34.22	36.11	31.31	38	40.67	39.05	35.43
38.41	30.71	29.01	33.37	36.78	33.59	34.67	34.89
29.78	30.69	26.98	32.99	29.56	26.57	30.03	29.24
35.5	30.75	28.14	29.69	32.41	35.34	28.38	32.96
25.15	30.56	29.04	32.51	28.12	35.42	31	29.57
34.53	27.78	29.89	27.31	30.83	28.52	27.91	31.2
28.36	26.67	27.92	28.65	28.51	26.56	32.09	29.21
35.93	34.05	33.38	29.66	42.47	38.37	29.89	34.24
33.09	32.35	32.77	26.08	32.67	29.98	28.57	26.54
33.96	31.86	32.79	32.77	31.68	31.05	28.08	30.8
27.43	31.65	28.06	26.27	27.18	31.33	25.76	27.68
25.63	27.93	26.91	23.56	34.03	28.76	26.72	25.01
32.52	29.57	28.13	30.83	30.45	35.36	37.85	25.52
26.01	25.17	24.47	25.94	24.41	22	22.77	27.97
28.66	26.55	38.42	31.68	33.73	33.67	27.93	26
33.8	29.12	30.66	34.48	33.45	27.93	32.95	31.06
28.66	29.01	29.53	33.08	26.86	26.49	28.8	26.21
37.84	33.25	32.35	28.33	29.92	33.92	31.29	33.83
28.17	27.47	29.7	36.04	35.8	30.34	34.38	34.49
32.93	29.45	31.2	32.26	30.11	29.71	29.79	32.19
35.95	33.67	28.24	33.8	32.6	28.76	32.25	33.69
30.68	27.58	26.73	33.43	29.67	32.87	27.65	31.59
28.75	24.43	31.7	30.85	23.3	27.45	29.43	33.19
32.84	35.33	34.07	36.17	34.95	38.74	36.61	35.26
27.26	28.14	23.48	25.8	26.89	22.43	27.33	25.47
37.95	27.34	28.63	28.78	31.1	32.6	28.69	28.22
26.66	25.55	28.94	30.94	31.95	28.82	31.93	27.81
33.66	22.27	33.19	29.21	28.07	23.11	31.6	27.98
32.03	28.61	27.78	26.47	31.02	30.99	27.55	23.54
43.27	32.84	30.62	33.84	32.92	25.43	34.42	32.27
24.22	24.25	29.57	28.84	29.75	29.02	26.89	27.68
33.38	31.13	29	33.73	27.57	33.09	31.38	27.62
30.87	27.87	26.15	33.51	33.35	30.01	27.65	28.39
24.65	27.07	27.01	25.48	25.42	25.48	29.44	22.13
32.53	26.89	30.11	25.39	25.93	30.69	29.64	32.06
36.54	36.58	31.38	35.27	29.79	32.9	28.65	32.07
28.1	28.12	30.75	25.59	27.54	28.47	26.37	33.8
31.03	26.01	29.45	30.43	34.09	28.9	33.52	32.82
25.94	34.79	31.35	31.07	29.71	30.54	36.78	26.89
31.15	34.43	24.36	30.64	36.12	25.83	27.53	30.1
26.56	30.33	25.82	32.44	29.62	31.36	31.28	33.84
34.4	29.03	36.23	30.42	32.63	37.6	31.93	33.57
24.01	25.16	28.77	20.97	27.47	23.21	24.25	23.67
26.27	22.54	26.73	23.04	30.84	29.48	21.74	29.99
33.57	35.32	34.03	29.54	28.14	36.03	26.16	31.64
28.51	29.03	24.66	30.79	26.61	28.23	30.81	26.14
31.45	25.44	32.65	33.15	27.53	29	28.01	30.27
27.04	24.01	31.52	32.71	30.36	32.27	25.88	27.24
25.66	25.42	32.52	32.85	29.43	32.96	32.1	32.23
27.74	29.2	33.69	33.25	33.53	33.09	33.21	28.97
29.3	29.12	30.7	31.67	23.87	30.37	29.23	33.01
27.42	32.92	30.35	36.09	30.22	29.48	27.25	30.51
28.62	30.19	29.12	29.56	29.17	32.3	34.69	28.28
30.5	29.09	28.51	32.98	33.29	28.72	30.17	33.63
29.8	29.48	23.72	29.66	27.3	29.54	30.56	26.38
24.81	24.85	27.16	26.58	22.98	29.97	24.38	25.36
36.93	24.54	32.04	29.87	33.88	26.33	32.05	31.9
38.9	35.17	33.78	35.77	34.52	31.59	46.23	32.86
26.99	28.94	30.26	26.04	27.25	30.5	34.64	34.25
34.19	29.5	41.32	34.85	34.56	33.44	31.15	28.69
34.02	23.3	28.02	31.18	26.89	29.69	28.71	23.26
42.42	33.84	35.36	39.17	39.07	35.15	38.48	41.5
27.87	28.43	25.23	23.08	24.24	28.98	25.99	25.2
28.93	28.34	30.02	31.14	36.1	26.89	33.58	30.71
29.77	29.15	27.49	33.45	31.51	30.38	30.13	32.1
33.72	34.37	34.27	37.58	32.85	38.75	31.89	33.76
24.13	29.14	28.73	32.57	29.87	27.96	25.87	28.76
28.85	33.16	30.67	25.61	27.9	29.71	28.03	29.62
29.61	29.21	29.93	27.07	26.61	26.17	26.06	31.16
29.32	30.63	29.6	28.41	27.77	24.63	25.07	30.8
30.79	33.67	27.61	36	26.96	27.61	30.53	34.96
30.75	33.62	34.2	34.97	31.43	35.83	33.2	30.12
27.36	34.67	31.36	35.29	33.79	39.74	33.46	38.65
29.3	26.85	29.51	24.94	28.26	26.55	25.85	22.38
31.91	32.39	29	22.8	25.63	26.75	34.37	28.49
30.02	33.81	31.29	37.59	32.12	33.59	40.98	37.4
24.14	34.47	33.65	32.18	30.24	25.52	33.25	27.04
22.87	23.07	24.95	26.6	23.5	30.35	27.58	30.81
25.62	30.27	24.44	27.37	31.98	30.73	32.42	24.18
31.66	28.73	34.45	28.52	25.29	29.75	32.69	32.56
32.09	23.35	27.44	25.58	27.05	28.44	26.27	28.82
36.26	40.25	38.81	43.52	44.74	32.29	40.51	38.91
33.51	27.33	30.67	26.05	28.24	27.76	27.04	30.15
27.07	29.37	26.62	30.45	31.81	31.09	24.51	23.34
25.76	35.55	31.78	34.74	24.47	31.4	29	25.23
28.36	33.59	34.27	27.71	31.58	31.64	27.24	27.72
32.86	37.23	25.45	31.91	39.67	37.56	25.7	30.65
30.98	38.41	34.45	29.04	30.57	39.59	31.98	37.39
28.31	29.92	25.29	24.64	28.25	21.67	24.82	26.7
26.31	27.69	18.85	23.69	23.22	27.39	22.88	22.97
34.66	39.68	34.96	37.89	33.22	34.68	36.37	33.26
27.74	30.52	30.44	30.03	28	33.39	26.41	27.26
22.25	27.22	30.62	34.27	27.6	29.64	26.66	27.74
30.96	34.46	33.37	31.54	29.2	32.75	37.29	33
32.9	34.12	29.7	29.74	34.61	28.56	30.2	32.04
29.36	29.35	28.52	29.76	30.1	26.82	34.78	34.58
23.95	28.64	26.4	27.54	26.87	22.42	24.93	26.97
32.14	28.67	27.76	27.13	27.35	29.5	31.38	31.89
33.96	30.6	30.69	29.27	30.96	28.33	32.65	27.65
30.29	30.38	32.9	30.31	35.03	35.26	30.78	33.88
21.52	21.66	20.12	21.77	21.74	24.68	24.57	20.79
29.42	35.92	25.33	32.69	28.52	31.62	27.06	30.85
27.9	37.4	31.38	37.02	38.03	33.01	32.42	33.38
25.74	28.92	24.39	29.03	21.44	28.15	38.9	27.06
25.42	29.45	26	24.41	31.41	31.52	24.84	32.12
31.83	25.13	26.17	28.07	20.81	22.8	23.76	28.85
25.28	27.28	24.02	28.71	25.28	26.79	28.74	21.76
27.03	24.77	21.8	22.38	25.47	22.44	24.12	19.26
