33.39	32.51	29.33	33.82	37.32	34.03	28.5	40.83
27.07	24.49	23.9	26.33	24.48	25.69	30.11	20.87
31.65	28.46	32.11	31.35	34.61	30.98	32.1	36.14
38.06	28.55	41.05	29.96	35.39	26.82	25.41	35.3
24.68	24.88	30.3	32.6	27.3	26.94	25.31	26.32
27.81	27.12	29.93	27.62	21.52	26.98	27.1	26.58
28.69	27.58	34.95	29.8	30.6	35.37	34.7	30.13
25.93	27.86	29.89	29.85	24.26	26.1	26.47	22.32
31.47	35.59	29.52	36.81	33.05	35.81	28	27.85
29.15	31.83	32.75	27.67	22.92	26.39	30.29	33.83
32.07	31.52	27.87	31.45	29.11	30.61	34.06	29.88
29.65	25.39	31.98	32.18	34.28	34.88	35.47	32.08
31.16	32.08	27.93	25.64	23.73	36.73	31.26	27.84
26.49	30.64	27.44	26.09	31.06	30.37	24.79	29.4
28.92	30.85	29.14	24.66	25.79	25.29	23.96	27.29
23.95	33.48	30.76	30.79	30.49	31.56	33.46	32.64
20.85	22.01	17.99	21.94	22.71	26.18	20.37	23.76
33.37	33.71	28	29.85	32.14	29.51	34.5	34.64
26.41	35.71	26.38	29.65	29.03	27.87	29.3	27.54
31.08	39.07	33.84	33	36.59	32.76	31.4	31.35
25.53	28.19	22.31	26.29	23.65	26.73	25.63	28.3
24.12	24.93	21.32	23.14	21.93	23.57	21.71	22.63
34.92	37.9	34.24	29.64	37.48	29.8	33.98	34.93
30.73	29.67	30.32	31.45	23.95	25.48	29.49	31.18
32.01	28.61	31.46	26.58	29.42	27.32	33.53	37.01
25.83	23.23	33.34	25.67	22.15	23.96	30.26	27.35
30.5	28.05	32.83	34.54	43.41	33.75	32.52	28.9
36.37	42.47	34.93	38.32	36.7	33.3	36.29	34.21
26.5	28.32	25.92	23.32	27.38	23.73	28.34	27.9
34.64	30.09	27.86	35.75	27.57	26.91	28.78	35.27
28.94	34.81	29.1	31.01	32.08	28.77	38.8	31.07
30.72	31.7	32.52	26.21	30.51	28.87	30.75	31.05
26.51	28.03	27.31	30.77	27.33	26.15	25.32	25.52
25.53	29.38	29.27	33.81	27.32	31.35	28.51	28.83
30.76	31.55	32.36	28.12	28.43	30.34	32.89	29.57
27.29	25.52	24.31	28.73	23.4	26.57	31.14	23.28
36.41	37.76	28.94	37.28	29.36	27.78	31.28	37.62
24.9	30.71	24.78	24.02	24.7	25.05	29.65	24.45
25.66	22.35	26.93	20.26	26.45	24.71	28.88	24.24
27.75	24.48	28.99	31.47	26.48	22.02	26.3	25.15
26.89	32.82	19	26.43	23.47	27.42	22.03	25.99
27.55	27.86	29.69	30.46	26.14	32.83	28.5	26.59
27.65	22.78	26.72	24.8	23.38	27.94	26.57	26.65
23.02	22.92	23.2	26.03	22.66	21.13	26.23	28.32
27.63	27.95	26.01	31.07	36.13	26.66	27.94	26.02
32.48	26.87	30.17	28.3	27.43	30.07	31.87	31.67
31.45	31.62	29.96	29.13	28.02	34.1	31.1	32.05
33.52	29.85	29.47	26.22	29.23	37.69	30.42	29.5
41.26	34.31	38.34	36.05	35.43	32.25	34.8	43.89
32.33	29.58	33.05	29.17	28.08	28.17	33.59	29.43
28.09	23.2	30.97	32.41	29.33	26.62	32.89	31.25
26.9	24.78	30.87	23.93	24.79	31.01	25.39	26.02
25.77	25.97	29.08	27.53	29.82	26.27	27.42	21.52
21	26.54	24.71	20.56	22.39	27.12	23.86	28.21
24.71	22.33	21.23	21.97	22.85	23.35	25.86	22.86
28.05	25.97	28.63	33.05	30.67	30.96	26.37	31.55
29.47	25.86	29.55	24.21	32.55	32.57	27.61	29.68
28.54	28.68	28.99	28.41	25.07	26.06	27.39	26.79
27.14	29.48	30.75	26.22	25.51	25.68	24.97	22.38
25.64	30.92	32.93	29.76	24.64	26.47	25.21	32.13
26.36	26.26	26.33	29.35	25.06	24.93	26.63	29.55
27.43	28.08	28.74	24.8	28.44	29.74	24.45	26.67
33.78	22.92	33.62	27.16	25.93	30.33	27.76	33.68
35.91	25.89	30.04	32.44	30.77	39.24	27.77	31.82
26.93	31.06	28.41	28.8	31.04	31.79	26.53	25
26.52	29.92	33.42	27.81	34.09	30.02	30.4	32.37
28.92	36.55	26.33	32.48	33.61	30.1	32.45	32.82
29.99	35.08	31.8	35.29	30.8	30.89	32.29	35.32
33.53	37.31	34.91	30.75	27.1	32.61	33.5	34.79
33.5	25.4	28.99	25.49	26.42	28.56	34.91	30.8
33.79	30.55	30.11	31.35	32.36	26.8	27.55	31.97
29.06	38.61	30.34	36.32	33.74	33.33	31.94	35.27
34.1	40.53	30.64	31.59	28.39	40.66	31.88	31.64
36.97	36.7	34.01	38.95	38.08	31.67	31.61	37
25.07	28.93	33.6	34.12	30.46	28.41	30.51	28.56
41.33	29.39	27.96	37.06	35.69	34.03	38.6	33.74
39.94	31.68	34.66	30.03	32.52	33.42	28.15	34.25
35.05	24.33	37.95	33.38	31.74	30.21	32.31	30.28
37.86	27.29	32.86	33.56	32.97	28.04	31.34	32.98
26.35	33.07	26.27	25.5	29.42	25.11	26.99	30.61
25.5	28.42	23.4	30.64	29.08	27.45	31.35	25.35
32.5	30.97	32.66	31.94	26.25	31.38	31.49	33.1
28.24	25.38	25.89	24.5	25.93	23.25	26.79	25.55
39.12	34.18	35.04	25.63	34.32	30.72	28.91	35.59
26.3	25.95	31.47	27.06	30.14	26.62	29.22	25.37
25.36	28.16	22.2	26.3	26.16	33.44	25.24	28.29
26.52	32.95	30.45	25.71	31.34	32.98	28.46	29.16
21.85	24.76	25.22	25.49	28.35	25.13	27.01	26
32.82	30.7	27.94	34.62	30.42	28.44	30.99	34.04
27.57	28.39	24.99	29.93	23.81	29.03	26.25	29.04
25.49	25.35	27.17	30.65	25.74	22.75	30.87	30.05
27.23	25.66	26.06	26.51	30.85	27.89	30.88	28.5
28.98	27.52	29.16	27.45	35.27	33.09	29.29	28.76
34.32	31.5	31.14	30.72	30.33	34.05	38.64	25.13
36.45	31.85	32.26	34.3	31.54	33.25	35.96	31.28
32.08	27.43	25.31	24.14	25.56	30.68	28.56	28.14
32.04	26.46	27.68	27.44	30.26	32.88	36.42	32.77
22.82	27.19	26.13	28.38	24.97	31.08	25.45	26.55
24.63	26.67	23.86	23.9	25.15	23.08	24.76	25.29
30.66	33.48	29.9	28.77	30.54	27.19	34.95	33.38
31.93	25.39	26.55	30.25	34.11	27.42	31.89	25.93
22.5	35.43	29.38	36.51	34.33	31.51	33.82	27.6
30.48	28.24	27.19	28.73	37.36	30.65	25.69	32.64
37.26	31.25	31.68	30.28	31.18	35.75	32.37	26.76
27.37	37.11	33.95	31.41	28.72	30.09	34.26	36.75
34.58	30.19	31.66	29.3	33.96	29.78	40.56	31.8
29.41	24.03	26.59	23.58	24.82	26.48	26.89	24.77
31.95	24.49	27.01	26.3	28.99	28.03	26.17	26.46
27.23	27.97	31.95	31.78	33.78	32.85	30.59	29.87
37.49	43.58	27.26	41.72	31.96	37.62	37.6	33.67
34.23	36.47	41.03	34.38	35.1	29.74	36.22	36.15
26.06	32.13	30.01	22.14	21.36	29.3	27.11	26.43
33.22	31.25	27.33	25.5	26.16	30.71	24.62	28.9
33.33	28.73	29.42	31.85	31.43	30.9	30.39	36.38
26.27	28.67	25.41	24.48	26.73	22.31	27.6	30.74
24.25	28.6	25.57	26.98	26.17	30.13	27.65	25.62
27.51	28.1	29.94	28.9	27.04	29.33	29.47	25.52
36.15	36.38	37.2	33.66	28.69	32.8	28.75	26.16
30.57	30.11	26.9	26.48	29.13	31.12	28.21	28.24
27.14	30.38	30.13	27.6	28.31	28.06	35.04	32.05
34.79	39.77	33.58	37.49	35.57	34.83	35.96	34.58
23.69	23.61	22.38	23.74	32.63	30.96	27.41	28.15
23.69	25.37	25.67	29.02	29.63	27.91	31.78	21.74
28.3	31.37	38.93	38.86	34.37	29.88	29.75	39.25
24.94	27.89	24.12	28.33	22.93	20.8	23.07	27.78
28.71	32.41	32.1	33.4	28.91	27.61	31.29	40.51
33.71	34.8	29.25	29.49	30.79	31.84	31.26	31.13
26.89	30.29	29.77	25.76	23.32	28.16	24.99	31.85
26.68	32.4	30.18	32.7	30.16	29.29	36.17	31.88
29.49	27.26	30.64	24.19	25.23	22.15	25.81	25.77
30.93	35.9	30.23	35.51	37.12	30.48	32.61	36.13
36.89	31.92	31.63	35.35	39.94	37.98	36.23	40.67
33.42	29.32	30.74	34.99	33.24	28.02	31.45	31.61
34.83	30.7	25.73	32.12	27.16	32.5	29.67	31.23
24.73	25.31	28.23	24.24	26.23	27.85	32.28	23.12
29.68	30.61	31.69	37.39	26.3	32.08	33.97	33.54
30.39	28.54	31.73	30.37	31.72	32.73	23.54	27.64
21.68	26.28	25.33	20.92	26	26.49	22.87	20.99
29.95	31.47	26.48	26.8	26.75	25.46	26.28	25.54
30.84	28.24	35.9	32.39	34.63	32.89	31.81	31.48
34.85	30.17	33.78	31.45	35.02	25.66	33	28.98
25.49	28.8	26.75	27.17	27.55	22.72	26.22	26.49
30.31	34.02	30.88	29.75	35.32	28.24	26.8	29.97
31.66	28.09	31.77	30.13	32.7	30.75	27.11	30.14
24.21	18.4	24.97	25.68	25.65	27.47	28.97	27.91
32.43	26.68	27.67	32.62	32.83	33.11	35.52	28.22
22	23.93	22.18	23.78	25.79	22.99	25.6	25.29
25.28	23.75	31.15	30.29	27.64	25.47	27.35	27.75
27.47	33.99	27.74	30.27	30.79	30.78	30.52	30.12
29.08	27.64	28.28	28.77	27.21	25.91	29.56	30.12
40.07	33.28	32.69	33.24	36.73	32.3	35.78	34.02
29.63	31.21	32.74	24.75	25.52	30.01	28.21	29.79
21.72	23.44	20.08	23.21	20.04	28.1	26.48	24.22
33.46	31.87	26.04	26.97	30.58	29.97	32.11	30.38
51.01	41.67	36.16	36.45	42.19	37.51	33.11	43.18
30.14	24.03	27.93	37.78	25.82	23.95	27.11	23.41
39.41	29.61	39.61	28.35	31.28	36.01	32.15	30.54
28.35	25.11	31.28	27.13	29.03	32.49	29.99	28.05
25.35	29.2	24.05	24.14	30.8	26.75	22.93	27.85
30.74	27.78	25.79	31.49	26.78	30.41	30	28.87
28.89	32.16	32.12	27.84	29.55	28.72	31.72	30.82
26.97	26	28.07	33.47	32.65	27.3	31.99	30.23
23.71	20.34	25.22	24.23	23.98	23.35	24.41	28.98
33.28	31.95	20.98	21.29	26.72	24.28	31.63	28.83
26.41	26.37	30.3	28.44	32.29	30.42	27.91	27.15
28.56	32.37	34.56	34.09	33.47	27.97	31.79	33.25
37.89	31.32	41.17	37.04	34.04	37.4	35.56	31.63
24.29	28.06	25.56	31.38	24.15	24.69	21.45	24.73
29.17	32.89	30.56	35.08	43.43	37.16	32.6	32.42
29.43	35.18	36.75	31.64	31.66	34.4	35.03	32.47
25.94	29.74	28.31	34.35	28.62	26.45	29.64	30.09
33.71	28.02	30.77	28.61	27.37	29.44	33.28	31.23
28.01	24.02	25.13	29.6	28.41	29.83	24.45	26.17
31.12	26.24	32.94	28.44	33.73	31.8	35.67	29.88
33.64	38.61	33.09	32.28	30.78	34.26	30.14	33.21
32.73	27.98	26.48	28.17	31.11	36.02	33.8	31.56
33.35	31.99	27.83	34.73	36.11	40.05	35.66	34.12
34.02	28.42	32.42	31.3	30.61	30.51	30.73	28.5
30.23	26.47	21.26	28.06	25.44	28.57	24.48	31.06
29.81	30.24	38.62	31.3	30.12	32.23	36.41	25.98
33.2	27.15	30.88	30.29	28.59	28.43	31.31	34.37
28.79	28.87	30.83	32.97	32.38	32.42	27.2	31.85
27.88	27.34	24.69	36.99	23.96	27.78	26.82	33.08
25.41	28.9	23.17	25.04	26.62	27.57	29.2	26.03
31.56	33.75	33.71	41.56	27.36	36.84	37.82	32.34
25.49	33.27	29.49	30.81	26.19	29.28	31.74	26.58
25.64	24.55	27.75	27.35	24.6	31.88	26.89	28.4
34.09	35.78	29.29	30.32	36.23	39.94	39.37	39.66
26.23	20.54	27.85	23.91	29.77	30.11	25.92	27.91
29.59	27.4	31.75	25.1	29.54	27.5	23.77	26.8
35.11	26.39	25.84	33.06	28.73	28.05	29.79	32.93
30.85	30.58	22.87	31.43	32.11	29.67	31.69	29.12
24.49	25.29	35.24	31.01	23.74	33.11	25.5	26.62
27.95	32.48	28.76	28.31	29.14	32.95	30.24	29.14
36.95	36.07	32.42	28.7	29.99	31.99	37.26	36.52
30.92	31.94	32.26	33.09	28.84	37.48	32.81	30.62
28.58	27.4	31.58	21.82	28.05	28.78	27.45	32.42
23.04	27.28	27.36	26.59	28.39	27.65	25.54	29.94
33.28	33.46	32.84	33.2	29.31	30.24	32.68	34.97
28.07	33.28	30.06	28.76	34.14	34.57	38.41	37.66
33	30.27	31.46	32.9	32.76	25.88	26.22	27.79
27.35	29.06	32.19	27.67	31.99	27.04	30.87	30.61
25.59	28.92	30.03	27.96	25.92	23.75	32.65	31.11
25.37	27.22	26.68	31.04	22.08	26.67	26.05	29.5
31.7	29.16	32.2	35.23	32.81	27.79	30.21	30.75
26.37	34.42	27.37	34.07	31.3	31.95	27.92	38.28
33.07	26.67	30.57	34.11	35.65	30.9	33.45	40.35
26.16	27.22	28.98	29.65	25.69	28.66	28.63	29.72
31.29	30.93	29.39	30.06	34.05	33.67	30.88	37.27
26.03	32.52	33.14	30.93	29.66	31.38	29.53	29.69
36.52	38.81	39.4	30.25	32.07	33.25	35.28	40.15
33.02	31.6	31.34	29.47	31.88	28.68	38.9	31.91
33.02	34.92	29.62	29.25	32.79	26.97	27.44	33.58
38.25	31.25	31.27	26.62	28.26	37.14	32.78	38.47
27.32	28.08	23.55	28.08	24.74	23.22	23.46	25.62
31.97	38.06	33.71	36.88	27.8	33.26	33.25	35.62
32.11	28.14	25.97	31.78	25.82	28.59	30.56	32.16
34.99	32.76	36.86	30.21	28.36	32.06	31.68	38.56
31.68	32.09	29.24	26.61	38.44	35.36	33.54	31.8
31.81	29.68	32.71	28.95	31.63	32.6	32.4	26.11
23.88	24.22	20.55	23.48	24.52	22.71	25.06	21.97
30.03	37.09	34.17	29.24	27	35.9	32.31	35.77
27.31	24.83	24.63	28.43	25.91	29.61	21.85	25.58
32.28	35.94	32.61	32.25	22.25	33.69	29.78	27.85
26.02	26.95	24.79	25.32	29.82	26.26	22.17	26.13
32.13	34.69	30.73	31.32	30.43	33.03	36.18	35.75
32.42	32.57	26.91	31.39	32.4	28.67	29.37	27.38
32.49	36.3	28.84	36.76	36.06	38.98	30.09	33.2
27.91	26.48	30.72	29.95	31.84	25.7	28.53	22.49
28.37	27.08	28.9	27.13	33.39	27.08	29.59	31.32
37.26	28.28	38.69	31.55	33.92	39.5	32.65	36.83
22.19	29.02	24.78	27.88	26.61	20.54	19.32	21.45
26.42	27.32	26.88	26.4	28.04	34.7	26.01	31
32.29	31.19	29.72	29.36	27.77	27.02	30.16	25.88
31.36	29.56	26.66	26.55	26.1	28.84	26.59	28.1
22.86	25.49	25.43	28.08	29.58	26.53	28.82	27.82
34.89	31.62	32.85	33.33	30.92	35.57	31.61	33.73
26.56	26.52	26.82	26.8	28.41	30.93	27.09	22.85
25.18	27.45	29.96	28.81	28.17	29.65	25.92	25.5
24.38	33.18	27.88	28.99	29.17	36.18	27.25	32.49
30.82	39.8	30.16	34.49	30.41	31.06	26.31	37.08
31.96	32.03	32.25	27.53	36.31	33.11	31.32	29.76
39.78	41.03	31.89	37.39	39.44	36.4	39.61	33.75
31.59	28.19	28.65	28.08	26.75	26.44	24.88	32.98
40.11	38.44	34.63	36	34.1	35.1	28.22	28.7
29.96	31.98	32.43	29.92	30.25	32.03	29.89	37.63
31.16	28.64	27.39	34.53	31.71	28.97	29.65	31.39
31.97	30.15	27.11	31.17	25.79	28.9	31.1	29.38
33.97	37.52	34.47	36.82	35.67	42.98	37.61	37.85
30.53	27.48	32.9	34.29	35.34	28.11	40.35	32.82
32.17	34.36	32.08	33.33	30.6	31.81	29.52	31.48
33.46	39.68	29.91	29.84	30.42	34.86	32.59	29.02
25.77	24.76	28.39	30.64	30.49	24.21	25.75	29.43
27.47	25.95	30.84	28.85	27.64	25.15	30.17	31.01
30.22	40.09	30.32	31.08	36.93	35.56	35.7	31.2
37.63	43.16	32.07	35.64	34.98	30.41	38.66	34.96
33.61	28.24	32.93	33.31	35.08	25.72	29.65	34
35.2	27.4	34.38	32.02	31.69	34.64	32.9	36.82
27.6	31.53	26.45	28.88	26.96	26.13	27.18	23.9
39.44	38.33	37.4	34.75	39.87	38.46	32.67	36.62
29.74	33.49	27.62	33.43	29.97	29.53	29.15	32.05
26.24	26.37	25.08	31.41	24.06	28.23	28.21	31.25
29.41	32.36	31.86	28.38	30.26	27.87	30.75	35.27
28.4	26.98	31.51	27.19	30.4	33.27	27.85	27.17
39.44	43.86	38.54	34.79	33.45	34.52	42.98	30.43
32.71	30.2	34.6	24.31	33.15	28.3	34.11	35.57
33.07	28.68	38.48	35.13	27.55	27.82	34.76	33.99
20.83	25.08	20.41	26.06	19.46	20.63	23.96	23.98
23.85	31.28	30.29	30.32	28.86	26.74	29.53	23.52
32.4	28.43	32.64	26.13	29.85	33.98	24.19	29.1
31.61	31.17	31.94	38.33	33.63	30.71	36.22	29.3
26.91	30.03	26.27	25.12	29.08	25.17	31.09	30.83
26.86	33.27	28.07	32.49	33.37	26.91	35.85	30.52
31.11	30.63	28.11	34.32	31.7	28.31	25.37	27.74
31.23	27.76	27.23	31.69	35.73	31.06	29.2	29.03
28.12	23.58	29.89	27.44	29.45	25.22	28.08	26.83
30.07	23.07	25.64	29.61	30.91	27.58	22.92	29.55
26.83	23.07	23.57	29.22	22.92	26.37	20.53	28.76
32.63	36.72	35.13	30.77	34.28	33.76	34.67	33.56
23.39	26.25	25.1	29.7	24.04	23.93	29.78	22.46
32.98	28.56	32.64	33.64	32.81	30.22	31.4	31.77
29.44	27.54	33.83	31.93	31.36	32.2	28.04	24.36
34.42	29.66	29.13	32.85	32	34.33	30.07	32.57
30.18	29.5	29.62	26.69	26.35	30.05	29.81	34.14
29.57	27.59	36.95	37.55	35.06	28.62	33.33	30.27
33.89	35.22	35.34	38.47	36.41	31.43	33.83	29.7
31.35	31.64	32.14	36.19	37.71	32.45	26.1	35.96
27.78	26.68	30.91	27.84	29.71	30.96	27.55	27.74
32.52	35.98	33.05	35.15	29.13	32.04	26.78	30.28
30.63	26.59	25.86	30.75	27.21	31.28	29.39	32.03
32.26	40.98	40.78	38.34	36.17	43.36	44.09	35.89
31.75	35.51	33.15	30.74	29.89	30.86	28.46	33.83
30.43	26.27	29.93	26.53	30.05	30.85	30.27	33.94
37.58	33.07	33.49	31.99	33.88	35.57	33.73	26.22
29.06	27.47	30.5	32.7	28.96	26.77	27.11	29.08
32.32	37.25	35.52	34.75	38.35	32.99	33.23	31.16
27.18	31.55	34.68	30.97	29.72	28.4	27.98	25.81
33.86	27.77	32.6	30.87	31.4	34	32.13	38.5
24.52	21.74	21.81	25.74	25.45	24.45	23.41	22.83
29.31	33.54	29.81	26.26	29.55	28.65	20.09	29.69
28.04	27.91	23.66	26.32	27.58	24.98	24.09	24.29
27.67	31.08	28.01	27.09	28.33	29.52	25.6	26.21
33.78	30.69	33.52	28.5	30.52	28.31	36.44	28.68
28.15	30.21	30.6	32.95	31.08	24.91	34.27	31.12
30.33	34.65	30.6	30.62	35.23	32.34	32.14	31.1
26.95	38.1	35.52	35.16	33.11	28.79	32.69	33.62
30.78	30.71	30.42	35.26	31.89	29.87	35.92	23.6
32.76	30.85	27.38	28.88	28.79	26.33	26.85	30.45
32.92	31.89	30.16	28.39	33.11	29.03	31.78	31.25
29.25	33.37	28.23	30.26	30.69	33.78	28.47	27.91
27.77	28.54	25.24	26.99	31.44	26.79	26.23	27.37
32.5	27.43	36.13	31.74	29.65	30.8	35.89	36.65
30.56	25.94	24.26	25.38	28.71	26.39	22.3	26.35
30.14	30.02	32.23	29.1	27.71	34.06	30.05	29.22
21.79	22.81	26.61	24.36	24.58	24.76	23.06	25.25
24.01	21.78	24.96	25.93	22.69	22.42	24.99	26.94
33.19	36.89	39.66	33.13	42.72	35.44	32.09	38.33
35.34	32.92	31	32.7	31.25	34.56	31.42	33.35
31.11	32.86	29.93	33.77	33.13	28.03	28.37	29.17
36.52	30.65	28.17	39.07	31.55	30	30.8	35.85
29.27	33.26	26.74	31.16	37.26	32.22	32.26	30.76
36.42	29.36	29.09	36.19	35.57	34.17	30.29	35.56
30.99	31.91	33.81	28.18	22.28	28.51	30.11	31.8
23.5	24.84	22.54	26.73	25.04	23.05	24.33	25.85
39.42	31.39	34.67	44.24	36.2	42.31	42.72	38.84
31.57	27.88	40.04	34.86	32.92	33.04	29.15	30.02
37.35	35.17	36.59	37.84	34.19	38	39.91	32.99
34.52	38.81	35.89	34.65	35.86	39.98	33.65	37.41
20.68	25.14	26.91	21.19	28.32	27.64	18.18	22.16
33.28	25.64	29.81	26.12	26.28	29.93	29.06	25.34
37.87	38.28	31.39	32.66	34.17	39.8	40.29	28.63
27.67	25.5	26.89	22.7	25.45	26.95	26.75	28.02
29.02	29.34	27.8	29.47	23.66	31.15	31.68	32.12
35.67	36.19	28.28	40.45	28.31	31.15	33.4	29.03
27.73	26.74	26.68	22.64	27.31	33.96	25.47	23.4
27.42	22.51	28.45	24.36	29.8	29.44	32.72	21.59
37.28	31.78	30.94	33.33	36.71	33.42	25.68	31.1
34.81	37	35.05	36.19	30.99	35.54	30.93	30.7
30.49	26.76	27.43	22.31	33.29	28.28	28.2	32
27.15	22.66	26.09	27.45	32.15	27.57	30.43	25.17
22.99	24.36	24.03	28.34	24.3	30.59	26.75	28.21
31.42	42.96	27.78	40.91	33.29	29.62	32.74	41.38
29.86	28.78	27.52	29.1	32.92	26.19	26.92	35.52
29.1	25.36	22.04	29.31	26.04	27.64	27.35	24.7
39.77	27.51	35.58	31.83	39.6	32.14	32.57	33.8
26.76	32.71	30.33	30.5	34.37	27.61	29.2	25.85
29.62	33.25	30.69	26.02	32.78	27.01	29.09	28.47
30.43	26.49	23	29.65	35.83	28.56	31.1	26.88
21.61	27.76	24.15	25.11	26.69	23.1	28.52	23.86
37.01	36.58	35.65	40.25	32.66	39.06	40.07	38.66
29.98	36.26	28.55	23.47	30.12	28.5	29.93	28.63
28.6	30.47	28.22	28.13	27.04	28.01	25.12	22.99
30.2	26.11	34.87	28.03	32.33	29.04	29.83	30.35
23.71	30.52	28.56	28.41	27.7	29.78	32.4	31.38
31.36	30.23	27.01	27.46	31.68	27.5	25.88	25.02
41.02	36.24	38.1	35.96	41.56	36.42	39.24	39.2
30.26	26.34	30.38	28.78	30.83	24.55	25.82	27.78
32.91	32.7	27.4	32.63	28.27	25.53	30.58	30.96
29.94	29.49	25.08	33.65	28.21	35.35	34.32	35.95
34.65	23.94	35.86	32.23	28.87	30.7	25.18	35.72
35.14	27.32	26.22	28.92	30.45	29.02	25.18	35.55
27.52	29.5	32.21	28.43	26.19	27.86	30.88	24.11
24.67	27.51	25.46	31.47	29.9	30.98	26.51	30.48
35.13	25.51	31.67	35.22	33.72	30.88	32.56	29.5
25.89	33.46	31.48	32.77	31.88	27.6	30.49	27.01
26.93	20.92	21.36	19.38	24.48	22.52	22	22.09
34.56	38.4	34.35	39.14	35.21	39.53	34.76	32.29
35.94	33.99	35.61	38.34	38.6	38.28	35.17	39.9
29.92	26.74	30.52	30.94	25.72	26.22	26.94	26.89
28.09	35.66	30.23	33.54	28.25	39.18	27.63	38.75
26.6	30.4	29.3	25.64	29.21	28.36	25.01	25.28
43.66	42.25	28.94	29.88	32.93	25	34.31	33.86
27.28	29.06	24.01	27.17	26.42	26.73	33.73	23.71
39.03	34.24	37.25	35.24	33.37	39.4	35.58	33.71
26.67	27.8	29.83	25.05	28.85	31.1	30.15	29.65
26.46	23.41	22.98	26.03	21.1	28.69	21.17	25.95
37.54	30.16	33.05	33.31	33.67	34.74	24.34	28.86
35.82	36.69	37.46	32.02	34.6	30.58	34.44	43.96
27.72	31.27	26.15	28.64	38.95	35.31	30.71	32.46
30.56	32.46	31.56	31.45	30.04	33.1	33.44	38.83
34.91	28.45	33.53	34.05	28.59	26.78	28.63	31.46
34.86	29.38	27.3	31.26	33.05	37.82	34.1	32.8
28.86	35.76	28.61	19.86	24.87	29.31	25.86	28.11
35.58	27.08	30.59	30.26	26.8	32.11	29.9	32.62
28.52	28.29	25.42	26.89	25.11	26.51	29.87	26.45
32.82	31.27	29.56	27.91	32.42	30.18	27.45	28.92
35.37	35.14	33.68	28.01	27.97	25.86	29.77	29.41
21.14	16.52	22.22	20.29	21.96	18.96	23.54	23.32
37.42	32.7	34.57	35.98	32.77	33.32	30.32	38.58
39.57	39.42	38.23	31.99	33.85	31.57	35.8	35.4
28.08	30.79	30.08	26.86	28.59	27.46	26.6	25.65
25.3	29.78	32.06	34.46	28.88	30.84	29.65	32.29
25.16	26.69	24.85	25.21	25.08	25.12	26.91	23.2
27.91	32.67	37.41	31.3	27.24	33.11	31.02	28.32
37.6	33.48	37.08	35.85	37.72	35.02	40.65	40
28.19	28.08	24.51	23.12	26.88	26.4	30.39	24.82
27.31	30.76	28.4	30.35	32.17	27.81	28.74	26.32
23.27	30.55	23.75	23.5	27.53	25.82	30.84	29.42
35.69	29.76	28.03	33.79	32.05	34.67	32.51	35.74
28.03	28.51	29.45	29.63	25.57	30.4	28.21	19.98
23.89	31.24	31.98	22.93	27.85	21.91	27.77	27
30.54	29.23	34.17	31.19	27.59	27.86	30.81	29.56
30.03	32.83	31.48	35.79	28.43	32.74	31.7	29.34
31.31	34.78	36.3	31.76	32.49	35.63	40.77	35.29
27.72	25.44	24.6	29.05	30.97	30.63	26.07	29.15
29.29	26.87	31.33	29.33	30.54	28.73	31.39	29.93
35.77	39.11	26.76	32.36	31.38	29.75	30.89	37.12
31.15	35.82	31.6	30.27	31.32	32.3	27.52	28.55
36.91	32.97	29.08	26.93	29.14	30.19	26.26	23.46
21.86	23.37	22.04	23.65	22.78	23.12	19.86	25.47
30.13	24.95	28.39	30.65	30.99	27.23	24.23	29.25
28.27	29.91	27	26.99	22.94	25.64	24.33	25.82
27.51	29.94	27.43	31.55	24.42	22.62	28.61	37.88
25.89	28.98	25.18	30.91	24.84	31.43	30.76	27.89
26.29	24.32	24.82	25.85	28.18	25.76	21.12	26.43
27.7	28.27	28.35	29.29	25.08	24.93	26.29	28.91
21.15	34.12	30.77	25.87	30.8	29.52	26.39	30.25
22.84	34.89	28.28	34.51	22.54	32.08	31.37	30.1
26.36	33	34.24	34.36	29.81	36.2	30.67	29.19
25.86	35.26	23.1	27.69	25.1	25.87	26.32	24.05
34.62	30.64	37.97	30.05	33.7	30.91	26.75	25.85
27.96	28.9	31.56	31.36	29.11	27.74	28.84	33.19
33.2	31.59	34.49	32.23	37.13	31.08	33.97	30.55
24.38	30.11	32.57	26.06	28.73	26.28	31.38	34.09
27.15	26.04	20.7	28.79	23.22	25.21	25.73	26.75
22.22	24.15	23.35	27.18	23.08	23.45	29.53	22.28
23.61	28.27	27.9	29.64	23.46	22.13	24.75	29.46
27.1	26.04	31.97	35.79	29.99	30.13	35.26	29.52
26.8	29.13	35.08	25.13	29.33	27.07	36.62	25.42
30.29	27.76	30.32	32.26	30.25	22.96	25.02	30.91
37.06	28.58	38.86	29.37	40.64	34.74	34.45	31.84
27.84	23.46	29.34	29.59	33.9	29.37	27.17	25.03
37.22	37.18	33.59	28.95	32.3	29.74	28.94	33.71
26.07	31.89	31.08	30.9	24.47	26.37	28.7	34.22
24.97	26.83	28.5	33.71	25.9	29.15	27.75	24.42
31.15	25.83	26.2	26.08	31.11	31.84	23.93	27.14
30.98	29.77	26.36	25.08	33.22	28.8	29.12	29.88
32.62	28.76	31.12	31.67	31.29	32.57	34.64	31.32
20.78	19.06	22.41	18.63	23.73	21.43	22.74	26.23
24.78	25.84	27.69	22.75	23.94	25.39	29.45	28.36
31.47	29.48	30.3	27.59	26.97	28.57	27.54	28.66
29.88	24.54	25.79	26.78	27.26	26.85	26.95	23.09
34.56	29.38	35.03	32.64	28.22	32.43	34.34	40.83
29.24	31.17	31.06	36.9	29.41	26.55	31.1	31.6
27.39	27.58	31.55	30.05	27.72	29.77	25.8	28.36
38.68	30.46	34.63	37.55	35.62	35.68	34.89	34
36.34	31.76	36.34	31.38	31.32	37.62	34.91	30.74
23.49	23.41	26.32	24.32	23.63	23.06	26.62	25.86
36.51	33.66	34.35	37.9	30.55	33.38	36.73	39.58
34.78	34.75	34.14	33.79	35.85	32.42	33.07	27.15
35.41	26.21	34.28	30.7	31.58	36.55	27.76	27.47
31.16	27.15	33.48	29.18	33.8	29.35	30.31	30.8
45.68	34.93	35.44	33.32	33.19	38.3	42.24	35.82
33.43	39.02	28.6	27.7	30.63	29.99	31.36	35
22.04	22.81	28.54	28.56	27.16	21.85	25.39	22.91
26.41	31.91	31.04	32.64	31.57	29.83	31.02	28.52
34.2	26.55	29.34	31.73	31.44	26.89	29.76	24.81
30.66	27.45	25.44	23.07	31.28	29.48	22.85	25.02
36.09	33.23	29.45	27.41	36.07	34.94	32.67	28.3
30.87	33.27	37.94	32.5	29.1	31.01	38.83	31.42
29.65	28.54	30.94	29.28	32.88	29.72	31.26	29.03
28.15	29.25	29.47	28.18	28.49	26.72	24.65	29.97
22.05	19.6	20.5	21.14	18.82	17.72	19.27	20.1
29.84	34.43	27.75	31.42	27.68	30.43	28.3	33.95
23.28	28.14	29.37	26.2	30.11	29.86	27.71	32.09
27.19	30.53	28.46	27.94	32.35	29.27	27.18	32.89
27.89	31.12	28.31	31.98	33.92	33.18	34.38	25.41
24.76	27.33	25.14	28.52	27.09	27.72	25.23	28.03
30.57	32.03	31.63	32	29.12	33.7	36.36	32.46
34.58	32.98	27.78	33.05	31.1	32.85	30.46	32.2
31.67	40.99	40.32	35.23	39.73	40.04	38.79	34.04
29.19	29.06	29.36	37.22	25.91	32.74	31.08	28.06
27.08	28.9	31.8	32.61	35.94	29.21	35.03	24.41
27.14	29.97	33.8	26.29	27.91	31.15	28.55	28.53
33.36	32.57	35.59	28.99	29.8	26.11	26.03	27.2
29.64	31.55	28.16	29.78	32.86	28.4	29.56	27.73
22.1	22.92	23.42	26.29	19.71	22.7	21.3	26.17
21.52	25.42	28.7	27.91	26.44	28.89	30.64	24.95
34.07	32.07	31.22	26.79	32	32.91	34.99	32.61
22.85	25.46	21.57	23.86	22.95	25.01	27.04	20.47
37.99	31.24	40.64	31.08	38.55	38.64	49.29	35.8
36.83	29.54	27.77	29.65	30.71	27.21	32.88	25.64
29.65	32.63	29.02	34.5	30.13	30.56	29.51	33.15
41.53	35.4	33.82	31.04	31.27	37.51	36.53	27
31.42	27.62	26.61	31.22	27.58	35.86	33.16	34.13
25.41	32.35	28.52	35.24	33.92	32.81	33.63	28.92
28.18	32.95	27.49	33.18	27.13	27.77	29.11	29.5
30.98	31.42	37.19	34.37	29.1	31.38	37.72	34.55
39.26	28.74	30.21	34.03	30.8	35.07	33.04	37.39
32.86	40.07	23.47	33.71	28.76	34.32	32.98	31.41
29.03	27.05	25.61	33.22	31.92	27.61	35.23	28.02
23.96	24.61	25.64	25.12	23.29	25.75	25.35	21.83
33.44	33.99	33.7	28.98	33.48	30.89	26.54	32.82
21.49	27.16	23.48	23.18	22.88	30.54	22.95	24.87
37.93	28.97	34.51	33.24	32.11	33.58	33.63	33.57
30.17	28.99	31.98	21.89	26.45	34.8	27.82	28.88
37.37	34.49	30.33	27.99	43.68	31.8	35.76	36.95
28.5	34.64	30.48	24.98	32.39	31.6	34.93	29.48
25.98	29.66	35.6	31.74	29.01	27.63	29.07	30.64
24.28	23.72	27.11	24.85	30.17	25.51	25.99	21.88
31.02	33.18	28.26	28.47	30.77	35.04	39.87	30.44
28.23	28.27	22.51	27.46	24.43	27.57	26.02	29.21
34.36	29.65	29.83	31.12	30.16	37.4	31.56	29.14
23.47	27.41	22.64	24.56	28.24	26.88	21.91	23.39
27.2	33.24	26.65	30.68	29.18	26.43	32.18	24.42
44.38	34.67	33.79	32.33	29.4	32.93	32.23	35.32
27.39	26.74	29.28	25.94	22.3	29.61	27.94	22.61
35.14	22.98	27.16	31.33	28.37	28.1	28.93	28.03
26.82	31.07	24.55	30.59	27.73	31.96	31.63	28.95
28.73	30.15	26.43	28.25	29.23	31.85	30.09	31.26
40.62	28.13	34.84	29.56	32.02	31.99	34.85	31.17
37.44	33.14	38.87	25.65	33.92	39.25	26.88	35.79
21.89	26.91	26.78	24.93	31.59	33.66	26.34	24.94
38.96	32.43	38.08	34.03	33.94	33.96	34.51	30.9
30.37	29.43	32.4	29.59	32.59	32.78	30.42	30.32
29.61	31.44	31.46	38.32	32.81	31.69	32.69	38.03
36.65	30.93	40.22	31.05	33.86	27.49	31	33.63
36.01	33.28	36.38	37.03	38.7	34.9	32.78	32.32
27.98	36.14	31.21	29.29	33.57	32.21	31.1	28.06
24.15	26.69	30.53	28.77	27.34	27.3	23.25	29.1
25.04	26.16	22.89	22.73	25.88	25.43	28.56	24.72
27.56	35.31	28.32	33.05	30.31	33.64	37.92	32.29
21.69	26.94	24.76	26.19	24.89	29.01	25.58	21.66
27.17	23.83	26.16	30.36	34.36	30.19	31.92	29.27
34.71	35.54	32.52	26.74	32.12	29.32	25.26	27.85
33.03	27.29	29.21	29.53	33.3	26.38	27.59	26.4
27.22	23.32	22.5	24.03	25.35	25.77	26.29	31.49
33.28	32.12	33.1	40.32	33.59	32.26	37.42	31.18
31.46	35.76	30.5	40.31	33.55	28.88	25.75	30.36
28.87	25.69	22.96	27.84	26.52	28.53	30.97	32.13
30.01	27.32	29.39	30.29	21.75	24.63	27.84	29.19
28.95	37.12	25.31	28.24	31.62	27.11	25.72	28.14
37.42	33.88	35.92	27.65	29.92	32.6	29.4	29.49
33.07	33.99	33.07	37.81	35.33	34.88	28.84	38.1
28.35	30.52	29.09	27.56	29.09	33.01	24.79	31.85
34.95	30.11	34.69	31.78	35.97	30.24	32.02	31.72
28.83	32.75	33.38	28.68	28.28	30.3	36.21	34.96
28.8	21.56	30.81	26.24	27.72	29.71	29.28	29.8
25.8	27.18	20.88	25.59	23.96	27.48	26.42	25.57
25.99	25.57	25.34	23.55	22.6	27.81	27.21	24.79
31.94	26.01	26.48	32.96	27.21	31.98	29.76	25.99
29.1	29.72	26.83	25.27	32.9	28.65	34.2	27.3
29.9	35.1	30.8	31.73	32.47	29.17	36.27	29.92
32.75	38.22	33.91	30.88	37.19	36.67	38.87	30.87
29.04	29.16	26.33	30.62	25.46	28.61	28.08	29.09
30.85	33.39	35.69	36.12	38.03	32.08	40.08	34.37
24.94	29.72	28.43	27.29	28.99	31.74	29.45	25.25
24.58	29.59	26.71	31.16	24.51	26.15	28.83	26.99
41.16	32.49	32.39	33.89	43.29	27.69	29.74	35.49
26.34	27.92	25.42	25.69	25.98	25.77	27.34	26.47
33.4	24.86	28.73	30.79	25.24	22.95	29.16	30.05
27.78	29.69	28.05	36.21	31.08	26.69	27.3	26.65
32.45	36.95	30.81	25.69	26.3	30.59	27.99	25.65
32.61	29	29.1	33.93	25.63	31.33	35.08	30.96
25.63	27.84	25.9	20.26	24.82	24.32	23.47	26.78
37.77	34.54	32.26	36.26	33.61	30.65	33.09	35.11
26.87	26.81	30.74	30.75	24.61	28.22	22.75	31.9
31.12	29.88	27.88	27.86	31.41	25.43	29.16	30.26
30.4	26.32	22.78	28.62	27.78	24.47	30.79	28
29.55	31.38	33.43	30.38	28.97	26.27	30.2	33.98
27.79	30.53	29.42	37	33.06	27.95	25.88	24.05
28.19	31.33	25.71	29.43	25.59	25.91	29.44	30.65
28.31	26.12	26.69	33.8	29.42	29.94	27.92	25.96
37.57	37.48	35.75	32.9	34.8	41.55	35.76	30.87
22.48	29.6	26.01	23.75	24.69	30.02	28.57	25.85
31.94	33.34	33.92	29.3	34.26	34.02	39.98	32.45
27.79	33.87	30.42	26.55	30.13	25.1	31.33	28.15
28.41	30.18	33.62	33.4	28.61	28.59	32.31	35.12
24.56	21.93	24.08	30.28	22.38	23.19	23.62	25.8
31.99	34.8	30.67	34.35	22.88	26.93	29.88	26.68
27.16	28.75	27.7	26.16	26.26	27.41	26.01	37.65
29.46	27.64	25.23	29.88	27.02	27.38	31.03	25.16
24.37	27.63	31.92	27.2	24.64	25.39	26.53	27.13
28.52	30.2	27.97	31.13	26.21	34.51	24.61	27.51
37.86	33.75	28.18	31.3	26.95	31.29	38.76	38.62
37.39	36.73	35.25	38.08	35.42	34	33.03	27.46
29.53	30.86	32.7	35.56	27.77	28.69	31.23	33.98
36.19	38.95	46.66	32.49	39.29	43.08	47.18	44.45
28.46	24.22	25.39	28.87	25.14	24.43	27.53	24.56
28.99	24.41	29.48	29.64	24.07	24.5	26.81	24.47
29.76	29.03	23.29	23.67	22.03	28.13	23.03	26.05
33.21	29.64	27.35	32.08	29.77	32.41	27.42	32.06
25.57	32.31	32.01	31.11	30.94	33.78	33.15	31.74
34.87	37.93	38.61	32.24	35.08	30	34.05	39.35
20.2	26.28	28.71	25.31	23.51	24.33	23.62	26.81
32.77	32.51	35.62	29.19	41.03	36.53	32.52	35.86
33.01	36.59	33.34	30.72	29.8	31.7	32.58	29.79
33.76	34.28	33.23	42.1	36.01	33.73	30.82	33.73
31.42	35.8	31.9	29.02	31.53	33.9	36.69	29.75
27.23	27.76	26.69	31.66	24.65	25.37	28.01	29.74
31.48	32.81	42.23	32.15	34.73	36.88	37.31	42.86
20.17	24.58	20.21	23.47	25.21	21.95	24.23	21.33
29.95	32.06	27.37	31.06	33.21	27.38	27.82	27.95
31	28.12	37.21	25.08	35.05	30.02	32.1	29.89
27.33	24.36	26.4	26.53	25.32	26.51	24.21	31.19
30.19	30.85	29.53	32.85	30.54	40.27	29.86	35.75
24.63	31.29	25.52	26	27.59	26.08	33.88	22.84
32.01	28.21	31.8	30.12	28.8	31.96	25.07	29.98
24.75	28.5	27.9	29.22	31.12	26.1	26.88	28.98
28.46	26.22	26.53	25.82	26.2	24.24	28.02	24.29
29.54	26.65	23.41	23.76	28.23	22.33	25.68	25.98
34.82	28.17	35.33	42.82	31.11	32.11	30.01	30.32
37.11	30	26.39	24.7	29.16	25.25	30.78	25.87
31.22	30.02	26.99	25.52	26.36	29.2	26.73	26.71
28.4	30.73	30.6	26.77	29.78	32.6	31.46	35.87
22.46	31.68	27.69	29.12	23.92	26.91	25.76	24.86
39.98	38.47	45.15	39.45	38.5	35.88	39.45	37.08
30.1	30.75	29.32	28.04	21.56	29.23	34.72	32.42
31.76	29.59	30.62	27.57	32.04	30.24	32.63	32.86
30.28	32	29.74	30.67	31.72	35.5	33.65	32.43
30.39	38.63	30.52	31.56	30.83	33.96	31.23	36.08
32.18	37.98	31.65	32.05	31.25	30.68	32.65	36.19
38.54	38.56	38.89	41.58	33.97	36.45	39.08	43.07
33.13	23.78	27.4	23.22	25.35	35.1	24.97	23.86
31.74	34.41	35.25	29.28	25.16	25.67	31.63	29.92
27.04	26.97	29.12	30.83	29.64	31.07	27.84	26.9
23.98	26.88	24.62	25.98	28.72	27.47	27.63	22.95
33.59	31.8	34.55	34.27	35.85	29.83	27.78	34.43
24.69	24.3	27.57	23.23	26.15	24.69	33.1	26.22
25.5	24.62	24.65	21.79	22.76	30.25	23.72	25.38
39.74	30.8	38.92	32.18	42.38	33	34.36	29.47
25.25	30.67	27.53	26.4	27.84	28.58	28.55	28.21
23.82	25.77	28.83	26.62	24.35	30.98	23.89	25.09
26.6	25.26	22.37	22.74	25.41	20.02	20.95	25.11
25.91	21.48	29.08	30.99	24.35	26.25	25	29.89
26.28	32.79	31.59	27.24	32.3	39.95	28.38	31.86
38.19	45.07	34.67	39.07	40.46	37.81	42.4	40.13
26.99	22.95	23.32	31.32	27.49	26.53	23.59	23.38
31.77	38.47	34.29	36.04	37.49	33.89	35.54	33.6
24.31	32.37	31.98	31.83	27.34	28.58	30	29.01
38.74	27.76	31.99	37.95	33.8	40.38	35.96	36.11
33.24	33.67	33.31	34.17	38.54	33.84	30.76	36.43
34.72	26.95	32.44	29.28	29.36	28.15	29.62	27.39
29.01	22.96	22.36	29.67	29.22	25.9	27.07	31.62
30.83	27.15	30.81	31.72	31.01	30.77	30.07	32.07
30.22	35.45	34.69	29.95	34.12	38.55	30.5	37.98
25.71	22.95	24.68	25.63	28.63	24.38	27.03	22.98
27.64	28.92	28.29	26.51	24.49	34.01	31.16	25.69
23.37	23.52	28.11	23.99	24.7	31.36	29.06	27.43
23.61	26.31	27.61	27.68	26.01	24.83	30.02	21.99
24.35	29.26	26.75	28.57	25.12	25.46	26.68	28.16
26.87	20.88	24.76	22.99	24.4	25.63	25.8	24.55
29.98	29.92	30.09	29.25	31.59	38.54	35.83	29.63
34.32	32.28	35.32	34.24	29.46	33.34	32.3	39.37
36.81	34.63	39.04	29.91	37.31	30.6	40.61	32.04
27.64	29.62	26.99	25.92	25.93	24.39	22.31	27.07
31.01	33.6	33.23	35.43	31.68	34.85	29.67	27.75
38.61	36.2	41.74	37.18	50.65	40.05	44.29	33.45
30.37	28.17	33.67	36.29	38.35	27.79	40.28	37.85
36.58	36.75	32.9	38.22	34.95	37.73	36.16	32.76
28.38	27.16	21.49	23.55	27.98	26.29	28.1	29.24
29.53	25.97	27.8	29.17	29.21	29.39	30.53	25.24
30.17	28.15	31.18	28.44	32.98	34.47	32.97	30.83
28.55	30.44	33.62	27.77	27.82	33.24	33.57	34.41
34.35	35.32	33.57	31.02	35.65	34.42	31.81	33.07
29.67	30.97	32.74	25.32	28.08	32.33	28.78	26.31
27.77	37.65	30.63	30.08	30.49	28.48	27.81	33.78
22.45	22.8	24.75	21.51	26.49	22.32	22.12	28.39
30.16	22.91	27.42	29.07	27.05	26.78	26.81	23.96
35.39	30.05	32.12	28.27	33.71	27.1	34.09	32.36
29.31	29.31	32.35	32.14	31.7	31.44	35.34	25.14
25.38	34.85	31.94	30.1	30.82	31.45	31.11	27.46
34.45	29.5	31.84	27.96	32.98	31.72	28.41	34.93
24.81	26.44	25.17	30.89	24.49	25.61	25.12	28.55
22.25	21.66	22.46	22.1	18.5	21.57	21.92	26.58
31.06	31.35	23.72	28.97	31.92	30.2	32.22	28.23
30.1	27.81	27.52	32.59	25.97	30.8	29.81	29.69
24.97	25.93	31.11	25.18	26.37	26.99	31.34	27.56
34.8	38.47	33.24	36.19	30.75	32.49	32.09	33.12
26.6	37.29	31.46	31.22	31.19	28.56	32.56	26.27
26.41	22.94	26.81	28.18	27.22	28.91	25.8	27.3
31.69	27.11	31.09	37.29	29.99	23.59	28.58	33.13
25.96	24.83	24.2	23.62	25.9	24.94	24.1	27.83
36.69	21.59	25.64	26.55	31.62	27.22	23.49	28.79
42.4	36.08	34.08	33.35	26.46	38.73	36.5	33.01
30.13	34.12	30.91	29.14	30.17	26.79	23.36	29.14
31.39	28.87	26.95	30.46	35.61	30.32	35.04	29.72
25.79	30.47	30.34	26.52	27.54	27.28	29.75	24.37
35.98	39.59	34.77	30.27	32.07	36.45	31.64	28.5
24.47	25.9	34.34	25.2	27.8	32.84	28.56	32.29
35.12	33.91	39.12	38.48	35.85	34.55	42.96	34.23
36.33	35.09	44.09	35.88	41.22	38.9	31.79	37.19
25.24	30.21	30.87	30.47	26.71	30.11	30.1	25.57
41.08	36.05	39.35	38.89	37.26	40.84	39.63	36.7
30.74	28.12	30.67	29.44	30.09	33.9	30.47	30.08
30.72	21.95	33.23	27.8	31.37	29.21	34.72	27.45
37.75	33.22	37.5	38.54	37.6	36.36	39.47	41.49
27.44	31.52	32.2	26.93	29.57	27.53	30.55	29.07
29.41	27.33	36.44	31.07	29.24	30.2	32.42	28.92
24.78	30.75	25.02	25.98	29.48	28.13	26.99	27.85
29.78	22.77	27.4	25.76	27.26	26.25	25.38	26.4
37.28	36.03	29.99	28.15	28.19	33.53	32.68	35.99
23.98	24.06	23.81	24.44	26.64	24.44	22.7	27.42
27.4	28.73	32.23	34.68	35.88	35.95	24.58	30.93
29.8	31.87	32.29	28.39	25.19	29.55	26.41	29.02
22.6	19.66	21.15	18.61	25.52	23.63	23.84	17.39
35.32	33.6	39.86	34.33	32.83	33.83	32.36	35.84
25.36	26.7	25.7	24.18	23.7	28.56	24.43	25.63
29.1	25.97	22.89	28.48	25.66	28.33	26.94	25.57
29.94	26.22	32.06	30.78	36.53	27.19	33.59	29.74
32.46	27.83	28.01	25.56	29.18	27.62	26.74	32.35
31.25	36.17	30.23	34.4	28.85	33.13	31.69	30.61
27.86	26.44	30.42	31.86	34.89	32.34	34.15	34.19
35.03	32.48	29.84	30.78	31.59	27.86	39.99	36.29
30.02	24.04	32.51	22.1	22.52	27.91	24.87	26.8
37.03	32.52	31.69	33.28	37.7	34.86	34.89	34.01
30.72	28.96	28.01	32.12	24.73	32.28	28.33	28.92
32.44	31.58	27.53	30.87	35.39	31.37	31.74	25.33
39.84	27.38	32.52	35.13	34.42	30.93	32.44	27.86
30.81	29.02	29.97	33.04	33.14	26.71	29.97	25.74
35.66	33.75	32.36	32.91	28.56	34.64	35.41	33.53
33.48	30.06	37	25.98	32.24	30.69	33.86	31.94
34.74	33.6	34.17	32.24	30.37	27.27	35.15	30.83
31.82	32.35	31.2	28.3	28.21	36.62	27.15	30.88
38.62	32.5	27.28	31.67	28.86	32.73	27.94	27.83
28.01	30.54	26.57	32.53	32.66	34.35	28.63	39.04
30.49	29.58	24.94	27.8	29.33	32.63	30	30.04
20.17	31.08	25.23	32.53	30.42	26.5	24.86	24.28
35.46	38.52	34.3	37.37	34.38	40.61	41.09	35.57
42.45	34.58	34.2	30.11	37.52	32.47	36.43	30.87
29.96	28.08	26.25	31.78	26.57	27.46	29.91	25.61
31.17	32.79	41.8	29.72	36.47	36.35	35.01	29.84
31.66	27.16	29.98	30.11	27.11	29.13	32.75	30.31
27.34	22.31	25.9	24.3	27.05	29.54	23.71	30.98
28.25	30.04	30.52	29.28	26.57	31.79	35.57	26.72
29.1	37.09	31.19	28.51	27.94	28.9	31.82	30.82
30.88	35.89	32.18	28.87	29.26	32.2	33.61	32.66
31.57	34.11	29.42	25.54	34.17	33.39	28.77	31.07
23.62	25.73	25.35	22.29	22.29	32.15	30.28	27.88
31.55	34.2	34.64	36	36.62	30.24	39.68	31.05
31.06	30.71	25.64	20	32.99	25.71	24.36	27.38
32.8	30.98	29.63	28.09	31.86	34.67	23.88	26.1
29.44	27.37	32.65	27.96	28.47	28.64	26.71	36.82
32.54	38.8	34.26	35.89	29.32	33.47	28.28	33.44
24.2	30.56	25.37	26.72	24.46	31.36	27.74	26.25
33.71	31.47	30.17	26.73	27.01	30.32	33.44	28.38
38.5	40.24	37.52	29.97	43.89	31.36	38.37	38.92
27.51	26.17	27.85	29	30.98	31.34	32.39	28.98
31.91	25.68	32.23	32.1	33.3	27.6	31.42	29.94
32.57	30.61	30.83	31.04	38.46	30.38	28.32	35.09
30.78	28.69	27.78	27.43	25.09	22.99	26.06	31.38
26.19	26.23	30.07	25.79	28.79	29.66	30	26.41
29.1	26.44	31.75	24.86	32.16	25.9	33.12	29.74
27.95	28.76	27.43	32.08	34.39	31.58	31.47	27.33
32.09	30.34	35.31	31.53	34.02	30.75	28.5	31.27
27.49	27.23	26.85	27.2	30.23	22.58	29.76	28.23
26.96	23.55	33.46	25.16	30.12	28.17	29.26	29.76
29.11	31.38	32.33	27.05	26.08	29.71	26.4	26.84
39.03	34.43	31.01	38.47	40.88	37.73	33.05	38.19
28.77	32.06	30.05	24.65	27.66	24.87	24.92	24.89
26.16	29.93	25.87	36.28	28.72	28.07	28.54	31.76
30.52	24.41	30.05	33.4	29.75	28.86	29.08	27.93
35.33	28.3	38.08	36.08	31.18	35.46	36.41	37.36
32.3	30.16	28.04	34.65	29.01	34.8	29.66	26.42
26.75	32.48	28.59	28.48	30.6	29.15	29.5	30.92
28.15	25.92	28.32	32.22	23.4	28.1	31.57	30.75
36.26	34.5	37.51	32.6	36.29	34.42	38.65	33.1
28.74	20.42	29.5	25.64	26.3	22.71	30.77	29.06
31.48	45.92	39.58	38.84	33.53	40.98	33.83	32.96
27.48	30.7	31.61	30.64	30.59	28.24	27.75	27.75
27.6	28.95	28.62	32.65	31.72	33.74	26.78	32.27
26.48	28.69	25.28	27.98	29.59	23.2	24.98	24.67
23.36	23.56	26.68	25.57	26.23	29.45	32.32	28.62
34.47	38.58	24.94	29.83	29.43	31.62	33.54	26.45
28.34	33.67	35.17	35.88	27.59	31.12	32.67	34.66
28.51	31.2	28.64	26.06	24.77	30.15	23.29	24.69
30.53	39.9	29.04	28.96	32.86	39.43	36.56	38.46
29.3	34.78	26.08	26.28	31.98	31.7	29.79	24.77
23.09	25.92	29.04	29.18	30	25.49	22.34	24.79
31.72	30.6	38.4	35.5	33.86	31.75	30.21	32.93
29.18	32.5	24.35	26.31	25.17	27.59	26.82	24.97
29.76	28.57	27.43	24.95	23.15	25.82	25.88	22.41
27.4	33.59	34.18	27.11	28.63	31.75	37.33	34.45
32.91	35.3	37.16	40.93	39.55	38.3	30.94	36.05
26.91	35.06	28.34	29.57	33.36	27.27	30.14	29.24
28.85	29.02	27.67	29.95	25.67	32.88	30.28	28.96
24.93	25.21	23.14	24.86	26.36	28.37	26.15	27.26
31.29	36.05	31.13	33.47	25.43	31.78	27.12	27.18
26.76	31.79	31.06	33.59	28.42	33.69	30.47	27.93
36.2	31.65	39.73	32.68	29.09	33.52	30.89	33.34
26.34	28.38	26.8	22.94	30.62	26.2	26.52	30.26
26.41	35.62	26.75	32.6	31.21	33.65	32.05	31.98
27.81	24.05	26.06	26.81	26.45	22.35	26.89	30.32
31.88	32.59	32.39	27.67	34.79	30.33	29.48	31.78
36.75	28.5	30.97	38.91	33.8	25.6	34.15	36
36.4	29.99	31.81	31.56	32.04	36	37.85	39.05
24.18	25.92	25.7	29.24	28.92	27.55	26.51	25.85
36.62	25.77	30.83	35.39	29.17	31.07	37.16	31.86
24.66	30.96	25.85	26.46	29.58	30.36	25.04	31.72
30.58	30.79	31.73	32.94	23.69	32.33	32.41	31.19
23.44	28.97	29.8	26.24	24.73	31.06	26.74	28.34
28.85	35	31.9	28.04	29.74	36.08	34.7	28.28
30.39	32.89	31.6	31.32	33.21	26.34	32.26	25.95
32.67	29.35	31.37	32.24	30.99	33.53	23.23	33.48
29.82	31.9	29.05	35.11	30.29	30.31	26.98	33.03
23.51	27.46	31.07	23.76	28.3	29.4	20.65	27.85
19.98	25.91	22.76	20.85	27.12	27.58	28.09	22.32
28.99	29.64	34.51	34.89	33.93	33.4	25.2	28.75
36.2	36	38.11	33.85	36.54	32.08	36.68	31.52
30.18	29.86	27.59	31.26	29.85	32.78	33.92	28.84
24.44	21.8	25.16	25.07	24.41	25.84	22.65	25.95
27.79	26.2	23.75	31.63	33.46	27.72	29.23	27.95
28.26	28.59	26.31	34.4	32.15	31.97	26.39	30.47
34.49	24.63	29.57	27.94	33.73	38.1	32.56	33.27
28.75	29.93	25.05	26.83	28.71	29.33	31.08	28.38
29.02	31.4	27.83	21.83	24.21	28.09	32.9	37.36
31.09	28.12	30.76	27.65	32.25	31.91	30.5	32.68
30.6	24.03	31.52	29.97	32.26	30.61	28.78	39.44
33.08	28.92	29.25	29.35	20.62	28.65	26.55	25.32
28.26	32.26	29.27	23.4	23.7	27.85	32.32	29.94
24.33	26.83	28.14	28.47	27.67	26.26	27.21	27.46
22.22	25.35	33.75	29.8	22.31	25.8	27.74	27.08
21.6	18.97	21.8	22.13	19.5	20.9	18.82	19.62
30.41	28.86	28.45	24.91	29.4	32.47	31.87	27.7
26.93	30.16	34.63	23.07	25.34	30.87	26.47	27.95
27.39	33.54	29.32	35.24	36.5	30.64	32.36	29.16
36.27	32.85	26.45	25.99	34.11	35.35	34.04	36.73
33.08	29.02	31.51	28.9	28.74	31.63	23.81	28.65
30.15	23.91	25.38	24.15	37.21	23.85	25.04	26.84
28.03	26.91	26.14	26.5	27.79	33.64	29.12	27.03
30.32	25.23	29.69	29.11	24.96	23.94	27.12	29.23
24.51	27.75	24.83	24.32	26.74	28.95	23.85	22.08
26.39	32.24	33.41	30.98	29.6	31.55	34.6	28.06
36.05	28.46	36.62	30.49	36.2	29.54	34.1	35.51
27.74	32.61	28.84	29.92	29.21	24.44	25.2	24.33
26.13	30.45	30.58	29.65	26.56	27.46	32.73	27.94
29.42	31.17	31.11	28.64	28.97	29.34	35.61	31.21
32.09	33.55	29.29	26.34	25.54	30.24	25.16	29.26
29.68	29.85	28.56	29.29	25.26	28.66	27.65	27.01
29.26	27.56	32.65	31.96	31.77	28.2	27.47	36.09
24.9	24.76	26.16	29.11	28.7	27.3	29.03	30.48
30.97	27.39	31.21	29.56	29.94	27.56	30.94	23.89
30.81	28.56	31.64	35.26	33.05	27.96	32.26	29.63
32.04	37.71	32.83	28.86	37.69	34.63	30.98	30.69
25.97	22.71	28.41	28.32	28.14	25.09	29.14	27.24
24.47	25.68	28.73	31.45	31.48	29.38	30.91	26.14
23.89	24.52	21.19	24.45	21.25	21.31	22.3	18.08
29.45	28.43	27.8	31.94	27.2	25.19	28.76	25.93
29.87	26.14	24.09	30.85	26.49	25.69	24.57	23.6
23.2	30.33	31.84	25.86	23.91	23.34	27.18	27.42
49.29	35.19	41.29	39.05	37.26	39.35	48.31	34.08
32.33	29.38	36.47	37.33	32.98	40.44	26.48	28.26
22.11	23.08	22.28	21.33	26.62	24.35	21.43	22.46
35.13	34.27	34.96	39.81	34.28	39.6	39.6	37.72
30.23	31.04	29.74	30.18	28.31	25.23	28.27	28.31
33.07	26.54	32.48	37.77	32.43	29	33.81	35.84
29.43	31.86	31.13	30.92	30.12	36.58	27.41	26.76
37.67	31.32	30.73	32.43	30.7	30.7	35.16	37.81
26.96	28.76	31.89	31.23	26.63	25.28	26.23	30.94
27.38	29.37	29.99	25.68	30.16	30.55	30.97	28.81
31.98	37.73	33.51	37.15	38.43	30.09	33.7	31.99
27.92	31.04	32.96	30.03	30.64	28.73	31.94	23.18
30.11	29.75	24.69	30.82	31.43	28.56	22.35	30.86
22.67	23.74	24.72	22.39	26.67	23.3	26.12	28.8
31.75	28.72	22.66	30.01	28.67	34.87	32.03	31.61
37.54	32.17	31.05	35.16	37.58	35.88	34.94	41.19
25.35	27.49	30.39	26.11	30.98	31.27	24.59	28.87
33.97	37.23	38.6	43.28	36.61	37.77	37.26	37.6
25.53	32.93	27.62	28.4	24.18	30.02	25.86	26.5
31.49	32.29	31.49	29.23	29.05	34.07	25.27	29.1
27.07	25.02	27.05	30	24.98	24.04	25.95	26.99
21.84	36.13	34.32	29.53	30.08	31.14	31.41	31.09
33.12	34.32	33.91	37.09	35.4	33.69	41.67	34.18
32.69	30.95	34.57	29.99	29.91	34.35	27.14	29.82
25.77	29.22	26.05	28.04	27.42	23.36	26.34	26.33
30.97	37.79	38.47	31.66	32.14	35.55	33.35	36.81
27.17	28.07	20.72	22.76	28.35	23.55	26.07	26.11
28.27	24.6	26.63	28.77	28.14	21.12	25.5	24
34.19	35.08	33.39	35.12	32.92	29.4	30.6	27.11
27.63	29.55	31.53	31.59	26.4	33.72	27.82	31.92
32.86	32.52	26.39	32.09	26.87	30.54	25.52	30.21
35.59	31.47	33.83	29.64	31.11	29.81	25.79	32.47
29.4	29.68	27.44	28.27	28.21	31.79	28.04	32.02
29.08	30.19	27.62	31.58	25.04	31.13	27.33	24.44
33.49	24.68	26.37	22.73	29.42	26.48	26.31	29.47
27.39	27.91	28.71	28.93	25.08	29.69	27.86	22.39
30.04	26.96	34.03	30.96	29.63	27.29	29.24	31.05
22.03	23.89	36.7	25.36	31.81	25.23	30.85	31.47
33.01	28.42	32.61	34.3	43.06	32.74	28.8	30.89
31.57	28.2	28.62	26.63	28.44	26.73	23.68	29.91
35.07	27.81	31.7	31.72	26.82	30.95	29.23	39.11
39.12	32.68	34.78	41.33	32.72	34.27	33.7	36.11
32.18	30.59	25.98	37.02	30.32	32.95	29.51	28.48
28.49	28.26	26.22	24.82	26.88	30.16	30.2	23.25
28.36	39.11	32	31.47	35.88	35.32	28.35	31.56
26.14	26.83	33.98	30.6	26.81	26.41	26.68	27.17
22.9	29.35	22.45	25.47	22.95	24.79	24.14	28.54
30.13	26.04	25.68	25.55	27.41	37.2	27.49	34.06
39.34	33.74	32.27	34.99	31.57	31.93	30.94	29.76
26.45	25.92	28.28	30.7	23.63	33.63	29.55	31.2
27.92	24.59	30.11	27.79	28.1	31.01	25.88	26.95
33.76	31.3	31.81	34.79	27.82	33.45	30.56	29.64
28.36	27.54	26.51	26.69	26.11	27.22	27.22	26.73
37.13	37.28	34.36	36.53	33.92	31.78	35.27	37.79
31.94	32.71	33.14	34.88	35.62	30.64	34.15	37.67
24.65	27.72	23.53	27.44	22.15	19.93	29.68	25.27
26.77	22.97	22.56	24	29.35	25.39	26.98	29.2
22.87	25.19	25.18	21.43	23.8	25.28	20.38	21.7
31.56	29.26	27.28	33.81	29.9	28.43	31.18	31.62
35.69	27.23	32.45	30.95	30.84	25.6	31.8	29.72
26.34	26.87	26.21	25.04	24.22	25.36	26.59	21.49
30.77	26.13	24	28.07	23.62	25.34	23.41	30.36
33.99	31.21	30.45	28.7	34.56	32.96	37.47	33.06
30.57	26.11	23.88	29.26	26.75	30.56	27.45	29.85
31.25	29.63	26.3	29.3	24.24	30.42	29.62	28.04
27.74	26.44	26.66	30.77	27.66	28.89	30.08	28.24
34.24	38.23	34.78	29.45	33.99	37.45	37.58	41.61
28.04	26.98	23.29	25.51	21.67	28.16	26.36	27.88
28.17	31.55	31.46	33.8	29.9	26.03	29.37	27.43
40.03	34.1	33.96	33.86	40.23	36.75	31.48	37.64
26.04	26.43	29.84	31.33	26.53	27.47	23	29
33.39	30.68	26.88	24.23	29.48	29.23	28.78	27.95
26.25	28.32	27.47	21.92	24.67	27.19	24.6	28.38
30.99	26.04	29.1	28.16	30.73	29.61	29.4	27.25
28.6	34.08	31.58	34.89	31.45	34.93	36.3	36.28
35.84	33.38	35.92	44.14	34.84	36.12	35.08	31.86
31.37	34.01	35.16	35.65	31.65	33.73	37.47	36.31
40.83	43.45	31.13	32.28	39.53	39.1	31.96	33.07
33.14	32.18	33.23	36.16	28.49	32.29	32	33.59
27.2	30.76	26.69	28.05	28.05	24.27	31.15	28.48
26.21	27	29.88	25.17	28.18	24.85	25.61	32.64
30.29	36.19	32.26	30.89	33.25	33.61	31.45	29.12
29.92	23.39	25.53	38.58	27.66	30.17	31.84	28.63
32.23	27.84	29.31	24.49	27.46	34.82	28.77	31.54
37.05	33.85	32.68	27.32	29.17	33.77	28.39	33.34
32.64	32.78	40.69	38.01	32.34	37.45	33.09	34.44
27.01	23.54	22.62	34.77	26.29	25.94	30.25	30.5
30.21	23.74	24.18	26.94	23.43	26.72	29.55	29.33
35.54	26.87	29.66	32.87	36.5	33.47	33.77	27.14
31.45	33.35	24.39	30.33	28.47	31.17	26.25	35.54
33.03	31.1	29.94	28.39	36.8	32.12	28.5	29.74
23.38	30.1	27.73	23.7	26.02	28.06	25.5	28.87
30.49	26.37	25.84	24.63	27.69	25.22	24.58	27.86
33.87	33.26	32.73	33.09	33.51	29.99	29.04	29.97
28.49	31.28	33.11	26.95	27.93	33.71	30.43	28
30.51	30.96	33.07	29.28	32.32	36.76	33.68	32.03
26.77	32.01	29.75	30.56	28.86	29.65	25.44	29.86
32.23	24.09	27.23	31.42	29.08	22.67	32.45	32.85
30.75	32.26	33.22	30.11	35.92	31.13	29.97	33.58
26.22	31.12	26.42	29.42	27.63	26.49	29.05	34.36
30.73	28.12	28.71	32.92	33.69	30.4	30.52	33.04
21.92	25.97	26.74	23.51	30.37	27.08	25.92	23.21
34.82	30.6	34.19	32.07	28.43	35.45	35.59	30.86
35.13	30.08	35.11	34.28	29.75	30.94	33.77	28.54
32.75	37.36	35.01	33.31	33.44	33.32	31.01	29.98
28.4	27.51	33.96	31.94	28.5	25.8	26.96	33.37
30.06	28.57	36.75	31.41	33.54	34.54	36.42	31.32
36.03	36.29	33.73	40.84	33.98	30.21	39.51	32.56
25.32	28.45	29.97	28.99	31.55	33.42	26.29	29.97
27.68	32.11	24.61	24.25	32.55	27.5	29.03	25.86
23.53	25.23	23.1	24.9	20.14	21.64	22.82	24
26.95	27.23	31.09	24.88	24.87	29.14	28.2	27.28
37.79	31.2	28.81	31.03	28.24	33.56	29.09	33.55
24.61	26.31	25.64	30.42	27.06	22.85	25.07	29.79
29.59	28.7	34.28	38.58	33.07	34.1	27.11	29.7
24.76	30.82	27.21	27.39	32.77	33.44	30.78	30.95
34.91	24.19	25.81	31.16	31.37	30.06	28.9	29.26
26.44	36.08	35.09	25.13	31.34	26.51	26.36	23.28
31.64	26.5	27.05	27.87	27.73	33.4	31.57	31.22
25.12	30.78	32.02	30.28	33.83	32.46	29.83	29.68
25.8	26.96	28.2	30.72	31.62	27.65	25.69	29.69
30.82	25	34.86	29.11	29.9	24.41	28.66	32.83
27.04	22.91	24.4	26.3	28.6	31.71	22.65	29.03
28.56	33.16	33.51	30.37	25.86	28.44	29.82	25.63
30.38	32.77	30.94	27.17	35.94	32.54	31.46	30.96
31.97	27.24	26.78	31.84	32.19	34.27	31.06	28.97
37.94	28.69	33.8	34.07	34.87	27.32	33.67	33.69
28.95	25.32	29.17	28.8	35.09	28.64	36.49	29.14
27.88	24.72	21.6	29.92	26.38	28.24	24.32	27.76
40.01	30.26	34.59	42.65	34.14	38.04	42.45	35.19
35.18	34.53	30.26	31.53	30.09	35.2	31.66	36.62
31.67	31.9	29.68	32.88	28.02	34.87	30.71	25.07
31.84	34.7	38.82	30.57	32.79	30.67	33.53	34.05
33.45	30.76	24.56	26.21	27.23	30.28	26.83	28.24
30.49	25.41	25.89	22.42	27.34	25.37	19.47	25.96
27.2	31.46	32.22	28.45	29.59	31.26	33.17	28.18
39.61	42.73	39.1	38.65	32.56	40.18	37.37	28.62
29.13	20.56	27.99	25.34	31.05	29.78	23.51	31.74
26.31	29.84	27.98	32.44	33.55	33	29.04	34.07
26.85	26.44	30.93	32.76	30.12	32.49	28.83	28.62
30.09	29.06	30.05	28.12	33.27	30.51	31.84	29.18
27.36	28.04	29.68	24.19	24.59	26.92	26.24	26.96
24.83	21.13	21.29	32.69	26.76	22.22	24.27	21.34
29.91	27.71	34.67	34.74	31.83	28.42	32.3	35.11
29.37	36.11	41.34	35.07	34.08	33.22	32.12	35.38
25.04	28.49	24.73	27.68	25.03	27.55	29.96	23.41
34.78	33.44	28.66	32.16	34.46	31.28	34.12	35.04
29.92	30.54	32.33	29.82	32.53	30.04	28.07	28.84
20.7	29.86	26.3	25.34	25.16	28.38	26.63	27.32
31.2	31.18	27.99	34.41	29.52	34.52	24.83	35.41
37.01	35.18	35.18	35.57	34.88	33.87	40.38	38.03
26.64	28.22	32.4	29.11	25.84	31.75	25.24	28
27.61	29.51	26.76	25.67	26.79	33.13	22.39	30.88
30.28	32.8	33.15	30.3	33.22	32.93	32.41	33.13
35.74	35.09	36.31	36.47	34.04	38.56	32.94	30.55
30.2	22.73	28.45	32.75	25.02	24.71	29.21	31.2
31.42	37.03	29.55	29.53	29.44	31.41	24.47	26.41
31.38	33.28	27.44	29.51	31.71	28.85	27.92	30.98
24.65	26.71	23.99	29.82	28.04	27.82	33.25	29.93
26.5	26.42	29.05	33.73	27.68	26.33	29.07	32.87
28.04	28.19	22.76	28.25	27.14	27.9	20.36	24.51
29.27	30.63	35.48	35.24	36.26	27.32	29.72	30.69
30.86	27.28	30.78	31.68	24.81	31.21	28.46	22.31
32.01	28.63	30.29	26.69	28.88	23.78	27.45	26.74
24.46	27.16	30.88	27.52	27.97	27.13	32.51	28.75
31.08	24	32.68	24.16	28.22	30.07	29.68	25.03
28.47	30.44	30.52	30.15	29.16	26.24	28.49	27.65
27.9	31.39	30.11	30.96	30.35	26.31	33.56	28.14
26.34	29.91	31.58	31.15	25.24	30.39	30.95	26.36
28.3	34.6	32.58	30.01	35.99	32.24	32	30.75
36.44	34.78	33.44	40.38	35.64	37.63	37.55	36.36
25.3	28.54	29.5	28	32.31	30.94	26.5	25.09
23.05	25	25.71	26.74	25.13	26.25	29.16	26.34
32.88	32.36	31.91	35.07	31.21	32.83	31.49	36.36
29.83	34.6	32.56	29.39	32.67	33.94	33.51	34.55
31.52	31.41	31.65	27.79	33.1	32.45	31.82	27.24
35.79	28.17	29.35	38.33	36.6	34.14	27.21	32.66
31.58	32.05	36.88	29.07	34.84	37.12	34.23	35.65
27.26	31.74	27.76	27.64	25.89	31.13	27.04	24.75
31.76	37.73	35.95	29.97	31.25	30.73	27.86	34.1
29.06	28.59	32.42	30.24	34.53	36.18	30.07	32.11
26.71	31.24	35.17	31.9	29.08	25.39	28.36	29.73
29.19	31.63	36.78	32.06	33.65	32.51	28.21	36.58
25.36	31.81	28.84	29.75	30.51	27.6	28.13	26
