34.28	26.38	25.74	27.42	30.66	31.68	28.42	26.06
35.4	32.56	36.2	39.98	33.59	30.79	29.62	29.81
35.27	33.06	33.43	31.34	29.57	35.44	31.61	25.93
32.89	27.45	35.24	35.29	31.09	32.17	29.19	32.34
32.37	29.74	31.74	32.93	28.17	27.85	37.08	27.17
26.92	32.23	28.58	37	31.33	27.71	31.38	35.37
28.1	28.25	25.75	26.41	28.57	31.83	25.68	29.98
29.51	38.6	26.75	37.15	30.47	31.34	42.82	41.46
26.44	27.33	28.01	31.36	25.78	27.65	22.4	21.95
37.4	32.74	29.74	34.24	31.09	27.19	31.78	28.88
29.06	27.48	28.34	28.53	28.93	25.62	30.09	31.74
32.7	29.23	27.4	36.32	28.88	27.5	28.76	33.71
33.33	27.4	32.42	35.04	33.42	31.3	36.69	27.07
24.28	24.67	22.65	31.03	33.99	28.9	24.85	23.97
23.24	25.17	21.69	24.13	23.56	24.32	18.41	24.21
32.93	33.81	32.9	34.27	32.41	37.56	34.74	31.84
29.44	29.96	32.15	28.69	24.6	32.43	34.34	30.88
30.2	28.5	29.51	26.2	33.44	25.45	27.7	28.51
26.91	29.96	37.67	29.11	26.05	29.87	31.59	24.49
32.69	33.75	35.54	37.02	31.66	34.11	30.04	30.68
29.96	28.79	27.66	32.29	29.02	28.36	30.78	29.57
26.9	28.15	29.08	28.27	28.25	31.44	26.42	33.48
30.69	32.82	26.86	28.02	26.04	29.44	31.41	23.86
35.17	32.56	32.75	29.39	36.31	35.47	34.42	33.5
34.34	32.09	29.83	32.12	37.57	38.41	30.42	27.51
33.27	28.9	31.51	37.46	35.91	31.16	30.53	33.14
21.85	27.04	22	28.05	22.3	26.5	21.86	26.56
26.75	35.79	29.35	31.13	33.36	23.08	37.59	28.52
30.72	24.42	31.29	21.25	22.31	29.28	26.69	25.52
35.19	34.25	34.05	31.67	29.25	31.08	30.42	29.67
31.28	27.6	33.11	37.76	33.35	35.01	30.22	35.55
26.33	28.18	24.75	30.34	26.03	26.96	24.57	26.7
23.11	21.26	24.55	23.45	26.17	26.73	28.8	24.93
29.34	24.92	26.9	23.33	25.87	28.79	25.69	25.45
26.95	36.56	27.83	32.49	30.25	32.64	30.84	34.57
35.9	32.02	35.62	34.65	38.67	29.27	33.76	32.47
32.29	31.57	30.76	26.87	30.99	29.09	28.23	36.22
25.73	25.26	34.94	30.78	23.82	27.28	27.11	29.63
36.19	31.84	31.73	29.08	33.83	32.71	39.52	29.56
37.07	29.52	39.34	25.24	29.21	28.36	34.11	38.06
30.79	35.26	37.93	31.86	30.33	38.47	32.51	32.91
24.65	32.57	29.07	29.44	28.04	31.47	21.74	25.65
31.86	30.02	24.93	37.98	30.46	24.2	28.41	29.72
35.06	30.29	30.01	33.53	37.3	35.18	32.93	31.39
27.33	26.71	24.3	25.74	24.57	23.85	24.61	28.41
36.35	24.33	24.03	25.71	29.69	26.62	25.97	29.69
28	25.52	30.4	26.75	32.37	30.11	26.68	27.15
22.23	27.96	27.21	29.62	37.36	33.96	26.73	30.11
23.35	28.52	25.48	24.56	30.92	30.31	30.35	31.91
25.45	29.2	23.7	27.39	27.74	21.68	22.63	21.2
34.16	32.74	33.19	32.23	27.56	27.96	26.65	31.59
31.5	33.78	23.19	34.97	34.74	28.59	27.69	28.19
24.29	30.31	26.39	32.05	28.6	25.76	23.37	31.57
36.6	37.72	35.39	42.09	30.43	33.68	36.33	36.42
33.26	34.29	32.92	35.54	35.84	36.74	30.87	31.83
32.58	34.27	32.95	34.22	30.13	33.1	29.1	34.3
25.57	27.53	28.86	27.19	27.67	34.85	32.5	26.97
27.97	26.37	22.69	28.09	26.7	26.94	28.71	24.19
27.19	25.58	27.72	22.36	25.06	25.99	26.05	29.04
22.51	26.17	27.3	23.71	28.4	23.44	26.75	26
34.16	31.35	21.19	30.13	27.21	27.3	28.36	30.24
32.05	33.5	31.29	31.81	27.76	28.64	32.63	30.38
28.04	28.7	31.35	30.34	33.54	39.88	28.98	29.35
26.03	30.91	27.74	31.7	32.48	25.84	26.79	30.17
32.95	31.95	35.64	34.9	32.4	30.01	30.95	31.67
26.39	27.48	31.33	31.77	27.63	30.02	28.67	27.66
31.84	27.19	32.54	28.43	27.89	30.49	30.6	28.9
30.95	30.3	26.43	27.6	36.14	27.26	25.34	26.58
31.03	29.54	30.32	20.69	34.59	27.48	24.07	30.75
32.79	28.88	26.35	26.67	32.64	27.17	28.85	25.65
27.16	27.11	27.77	24.36	29.81	27.31	26.88	26.83
26.52	29.69	33.44	29.59	25.96	26.92	30.9	26.63
29.36	27.83	36.06	34.9	30.42	29.02	29.92	33.09
28.27	35.57	34.44	30.89	29.71	41.49	35.05	30.32
28.31	29.75	29.88	26.83	27.72	26.61	26.98	31.32
28.75	32.61	33.23	29.35	33.38	30.61	36.14	31.52
28.11	33.75	30.21	33.62	24.39	27.32	28.03	30.18
27.13	27.17	27.48	25	29.91	31.14	30.76	28.28
31.36	23.3	23.85	21.69	30.75	26.58	23.51	30
29.88	27.59	30.33	27.12	30.35	27.98	28.5	30.79
34.16	33.42	36.15	32.6	35.61	31.84	30.34	35.7
33.99	32.05	32.71	35.32	28.93	31.33	30.9	32.71
24.48	26.23	24.28	23.61	22.61	28.71	28.59	28.73
28.44	29.9	38.53	34.06	29.67	30.59	30.02	30.98
25.3	27.94	27.26	30.13	30.61	26.34	25.61	24.68
26.26	27.85	30.45	27.78	33.81	27.81	25.7	28.44
26.41	22.68	28.24	29.07	28.52	24.26	28.04	30.65
29.43	22.19	24.66	22.54	24.41	27.75	25.46	25.71
21.46	28.05	25.96	22.48	26.42	27.97	22.54	27.68
29.92	26.14	22.04	27.63	28.39	27.11	27.73	30.27
35.7	29.81	33.31	29.25	30.52	26.98	31.09	28.9
30.34	31.35	33.31	28.05	34.68	31.4	33.54	28.94
28.41	39.88	33.26	33.4	33.02	33.25	42	34.14
29.69	25.15	30.75	31.19	28.19	29.87	23.05	31.15
35.55	34.16	35.21	32.32	34.66	38.75	33.38	31.34
31.08	27.79	29.05	26.56	29.34	27.7	29.7	27.54
32.29	28.6	29.37	30.86	35.38	33.22	33.98	34.65
30.56	26.37	27.45	27.2	27.91	25.04	27.38	27.19
24.23	27.05	27.04	24.65	24.82	25.04	26.82	19.72
19.16	19.06	21.74	17.8	22.49	17.77	20.66	18.15
23.41	26.49	23.45	30.5	26.26	29.66	22.13	29.29
25.9	23.8	22.52	26.34	23.61	22.37	29.6	20.45
30.72	27.74	35.28	30.35	27.73	31.1	32.18	26.91
28.72	28.04	28.53	25.77	29.31	31.79	29.97	29.49
41.24	38.12	37.66	39.3	41.65	37.9	30.14	38.87
33.03	28.12	33.4	28.77	33.82	33.2	34.43	31.83
28.21	30.21	26.32	25.49	29.91	29.68	27.97	29.2
31.74	34.97	29.32	33.93	33.99	31.76	28.91	28.05
29.36	26.44	33.22	28.48	30.26	26.03	28.69	27.22
29.1	28.93	33.49	27.78	27.98	39.06	30.87	27.18
29.72	31.56	24.26	22.13	22.84	30.6	24.53	24.73
26.44	26.07	27.96	23.42	23.24	23.95	25.63	22.71
28.7	27.09	29.56	33	29.04	27.32	29.16	29.49
34.6	28.94	29.61	29.59	26.46	30.83	32.29	40.72
29.95	26.41	27.79	30.97	25.76	27.55	33.87	29
24.53	23.01	25.1	21.83	20.76	26.39	21.75	22.92
31.19	28.25	24.69	32.54	25.84	31.76	24.84	28.69
25.02	27.51	24.1	33.39	26.23	23.51	27.8	28.96
24.95	31.28	22.04	26.52	30.09	27.29	28.91	27.04
21	32.07	28.42	22.7	26.68	30.76	32.52	22.26
32.5	30.29	31.71	26.52	29.94	28.59	25.17	30.69
36.33	39.24	39.53	36.22	32.42	37.98	42.5	34.82
29.19	35.08	29.64	30.69	34.04	34.4	33.67	31.06
29.37	34.66	30.83	27.09	29.53	29.67	35.22	27.89
36.73	34.8	29.8	30.95	33.16	35.68	30.29	30.27
40.14	31.81	32.52	31.44	30.73	36.04	34.61	40.69
25.71	23.57	35.62	23.3	28.55	27.15	28.39	29.01
31.66	29.98	31.49	29.41	32.26	36.32	34.21	25.89
29.67	31.63	34.53	33.21	32.76	36.74	30.53	32.56
27	25.09	29.6	24.97	26.12	23.42	21.52	23.5
37.82	26.88	27.63	35.32	34.41	32.06	31.33	31.72
24.22	26.18	30.44	27.66	28.22	33.98	27.56	29.21
31.73	32.86	29.82	39.58	32.23	31.5	37.4	38.13
31.75	31.25	30.33	27.02	28.71	32.67	34.68	33.2
31.71	31.72	33.96	29.1	30.26	28.48	31.67	36.98
33.16	33.39	28.22	33.58	30.66	32.04	30.72	31.39
28.67	25.1	29.11	29.12	24.87	26.82	27.81	28.5
24.01	25.51	23.31	21.69	25.82	28.22	24.77	25.63
29.55	32.31	27.82	29.94	34.01	30.49	31.84	25.44
23.83	25.87	23.76	24.81	29.31	30.25	25.08	27.99
24.34	20.67	24.39	22.78	21.19	22.4	20.84	18.58
28.44	27.85	38.74	29.73	33.81	31.56	31.68	31.32
32.72	31.76	31.68	35.11	32.12	30.66	26.73	28.08
34.2	41.29	38.37	41.45	36.95	41.7	43.33	33.72
26.11	34.11	30.16	27.36	32.23	41.8	30.15	31.81
26.13	26.11	33.11	28.47	25.59	27.21	33.12	32.96
32.54	34.43	30.86	27.49	32.53	28.33	37.6	25.22
33.42	27.8	29.08	33.45	31.13	27.51	36.16	32.61
27.92	23.73	29.29	29.37	28.28	27.85	23.02	25.53
31.98	31.43	25.58	30.42	34.1	35.21	29.81	24.87
31.11	34.33	37.41	38.36	35.09	42.91	38.33	36.87
33.35	30.68	30.56	37.22	38.12	26.76	32.24	29.56
36.52	32.18	32.68	32.55	30.26	32.99	33.56	30.29
35.67	36.15	35.02	37.68	34.34	36.67	33.69	35.09
27.91	25.81	22.24	23.63	26.47	24.54	28.14	25.66
25.51	26.37	21.63	24.44	24.48	28.97	26.46	26.05
26.72	36.45	37.12	30.96	32.89	32.47	35.66	30.79
31.77	30.31	31.15	31.38	28.49	28.2	23.1	27.91
28.07	33.32	29.22	29.5	30.51	27.27	26.14	25.46
27.52	25.73	26.87	24.62	26.52	24.69	24.84	24.11
29.97	31.52	28.37	28.16	31.19	31.19	25.3	29.15
29.07	27.32	28.78	26.53	28.68	33.02	29.1	27.31
29.36	34.55	32.31	34.45	34.25	32.19	33.66	33.03
33.69	29	36.02	30.43	35.27	28.86	24.47	32.45
23.71	27.88	26.43	32.49	26.18	27.54	29.89	25.16
28.44	28.26	29.72	29.98	27.8	29.47	28.78	28.14
40.96	39.78	36.27	26.79	40.8	40.49	44.34	37.7
31.14	27.14	31.85	30.02	36	28.54	32.16	26.3
26.48	28.17	30.11	26.29	28.4	30.49	30.73	22.52
30.3	30.49	33.51	35.81	31.22	30.86	27.68	29.81
34.66	33.39	30.41	40.28	34.09	40.24	36.32	35.98
31.48	30	32.41	34.45	30.94	29.98	28.15	30.25
26.16	31.53	25.14	26.68	31.79	30.42	25.08	30.9
28.46	24.13	26.67	22.96	30.7	26.88	21.88	24.79
30.11	29.07	29.35	35.32	30.35	31.32	29.61	27.66
27.06	26.98	32.64	24.03	30.79	28.57	25.09	34.11
26.9	25.54	26.68	33.75	28.44	27.08	29.91	29.75
30.55	33.92	31.4	31.52	24.81	27.39	32.37	32.63
24.56	31.31	27.63	24.89	26.79	25.5	31.68	29.73
35.9	30.95	35.83	31.9	36.26	30.05	26.9	33.02
26.64	29.68	27.3	25.25	26.76	27.07	19.43	24
34.9	27.99	32.2	34.56	38.41	34.29	32.53	35.8
35.3	40.74	37.7	37.12	33.67	30.02	32.49	30.86
35.45	31.97	34.61	37.65	35.22	35.08	37.61	36.88
32.75	31.62	33.26	35.19	30.15	29.3	27.78	27.45
26.68	25.59	18.26	33.32	25.2	25.36	30.2	23.3
27.81	33.93	31.67	29.49	28.87	31.28	27.74	27.62
30.28	27.55	27.96	30.59	24.74	28.86	33.78	30.52
29.18	36.27	30.03	32.31	35.2	36.93	31.77	34.21
22.72	21.73	28.68	24.42	28.53	28.75	25.6	27.22
29.13	29	30.07	30.5	25.59	27.07	26.45	28.11
30.77	26.63	30.84	29.78	31.67	30.06	34.25	31.36
26.12	25.45	28.83	28.09	26.53	26.2	26.76	31.5
25.96	30.01	25.23	32.22	31.21	30.34	29.51	28.17
29.02	23.81	35.48	24.24	28.13	26.4	28.1	30.08
31.58	34.41	35.05	31.61	32	30.58	29.01	26.02
39.1	34.68	38	35.14	35.88	37.18	36.64	34.34
29.68	28.94	33.54	28.97	30.61	27.03	34.43	29.24
32.7	36.8	42.43	34.89	41.53	30.8	36.09	38.4
26.15	27.2	23.54	29.41	28.06	26.76	30.55	32.13
40.14	37.5	38.98	33.56	34.43	32.57	36.91	42.14
33.89	31.1	32.9	31.72	39.85	33.19	36.13	36.07
32.83	28.15	28.82	28.71	31.11	31.65	31.15	27.23
26.74	26.07	27.74	27.06	27.15	30.15	34.42	26.39
26.68	25.94	22.47	32.49	26.64	27.67	22.8	25.28
38.19	34.88	28.59	36.9	40.7	36.64	38.51	35.51
26.44	20.47	24.82	21.23	26.93	29.77	25.55	24.45
31.23	23.92	24.41	27.39	21.71	28.46	25.3	23.87
26.48	31.88	24.54	26.4	25.06	27.22	26.01	34.48
29.83	25.98	29.88	35.4	30.12	28.45	28.47	25.38
27.97	27.38	26.45	25.09	29.52	21.67	24.06	26.47
35.2	32.51	34.21	32.08	38.38	30.8	38.49	36.23
30.64	27.98	26.73	25.7	29.45	19.98	25.21	32.48
25.87	31.83	26.73	31.41	32.51	33.33	32.61	29.91
26.29	25.06	26.91	29.17	24.4	24.76	29.18	25.67
29.79	26.01	30.53	25.5	24.27	24.94	30.52	26.19
25.44	29.74	25.29	24.69	28.2	28.19	30.66	28.83
28.22	24.97	27.81	32.87	36.46	31.83	29.19	33.59
29.63	36.69	32.9	32.41	33.82	25.64	32.65	30.69
32	31.15	34.49	29.71	35.6	28.88	29.22	34.92
34.47	31.95	28.8	26.31	26.69	24.45	29.68	27.6
24.03	28.82	28.51	27.73	24.78	28.8	31.33	28.27
30.1	30.53	25.82	28.38	28.96	37.09	30.62	37.06
38.03	27.4	32.71	31.87	33.23	27.57	26.18	36.54
27.72	27.57	27.42	23.59	28.13	26.9	25.16	26.75
26.19	33.11	22.47	30.66	26.06	26.14	33.33	30.87
28.1	30.97	25.25	29.04	27.28	29.32	29.17	29.42
28.72	28.42	34.81	28.21	30.83	36.14	29.2	28.44
31.52	31.75	29.52	29.12	37.81	27.92	32.27	30.04
29.11	37.45	29.36	31.73	38.42	35.06	33.7	30.27
31.45	33.21	29.88	29.73	38.74	31.83	28.17	35.1
28.76	26.71	33.56	29.16	26.55	26.73	26.23	27.1
23.96	25.62	29.13	27.36	30.67	27.99	27.06	31.74
27.54	27.43	27.94	35.88	30.75	30.48	25.81	26.79
29.12	29.88	40.07	30.54	36.79	38.51	34.25	39.59
34.17	31.12	33.76	28.67	37.15	26.76	31.75	31.57
30.82	33.01	30.79	31.98	24.9	31.11	34.15	34.64
27.86	29.34	28.04	26.69	30.23	33.01	27.54	26.25
24.74	30.35	30.29	29.16	29.27	37.66	30.58	28.7
31.92	29.47	32.74	31.95	30.3	44.71	30.94	30.33
39.73	34.24	37.77	42.08	36.21	38.22	35.29	34.27
27.96	25.85	24.22	26.41	29.38	26.56	24.54	26.42
26.71	32.47	30.64	28.81	31.94	33.6	28.15	28.95
27.82	32.76	34.03	27.26	32.79	35	24.06	25.84
26.97	29.17	27.68	28.31	29.44	24.98	29.81	31.36
26.96	28.75	26.76	25.29	28.99	28.64	33.94	27.58
31.23	29.91	36.4	30.56	29.36	30.8	32.36	39.07
26.35	26.88	32.86	30.08	27.92	27.63	27.75	29.8
28.89	32.38	30.46	29.66	29.66	37.72	31.78	28.26
28.56	27.26	28.25	27.07	29.95	26.09	28.12	24.18
27.41	25.19	30.99	27.4	33.38	27.83	29.18	26.9
25.28	26.03	26.83	28.02	29.72	26.87	28.78	29.46
34.96	34.52	29.39	25.53	29.3	34.11	32.95	32.57
28.9	25.09	21.34	20.88	23.68	25.43	29.6	26.44
37.28	30.27	30.86	31.17	30.07	27.81	32.99	33.76
23.05	24.01	20.6	24.87	29.54	28.64	29.05	26.8
27.17	27.24	29.62	27.07	32.38	27.68	28.99	29.33
30.9	33.9	31.72	33.31	37.7	33.05	29.12	27.16
37.41	31.52	29.71	34.61	34.48	30.27	35.19	27.59
29.63	24.93	25.75	22.04	22.91	22.32	22.82	27.87
33.31	25.05	25.89	30.44	30.41	32.69	27.7	21.63
29.44	27.28	31.29	33.39	28.83	29.64	32.93	32.99
32.73	26.13	25.54	29.69	30.75	29.44	27.37	30.65
25.59	29.29	24.28	26.39	29.96	35.16	26.42	28.69
26.21	24.26	27.52	30.34	32.54	36.59	34.04	34.88
33.89	36.45	34.52	35.88	38.95	32.7	33.66	38.64
31.19	35.54	25.48	26.75	33.54	29.5	30.98	28.52
29.04	35.82	33.51	24.51	29.69	34.6	24.07	28.82
29.71	32.46	32.6	36.39	28.97	30.92	34.38	30.27
35.7	41.39	43.22	39.47	35.3	38.79	32.96	41.01
31.47	34.49	31.11	27.92	29.87	33.4	29.54	28.59
30.09	29.74	28.21	22.82	24.24	23.79	29.45	27.54
33.42	33.22	30.9	30.13	40.52	38.46	34.54	44.27
25.43	26.45	34.81	34.32	28.22	29.59	31.44	28.52
34.85	29.73	35.11	36.33	28.44	33.6	33.68	37.17
28.22	26.08	35.51	29.69	32.23	32.66	25.53	32.69
31.21	27.59	27.58	31.72	29.95	31.73	23.75	32.85
26.8	26.99	28.08	27.36	30.95	24.32	30.2	30.49
38.08	29.05	29.22	40.09	34.09	32.1	27.87	31.44
27.99	24.31	29.94	27.78	24.02	26.47	26.93	25.78
26.19	21.86	28.3	26.24	21.16	27.48	30.87	26.81
30.97	37.92	42.24	37.57	39.81	34.39	34.1	39.46
31.93	33.43	32.84	34.25	34.7	30.49	37.11	31.16
33.5	31.16	33.73	28.62	34.23	31.8	33.3	37.11
36.89	35.41	32.75	35.81	26.86	32	27.46	28.67
32.17	30.73	29	30.51	31.62	36.7	30.9	29.32
30.3	25.08	32.28	30.55	28.99	31.68	32.04	37.78
31.56	41.94	40.46	36.3	30.08	31.59	24.2	32.82
29.1	26.82	38.68	36.2	36.74	28.46	36.07	31.75
26.71	28.15	22.89	25.99	31.39	23.12	26.31	24.98
32.77	25.56	27.53	27.25	26.41	23	29.16	28.22
23.1	26.59	25.61	28.32	24.22	26.95	26.05	29.51
27.76	30.74	39.04	28.81	37.4	32.19	32.92	34.74
34.06	34.42	36.63	33.85	34.46	30.94	34.08	33.64
24.13	21.49	24.83	27.43	24.07	28.52	26.28	22.58
35.15	32.62	34.28	33.73	43.24	36.57	34.18	34.7
21.87	24.27	19.49	23.4	19.78	22.17	22.68	25.36
29.12	32.1	26.97	30.01	30.34	36.81	32.81	33.12
29.23	28.77	27.44	31.1	29.05	29.27	26.87	28.19
24.24	27.18	26.2	29.14	27.87	33.36	30.99	31.75
27.45	22.59	23.29	27.71	24.03	22.96	29.33	24.71
30.09	32.98	27.99	26.99	30.95	36.87	31.06	30.97
34.24	27.3	33.76	33.63	27.69	28.02	28.27	30.58
34.3	29.02	31.65	38.72	35.31	35.04	35.89	33.4
35.84	27.02	36.3	30.44	35.24	38.88	32.89	27.15
32.73	38.92	31.73	38.09	41.98	38.13	41.72	34.35
34.6	35.51	36.09	30.72	35.61	32.76	40.85	32.02
32.02	31.76	27.13	30.3	27.92	30.57	26.11	29
23.68	33.39	30.8	25.51	33.85	31.36	25.13	35.99
26.29	30.64	28.76	33.2	35.72	31.4	31.18	31.07
43.17	37.72	39.37	36.8	30.95	37.94	35.46	33.15
30.85	32.12	36.02	34.47	30.16	34.91	28.29	26.27
33.92	25.31	28.86	31.87	33.21	28.72	29.69	31.07
25.62	23.69	26.7	33.73	25.74	29.57	31.53	26.7
27.95	27.18	31.31	29.54	29.66	32.37	32.9	30.79
30.85	27.9	28.77	29.12	35.45	29.81	28.26	31.83
35.37	34.12	31.82	28.67	33.45	33.22	33.23	33.02
22.63	28.01	25.95	28.66	24.79	25.88	24.82	24.56
26.76	32.69	31.6	26.88	31.19	27.71	29.46	28.48
24.25	27.58	25.53	24.89	29.15	24.05	24.03	26.45
36.6	38.79	32.41	30.7	36.8	29.27	29.69	34.07
24.12	24.79	20.33	26.8	27.37	24.93	23.24	24.79
33.1	28.55	23.41	35.01	32.66	33.19	30.36	28.67
33.06	38.31	33.65	32.31	29.82	30.23	36.67	29.65
28.02	29.75	31.81	27.62	36.18	26.76	28.23	31.25
24.52	23.68	28.6	28.23	24.19	27.15	27.83	30.01
25.62	26.43	30.22	25.85	25.3	28.35	27.96	26.24
29.89	32.08	31.37	36.79	34.98	29.42	31.46	35.55
37.85	32.96	27.36	29.58	30.22	32.25	34.71	36.41
26.03	29.54	29.03	24	24.67	29.23	24.88	30.28
36.92	23.25	30.06	29.23	29.89	29.85	32.04	29.21
26.65	27.64	26.85	30.45	28.27	26.16	31.27	28.42
22.83	26.02	20.39	22.94	27.66	23.06	22.8	20.95
35.07	29.19	30.91	29.69	28.06	28.66	29.34	25.86
35.95	34.89	31.23	32.79	30.71	32.87	32.22	31.94
30.58	25.69	22.71	25.84	27.55	32.69	32.99	25.13
31.63	27.35	30.38	25.7	25.04	26.22	29.23	29.21
24.15	24.75	24.97	26.84	28.78	26.35	22.49	27.1
33.36	28.35	33.61	32.81	30.95	31.29	31.56	34.74
34.38	24.42	29.11	24.97	32.85	27.86	29.86	30.89
31.92	28.14	26.1	35.46	26.81	29.43	27.07	31.58
35.28	28.56	27.39	24.36	28.97	30.16	27.77	30.13
26.62	31.53	30.64	23.68	30.75	28.18	26.59	27.5
30.74	32.08	25.82	29.32	30.38	25.39	37.17	32.25
25.26	26.56	27.87	32.41	31.56	25.76	25.03	20.8
28.26	30.77	33.75	31.13	27.73	34.98	32.81	29.65
25.26	39.49	34.15	35.08	36.82	29.95	32.48	27.41
29.8	24.46	21.82	24.99	24.57	28.13	27.95	23.04
31.21	27.58	25.84	23.81	25.7	30.86	26.98	28.05
27.69	28.19	26.41	28.03	25.27	29.97	24.2	23.06
32.82	31.33	29.34	32.65	28.6	31.74	35.99	35.38
27.08	31.63	31.51	36.66	30.54	28.62	29.35	29.19
31.43	35.47	27.34	29.45	32.38	27.85	31.03	26.09
32.15	30.06	29.42	31.77	34.67	32.85	32.57	33.65
27.56	28.77	28.24	28.76	25.4	26.71	22.93	28.44
21.04	28.5	23.65	25.32	24.8	27.58	25.68	26.51
33.56	34.25	31.06	33.47	29.16	33.18	31.38	38.41
26.55	28.23	28.41	26.07	24.86	32.15	30.56	25.39
37.85	34.05	31.62	38.12	33.31	32.38	35.82	31.06
31.36	31.38	33.38	30.64	31.91	35.42	43.53	38.21
22.12	24.29	28.25	26.35	21.12	28.05	29.43	20.61
34.67	34.75	33	31.69	44.48	38.47	35.29	33.55
29.77	27.84	25.16	29.79	25.09	29.98	27.53	29.37
33.16	33.05	32.96	30.08	35.79	32.73	30.88	28.78
23.35	29.65	34.28	32.35	34.46	32.74	32.15	30.93
24.97	29.61	23.05	28.18	24.43	26.94	30.65	22.62
27.09	31.54	34.31	31.37	31.86	25.91	27.4	35.09
23.26	26.02	21.59	26.31	23.07	20.51	27.5	22.17
29.47	24.85	33.62	30.35	26.26	26.96	27.49	31.87
34.13	37.14	30.12	36.94	34.5	28.54	29.97	35.79
33.03	31.68	33.74	38.13	28.32	32.84	36.61	35.64
34.07	28.44	32.88	28.76	36.13	35	24.24	31.16
29.55	36.6	29.96	33.41	28.34	31.16	36.24	27.24
24.36	26.95	25.76	26.66	27.61	28.35	30.38	30.99
31.74	30.56	34.45	32.65	34.98	31.02	34.67	27.07
30.36	25.54	30.13	28.37	29.18	32.74	31.2	33.77
27.72	29.87	29.37	29.64	27.68	31.97	27.49	34.13
23.56	30.61	34.17	30.03	27.92	27.31	32.84	28.93
29.02	25.87	27.54	29.98	30.47	27.15	28.42	26.24
26.77	32.03	38.04	30.74	29.91	30.8	35.27	25.21
29.09	32.34	30.82	22.84	32.43	36.96	33.32	31.68
29.89	23.18	31.32	32.19	31.86	30.87	33.64	32.32
36.29	37.36	29.91	31	37.11	31.61	33.06	35.66
26.75	31.73	30.55	28.19	34.79	29.66	27.7	34.54
32.53	29.24	30.19	30.02	28.2	28.68	28.53	28.47
29.94	32.47	32.74	33.9	38.35	22.15	25.32	28.83
32.48	28.49	33.98	28.82	33.54	35.9	31.52	32.05
33.18	37.15	33.79	29.18	36.35	31.75	38.69	32.58
34.19	40.37	34.63	31.11	37.29	32.95	34.62	34.73
29.13	23.24	28.01	24.81	29.09	28.34	30.55	30.08
26.72	33.24	29.5	31.44	30.18	27.37	28.96	28.86
23.48	29.76	22.04	23.23	26.92	25.48	29.63	26.09
39.21	31.96	33.05	36.7	40.02	39.54	35.51	34.52
27.74	29.54	28.79	30.35	33.93	31.31	31.07	31.43
28.05	26.38	28.04	26.71	27.24	29.74	30.28	25.56
32.97	33.71	23.91	32.8	35.24	32.77	34.77	27.07
23.73	28.68	25.22	27.1	24.87	27.33	31.1	22.88
32.56	35.45	37.1	36.39	35.2	33.9	40.42	30.53
29.19	29.72	27.51	26.38	33.26	20.78	27.39	22.53
35.72	32.16	45.26	42.5	29.48	32.99	28.72	33.22
28.96	29.28	28.79	33.05	29.29	28.62	30.65	30.35
38.03	30.71	29.49	35.71	31.75	30.8	32.83	38.04
29.95	24.23	23.71	24.59	24.03	26.63	27.95	26.74
32.53	28.6	30.61	24.57	26.9	24.25	27.35	27.89
31.68	29.93	25.62	30.16	30.34	34.13	36.68	33.38
22.12	23.69	24.9	22.18	23.72	24.63	28.22	24.77
27.52	21.64	28.56	28.56	31.99	25.68	29.42	34.12
31.4	31.32	26.36	32.61	33.5	25.95	32.9	29.61
30.92	22.51	24.72	21.04	26.77	22.7	25.75	24.31
31.26	34.93	39.01	32.37	29.64	32.39	31.28	34.58
24.6	26.27	22.72	23.4	23.25	20.17	30.42	25.92
32.95	32.19	34.92	33.43	31.65	31.98	34.19	34.93
25.87	23.96	25.48	26.38	23.39	33.22	24.38	32.24
30	28.89	30.74	28.97	26.62	34.56	30.9	31.82
26.26	29.31	34.04	28.38	30.51	25.13	30.3	30.08
27.17	29.31	33.04	30.13	28.35	26.47	26.7	32.92
28.79	26.07	32.28	26.65	30.54	28.85	34.71	30.98
33.5	32.22	32.99	32.66	31.94	34.91	31.89	36.77
29.19	28.96	25.45	27.73	27.35	24.41	27.42	29.88
26.43	26.58	26.16	28.74	27.82	23.14	24.2	23.39
31.35	25.35	29.4	24.05	23.47	32.02	21.52	26.91
32.4	22.72	30.41	30.65	28.17	30.23	25.19	28.6
26.9	32.54	29.55	31.64	28.66	28.96	32.93	25.34
31.86	31.3	31.72	26.57	24.24	30.88	27.34	26.07
25.38	32.25	32.54	26.55	29.43	26.57	31.95	32.8
24.62	28.14	24.08	28.47	27.81	33.37	29.14	26.01
25.96	27.97	32.03	27.27	28.87	26.68	23.59	20.68
30.52	33.32	31.92	33.28	32.02	32.04	27.39	29.98
30.2	33.04	29.71	30.88	28.61	30.37	29.07	29.75
21.37	18.88	19.72	23.47	18.73	21.08	20.67	15.96
26.87	28.2	23.99	28.98	29.76	32.76	29.23	27.97
31.43	24.83	31.26	21.73	25.64	22.33	25.13	31.93
34.72	35.86	39.8	34.07	36.78	36.75	40.39	38.57
33.59	29.8	28.99	33.68	26.97	32.35	27.23	34.68
32.06	25.97	27.4	31.53	26.22	26.42	25.69	24.52
22.04	19.49	22.15	19.2	21.2	21.52	23.39	20.64
25.63	31.01	26.57	27.28	29.46	24.67	27.74	32.38
22.49	25.01	27.95	23.3	24.52	29.05	22.85	24.56
23.38	28.26	21.15	24.74	25.63	18.39	24.12	22.02
39.15	31.03	35.97	29.45	36.49	29.87	30.75	40.69
34.29	36.36	29.4	35.83	32.95	34.71	42.04	36.21
35.24	24.36	26.32	28.66	25.94	31.42	36.25	28.3
32.82	31.4	28.12	25.94	29.92	33.9	24.73	30.92
32.81	31.74	33.98	34.46	33.9	39.68	34.11	27.85
25.66	22.2	23.86	24.65	29.82	23.94	23.49	26.05
27.93	24.57	27.25	29.63	31.47	23.37	24.47	25.55
25.84	27.46	26.22	22.75	29.59	27.26	26.41	29.56
26.91	29.71	30.07	35.42	26.23	29.42	30.49	31.43
35.79	40.62	27.48	30.32	29.93	24.26	35.04	31.14
29.7	29.56	27.23	27.14	34.19	30.48	33.88	31.68
28.29	28.65	29.66	27.94	27.86	32.58	31.49	32.5
35.33	28.2	30.33	32.32	36.47	32	24.18	34.82
26.4	29.19	27.06	31.37	27.42	25.41	28.55	26.27
31.28	32.74	27.54	31.64	33.19	25.95	30.52	32.71
32.97	33.53	23.62	24.4	29.35	33.29	29.02	36.49
30.5	30.55	25.1	33.51	34.59	36.13	32.18	29.91
25.53	37.68	29.3	30.88	26.12	27.5	28.93	30.88
36.18	35.38	31.42	34.84	36.52	35.68	30.24	32.89
31.72	29.52	24.55	29.64	25.58	24.31	27.77	28.15
28.94	24.58	27.53	25.46	27.18	26.63	28.56	29.16
28.27	24.96	27.76	28.59	28.57	23.27	26.31	30.19
26.74	23.21	25.82	32.2	28.29	27.69	28.97	28.35
28.34	23.58	25.93	22.2	22.23	25.81	27.72	24.1
30.87	29.16	28.02	25.54	23.6	28.4	28	25.75
31.45	32.41	26.85	27.71	26.27	26.91	29.41	24.34
33.92	44.41	36.48	35.6	31.36	27.36	40	36.45
38.38	32.96	37.8	39.05	36.16	32.55	41.05	34.84
25.34	24.47	32.48	30.57	25.16	24.74	28.65	25.78
29.14	25.55	27.9	24.76	26.5	28.83	27.02	24.43
23.64	23.64	26.72	27.66	27.48	26.59	26.93	22.91
23.63	22.92	27.87	25.89	23.13	23.57	22.46	21.93
23.97	33.2	27.75	27.15	27	23.49	24.58	30.19
30.63	23	30.8	27.25	23.87	32.34	29.94	25.85
33.65	26.02	32.37	33.97	31.41	32.08	31.2	29.24
32.83	23.52	26.39	28.32	31.08	25.73	31.65	35.31
28.36	35.86	27.91	28.7	34.14	35	31.65	35.84
34.19	31.24	36.17	37.84	34.62	34.59	37.97	32.38
30.31	30.66	29.42	33.19	27.98	33.57	33.64	28.52
29.18	29.51	26.77	25.17	28.64	27.22	27.37	30.37
30.23	28.86	27.11	33.95	35.69	29.29	35.31	29.29
26.25	26.84	29.67	28.11	25.42	30.42	26.52	26.21
36.83	33.6	27.12	32.75	27.46	30.72	31.62	31.42
29.94	30.48	36.47	35.58	27.73	31.27	31.79	33.97
30.16	31.22	28	26.28	31.08	26.18	26.31	26.62
26.85	30.48	28.02	22.31	27.72	24.69	24.92	25.32
26.61	29.74	31.31	32.12	29.38	32.57	30.23	35.4
27.59	25.85	24.38	28.34	29.93	36.12	30.08	32.88
33.95	30.25	34.74	37.54	31.95	37.39	33.87	33.56
24.2	31.19	31.74	35.13	36.2	33.97	30.67	31.4
28.4	27.24	24.84	34.79	26.8	25.96	23.45	27.35
33.73	30.72	32.61	32.47	38.18	28.54	28.49	25.77
33.68	30.93	26.79	28.28	23.92	30.2	25.53	27.55
31.35	30.39	28	28.46	23.9	25.73	28.7	25.31
31.05	28.09	30.25	30.07	31.61	33.06	27.51	36.17
28.89	27.06	33.99	37.55	31.51	28.79	29.2	32.18
31.06	28.66	36	26.66	34.64	29.56	29.77	25.52
26.03	32.22	27.46	28.15	28.99	32.12	28.96	25.89
35.3	34.26	29.74	33.66	31.15	33.73	31.74	30.84
25.63	25.21	32.21	39.35	25.41	30.2	27.21	36.52
34.08	30.99	32.57	34.71	27.07	38.97	33.62	31.87
25.69	24.46	29.31	27.03	30.45	25.48	25.39	30.46
27.5	30.12	25.41	27.56	29.34	30.29	30.28	27.87
32.68	34.37	35.07	33.78	32.24	34.43	31.24	30.13
28.62	34.33	28.64	35.79	35.78	40.94	36.6	45.1
32.18	30.42	31.63	33.36	33.12	30.91	33.87	28.04
26.65	26.51	27.28	25.41	23.3	29.65	26.33	23.07
25.88	33.17	36.43	30.67	38.54	28.92	27.94	34.19
30.68	28.39	25.39	26.9	25.6	29.23	25.33	33.42
31.05	30.74	30.52	36.61	26.47	33.57	36.22	28.78
23.41	32.67	28.87	24.86	30.81	32.44	31.16	36.34
29.92	37.34	30.47	28.06	32.81	31.09	25.75	27.13
24.72	27.82	27.74	22.64	27.9	27.28	32.44	24.97
29.78	27.57	27.71	23.68	29.4	27.74	29.17	32.27
31.3	25.08	35.6	30.74	32.77	26.31	31.3	32.63
26.57	32.77	28.99	28.53	33.25	33.27	32.03	30.22
32.41	27.54	38.96	33.94	34.16	31.27	28.93	31.05
35.38	31.32	35.42	32.2	35.48	31.08	31.78	32.72
26.25	30.46	31.4	39.04	31.29	31.06	34.52	34.64
39.68	37.91	33.17	37.17	35.55	39.4	40.38	37.24
25.23	29.79	22.8	27.46	30.79	26.18	31.25	30.3
29.45	31.4	27.72	30.05	27.27	30.46	25.32	32.48
30.96	33.2	31.38	39.77	34.29	34.93	33.5	36.33
33.2	41.64	36.21	33.96	32.82	37.02	37.6	35.77
29.25	26.54	28.78	29.22	32.86	31.08	30.95	37.35
37.56	28.56	38.97	35.64	32.66	38.28	38.38	37.16
29.42	27.93	33.3	34.47	28.72	29.47	23.88	22.37
28.59	32.72	29.78	33.68	27.73	33.69	30.88	31.1
38.84	32.34	33.48	34.4	29.1	32.6	35.28	33.81
32.03	39.16	35.5	30.38	41.39	35.31	37.53	33.37
24.1	32.1	27.02	28.25	26.96	26.46	22.49	25
32.02	34.73	43.25	34.66	40.25	29.55	33.84	33.84
27.87	30.36	32.52	31.52	30.63	29.98	29.16	30.88
33.73	30.72	29.46	28.57	30.33	29.46	29.93	33.87
30.22	27.37	28.04	31.11	30.71	30.1	28.96	28.89
30.48	29.32	29.95	25.59	30.31	24.03	27.05	20.32
29.63	28.24	30	31.39	30.15	27.04	27.59	34.51
30.74	36.64	26.83	33.31	34.76	32.17	28.88	33.22
24.27	23.53	20.22	24.89	23.9	23.25	21.17	25.27
31.5	27.46	24.4	32.98	28.9	25.67	26.01	29.36
29.22	32.97	27.83	25.86	36.42	30.34	26.64	29.41
26.32	31.24	22.92	31.01	29.91	30.48	29.53	31.49
32.78	31.25	33.87	33.74	34.03	28.05	32.23	36.86
27.94	30.54	29.69	31.23	29.24	34.63	29.09	30.68
26.3	29.42	27.78	25.7	22.72	24.92	27.13	25.56
36.55	35.02	34.05	43.48	37	41.27	34.77	27.92
31.63	33.03	33.69	34.47	33.59	36.49	25.95	34.52
26.63	27.21	27.99	28.13	26.03	23.43	21.68	26.31
29.65	27.08	32.24	27.8	28.64	31.03	28.32	29.51
34.82	28.31	33.19	31.66	27.04	34.49	26.71	25.44
32.75	27.36	32.13	31.83	23.53	29.28	28.65	30.47
29.36	27.43	25.01	31.4	32.22	22.58	26.57	30.75
18.45	20.25	26.71	26.91	36.49	26.67	26.08	28.38
31.88	26.88	35.51	33.12	32.72	30.4	32.1	25.76
41.35	32.48	23.22	33.01	33.32	33.38	33.93	37.31
37.59	34.56	33.55	29.62	32.34	30.61	31.18	24.98
32.09	29.72	31.65	31.85	24.78	29.11	29.96	25.71
33.6	25.57	28.05	32.77	30.69	27.93	28.96	24.75
32.51	32.23	32.85	34.2	32.16	30.12	28.87	33.88
33.25	35.28	36.56	36.36	35.53	34.29	33.88	30.02
29.79	26.5	29.77	31.73	24.37	30.87	27.34	36.59
30.92	31.28	39.5	36.76	25.93	31.3	29.94	28.48
24.87	31.16	28.05	28	31.06	28.27	33.32	29.94
37.95	38.62	34.09	41.55	37.48	43.57	39.17	44.56
28.33	26.61	31.54	39.68	28.3	25.53	31.48	25.87
21.55	25.31	20.19	24.84	21.54	25.3	21.64	22.56
29.22	26.54	30.32	25.6	30.68	29.09	28.81	31.54
27.45	29.61	34.12	28.04	26.49	30.57	30.37	39.56
27.5	28.3	29.03	26.7	25.94	32.31	29.34	33.99
26.71	26.15	30.94	34.78	28.93	28.72	28.28	27.17
28.74	22.85	23.39	27.72	27.88	27.65	27.69	32.86
28.23	32.17	33.24	32.89	29.79	36.28	30.97	28.62
35.09	32.05	28.56	32.21	33.63	35.03	32.09	35.99
25.68	24.88	24	27.71	25.41	27.05	28.19	21.93
23.19	26.01	25.44	31.68	27.1	29.61	29.59	30.02
38.29	29.47	27.81	29.24	25.53	30.52	30.44	28.84
33.4	33.39	33.03	31.87	41.63	37.59	32.39	39.62
29.66	24.81	27.52	33.06	29.9	31.31	27.45	33.89
27.54	33.82	27.79	28.8	32.24	30.86	30.25	30.83
27.57	24.66	22.54	26.38	30.29	24.42	24.08	24.91
26.18	21.97	24.74	26.2	23.31	25.29	28.71	28
27.14	18.98	22.01	22.82	21.46	21.94	23.44	22.51
24.41	27.74	26.53	25.66	25.42	21.52	26.27	27.02
27.57	24.36	27.56	30.63	31.19	30.94	29.67	25.73
23.67	24.23	25.3	25.6	31.85	23.39	28.45	28.11
38.11	30.79	31.61	31.56	36.48	31.12	33.42	37.79
29.66	27.19	24.71	30.77	29.55	27.76	27.27	25.64
29.81	29.74	34.63	32.05	26.67	31.79	34.64	38.05
31.09	28.88	29.22	32.84	29.76	27.91	25.63	33.67
29.42	25.05	22.56	22.79	23.25	26.21	26.7	22.89
23.82	23.74	23.31	21.37	26.92	22.53	24.79	27.25
33.25	33.16	33.97	36.75	32.06	25.23	24.68	29.72
27.84	27.95	25.82	28.61	24.73	34.6	28.81	25.88
24.3	29.06	31.27	23.73	26.92	25.94	23.13	23.92
34.79	31.93	26.68	34.28	31.27	44.2	34.8	25.71
29.41	27.31	24.04	27.96	29.69	28.72	26.6	29.12
35.52	24.89	28.32	32.38	25.1	26.79	31.6	25.95
33.26	30.84	25.23	24.48	25.66	35.15	27.84	24.67
25.41	30.31	26.08	21.32	25.75	26.68	21.67	23.22
26.98	28.36	27.87	28.17	23.41	32.16	31.47	21.24
23.45	26.9	27.07	30.33	28.3	31.14	24.45	28.7
27.62	30.93	28.27	31.8	28.99	25.75	25.82	29.35
21.1	25.26	24.44	22.94	24.82	24.96	26.92	28.73
24.94	26.72	25.83	28.76	21.79	27.39	22.23	22.32
37.39	35.55	33.44	34.98	29.87	31.16	31.85	32.72
37.27	29.99	34.64	29.95	39.28	34.59	24.83	38.02
32	30.01	27.93	27.57	33.78	24.83	27.5	29.04
33.04	28.31	25.18	28.36	28.88	28.54	26.27	29.54
32.51	26.62	28.74	23.66	24.89	26.56	33.68	30.93
27.21	30.16	28.77	29.49	29.99	26.4	29.95	28.18
30.95	33.56	33.98	34.06	32.76	39.97	36.03	30.38
31.45	30.58	32.87	38.37	35.88	30.58	38.05	37.92
25.83	25.14	30.86	26.18	30.07	28.15	28.05	26.64
30.18	26.2	27.71	22.73	30.09	28.09	31.28	24.04
29.52	28.93	22.71	27.96	26.24	28.6	25.18	29.96
33.66	24.97	24.2	26.53	34.49	28.65	28.62	34.88
40.38	37.81	33.49	37.86	36.43	32.92	39.08	34.29
32.99	36.62	35.38	42.09	30.12	39.05	41.67	50.42
22.28	26.15	25.82	27.27	24.47	27.57	27.37	26.59
36.18	38.26	36.33	28.43	38.36	33.64	35.08	33.77
29.55	32.12	31.98	32.41	31.23	30.33	30.91	28.53
25.69	27.75	28.04	31.06	28.73	26.64	23.3	28.65
34.23	35.11	33.9	32.9	37.23	43.51	34.98	34.48
28.89	25.14	30.38	25.71	29.85	25.46	27.12	23.78
26.84	28.17	29.11	31.66	31.65	27.74	29.95	24.9
30.9	31.3	35.11	33.47	31.04	31.83	29.39	24.72
30.35	28.47	32.24	31.85	31.22	34.26	26.78	30.13
36.82	43.08	39.89	38.23	31.78	36.14	41.65	39.92
26.86	26.66	27.51	22.75	24.89	22.14	23.8	23.2
30.26	30.74	34.65	27.63	28.18	29.21	30.61	33.05
31.87	27.97	24.9	30	33.04	28.81	33.52	25.35
23.51	24.36	23.2	24.59	25.03	27.16	27.83	25.49
28.76	28.33	25.19	27.17	28.8	28.1	28.85	26.84
28.96	27.59	29.23	27.05	30.55	28.06	30.73	33.95
26.11	24.47	24.77	34.24	27.95	29.53	29.46	30.35
24.68	31.37	33.9	33.54	31.16	32.94	33.57	36.03
25.77	29.46	27.31	28.61	29.99	25.34	23.53	28.08
25.41	27.03	30.36	35.4	32.42	32.65	24.6	28.69
35.17	31.34	32.8	37.78	33.94	36.27	37.97	37.92
30.2	39.37	37.88	41.18	42.58	43.39	40.31	44.98
27.4	26.89	29.55	26.42	25.46	23.58	27.14	28.4
32.78	26.57	29.05	25.91	28.8	24.35	23.08	28.12
33.09	30.95	31.34	43.38	31.75	29.83	31.8	28.48
29.56	28.11	31.53	26.97	29.81	31.71	30.73	30.39
35.4	32.95	30.89	34.21	28.38	30.75	33.96	35.11
25.8	30.79	25.69	31.68	27.18	24.78	26.06	28.64
32.58	37.72	36.13	31.89	37.22	42.31	30.13	36.26
30.9	28.09	29.33	25.28	30.24	28.88	29.91	32.86
21.38	26.36	31.15	20.78	23.72	22.59	23.1	23.11
33.19	36.75	31.26	39.29	33	37.73	31.9	34.3
31.09	31.89	30.78	32.01	29.49	33.75	29.77	33.04
33.73	31.5	28.64	24.58	29.96	28.41	28.9	28.78
27.96	28.97	28.66	28.67	34.89	28.3	36.76	30.78
22.38	25.9	24.74	24.63	25.95	22.77	22.1	21.93
37.7	32.67	33.04	30.11	35.17	31.8	34.31	31.82
34.24	31.15	31.79	29.69	36.45	26.07	34.98	32.7
24.69	26.04	26.82	22.47	23.48	25.51	21.72	23.26
31.12	31.43	34.71	33.83	30.67	31.6	31.7	28.86
26.83	27.35	30.14	25.36	26.04	25.82	27.85	26.53
31.83	32.76	32.72	29.15	26.67	28.53	29.54	29.91
34.38	36.1	26.61	30.14	31.21	31.92	24.42	28.38
24.58	26.82	27.98	23.76	29.97	27.6	23.65	26.12
29.68	28.22	26.59	29.66	33.31	26.08	32.31	33.37
35.38	34.12	35.04	37.99	37.03	40.05	35.87	36.9
30.7	29.57	27.67	33.01	27.6	27	30.31	31.18
27.9	27.03	35.29	29	30.78	29.37	30.63	28.56
32.39	24.45	29.1	29.21	25.86	31.33	27.57	25.07
34.74	25.47	28.48	26.41	27.74	24.78	27.88	33.82
30.81	29.39	27.62	30.33	25.03	29.32	27.81	31.71
25.71	35.21	30.04	32.53	36.53	30.04	32.29	32.11
22.78	24.32	22.35	27.53	22.21	26.08	27.08	26.83
40	31.02	34.58	33.45	32.27	34.52	32.67	31.86
25.79	28.56	29.05	24.37	27.26	25.67	25.05	23.22
31.79	27.95	24.02	25.11	24.96	23.88	26.01	28.59
25.87	26.05	30.18	31.32	25.68	29.55	26.77	22.22
34.12	33.54	32.67	33.14	28.09	30.44	35.66	29.28
27.98	24.59	33.48	28.44	29.32	34	36.74	31.27
36.98	34.89	34.35	35.41	37.7	34.01	42.88	32.3
26.27	28.14	27.83	26.36	28.67	27.07	31.7	24.53
35.24	28.35	33.23	32.18	37.48	30.37	36.26	35.33
25.28	28.31	27.31	29.38	26.64	21.68	25.23	25.95
35.39	31.51	33.23	29.06	34.53	30.04	28.19	29.37
34.62	34.98	29.81	33.56	31.32	34.14	36.44	30.89
26.02	34.78	33.6	31.11	32.97	34.1	30.19	29.22
31.61	28.08	36.27	39.92	32.23	36.37	35.64	37.52
26.9	26.97	31.75	26.98	31.75	28.4	23.73	29.98
32.6	33.14	35.78	33.31	26.39	30.68	32.14	32.37
33.3	28.02	32.11	34.31	25.82	31.51	31.24	34.74
27.55	32.29	30.39	30.65	28.57	29.13	24.81	28.71
30.16	24.07	32.29	33.08	28.86	30.27	29.33	26.49
31.38	26.53	27.25	30.69	29.07	27.96	30.12	28.68
27.14	30.23	31.12	32.62	32.76	29.83	32.89	29.21
32.71	36.36	29.3	27.47	28.08	25.78	30.51	28.95
31	32.88	31.91	33.87	27.72	29.02	35.56	34.81
26.29	29.38	24.7	27.24	27.15	23.95	24.4	26.88
26.5	23.13	27.37	31.97	33.77	24.16	28.5	28.49
35.83	35.93	34.31	37.35	36.57	31.73	40.43	39.85
33.41	37.75	32.73	32.2	27.53	30.21	34.31	33.55
24.57	41.9	23.91	31.31	30.86	29.33	31.11	29.61
30.33	30.23	34.69	30.88	28.69	34.38	27.94	31.18
30.23	31.09	33.11	27.4	29.01	29.21	33.74	33.67
28.61	26.28	37.73	25.98	33	35.96	29.81	26.71
29.77	35.78	28.76	33.08	25.55	30.55	24.39	26.19
25.48	25.91	27.24	27.83	24.04	23.2	26.51	24.88
32.25	30.47	39.58	34.32	47.32	40.54	31.44	40.98
29.56	27.38	29.21	26.82	30.69	27.49	27.39	26.99
22.53	26.67	23.57	22.51	21.42	23.5	23.65	24.68
33.92	34.6	35.99	30.71	33.11	37.1	40.34	31.08
34.51	22.17	28.03	28.71	23.79	22.52	27.73	22.63
29.42	33.71	30.2	33.86	27.12	29.18	26.22	28.27
33.52	34.21	30.81	32.48	33.88	34.92	36.83	41.06
31.37	32.28	26.76	29.24	28.56	32.92	35.87	29.52
36.53	35.66	32.15	34.21	30.98	34.2	32.7	34.25
24.62	31.07	30.48	24.97	28.98	29.84	28.95	27.58
33.43	30.13	32.07	27.72	34.41	25.26	27.55	32.6
26.32	30.66	31.5	29.62	38.74	29.21	29.88	29.94
36.61	33.08	38.16	31.44	43.62	35.21	37.91	32.79
33.41	28.58	33.87	30.1	30.87	34.92	27.82	36.9
32.45	35.9	29.74	24.21	31.82	29.21	30.05	25.46
40.36	30.9	32.83	27.81	31.65	34.41	33.08	28.13
27.58	28.79	24.02	27.14	29.69	27.64	24.18	21.41
36.17	30.07	36.87	33.05	41.14	34.68	45.5	40.48
30.87	25.39	25.31	32.46	30.18	31.51	25.23	29.71
33.92	36.39	31.56	33.79	30.59	31.75	29.35	33.02
33.44	28.67	30.66	34.23	31.39	30.07	28.31	25.97
32.11	41.56	37.54	30.43	34.98	27.88	35.28	41.33
28.75	26.05	23.01	28.18	30.22	23.94	25.83	27.41
27.22	23.66	24.78	32.59	28.11	24.47	24.87	31.13
38.13	35.09	33.76	34.99	37.75	31.96	36.7	33.46
28.45	22.11	28.24	24.68	25.48	29.35	36.13	37.96
30.83	27.89	28.15	29.9	31.64	30	28.11	26.38
27.45	28.81	31.97	37.39	28.71	33.56	28.45	30.44
30	31.81	27.57	33.08	24.47	25.23	24.96	34.36
27.18	24.07	27.31	30.09	34.66	29.05	31.27	31.92
36	37.03	34.03	31.87	35.98	33.14	32.31	33.18
24.74	26.18	23.47	26.21	23.89	26.99	28.09	20.68
41.02	33.55	34.28	35.63	34.71	36.82	31.64	34.26
32.68	30.46	41.22	33.01	42.73	35.52	35.17	37.58
29.43	29.28	31.44	27.23	31.36	30.03	32.34	27.91
28.14	26.75	25.67	27.35	31.66	26.9	23.67	24.44
26.81	28.65	24.02	28.93	23.72	27.12	19.82	25.24
37.39	32.49	30.58	36.29	26.49	30.79	27.4	28.52
38.49	27.96	30.13	33.95	27.32	31.7	32.51	37.1
33.65	34.26	31.55	35.57	34.1	37.91	34.23	30.62
40.91	45.49	42.34	30.46	36.13	40.31	39.07	38.41
34.21	32.98	32.73	33.8	27.96	27.73	28.73	31.03
25.24	31.88	27.78	27.31	31.38	29.3	29.09	33.02
35.19	26.23	33.11	34.02	33.14	33.4	42.36	32.32
28.68	27.51	36.07	35.47	33.99	31.38	35.1	35.92
29.26	27.6	30.47	29.95	26.52	32.53	29.44	30.53
25.18	21.51	22.05	20.24	32.83	26.54	23.34	26.2
37.16	35.04	30.47	35.82	31.91	37.01	38.07	31.63
32.21	39.92	33.16	41.43	30.48	32.58	32.19	31.61
34	31.72	35.21	34.16	35.55	34.66	27.88	30.11
39.06	33.83	34.03	32.1	34.21	35.55	28.33	36.89
25.27	26.67	29.03	25.19	32.93	33.24	23.35	29.17
36.17	32.03	41.02	25.85	33.32	32.47	35.27	37.74
27.09	25.61	22.94	28.09	24.87	23.39	28.11	25.04
23.04	20.09	27.15	27.77	27.78	23.11	25.82	29.18
34.73	36.59	30.51	34.81	33.52	29.56	31.75	31.16
33.2	26.59	31.46	28.18	34.13	26.46	30.69	32.66
30.47	30.87	29.8	32.83	32.48	30.67	32.21	37.18
35.35	32.23	33.58	30.5	31.43	35.58	33.16	36.87
28.26	27.52	25	27.81	27.94	29.93	33.12	25.84
28.48	32.45	34.29	34.26	27.8	27.51	27.65	30.15
28.37	20.15	19.65	27.25	24.2	26.97	20.54	26.61
33.62	28.94	31.94	32.34	29.23	34.09	32.49	25.8
22.67	23.59	25.42	23.21	24.94	25.24	23.88	22.3
36.58	35.55	29.58	25.35	25.5	29.84	37.81	34.7
31.68	41.24	30.66	24.66	25.68	33.41	37.02	25.1
30	33.82	32.37	27.13	31.77	32.39	30.34	30
33.16	37.32	42.93	33.27	38.74	36.07	31.09	32.28
25.3	28.91	30.54	32.41	33.52	34.65	32.84	34.54
25.02	27.94	28.65	27.38	25.99	27.56	25.47	26.04
31.41	30.28	27.49	27	29.26	33.09	33.43	31.96
23.75	23.63	19.32	21.94	26.57	27.3	23.5	24.59
39.83	30.56	29.26	36.73	36.66	33.99	36.55	34.75
30.65	30.21	28.5	26.91	32.5	32.37	26.84	25.7
28.95	34.93	33.33	30.95	33.67	37.04	32.11	31.63
25.32	24.92	25.78	20.19	22.96	27.42	29.62	32.25
39.11	29.23	29.31	26.2	29.7	29.87	37.8	31.7
38.35	37.47	32.58	33.64	30.77	27.76	28.89	34.46
22.25	23.5	28.52	29.49	27.61	25.15	24.05	25.04
31.94	29.06	31.06	28.03	27.86	25.29	27.82	26.22
36.06	29.17	29.91	34.47	31.83	31.1	34.31	32.09
27.97	29.82	26.76	28.87	24.43	27.71	31.18	29.34
23.3	22.31	23	24.76	26.37	24.92	22.31	20.62
27.19	28.82	27.69	27.82	30.87	28.25	26.03	28.93
31.86	29.34	25.78	24.33	29.59	25.9	33.27	35.9
30.95	36.66	27.66	29.33	27.6	34.45	30.49	29.19
35.97	33.11	27.24	27.47	32.69	30.37	35.09	31.03
27.92	26.59	25.32	23.33	26	22.62	23.54	22.16
25.45	29.89	25.98	25.01	26.67	19.27	26.21	26.94
23.4	23.7	21.54	22.55	25.05	19.71	25.52	24.92
29.44	31.29	30.14	28.36	28.93	29.35	24.57	27.84
20.99	22.27	26.51	25.13	20.16	25.31	21.52	20.99
22.66	29.52	23.25	33.33	25.34	26.29	29.3	29.58
27.8	29.22	30.65	25.31	25.56	29.68	23.85	33.96
37.46	36.97	35.49	32.18	32.59	30.79	33.5	31.05
35.77	37.25	35.28	33.37	37.92	36.98	28.76	31.33
25.42	31.32	27.11	25.8	31.93	25.83	29.4	35.46
43.14	36.49	37.55	38.42	31.48	40.45	32.9	29.46
28.79	27.28	26.92	27.53	38.41	34.96	28.95	34.18
36.96	33.26	35.74	38.7	31.57	39.03	30.3	35.38
22.51	23.47	22.06	25.72	23.94	23.77	22.38	22.27
28.06	28.92	35.52	26.59	35.56	35.55	32.05	33.13
25.63	34.12	28.45	35.01	28.39	25.69	21.29	29.03
30.85	29.69	29.13	29.77	25.74	28.68	30.4	21.16
24.65	22.5	19.75	23.48	22.79	19.32	24.11	22.48
37.78	40.14	37.61	35.7	37.72	30.14	33.87	36.7
26.41	29.71	31.95	32.98	33.71	25.81	27.08	32.91
22.99	24.71	26.2	22.56	24.7	29.02	22.32	22.38
29.76	31.63	28.3	25.59	29.93	27	31.07	27.8
32.02	26.41	31.73	30.06	25.98	35.11	23.56	31.57
34.49	25.74	29.26	30.68	28.34	29.31	23.71	32.99
29.12	28.93	33.49	24.98	32.15	30.87	25.9	32.53
23.72	29.07	22.67	30.91	28.61	28.7	29.77	23.09
21.49	28.18	23.5	23.97	25.01	20.63	21.89	24.13
32.4	34.03	31	26.69	31.98	30.9	33.59	35.17
28.68	33.44	26.99	29.51	31.06	27.98	29.42	30.01
24.49	27.22	24.63	26.48	26.02	27.66	25.68	28.02
32.75	32.52	32.8	26.64	36.84	38.74	33.08	36.01
28.11	22.78	30.26	24.14	27.3	24.05	25.66	25.51
34.92	34.03	32.76	34.47	34.93	40.2	27.47	30.63
25.55	27.58	24.71	25.73	31.71	27.12	29.15	32.54
31.16	25.8	30.24	34.14	35.42	30.52	31.24	29.37
19.52	28.28	25.03	26.81	32.11	24.62	24.97	23.2
35.96	29.31	37.69	34.22	29.22	35.06	32.03	32.25
27.68	35.86	33.61	31.62	31.43	29.1	31.26	25.84
37.91	30.81	41.3	35.92	32.14	29.45	28.4	33.35
26.7	33.87	28.75	33.98	27.58	26.02	33.6	28.87
29.59	24.09	24.92	26.82	28.8	24.76	27.36	25.74
35.1	35.43	31.92	35.74	29.25	28.55	30.27	25.31
33.69	32.83	35.41	29.22	31.1	30.89	28.96	32.87
28.39	23.88	29.21	31.08	25.35	28.09	31.62	27.04
34.15	29.35	30.91	28.19	23.8	34.8	29.4	30.73
31.86	32.75	34.29	37.3	30	36.92	38.69	34.88
28.93	25.47	23.49	23.19	25.96	23.18	27.86	30.04
38.71	32.75	36.67	39.78	35.24	32.03	37.78	36.21
33.29	26.56	33.69	26.96	32.62	34.11	35.61	33.51
26.99	37.44	34.33	36.89	38.67	39.06	34.22	32.88
31.36	34.21	40.07	31.12	34.12	33.13	32.15	34.52
25.44	32.68	34.62	32.04	28.23	28.96	25.3	33.57
31.14	25.29	24.2	27.63	27.77	31.86	31.03	25.93
23.77	28.45	25.61	29.28	26.41	32.53	27.99	30.66
34.08	27.24	31.58	28.87	25.84	31.38	33.23	31.37
31.4	28	22.51	28.62	30.24	25.06	27.93	28.04
24.8	26.88	23.67	28.38	23.73	30.65	29.33	27.52
28.19	22.34	34.37	23.95	28.72	31.03	27.55	24.19
26.35	25.59	25.27	27.71	23.22	25.24	31.2	27.86
35.32	26.17	24.6	29.76	23.46	26.06	25.19	24.12
22.85	24.94	22.89	26.23	25.56	22.56	30.08	26.62
28.08	31.28	29.63	28.66	26.74	25.01	28.95	30.23
28.11	26.45	35.95	34.94	36.58	28.88	29.34	31.52
27.01	16.44	24.13	24.62	22.86	18.65	23.47	25.22
26.49	34.29	32.7	31.42	35.13	33.97	34.06	27.59
29.82	32.73	27.11	32.99	32.65	33.84	32.65	29.89
32.03	32.16	41.55	36.5	32.41	35.55	34.62	33.48
32.82	31.59	30.65	33.11	38.51	34.66	35.66	32.58
24.32	34.1	33.32	31.66	31.71	36.63	35.69	32.22
25.3	29.34	27.84	24.63	31.67	31.55	30.08	31.95
31.37	31.99	36.15	35.33	31.15	46.27	35.79	25.78
27.05	26.36	24.06	21.6	29.01	21.19	27.62	28.64
28.56	33.6	31.75	35.72	36.04	34.67	33.02	27.68
25.23	25.3	25.25	27.2	27.85	26.82	28.33	29.63
30.65	25.2	22.53	28.34	21.72	27.04	23.06	29.13
27.71	28.26	24.96	28.1	24.61	24.86	27.32	26.3
30.95	23.86	27.9	28.87	30.85	23.02	27.14	29.68
30.31	22.82	29.88	21.78	30.92	25.59	28.97	24.35
29.67	29.3	32.06	30.2	29.32	27.03	29.16	25.72
27.9	30.51	29.6	29.45	36.52	25.46	32.86	25.62
37.28	32.89	25.42	26.29	29.35	28.45	29.64	26.49
34.08	30.96	29.68	29.79	39.97	27.86	27	29.71
27.47	26.83	25.84	27.4	27.63	25.12	26.66	21.81
27.68	30.5	31.56	31.06	32.39	25.4	28.51	28.34
33.12	36.06	39.16	31.28	35.65	33.53	35.11	35.58
27.46	31.78	29.09	22.98	36.1	28.95	33.61	33.23
23.17	29.89	19.93	23.08	27.59	21	26.57	26.03
26.06	27.47	27.93	31.2	33.67	29.01	32.15	30.82
27.39	22.44	31.43	30.01	28.71	34.72	27.89	32.02
26.08	28.3	31.49	22.02	29.09	26.24	23.77	33.61
30.87	30.53	37.08	26.85	35.58	35.54	30.31	36.36
29.37	28.78	32.2	30.98	25.36	28.38	32.93	36.27
24.7	20.57	25.62	27.11	23.22	22.39	24.09	24.59
31.32	30.61	27.31	24.67	27.76	26.68	26.02	31.96
30.83	29.72	28.86	34.32	40.82	34.44	28.45	34.23
27.41	30.89	32.89	39	26.96	30.31	30.89	29.27
29.13	26.97	26.63	31.85	26.2	26.44	29.19	27.32
20.19	24.86	26.59	24.43	27.26	24.58	27.2	24.18
25.37	28.48	28.12	27.59	30.9	28.98	27.81	24.38
30.73	27.37	23.88	29.93	25.9	29.24	25.48	26.8
23.98	28.39	30.7	31.44	25.98	27.69	29.44	29.5
24.95	24.51	27.38	26.99	31.42	25.12	26.71	31.1
30.71	30.5	38.82	37.34	32.15	36.48	35.08	31.51
25.43	26.97	28.07	28.72	35.82	32.25	25.76	26.71
34.42	37.45	29.04	36.35	36.39	35.62	37.95	34.39
23.49	31.71	30.56	27.87	26.63	28.01	31.39	26.38
29.14	36.2	34.37	35.56	35.24	31.97	32.19	34.25
27.24	32.4	32.39	31	30.22	25.5	31.67	31.3
43.19	40.66	36.77	43.48	35.43	37.96	38.02	32.15
30.64	28.59	25.33	30.05	29.53	28.58	29.29	34.1
31.9	29.34	23.56	20.54	29.76	26.01	26.1	27.33
29.18	25.83	27.83	30.33	32.46	33.89	34.35	29.09
30.4	30.98	31.28	28.97	29.25	31.52	28.41	25.95
33.79	29.29	27.5	29.52	26.97	28.88	27.29	30.49
29.69	26.49	27.39	30.7	29.35	27.9	33.31	31.31
34.3	29.34	24.6	30.12	28.8	32.69	30.04	26.89
31.83	33.2	28.69	28.15	28.19	26.07	34.14	29.47
33.93	30.15	29.55	31.45	33.7	30.04	30.86	30.18
22.46	29.78	24.23	35.54	25.69	25.93	27.05	27.91
30.07	30.09	31.69	35.45	26.92	29.25	30.62	34.47
27.8	34.42	26.78	26.12	29.29	30.06	27.72	32.49
24.44	27.66	21.99	23.88	23.63	25.36	26.82	26.5
29.77	33.11	36.5	35.36	38.53	35.95	25.11	35.34
31.46	26.47	32.79	25.41	26.73	31.75	28.82	27.1
29.97	32.56	27.15	32.26	30.29	31.67	36.65	31.44
32.42	35.16	32.63	36.34	36.43	34.49	29.61	36.15
35.9	29.41	34.71	31.44	30.92	33.15	37.89	38.35
32.14	35.17	33.77	31.91	32.05	39.3	31.74	33.64
29.38	31.31	29.94	27.18	26.38	33.23	35.64	27.9
29.65	27.78	26.98	31.19	24.32	28.46	31.05	31.71
30.88	31.34	34.54	35.17	30.35	33.98	43.25	36.88
25.74	31.38	29.64	27.14	30.66	28.72	25.49	25.13
29.31	38.22	30.63	35.24	35.2	30.41	31.31	33.83
26.74	21.11	32.3	32.11	22.31	28.45	30.09	26.85
31.71	40.6	38.36	34.83	34.79	31.61	26.75	35.03
28.95	32.07	20.86	29.82	33.37	25.69	30.79	21.88
22.92	30.25	26.56	24.67	26.05	28.43	29.63	28.88
26.07	26.56	30.94	33.16	30.63	31.85	35.54	28.93
32.87	29.87	22.87	30.59	30.01	25.93	26	24.95
33.25	38	30.91	30.69	31.8	32.15	30.99	32.96
35.74	32.8	32.2	31.85	31.29	26.22	32.54	26.83
27.47	27.82	31.45	28	26.03	27.81	26.5	31.24
33.73	29.7	30.61	22.19	31.28	34.99	32.91	29.88
29.47	31.63	29.24	31.23	24.23	32.1	27.18	32
35.37	32.56	33.98	41.17	35.48	38.7	40.22	27.81
27.51	27.08	23.96	29.31	29.5	25.95	24.42	20.73
34.73	33.99	38.42	37.96	33.36	35.09	35.55	30.62
30.02	29.35	26.56	27.54	26.11	26.24	25.59	25.27
25.87	26.11	23.78	25.17	25.3	22.42	28.59	34.32
39.26	35.36	38.25	38.22	40.24	27.09	41.42	39.76
35.45	28.92	34.16	31.35	38.36	40.2	37.51	32.76
25.66	23.93	26.36	26	24.38	21.29	24.41	24.42
29.16	32.03	30.85	32.73	31.23	35.46	32.18	27.6
34.08	33.28	35.26	25.27	27.01	33.54	32.97	40.81
32.33	26.21	28.68	19.89	26.4	25.02	27.39	24.46
35.28	33.62	30.27	29.09	29.76	22.74	33.87	32.25
31.02	33.88	32.75	23.97	24.76	31.99	33.56	30.05
35.02	36.56	35.13	31.09	31.15	38.46	33.15	32.63
28.57	27.08	28.49	28.86	29.06	24.06	31.94	32.69
37.71	30.82	36.72	28.85	35.64	35.82	34.95	31.75
24.92	30.99	29.29	24.86	25.87	27.25	21.57	27.05
27.59	30.46	31.88	30.86	30.53	29.87	26	29.56
34.19	33.4	32.82	35.16	35.39	28.26	30.93	27.55
23.8	23.03	24.55	25.35	20.57	25.15	22.58	25.19
23.79	28.58	31.13	31.21	30.31	33.09	30.74	30.51
36.16	25.83	27.12	27.23	33.86	26.98	27.68	31.2
36.62	37.5	30.14	30.63	34.98	36.21	36.89	29.79
27.33	26.89	28.1	22.2	23.32	22.33	28.38	29.55
33.68	30.94	31.99	26.92	32.12	30.14	31.14	24.75
29.3	32.88	30.73	30.62	30.59	27.03	31.32	31.52
33.51	37.58	32.71	32.05	32.65	38.65	35.29	34.43
27.9	29.44	27.08	26.19	28.9	25.73	31.61	31.77
35.81	31.14	37.24	30.75	30.27	33.05	35.16	32.98
25.95	27.58	29.97	26.03	28.16	28.25	24.6	23.89
23.15	29.72	32.53	29.58	26.81	26.69	27.86	26.65
32.39	30.35	29.99	22.29	27.72	32.32	28.78	28.64
27.33	28.39	22.98	30.97	33.94	30.47	29	31.74
19.77	23.57	25.64	25.24	21.76	23.11	22.26	22.58
24.12	27.21	26.64	28.52	30.24	27.85	26.07	29.18
34	29.66	31.37	35.59	38.88	33.48	31.43	35.5
37.71	43.13	37.61	36.67	36.57	33.94	31.72	35.87
27.57	26.39	27.86	26.98	28.46	26.15	26.83	28.9
31.31	39.45	30.51	31.59	28.08	36.3	29.13	32.49
34.39	33.33	31.43	25.47	27.29	28.7	28.97	31.12
32.34	36.66	32.73	34.21	32.02	30.42	31.88	33.31
33.53	30.83	35.73	30.11	29.45	33.27	30.16	29.43
31.61	28.32	31.23	29.01	28.45	25.82	26.36	26.83
33.39	32.31	37.43	36.07	32.49	31.45	32.77	37.97
30.57	44.46	34.6	34.93	40.73	35.61	31.58	39.07
31.27	30.49	26.41	31.1	36.03	26.21	32.47	29.8
25.13	27.17	32.43	26.63	29.03	30.38	28.71	28.44
21.11	29.03	30.22	24.85	25.38	22.99	22.78	28.99
27.46	26.95	27.22	29.97	26.75	31.99	29.28	31.11
35.21	34.93	30.61	30.82	29.91	32.27	32.9	35.91
29.11	28.11	28.91	24.64	28.89	26.59	24.7	28.11
30.36	32.83	32.64	29.54	33.42	25.86	27.2	28.05
24.87	26.68	32.84	26.5	32.67	23.69	29.98	30.02
33.93	36.09	28.66	32.1	33.97	34.46	30.46	37.84
34.19	27.8	27.43	31.51	28.67	25.12	30.11	31.53
23.25	24.6	22.84	23.54	26.35	27.52	27.08	27.3
35.73	34.28	31.79	31.81	37.89	36.74	33.3	34.78
19.87	27.92	20.68	22.19	20.63	28.07	24.16	26.7
27.53	29.39	31.95	25.31	26.22	30.59	25.5	25.92
25.83	29.23	23.1	26.53	31.88	30.4	33.62	31.79
23.68	21.39	28.44	23.48	28.26	30.3	27.91	27.17
30.09	26.57	32	29.38	26.99	27.46	29.75	26.56
24.44	30.78	35.58	33.32	30.64	26.89	35.17	28.51
31.58	34.14	31.08	33	32.3	31.9	29.88	33.12
21.76	29.14	23.35	26.48	25.33	24.77	24.98	26.57
25.78	29.11	28.65	19.68	29	27.07	28.93	27.4
30.72	29.36	23.44	28.73	30.51	34.49	29.29	31.03
36	39.66	38.75	34.75	38.88	40.07	42.83	39.3
30.03	26.64	27.9	28.2	26.07	26.57	23.73	24.75
28.76	30.9	34.49	33.45	32.49	34.32	35.39	39.95
32.04	34.16	37.81	32.14	31.17	29.82	34.69	31.15
23.56	21.77	24.8	27.63	23.4	25.44	24.79	25.77
26.08	24.31	26.81	22.47	27.32	23.93	33.1	30.72
30.94	35.26	35.82	37.93	28.87	31.91	36.35	34.9
29.74	34.58	28.5	31.91	31.85	29.86	33.1	29.42
32.2	38.02	35.81	31.57	31.62	29.19	29.89	38.94
35.42	31.36	41.15	34.29	37.97	36.24	29.08	37.09
26.87	21.5	21.59	23.34	23.37	23.74	28.8	26.31
33.42	29.42	37.1	27.15	32.4	36.79	30.43	32.32
33.36	33.66	33.04	30.77	30.15	35.61	30.65	27.87
27.42	24.55	23.97	27.96	30	28.84	26.92	28.61
32.97	30.01	29.81	31.88	31.81	39.36	36.73	37.09
31.1	26.62	24.68	23.9	29.45	33.47	31.11	29.51
23.76	28.31	28.45	32.55	26.94	27.67	37.9	28.5
31.15	28.23	35.72	28.14	30.41	26.68	28.19	25.31
27.16	32.2	27.94	29.43	34.66	25.26	30.75	28.35
31.07	29.18	29.5	32.67	29.75	29.69	27.08	30.5
26.1	32.25	27.95	27.91	31.77	31.27	37.54	28.05
25.61	26.37	23.16	27.07	25.35	20.88	28.92	33.02
33.59	33.94	35.04	34.06	39.13	38.62	42.84	40.51
