34.3	35.75	30.82	31.95	37.19	35.87	33.99	32.96
26.93	32.09	29.92	27.03	35.22	26.62	27.88	30.11
25.71	31.76	27.38	29.89	30.73	24.42	31.37	36.79
36.2	37.17	34.27	32.81	35.52	35.6	29.8	36.67
32.81	34.04	36.87	36.3	39.47	31.88	37.5	33.59
25.6	27.73	26.96	31.6	30.77	31.31	33.98	25.98
28.59	27.29	26.89	29.08	29.83	25.86	27.47	30.55
29.87	28.05	24.55	27.5	25.22	26.34	27.98	28.24
30.19	30.39	25.52	30.06	35.06	32.07	26.51	32.55
29.94	27.28	24.77	29.72	29.33	31.04	30.53	29.11
33.67	28.08	30.92	35.08	29.48	28.03	32.57	29.72
35.13	34.36	26.33	33.82	25.68	33.48	31.28	27.96
29.75	30.91	31.84	30.43	33.53	30.88	36.13	30.31
29.33	31.39	34.36	32.1	32.66	25.96	33.84	41.57
26.67	24.06	29.92	27.7	27.61	28.89	30.73	33.24
38.56	35.22	35.29	37.63	32.63	26.39	38.03	33.59
21.78	26.53	22.24	23.26	25.29	25.81	23.17	22.64
26.3	34.4	31.98	31.92	32.59	32.66	33.97	30.25
35.45	27.46	26.73	30.67	33.31	34.96	29.16	37.25
37.96	37.41	35.58	40.39	36.45	40.88	39.67	33.15
38.4	36.74	29.95	36.94	28.23	37.35	34.52	27.98
26.01	28	30.24	29.94	29.17	30.06	35.69	33.5
27.84	30.47	30.19	34.2	30.09	25.15	27.67	25.28
25.09	24.88	19.65	27.38	19.41	20.82	24.12	24.67
26.95	24.73	30.66	26.51	30.23	28.52	26.71	24.88
28.28	29.69	25.13	33.51	26.99	29.58	24.01	22.59
25.81	26.07	27.79	27.26	32.16	33.21	28.35	29
32.09	32.46	32.23	29.85	32.54	32.95	32.14	30.37
30.06	26.94	24.66	26.32	24.41	24.9	27.29	25.5
35.92	34.27	34.78	28.69	34.28	35.03	28.42	31.38
33.52	35.36	34.93	34.56	38.63	31.14	34.16	36.02
30.8	24.29	31.51	26.61	28.9	25.89	29.27	29.49
28.14	28.17	35.54	24.68	27.26	29.32	30.96	29.19
25.88	26.93	35.37	29.47	27.52	23.47	28.5	30.81
34.34	29.1	31.97	32.16	35.43	35.38	39.05	35.44
32.33	30.23	33.88	34.56	31.19	34.18	32.49	32.58
34.31	37.3	33.56	34.64	28.94	33.59	39.58	35.68
26.41	21.94	18.96	24.21	25.87	21.39	21.97	22.24
31.33	33.96	26.57	25.6	30.28	37.4	28.47	30.12
34.24	37.79	36.81	35.25	32.75	42.41	32.74	36.96
35.64	30.83	31.87	32.6	33.32	32.65	35.8	33.2
32.78	30.45	29.13	33.45	36.47	29.21	33.31	32.53
34.6	30.06	31.1	29.84	25.07	27.97	27.64	32.38
28.36	26.75	34.05	35.42	31.87	33.17	36.95	36.32
31.63	33.88	30.28	27.13	32.29	34.95	33.27	28.69
42.51	28.87	31.41	37.27	34.4	37.47	32.83	43.05
28.8	26.2	33.63	25.83	36.53	30.77	31.47	33.64
27.01	26.13	27.7	24.04	26.49	28.33	28.42	27.86
28.91	28.98	33.92	30.54	35.57	32.47	31.38	27.11
26.97	25.73	23.99	27.26	31.58	26.58	28.51	31.7
28.22	26.71	28.5	31.95	31.47	38.17	35.51	32.74
35.12	33.68	31.77	30.49	36.7	43.65	31.45	34.61
33.64	33.72	35.18	36.29	30.22	33.58	29.79	36.92
22.81	24.11	23.03	25.18	26.23	25.08	24.63	23.66
31.25	29.73	35.34	30.76	33.07	36.09	35.51	33.54
32.74	30.53	37.93	35.27	39.35	33.93	40.41	37.01
31.83	29.68	32.57	32.17	28.67	30.14	36.8	31.95
25.4	26.36	35.43	30.8	29.42	28.8	23.65	29.19
27.75	35.28	33.49	35.01	32.24	33.4	31.36	29.75
23.36	26.3	25.57	25.72	27.25	24.43	26.41	29.59
35.43	27.29	29.23	33.39	35.4	30.58	36.57	34.64
26.61	29.58	30.61	27.5	31.75	31.57	28.83	34.04
31.91	30.88	35.49	35.81	32.77	38.96	34.83	28.64
25.93	29.04	29.27	25.5	29.12	26.14	23.16	22.53
29.06	32.33	26.48	30.49	34.27	37.4	33.5	31.94
31.53	27.39	31.4	26.7	25.29	31.29	33.99	31.19
30.19	33.16	39.16	29.94	34.12	31.33	35.02	32.38
27.8	26.76	27.88	24.14	26.05	20.02	29.03	24.9
31.35	30.8	31.83	29.54	28.4	25.42	31.47	31.94
32.12	31.92	29.68	28.44	30.09	31.78	30.33	27.06
30	24.28	24.24	25.44	24.95	27.36	24.67	24.27
27.98	24.31	26.87	37.1	24.64	32.49	22.99	36.61
25.65	31.86	26.61	28.51	31.51	30.09	27.9	26.44
28.53	30.93	28.88	27.93	29.8	30.37	28.26	29.8
26.47	27.34	25.49	22.96	23.35	26.68	22.68	28.27
30.95	31.39	34.45	35.14	30.34	35.59	29.73	32.04
26.49	25.77	27.73	21.79	24.57	22.45	25.83	22.01
27.43	28.59	27.15	30.63	23.61	30.55	29.12	30.67
19.41	22.88	24.22	19.22	18.8	22.67	25.86	25.1
41.78	38.72	39.08	32.54	46.75	37.78	33.07	45.29
27.8	27.57	30.85	28.16	32.1	25.19	30.9	28.46
28.2	26.36	30.33	30.14	30.42	27.47	28.19	25.81
30.77	27.67	31.73	26.17	26.02	33.07	27.16	29.29
31.67	30.9	28.97	32.13	34.58	31.02	36.23	27.62
25.15	27.68	25.92	26.48	23.33	30.19	25.79	27.36
31.76	35.24	34.4	29.48	29.1	38.19	29.84	31.13
26.54	22.25	26.51	25.01	26.11	30.84	32.63	28.98
23.37	20.67	23.48	21.79	25.93	25.33	25.29	25.53
34.44	28.57	33.16	36.72	34.76	35	41.26	40.05
37.74	39.02	34.32	32.98	30.7	33.37	33.98	35.63
29.92	28.53	28.61	26.2	31.19	24.78	36.23	32.31
25.06	23.77	31.05	29.69	27.88	32.67	32.98	32.02
32.69	25.84	26.17	27.71	23.39	27.19	27.31	23.19
39.04	29.63	29.95	30.19	31.06	32.3	34.21	35.28
31.43	31.59	27.84	28.98	32.83	39.41	37.45	35.87
31.67	24.93	31.86	30.01	25.61	29.2	28.01	28.12
29.46	33.63	41.63	34.35	32.37	34.26	36.5	30.84
29.21	26.93	31.01	32.98	31.6	34.76	34.51	27.46
32.92	41.44	23.54	39.78	31.71	31.05	34.97	29.96
36.1	38.95	31.43	40.11	38.14	40.74	31.02	35
34.6	39.22	30.6	30.09	29.78	31.22	27.82	35.38
29.44	26.12	28.02	29.73	27.53	24.12	27.77	29.98
27.54	28.59	32.5	27.89	33.75	27.39	25.08	32.72
28.93	24.9	28.08	27.87	23.05	29.33	24.84	24.35
27.43	25.8	26.7	23.83	25.54	28.52	24.29	24.06
29.59	27.63	28.49	31.6	26.97	25.94	29.19	24.15
33.1	31.35	36.52	30.59	34.1	29.56	34.65	29.69
24.86	27.84	29.12	29.11	27.78	32.59	29.58	28.87
28.41	30.22	30.7	29.21	28.5	23.93	29.55	27.46
24.6	30.5	26.79	35.88	35.55	30.56	31.36	28.3
24.39	32.96	26.12	29.7	27.35	28.86	33.23	29.17
29.31	28.72	35.91	34.1	29.24	30.03	32.88	29.07
30.58	27.96	30.24	36.86	33.22	26.08	31.69	31.6
28.73	25.85	26.89	28.22	24.64	30.47	27.87	27.93
35.16	29.84	25.41	22.66	23.5	25.12	26.09	24.13
31.73	28.07	27.66	24.75	21.51	28.91	25.75	26.52
28.95	23.77	28.15	27.72	31.78	31.24	31.59	27.21
34.27	23.85	32.31	29.22	21.95	32.28	28.39	33.65
31.97	27.5	31.49	37.65	34.85	36.95	30.2	33.08
28.67	28.52	25.16	30.59	30.32	29.95	26.43	26.09
26.95	25.94	24.81	28.1	26.08	26.49	25.43	25.4
31.09	28.62	37.85	30.95	36.29	32	35.06	27.77
34.55	28.03	30.73	34.43	33.87	36.93	30.94	34.99
28.61	23.87	24.18	27.55	33.32	25.28	29.06	28.69
25.55	26.06	29.21	24.42	23.37	29.72	25.44	26.33
27.06	24.24	25.4	20.56	23.99	20.35	29.48	24.33
27.88	29.47	33.79	30.39	30.93	35.75	26.09	28.12
29.11	25.15	26.96	28.64	27.48	34.56	25.52	28.42
35.56	29.04	29.98	26.92	32.65	26.31	26.85	26.41
27.81	28.94	24.98	22.39	24.93	26.79	26.62	24.46
25.18	24.57	33.53	28.36	29.39	24.62	29.05	21.54
23.9	33.72	34.2	32.77	30.39	28.36	28.77	26.81
31.15	38.42	29.64	32.21	36.14	31.25	32.9	34.87
30.29	27.78	32.15	29.81	32.11	26.87	31.65	29.94
29.73	31.01	30.4	34.97	30.02	27.34	31.18	30.66
32.16	32.1	25.75	34.76	29.77	34.54	35.17	26.65
34.71	36.3	31.97	35.12	35.36	32.77	33.19	37.64
32.98	30.33	33.27	24.87	28.51	33.05	31.13	31.54
24.88	28.62	33.55	27.89	27.5	31.23	31.92	30.7
28.31	29.94	30.86	35.56	27.96	29.59	33.45	31.64
20.19	24.75	22.23	23.9	27.59	21.19	20.24	27.23
30.4	28.2	31.39	23.59	27.84	33.16	38.21	28.95
32.61	34.33	31.95	23.89	25.23	25.68	29.36	30.31
32.52	28.14	26.94	26.05	26.67	31.42	35.61	23.19
39.14	37.37	36.92	31.34	38.12	32.53	35.78	29.3
40.9	28.57	37.93	35.44	35.95	35.16	38.58	33.39
43.29	33.58	31.18	32.21	31.03	34.69	38.65	30.79
30.36	30.73	29.02	33.2	33.77	24.32	26.58	29.68
30.03	33.55	33.68	27.58	29.75	30.48	32.34	34.5
31.5	37.84	35.26	31.87	36.77	25.14	32.44	32.13
34.57	36.32	31.21	30.94	31.09	31.48	31.84	29.2
26.34	29.87	24.14	25.48	22.87	24.6	27.09	25.52
34.23	34.47	33.2	37.51	36.05	38.62	37.95	35.41
39.74	33.75	42.41	43.33	42.34	43.06	37.11	44.64
34.12	32.75	36.75	34.1	37.79	38.19	36.87	38.87
28.15	24.01	24.13	24.43	23.92	29.74	21.48	26.5
30.91	29.06	30.38	28.24	30.99	29.18	25.41	28.29
28.18	29.84	37.15	33.43	31.86	29.42	29.99	27.28
26.39	28.84	33.65	28.52	28.13	21.73	21.07	24.41
37.46	30.55	38.98	37.61	30.66	28.51	31.07	27.08
31.02	28.54	32.87	34.85	34.58	33.42	30.4	35.89
24.62	25.41	26.44	25.33	23.83	25.59	23.96	25.07
30.42	29.76	28.04	32.28	32.12	29.97	32.81	29.31
33.73	32.18	32.22	26.19	29.43	29.9	31.82	39.38
30.41	30.79	35.84	30.77	36.75	31.14	26.9	29.23
30.87	26.88	30.58	27.13	29.71	30.33	29.22	27.96
25.57	31.14	32.26	29.03	26.95	30.78	27.13	30.71
27.44	32.47	30.66	28.04	31.15	25.11	26.16	32.9
25.27	24.57	30.32	29.63	33.65	31.25	34.19	33.3
30.38	32.88	24.79	32.53	32.62	36.24	32.92	29.44
36.7	37.28	40.89	48.09	35.59	38.51	41.66	34.69
31.15	37.78	35.17	37.19	37.11	35.81	28.9	35.13
33.74	38.06	34.31	37.4	35.84	32.05	32.85	28.92
22.52	28.82	25.74	24.45	28.81	25.01	26.22	27.08
27.68	28.95	33.57	31.11	31.43	30.6	31.23	29.67
29.14	28.28	31.06	35.7	30.5	32.27	30.18	32.86
27.16	26.07	30.28	33.86	30.06	30.47	27.69	34.76
29.34	28.7	29.69	26.74	31.92	28.88	27.97	26.42
32.13	30.93	25.72	31.54	27.57	37.68	31.75	34.59
27.93	26.81	29.21	24.54	21.8	28.51	26.08	31.29
34.69	30.61	32.53	32.18	31.13	29.3	33.03	30.92
41.07	35.07	33.14	41.76	33.23	33.45	35.93	31.31
29.17	27.66	31.76	33.8	27.21	26.21	25.98	26.26
32.25	37.28	32.49	31.11	37.85	34.52	32.72	35.59
21.28	22.37	20.57	23.14	23.45	22.3	20.7	21.64
38.2	31.91	34.87	32.47	36.58	34.76	30.11	31.75
37.93	40.02	37.58	36	33.26	36.36	32.51	34.63
23.8	21.74	27.14	28.27	28.45	25.4	28.8	25.1
28.13	36.07	30.71	30.51	32.35	24.95	30.66	32.62
31.27	28.32	29.8	34.42	28.97	28.63	23.86	29.35
25.48	25.54	30.32	22.61	23.08	21.22	24.61	24.17
28.62	35.62	28.47	31.54	28.47	28.71	29.28	26.48
28.71	26.7	22.09	21.8	27.34	26.83	28.69	23.46
25.08	28.87	31.38	27.95	29.97	29.41	30.65	24.59
41.12	37.46	38.73	34.28	31.1	35.91	40.63	36.35
24.6	32.64	28.93	32.03	38.37	27.73	27.28	36.13
33.71	29.81	34.87	30.55	31.79	27.47	32.46	32.8
25.4	30.49	25.93	36.64	26	26.01	30.84	28.35
32.61	33	32.14	27.73	31.8	31.74	34.44	29.99
31.98	31.29	33.45	29.46	30.52	29.56	23.78	30.32
27.22	28.61	26.57	32.69	22.69	29.43	30.82	27.65
26.24	30.74	34.05	31.47	30.97	31.02	25.27	30.72
29.31	25.45	25.36	26.23	28.56	32.68	28.73	25.52
32.01	38.94	30.35	33.23	27.1	38.67	34.66	31.53
36.22	30.3	30.91	36.2	34.17	35.21	34.72	35.64
37.86	31.9	27.54	32.71	28.21	32.04	27.41	30.82
33.61	33.16	25.92	27.78	32.32	29.41	33.13	31.52
33.72	34.34	34.53	28.09	34.74	27.21	24.98	28.22
24.6	25.83	28.22	23.3	27.63	28.88	26.39	24.06
27.87	34.59	28.5	30.09	30.62	28.8	24.31	27.45
30.75	28.13	30.71	30.02	28.98	34.9	31.03	29.11
25.1	26.97	24.91	21.94	22.92	23.24	29.22	30.98
25.52	32.07	33.2	27.75	33.14	37.23	33.88	31.05
23.84	26.76	30.07	24.45	30.01	27.28	28.42	23.33
26.95	21.7	21.44	29.91	27.19	27.58	24.27	22.76
25.65	18.23	21.11	25.02	21.85	27.88	26.01	24.46
38.95	28.33	31.57	25.49	29.34	29.82	27.63	33.53
33.34	32.52	39.06	30.11	33.14	31.03	26.39	32.98
23.29	22.83	26.33	21.42	21.31	25.39	21.6	24.89
31.13	25.37	25.86	27.47	26.99	26.07	28.33	28.35
25.89	32.33	24.25	29.73	33.37	32.06	31.98	29.15
30.12	29.25	41.41	27.7	32.93	39.85	31.74	26.31
33.15	34.06	31.44	36.42	37.1	34.76	28.63	34.65
30	31.98	29.01	31.1	29.34	29.47	24.11	27.46
29.42	32.08	34.52	32.61	32.09	30.2	32.81	36.07
25.98	27	27.73	29.25	27.33	23.5	27.17	28.47
30.33	24.48	26.1	24.49	23.06	31.02	25.73	25.39
33.34	28.69	34.45	31.85	38.77	30.42	33.94	27.28
33.41	32.02	29.94	28.03	31.01	29.77	29.32	31.33
25.28	32.63	28.16	30.4	27.31	29.13	31.55	35.68
30.24	29.16	31.66	29.34	29.09	25.72	31.56	25.24
33.49	33.19	32.68	30.52	23.02	24.91	34.07	35.08
30.11	25.19	25.9	25.69	29.02	26.11	31.59	28.74
27.76	29.11	27.56	26.45	25.43	34.89	35.06	31.54
37.67	33.77	27.52	29.88	27.95	36.5	37.86	31.86
28.5	23.18	29.2	22.54	30.35	33.6	28.09	29.45
28.19	35.52	34.05	28.12	25.24	24.4	29.28	30.54
31.92	32.52	33.47	31.45	32.7	28.79	31.64	28.79
28.78	32.76	28.54	27.68	28.53	28.51	33.56	33.64
38.56	28.84	28.02	43.92	34.15	34.06	35.33	35.4
26.01	27.86	29.14	29.63	26.1	29.41	25.81	26.25
36.95	37.82	27.45	28.9	35.18	36.96	36.35	35.81
34.83	33.99	28.26	30	35.3	24.96	31.98	37.54
28.3	29.04	29.52	22.42	27.38	30.2	28.3	33.82
33.15	34.36	36.79	30.01	25.75	32.01	35.6	28.24
23.6	30.79	25.63	24.62	24.53	26	22.61	22.04
33.09	33.16	35.69	34.12	30.77	35.88	28.95	30.96
37.56	31.18	30.39	25.19	34.69	32.93	30.66	26.1
20.93	22.57	21.64	23.92	24.35	20.91	20.96	23.06
30.42	29.47	29.51	32.93	31.9	28.68	29.5	23.94
22.44	24.74	25.5	28.7	28.46	29.09	33.07	29.04
32.27	31.87	29.24	32.02	34.84	30.65	31.74	28.91
34.24	35.42	35.43	35.67	30.59	33.88	36.36	37.02
25.1	24.78	21.48	26.29	25.06	32.21	29.11	26.71
41.42	38.49	38.34	38.05	40.9	37.67	35.71	35.65
31.47	32.25	26.49	29.19	32.84	33.48	24.75	26.18
26.94	29.57	31.9	26.16	28.45	28.48	31.13	26.39
35.64	34.06	33.72	30.52	34.62	35.04	29.19	36.44
28.33	30.38	35.73	29.1	32.07	37.32	32.78	29.24
44.07	34.22	40.91	38.19	32	42.33	35.66	39.77
31.24	25.57	33.34	31.11	28.64	29.14	32.69	26.5
23.35	29.45	29.27	27.49	26.12	26.09	31.5	30.5
26.7	27.07	29.96	33.78	26.76	26.74	28.65	25.11
28.92	28.98	27.66	30.66	22.91	34.43	25.26	29.23
29.38	33.08	31.82	30.13	30.56	33.46	30.59	27.08
26.05	26.75	23.66	25.95	30.67	29.71	25.99	29.3
25.5	22.49	23.39	23.86	22.73	25.67	25.37	20.05
25.71	33.87	22.76	27.62	24.79	27.82	31.71	26.86
27.51	32.03	31.14	32.59	30.03	29.18	27.84	26.79
35.94	32.42	29.87	36.36	39.75	36.38	31.98	30.07
25.55	28.29	26.84	25.34	34.08	32.91	26.96	30.12
23.56	23.11	25.72	22.98	31.45	24.88	19.91	30.92
26.31	32.26	34.09	35.04	33.76	30.69	37.7	31.38
34.75	26.55	27.65	28.8	22.89	27.63	27.84	26.67
36.22	26.08	34.76	32.59	25.02	25.62	22.79	40.19
26.38	28.97	25.03	31.98	31.77	28.28	28.99	30.21
29.63	42.05	44.52	36.02	27.49	30.37	42.31	35.45
24.56	24.72	22.56	25.86	26.03	25.6	26.02	23.9
25.54	28.21	33.89	29.48	28.15	26.49	30.39	27.38
39.15	31.6	32.39	31.5	32.7	36.89	32.65	31.85
28.27	35.28	30.67	31.73	36.5	34.05	30.23	32.18
31.2	34.96	34.9	34.89	27.06	33.44	39.43	27.81
32.13	31.32	29.97	29.39	25.16	32.78	26.2	30.24
27.8	38.1	39.37	32.39	35.49	31.37	30.32	31.61
26.78	36.87	32.2	38.42	43.88	37.76	42.71	43.38
33.83	35.1	26.73	31.42	37.43	28.64	29.28	32.65
33.65	38.63	27.96	31.49	34.42	33.61	31.4	33.97
22.46	25.71	22.94	26.26	27.68	25.34	27.74	25.93
26.56	27.32	29.49	27.15	23.92	29.31	25.61	26.56
26.92	26.09	32.23	25.83	34.52	28.97	31.65	26.9
30.19	28.99	27.91	32.9	32.83	33.27	25.72	34.04
34.62	37.88	29.74	33.26	33.8	33.16	33.69	35.74
25.76	33.74	28.81	24.79	33.45	29.32	28.97	30.86
28.12	35.43	28.49	29.83	31.7	31.89	32.47	30.03
32.44	27.17	30.79	30.31	31.86	29.76	32.02	31.27
33.8	28.51	32.82	28.8	31.66	26.65	33.56	29.47
30.48	27.53	28.46	32.55	29.71	26.26	29.84	36.06
21.58	28.06	23.3	22.26	21.64	20.8	24.79	21.01
35.21	28.31	28.26	27.28	27.58	29.39	28.67	28.98
24.47	19.92	25.06	30.35	35.67	26.7	24.38	21.79
34.19	30.02	30.58	28	29.15	31.62	34.21	32.33
26.31	28.08	23.03	26.78	26.16	30.93	27.25	32.94
26.56	25.66	24.23	29.6	28.46	28.58	29.69	28.22
25.86	21.52	23.27	25.06	26.68	25.82	24.9	29.55
33.53	30.65	27.59	35.9	29.14	33.05	30.92	27.65
29.6	31.73	31.82	25.29	27.15	30.77	34.41	31.37
30.26	33.46	37.33	32.47	34.28	38	36.73	33.3
27.1	30.42	27.69	25.47	27.86	30.57	27.84	28.24
36.03	32.5	30.48	32.01	33.96	30.83	30.6	35.63
30.03	26.62	29.97	27.22	24.72	21.1	22.91	26.29
36.91	30.64	27.13	31.62	29.68	26.82	25.56	29.99
27.83	33.86	32.84	38.32	30.32	29.53	27.4	29.56
40.17	32.04	40.35	36.54	37.05	38.64	37.22	33.01
29.41	30.66	30.98	28.31	28.58	34.67	28.36	28.97
29.42	28.62	31.19	29.36	36.09	26.92	27.82	37.76
25.33	23.89	29.04	25.15	26.62	22.42	26.78	22.29
25.58	26.16	28.06	28.92	36.88	27.85	31.48	29.18
27.19	31.76	33.1	30.12	29.64	35.44	32.98	32.7
25.19	30.91	32.51	29.13	35.14	31.09	29.61	30.37
30.11	27.63	27.53	26.5	26.99	27.19	24.98	28.52
20.17	27.04	26.44	26.97	22.45	23.97	23.23	24.1
31.91	32.85	33.12	33.55	27.82	38.61	29.43	33.65
33.47	26.49	29.6	33.35	34.43	27.57	30.26	29.19
31.17	33.66	31.68	36.55	34.54	31.1	40.65	29.99
25.05	26.27	29.87	23.91	27.78	26.32	32.73	28.62
27.67	28.17	26.91	23.77	33.78	28.53	27.61	26.17
26.11	24.95	25.61	30.17	30.84	29.71	27.52	27.05
24.62	23.63	24.71	26.34	25.74	26.06	21.79	27.22
30.34	33.24	29.94	31.86	29.26	32.45	28.01	30.93
32.13	33.33	28.76	31.84	27.28	34.64	27.99	27.04
31.66	28.46	28.18	31.44	28.99	30.26	28.04	27.99
25.22	26.91	28.24	25.98	25.1	28.95	25.65	29.72
31.75	27.57	31.6	27.33	27.66	26.63	31.29	29.3
34.9	29.81	35.22	32.06	33.69	35.38	34.23	33.62
33.67	31.45	27.85	31.52	29.48	28.84	34.02	26.11
34.71	32.35	34.16	28.39	29.28	36.67	28.25	35.35
38.61	42.36	34.16	32.64	40.4	38.63	41.05	35.6
27.47	27.32	35.15	27.63	33.09	31.02	29.05	30.46
28.67	29.94	26.85	27.01	28.22	32.04	32.39	29.16
25.4	24.22	27.69	29.17	29.42	25.93	26.94	29.13
33.62	31.32	30.71	31.63	28.39	28.67	29.71	32.73
32.34	27.59	32.36	29.58	29.19	30.13	36.02	34.94
31.61	32.89	29.16	28.54	28.13	28.46	28.47	32.27
32.3	26.72	27.56	31.7	32.19	26.39	30.29	27.88
29.13	32.88	30.99	28.09	31.2	28.94	27.15	34.96
37.16	31.96	40.3	34.49	37.53	35.45	29.74	34.47
33.51	33.68	33.77	33.33	40.95	35.22	30.94	32.37
26.7	26.19	31.5	28.56	26.85	33.2	30.7	29.41
28.5	32.93	31.32	29.41	28.93	29	30.41	28.84
21.28	25.58	24	22.94	21.14	26.49	26.44	27.81
31.04	26.17	33.1	35.48	30.25	27.34	28.9	32.59
26.19	29.3	30.54	31.08	26.72	34.56	32.03	28.22
29.23	30.56	37.88	27.66	29.89	36.09	35.58	33.21
28.41	32.82	31.43	34.56	29.98	33.97	29.51	28.63
33.03	37.06	34.01	31.86	36.05	29.82	32.4	34.49
29.29	29.44	32.23	35.16	31.35	27.86	28.29	30.38
36.88	30	31.05	29.89	31.45	34.12	32.4	27.76
26.55	25.64	33.85	37.06	30.1	28.5	29.32	28.43
23.5	21.37	24.05	21.93	22.04	25.35	20.08	29.91
30.27	24.12	25.35	22.89	27.01	25.1	25.26	30.25
21.4	23.97	23.86	27.77	25.45	29.62	24.04	26.51
25.64	28.2	31.53	25.17	30.69	30.2	25.42	29.99
28.92	26.91	27.71	32.76	32.45	33.94	27.24	29.71
29.5	27.93	25.21	31.89	28.91	27.02	34.06	32.43
25.71	30.59	35.35	28.8	24.27	30.1	26.3	35.95
32.17	29.51	29.68	33.99	32.99	28.31	25.38	30.99
31.81	26.65	30.35	27.71	27.07	31.68	33.99	31.83
25.36	30.34	32.55	24.91	28.69	23.31	28.81	21.91
30.23	27.39	24.74	32.31	25.72	31.43	25.24	26.17
24.55	27.67	25.23	33.02	24.33	27.07	27.56	30.3
43.2	28.83	33.76	31.64	38.33	31.25	37.06	31.04
28.46	33.77	38.21	31.51	34.76	33.24	35.59	35.56
26.51	32.25	28.58	30.23	30.8	29.58	28.74	24.19
34.06	34.27	31.89	34.46	33.3	34.19	37.52	34.11
33.2	34.63	33.5	32.1	30.1	28.36	32.62	27.67
27.58	23.92	24.2	29.92	26.99	24.84	28.65	27.09
33.06	35.6	33.51	32.14	27.62	36.82	33.43	38.76
29.3	31.26	29.6	27.57	28.63	25.04	22.21	26.82
29.23	35.16	34.56	34.34	34.19	27.34	37.96	29.88
30.09	30.47	37.45	35.66	34.76	32.67	34.39	32.81
36.12	38.26	34.71	33.98	40.16	27.79	29.76	32.77
30.73	32.96	27.96	29.63	27.93	31.74	32.36	29.65
31.05	26.6	26.3	27.85	28.44	28.08	32.42	29.26
29.19	32.15	31.34	29.9	29.53	29.83	30.09	27.94
26.32	25.51	26.68	26.73	27.13	27.61	28.39	27.69
24.53	27.33	28.88	24.51	29.17	26.32	24.34	25.15
32.27	29.81	32.6	32.06	28.26	28.04	31.91	33.34
23.25	24.23	23.11	26.59	22.67	27.54	29.34	24.72
30.95	29.15	33.96	33.04	29.35	29.18	23.83	30.02
28.27	29.27	29.82	36.26	29.16	27.83	33.13	23.6
34.68	31.1	26.08	30.06	32.57	30.05	31.85	28.12
34.34	30.21	36.6	31.84	32.77	39.77	37.49	33.99
38.67	40.2	34.43	40.21	33.66	38.36	33.68	35.17
28.44	32.96	36.83	41.36	38.18	32.34	42.6	32.47
24.5	27.39	28.05	25.59	27.2	27.53	26.86	24.73
29.05	29.66	32.87	29.43	33.04	28.4	26.44	24.95
26.48	32.57	30.49	31.98	26.11	30.51	30.49	30.38
29.68	29.12	24.6	26.27	26.3	25.98	26.68	23.92
26.57	25.49	29.2	29.7	26.25	23.67	31.83	25.81
31.72	27.3	33.55	26.91	29.54	32.37	28.25	28.38
29.87	25.46	25.11	32.72	31.26	25.98	31.89	27.92
29.59	29.2	31.68	28.26	36.05	31.08	29.13	32.17
32.09	32.25	32.31	32.55	31.1	30.7	22.37	25.34
28.7	33.74	27.41	24.92	34.17	22.16	30.55	26.67
23.81	27.37	29.56	24.33	24.31	23.3	21.76	25.86
32.36	34.66	34.28	32.03	27.36	32.61	31.6	32.78
28.57	31.02	27.96	27.29	29.54	36.91	33.47	28.75
31.06	31.77	34.29	29.67	34.85	34.03	24.09	33.35
25.26	24.93	29.43	31.17	24.62	25.5	24.05	28.22
34.45	30.8	31.92	38.05	36.09	34.65	32.5	35.48
32.97	32.07	26.67	28.63	29.06	27.94	25.95	32.16
25.05	26.82	25.52	23.05	24.07	28.37	28.25	25.31
44.32	32.67	35.65	34.86	33.29	34.87	34.36	36.63
33.75	33.12	26.43	28.75	29.03	28.19	35.92	29.74
28.41	27.07	28.51	28.33	27.93	31.28	29.63	24.75
37.44	31.28	31.78	27.59	28.75	23.43	32.33	28.72
27.98	32.04	35.08	32.33	31.22	39.01	38.41	34.88
23.96	30.65	25.98	28.87	27.18	26.36	26.32	25.46
40.47	30.29	33.11	32.69	35.33	36.17	34.97	30.04
25.18	23.52	25.22	20.84	25.51	23.33	21.42	30.56
29.54	31.18	30.23	29.11	26.43	28.02	27.37	32.55
25.27	32.91	24.2	29.54	29.28	25.27	24.9	34.61
31.66	32.33	26.31	28.19	27.56	28.69	30.92	34.32
35.53	30.42	30.24	35.69	30.9	27.56	34.8	24.12
20.72	28.97	24.13	24.5	24.88	23.28	24.08	22.02
29.54	29.6	30.84	33.41	34.16	29.47	31.1	27.55
36.55	34.97	35.86	36.88	38.35	36.44	33.69	37.2
26.21	25.71	26.84	25.64	21.91	26.29	18.63	25.3
31.21	33.53	24.55	28.13	24.9	21.53	30.31	23.03
31.51	25.94	26.77	22.85	26	26.3	28.94	21.58
33.7	33.46	34.79	30.14	34.98	31.89	33.31	31.36
30.94	31.05	26.27	22.9	26.65	26.48	29.34	30.37
33.94	29.85	26.87	29.7	33.23	28.7	24.32	26.9
27.67	27.27	27.16	26.99	26.65	27.86	21.67	28.76
24.72	21.56	23.48	21.06	21.06	20.79	26.7	23.13
18.09	18.92	21.4	21.29	21.51	17.77	20.62	17.43
21.22	31.61	29.79	24.14	33.62	24.15	27.23	29.54
34.5	30.45	31.53	30.18	38.11	32.43	36.54	34.62
37.64	31.03	31.82	35.49	32.87	36.38	43.34	30.04
22.71	28.19	23.9	30.69	22.92	29.44	24.43	31.12
30.42	32.85	35.88	28.74	36.01	31.11	35.34	30.32
41.46	35.1	36.64	31.66	31.88	37.3	34.44	40.65
26.55	29.98	32.02	24.94	26.63	33.39	27.54	24.93
29.38	34.8	33.35	29.11	30.08	35.94	31.99	33.65
26.24	31.59	27.59	24.59	23.56	20.33	25.75	29.48
34.3	27.51	34.56	29.45	26.92	27.69	30.55	30.42
27.85	34.68	27.38	26.68	27.99	30.96	28.27	30.13
30.23	30.17	23.81	27.11	30.44	27.94	32.61	29.58
26.32	32.51	33.66	30.32	31.95	32.07	33.99	27.47
30.26	27.66	27.08	25.67	31.64	31.68	26.43	32.07
32.77	26.87	32.28	26.55	24.22	30.49	28.93	28.47
33.4	37.33	37.21	35.55	36.82	44.61	40.27	41.83
31.17	37.08	36.96	29.75	29.36	30.91	27.72	33.11
32.61	25.91	34.1	30.22	31.58	31.18	26.95	28.28
32.56	31.41	27.78	27.21	31.97	34.23	35.29	31.38
29.55	28.33	32.59	29.11	26.83	32.3	32.77	33.46
33.41	27.69	35.32	33.23	33.11	34.87	37.88	34.85
27.13	26.42	27.75	26.98	26.62	29.53	28.05	32.25
20.48	26.67	29.77	24.28	25.12	22.28	22.38	25.41
30.6	26.57	27.11	30.58	31.42	34.11	26.44	29.41
29.1	28.23	27.01	22.97	31.27	37.35	28.41	28.02
24.52	23.21	25.69	25.03	27.05	26.41	28.75	26.28
31.51	31.37	28.11	27.58	32.57	29.59	30.26	27.22
30.7	27.01	31.43	27.74	29.05	28.72	25.1	23.57
31.67	30.97	29.52	29.46	24.62	28.18	26.31	31.23
27.17	25.47	26.91	27.51	25.25	27.66	29.77	26.49
30.79	34.76	38.44	30.68	34.89	35.04	36.14	34.8
35.47	21.8	23.92	32.35	28.51	34.54	26.73	32.16
26.37	23.03	25.76	29.02	24.86	28.96	25.78	29.96
26.44	31.26	31.5	23.28	30.73	28.62	30.68	28.4
27.57	33.7	31.48	39.33	31.26	37.09	30.89	36.63
25.4	30.38	26.3	24.46	26.62	25.71	33.29	28.08
28.31	38.71	36.77	29.45	32.24	37.72	27.44	42.28
31.1	28.34	24.93	30.64	33.48	24.43	28.82	29.68
25.24	27.66	28.33	25.47	30.28	29.95	26.27	24.3
33.81	28.9	28	29.71	32.15	35.35	31.92	35.39
26.52	24.13	29.88	28.64	31.92	34.69	27.53	31.36
24.2	24.29	27.07	33.89	27.94	29.45	34.51	29.63
26.37	25.77	29.59	22.84	27.73	31.29	25.37	24.17
28.52	27.87	26.81	31.49	27.99	29.37	21.44	29.9
29.89	32.39	30.58	26.62	29.31	24.99	28.9	28.66
32.22	34.2	30.31	30.57	34.13	32.43	31.13	32.75
28.37	24.4	29.3	29.39	24.74	28.17	27.89	32.44
29.87	30.45	22.3	36.63	32.65	30.51	32.77	30.36
30.08	30.13	36.39	37.04	32.23	28.86	38.74	32.11
30.71	31.93	34.19	36.75	31.5	31.89	34.91	35.43
29.25	30.02	30.94	33.07	31.32	40	28.44	27.29
30.55	25.89	34.4	34.86	29.57	32.69	28.37	31.7
26.04	26.79	29.53	27.41	29.88	30.62	29.31	23.89
36.63	37.28	39.31	32.36	29.43	35.89	37.81	32.88
23.38	25.72	26.96	32.49	26.28	27.84	28.41	26.1
24.35	26.71	22.25	27.45	23.37	22.77	30.38	27.34
31.5	34.2	25.58	33.57	31.08	32.06	27.15	29.67
25.34	32.97	36.47	33.62	23.49	30.98	33.01	24.68
27.53	22	27.13	28.05	24.11	28.04	25.65	23.02
28.79	36.12	31.61	34.36	33.44	38.61	34.09	26.69
26.41	31.69	22.95	28.25	28.82	27.41	31.71	28.77
28.5	25.88	25.62	29.96	26.27	29.37	27.28	31.62
30.86	33.42	29.05	31.19	32.56	27.39	30.3	32.63
29.4	31.08	35.98	29.86	30	27.2	31.77	29.58
26.16	26.55	26.37	25.59	24.5	25.44	26.45	29.39
38.46	33.22	28.55	33.15	33.87	32.8	31.83	35.69
29.4	24.74	31.5	25.26	26.72	26.86	24.45	30.62
36.55	30.9	32.47	26.91	32.68	36.15	28.66	33.35
33.3	29.78	35.41	31.26	35.96	31.2	34.17	26.39
28.52	30.06	33.01	38.47	35.49	34.86	37.68	30.46
36.96	29.32	33.47	35.94	24.35	32.14	37.81	31.27
26.42	25.44	32.39	27.75	27.44	26.26	31.45	28.76
29.64	28.46	30.02	32.4	27.15	30.12	23.48	26.98
23.74	24.72	25.37	24.81	30.63	25.86	25.07	28.21
20.95	26.69	29.77	34.85	27.95	30.45	27.06	28.41
29.56	36.26	32.79	27.48	32.88	34.1	35.25	30.35
30.54	29.59	25.2	32.84	29.13	33.21	27.25	33.8
27.17	32.17	24.54	30.86	28.97	31.71	30.4	32.2
25.09	24.35	24.01	23.81	24.74	27.87	26.29	25.21
30.23	29.38	28.58	25.63	26.31	33.47	30.2	27.69
31.18	29.37	29.54	25.72	30.64	31.4	38.25	31.7
35.63	31.8	29.23	31.73	31.37	30.62	26.85	30.92
33.25	29.33	30.43	33.21	31.71	29.82	30.03	31.27
25.46	25.4	25.26	29.32	27.87	33.5	30.31	29.18
29.81	34.56	33.88	29.13	34.59	26.95	27.36	27.51
30.12	37.64	28.31	32.11	37.75	33.05	28.4	30.7
27.81	27.92	25.5	29.3	31.63	26.47	24.97	30.98
30.93	41.76	30.01	31.18	31.17	28.01	28.16	30.52
28.18	27.11	27.81	22.97	27.46	31.45	25.49	25.87
37.34	34.03	36.31	37.14	39.34	36.78	37.25	34.89
25.92	26.29	25.83	23.48	24.91	30.66	31.48	27.3
25.87	29.35	25.34	28.45	26.22	27.46	27.44	27.19
27.96	29.54	22.3	25.86	29.08	23.2	29.19	31.01
32.11	34.2	28.56	33.84	28.08	29.95	27.09	27.99
25.92	28.17	23.43	28.72	26.45	30.36	25.27	30.04
42.78	35.84	39.88	33.51	39.49	36.3	42.11	32.61
26.24	27.38	28.67	20.56	27.14	30.83	33.69	28.03
34.01	35.28	31.37	33.07	39.88	38.26	33.97	34.15
38.14	33.17	32	34.75	29.33	35.22	31.93	37.67
32.14	29.05	31.05	37.87	32.41	34.82	36.15	33.42
32.18	35.44	37.47	33.88	32.43	33.75	32.02	34.52
22.19	23.03	24.45	22.1	24.66	22.24	28.84	26.21
33.29	25.96	28.63	23.81	32.67	28.04	33.27	26.91
31.82	30.26	32.3	30.56	29.03	26.36	30.39	28.97
40.58	33.43	31.77	27	33.45	30.1	29.93	30.05
27.48	36.28	25.9	28.23	30.48	31.01	29.07	30.35
30	32.38	28.87	28.63	28.77	27.53	26.76	24.98
26.61	27.23	28.93	22.92	32.6	32.77	27.1	28
26.27	26.13	21.26	37.2	29.26	24.01	26.56	24.89
42.01	30.75	37.22	36.28	37.5	35.22	29.48	36.96
32.16	35.77	30.9	29.76	30.29	30.6	24.57	32.09
37.8	32.08	32.73	32.62	30.42	32.99	26.93	35.27
36.74	32.46	31.51	30.3	31.27	31.55	35.03	34.26
26.46	29.4	25.19	24.53	24.4	21.33	26.93	25.46
33.9	29.57	32.16	34.04	30.68	33.38	31.1	30.83
32.9	24.95	30.39	28.99	28.54	29.07	27.26	32.34
23.51	24.87	28.67	28.03	31.7	29.47	31.14	26.58
23.59	27.94	25.86	25.87	25.97	25.7	28.82	32.57
30.97	29.31	29.16	33.34	33.97	33.59	33.3	28.72
25.63	24.14	21.62	23.09	28.51	24.34	22.34	27.46
39.49	34.87	33.37	41.65	28.38	28.49	36.07	34.36
23.81	26.58	24.61	29.83	27.36	31.72	21.91	29.33
28.53	26.61	28.32	30.73	22.43	26.91	25.54	25.48
31.57	33.46	33	29.94	33.58	27.19	26	30.76
24.52	24.07	25.21	28.21	25.74	27.29	29.35	26.07
30.7	29.31	24.83	25.33	25.95	24.88	27.45	27.88
34.91	29.86	29.48	27.59	28.22	30.45	30.12	26.33
29.99	34.05	37.26	29.51	37.08	32.65	33.88	30.93
28.95	29.42	27.38	31.2	32.35	33.13	28.41	26.9
32.13	30.76	29.52	28.19	26.41	22.36	28.25	28.01
36.49	35.1	30.96	30.39	32	44.68	33.04	31.48
30.8	26.14	33.79	32.48	30.54	31.37	33.54	35.28
24.46	24.29	27.18	25.82	28.25	26.15	27.25	23.84
23.98	23.25	25.68	19.79	27.09	28.85	29.69	28.48
28.92	21.13	28.06	28.63	28.4	27.83	29.89	24.79
30.68	30.88	37.28	32.71	32.53	32.12	30.01	28.98
31.36	31.93	31.58	32.79	32.59	26.1	25.12	27.79
31.67	29.69	33.26	31.74	25.09	25.67	28.88	29.83
34.08	25.1	28.79	27.11	31.23	34.98	31.91	31.49
30.73	27.76	25.77	31.59	27.83	32.12	26.54	28.82
26.67	24.1	33.09	31.94	30.26	28.44	33.23	30.52
30.82	34.96	31.3	33.46	28.63	37.71	28.01	33.48
33.44	27.66	28.82	29.15	33.11	28.02	31.92	32.16
35.73	30.64	29.97	29.42	26.34	29.07	34.25	29.91
21.92	26.49	26.9	27.4	24.29	22.51	33.63	22.33
30.49	37.61	35.08	35.2	34.8	30.62	35.67	31.15
24.53	22.11	25.92	23.82	28.13	26.96	25.63	27.04
34.34	38.72	31.62	32.93	33.75	35.96	35.57	33.22
31.51	25	32.15	33.47	28.74	35.51	27.55	32.31
29.39	35.32	35.41	32.23	38.42	33.59	33.25	34.05
26.48	29.18	32.28	31.34	30.61	26.35	29.62	28.33
31.11	31.66	32.81	30.11	32.7	40.31	34.43	35.67
28.86	31.17	26.53	25.73	36.03	31.1	29.7	30.22
29.3	26.99	27.26	24.94	29.56	25.49	36.22	25.16
29.24	30.57	34.3	31.28	32.56	30.96	27.94	35.65
30.63	40.27	32.55	34.76	30.25	32.53	34.72	32.33
27.78	27.2	29.53	29.84	29.27	29.59	27.41	26.09
25.57	34.22	30.01	26.68	28.11	26.54	27.35	27.5
39.7	38.79	34.69	32.8	37.6	34.06	34.57	34.77
27.36	27.18	33.13	30.03	32.85	32.56	27.91	27.41
39.73	32.94	28.31	29.78	36.09	30.72	25.66	31.28
34.78	31.41	33.22	32.45	39.37	28.15	36.21	30.41
29.36	38.31	33.34	36.35	29.87	35.85	32.78	30.17
34.57	33.21	30.35	40.12	36.23	31.98	29.19	30.14
26.67	26.6	30.94	28.12	25.1	26.29	29.68	34.98
25.22	22.88	30.29	34.18	27.33	31.81	29.83	23.57
24.35	30.67	26.08	30.13	25.91	29.07	25.99	25.14
32.37	31.57	26.61	31.98	25.48	27.67	36.11	28.21
25.69	32.34	28.55	29.62	35.38	24.01	25.81	32.51
33.58	28.83	26.9	31.48	27.38	31.72	25.05	31.17
30.63	28.93	31.14	33.95	31.63	25.57	24.17	25.91
29.29	39.16	37	36.43	36.57	35.39	38.34	35.03
28.36	27.64	23.31	22.75	25.87	25	25.3	25.86
38.1	28.71	38.77	29.07	28.39	35.16	29.47	31.15
40.87	32.32	38.11	37.02	34.61	34.93	31.95	34.07
33.89	28.63	38.24	34.69	31.74	30.28	24.79	31.61
31.66	28.71	34.16	30.24	34.82	29.82	31.59	30.45
28.86	25.88	32.57	27.49	23.98	28.05	26.9	27.65
30.56	30.79	39.37	30.43	29.7	32.87	31.6	33.79
23.9	32.47	28.6	24.54	24.82	30.17	28.13	27.62
28.36	31.35	35.93	28.83	27.67	31.53	27.14	31.37
33.62	26.25	25.64	28.13	26.66	28.6	24.27	31.39
31.5	34.65	28.38	32.34	31.75	29.99	32.18	32.93
32.03	29.43	35.69	35.44	26.45	30.62	27.88	29.21
23.13	29.71	21.9	24.17	23.79	22.22	22.97	24
36.86	36.1	29.81	28.73	32.73	30.46	34.3	37.6
34.78	32.82	33.73	33.35	36.43	33.92	32.69	33.17
37.08	41.06	34.34	27.05	30.35	32.14	34.72	37.71
27.69	26.23	28.55	34.39	31.4	31.15	34.48	33.46
26.9	24.18	25.29	28.61	26.81	26.54	23.48	26.83
34.09	36.92	37.07	32.29	34.36	29.57	35.08	36.65
30.74	24.33	31.5	29.04	25.54	34.73	30.74	26.84
23.31	25.09	19.69	21.65	26.83	23.21	25.14	24.77
28.3	28.33	31.99	23.69	34.52	33.79	32.42	29.14
41.5	33.68	29.87	29.26	33.54	47.32	40.89	39.84
40.77	33.15	37.33	33.46	28.17	32.14	34.85	31.43
29.08	29.07	26.76	30.23	25.13	31.11	28.54	29.41
27.16	32.21	28.33	24.68	24.23	24.75	27.02	24.89
24.28	30.52	32.64	29.28	22.19	30.07	25.97	28.4
27.3	27.1	27.52	32.85	26.99	28.86	25.94	30.26
34.25	28.61	24.2	25.76	29.49	29.8	27.91	28.27
28.05	24.84	31.1	26.92	31.11	31.93	28.85	28.16
34.17	35.96	32.23	36.08	34.53	31.9	31.83	36.11
32.32	32.85	33.43	31.65	32.96	30.97	33.41	36.58
33.71	33.22	28.71	32.39	33.01	31.72	31.05	35.02
30.16	33.11	29.37	27.02	29.04	29.82	33.46	27.79
26.74	27.18	28.68	21.69	24.85	28.1	26.2	30.5
27.83	29.05	28.99	27.57	29.49	29.64	26.35	31.49
28.85	31.6	26.57	26.85	39.03	29.81	29.27	30.47
30.34	30.51	27.61	27.9	25.79	27.64	27.02	25.5
29.16	29.82	28.75	28.98	31.42	33.58	33.53	30.76
30.34	26.46	28.69	32.24	27.11	28.57	27.78	32.16
24.81	26.05	23.01	23.32	24.67	25.49	22.67	30.29
30.72	29.62	26.43	27.33	23.26	27.77	32.03	26.2
28.65	35.35	25.02	34.25	37.6	29.97	27.21	28.25
26.94	29.06	32.11	26.29	28.53	28.38	30.33	28.52
28.92	27.74	32.17	28.63	24.07	24.68	27.29	26.33
32.91	32.27	32.14	33.96	30.68	36.73	32.79	28.28
36.2	42.23	34.89	43.71	33.78	35.12	39.69	36.12
25.94	31.16	23.72	28.89	27.54	25.43	29.11	29.51
28.49	27.47	27.19	21.41	30.19	32.67	27.64	28.18
31.29	24.87	28.67	29.46	30.94	30.33	28.66	30.42
23.19	30.99	28.57	32.35	27.62	31.82	33.05	30.09
33.22	30.39	28.28	38.76	34.98	29.47	26.73	26.41
27.82	35.61	34.97	32.47	32.48	35.91	33.65	26.15
27.41	28	28.97	25.17	33.83	25.99	27.48	28.09
25.84	22.58	21.65	23.8	22.03	18.07	22.33	24.42
29.23	26.82	28.12	25.18	34.49	28.59	33.55	27.1
34.07	29.09	23.01	28.65	30.69	33.72	28.51	25.43
32.13	29.65	27.11	28.89	28.77	30.01	32.52	29.83
35.78	30.06	36.18	30.81	29.78	33.04	33.88	33.21
25.01	28.17	26.75	23.67	26.66	22.75	22.81	24.46
23.22	21.69	29.1	25.24	22.74	26.45	27.46	29.58
37.05	33.63	29.25	30.09	30.56	32.72	37.19	28.41
29.11	34.58	37.3	37.69	30.29	28.26	31.45	35.94
33.95	33.83	29.29	29.14	33.95	35.87	29.45	34.14
31.58	30.31	24.54	29.1	24.63	27.95	25.35	31
28.56	29.06	29.24	31.51	34.36	25.65	27.2	27.4
26.49	22.91	25.25	25.77	24.59	24.07	26.61	31.13
36.93	33.2	32.88	31.63	40.91	33.46	30.92	35.75
23.96	18.54	26.83	28.89	24.66	23.98	25.79	26.2
32.42	31.1	28.88	34.23	25.04	32.29	26.41	27.61
30.5	34.98	30.57	34.19	29.84	29.45	28.6	30.06
31.65	26.83	34	23.79	31.75	29.9	26.78	28.04
23.85	24.75	30.83	27.29	24.32	29.17	29.09	29.09
27.23	28.23	24.18	24.68	26.58	27.93	31.37	24.29
28.61	31.98	29.28	27.92	28.88	35.07	25.37	26.9
36.77	33.86	29.53	34.8	28.36	37.62	28.96	30.37
33.97	30.5	33.71	33.2	35.54	32.13	38.75	37.23
23.15	26.49	30.26	29.44	27.41	27.71	31.34	21.99
30.8	25.91	28.44	24.82	24.62	28.89	28.91	24.29
36.51	35.93	29.41	33.83	37.82	34.55	30.91	34.17
26.52	29.63	30.88	32.12	32.22	31.06	25.7	29.86
32.27	37.04	31.81	34.82	31.37	35.86	32.12	31.21
26.51	30.73	30.89	33.9	29.62	25.47	30.83	27.9
27.42	25.52	24.32	29.5	25.17	29.62	30.36	31.36
33.55	34.33	33.23	35.11	34.01	28.99	32.95	31.28
26	38.07	34.54	41.69	30.59	36.5	34.83	23.93
32.41	27.36	29.32	26.36	23.86	24.32	25.7	27.61
36.9	34.3	32.43	30.52	29.46	34.21	28.52	30.67
31.41	29.91	33.91	31.01	36.66	28.28	35.05	28.02
35.67	36.16	29.23	34.43	39.3	30.01	34.44	30.05
29.74	29.92	29.42	34.5	31.33	26.82	32.43	31.15
37.23	27.78	32.49	28.9	36.1	37.07	36.1	30.81
33.91	39.17	32.65	35.39	30.98	24.68	30.41	34.9
25.88	29.55	22.6	28.61	26.97	29.34	28.74	31.72
35.4	34.01	29.02	35.84	36.17	35.52	33.43	36.46
30.41	29.46	33.95	28.2	34.13	30.31	32.1	29.51
29.16	23.3	27.72	24.82	26.04	26.84	26.98	26.39
32.29	44.59	37.42	26.39	28.66	29.77	37.23	34.96
27.7	25.16	26.51	29.11	26.05	30.96	29.32	24.49
28.72	24.3	24.57	28.83	27.29	30.65	22.44	27.39
28.1	32.95	29.93	30.13	35.17	32.87	30.4	33.62
30.33	31.83	35.49	31.88	46.6	32.48	30.91	28.49
30.7	31.89	30.23	32.75	29.88	33.72	36.38	31.77
29.45	24.26	26.91	23.07	26.7	25.37	26.32	27.75
30.74	28.55	30.64	30.25	27.19	28.88	27.73	24.69
30.95	32.27	27.82	29.73	30.44	29.37	27.22	32.7
40.56	37.85	46.88	34.07	32.31	33.93	36.35	31.96
27.71	27.63	29.96	28.78	27.21	26.76	33.05	29.38
26.04	23.72	27.58	29.03	28.27	27.97	25	26.32
33.14	35.67	29.72	31.7	33.94	32.16	30.55	33.85
23.84	29.25	25.53	33.54	34.24	26.11	35.56	24.84
31.93	29.95	33.57	30.71	30.95	28.76	31.33	31.49
26.15	30.65	27.67	30.03	29.24	25.96	24.87	23.59
33.13	28.81	29.44	31.05	29.69	28.94	28.32	25.85
17.78	24.06	21.79	23.07	22.44	23.28	23.83	20.23
30.25	35.21	28.1	32.28	27.17	28.61	27.81	27.56
32.07	29.05	32.77	28.72	30.72	28	32.38	29.36
31.12	29.9	31.9	27.99	28.99	30.07	28.29	28.84
35.99	29.7	36.61	28.77	41.74	35.83	32.8	36.59
38.6	32.79	30.58	41.99	28.95	35.22	36.62	35.44
25.13	28.47	27.34	28.07	30.13	23.42	29.19	25.5
33.43	28.59	23.76	33.16	25.74	33.4	32.27	34.07
22.59	23.13	23.02	21.8	29.12	23.19	24.96	23.63
31.27	28.38	33.29	31.31	31.13	25.47	28.05	32.59
26.83	22.99	22.44	29.45	28.57	34.56	29.05	27.43
24.45	26.16	25.39	25.25	27.26	24.15	25.19	24.49
24.84	30.92	27.07	25.44	31.78	26.1	26.6	25.56
34.02	29.05	25.61	33.71	29.88	32.12	30.52	27.38
28.29	25.69	29.09	30.3	26.19	29.44	25.3	31.89
31.86	29.9	27.18	36.15	29.6	43.75	33.11	39.41
30.58	33.17	29.74	31.97	30.68	28.7	25.93	31.1
33.5	35.88	34.69	30.67	32.24	46.59	34.03	29.4
33.45	37.47	28.97	38.1	31.39	32.79	37.86	35.11
24.3	20.25	24.15	27.91	27.94	27.28	24.39	27.75
25.28	27.97	32.02	27.19	34.54	29.46	26.42	29.68
27.01	27.87	28.61	30.64	27.15	26.22	32.98	27.68
36.7	35.04	39.03	35.16	32.56	36.52	38.63	32.9
29.27	34.09	27.45	23.79	34.46	29.06	28.63	24.58
22.88	22.2	29.47	27.43	20.56	25.61	17.49	29.68
29.21	30.16	36.16	33.93	35.39	31.53	32.79	37.8
29.88	29.41	25.45	28.72	27.76	24.55	31.43	29.48
32.14	36.43	34.5	35.05	31.11	35.15	31.18	33.45
34.59	29.44	34.52	32.81	32.51	33.12	28.76	36.5
35.08	36.51	35.1	28.67	32.39	35.35	34.73	29.75
25.02	25.34	27.08	26.45	27.62	31.13	27.25	29.01
31.14	25.94	28.12	27.99	30.31	27.37	32.39	30.34
28.8	28.93	27.36	31.36	32.78	28.32	27.47	30.18
29.68	22.1	26.72	27.69	29.55	32.26	26.18	28.72
33.22	27.53	32.87	30.6	30.08	30.27	31.57	25.94
36.34	35.63	28.12	30.94	31.5	35.22	26.75	31.93
29.68	28.35	28.07	33.08	31.43	25.6	29.28	25.07
24.86	25.85	25.81	28.2	23.55	26.38	25.1	30.23
31.13	31.11	31.74	33.11	26.13	30.49	29	33.51
26.51	26.59	27.16	29.86	25.11	24.79	24.75	23.79
35.2	38.76	29.54	32.38	35.76	34.3	36.92	37.04
28.28	34.25	28.37	32.77	29.72	29.73	25.75	29.52
32.54	32.56	32.52	39.07	38.3	33.26	36.61	33
30.79	34.88	24.67	30.4	28.3	25.37	36.03	30.88
38.86	21.21	31.66	32.08	36.4	33.52	30.9	32
24.82	35.37	29.08	25.66	30.13	32.83	28.17	32.11
31.78	32.48	34.03	36.96	34.6	34.04	37.44	36.18
31.17	29.96	32.24	28.28	32.8	30.91	29.81	29.82
38	34.9	29.08	39.16	40.51	35.26	36.13	36.88
30.35	28.01	29.91	28.48	26.27	28.7	26.79	29.82
31.23	28.69	25.12	33.43	23.22	32.87	26.79	27.51
32.58	36.47	30.57	35.95	34.35	31.57	30.71	34.31
32.27	42.15	35.99	39.27	37.59	48.06	38.98	37.83
34.41	39.2	35.78	30.26	38.7	36.68	32.04	35.47
43.71	37.75	38.65	34.37	30.79	43.75	40.43	41.6
32.25	28.87	27.57	28.53	28.35	31.78	32.76	29.47
34.07	28.54	37.74	33.53	30.15	30.21	30.24	35.12
27.8	30.42	24.44	25.55	28.97	24.57	29.83	28.87
27.65	27.04	24.9	29.46	27.31	29.02	31.92	35.13
28.45	26.57	23.89	28.73	31.55	29.41	24.26	23.41
24.59	27.93	24.91	33.6	31.06	29.28	27.63	26.13
30.37	32.64	30.9	31.56	27.47	29.63	28.06	28.26
30.79	26.7	27.11	33.55	28.88	30.98	31.68	37.13
29.3	26.31	21.38	27.04	20.61	23.01	23.21	26.36
29.32	25.56	29.73	30.34	25.74	23.03	28.31	26.48
34.38	34.52	34.84	28.93	31.48	30.36	26.98	35.5
23.81	26.83	22.93	28.81	26.35	27.84	25.97	20.63
25.6	30.25	28.87	23.05	25.95	24.79	30.55	27.01
31.07	32.79	28.61	29.61	30.86	26.98	30.97	29.88
32.06	34.68	35.49	34.76	29.77	36.19	30.99	37.78
33.56	27.79	34.5	32.05	29.18	24.99	24.28	27.46
31.56	39.16	30.94	32.21	39.47	36.78	29.05	34.7
26.46	26.73	20.83	35.16	25.44	26.4	20.45	23.46
35.84	33.43	33.04	33.67	29	25.74	26.59	31.15
35.5	33.56	30.45	34.59	30.22	29.48	28.66	31.67
28.24	32.5	31.3	24.45	28.04	31.15	24.38	29.89
25.64	32.63	35.01	28.37	33.5	28.94	27.52	27.99
27.14	25.53	26.42	26.05	30.32	30.99	24.19	31.03
27.29	26.18	29.31	23.89	24.73	24.65	23.91	23.69
32.03	30.54	31.19	34.22	26.52	35.91	32.97	29.47
23.33	23.5	22.74	22.09	18.96	19.47	24.6	26.38
23.26	29.35	27.4	30.83	23.53	26.14	32.11	30.82
26.92	30.8	22.93	27.79	24.01	30.99	24.47	24.14
26.06	26.86	28.84	26.04	22.66	23.51	29.92	28.05
28.73	27.01	24.99	25.97	22.2	24.51	32.44	29.64
33.53	40.98	36.45	35.86	23.84	33.34	27.39	34.09
32.33	38.12	27.52	28.11	29.71	36.61	30.36	30.03
27.39	30.39	37.7	23.31	27.04	30.23	39.72	28.92
38.46	27.92	28.3	37.22	36.08	27.07	27.04	36.82
28.05	24.12	22.69	28.13	26.07	24.64	25.74	20.27
24.09	24.92	27.43	27.69	29.73	22.35	25.31	27.58
27.76	26.81	29.98	34.93	31.17	30.19	26.12	29.18
26.09	26.16	30.05	28.19	24.29	23.24	26.29	27.82
24.7	27.92	27.5	29.99	31.45	28.43	23.81	27.54
34.44	38.12	35.89	38.65	35.35	39.64	34.95	41.76
39.18	34.57	53.27	41.23	45.55	42.06	40.09	44.66
29.02	25	23.86	25.48	29.82	26.19	27.23	25.39
31.24	22.04	26.55	25.9	30.22	29.25	25.69	28.94
27.51	25.66	28.12	25.67	24.81	25.2	24.24	28.69
22.44	22.72	26.92	28.13	21.19	30.46	30.93	26.92
32.12	25.81	30.73	27.62	26.12	30.18	33.08	27.09
31.95	26.3	29.69	25.51	25.25	25.78	27.79	24.22
32.26	32.81	32.21	30.48	28.35	32.58	31.49	30.11
31.2	27.03	30.33	34.77	27.5	34.29	31.13	29.77
29.63	25.4	29.77	27.21	23.52	30.04	22.02	28.28
33.71	31.11	27.66	35.51	26.14	26.48	32.47	32.64
28.03	26.14	27.05	22.8	25.81	33.12	30.31	24.8
24.77	23.77	23.6	24.64	26.64	25.36	27.69	23.65
36.8	29.58	34.48	30.35	32.64	39.01	33.45	30.8
35.7	26.44	30.38	35.38	32.47	25.98	31.25	30.88
33.95	31.74	40.48	34.75	32.72	33.23	36.25	33.65
24.03	22.01	21.87	23.39	24.66	23.42	29.02	23.85
27.99	25.61	26.4	29.51	27.91	28.66	31.7	27.8
30.12	27.64	30	32.21	32.41	36.77	34.19	34.06
31.3	29.72	34.43	31.56	40.15	36.01	28.75	34.5
30.85	31.19	31.59	31.52	32.19	32.73	31.31	34.8
24.24	32.39	30.66	30.25	27.95	25.22	36.46	20.97
32.48	34.57	34.29	33.82	35.05	36.16	41.64	36.7
26.81	34.16	20.86	27.96	25.71	31.62	35.71	28.09
22.6	25.28	24.02	22.59	22.3	21.81	26.75	24.5
26.41	30.36	26.31	27.79	33.18	31.88	27.32	27.41
21.92	28.48	29.78	27	30.72	31.99	27.19	25.18
28.84	29.79	30.87	33.91	29.33	35.78	30.83	32.4
26.94	23.77	24.06	28.1	26.35	26.39	31.5	33.04
33.53	31.59	34.63	35.81	27.15	29.47	35.7	29.19
25.72	28.42	30.27	31.24	30.09	27.85	28.02	34.22
35.63	34.92	31.22	35.57	36.63	38.97	33.87	37.56
28.08	37.47	34.56	34.58	39.72	30.42	28.11	33.31
26.55	25.42	26.12	22.85	23.19	28.42	27.79	24.25
28.42	29.47	29.62	28.47	22.53	26.51	28.28	25.32
25.86	28.35	27.31	29.06	28.16	22.99	27.35	28.79
26.19	27.42	22.58	32.75	30.63	24.44	24.88	28.99
33.96	33.93	30.35	26.4	30.71	31.9	37.98	36.04
23.71	25.78	28.23	27.88	28.1	28.37	27.43	28.08
27.59	29.41	23.67	25.59	26.33	27.97	32.6	30.83
30.11	30.56	23.74	26.37	25.17	27.09	24.85	29.52
24.84	24.9	22.75	24.57	25.39	26.06	18.86	19.47
26.8	29.15	24.09	30.73	27.71	34.53	32.37	27.93
27.07	25.09	26.14	28.65	26.41	28.79	29.8	28.93
26.5	26.94	34.24	32.96	29.93	35.3	27.15	29.3
24.74	20.8	24.86	20.62	24.11	21.15	21.52	20.15
26.18	28.95	30.8	25.46	26.27	27.98	23.09	33.03
24.69	33.18	26.36	25.69	28.08	28.98	31.59	25.67
27.29	26.36	23.59	26.14	24.51	23.32	24.1	28.13
26.9	29.38	26.2	26.78	25.28	23.35	26.73	32.01
28.71	34.06	30.09	34.03	37.11	32.82	39.56	34.23
29.15	28.64	21.82	25.66	23.54	26.61	27.11	26.42
22.68	24.89	23.92	23.08	26.66	29.18	20.26	24.2
31.71	44.44	36.47	34.79	36.62	34.84	39.64	28.83
30.64	27.08	26.51	32.24	30.96	30.46	30.45	26.55
23	27.71	23.06	24.38	27.22	21.82	28.61	26.06
25.06	31.09	30.02	34.15	29.39	30.31	29.09	32.44
27.08	30.59	35.35	28.99	36.21	25.11	35.27	29.46
29.01	28.82	28.09	26.52	29.35	31.02	34.62	32.47
30.84	34.17	27.4	28.84	35.67	29.16	29.78	30.95
34.4	28.59	41.57	30.82	27.99	35.99	28.84	33.83
29.59	25.02	26.43	22.35	28.39	26.25	30.93	26.17
31.27	35.98	32.54	27.13	32.52	24.81	26.49	36.55
31.3	38.22	34.28	44.84	34.71	33.67	33.24	31.64
26.16	24.5	27.93	28.24	23.98	30.59	23.97	29.07
25.45	29.19	25.34	24.9	29.48	28.17	27.37	24.9
34.78	38.85	41.76	41.39	32.31	33.36	38.77	40.84
31.85	31.24	36.76	31.95	32.97	34.39	35.15	34.56
31.11	31.1	37.76	29.37	32.33	33.07	31.07	31.09
29.64	29.83	29.99	29.21	40.59	38.35	30.8	34.85
24.81	25	25.22	21.31	26.21	24.93	24.89	21.68
29.69	22.9	23.54	32.3	27.79	25.89	27.13	23.27
36.64	27.95	28.69	33.02	29.68	29.7	36.33	31.09
34.71	32.59	29.69	25.43	26.04	33.4	20.53	29.74
42.73	36.82	36.69	34.07	25.61	30.02	29.11	37.95
30.9	32.15	29.11	34.02	30.21	31.04	25.46	27.05
41.01	33.02	34.04	31.03	31.45	30.21	28.31	31.03
33.97	30.58	33.88	32.1	29.16	37.69	30.34	35.13
34.44	26.72	35.17	29.91	29.82	30.3	29.31	33.88
31.32	23.12	27.38	27.05	26.42	26.26	23.63	26.1
34.01	22.55	31.68	26.98	35	26.24	25.75	21.91
37.23	32.06	27.99	39.31	31.32	36.63	25.11	29.92
29.99	29.59	28.92	24.13	25.14	26.87	28.9	34.73
31.88	27.58	35.03	30.11	30.12	28.24	30.16	27.46
21.92	23.67	18.98	22.53	22.23	22.11	20.83	19.8
29.62	29.45	34.46	39.97	33.31	34.57	39.78	32.11
30.46	27.26	28.66	33.56	25.29	30.43	27.64	29.84
27.02	25.23	22.13	26.21	24.16	28.08	23.84	24.32
35.7	36.28	27.71	39.85	27.23	35	33.25	33.29
34.42	30.26	36.4	41.39	38.79	38.66	35.3	32.91
29.36	33.89	24.36	32.28	35.01	33.16	31.42	28.98
28.26	27.09	28.78	30.37	30.81	34.85	29.82	24.93
27.45	37.19	31.41	28.83	35.21	28.61	29.82	25.99
33.25	34.11	32.69	33.32	34.27	32.77	33.08	26.26
39.93	36.18	40.43	36.17	34.61	44.56	35.19	36.28
29	37.1	42.45	29.8	37.84	29.21	37.98	37.55
26.72	26.02	27.36	30.11	23.68	24.92	30.87	25.42
27.9	28.77	26.96	31.18	32.32	31.81	29.12	26.74
44.68	32.36	34.18	38.13	29.32	47.78	40.21	42.88
30.37	25.9	30.15	24.27	25.01	21.93	24.71	22.67
28.11	27.92	31.42	28.8	31.03	27.27	33.33	23.27
27.37	26.6	23.62	29.75	33.96	26.71	28.24	20.94
28.48	29.35	29.06	31.74	32.39	31.21	38.47	32.81
30	37.82	35.64	33.4	40.23	39.3	32.41	35.58
32.01	33.6	34.6	31.98	35.24	44.23	39.02	36.37
43.5	37.31	36.29	44.19	36.42	36.8	33.29	39.44
34.6	31.47	29.16	31.29	30.66	33.37	31.57	33.88
32.77	34.15	31.93	35.57	31.24	34.73	29.33	34.57
30.57	32.97	39.12	30.04	30	32.95	33.85	27.62
31.35	36.71	41.46	37.47	33.89	32.48	34.5	37.91
25.66	29.69	29.55	27.28	30.69	25.91	24.7	26.71
26.7	30.14	28.22	31.74	31.01	29.14	28.02	28.54
24.24	26.76	21.7	25.1	23.59	26.82	26.8	28.28
32.31	28.08	32.17	31.66	27.01	30.41	30.44	26.96
25.73	34.32	27.87	29.28	30.06	29.51	26.31	24.4
27.94	25.42	36.91	31.27	31.76	27.17	32.32	26.56
30.66	26.02	33.32	27.72	28.6	29.17	31.33	34.34
33.13	25.83	27.28	26.16	25.49	29.4	23.49	27.75
25.56	34	28.14	28.61	24.14	27.59	28.83	25.61
31.9	26.15	32.33	24.26	44.25	33.1	28.64	26.3
31.76	25.55	32.39	24.74	31.54	31.97	32.05	33.11
33.65	27.57	32.54	34.88	33.23	33.03	35.39	29.43
34.03	32.58	27.87	28.79	29.91	25.12	33.96	30.44
31.92	29.71	28.62	27.32	35.85	33.57	33.06	34.66
29.13	33.35	31.49	27.08	28.18	32.88	31.39	30.55
27.79	25.57	26.91	26.65	25.27	31.87	29.01	23.72
39.05	32.84	30.83	31.3	32.88	38.28	28.27	32.45
27.51	28.73	32.2	30.37	39.2	27.71	31.38	32.03
27.22	26.58	27.92	25.91	26.7	27.36	23.92	32.74
31.95	33.32	29.94	30.48	31.92	39.54	29.62	26.13
35.2	30.27	30.43	28.26	32.04	29.96	37.52	30.14
31.75	33.52	27.93	28.82	29.04	33.63	33.78	33.98
31.48	27.73	33.07	25.5	26.1	30.6	29.11	29.01
44.58	46.4	33.94	39.84	39.09	37.2	36.43	40.85
30.66	32.13	30.81	28.69	27.85	30.09	27.99	31.32
28.04	28.75	27.57	32.15	28.23	27.05	28.19	34.8
31.55	28.61	26.31	25.99	27.61	30.81	33.61	32.88
38.26	32.69	36.69	41.87	34.25	35.63	36.39	31.75
27.38	25.25	22.24	24.82	26.27	26.91	32.85	29.6
29.81	31.89	23.73	26.13	27.53	28.68	28.4	31.86
29.07	29.93	36.38	31.37	31.21	29.92	32.16	36.58
31.63	35.95	34.85	27.09	33.55	31.63	27.68	36.54
24.1	24.1	25.66	24.8	27.57	27.81	24.28	28.25
25.17	28.29	28.68	28.55	27.87	26.59	26.49	28.34
28.37	33.41	31.06	26.81	32.88	27.23	28.63	30.11
33.09	28.53	41.04	35.65	33.02	35.24	30.3	31.93
26.78	24.52	32.29	25.01	26.55	26.55	22.97	27.81
31.03	31.05	31.42	30.66	30.81	34.91	31.8	29.12
28.32	30.72	25.19	28.7	25.42	25.52	30.92	21.48
26.27	23.27	21.56	26.22	22.05	22.84	26.07	25.32
32.48	30.62	30.42	27.13	28.19	31.03	28.8	27.1
27.35	29.42	28.76	30.96	29.45	33.15	35.18	35.67
26.2	29.1	25.41	28.36	27.36	26.32	23.62	26.42
30.11	24.52	28.71	27.6	27.57	32.88	28.12	32.1
26.24	27.28	30.45	24.74	28.49	23.54	25.26	25.24
25.32	24.96	21.63	22.67	22.44	29.11	23.07	24.86
30.07	25.08	28.95	30.07	29.34	30.66	35.08	27.6
27.51	29.36	28.34	31.23	37.34	33.34	29.25	33.04
33.44	29.2	26.63	29.55	35.89	24.56	38.2	36.14
25.06	27.43	22.96	28.97	23.79	30.95	24.92	26.38
32.79	32.1	35.21	27.54	34.86	29.36	29.97	30.84
30.7	31.27	26.82	26.94	31.63	26.78	30.1	31.73
23.64	25.54	24.67	22.14	19.33	20.53	20.18	23.96
24.51	25.6	25.27	27.67	23.35	24.39	27.92	20.92
29.93	34.26	26.18	25.6	25.72	24.29	24.08	23.72
34.62	32.86	28.66	37.57	30.23	32.33	31.3	30.07
32.87	35.74	37.08	35.51	33.48	35.7	36.98	36.14
27.17	27.04	24.35	22.71	25.09	24.16	24.9	24.07
35.06	28.57	31.48	32.75	31.66	30.57	33.61	29.54
31.31	28.49	31.86	29.84	32.48	33.22	32.61	29.21
26.84	32.82	24.52	25.69	27.54	27.7	26.46	30.35
32.58	33.03	39.09	37.22	34.83	32.86	36.67	40.08
27.39	27.68	22.88	24.15	25.31	22.84	29.82	26.4
28.48	30.04	31.44	28.98	31.76	32.3	34.74	36.26
23.54	26.92	28.2	31.98	28.35	32.73	26.94	31.47
26.37	31.7	26.03	27.1	24.25	29.5	27.7	30.84
31.56	31.44	23.44	29.1	26.2	26.42	28.08	29.03
22.29	32.23	23.12	34.88	28.01	26.57	23.68	25.33
34.51	34.52	29.59	30.49	27.77	30.94	32.74	29.91
32.24	34.96	35.07	32.05	39.5	38.74	32.4	38.46
31.38	22.9	25.19	29.42	25.25	25.09	25.06	23.93
35.54	28.16	28.36	25.7	30.11	24.98	25.66	33.92
35.2	31.55	31.59	31.5	34.55	36.23	33.67	29.14
26.56	28.13	31.78	32.14	27.03	26.93	24.59	22.32
33.9	32.77	33.39	27.69	30.18	28.34	30.89	33.75
26.36	28.04	26.81	31.13	29.13	26.63	28.33	32.98
28.45	27.81	21.35	30.27	27.98	24.14	32.38	28.68
30.64	34.17	30.71	27.98	33.67	35.61	33.47	32.52
33.26	29.79	33.36	30.36	34.81	34.66	29.65	36.76
30.84	28.52	25.67	32.44	27.05	26.87	27.77	27.61
35.26	37.32	40.11	37.44	39.89	32.88	33.07	35.44
29	29.84	33.63	26.04	28.29	30.1	30.17	27.1
31.73	32.06	29.91	35.55	28.59	28.45	28.75	30.27
27.34	30.15	31.31	29.2	28.25	23.29	23.35	22.82
25.5	29.53	32.27	28.95	28.81	28.08	29.09	28.94
28.86	29.13	35.6	35.99	34.26	29.76	25.26	33.42
31.89	26.93	32.63	28.78	32.9	36.5	28.07	29.98
35.49	33.73	32.52	31.55	34.81	31.16	26.81	35.39
27.96	26.29	28.93	21.94	32.18	30	25.43	29.53
33.31	22.47	27.82	25.18	28.06	22.46	28.54	29.71
27.68	27.7	30.82	28.6	25.29	25.43	27.83	28.94
30.2	27.69	27.26	25.94	38.25	27.36	25.29	32.79
26.58	29.41	39.9	27.8	31.98	29.47	33.31	28.7
36.22	34.57	36.07	41.96	43.31	35.76	34.17	37.75
28.11	29	28.76	29.93	26.46	27.72	27.3	25.55
31.5	24.01	27.33	27.26	25.54	36.04	30.9	34.09
27.45	19.89	28.71	27.1	25.54	28.5	29.35	29.7
