23.17	28.1	26.57	25.83	25.69	23.47	26.34	33.17
30.06	30.64	30.62	28.33	29.65	30.85	27.3	30.09
34.12	27.72	27.69	29.71	35.84	29.24	29.17	32.29
32.95	35.42	31.18	36.66	33.06	35.43	34.95	36.6
26.28	30.1	28.99	29.11	32.3	32.13	30.49	26.83
23.63	29.27	27.37	23.1	25.83	27.87	24.64	29.57
35.91	32.12	27.82	31.23	34.27	30.92	31	30.46
33.93	34.06	37.57	34.74	32.71	36.57	36.16	35.24
29.6	40.89	26.91	27.71	32.5	29.43	29.76	32.97
34.49	33.87	36.01	30.18	30.94	29.86	30.89	41.52
27.77	25.47	22.37	23.55	26.9	23.62	26.22	28.09
29.71	27.55	33.49	34.1	29.07	26.48	27.26	30.67
34.77	30.83	28.53	33.29	27.04	34.93	34.94	37.35
25.35	27.13	28.7	27.66	27.04	26.42	30.22	29.58
26.59	31.08	34.31	26.64	27.47	32.92	31.82	25.8
32.87	41.69	37.31	38.12	32.81	36.25	40.12	32.34
30.02	30.26	33.56	30.66	27.95	29.09	30.54	30.54
34.81	33	31.47	27.87	31.78	25.39	29.72	32.77
31.56	35.96	32.96	30.8	33.8	33.73	26.05	32.5
34.49	34.13	34.16	28.58	44.65	36.15	34.35	32.94
31.8	30.25	25.85	30.15	31.49	27.08	29.16	30.21
29.53	31.09	27.84	33.58	32.57	35.64	29.2	27.08
23.8	21.73	24.26	22.26	22.67	28.1	24.3	21.69
30.47	27.71	29.21	32.16	30.45	27.26	27.35	31.04
36.2	37.41	44.14	35.05	38.23	45.9	31.17	33.13
39.11	36.27	30.87	37.57	34.98	37.04	35.88	40.36
30.81	30.35	33.82	31.65	30.01	35.96	35.84	29.52
24.22	25.98	25.24	26.96	31.99	27.95	27.18	28.84
31.44	33.45	31.54	28.4	31.73	26	28.34	28.92
32.54	30.73	24.36	30.8	25.58	31.04	26.39	24.22
32.84	31.33	32.48	32.27	30.77	28.58	36.1	30.21
34.01	36.61	38.75	28.17	41.77	30.09	31.41	35.24
27	31.78	33.97	36.42	28.41	27.46	37.38	31.42
26.67	24.05	27.09	25.92	29.62	25.93	26.91	23.72
32.51	35.12	40.22	35.14	31.17	32.16	29.78	37.9
36.07	27.91	26.64	26.9	26.77	36.84	27.12	31.46
33.32	29.97	28.43	27.8	29.99	33.4	28.73	35.46
28.53	27.66	32.99	28.89	29.16	31.58	29.36	36.73
30.23	28.31	34.53	33.27	33.18	25.61	33.32	30.39
23.41	24.69	25.92	28.67	25.17	32.03	28.69	23.11
38.46	44.52	51.88	39.67	35.78	43.66	46.88	46.27
29.52	33.34	29.6	26.96	34.49	27.46	25.38	29.94
25.29	24.11	22.43	21.81	20.84	25.15	29.08	24.77
28.24	32.86	27.62	28.54	24.97	26.47	29.94	26.08
21.31	22.68	26.99	23.82	19.97	25.74	23.64	24.7
29.22	33.01	24.82	30.92	30.62	27.22	33.05	29.02
34.22	33.96	37.85	38.66	37.75	30.04	34.48	36.61
40.7	26.88	31.27	27.51	28.72	28.06	33.7	34.07
29.6	30.7	27.91	24.43	32.03	28.94	25.23	26.62
37.62	34.38	33.54	32.38	32.39	38.49	40.16	38.25
30.23	31.42	33.37	32.01	29.6	35.65	26.3	28.67
30.61	30.56	32.18	30.73	29.12	37.33	27.82	33.77
30.12	30.78	28.14	33.91	28.81	32.6	33.45	24.8
38.02	34.96	34.67	32.98	32.34	29.84	27.85	26.92
31.18	32.06	35.43	29.99	30	34.93	36.27	29.8
24.76	25.37	25.87	29.06	26.87	24.34	26.51	31.98
33.35	28.15	33.67	27.41	32.31	26.17	28.38	27.13
24.13	25.76	25.4	26.78	35.5	24.78	23.42	27.57
28.02	26.66	24.35	26.38	29.13	28.62	29.7	24.97
33.11	25.46	34.18	37.99	32.3	29.69	36.18	29.95
28.35	34.82	29.56	23.32	31.79	25.53	32.38	32.91
28.45	29.95	30.1	27.7	31.5	26.64	30.92	30.67
27.91	29.39	31.66	31.65	37.04	29.44	31.46	29.47
31.57	31.81	34.2	32.5	31.36	36.95	28.41	30.49
31.67	34.7	33.76	28.5	30.51	29.51	32.07	32.18
25.67	21.44	22.28	23.76	22.63	28.68	25.68	24.58
35.09	35.1	38.37	38.45	39.01	38.91	35.65	36.74
32.87	26.29	32.74	34.09	31.06	30.98	37.77	36.76
29.23	28.46	21.69	32.42	28.95	33.51	27.89	29.51
29.21	22.8	30.69	27.91	25.85	26.19	24.2	24.86
33.03	30.39	32.7	27.28	32.87	28.7	30.89	26.01
24.82	26.06	22.53	26.06	28.45	26.1	26.71	26.71
31.58	30.22	37.72	30.52	27.63	30.22	30.46	31.39
34.1	36.39	35.06	34.79	29.41	36.27	31.77	31
32.52	34.25	41.32	32.46	38.1	34.2	32.58	36.83
28.97	32	25.59	25.61	25.82	29.33	26.23	24.57
28.52	29.6	31.49	25.95	27.06	32.08	28.03	26.55
46.64	30.68	34.11	38.82	33.71	39.67	36.85	35.47
30.23	29.51	28.96	30.04	25.47	33.32	28.41	29.32
28.73	29.49	24.67	27	21.17	26.12	36.23	24.94
40.26	34.26	36	41.51	35.03	35.75	37.38	35.4
25.38	25.03	27.71	25.03	29.22	23.89	25.37	23.77
33.96	32.8	30.68	30.15	37.26	28.95	35	37.41
29.27	30.35	27.27	28.49	29.74	32.44	24.95	29.22
25.62	31.94	27.63	30.21	32.49	22.58	29.37	25.75
34.96	32.73	30.29	34.9	39.25	35.92	35.28	30.05
23.05	28.87	31.13	32.23	33.4	27.73	26.54	30.33
29.19	28.37	29.33	31.22	31.16	33.06	29.34	31.16
30.53	27.38	27.94	29.76	31.31	28.13	28.75	28.89
26.35	24.29	25.82	30.34	26.53	27.35	28	28.35
32.86	26.57	29.12	26.36	29.65	36.02	34.34	29.76
29.21	24.67	25	28.73	23.1	26.29	26.07	27.16
37.3	31.4	35.13	31.01	37.94	26.76	37.5	32.6
26.34	28.67	31.65	27.02	27.54	29.71	25.83	27.32
33	30.72	28.8	33.4	27.99	30.65	24.51	28.29
32.75	30.25	30.04	31.2	28.25	29.08	30.96	33.28
31.09	35.97	33.49	25.79	33.14	35.95	35.19	34.36
29.93	29.58	26.04	24.63	28.83	31.43	30.21	25.3
32.03	34.39	32.38	33.84	33.48	35.12	33.73	32.61
27.43	28.84	29.15	27.75	25.68	23.12	29.28	29.68
31.72	27.59	26.8	31.33	32.49	30.38	29.02	29.37
26.57	31.15	33.07	30.44	23.3	28.91	31.69	28.03
30.13	32.67	27.94	31.13	26.45	27.17	26.06	29.78
28.43	27.14	31.18	27.37	33.86	31.02	29.89	26.23
32.21	25.76	29.05	33.44	29.65	27.56	31.67	32.6
29.48	33.42	28.47	30.9	29.63	27.68	35.32	37.06
27.66	22.79	27.28	30.66	31.99	26.09	33.41	31.1
25.7	27.33	32.34	32.37	27.99	26.59	35.08	30.63
30.43	31.03	30.53	29.53	31.02	31.94	32.56	32.78
32.44	27.14	33.37	29.84	28.68	35.52	31.02	35.93
25.43	22.39	28.44	24.4	29.59	28.99	27.85	23.1
30.21	26	38.28	29.4	33.36	32.7	26.98	27.51
23.27	22.06	26.49	24.62	23.36	23.75	22.37	25.88
23.4	22.8	25.83	22.51	23.19	28.7	26.23	24.02
23.17	24.15	22.92	21.36	21.97	22.19	21.41	17.45
37.35	34.47	34.95	29.64	34.15	33.09	35.66	31.78
30.95	30.65	38.33	35.43	32.57	40.03	37.67	31.52
27.92	27.67	27.88	28.28	31.63	25.58	29.53	29.58
38.65	32.38	40.63	39.59	39.92	35.09	32.09	32.98
31.88	32.64	27.35	33.49	33.07	30.81	27.84	34.71
27.56	31.09	30.44	26.92	36.79	36.74	38.04	28.04
28.27	26.31	25.32	29.44	24.05	28.91	27.31	28.45
32.71	29.77	34.32	29.31	34.67	34.02	32.09	33.96
35.1	39.12	36.13	33.1	26.07	35.66	34.13	31.37
29.93	28.88	29.74	30.95	30.13	27.92	29.91	29.95
29.48	29.44	31.17	30.15	36.24	36.2	27.9	31.93
30.58	30.28	31.13	36.47	33.84	25.35	26.79	30.66
32.3	36.44	36.48	40.21	39.89	41.04	31.12	33.84
34.57	27.66	40.05	41.25	33.1	34.11	35.61	30.49
25.1	35.11	30.81	30.17	30.01	41.04	28.31	28.97
31.71	32.1	32.11	26.92	34.52	26.89	31.66	27.1
27.7	28.18	28.16	23.47	28.34	32.55	29.23	27.39
31.61	32.77	29.68	34.97	31.87	39.47	35.25	29.14
37.47	33.75	35.21	30.8	38.96	38.54	37.95	32.52
23.98	27.67	35.73	30.19	24.35	29.88	29.38	29.97
28.03	27.65	25.32	29.49	22.48	23.33	23.22	26.64
21.57	27.5	28.63	27.59	35.12	30.37	29.07	23.1
31.95	31.11	34.35	30.89	24.82	32.43	23.91	28.62
25	34.59	26.17	26.74	25.87	24.44	25.34	25.17
41.59	31.7	33.83	29.03	33	33.92	44.52	32.09
31.64	30.55	34.57	28.09	27.63	33.15	37.56	32.95
24.88	23.28	26.55	30.94	24.39	26.74	28.01	24.81
28.8	24.95	27.6	24.81	27.31	24.49	29.08	30.79
31.05	32.61	31.66	34.93	36.36	31.23	34.28	31.46
28.05	31.04	31.52	32.13	30.55	32.53	32.21	33.76
34.81	31.68	35.34	32.82	35.65	33.03	31.34	35.45
28.2	28.09	29.02	31	24.92	27.98	27.95	27.93
34.83	29.97	29.81	29.36	30.78	35.9	30.76	34.4
28.05	27.21	28.77	31.25	33.33	33.46	29.75	31.79
23.81	26.12	29.83	25.12	25.84	23.12	25.33	28.85
30.96	34.15	31.24	34.05	33.32	35	28.92	33.97
34.94	34.21	29.38	29.01	33.58	29.02	32.16	35.78
30.4	29.86	23.75	23.17	26.19	27.23	26.22	29.34
25.64	24.49	26.99	27.24	30.17	26.65	25.79	29.43
31.7	31.92	35.37	33.4	31.79	36.31	36.8	33.23
23.96	26.08	31.69	29.23	27.06	27	26.58	27.94
25.24	31.92	32.51	26.48	31.21	30.5	34.12	27.76
23.9	27.27	22.54	26.62	28.49	23.27	29.16	26.05
31.08	26.95	25.24	27.45	24	24.4	31.21	32.41
28.38	36.08	32.39	30.61	32.29	31.86	36.33	37.05
29.95	28.99	25.17	33.32	29.91	31.67	31.43	29.94
24.51	38	26.05	28.2	28	30.67	27.97	31.67
23.91	36.26	29.52	28.65	25.12	32.48	29.69	32.93
30.55	25.51	32.84	29.23	25.98	27.8	29.32	35.37
29.89	31.73	30.96	29.58	29.32	33.21	29.72	27.84
26.71	29.47	21.76	26.62	27.92	28.71	26.6	24.19
36.23	38.8	38.01	32.36	33.78	40.19	35.57	29.59
30.12	29.78	26.45	28.31	28.13	34.34	34.57	42.95
34.91	27.15	27.64	25.54	25.21	25.4	28.11	29.47
38.57	33.75	32.59	31.91	35.14	30.01	32.89	32.31
21.63	24.54	26.66	31.49	22.39	29.48	26.99	28.14
26.23	27.45	29.17	30.03	27.75	28.18	28.56	24.77
30.7	35.88	28.75	32.76	36.16	29.07	35.92	34.48
34.08	33.21	25.6	34.58	36.46	33.93	29.87	34.58
27.26	27.49	23.94	27.18	29.85	25.95	25.95	28.49
30.17	31.04	26.27	29.74	34.82	25.56	32.65	28.38
34	30.51	34.06	35.59	33.25	31.29	31.91	35.08
26.78	28.61	28.3	27.35	29.65	31.24	29.52	31.84
29.88	32.4	33.22	37.24	30.45	34.12	33.55	35.7
32.51	27.08	30.86	28.44	32.22	30.36	30.97	33.21
27.66	31.96	28.43	28.28	29.4	31.14	25.79	35.59
25.82	31.61	32.3	28.71	29.18	34.37	26.91	27.5
25.57	30.71	23.52	28.51	29.87	29.82	32.68	27.98
28.97	27.83	34.81	32.39	38.68	35.57	29.74	27.96
35.28	29.84	26.22	32.1	27.46	30.63	28.29	33.86
32.86	31.29	36.49	35.68	33.96	31.27	34.89	31.25
31.76	30.36	25.97	30.99	27.35	28.74	24.76	30.97
26.72	26.79	26.56	28.6	27.3	27.69	29.6	22.1
33.65	29.67	27.93	35.55	34.55	27.24	32.35	31.18
36.37	41.47	29.42	30.27	29.69	29.37	27.73	34.91
30.41	25.3	26.28	29.89	28.75	25.37	29.96	29.63
32.12	25.33	25.82	31.09	27.97	28.56	25.83	25.05
29.05	25.22	25.41	28.61	32.04	33.26	32.49	29.1
32.52	26.81	32.02	28.03	27.57	27.05	29.21	27.21
24.78	32.22	29.08	25.65	30.22	29.48	28.42	28.93
29.05	29.79	32.71	22.93	27.67	32.79	29.52	25.54
31.05	31.77	31.78	34.47	38.39	30.68	39.63	37.27
28.08	27.1	25.24	31.81	26.05	30.76	29.24	25.92
26.98	38.51	34.08	30.75	27.77	31.66	38.18	28.3
23.28	28.01	23.49	25.45	30.98	25.36	23.39	22.96
33.27	21.94	27	25.4	28.87	24.64	28.92	26.15
38.09	34.37	31.9	26.51	33.67	31.84	34.56	36.65
28.91	26.19	22.97	24.45	24.26	21.83	27.69	21.65
24.31	21.9	22.76	31.17	24.58	31.73	23.76	29.75
28.22	28.07	30.31	32.16	33.6	26.51	32.13	36.66
31.79	35.13	27.48	30.94	28.16	32.85	31.34	29.89
25.64	21.67	29.28	27.72	23.63	23.83	22.99	24.26
36.47	27.98	34.25	32.9	24.4	24.81	34.76	25.87
31.08	31.24	23.01	32.14	24.58	31.72	34.05	28.18
31.1	28.16	27.89	32.17	34.17	35.69	31.29	30.2
29.93	32.01	27.25	29.45	24.51	34.11	29.86	29.93
25.48	23.69	31.45	27.41	29.42	28.79	22.28	33.1
27.56	29.71	26.62	28.96	26.16	22.39	23.63	24.04
34.24	31.63	25	27.09	27.69	28.03	26.7	34.36
39.83	33.3	35.28	31.53	36.64	37.7	33.99	29.93
26.22	26.87	26.82	31.76	27.12	24.34	25.64	30.39
32.79	27.95	34.42	29.25	31.52	32.38	31.61	33.13
35.28	33.25	30.96	36.59	31.37	31.64	35.41	32.74
32.39	25.23	24.19	27.68	27.8	26.47	25.58	30.3
42.61	32.75	34.25	38.12	39.19	33.55	31.24	40.49
33.23	33.86	30.83	27.9	31.35	32.68	32.78	34.75
25.77	27.86	27.55	28.79	25.97	27.54	27.08	28.32
33.28	27.33	32	36.68	34.74	31.18	35.72	26.64
36.96	37.08	38.79	35.56	29.96	34.09	34.51	31.91
37.76	37.2	36.25	29.16	35.72	31.6	33.44	29.45
26.57	32.55	27.22	29.41	35.21	31.78	32.9	25.29
22.92	25.32	26.45	28.45	32.4	23.71	34.05	24.31
25.84	25.56	29.58	27.49	27.11	25.46	31.51	27.19
27.88	33.08	31.94	31.08	27.7	29.55	26.87	28.67
22.78	25.58	30.96	29.44	26.02	29.76	25.9	26.41
33.01	33.29	35.24	34.39	29.44	32.69	29.74	29.38
26.99	25.67	29.11	28.94	30.6	25.06	24.11	30.26
30.37	34.51	32.72	39.99	27.46	28.42	34.67	34.27
34.64	30.31	30.45	30.17	31.3	34.54	28.48	27.98
34.67	32.86	28.34	30.75	34.03	32.28	30.07	31.9
32.71	28.28	28.19	27.85	29.12	29.87	27.76	29.92
29.42	35.29	32.66	31.82	27.83	31.61	30.18	27.97
30.3	36.27	33.22	39.62	31.17	33.2	31.51	29.4
30.49	28.05	24.23	29.26	26.8	31.65	29.61	28.78
27.05	29.02	22.03	28.19	28.17	27.21	26.2	27.23
36.05	34.53	29.01	31.78	33.09	32.54	35.62	39.67
28.96	30.45	27.23	27.52	27.63	29.06	29.24	32.86
28.91	36.86	35.4	30.89	35.94	30.28	36.02	27.35
25.45	26.52	21.67	25.54	29.73	25.57	31.38	24.01
22.07	25.69	25.12	23.39	23.39	18.19	25.45	25.77
31.66	30.18	32.89	27.02	37.86	31.1	33.67	35.11
35.72	34.52	34.17	33.41	26.56	33.84	32.39	32.67
28.41	33.54	27	32.96	31.46	28.46	29.68	33.92
31.99	30.06	29.29	32.05	30.65	30.76	31.33	29.46
27.02	30.63	32.51	31.12	32.99	28.74	31.49	33.44
28.74	29.13	27.52	27.19	28.99	37.79	32.27	29.4
33.7	31.38	27.79	29.07	31.43	29.47	24.25	28.34
28.95	27.65	29.15	30.21	31.08	35.85	31.24	32.26
29.56	25.83	23.3	26.88	26.78	25.64	24.2	27.76
26.81	23.73	28.69	27.25	31.91	28.2	31.67	30.06
28.56	29.32	27.82	29.15	27.77	28.98	29.91	33.24
31.61	31.25	30.93	30.06	30.48	25.29	31.27	30.29
29.65	29.22	29.7	32.76	34.42	29.85	35.48	34.01
35.59	36.4	38.32	32.16	33.43	37.52	39.12	28.34
28.93	29.99	30.33	29.19	24.32	30.62	28.68	27.48
24.16	30.36	29.64	22.94	26.6	29.74	29.82	27.17
22.04	28.29	24.66	27.15	27.04	26.98	24.78	23.34
35.03	28.1	35.3	27.93	31.67	34.79	27.58	27.28
28.13	32.69	30.07	33.77	31.08	31.37	27.01	30.79
37.43	37.8	39.17	40.1	30.34	36.05	33.61	35.01
28.55	29.67	30.67	33.05	29.19	24.99	28.5	35.21
23.42	25.29	22.06	28.17	25.31	26.52	22.44	27.31
27.24	26.23	25.74	27.01	25.27	23.11	22.86	23.3
30.94	25.56	24.8	19.84	26.02	24.04	24.6	27.41
22.26	22.49	28.92	37.17	26.74	26.34	34.43	30.26
30.78	27.62	34.81	29.07	38.08	32.74	34.53	32.1
26.92	23.3	26.26	25.1	22.48	26.11	29.07	22.14
24.87	26.69	26.84	28.34	29.14	26.62	26.81	25.56
33.52	35.75	31.64	29.03	28.17	32.04	29.72	31.12
29.5	27.12	29.27	28.58	28.93	27.09	31.06	30.7
32.52	28.32	31.41	29.42	29.07	27.07	29.82	32.21
35.14	38.72	31.26	34.02	40.07	29.07	34.99	35.4
28.99	24.47	32.83	28.53	30.86	30.66	30.72	35.21
21.99	28.31	23.52	27.6	25.5	25.77	29.78	24.33
35.57	32.65	42.1	33.23	31.49	31.02	37.07	31.21
27.48	20.03	33.08	26.14	25.78	25.23	28.34	28.73
37.6	34.35	35.09	38.11	33.43	42.42	41.11	40.48
37.57	39.36	35.51	36.97	32.79	35.4	38.11	34.31
33.08	30.88	31.88	25.52	31.56	25.81	29.37	27.59
23.79	24.85	26.45	24.17	19.87	21.96	27.11	28.27
25.99	31.89	29	29.53	32.16	35.98	32.24	29.97
32.58	29.55	32.34	27.53	33.56	33.62	35.06	37.4
34.77	32.94	36.8	38.12	38.28	37.22	33.81	34.13
32.23	26.64	31.03	26.08	32.38	36.11	29.81	34.8
27.53	30.07	31.74	30.61	27.61	35.78	28.46	33.39
31.29	29.39	32.29	28.51	27.98	32.21	32.31	36.32
33.36	34.48	31.52	32.76	30.63	28.4	28.62	26.8
29.11	27.32	29.37	23.96	24.1	26.9	27.77	29.17
30.47	24.57	24.3	25.39	25.34	26.81	31.09	25.09
32.07	27.08	27.72	23.11	29.41	28.45	27.73	24.28
27.04	24.94	33.74	30.36	28.51	27.83	25.26	27.07
30.27	22.22	27.84	23.46	31.78	34.29	26.66	25.2
29.3	33.53	31.09	30.45	30.57	33.93	31.5	32.89
34.63	36.58	27.14	31.71	29.53	28.81	27.44	28.7
29.49	27	31.9	26.09	28.17	24.84	30.92	26.88
34.41	40.2	31.19	36.4	38.79	33.64	29.26	29.47
30.87	23.29	33.04	24.76	29.44	30.98	29.57	27
33.44	36.9	32.96	25	26.67	29.15	29.63	31.94
31.86	35.86	28	33.37	28.48	27.75	29.39	27.27
27.99	25.53	26.23	26.48	26.91	27.06	26.48	29.41
25.65	25.82	23.24	24.68	30.62	28.67	28.77	25.55
21.12	23.55	30.13	31	32.99	27.77	29.38	26.8
30.03	32.48	28.86	33.11	34.75	35.92	32.91	32.94
26.34	28.39	26.5	28.68	29.3	29.17	25.68	28.04
32.61	34.82	40.84	36.02	37.47	37.42	41.59	35.4
32.71	32.87	33.6	33.6	36.34	33.33	35.43	34.22
29.84	24.22	28.86	28.58	28.43	29.08	26.67	28.87
28.88	39.61	37.32	32.41	32.2	30.85	32.65	33.04
26.69	29.79	33.86	25.44	30.95	24.77	27.57	26.38
23.83	27.27	21.28	29.66	28.42	27.34	27.36	30.32
32.28	37.27	35.3	33.52	29.2	29.42	32.03	30.87
27.98	26.74	30.12	27.25	26.4	28.65	26.17	27.59
35.15	33.44	32.77	35.62	36.6	39.73	33.62	33.32
28.88	25.72	30.93	29.65	27.76	29.25	28.09	22.99
31.7	23.72	31.4	30.99	36.92	32.39	26.62	36.76
30.57	32.1	32.76	24.49	36.22	29.15	29.4	38.62
36.54	34.66	34.2	31.61	30.87	27.86	27.58	27.29
23.74	34	31.87	27.49	36.04	37.15	27.89	33.93
25.67	27.02	28.6	29.1	24.55	27.13	24.58	30.16
32.31	36.26	33.03	31.98	30.73	33.2	33.14	34.32
29.11	33.92	25.82	32.11	32	30.97	32.3	34.52
25.93	27.04	30.41	35.41	30.23	24.26	28.05	31.29
34.09	38.97	32.23	32.39	34.46	31.54	30.32	21.79
26.91	24.85	25.23	23.85	26.74	27.14	27.46	29.69
32.43	30.76	35.63	29.95	35.21	32.93	32.89	33.73
31.14	34.57	31.8	27.78	31.5	33.85	32.95	28.12
34.7	32.71	26.3	31.07	30.51	29.52	35.65	32.64
32.9	30.75	28.36	31.56	30.11	31.2	27.51	28.23
30.95	27.42	29.2	24.96	33.67	28.03	27.73	30.24
34.06	33.37	27.43	36.14	42.02	36.2	27.16	34.98
30.19	29.87	30.9	27.79	31.04	29.25	26.16	29.01
35.92	33.88	30.24	39.75	32.07	30.79	33.27	37.01
31.27	25.2	29	31.17	27.02	26.36	26.77	29.25
28.77	30.2	32.44	36.56	32.5	33.31	37.61	32.65
28.21	28.79	30.45	31.46	30.05	38.81	35.61	30.9
24.82	22.98	27.62	26.56	29.05	24.49	27.03	28.03
27.8	26	29.73	30.52	27.74	29.71	30.91	31.21
26.28	20.98	27.62	26.72	31.11	26.55	21.32	20.69
32.13	32.97	36.37	30.99	35.2	35.82	33.05	32.51
27.89	28.81	26.64	28.32	30.38	26.06	31.95	27.24
32.19	28.78	38.19	33.96	30.41	38.84	36.91	31.08
30.31	26.82	29.55	28.61	29.84	30.19	26.28	27.71
26.16	25.85	23.51	28.05	26.21	24.71	30.1	24.53
30.74	35.35	31.71	34.98	35.32	31.2	29.03	29.43
26.19	20.25	24.09	22.57	27.87	24.59	26.22	26.25
26.06	24.32	25.48	28.9	25.11	23.56	20.18	21.55
30.82	34.63	36.99	28.78	27.39	35.17	36.84	29.37
24.22	26.85	29.57	24.79	24.73	24.15	28.39	29.83
29.16	32.24	28.58	30.34	28.54	31.76	32.22	27.09
26.24	32.22	31.48	30.81	36.39	35.69	31.95	31.69
26.13	31.07	22.15	31.35	26.46	29.02	25.88	24.13
32.19	28.77	27.33	29.77	31.21	32.92	32.53	29.87
29.91	28.28	29.9	31.2	28	29.33	24.29	28.75
37.7	31.05	35.62	32.38	33.83	29.61	28.57	38.34
32.45	34.59	31.22	36	43.62	37.41	33.7	26.31
29.86	34.32	32.93	33.8	31.71	31.56	28.63	32.42
31.23	32.47	32.39	26.47	34.3	33.75	29.27	31.06
34.14	35.57	28.74	28.85	33.96	35.64	32.84	36.79
29.43	31.61	34.7	28.34	35.23	29.49	26.6	37.44
37.62	34.93	35.81	35.97	32.48	37.26	36.97	33.42
25.9	25.59	25.79	29.27	22.36	25.58	23.8	26.84
34.81	30.05	29.22	35.77	33.9	37.1	31.75	31.07
37.7	27.37	34.17	32.73	27.98	24.41	35.69	31.56
36.47	30.86	36.19	33.31	36.56	28.29	30.17	34.2
27.26	27.56	28.66	25.62	24.37	29.64	29.68	26.02
27.38	27.53	29.7	27.96	30.8	29.79	25.12	27.13
31.82	33.83	36.04	33.09	35.63	36.49	32.48	35.91
23.16	23.7	23.63	31.3	22.48	23.62	24.1	24.82
25.19	25.34	35.94	26.13	30.73	29.48	28.32	26.28
33.37	35.92	41.84	30.03	45.49	33.7	38.24	33.6
29.13	31.9	26.76	31.12	30.99	27.79	27.38	28.36
31.37	36.27	27.75	33.22	29.95	30.39	29.79	33.6
28.53	24.89	20.14	26.39	26.13	25.38	26.57	23.86
29.28	25.77	29.3	25.25	34.64	26.43	31.95	28.57
29.41	30.44	31.28	27.19	26.32	30.49	32.47	25
26.2	24.39	29.3	34.36	27.38	34.21	24.25	28.16
31.19	23.95	23.32	27.02	25.04	24.21	29.3	25.32
33.97	34.51	37.59	36.54	36.2	34.23	36.86	33.67
29.77	29.85	31.63	29.55	30.22	30.14	30.83	31.54
31.6	30.96	37.41	34.45	35.03	35.3	32.65	32.88
27.59	27.6	19.97	25	25.44	22.37	24.95	23.42
23.9	25.51	26.27	26.87	23.31	26.17	23.24	27.1
29.66	25.91	25.93	27.06	28.01	30.46	26	26
28.09	27.5	28.42	26.58	30.64	31.78	26.29	26.61
32.47	28.67	29.35	33.75	29.44	23.97	32.37	26.25
32.18	33.15	39.31	36.56	34.52	30.32	25.76	29.32
25.76	28.09	28.17	25.11	23.56	21.24	25.24	29.53
31.07	30.51	27.15	31.9	29.62	26.28	28.23	29.19
33.06	34.38	32.94	35.37	31.39	38.83	34.65	31.75
28.05	27.13	22.43	33.36	29.18	29.72	23.37	25.35
28.72	38.1	34.28	28.25	35.52	34.25	31.56	30.87
29.01	29.74	29.58	33.59	29.17	29.7	30.77	30.53
25.01	26.56	21.71	30.32	28.71	25.91	25.68	33.86
27.61	31.64	29.58	30.03	25.2	31.36	27.89	27.91
34.6	28.03	26.25	29.71	27.17	29.64	35.07	32.58
28.42	35.72	28.36	31.58	30.36	31.58	32.32	28.92
22.91	28.19	22.41	28.95	28.25	26.15	29.08	24.06
32.48	39.49	29.17	30.56	34.22	36.4	30.32	37.28
36.55	35.31	30.6	35.04	31.22	34.63	35.11	40.93
25.32	28.95	23.81	23.39	24.88	29.81	27.6	24.85
18.68	22.42	26	25.25	23.3	22.87	16.76	20.76
30.28	36.38	32.72	27.82	26.4	31.32	30.42	30.17
30.21	22.39	24.05	27.51	25.63	30.17	26.99	26.99
26.89	30.79	29.93	27.38	28.21	27.83	28.47	30.23
33.22	31.39	33.82	33.93	31.56	30.47	29.15	36.53
32.16	29.28	26.54	29.28	30.42	30.94	24.85	29.06
28.32	30.65	28.98	32.83	28.31	28.32	28.07	27.79
26.13	25.39	23.6	22.98	24.44	24.99	29.27	25.07
32.34	30.77	28.31	31.22	25.92	31.38	28.38	34.12
27.79	29.82	30.24	34.5	27.94	31.41	29.47	27.34
24.11	34.7	26.19	27.81	27.85	27.41	29.21	25.85
29.95	33.07	31.65	35.12	33.97	35.21	28.07	27.32
29.24	30.69	28.31	24.82	32.62	24.54	27.47	31.31
35.28	30.13	36.2	26.37	29.09	30.55	38.06	30.18
27.45	28.71	26.09	25.7	29.49	27.27	23.67	25.19
27.32	22.51	27.38	21.86	22.79	30.1	25.99	27.2
30.1	29.04	32.06	29.17	29.73	28.28	27.3	28.76
33.29	26.59	27.68	24.47	28.81	34.16	32.05	30.36
25.03	26.97	24.95	24.32	28.62	25.28	26.12	20.41
27.67	23.83	25.89	25.95	28.8	24.81	30.65	22.93
28.26	33.71	35.28	26.59	33.47	33.11	30.37	35.33
38.61	38.6	34.52	45.29	42.72	34.05	39.83	37.81
29.51	31.86	31.45	33.43	29.93	31.38	28.81	27.51
35.43	37.34	32.94	33.28	42.03	35.68	30.86	32.74
31.69	27.96	30.63	27.89	23.43	33.95	31.64	33.75
24.84	30.62	27.68	30.24	26.64	24.17	23.53	31.29
31.66	27.15	29.36	26.56	26.92	26.08	25.65	28.79
25.11	21.81	30.25	25.77	24.78	23.74	27.21	26.26
30.59	31.79	31.5	34.37	37.31	32.77	32.68	34.54
22.01	27.49	24.6	28.34	24.89	26.43	30.48	23.57
28.98	30.12	26.44	26.26	23.92	23.76	25.13	25.61
40.82	39.32	39.38	39.32	34.3	34.81	38.85	36.85
33.42	34.4	42.8	33.74	30.4	36.36	33.8	28.74
30.05	33.09	32.7	32	32.96	34.54	29.11	31.42
30.12	27.51	27.6	24.36	29.11	28.74	26.75	27.76
31.81	26.65	29.2	32.03	26.62	35.3	26.63	33.09
29.68	27.39	29.75	31.3	26.7	29.49	36.02	31.18
26.03	29.09	30.36	30.91	31.93	30.99	28.67	26.96
33.18	31.39	30.52	37.27	34.81	36.3	35.21	39.32
26.87	33.61	37.03	28.85	36.93	31.73	28.56	30.05
27.34	25.55	30.7	29.62	32.88	26.53	27.14	30.64
31.91	31.7	34.52	33.87	25.68	28.71	40.69	39.89
24.91	26.41	25.96	22.51	27.04	24.65	29.61	26.59
31.93	25.12	26.02	26.94	31.76	28.64	34.58	29.11
25.67	31.7	25.72	24.88	32.35	26.33	27.98	34.2
25.09	29.6	28.29	26.41	29.42	24.3	27.25	24.92
31.73	37.75	32.47	32.25	31.5	32.84	34.84	32.53
32.36	26.57	31.47	28.54	29.76	27.17	31.45	24.68
28.64	26.41	31.56	37.41	27.57	36.74	26.58	30.46
37.74	29.95	28.32	34.37	33.31	31.79	32.48	33.53
29.76	24.82	31.14	30.04	29.59	35.51	31.74	31.81
27.46	24.86	24.03	32.27	37.36	30.04	30.29	27.29
26.96	26.25	29.53	27.85	29.61	28.55	27.61	32.5
38.39	34.3	36.11	37.66	31.43	43.98	39.38	43.68
26.9	29.86	29.24	30.32	26.31	32.01	26.15	30.73
31.48	28.8	34.77	30.66	32.85	35.56	25.97	26.63
30.13	33.02	34.01	26.67	34.19	32.43	30.73	31.17
30.44	32.29	35.9	27.69	32.08	29.21	26.44	27.34
32.55	29.1	28.93	30.5	33.01	32.6	32.87	29.16
35.9	34.12	33.51	30.26	27.06	30.94	31.75	41.04
36.49	35.55	31.09	36.11	33.29	32.97	33.25	31.85
30.82	26.11	30.6	30.65	27.7	24.93	25.63	22.13
28.2	28.2	28.75	40.58	34.29	31.22	33.25	31.7
28.44	24.72	27.54	32.14	34.13	32.54	25.73	31.15
28.81	24.04	33.05	29.7	32.54	34.13	33.02	30.34
27.74	31.94	30.99	25.29	29.05	28.9	30.12	30.09
34.51	38.34	36.38	31.55	31.84	32.12	23.15	27.64
31.47	37.7	40.83	30.58	28.53	37.36	30.65	34.1
28.74	35.82	28.79	32.83	25.74	28.97	31.46	33.93
28.66	34.24	31.38	30.65	35.05	26.86	24.56	24.73
32.98	29.65	29.71	29.68	35.7	30.44	30.06	32.56
22.87	26.91	18.94	23.44	27.22	21.55	22.21	24.57
33.79	33.6	31.89	34.31	36.8	30.13	32.35	35.6
28.57	28.18	29.11	27.08	25.37	25.97	30.13	27.45
36	34.16	34.62	30	36.81	34.31	34.73	35.81
30.02	30.9	31.72	25.96	27.35	29.1	31.26	30.44
27.1	33.83	35.06	31.65	36.41	31.11	36.76	30.49
29.61	33.42	27.38	33.59	37.55	32.51	38.5	36.4
34.27	31.63	29.72	34.75	27.4	38.44	32.46	26.95
29.55	25.73	26.25	26.07	25.74	26.09	29.04	29.17
32.04	31.94	38.7	35.89	31.52	28.16	36.2	31
35.75	31.32	35.27	34.99	35.79	26.69	35.26	34.46
29.97	34.77	35.53	28.17	30.86	25.8	29.85	31.03
31.59	24.58	28.62	27.52	23.68	28.91	28.45	27.07
29.32	29.16	23.31	27.62	26.3	25.23	25.88	25.72
26.33	24.73	28.66	26.75	22.56	25.86	26.89	24.78
29.95	31.96	28.25	33.32	30.19	26.51	35.71	30.39
24.06	23.54	26.18	22.22	23.04	23.16	23.16	25.1
21.37	24.77	19.28	23.87	24.14	26.06	25.12	25.79
27.12	28.04	26.25	24.87	22.24	26.44	26.81	28.15
24.2	24.59	24.7	23.99	19.99	29.53	24.71	26.09
29.48	28.68	33.53	33.44	31.97	26.71	29.11	33.93
24.05	22.25	29.03	27.76	26.79	20.34	21.57	23.82
29.63	29.52	25.7	26.48	26.51	33.58	32.1	28.7
28.86	34.73	31.37	27.26	31.84	27.3	29.87	25.36
23.66	24.82	23.08	23.53	30.99	26.5	28.41	24
33.2	29.2	27.46	26.04	29.88	32.25	31.63	27.59
26.03	31.41	28.35	23.17	30.28	30.06	26.28	28.56
29.67	25.4	29.22	30.94	30.06	26.3	31.3	26.31
30.82	30.7	31.03	31.2	30.63	34.58	25.22	28.6
29.62	24.74	33.51	29.41	27.43	25.56	26.52	28.47
28.55	39.18	34.94	30.54	31.87	30.71	38.21	24.91
28.42	24.59	24.52	23.43	31.3	24.58	30.79	26.75
31.61	30.69	31.14	33.64	22.83	29.65	28.66	30.82
35.25	35.2	32.03	35.18	31.11	38.97	36.38	35.52
36.91	29.07	27.23	34.08	34.42	34.08	28.03	30.22
25.72	25.73	24.19	23.6	22.41	24.59	27.27	21.53
33.19	29.26	23.75	27.75	29.2	32.7	26	24.29
26.97	30.87	28.5	27.28	28.11	25.21	28.2	29.77
41.89	29.83	35.74	37.2	28.39	37.04	35.76	26.43
38.5	32.03	27.77	31.19	36.11	30.27	34.93	34.07
23.05	20.67	28.79	24.16	24.36	31.2	22.95	27.05
33.37	28.5	32.94	20.97	29.91	31.8	30.2	31.52
26.55	38.42	31.78	28.78	27.47	33.17	29.15	26.25
31.4	30.14	29.18	24.76	28.24	30.56	26.05	30.58
30.02	28.82	29.18	30.35	26.19	23.36	22.89	22.92
31.2	29.61	28.19	33.7	34.75	26.03	28.51	29.21
30.47	36.62	36.35	29.52	30.75	27.15	33.61	32.23
28.38	33.6	36.05	32.11	29.33	27.63	30.21	32.36
22.76	23.76	25.26	23.45	25.39	22.64	27.44	21.81
24.8	25.37	28.71	29.69	29.43	26.75	26.52	31.77
28.09	25.96	26.75	32.31	33.29	25.43	30.91	28.4
22.3	29.31	33.17	23.99	25.36	27.89	26.41	25.18
31.01	26.46	32.38	26.38	32.7	30.78	26.51	20.91
30.35	36.02	35.39	27.9	32.15	33.06	25.69	28.35
26.73	30.34	31.61	30.19	24.42	29.21	33.86	31.88
31.16	25.17	25.39	26.22	25.52	23.37	24.35	34.78
27.88	33.46	27.51	29.67	24.96	29.81	37.53	28.67
28.21	23.33	26.62	25.92	25.1	29.71	23.83	23.88
31.53	25.08	27.77	27.74	17.72	23.1	26.93	24.47
24.22	27.4	27.6	28.23	30.59	29.9	23.87	25.18
37.68	28.58	32.62	40.66	31.55	28.73	29.42	28.55
24.37	29.37	24.39	26.8	29.4	28.84	26.94	35.01
31.71	28.42	32.17	27.87	27.94	27.83	29.52	28.47
27.34	27.16	29.03	33.26	31.58	22.68	26.6	29.67
31.95	33.66	30.17	30.31	22.92	26.66	27.68	34.39
24.16	22.35	23.07	25.45	26.75	23.63	27.82	25.01
29.11	37.27	29.63	28	27.49	29.32	30.39	26.99
32.66	25.57	32.69	25.01	25.87	27.97	23.23	29.76
25.32	28.88	27.34	23.16	25.31	28.04	26.28	28.95
33.31	26.48	25.4	32.82	31.44	27.41	23.69	25.85
37.15	29.72	32.11	32.3	31.82	29.91	29.85	35.75
35.18	36.84	31.24	37.33	26.53	31.56	35.7	32.07
27.97	23.84	27.77	25.2	24.11	26.9	26.7	26.79
31.78	33.46	30.82	33.26	32.95	31.09	35.26	37.22
32.17	25.8	36.39	32.98	30.75	40.12	36.98	34.69
29.66	29.89	30.71	25.38	30.45	27.37	27.35	30.15
29.47	36.97	26.84	31.13	31.77	29.69	34	34.28
25.61	30.73	29.16	26.46	25.96	26.49	28.39	28.33
40.54	40.42	34.51	33.5	35.67	28.39	31.12	36.7
28.81	28.56	28.7	32	32.84	29.15	29.77	31.99
23.14	26.1	27.77	28.63	25.59	28.77	28.19	24.87
32.26	36.25	35.98	32.71	36.1	34.47	33.28	32.41
26.53	25.85	27.88	26.33	27.91	24.26	27.17	25.24
27.18	36.59	31.26	29.74	30.15	27.97	29.04	29.86
25.87	22.25	24.55	25.15	25.4	24.96	25.27	32.34
30.71	31.51	29.19	26.95	29.3	27.7	23.88	30.16
30.43	25.07	26.13	23.64	26.96	24.8	25.34	28.73
28.47	27.63	27.96	22.67	26.57	21.16	23.88	27.19
29.62	36.67	35.64	32.2	30.43	28.06	26.96	35.11
30.68	30.39	28.87	34.17	36.17	32.5	33.52	35.43
30.87	33.54	34.23	31.84	31.3	29.71	31.54	26.26
22.25	26.04	25.93	23.26	25.8	27.98	24.99	28.21
35.24	30.11	29.94	27.52	32.98	33.77	32.96	28.67
24.51	30.51	26.35	35.8	25.84	30.98	27.77	30.97
32	30.48	31.46	27.86	33.95	25.66	36.72	24.58
33.82	32.21	32.23	31.1	31.8	30.19	27.6	30.2
29.91	32.84	26.74	31.03	26.3	29.97	28.58	30.09
29.8	30.2	28.06	27.73	32.43	31.28	24.55	32.93
26.36	31.85	23.04	27.46	28.4	28.46	30.6	25.33
36.41	39.22	30.44	34.92	37.28	30.89	41.27	35.44
28.03	35.46	32.25	30.5	27.6	30.45	30.22	30.83
27.17	29.77	33.76	23.81	23.86	26.78	25.4	26.01
31.04	35.59	29.56	26.48	34.29	27.8	28.73	31.07
27.12	34.21	31.49	31.4	32.73	35.04	33.36	32.14
27.26	29.23	33.53	25.22	27.38	35.93	28.54	28.05
34.26	32.39	34.56	27.84	30.26	25.33	26.45	24.98
30.83	27.9	26.78	27.36	26.69	31.53	26.14	21.08
30.38	27.98	26.06	28.86	28.53	25.51	27.13	26.53
30.2	27.45	28.89	27.01	27.82	29.27	28.71	31.05
37.3	33.5	35.35	31.91	38.51	36.17	30.97	35.18
40.17	39.03	29.86	40.55	34.39	36.35	32.78	40.88
23.39	24.49	22.55	25.11	24.5	24.11	22.78	23.62
33.88	36.78	33.73	26.53	32.86	30.3	36.74	30.52
37.74	32.46	39.28	33.07	32.18	32.18	35.33	29.82
26.72	27.51	26.35	24.64	29.04	38.44	28.26	27.94
28.53	32.17	28.6	26.67	25.78	26.49	32.6	34.85
39.96	34.6	43.31	28.43	40.23	40.47	42.08	33.8
24.75	22.26	24.45	26.31	24.91	22.91	23.25	26.89
27.41	32.89	26.99	32.63	33.15	30.49	28.82	28.42
32.72	31.14	35.17	32.56	35.77	35.16	32.86	35.48
27.23	24.48	32.29	28.47	37.19	33.76	31.33	28.39
30.69	28.82	23.93	27.58	31.19	26.14	33.4	28.51
25.76	27.63	24.03	26.68	24.18	24.97	24.49	26.42
34.34	35.16	35.12	42.3	33.5	35.45	34.58	30.63
33.28	33.94	33	33.66	33.48	38.47	36.77	44.44
29.94	32.88	30.82	30.5	28.16	30.12	31.51	28.09
28.32	33.44	29.56	29.91	24.91	28.57	32.09	34.01
30.25	27.4	31.46	27.75	23.55	27.86	30.29	32.83
29.56	35.72	28.99	30.8	31	33.01	34.33	30.87
33.22	28.77	29.44	28.49	39.05	29.23	29.82	29.34
38.02	31.73	35.41	33.99	32.16	32.95	33.42	35.8
32.53	28.25	31.62	33.17	34.98	35.03	27.1	32.12
28.15	28.4	29.21	23.53	25.9	24.03	31.78	24.94
31.91	27.83	29.1	28.83	31.64	27.36	34.55	31.26
35.26	34.84	25.62	32.06	31.83	32.56	36.27	36.48
34.02	30.69	34.04	34.78	34.71	37.37	30.95	32.58
31.39	34.78	34.48	31.68	32.19	37.35	31.74	34.62
32.49	30.85	25.53	21.99	29.02	30.32	22.12	25.42
42.7	36.21	31.81	36.47	38.44	32.31	41.9	33.66
34.63	29.97	27.57	22.78	30.09	28.95	29.81	29.97
23.36	29.38	24.94	26.47	27.6	27.64	27.14	24.81
35.48	29.72	31.43	32.29	27.72	30.35	31.39	30.12
32.26	36.11	34.22	37	31.78	28.27	33.18	35.62
28.26	25.49	31.63	26.15	31.22	31.48	28.8	28.03
31.93	31.83	31.18	31.05	27.91	31.53	28.96	34.99
28.65	30.11	26.52	24.33	24.13	27.86	30.73	29.37
33.14	29.19	36.95	35.69	32.66	37.35	36.65	29.78
29.2	29.81	30.27	33.16	25.29	27.55	30.56	34.07
29.15	32.58	30.15	33.8	30.71	32.21	30.15	25.05
37.99	35.92	27.65	27.29	28.18	32.68	33.33	25.12
29.45	28.89	27.28	27.96	31.72	27	27.31	28.99
26.9	24.8	31.14	36.12	29.46	32.39	23.44	33.55
25.6	29.94	23.17	24.95	26.67	25.72	27.93	26.02
24.96	24.78	24.43	22.97	29.95	29.51	24.11	26.45
25.99	23.25	26.48	25.29	32.06	26.04	35.16	31.3
29.73	30.3	29.75	31.06	33.16	31.91	33.37	34.25
26.73	23.86	24.06	31.33	27.74	25.21	29.53	28.79
28.25	26.67	26.21	24.61	29.57	30.2	34.27	29.54
24.63	20.63	21.29	23.29	24.11	22.36	20.81	24.28
27.38	28.05	30.32	33.38	23.95	32.78	28.06	27.47
25.68	26.33	30.23	26.31	22.95	33.15	25.17	28.22
26.98	24.18	25.97	23.98	26.69	34.34	24.57	24.34
30.55	30.19	40.46	32.87	37.53	36.68	36.76	35.76
24.87	29.33	25.03	29.38	27.94	31	29.4	28.76
30.53	31.08	25.93	32.11	33.5	28.05	29.82	37.52
28.55	20.98	24.76	30.77	27.84	27.05	27.84	28.43
32.43	34.94	30.93	33.62	28.98	27.39	36.26	30.68
25.3	37.87	31.87	28	30.59	33.66	31.96	31.17
27.8	31.41	29.94	36.94	36.27	29.43	31.44	30.01
31.76	32.58	36.31	30.59	31.02	32.1	36.18	30.95
29.65	30.71	27.76	29	33.31	35.58	32.06	25.73
24.84	26.78	26.33	29.74	30.52	29	28.56	24.67
26.07	31.84	27.28	28.06	26.24	30.28	29.7	33.73
30.95	25.88	25.32	25.3	22.3	27.1	28.66	24.08
28.11	29.13	25.08	27.51	31.43	29.83	27.62	24.82
24.1	29.71	33.65	30.29	30.73	29.47	31.62	27.13
33.47	35.17	32.75	35.23	35.15	36.45	33.13	38.92
32.09	34.23	28.8	39.68	33.74	32.47	34.38	33.14
27.16	32.54	27.28	27.89	30.66	29.25	24.9	22.61
30.39	31.08	34.98	28.26	31.28	27.09	32.22	33.58
30.09	25.74	29.67	31.9	35.73	31.14	32.48	32.08
31.85	22.82	30.55	28.09	27.07	27.76	24.26	26.32
27.51	25.09	28.61	34.89	27.54	29.49	24.29	27.62
26.51	30.41	31.83	25.01	25.08	30.97	33.39	28.12
33.81	33.13	30.22	33.58	36.88	38.62	30.78	27.48
33.3	33.96	33.54	29.78	36.52	34.99	32.68	37.65
29.34	26.63	25.96	32.13	27.33	26.02	27.78	34.42
29.82	27.43	27.78	36.25	30.05	31.5	31.55	27.19
24.75	26.98	29.68	30.68	30.25	27.07	25.77	27.45
33.18	35.3	31.3	32.69	39.93	33.34	31.67	36.71
28.93	27.63	29.44	24.93	26.99	27.5	27.27	25.17
23.38	31.36	25.37	29.54	30.28	32.62	26.06	24.63
26.68	32.39	26.38	24.54	29.53	29.94	32.02	32.2
30.85	34.61	30.05	27.37	33.4	30.98	33.76	31.13
27	29.49	28.81	28.52	27.03	28.88	27.21	26.04
31.39	30.93	31.26	29.56	29.18	26.69	29.09	28.74
27.22	32.81	32.95	31.02	36.7	34.29	31.89	35.94
32.97	33.79	33.55	32.27	44.61	35.03	27.88	36.67
33	36.72	34.75	37.14	32.52	38.6	39.14	37.06
27.21	33.09	27.06	30.93	23.88	27.03	28.88	29.64
28.25	30.03	27.93	26.86	27.94	27.15	29.94	30.5
30.62	36.4	34.52	32.12	33.14	33.14	33.52	33.71
24.45	31.18	28.86	33.86	26.62	28.12	28.35	28.76
28.37	27.25	27.73	25.18	29.95	31.31	29.4	27.59
22.22	23.45	26.86	24.93	30.36	20.7	25.1	26.8
32.35	34.05	40.24	34.56	31.88	33.67	32.3	30.85
26.44	27.15	31.24	32.56	30.17	33.15	36.56	33.66
34.05	35.16	31.93	31.84	30.23	31.38	40.22	32.36
28.82	33.64	31.8	29.06	30.91	29.47	29.06	33.2
25.92	35.14	29.2	32.16	27.97	33.97	28.44	30.06
36.49	31.88	30.36	36.87	29.14	32.6	33.23	27.97
33.48	38.29	29.02	38.47	32.79	33.72	29.83	33.35
30.13	28.71	30.19	26.81	30.1	27.54	25.29	24.67
29.98	36.79	27.67	31.75	35.55	28.63	26.11	25.71
26.32	22.3	26.21	30.3	26.66	28.11	23.59	24.84
34.91	28.47	26.76	32.4	33.08	34.59	37.86	33.2
32.19	33.6	33.19	35.26	36.7	33.31	32.59	32.87
42.15	36.93	41.84	40.98	33.46	33.02	36.32	32.33
32.09	33.8	34.95	30.41	30.58	32.88	35.78	30.13
33.64	34.45	34.64	31.52	34.5	33.78	32.99	30.29
24.46	31.06	30.46	33.1	39.57	29.92	32.58	26.65
30.98	25.95	23.74	26.01	29.38	27.6	25.33	27.69
24.03	28.04	29.08	27.22	24.16	34.27	29.42	25.66
33.88	36.75	33.3	30.68	31.83	33.83	27.74	31.88
24.79	21.51	28.43	26.81	24.65	20.59	26.09	26.47
26.54	35.19	34.66	25.52	26.05	27.43	32.65	34.86
35.75	37.76	29.38	35.77	31.55	36.94	36.69	39.3
31.34	34.28	31.69	33.61	38.04	31.09	33.26	29.03
27.66	28.94	28.05	35.54	28.14	33.96	32.59	28.38
35.94	39.19	33.42	32.99	35.05	30.89	37.2	32.85
32.39	32.63	39.02	34.15	44.95	33.56	39.44	36.5
28.88	33.8	28.38	29.04	37.26	25.57	30.62	29.27
31.77	27.63	28.77	26.82	30.02	30.5	27.97	27.64
31.96	38.77	32.2	33.44	35.64	30.75	31.63	33.53
26.8	28.98	25.29	29.28	32.43	29.47	39.93	33.92
24.94	24.41	23.91	25.85	25.53	22.09	20.91	24.75
32.08	28.2	34.81	31.02	29.87	31.71	29.76	42.42
29.18	27.54	29.41	25.09	31.85	28.13	30.98	25.93
26.66	26.89	28.13	24.89	30.38	24.77	26.12	27.42
38.02	29.81	33.94	26.99	32.82	39.08	29.98	36.79
31.87	31.07	31.68	31.59	32.66	44.68	36.15	33.51
29	29.61	31.42	33.68	30.79	29.83	36.89	28.2
27.86	27.54	29.33	20.43	26.16	28.1	23.49	26.87
25.63	30.58	27.76	24	30.52	28.47	24.6	30.48
29.66	31.76	32.62	32.05	34.57	27.73	33.16	37.52
28.45	35.75	35.76	31.85	31.54	28.98	30.74	37.42
22.1	26.25	23.17	24.16	26.78	28.15	23.08	23.2
27.76	22.13	22.66	33.71	27.71	24.53	26.08	26.06
39.11	33.14	33.58	29.71	32.79	27.54	34.04	36.79
26.21	23.8	26.48	29.43	26.46	27.71	27.02	24.34
27.9	20.55	25.79	31.09	24.38	32.16	21.61	24.18
31.83	28.6	25.23	33.18	30.85	32.13	28.61	28.32
32.98	31.7	25.29	36.44	30.85	28.54	28.42	37.15
29.91	24.72	30.01	32.84	28.75	35.64	26.41	28.23
30.6	30.41	21.39	28.9	27.66	29.39	27.68	31.84
28.5	26.49	28.83	27.33	30.63	26.82	28.84	31.45
31.46	25.68	34.26	29.04	32.86	31.83	30.35	26.04
30.85	32.65	30.29	34.36	29.6	31.76	36.39	33.76
36.22	31.63	36.45	39.1	29.15	31.8	34.18	35.07
26.4	22.66	24.36	26.75	24.73	30.28	29.67	28.3
35.99	29.84	33.58	31.07	40.19	32.49	41	37.09
34.01	23.08	29.98	34.14	29.56	31.73	26.86	29.68
32.39	30.02	38.13	35.18	38.82	37.63	31.41	34.42
35.18	35.78	28.17	36.6	24.92	33.52	26.72	37.28
36.1	30.43	35.11	30.1	32.7	31.94	34.99	34.06
27.76	32.59	31.59	31.2	25.75	23.52	29.5	26.73
34.14	31.21	31.86	27.15	29.79	30.76	31.81	32.93
31.71	30.83	34.44	33.32	38.01	36.57	34	30.56
24.86	21.23	26.31	29.2	29.63	25.91	24.45	29.13
28.37	28.28	30.13	27.15	30.87	26.09	28.31	29.03
32.25	28.5	27.13	27.45	25.14	26.31	26.16	30.53
27.91	32.18	29.41	37.35	29.07	28	23.81	32.03
35.34	30.12	29.21	30.36	26.27	27.07	23.03	31.05
30.43	32.86	33.58	27	35.37	28.91	28.96	29.96
33.59	29.43	30.12	28.77	31.45	28.06	33.33	32.95
37.66	35.87	38.19	38.57	37.37	32.86	31.24	33.58
24.33	31.93	27.33	24.18	25.65	24.68	29.33	26.09
26.76	25.95	24.73	28.35	27.87	26.37	26.62	24.2
32.19	27.51	30.55	33.92	27.12	22.83	33.97	30.6
29.43	28.26	29.56	26.1	34.12	27.81	30.56	32.36
36.13	33.3	33.88	36.57	37.84	37.97	36.57	34.47
33.12	28.12	31.13	31.02	37.39	34.74	34.87	31.36
30.52	28.71	33.83	30.38	38.14	29.41	35.06	27.78
34.49	25.36	29.43	31.79	34.43	34.25	26.77	32.39
34	32.44	30.64	35.51	33.99	32.05	39.51	33.7
36.52	32.58	31.68	34.33	35.86	35.95	38.48	32.52
34.71	28.5	24.5	34.8	36.3	31.01	26.57	29.78
33	28.12	35.54	32.24	34.24	30.18	26.82	33.79
33.74	28.87	28.81	30.47	29.7	29.42	35.43	30.66
34.69	34.43	27	37.81	34.3	31.63	26.09	28.35
28.5	29.51	29.46	32.46	25.92	27.58	32.71	34.96
31.91	34.39	42.64	31.76	36.66	36.11	32.37	32.28
26.19	25.79	28.21	27.84	26.71	31.34	29.8	24.38
39.15	44.1	30.07	40.91	29.11	39.66	43.59	29.28
24.46	25.93	26.19	25.3	23.47	21.59	24.88	27.32
34.53	28.81	27.75	28.36	26.33	26.92	31.13	32.36
23.17	24.02	26.34	28.07	27.51	28.62	22.96	25.21
34.65	32.49	31.5	29.61	32.76	35.42	27.12	33.91
35.28	35.03	29.22	34.31	34.91	35.93	37.53	30.41
29.68	36.57	31.57	31.69	37.47	35	29.9	35.36
28.77	28.07	24.96	33.52	29.66	27.24	25.91	26.82
28.63	30.11	24.32	29.69	33.3	27.41	29.79	30.18
39.62	23.85	23.03	26.06	28.22	29.72	25.73	30.45
24.06	25.48	22.03	22	24.76	23.39	19.12	28.13
37.59	32.11	30.69	35.02	42.02	32.39	30.82	31.83
35.55	26.97	30.01	31.54	34.25	30.38	27.93	32.44
29.46	34.9	33.61	32.1	25.89	30.94	28.52	33.9
26.04	28.15	29.48	31.55	34.72	36.9	24.74	34.39
36.07	31.39	37.18	32.58	38.27	33.15	29.63	35.25
23.71	25.33	30.95	29.08	29.04	30.99	28.67	29.77
29.98	29.57	31.19	32.47	27.6	29.09	27.22	33.77
27.32	22.23	25.98	28.97	27.23	30.75	27.49	25.72
29.83	33.77	30.72	31.38	28.5	32.76	32	33.64
29.79	29.35	33.35	28.01	39.87	25.71	32.57	34.76
31.87	34.44	34.09	31.33	31.32	30.83	25.18	31.84
30.42	30.5	26.6	29.54	30.25	28.73	29.1	30.85
33.71	29.79	26.54	32.5	30.86	29.49	32.41	28.45
30.03	32.34	31.78	32.5	29.66	29.16	30.47	26.08
31.88	27.86	30.81	29.36	25.52	30.08	29.27	29.18
23.11	24.55	25.79	25.07	24.22	25.06	25.63	22.97
32.07	35.09	35.68	28.07	27.3	30.42	29.67	29.43
30.29	26.15	32.97	31	27.94	28.67	31.67	31.06
29.66	29.1	33.53	29.76	32.78	29.8	30.81	34.08
36.03	30.33	36.04	34.63	31.52	28.39	29.06	22.65
23.63	23.99	28.29	22.71	31.07	28.05	24.86	24.77
29.29	30.67	33.13	33.59	27.93	26.14	24.95	27.58
37.4	30.72	33.03	30.22	32.09	26.44	34.46	36.74
31.85	29.87	27.74	29.46	29.33	31.01	33.71	34.31
30.94	31.87	23.87	33.7	32.63	34.56	37.38	33.12
29.93	28.26	31	26.99	34.09	29.75	28.95	30.71
28.28	39.08	33.63	31.63	40.14	28.12	40.6	37.75
29.22	34.74	27.26	32.28	34.96	37.66	33.99	36.06
30.23	27.53	29.13	26.36	32.24	31.48	33.18	35.36
25.94	33.14	29.26	34.16	25.17	31.93	33.71	28.12
25.97	31.82	31.39	29.94	24.99	21.41	29.94	28.28
27.34	25.84	27.36	24.84	29.63	29.44	29.92	26.78
29.15	23.99	27.76	32.75	26.43	30.3	28.1	26.22
32.25	31.96	34.32	29.78	26.13	33.46	30.99	32.97
28.57	27.71	22.48	34.16	31.92	25.79	28.66	29.28
32.06	33.71	29.53	28.93	26.73	31.63	26.34	32.73
28.81	29.54	29.5	27.39	35.04	29.33	31.37	32.25
31.38	33.28	33.46	35.84	29.3	38.12	30.82	34.23
39.08	27.5	40.02	30.43	38.57	33.11	29.68	38.05
30.6	29.6	29.91	32.57	30.98	31.03	39.73	34.41
25.68	28.86	30.31	33.58	27.52	27.56	32.03	27.37
36.3	37.38	31.42	35.65	35.41	28.97	36.21	36.5
27.06	36.16	33.7	27.66	30.58	31.52	25.43	37.52
33.04	32.88	35.22	26.5	23.39	30.39	32.89	31.43
36.69	34.85	37.36	33.48	35.06	35.26	34.6	30.8
25.18	25.43	23.8	22.68	30.25	28.04	23.17	24.33
33.64	38.07	30.93	30.37	34.44	33.99	33.17	34.16
30.93	32.26	30.91	29.2	34.42	32.46	30.39	26.94
24.89	31.15	30.41	29.78	24.43	30.7	27.05	27.62
26.21	22.25	26.67	26.01	30.6	25.32	34.17	25.14
29.01	23.09	27.32	24.9	24.27	21.84	27.98	29.51
21.23	25.76	28.73	25.57	22.92	25.15	27.61	22.71
27.02	28.88	24.27	26.29	27.31	28.02	26.35	28.36
30.94	28.13	36.66	31.38	25.09	23.97	29.72	26.21
26.82	26.26	24.7	31.78	28.1	32.75	28.75	25.65
30.53	28.88	31.63	29.96	31.44	27.82	28.22	31.37
28.53	23.65	22.82	34.67	26.76	25.73	26.28	29.21
29.99	30.32	25.92	29.23	31.39	33.2	32.23	26.01
41.09	37.25	35.06	39.97	27.66	34.38	33.41	36.32
31.6	37.18	27.28	28.77	31.55	34.82	29.74	34.3
37.41	35.95	37.06	33.16	33.99	31.74	37.11	35.44
29.28	33.56	25.63	28.1	33.16	28.69	31.82	32.08
21.96	21.6	23.09	28.16	31.71	25.43	26.6	25.26
25.77	26.58	28.03	23.97	24.25	30.29	25.97	20.8
27.97	26.01	25.5	25.67	32.67	27.15	27.99	29.15
32.18	32.11	27.62	33.47	29.66	32.9	35.58	43.46
27.48	31.53	29.33	37.71	32.64	27.83	34.4	24.15
33.97	32.19	35.83	34.11	34.5	31.39	40.64	36.17
27.9	24.67	29.89	30.9	27.68	28.55	24.76	26.66
27.6	27.22	21.5	22.51	27.86	23.73	21.64	29.42
31.99	31.59	30.67	31.87	33.92	27.67	29.42	30.03
31.29	26.71	29.82	32.45	32.44	30.12	26.27	29.86
34.15	28.88	25.98	29.64	33.28	30.96	29.59	28.97
27.76	25.96	25.06	34.31	28.81	26.14	28.82	27.59
34.44	32.83	35.75	27.93	36.67	27.9	31.21	38.06
29.18	30.6	31.82	30.77	26.4	29.26	30.71	34.71
36.76	32.51	30.14	34.56	30.98	30.59	30.94	31.02
46.49	40.73	36.35	40.34	38.39	33.68	38.27	42.08
33.45	35.36	24.66	34.46	40.43	37.83	25.48	27.84
28.39	31.23	27.28	31.21	29.84	24.6	23.5	25.99
35.49	32.36	40.56	35.13	36.07	32.87	33.82	31.58
30.07	35.53	29.2	31.65	31.85	36.57	35.99	36.4
25.37	28.47	31.73	26.16	34.47	33.11	31.71	25.37
32.41	30.36	37.38	29.41	32.28	32.29	28.42	32.82
27.8	31.05	27.97	35.15	28.12	31.26	27.82	33.73
23.93	34.89	26.31	27.04	26.09	27.6	28.92	28.77
31.39	27.23	28.53	26.05	32.85	29.12	29.01	24.33
33.11	30.32	29.58	25.8	33.28	26.1	34.22	34.02
33	31.34	23.29	30.94	29.56	33.37	30.02	33
23.17	31.11	22.38	27.5	26.28	27.78	22.77	28.18
29.59	27.62	29.71	29.95	27.36	33.68	32.6	31.76
31.94	27.8	33.63	28.36	32.32	32.79	33.1	33.49
22.67	31.08	32.8	24.77	35.16	23.87	25.07	32.5
32.23	37.26	38.15	31.38	37.19	35.88	26.11	44
23.17	25.31	24.69	22.52	21.44	24.51	25.18	22
38.5	44.34	41.37	37.9	31.75	34.84	30.52	31.64
27.83	26.52	33.52	36.77	30.88	33.99	30.89	28.3
26.63	31.33	29.74	33.33	27.94	28.96	40.78	31.75
33.12	30.88	25.54	27.84	32.86	36.39	31.1	30.23
33.14	28.68	26.1	31	28.91	28.32	23.95	33.07
23.4	25.66	29.52	23.13	24.52	28.1	27.42	31.72
33.76	20.29	21.86	25.16	27	27.19	25.19	27.89
36	31.84	27.53	36.69	33.49	30.75	28.93	35
28.97	31.87	26.35	28.32	34.28	29.24	29.46	25.25
27.33	30.96	32.57	29.28	31	34.51	33.87	29.35
32.82	28.36	33.77	28.37	36.1	31.98	29.56	29.35
30.83	32.25	30.82	21.98	25.84	31.67	34.8	31.92
39.16	33.73	33.74	31.14	29.8	33.6	39.09	32.61
35.46	31.76	31.42	32.87	33.99	29.2	27.67	34.19
31.4	29.53	29.79	36.75	32.79	34.84	30.94	32.58
26.5	29.9	36.18	26.18	24.91	25.88	31.99	23.39
25.23	25.94	32.48	26.93	25.28	27.19	28.68	21.56
33.36	30.73	32.2	31.47	34.98	30.61	25.37	35.56
34.79	29.32	31.95	31.74	33.05	30.32	35.31	30.58
26.08	29.62	24.98	29.54	28.7	26.34	29.23	25.35
26.04	27.55	33.55	36.23	28.41	33.08	29.28	29.92
35.3	25.78	32.08	33	33.57	32.77	33.26	37.79
33.8	24.69	24.23	24.24	27.46	28.88	28.74	28.22
32.56	25.16	23.98	32.97	31.63	26.28	30.09	25.51
30.9	29.43	34.72	33.53	34.88	30.58	31.41	35.44
30.54	36.59	30.16	24.6	27.55	34.85	27.96	36.1
27.1	28.99	27.83	27.63	20.24	25.03	26.62	24.73
30.19	23.63	24.9	30.58	26.32	28.26	27.39	28.98
25.77	25.19	29.36	29.96	24.1	24.05	28.73	26.07
33.69	28.5	31.85	29.47	32.37	31.69	33.08	34.6
20.86	25.62	24.62	23.32	20.56	20.49	23.76	25.6
28.96	31.76	29.67	35.72	26.18	30.68	21.28	28.2
25.61	26.12	32.99	28.69	26.73	27.33	31.47	26.58
27.58	26.21	24.28	24.81	27.95	27.36	29.61	24.93
34.79	32.96	30.41	33.72	25.81	30.41	31.33	32.87
29.74	27.34	27.21	28.22	26.81	30.68	30.7	29.08
34.77	29.27	36.75	40.57	33.59	33.91	33.11	32.12
34.52	30.24	37.2	34.02	30.01	32.79	36.59	34.88
36.29	30.61	32.93	28.5	29.93	31.69	33.07	34.47
24.68	26.34	22.78	23.06	22.96	26.98	22.21	22.88
29.19	29.93	26.98	26.87	26.97	24.51	27.86	24.9
31.96	26.36	30.26	30.59	26.09	30.9	36.01	29.51
34.38	34.97	32.2	28.9	32.25	31.78	29.85	31.79
27.57	30.04	25.59	25.3	34.75	27.89	24.92	25.74
29.14	29.18	34.94	29.7	31.99	30.53	27.69	30.38
35.79	45.31	34.45	37.79	41.49	43.26	41.32	36.87
28.45	32.86	32.59	35.23	32.71	30.58	31.93	32.01
25.36	28.44	25.32	24.49	31.76	32.85	25.81	27.88
29.05	28.79	26.93	24.92	26.01	29.13	26.3	28.08
39.14	29.56	35.48	30.26	32.55	31.83	33.23	29.97
32.46	32.97	27.2	37.8	36.62	31.5	31.57	39.75
31.01	33.06	25.27	25.41	30.38	26.6	26.3	35.47
31.56	28.59	26.08	25.67	26.63	28.33	36.65	30.64
29.65	28.36	28.49	29.01	30.28	35.45	33.9	30.57
24.31	25.44	24.51	26.32	23.23	27.75	23.87	24.14
34.92	26.09	24.64	31.35	26.19	30.46	26.6	23.73
31	30.92	26.78	20.46	23.3	26.68	29.28	23.47
31.28	28.96	29.97	26.24	27.72	28.91	28.44	27.15
27.08	27.85	26.58	25.78	25.84	28.02	26.94	27.26
36.09	30.67	30.06	30.15	31.85	30.42	32.72	28.19
30.81	30.62	29.18	33.88	28.25	30	33.54	33.01
29.37	30.02	28.47	34.24	26.92	28.79	30.57	28.6
30.9	31.13	30.21	34.38	30.31	28.42	35.76	29.68
41.45	38.81	39.18	33.21	35.02	33.55	34.54	40.76
30.5	29.5	30.31	32.55	29.06	31.81	32.27	33.05
30.57	32.04	32.71	27.74	29.36	23.42	25.27	27.96
33.11	24.24	37.94	36.01	32.16	33.54	36.36	32.76
26.1	29.1	27.63	28.92	30.76	33.77	29.24	27.2
29.94	29.82	28.08	26.69	27.69	29.24	31.11	23.76
30.34	30.74	36.62	41.59	35.59	41.31	31.29	36.67
31.29	28.36	26.38	30.12	29.97	24.87	29.77	29.42
39.91	27.74	29.98	30.12	33.53	33.61	30.58	27.85
31.95	29.15	30.29	31.46	27.47	34.31	32.76	31.8
33.64	34.43	32.96	37.77	37.1	36.5	38.2	37.95
27.39	28.57	27.7	28.12	34.89	29.97	29.92	27.56
30.79	30.08	31.64	25.88	32.14	32.27	28.1	30.91
28.09	29.88	27.92	32.52	34.1	29.2	30.77	30.71
26.73	28.3	24.37	26.33	26.42	26.97	28.04	29.55
33.08	32.18	32.01	33.51	28.33	27	29.47	28.5
33.67	37.24	31.45	30.95	30.85	32.04	30.09	38.28
25.07	22.51	27.83	23.18	24.29	29.95	26.4	29.71
30.19	28.81	29.32	30.82	28.25	27.8	28.59	30.81
31.94	32.93	36.47	31.79	37.82	34.95	33.44	33.67
31.41	33.9	36.06	35.69	35.31	34.01	24.8	29.15
27.01	29.34	32.1	30.86	28.8	29.82	29.4	26.4
29.91	28.93	34.04	37.27	28.2	31.38	29.07	26.15
31.36	34.41	32.19	30.12	26.99	34.82	27.76	35
35.82	35.68	41.08	31.64	31.41	33.49	32.92	37.42
23.79	23.63	23.38	26.26	22	20.74	26.43	27.88
30.01	30.78	25.99	26.9	29.62	30.74	25	37.99
26.12	32.79	33.62	30.5	32.75	28.06	29.27	28.03
34.35	32.86	27.39	33.31	27.08	33.75	25.77	32.6
31.06	30.28	29.47	32.49	31.43	34.49	29.61	32.89
35.61	35.27	31.88	34.94	26.06	36.35	37.76	35.73
27.51	27.6	33.26	30.7	27.54	34.39	24.15	28.81
29.93	29.85	29.89	26.92	27.72	24.99	26.63	27
25.08	28.16	22.59	24.21	23.69	24.52	23.22	22.46
45.6	39.11	42.29	39.46	32.77	32.88	38.12	34.61
32.34	27.87	32.64	32.47	36.35	30.66	27.72	35.21
27.22	31.04	30.14	25.9	29.81	27.82	29.72	26.68
30.24	31.49	28.82	34.37	30.54	32.12	35.19	36.57
28.27	38.59	30.09	31.12	29.03	27.5	35.72	39.4
35.69	33.32	32.41	34.9	38.45	32.27	31.44	32.3
19.98	25.32	20.83	20.53	22.14	26.09	23.3	27.99
27.82	33.64	22.82	28.34	30.87	24.22	24.38	29.36
33.92	28.37	33.25	29.13	24.16	37.82	31.15	29.18
31.11	24.73	34.29	30.64	32.09	29.86	31.41	29.56
30.12	31.75	38.46	29.94	30.73	32.12	31.98	33.91
30.52	32.86	29.97	24.99	33.09	29.86	23.41	28.36
30.69	25.25	34.91	29.57	34.34	28.77	31.85	32.26
26.2	24.55	24.18	26.89	31.68	22.93	28.11	23.09
32.69	36.05	29.87	32.81	34.29	33.3	33.02	31.89
26.38	30.85	27.51	28.89	29.66	30.89	24.39	28.68
25.01	28.67	25.67	26.21	24.35	31.96	26.47	29.04
31.7	35.65	38.22	29.2	26.98	32.21	35.5	33.94
34.63	36.05	29.03	29.8	38.39	37.27	29.61	33.74
32.62	37.7	25.49	35.57	36.04	28.32	31.8	29.2
31.27	32.81	32.29	32.82	30.89	27.77	31.83	26.39
24.54	24.79	26.87	26.91	22.22	27.1	24.56	25.83
22.2	22.23	25.38	22.31	25.77	22.26	26.33	20.75
38	33	32.52	28.52	32.91	28.87	32.73	36.5
35.27	30.89	30.74	30	35.15	29.97	30.36	29.78
37.71	29.4	33.97	36.5	38.08	39.42	32.67	32.83
28.56	31.61	30.18	35.19	32.84	33.45	32.39	33.26
37.28	34.8	30.26	37.63	35	32.43	30.32	37.97
28.51	25.89	27	26.52	25.27	27.87	27.17	28.74
32.94	36.43	28.09	28.66	34.23	33	32.64	28.11
39.74	34.82	29.82	37.34	34.45	34.8	31.3	41.6
23.07	29.71	25.11	24.42	30.78	22.21	26.65	31.17
30.92	30.67	36.52	36.39	38.94	37.23	36.68	35.93
26.53	25.67	29.12	30.92	30.75	27.17	30.12	27.73
33.01	27.79	28.07	25.45	31.34	37.02	29.78	21.18
28.74	30.86	36.52	31.6	33.37	38.46	30.02	33.4
23.07	37	28.65	31.1	33.03	37.67	29.98	29.59
26.34	23.19	30.34	29.15	23.38	30.89	27.29	28.77
33.6	31.99	31.68	37.67	28.11	31.93	36.52	33.56
28.56	27.92	29.38	28.35	33.44	32.06	31.36	33.91
24.58	26.94	22.4	27.85	24.89	29.66	25.68	26.36
25.11	28.78	28.27	29.8	28.98	31.09	26.61	22.65
27.6	31.63	37.19	31.42	33.65	31.61	32.45	37.09
26.98	28.28	24.04	24.22	22.25	29.98	28.66	26.98
24.79	30.49	30.81	28.79	26.92	31.54	27.12	25.99
23.83	25.65	28.94	21.84	27.48	24.52	26.62	27.42
28.39	30.08	33.05	29.08	35.44	36.62	33.94	34.76
32.56	30.06	31.65	32.36	29.26	30.1	37.44	30.3
23.71	33.87	31.39	27.71	25.95	28.21	29.51	28.6
30.82	35.23	24.97	36.55	30.68	26.13	30.79	30.3
30.2	32.76	32.84	33.49	34.02	30.85	36.44	27.35
26.81	23.32	27.52	23.38	25.94	29.95	26.3	25.26
