28.13	32.39	28.65	27.13	25.26	25.62	28.37	24.53
24.3	25.97	24.64	27.61	24.8	25.77	19.75	22.03
27.31	34.61	28.52	32.03	31.09	28.97	28.73	28.74
25.19	25.5	25.3	26.87	25.45	33.71	29.72	27.08
27.7	28.76	26.49	26.41	33.14	31.51	27.79	24.97
33.6	35.13	29.3	33.31	32.79	36.65	34.38	40.3
29.03	28.14	25.68	27.33	32.95	26	26.29	30.21
25.23	26.71	32.79	29.28	20.67	26.79	30.52	26.7
33.41	32.46	35.03	31.97	32.98	34.85	29.16	30.97
28.63	23.87	31.67	27.44	29.35	29.18	30.22	32.09
29.49	33.4	26.38	30.55	24.33	26.11	29.27	25.77
36.58	29.92	30.1	25.62	31.87	27.91	31.92	27.51
27.32	31.42	28.84	29.46	38.32	28.44	24.62	33.29
27.15	27.55	24.41	31	28.26	28.35	21.54	23.81
31	25.57	28.96	25.98	31.51	26.4	27.36	24.4
37.94	28.5	28.76	34.21	34.93	30.79	29.79	31.24
24.23	31.47	34.86	22.88	37	30.17	30.95	29.91
29	30.32	31.84	35.08	30.59	32.27	27.26	25.61
35.43	28.11	36.18	27.93	28.34	31.23	27.49	27.73
32.3	29.13	29.74	30.97	40.13	34.02	28.83	31.19
27.69	27.99	28.82	39.79	29.43	36.35	28.18	41.04
39.45	32.19	38.48	28.63	33.82	36.74	34.35	34.22
32.17	33.58	27.76	30.29	30.36	29.84	31.87	28.58
28.93	31.94	31.5	31.25	36.08	27.2	32.18	37.46
28.76	29.23	29.72	32.41	27.7	27.01	27.53	34.82
33.19	32.21	33.17	34.9	37.15	35.35	29.47	40.85
30.1	25.03	30.15	33.7	30.31	33.32	35.59	33.57
27.89	31.23	30.88	25.26	30.22	26.51	25.89	27.19
29.71	30.57	32.38	29.15	32.97	25.12	34.73	32.48
22.41	23.25	20.95	26.74	20.74	22.84	20.95	20.87
26.85	30.07	21.91	30.11	29.61	27.93	36.38	27.93
26.93	26.8	26.03	27.79	25.64	26.01	28.58	28.41
28.07	32.53	28.19	29.11	26.23	30.97	30.78	28.75
28.29	24.43	27.15	25.2	28.97	26.47	24.5	32.29
27.82	33.52	29.2	30.43	28	26.39	31.55	26.95
33.97	25.88	28.79	25.85	34.38	26.25	28.87	24.38
27.16	20.77	25.44	24.77	25.08	25.57	21.84	24.29
32.05	31.08	27.69	29.72	29.81	31.55	31.36	33.06
29.22	28.09	24.45	21.82	24.53	22.26	21.77	20.8
31.55	27.05	31.79	31.28	26.43	24	30.54	34.92
27.7	38.57	30.47	30.2	33.54	33.33	28.97	27.73
26.34	23.35	30.39	34.22	31.62	28.17	29.54	30.32
27.2	24.67	25.68	30.55	24.32	28.21	29.19	29.89
29.79	30.03	35.87	27.42	26.56	28.85	31.44	29.07
29.65	27.16	23.06	25.85	24.99	22.5	30.41	28.36
40.19	35.54	35.52	28.04	36.03	29.88	28.9	34.77
22.94	23.3	21.96	25.55	23.18	22.49	24.76	26.09
31.64	37.37	28.16	24.99	32.02	27.29	30.71	34.36
30.55	32.44	28.09	28.9	29.74	31.21	26.83	26.18
32.18	33.05	30.92	27.69	25.75	28.52	24.83	28.04
30.32	31.54	30.1	30.78	31.45	29.77	25.51	27.77
28.93	28.93	25.94	32.94	32.93	30.78	32.52	27
33.34	39.76	32.33	32.1	29.05	34.59	34.44	37.38
24.52	24.83	23.62	20.13	28.56	28.55	25.85	28.22
21.02	25.41	26.23	24.99	25.87	24.97	26.19	29.64
30.29	29.46	30.74	33.45	29.59	27.69	28.65	27.75
30.87	33.29	30.22	29.1	29.18	27.47	25.76	23.03
33.29	39.07	30.66	34.54	30.41	31.78	30.26	30.86
32.65	35.17	31.74	29.4	31.53	29.45	32.42	33.86
34.05	29.15	28.98	27.37	37.21	26.81	31.38	25.72
41.91	43.85	32.59	37.23	33.91	34.04	33.25	33.36
27.54	27.72	26.65	27.79	29.07	27.89	29.23	26.85
27.84	21.94	22.99	26.39	30.1	22.34	27.99	25.13
28.1	29.8	25.48	29.45	27.02	23.98	31.67	30.17
29.14	27.09	34.1	35.65	25.87	26.92	32.99	26.7
25.95	27.17	28.21	27.93	26.99	28.42	31.92	28.49
26.84	33.53	31.44	25.99	30.06	27.81	24.56	24.78
31	25.19	25.52	24.1	30.86	33.92	26.59	31.18
31.11	22.55	26.46	24.78	27.93	25.41	27.28	31.56
31.95	29.99	28.83	30.16	37.78	30.87	28.86	34.41
27.39	27.88	29.6	25.83	28.88	28	27.06	29.14
30.68	30.15	24.57	31.88	28.41	30.54	32.76	31.79
27.83	29.49	26.3	21.46	28.16	27.7	31.06	22.5
30.38	36.01	40.84	29.73	31.02	27.66	34.43	37.59
33.45	32.37	29.54	34.71	28.69	36.37	29.95	30.43
28.61	28.21	27.74	31.67	34.65	29.97	25.35	33.3
30.77	32.31	31.13	30.55	29.75	31.76	33.53	26.84
25.72	23.75	24.15	25.57	28.25	32.29	33.82	28.19
29.45	28.84	30.12	33.91	30.57	27.03	31.61	28.75
40.25	34.2	21.99	25.63	28.49	25.02	28.19	34.8
29.26	33.9	28.74	41.9	30.56	29.09	33.99	35.45
23	21.12	21.04	23.23	16.75	21.53	25.62	26.04
30.53	31.4	34.51	38.73	34.61	30.77	25.2	24.95
35.49	30.58	32.36	29.18	28.29	27.66	26.47	31.8
35.48	34.81	36.18	29.94	36.69	33.66	40.68	42.62
36.64	36.83	37.78	36.25	37.68	34.96	36.84	34
30.9	28.37	26.48	31.56	34.27	25.38	28.17	31.84
30.68	33.96	28.64	27.79	29.64	30.81	35.92	30.67
20.47	30.23	21.44	21.58	24.38	29.2	23.26	26.33
28.58	28.27	30.18	25.25	28.55	27.82	31.73	28.36
24.43	35.95	32.81	30.96	30.34	30.89	26.56	29.29
28.77	23.58	25.66	27.85	26.53	25.25	30.14	32.42
34.67	30.28	31.33	29.74	32.89	28.8	41.92	40.31
29.38	23.07	32.48	30.8	30.37	34.24	37.38	32.8
31.5	38.11	34.14	34.91	34.4	28.66	30.93	31.08
31.29	35.47	30.59	29.01	35.54	27.18	35.5	33.69
32.36	29.18	31.3	37.95	27.24	26.95	33.85	28.03
29.56	30.95	31.66	30.6	26.82	26.02	26.83	37.6
36.86	30.55	34.05	27.2	29.09	27.83	33.07	31.99
33.95	32	33.04	31.38	30.9	33.9	30.74	37.03
25.64	24.52	25.71	23.73	20.42	25.35	23.55	23.26
25.92	25.31	20.91	28.77	21.99	27.55	26.89	27.76
27.08	29.67	26.58	25.59	33.23	24.83	23.4	25.87
35.67	29.71	32.38	27.95	27.7	29.61	29.99	30.94
29.27	26.07	29.31	32.47	37.13	32.42	33.38	28.9
36.85	35.19	31.4	36.59	34.98	37.63	38.68	41.38
29.02	30.14	30.82	33.03	26.29	33.02	33.8	30.58
33.15	37.62	33.64	41.61	31.47	33.57	32	27.56
24.43	25.88	22.94	21.73	21.04	23.5	27.64	21.15
26.59	22.9	24.76	26.08	27.8	25.09	22.47	28.13
31.79	39.01	33.63	31.25	30.95	34.64	34.54	29.11
23.57	28.7	27.75	30.32	30.32	28.84	29.41	29.26
23.9	24.06	29.1	27.54	33.42	25.48	25.86	29.64
25.37	25.59	24.78	23.73	23.51	22.64	27.43	23.09
27.54	25.13	22.98	25.29	25.56	23.68	31.2	25.72
36.27	33.83	35.99	35.57	34.46	33.39	33.83	36.41
31.95	28.65	35.33	27.69	31.76	35.09	26.25	30.95
27.79	27.34	38.58	30.74	25.92	33.29	29.45	30.02
26.06	29.72	26.47	31.96	25.49	23.47	26.97	26.68
27.89	35.82	23.13	26.36	28.54	28.48	28.28	27.06
39.65	31.44	35.67	27.08	31.99	34	34.25	32.22
31.51	27.85	26.22	32.66	31.33	34.03	29.42	27.73
34.06	28.87	36	27.39	38.88	24.06	32.08	30.15
31.2	22.87	29.44	30.68	23.13	22.55	26.78	31.44
35.15	35.95	38.23	42.49	42.03	35.25	32.36	34.37
29.36	29.75	30.1	27.37	27.26	27.22	23.52	23.68
22.71	22.35	27.58	29.11	28.4	25.63	28.77	26.08
24.06	28.87	29.03	26.85	25.31	27.11	24.48	28
27.13	29.66	24.06	26.38	20.39	29.69	21.79	27.33
25.08	32.59	28.23	31.08	27.56	29.45	29.34	27.66
24.77	24.23	29.29	24.33	28.55	23.16	24.53	28.7
39.49	38.91	29.42	36.69	34.14	30.48	33.17	32.63
38.18	42.85	28.99	40.85	32.14	29.95	37.34	36.67
35.99	27.56	25.43	31.32	29.71	28.66	29.15	26.53
36.83	39.59	39.1	29.31	35.81	34.49	40.01	31.57
31.45	29.7	29.91	34.56	32.87	34.34	31.52	30.34
24.46	23.68	25.97	25.56	27.05	23.99	27.83	28.63
23.9	27.01	27.59	28.72	27.24	33.09	26.58	32.67
28.64	29.02	27.47	27.24	31.71	29.18	31.45	29.55
35.43	28.62	30.99	29.36	28.95	27.4	31.32	29.17
26.31	31.74	28.19	26.61	30.31	33.53	36.93	31.4
28.48	24.74	26.52	26.13	27.41	33.14	31.14	26.86
26.73	28.69	24.49	26.3	31.35	28.9	22.65	30.48
32.77	30.88	33.81	35.95	34.56	27.59	35.65	38.13
26.01	27.39	25.24	27.21	25.38	31.11	25.7	28.05
35.82	35.34	30.18	34.67	33.44	28.43	29.64	28.56
26.48	30.27	28.34	32.29	25.36	27.28	31.62	35.06
35.36	37.07	46.54	33.3	38.52	31.7	38.47	31.12
25.25	31.22	37.41	31.87	28.78	32.09	30.15	32.19
23.1	24.55	23.32	28.04	22.02	28.26	24.57	25.27
26.33	21.23	25.67	28.15	28.24	26.71	30.36	30.23
32.06	33.1	32.37	33.73	34.05	35.08	35.15	33.38
33.19	35.19	38.4	30.71	42.66	33.22	31.94	36.75
35.68	32.77	34.97	34.22	36.2	33.56	28.63	33.8
27.31	26.84	27.02	29.26	27.82	29.87	36.95	29.33
23.3	26.41	26.7	30.86	26.06	30.9	27.67	29
29.31	29.14	31.85	25.92	29.33	26.05	27.88	26.3
37.15	27.63	32.24	25.99	29.94	28.04	32.55	32.51
23.67	26.97	23.55	27.44	30.01	26.54	28.24	30.81
32.03	34.82	31.14	35.6	31.58	33.39	26.25	34.48
32.57	31.32	31.07	30.07	32.44	26.97	29.35	32.4
34.59	35.66	39.63	34.63	33.51	37.3	36.81	38.8
26.28	26.06	28.85	22.05	24.13	26.85	26.71	22.98
25.36	33.2	35.18	28.61	31.09	28.42	32.21	29.31
33.46	28.3	32.79	34.98	32.25	38.72	26.23	32.19
24.45	37.07	32.18	28.75	28.01	30.99	34.31	31.12
27.59	31.14	28.99	31.42	26.75	25.61	33.12	28.53
26.58	25.67	23.16	26.85	27.98	26.92	23.54	24.61
33.7	44.78	41.74	33.93	35.77	42	39.31	33.09
32.12	34.32	31.9	30.91	32.38	31.24	35.25	26.93
30.97	20.98	25.57	24.87	23.94	28.2	21.9	26.74
25.87	32.6	25.66	29.7	25.33	28.94	22.16	26.76
30.15	26.98	25.96	30.8	25.82	31.22	31.1	28.49
25.88	27.9	29.38	27.34	26.5	26.8	21.81	22.09
33.44	29.87	30.88	26.79	27.88	36.14	38.09	30.53
28.83	41.45	26.74	37.96	27.88	29.27	34.31	36.03
29.53	28.19	29.28	29.08	33.21	28.49	33.68	34.35
30.63	28.43	30.93	30.06	28.89	31.21	28.24	31.78
29.09	35.03	31.12	32.74	28.62	32.4	29.96	31.89
25.38	27.14	29.34	29.79	30.53	30.49	27.43	28.24
33.76	38.95	38.36	40.72	35.25	36.69	41.04	41.03
23.95	28.65	23.32	27.37	30.77	29.46	27.94	24.87
26.3	28.85	24.09	27.41	25.67	25.66	25.23	27.14
28.17	30.56	32.32	25	35.08	28.36	32.43	30.9
30.27	37.57	27.03	35.53	31.99	30.73	36.6	32.87
39.45	29.64	31.36	29.61	29.97	35.29	30.94	34.27
25.9	26.62	29.52	28.08	28.82	28.89	31.25	29.9
21.31	26.28	29.98	24.98	28.88	31.55	31.49	34.48
30.11	22.96	25.32	27.95	26.15	25.3	20.18	25.4
30	33.9	37.15	28.84	34.72	33.18	35.67	32.11
35.94	31.8	29.88	28.16	27.33	37.76	30.34	27.91
39.94	33.61	35.34	38.41	30.87	34	31.27	28.73
30.33	34.12	26.44	31.01	25.06	30.19	35.69	30.84
33.77	27.89	41.5	32.48	28.11	27.1	30.99	31.54
30.05	33.65	34.51	33.12	29.94	31.35	32.17	35.21
24.1	23.42	26.49	22.19	29.93	26.6	26.56	22.46
28.85	35.34	31.96	34.17	29.75	24.47	32.96	27.14
24.72	24.05	25.5	27.26	24.08	30.7	29.34	26.31
32.89	32.01	31.25	26.39	29.08	26.33	29.97	28.18
30.88	32.13	32.49	26.83	33.45	39.31	26.75	32.74
22.27	29.29	22.33	25.36	28.79	24.3	27.18	26.48
32.04	34.45	29.95	26.3	32.11	30.6	34.69	28.95
37.41	32.33	41.32	42.14	32.53	35.86	30.27	33.72
27.71	29.36	25.74	24.85	22.27	29.06	23.93	23.67
22.97	24.4	24.31	25.18	22.03	28.1	21.94	26.28
32.19	34.27	33.43	42.16	34.83	30.86	32.02	35.06
25.11	24.33	26.89	20.84	22.85	19.87	24.73	24.54
25.78	30.47	31.54	27.88	28.83	27.27	27.18	23.3
31.75	36.44	36.97	35.2	32.67	28.31	29.01	37.79
28.96	31.7	31.93	35.76	35.74	26.8	28.23	27.34
33.27	36.53	28.11	31.34	31.12	33.74	35.08	35.92
33.07	29.34	31.97	34.37	34.24	31	35.05	29.1
29.97	36.98	35.04	30.01	33.09	41.24	32.94	33.16
33.05	26.11	36.48	25.38	32.8	31.01	31.97	25.25
26.89	30.46	29.55	27.36	32.67	34.34	33.24	30.39
34.54	33.73	48.32	39.34	35.95	31.62	33.46	38.22
34.9	39.8	35.64	29.86	28.37	32.18	32.2	36.75
32.19	26.89	30.16	24.33	29.67	29.87	29.47	29.18
36.69	34.91	32.02	28.54	29.9	25.79	34.42	31.34
25.91	31.58	26.8	29.2	24.4	25.96	25.23	25.55
27.7	23.24	23.5	25.07	24.54	26.72	22.32	26.61
24.51	32.22	42.63	32.8	28.68	36.36	25.18	38.38
35.06	33.01	39.25	35.37	30.04	33.55	29.64	28.91
37.17	34.19	31.2	31.16	28.58	28.6	29.48	26.71
24.95	25.63	29.55	28.41	30.86	25.84	34.65	28.11
29.43	28.66	26.26	27.92	32.56	29.54	24.67	26.25
32.2	30.49	29.63	32.05	37.07	31.86	28.27	35.65
24.39	27.13	28.26	27.41	25.74	23.4	27.56	26.63
34.21	38.19	33.09	35.76	37.67	38.8	34.18	39.59
32.2	33.75	30.74	38.92	35.2	29.06	34.99	32.11
27.87	35	27.6	27.6	32.71	27.51	29.31	28.12
34.84	28.18	31.11	23.82	32.31	30.57	29.91	32.1
32.37	29.96	29.68	24.96	28.53	35.65	34.08	34.97
29.51	31.75	29.12	28.77	33.56	30.98	31.69	34.12
28.47	30.59	31.28	27.15	28.63	24.75	29.37	30.25
29.09	33.79	34.76	35.97	30.48	33.02	30.02	29.53
36.36	37.93	28.88	28.36	29.17	29.59	35.44	36.41
29.65	30.72	26.97	27.99	29.38	30.57	29.19	28.21
26.18	28.12	24.4	30.92	32.08	34.92	33.44	24.84
29.11	25.63	33.77	30.89	27.45	30.03	33.87	29.69
28.85	28.74	22.54	27.27	31.4	28.3	27.21	24.31
32.34	30.81	26.6	28.87	31.74	32.12	26.88	29.19
29.1	31.12	33.8	30.87	33.98	30.25	29	35.47
25.36	30.49	29.5	37.97	35.42	29.46	26.21	31.87
31.07	25.14	23.77	30.01	27.23	27.98	26.71	23.42
26.59	23.65	30.98	25.15	25.24	22.31	22.75	24.63
27.25	31.1	28.14	28.75	32.69	31.93	37.3	32.77
30.39	25.87	28.71	25.59	28.27	23.39	24.48	25.22
27.63	25.05	23.87	29.01	26.52	26.42	24.24	22.13
27.26	27.38	29.33	34.69	26.31	30.89	28.81	24.29
37.4	29.78	31.99	28.85	29.97	30.27	35.61	32.55
24.98	26.72	21.86	28.46	28.17	25.46	24.13	27.72
30.02	31.24	29.54	28.75	30.1	21.53	22.21	26.85
32.11	31.99	30.75	35.97	31.89	30.32	28.21	30.97
40.43	31.78	35.76	32.07	29.14	27.28	35.08	23.45
30.11	29.57	31.34	27.79	29.39	33.19	29.74	30.13
22.61	26.81	26.19	24.68	24.79	24.09	28.65	26.81
19.91	23.61	25.93	22.5	21.15	27.75	24.07	23.81
31.01	38.52	37.13	28.32	36.27	26.08	29.23	28.72
32.35	28.03	28.92	31.93	29.04	30.81	33.41	33.36
25.8	27.09	26.77	22.94	32.66	26.77	28.05	30.2
26.99	32.65	29.17	23.34	28.86	26.12	25.87	26.8
37.58	38.66	31.7	35.25	34.47	36.05	34.83	34.18
24.15	25.22	25.19	27.64	27.01	31.17	30.51	29.1
29.48	27.78	29.43	32.35	30.14	30.42	29.77	33.66
31.06	33.49	30.92	28.86	27.11	31.09	32	36.18
31.93	28.74	32.09	27.69	28.95	26.11	31.41	28.2
31.19	27.48	28.5	33.33	33.12	28.56	28.36	29.09
25.89	34.24	35.95	30.9	30.88	32.67	33.8	35.28
28.48	33.67	32.79	33.86	33.9	30.85	35.39	33.64
30.75	24.86	28.02	29.56	29.73	28.16	29.09	28.56
25.98	22.71	26.96	24.57	24	22.1	21.99	22.68
31.04	33.4	41.52	31.08	31.29	30.56	35.56	34.48
26.32	33.05	32.25	30.78	33.2	31.95	30.15	31.21
36.63	34.43	33.29	37.61	31	35.58	33.24	32.28
27.35	28.38	27.84	34.81	31.37	32	28.18	30.07
33.03	34.92	29.28	27.53	28.59	30.91	25.55	36.5
38.88	39.29	37.89	38.12	29.38	32.46	31.19	32.76
29.26	27.23	28.08	32.66	30.04	24.54	34.34	26.6
29.16	27.18	29.79	32.66	32.95	27.47	32.31	28.71
29.48	31.8	29.3	31.02	25.59	30.34	26.57	30.14
28.22	23.77	29.35	27.27	30.36	25.23	25.92	27.5
32.35	38.04	29.11	37.43	36.75	33.18	34.7	39.86
34.77	32.15	32.1	31.2	28.95	33.64	31.07	32.07
34.25	31.82	38.1	30.83	34.75	28.45	32.99	28.69
29.28	29.24	22.06	23.65	30.72	18.94	29.19	24.59
27.94	29.62	26.06	28.99	24.57	26.72	24.64	25.69
31.55	38.81	34.77	30.7	33.2	34.5	28.87	26.92
31.78	29.25	34.08	37.65	34.5	26.96	32.01	33.34
32.87	34.61	27.55	29.86	34.59	31.1	30.46	33.74
37.76	31.29	33.76	33.59	28.61	26.17	34.13	34.07
37.85	31.48	33.5	34.7	35	37.88	37.35	37.77
21.83	26.56	26.68	24.88	27.6	26.14	26.33	36.92
33.92	33.71	26.18	30.12	28.43	30.73	32.52	34.81
22.76	24.15	24.96	20.27	25.84	24.38	20.92	23.91
22.23	31.61	31.11	29.27	30.6	28.3	30.63	22.38
30.51	30.72	26.55	28.93	26.22	21.35	22.71	27.52
26.38	24.13	29.71	25.18	25.73	31.82	27.66	26.43
37.22	37.06	29.53	35.92	30.14	36.77	29.7	33.64
32.88	28.73	31.76	34.2	34.9	29.7	31.1	35.98
29.36	25.64	24.23	28.83	24.4	21.7	26.38	25.16
31.45	43.07	31.74	35.68	35.15	32.27	35.51	37.49
29.74	32.52	32.64	30.79	28.94	31.77	28.42	30.75
26.55	31.63	26.39	33.14	38.16	29.64	28.78	29.84
40.27	32.74	39.5	44.58	36.39	39.99	32.75	43.59
30.18	29.05	26.92	26.5	31.82	22.52	27.77	26.58
27.78	26.15	25.71	27.64	23.87	20.45	23.62	22.96
31.53	35.82	29.62	32.6	31.66	30.25	32	30.14
36.75	32.58	30.95	29.35	30.19	34.04	31.83	30.98
26.96	31.6	38.74	36.01	34.15	31.96	32.64	33.61
28.33	32.58	27.14	26.91	27.85	25.65	24.25	31.04
34.44	30.57	33.84	36.4	32.12	30.22	28.47	34.53
25.82	25.95	30.82	25.96	29.42	27.55	25.84	24.32
43.53	35.01	39.49	27.07	42.33	40.15	43.12	42.1
31.43	37.78	28.33	31.36	33.31	33.31	29.31	37.66
32.49	41.48	34.46	42.58	39.06	38.21	38.64	31.75
31.14	34.93	31.77	31.43	25.76	30.78	34.44	32.55
30.67	36.72	33.66	32.2	33.02	31.5	27.33	28.64
27.18	24.55	25.57	27.88	27.32	24.01	27.87	25.28
37.2	33.4	34.38	40.24	34.66	43.84	35.01	37.82
33.03	38.89	37.74	33.7	43.35	39.31	38.17	34.65
33.7	38.76	36.97	33.6	34.81	33.65	29.29	36.74
28.23	25.98	28.55	24.87	29.72	27.2	25.49	27.16
22.66	28.67	30.36	32.75	23.38	24.01	26.55	26.27
29.91	36.88	30.19	29.18	25.58	30	29.99	29.55
33.26	35.54	24.56	31.35	29.84	30.94	27.53	28.07
29.16	30.4	38.68	30.22	25.87	32.06	27.58	38.84
31.66	32.93	32.7	32.4	29.12	40.22	30.23	30.2
39.29	32.09	30.34	30.68	32.47	31.33	38.63	37.67
30.59	29.04	27.4	29.42	32.31	30.74	28.34	34.11
25.05	23.18	21.34	21.09	27.95	27.89	25.09	24.09
33.87	25.43	34.14	28.85	35.23	33.79	25.46	31.72
35.66	32.17	32.76	34.92	32.71	32.68	39.08	34.58
27.1	32.32	29	24.24	29.06	23.66	29.15	24.98
31.68	30.39	24.15	29.44	27.2	25	30.83	27.54
32.34	31.14	29.29	30.32	24.55	27.24	28.44	23.58
24.19	32.43	35.12	36.39	31.02	37.42	38.85	30.54
33.98	33.49	32	31.07	30.15	30.91	32.17	38.59
27.8	27.31	31.07	26.34	26.62	33.46	29.46	33.91
29.24	30.83	38.37	28.29	33.88	32.58	35.36	33.82
24.84	28.3	25.21	24.12	28.67	31.49	27.84	28.61
31.4	24.06	25.02	28.32	23.13	29.31	24.22	27.41
26.68	23.49	29.67	22.24	29.26	23.69	24.9	21.93
30.67	35.6	27.89	36.04	35.63	29.97	28.69	36.25
24.98	25.61	25.78	35.02	30.58	30.01	28.72	28.13
29.73	27.81	31.75	30.43	28.76	27.6	26.5	31.93
31.04	29.7	30.28	37.21	32.15	37.43	32.7	37.7
27.49	25.48	29.26	33.84	30.19	31.85	35.82	29.41
21.14	30.86	32.31	32.55	26.6	28.82	29.57	33.99
27.96	30.61	33.45	32.67	31.01	32.18	32.54	34.32
38.99	26.63	29.6	28.19	25.16	30.87	30.62	34.2
33.8	30.86	32.49	31.77	32.34	31.84	26.04	29.45
31.09	33.3	32.37	35.55	29.65	37.01	26.74	33.44
29.71	32.38	32.56	35.19	30.61	36.5	34.05	32.86
27.97	26.64	30.42	28.47	27.73	27.09	31.17	30.42
39.5	25.95	28.61	27.7	28.42	35.12	24.94	30.69
27.09	36.66	30.46	33.93	34.52	31.03	31.23	38.25
25.51	31.07	34.25	37.18	27.22	35.27	33.89	33.79
28.67	21.3	27.62	29.3	26.91	28.47	26.33	22.95
34.11	26.24	25.83	26.04	27.7	28.09	35.35	28.1
30.39	31	31.55	34.17	36.23	28.22	37.63	33.82
27.95	28.22	32.83	29.1	35.11	36.74	30.77	30.63
36.13	30.89	34.99	32.49	37.59	34.08	35.96	30.19
39.86	31.97	39.42	36.9	34.69	37.68	34.74	37.76
28.2	37.81	33.29	39.86	32.92	30.59	31.02	38.84
20.6	25.76	23.26	19.99	26.35	30.26	23.17	25.09
25.88	20.21	28.85	22.51	27.08	27.46	31.52	28.13
24.49	25.39	22.96	26.94	25.86	28.42	26.43	29.49
23.67	25.93	21.33	21.12	25.72	25.5	26.31	21.37
27.95	25.71	19.34	27.83	27.77	28.72	22.35	24.55
31.04	29.51	25.58	32.1	30.44	31.96	29.21	25.46
27.51	28.91	26.2	22.26	26.16	27.26	25.25	25.95
31.42	28.26	25.55	28.05	28.44	31.63	28.74	30.08
32.1	32.15	26.01	29.3	35.64	33.19	28.36	35.51
31.76	26.3	33.97	27.25	27.32	28.62	29.39	30.05
31.4	27.34	30.75	27.71	31.82	25.35	31.7	29.71
28.44	30.06	29.42	26.32	27.41	27.65	27.31	29.5
29.41	32.4	24.03	27.47	26.21	29.65	30.19	30.13
23.62	32.77	26.55	29.44	27.32	29.98	28.26	32.77
37.83	35.2	28.86	33.3	28.17	36.34	31	32.96
32.94	28.1	33.49	32.23	36.82	28.89	32.36	30.56
27.65	31.86	30.98	24.01	26.2	30.16	29.41	37.36
25.12	23.4	26.06	22.52	25.3	19.75	26.36	25.36
29.33	26.96	28.56	24.87	23.42	30.67	21.65	27.83
25.35	25.78	29.61	28.2	26.36	33.3	25.89	27.77
28.81	26.38	28.21	27.74	28.31	26.21	32.67	31.06
22.94	25.79	26.39	29.89	23.39	24.02	25.03	30.14
35.19	33.9	29.18	30.83	30.46	33.54	25.93	35.19
30.59	38.84	37.2	38.34	37.43	34.67	36.48	40.95
29.3	27.71	34.8	31.19	34.79	28.13	37.69	27.43
31.65	31.76	27.7	23.95	31.89	28.08	29	26.19
29.83	23.99	25.8	28.24	25.11	31.47	32.55	26.4
33.59	32.74	35.46	35.07	27.85	31.18	34.55	27.77
34.55	30.38	27.3	23.11	26.08	26.7	35.81	30.82
24.08	27.85	26.78	35.56	26.43	30.02	27.74	33.46
29.9	32.94	35.02	41.37	34.83	41.58	29.43	34.86
35.02	34.11	28.45	30.99	34.04	31.77	29.7	29.07
27.92	25.88	32.28	36.7	34.77	29.5	33.6	28.14
36.51	34.9	37.75	38.26	37.08	31.73	32.32	41.34
29.6	32.33	37.54	33.47	33.75	32.36	34.28	40.2
35.45	27.22	25.2	28.14	33.28	28.38	27.58	34.17
30.6	34.48	26.39	33.8	29.3	28.5	28.53	30.31
35.32	29.98	33.18	28.25	35.83	30	28.98	35.81
28.13	24.8	30.16	26.09	31.79	24.95	31.23	33.43
31.08	30.97	33.15	27.94	33.26	33.72	32.99	34.29
32.77	29.09	29.76	30.49	28.65	26.7	27.68	28.44
25.26	20.9	22.47	22.32	19.58	23.6	20.39	24.11
29.46	22.1	24.59	22.69	24.32	26.31	26.81	22.87
29.45	36.57	30.19	24.95	26.8	28.92	30.03	28.32
33.41	30.97	28.84	30.88	35.36	34.01	34.1	32.15
32.35	32.24	29.1	30.42	30.91	30.35	30	33.7
29.03	27.41	32.2	25.91	26.74	29.48	33.11	24.43
29.69	26.45	26.39	31.85	24.61	31.92	30.44	29.88
35.32	31.17	30.07	35.55	31.69	31.17	29.33	31.21
22.45	26.02	22.69	20.12	25.76	24.51	26.06	22.31
29.45	29.98	26.55	28.05	25.93	27.3	31.55	28.76
27.2	23.81	23.06	24.76	19.48	25.16	28.33	23.89
31.81	23.54	26.44	27.5	24.8	22.24	24.54	26.93
29.12	33.32	30.13	30.08	30.9	25.71	27.9	24.72
29.8	33.17	32.97	26.35	30.51	29.49	33.2	34.41
32.14	31.98	28.95	32.38	29.42	28.33	33.86	28.46
27	29.89	31.05	29.11	30.31	33.79	26.81	27.6
27.42	29.08	30.85	30.94	30.01	26.09	29.34	27.63
30.17	34.16	33.92	32.54	30.96	32.1	36.29	28.6
34.76	30.37	32.7	29.7	32.17	34.67	33.15	34.3
35.5	25.86	29.84	30.07	29.36	27.36	24.3	31.07
34.53	31.95	36.47	32.09	40.01	35.47	27.91	34.67
31.34	30.49	32.29	36.53	35.41	32.61	36.27	32.71
27.64	29.44	29.75	27.52	29.04	28.68	30.16	30.61
35.02	33.79	34.63	34.99	30.25	37.92	33.57	39.44
25.57	27.41	21.79	24.8	26.55	26.09	21.94	25.08
26.14	31.12	29.81	23.19	26.14	24.56	28.77	27.95
29.47	30.78	30.6	31.54	26.29	34.5	25.57	34.03
30.25	32.27	28.15	34.6	33.97	29.21	29.22	27.02
28.89	33.11	29.2	31.72	29	31.42	31.44	26.72
36.78	37.69	34.3	37.43	35.86	33.2	38.71	32.88
34.56	39.84	30.95	35	32.67	32.1	27.76	40.68
26.35	28.49	28.9	29.4	25.27	23.48	31.62	22.92
37.08	30.07	29.05	36.34	30.17	42.64	36.37	35.03
23.81	29.93	33.78	28.72	28.46	27.65	27.71	28.68
31.64	26.63	27.68	31.7	23.42	25.68	34.84	28.06
25.74	31.68	24.5	21.86	29.29	31.6	24.56	26.52
27.51	28.79	35.24	37.35	32.45	30.36	31.64	30.35
33.91	32.74	35.34	33.51	32.27	32.76	37.71	36.17
32.2	34.63	37.85	38.89	29.13	39.17	37.55	35.77
28.78	28.63	29.79	26.7	32.56	31.31	25.28	32.89
23.41	30.34	26.75	32.39	27.12	24.93	27.63	29.59
24.16	30.14	30.21	28.16	36.57	26.98	28.23	27.95
31.86	30.17	29.05	28.76	32.5	35.17	27.06	31.25
29.76	32.81	29.2	29.82	29.11	32.76	34.64	27.3
23.35	27.44	27.18	25.92	28.43	26.28	25.38	23.5
40.2	30.3	28.62	25.98	29.74	27.08	29.87	26.38
28.06	32.86	30.53	33.26	27.53	28.71	36.36	32.92
28.17	29.29	28.94	26.41	27.83	30.98	31.05	27.42
23.29	23.28	25.68	19.22	25.08	27.9	22.57	26.17
27.06	25.62	23.7	30.87	28.67	29.43	26.15	26.97
29.18	30.37	26.97	26.24	26.58	31.37	28.76	27.48
28.58	24.49	26.76	30.2	26.83	26.92	31.58	25.36
24.64	25.36	25.33	27.02	27.05	22.7	34.47	26
33.18	30.88	27.88	27.57	29.5	33.49	29.03	31.77
27.32	31.89	28.07	29.58	30.13	27.91	26.46	33.97
27.96	25	29.03	30.87	25.42	29.72	25.28	31.15
24.51	31.63	24.14	25.4	27.45	26.24	28.01	26.54
35.11	34.19	34.4	39.48	35.87	35.57	29.14	31.82
21.24	22.37	25.7	24.02	26.8	23.83	22.15	24.52
30.74	40.14	32.93	32.85	32.78	34.43	27.94	35.19
33.89	28.84	27.18	34.4	28.27	34.32	30.96	33.83
30.88	28.36	34.25	29.32	31.73	34.38	29.44	37.54
28.38	31.95	28.39	33.26	31.41	36.1	27.24	30.08
24.93	27.68	28.02	29.45	24.83	30.57	31.51	25.32
21.18	27.57	26.89	35.49	25.02	26.26	35.58	25.16
36.83	38.15	36.86	29.79	34.09	31.61	36.18	39.38
31.81	36.03	44.59	37.72	29.31	34.59	38.83	38.89
31.67	33.12	28.81	26.23	29.7	31.18	28.42	34.78
33.64	30.26	28.94	31.38	36.32	36.45	33.2	30.68
29.38	31.8	33.79	29.72	28.57	25.39	25.78	28.77
29.18	35.72	30.72	28.78	30.29	27.17	27.52	28.15
28.58	25.81	28.42	27.91	30.37	24.84	27.6	31.6
27.99	26.08	28.24	29.17	28.12	23.8	23.57	26.94
30.97	31.84	25.45	31.77	28.31	31.09	36.77	34.23
33.01	31.15	32.44	33.8	40.14	32.14	31.33	34.18
32.42	33.61	31.84	35.21	40.04	35.6	37.43	33.25
23.22	27.77	26.14	25.3	27.67	29.81	30.63	28.74
27.66	22.25	26.9	26.94	31.4	31.42	28.77	29.21
32.1	33.2	35.99	32.17	34.51	35.37	37.41	30.45
30.41	36.65	29.4	31.54	24.98	26.95	25.59	26.35
31.21	29.89	34.1	40.04	31.88	28.78	31.52	31.29
28.43	31.72	27.39	38.12	25.41	28.71	27.5	29.67
35.04	29.89	31.44	23.47	32.7	30.98	30.37	37.21
34.3	41.31	30.66	33.72	35.14	34.66	29.88	34.44
26.99	29.73	23.67	31.78	24.32	27.14	24.25	25.84
32.68	27.55	30.73	33.78	35.23	30.34	25	35.15
24.03	22.93	25.16	22.53	21	25.05	23.98	21.84
28.17	28.95	26.78	27.13	28.44	29.05	27.19	28.22
35.88	37	31.06	35.56	29.62	26.15	29.48	29.51
31.66	32.65	28.22	36.84	31.46	38.28	31.64	36.96
35.89	30.51	28.54	26.15	30.87	30.2	30.65	29.18
31.82	38.92	27.79	27.31	23.47	34.66	29.93	31.99
27.24	28.93	26.08	26.58	24.4	27.4	27.03	28.76
31.39	28.81	27.36	27.99	30.74	30.02	30.97	31.75
23.15	24.98	26.67	22.06	30.86	23.09	26.51	24.07
24.76	24.11	25.74	24.99	29.37	26.53	28.03	26.05
34.92	28.64	30.4	32.65	30.98	33.04	26.32	32.4
27.65	31.43	31.67	29.17	32.18	33.94	24.02	34.51
26.43	27.2	32.06	27.43	26.43	27.27	28.92	22.07
35.51	31.98	24.3	32.4	35.34	31.26	25.82	29.33
30.57	29.03	24.54	30.48	26.92	29.54	24.37	25.62
30.24	32.78	30.23	31.32	27.39	26.31	34.09	28.88
34.87	28.59	34.79	33.01	28.43	31.53	32.73	33.73
28.24	30.03	32.12	27.5	30.26	24.59	28.63	29.61
34.39	34.67	35.34	33.23	30.9	36.28	34.43	32.58
25.43	32.84	27.05	31.23	28.18	27.44	23.3	21.21
28.96	29.22	24.07	33.85	30.76	28.53	29.59	25.28
21.23	22.04	28.11	19.51	29.2	24.97	25.51	26.91
35.4	27.11	32.93	31.96	27.66	31.53	28.92	30.14
26.96	34.57	25.55	31.3	29.38	27.76	31.06	29.89
24.44	26.48	26.9	26.47	23.3	26.39	29.14	28.82
29.17	27.75	32.18	25.81	29.94	33.31	26.05	28.85
33.36	31.9	32.4	26.35	28.09	37.11	31.4	31.23
31.34	24.67	28.56	34.73	27.21	26.68	26.15	28.73
25.74	25.75	30.52	28.79	29.74	26.19	25.54	25.58
26.06	27.64	24.43	27.6	27.28	20.75	31.29	32.24
29.38	27.76	24.77	34.11	31.17	35.12	33.1	28.33
31.2	29.33	33.52	32.11	29.71	34.5	29.33	30.99
26.8	24.78	23.92	26.28	29.24	27.06	25.65	29.03
44.98	35.84	39.37	30.6	29.71	37.63	32.97	37.58
32.26	30.69	30.39	30.4	32.56	31.3	32.02	25.87
27.94	25.01	30.63	35.87	29.05	31.78	29.41	30.99
30.37	28.29	29.48	30.31	25.68	24.8	33.01	21.49
27.62	22.76	25.63	21.56	28.49	26.31	28.55	24.33
33.87	24.21	27.51	32.61	24.62	29.05	26.63	28.42
27.12	28.43	26.04	27.05	21.78	25.28	25.35	23.38
28.12	27.26	28.69	27.35	26.5	31.65	28.79	24.14
33.05	34.65	28.95	28.33	29.08	40.69	30.23	31.82
28.4	36.35	30.24	29.56	30.17	33.87	33.01	30.43
31.2	29.71	31.47	29.87	26.7	35.2	32.29	34.45
34.64	31.74	32.81	28.95	33.08	33.99	35.8	31.16
27.22	28.17	25.53	22.7	20.22	25.23	22.57	20.77
27.91	25.21	31.66	26.8	30.73	30.33	26.96	23.86
31.36	28.83	25.74	35.69	24.29	34.51	25.21	33.83
28.2	28.86	31.56	26.7	34.42	32.44	24.94	25.2
29.59	32.25	33.87	36.51	32.49	28.17	33.63	38.98
30.62	29.02	26.74	30.53	27.81	25.41	31.75	30.9
35.12	27.49	33.32	36.83	37.12	27.69	31.07	35.39
32.05	29.35	29.68	30.23	31.94	28.25	30.54	31.21
35.11	33.64	28.04	32.16	30.03	33.48	31.83	29.86
35.31	31.13	38.8	27.22	32.17	30.52	31.03	35.75
33.25	32.92	24.35	34.46	29.67	28.79	30.43	30.26
30.42	29.5	35.93	28.03	28.45	31.95	30.07	28.35
34.53	28.11	32.76	34.79	31.83	35.74	29.37	28.51
33.84	29.42	37.68	32.2	33.74	28.43	28.59	30.34
30.6	29.15	29.67	28.29	30.16	29.12	31.21	31.68
33.04	34.34	25.18	33.17	29.04	30.65	34.95	25.3
31.31	24.69	33.36	32.6	26.82	25.74	29.38	29.95
31.61	25.05	24.44	27.15	26.23	28.55	24.52	30.61
32.17	25.9	29.84	31.46	34.13	33.24	33.38	29.88
24.45	32.14	28.32	31.11	26.55	35.59	29.69	33.34
36.22	38.75	30.89	32.95	39.2	28.51	31.85	34.28
34.64	27.84	26.41	32.46	27.67	29.4	32.02	25.7
30.36	32.56	31.45	27.98	29.34	31.08	34.86	33.56
30.46	25.42	31.6	25.94	28.81	29.97	33.64	28.93
31.88	29.89	36.11	37.27	27.41	34.36	37.56	45.44
34.94	22.3	32.49	36.17	26.76	29.07	27.75	27.89
32.15	30.46	33.68	30.37	30.91	26.67	34.07	31.34
35.03	30.18	37.81	35.07	29.59	31.78	29.2	30.31
25.74	26.12	34.57	25.56	34.37	28.66	27.24	28.56
26	23.32	23.85	27.88	29.47	28.78	28.9	28.27
31.15	26.84	27.96	33.58	28.23	27.76	33.18	31.95
27.42	36.54	32.14	31.95	27.6	34.15	30.47	28.94
28.57	30.21	33.07	30.62	35.61	29.62	31.11	31.29
27.33	30.69	28.6	29.65	31	27.31	31.11	32.47
31.21	37.56	33.57	27.33	32.44	35.21	33.73	31.22
36.1	27.8	30.47	28.22	29.18	37.82	31.79	29.93
32.87	36.35	33.4	29.35	32.22	31	23.27	34.71
28.38	29.93	28.76	30.06	29.29	32.45	33.55	37.51
25.45	22.35	23.85	22.46	24.22	22.7	21.66	24.2
38.49	31.54	25.09	32.09	29.01	25.65	23.35	24.08
27.52	23.6	26.72	30.27	23.5	25.89	28.09	26.92
29.65	29.29	31.6	31.81	42.54	32.19	30.99	32.85
29.83	24.59	34.6	28.04	25.43	25.79	32.45	31.59
29.18	33.91	30.75	30.03	31.39	32.74	39.35	32.42
25.26	25.99	22.71	23.11	26.26	24.31	23.65	28
32.27	28.87	26.9	28.77	26.18	29.93	25.63	30.02
29.9	27.09	30.83	32.91	36.29	31.11	30.43	30.38
27.14	28.64	28.28	31.21	27.56	28.3	33.72	29.83
32.57	33.28	29.63	27.21	31.51	25.03	31.94	27.98
35.22	30.3	34.58	40.79	34.46	36.59	31.27	30.4
24.92	25.09	21.21	24.29	23.29	29.33	24.85	25.22
37.48	32.68	38.52	32.82	30.5	35.86	39.4	33.14
32.81	36.14	34.83	32.91	36.71	30.86	33.97	33.47
28.6	32.56	39.87	32.89	32.35	36.99	30.66	31.99
26.25	26.95	23.55	26.7	24.59	25.49	27.65	26
25.13	23.31	24.32	17.78	27.13	26.2	23.88	24.02
28.06	29.59	35.06	29.42	28.62	32.34	34.58	32.26
21.43	21.58	22.7	19.44	22	27.23	26.38	21.04
25.73	26.35	31.49	33.58	29.35	33.24	32.31	31.26
29.75	32.25	28.82	26.55	31.35	29.42	34.09	34.98
26.49	29.94	30.69	29.91	24.57	30.91	26.99	28.36
29.03	30.84	30.82	28.25	29.93	29.93	31.06	23.44
28.41	28.79	32.05	38.96	23.9	32.13	26.64	30.98
23.25	28.98	24.41	28.98	27.79	24.39	24.54	27.55
30.95	33.91	38.04	34.15	26.9	38.4	30.48	37.65
32.88	32.44	25.56	28.46	29.79	27.51	25.3	30.32
28.88	27.36	30.74	33.36	26.58	28.49	29.61	28.84
28.68	35.44	32.59	35.26	33.33	34.62	30.47	31.22
28.46	26.4	31.49	27.31	31.7	27.76	30.88	29.23
26.16	26.29	30.66	28.71	29.05	33.69	28.59	25.94
30.5	30.99	32.62	27.59	27.99	30.33	31.55	27.53
37.48	36.98	37.29	34.68	35.55	40.69	30.6	38.3
35.52	32.29	36.25	31.19	27.5	31.82	28.01	32
23.22	26.02	31.82	22.24	26.14	25.12	30.51	25.97
36.09	29.69	31.35	32.08	34.11	32.29	34.04	37.87
28.1	28.4	30.77	27.25	30.11	23.69	26.48	28.75
32.49	35.51	29.65	25.93	36.01	36.23	32.54	33.2
30.04	23.62	27.92	23.86	24.89	29.14	28.92	32.45
30.81	27.02	27.28	25.12	28.67	27.92	26.08	29.21
31.67	33.75	32.03	36.62	35.63	31.92	33.4	28.64
37.46	30.96	27.72	31.77	30.9	28.95	30.66	38.76
35.53	29.18	31.46	33.38	28.47	30.45	35.78	34.11
32.61	33.54	34.96	36.6	27.58	30.42	27.98	27.72
34.02	27.26	31	31.36	24.99	28.3	33.94	32.54
30.32	26.63	33.53	27.69	31.77	29.1	31.84	27.07
29.7	31.97	31.58	35.75	35.53	33.06	37.56	29.3
23.3	24.16	24.95	28.99	28.7	23.42	27.77	26.44
23.31	30.31	28.71	30.22	29.71	24.3	26.32	23.71
29.36	31.75	30.89	37.05	31.78	33.74	36.1	29.54
26.67	32.48	34.68	35.44	30.65	28.66	36.77	27.41
28.83	25.34	25.75	26.28	22.34	23.16	24.14	25.35
33.76	30.19	31.34	38.14	32.42	34.98	34.89	35.32
26.16	28.87	31.18	27.99	23.24	26.69	26.96	25.24
27.5	32.33	32.19	34.26	31.92	31.8	31.71	32.09
29.04	24.67	36.98	29.35	29.76	31.27	29.45	31.21
35.15	29.77	34.11	33.47	27.04	28.6	36.99	27.53
40.4	31.09	38.82	36.7	44.13	42.31	34.74	34.78
24.12	23.33	28.1	25.43	26.52	20.3	30.33	25.52
31.08	26.37	34.39	30.95	28.2	26.02	32.45	31.62
26.55	31.21	28.1	29.39	29.77	28.19	26.08	32.52
30.27	28.28	30.45	29.51	28.9	22.65	26.87	30.06
27.14	28.63	25.24	27.1	26.44	26.74	26.07	28.15
29.01	33.35	38.27	32.65	31.72	41.29	33.55	35.91
23.33	36.27	31.44	35.84	35.75	36.05	30.93	29.15
30.32	31.51	31.18	34.36	28.33	33.44	32.39	33.18
34.05	26.31	29.59	28.78	30.45	31.65	30.41	33.21
27.45	28.18	27.99	29.43	25.62	26.98	29.16	32.65
35.33	36.75	41.74	31.37	35.9	37.08	38.39	32.74
34.96	29.74	37.18	30.92	35.4	29.44	33.81	33.12
31.09	26.33	34.99	37.63	33.83	37.05	27.65	31.58
29.03	28.09	29.94	30.03	26.57	31.04	24.34	27.83
23.18	24.6	28.17	34.16	22.07	29.17	29.38	26.08
29.73	30.4	26.16	32.34	37.48	35.83	29.37	31.44
31.24	28.22	28.77	32.29	29.25	30.07	29.71	27.54
26.03	21.04	22.31	24.64	19.28	24.44	20.53	18.68
35.25	33.2	29.8	31.15	33.54	29.1	33.48	35.85
33.54	25.41	27.77	29.41	34.27	30.27	31.15	26.34
33.69	33.98	35.6	33.86	36.51	38.46	30.39	27.59
31.01	24.68	31.46	24	24.76	28.52	29.83	29.93
23.63	31.88	31.93	28.56	28.17	29.4	29.32	28.05
32.84	38.91	34.89	34.91	37.31	38.75	36.67	34.35
25.67	23.02	29.77	28.05	29.86	27.99	29.35	27.18
28.75	25.43	28.19	27.57	29.16	31.17	33.61	28.53
32.49	30.24	27.16	27.43	33.2	27.85	28.89	25.39
28.41	27.09	30	26.31	24.86	29.38	36.45	33.8
34.66	30.42	26.42	22.47	26.31	32.22	26.02	30.92
34.89	31.47	30.42	25.89	28.64	29.76	34.13	32.8
32.34	26.52	33.14	28.14	31.13	33.76	27.49	34.61
22.83	30.41	29.48	32.31	27.07	25.78	30.82	28.34
29.7	33.15	32.14	33.49	31.05	29.84	37.27	22.46
21.88	27.84	28.62	25.91	26.36	27.32	25.48	23.83
34.08	29.01	25.68	27.02	25.79	31.74	34.17	26.08
40.53	35.96	37.11	32	35.46	30.4	35.79	30.61
33.9	36.06	33.28	31.34	31.48	32.83	28.72	29.05
32.69	33.72	38.37	39.83	31	25.25	32.36	29.86
31.2	29.96	32.19	30.58	33.84	31.35	28.82	28.65
29.09	26.31	28.58	29.12	30.87	31.19	28.08	31.27
28.09	36.16	34.43	27.92	29.36	31.89	32.3	34.02
30.05	27.06	31.52	30.05	33.31	27.51	32.13	26.72
31.19	33.69	27.81	36.58	30.72	30.82	41.15	34.92
39.5	29.1	30.86	37.04	32.44	29.23	33.78	29.51
30.94	36.02	35.29	31.4	35.38	26.05	31.87	39.22
20.31	20.85	22.11	19.86	22.16	18.97	20.97	24.66
30.17	32.01	31.7	30.35	36.36	30.9	28.44	30.43
36.77	38.66	33.29	29.69	34.69	37.87	36.68	30.99
26.83	27.94	29.69	29.96	28.35	30.2	30.04	29.34
23.6	25.21	26.7	19.88	27.32	23.51	23.72	26.58
33.55	32.34	27.28	30.17	31.79	32.13	32.06	31.45
29.41	26.06	31.45	32.9	30.82	28.54	30.96	39.89
26.29	30.49	29.61	28.1	26.53	28.64	29.4	25.93
32.65	36.47	33.62	34.85	30.91	34	37.56	31.72
25.18	26.18	27.31	24.33	32.03	26.3	24.24	22.4
25.97	28.49	26.52	29.27	25.09	28.29	24.54	22.78
32.78	39.43	39.35	36.32	32.34	36.57	30.73	31.45
28.64	24.71	23.33	24.99	26.31	28.26	25.81	23.25
28.24	31.32	31.37	28.68	30.05	28.48	36.25	32.82
27.7	28.27	26.69	23.6	21.37	27.03	24.92	27.8
33.37	29.51	29.56	39.49	33.29	36.58	34.07	29.06
25.21	22.48	22.21	20.95	24.75	19.7	21.72	20.03
31.87	30.45	33.29	34.08	31.58	28.75	30.27	35.58
29.11	31.63	26.42	28.88	26.41	33.19	27.17	30.95
28	32.71	32.37	30.77	28.3	32.79	30.32	30.94
33.02	31.16	32.01	29.04	34.91	31.25	30.58	29.31
26.2	27.07	38.08	24.28	31.43	30.21	28.68	27.06
33.51	23.98	29.8	27.69	25.35	25.03	33.18	28.44
29.04	29.05	34.22	29.5	27.37	28.37	26.72	32.91
29.87	25.17	30.26	31.53	29.8	30.87	30.05	35.48
31.2	35.26	29.83	33.08	36.23	38.66	30.26	27.67
24.1	28.24	30.17	21.03	25.03	22.2	24.32	26.47
29.64	32.83	34.67	26.87	37.51	32.89	41.05	38.4
27.11	25.02	31.54	27.32	31.87	27.24	27.78	25.17
29.24	31.2	29.15	27.92	29.87	28.41	25.89	32.24
31.63	26.87	28.95	31.74	28.69	27.47	26.32	29.97
27.54	27.26	32.18	26.47	26.72	24.19	31.29	26.7
29.11	30.15	29.58	31.18	21.29	22.59	28.69	32.44
33.77	32.05	33.7	30.54	31.12	30.35	30.04	34.03
25.27	24.68	26.8	29.52	27.35	26.92	26.68	28.4
32.8	36.26	29.25	33.71	32.59	33.64	35.63	30.78
30.03	32.76	31.06	25.78	28.09	31.92	27.4	29.68
28.83	25.01	29.78	31.85	34.86	28.02	28.13	27.87
27.95	21.67	27.15	27.01	26.56	29.28	31.59	27.89
28.31	29.71	25.17	26.05	27.51	27.14	19.98	24.99
22.44	25.3	23.93	26.77	25.61	25.52	19.08	30.03
23.11	25.79	26.34	24.27	27.15	27.28	22.92	23.86
23.85	25.45	30.7	26.8	26.6	26.09	33.48	30.13
27.74	27.68	30.87	29.76	26.42	28.19	25.64	29.13
31.5	30.01	31.6	34.16	32.49	31.12	28.92	26.1
33.79	37.04	38.84	34.97	38.9	38.67	31.6	40.39
34.61	27.91	35.7	30.25	32.5	28.4	33.43	36.4
28.38	31.75	33.06	38.54	33.89	32.16	30.11	28.6
29.43	35.6	27.86	24.53	34.36	31.16	31.4	28.62
30.56	36.15	31.18	29.19	35.3	28.25	25.31	28.06
25.8	34.76	34.06	31.34	34.28	34.02	32.11	34.19
30.54	29.65	29.17	33.16	28.84	26.48	31.14	31.47
29.21	22.81	25.24	25.1	28.68	23.08	26.99	24.46
31.43	28.53	32.02	29.03	26.61	29.32	26.55	31.59
36.5	32.85	28.81	32.69	30.86	26.76	30.26	31.26
27.78	24.3	23.35	26.28	21.96	25.29	26.55	25.79
27.35	27.03	24.14	33.25	30.66	28.39	25.03	30.23
33.7	32.45	32.93	30.34	29.49	34.32	37.38	32.52
25.92	33.65	31.42	30.63	29.01	24.01	29.92	35.39
30.78	33.2	27.21	31.99	35.8	29.33	29.29	31.07
22.04	24.02	27.14	31.97	26.64	26.53	27.81	28.53
27.29	23.05	28.76	25.18	25.96	23.44	26.62	29.98
26.66	28.21	25.14	34.66	32.37	29.74	31.45	28.1
27.22	31.9	26.29	36.39	30.87	30.3	24.02	32.03
32.47	25.06	29.23	32.31	24.44	29.57	28.85	30.74
22.3	21.33	30.85	26.72	25.01	27.42	24.89	24.69
27.87	32.22	30.14	30.35	31.93	30.91	27.59	27.64
30.85	28.81	25.82	34.1	33.54	32.59	30.88	29.61
38.71	39.21	36.41	31.59	35.37	37.7	37.1	35.75
31.27	20.99	27.63	23.37	24.69	23.65	27.16	28.42
35.94	29.41	25.48	28.11	36.06	27.66	26.38	31.39
24.44	25.18	23.57	26.76	25.72	24.28	30.94	21.33
30.58	32.62	34.1	25.16	35.17	33.44	38.62	30.06
35.13	35.16	31.06	32.99	30.66	36.07	31.14	30.4
30.6	26.78	25.36	30.22	25.77	29.63	27.31	27.56
27.14	31.2	29.42	34.05	28.47	32.84	27.89	27.94
28.29	24	25.73	32.98	33.95	28.88	31.58	26.19
26	32.99	32.2	29.94	27.52	30.75	33.64	31.43
34.99	28.19	24.56	29.79	25.35	25.6	23.85	25.79
40.56	41.82	38.14	35.76	39.7	41.52	41.07	37.84
25.83	28.65	27.98	30.65	25.38	26.63	25.04	28.21
29.52	20.23	22.14	22.4	20.65	24.54	27.51	24.94
30.78	29.22	30.24	31.84	29.47	30.83	29.31	38.1
27.71	35.31	30.48	26.79	31.63	31.85	26.77	26.51
28.47	32.11	33.89	34.01	31.72	30.2	31.62	30.75
38.8	40.03	38.74	34.75	35.19	33.69	36.04	33.75
31.8	29.69	30.47	28.89	27.68	32.54	30.57	34.19
29.98	28.97	33.2	27.71	28.67	27.79	29.86	25.77
33.11	23.48	34.49	37.47	24.57	27.86	26.25	23.28
27.76	28.07	28.32	27.66	33.87	28.29	32.65	26.38
24.55	22.63	22.26	26.24	19.38	25.52	23.8	27.79
28.58	27.32	31.3	33.45	30.38	31.28	30.84	29.47
29.36	33.86	32.07	33.83	32.65	29.58	35.15	26.14
27.67	32.78	35.08	30.52	29.64	34.9	29.8	29.02
27.87	23.9	27.02	24.93	26.37	20.45	30.08	29.11
29.1	29.45	25.53	30.81	24.27	25.45	21.86	22.64
27.17	27.53	25.61	27.65	34.63	34.1	33.82	28.23
27.26	27.27	26.51	27.28	26.16	32.65	26.24	27.78
31.46	31.59	30.75	33.45	29.45	23.48	31.25	24.58
33.83	29.43	26.98	30.68	32.58	32.26	32.1	32.13
30.39	30.34	32.86	30.88	27.3	28.58	30.01	33.3
21.18	23.21	19.97	27.32	27.16	25.93	23.76	28.42
36.33	31.86	34.83	32.9	30.42	33.36	35.57	21.38
39.31	44.33	33.52	31.83	33.23	39.6	46.37	36.43
31.99	32.27	27.5	28.69	35.45	31.18	32.72	30.9
27.75	26.69	25.03	28.16	28.83	25.45	26.78	26.21
29.98	34.7	30.93	29.29	27.86	30.77	31.98	33.04
31.61	26.71	31.87	29.86	29.79	29.14	27.27	29.46
30.77	31.88	34.67	26.33	29.55	38.99	30.07	37.42
36.4	37.69	31.31	24.61	32.26	29.1	30.68	28.39
26.22	27.91	29.33	34.71	25.39	31.14	25.64	28.37
27.72	26.4	32.3	32.51	32.14	28.96	31.25	28.17
26.02	28.14	24.25	24.05	28.28	25.5	28.26	27.28
27.2	24.9	31.39	27.59	30.28	27.54	24.22	33.74
31.06	26.22	24.07	27.14	27.95	33.41	29.92	23.85
27.69	25.69	28.28	23.32	31.36	27.44	32.38	29.77
32.92	34.45	39.06	38.62	36	30.06	36.17	28.73
28.5	30.5	38.93	37.17	32.35	40.3	30.94	36.84
29.73	29.06	25.67	25.38	24.49	28.59	24.67	27.23
30.23	29.37	28.58	37.66	31.62	32.6	38.32	32.59
35.95	27.81	31.81	29.38	27.48	28.61	26.6	31.37
25.21	32.79	24.76	25.92	30.4	28.27	28.41	34.87
23.69	27.2	29.83	25.48	24.97	22.91	24.28	23.5
27.32	31.54	36.15	31.3	34.61	31.2	32.86	38.18
36.48	35.15	33.33	35.9	29.71	31.29	33.81	32.35
33.03	35.04	35.3	40.01	34.79	37.73	37.63	37.13
34.72	27.79	27.51	29.36	29.44	29.32	34.12	27.65
34.51	34.79	32.76	33.03	34.31	36.17	37.32	32.12
30.33	28.22	30.63	29.65	27.17	34.71	34.93	26.72
26.72	31.59	25.9	28.85	29.15	26.95	31.25	34.19
36.13	28.59	28.27	29.4	28.69	28.86	28.72	32.04
26.09	28	36.87	36.18	33.26	33.59	33.29	32.48
34.18	34.08	35.38	33.75	30.62	33.78	31.51	29.53
37.11	26.19	30.01	30.64	27.57	31.13	33.45	34.07
28.71	24.88	22.19	22.91	24.71	29.62	23.71	34.48
28.13	31.42	28.68	32.61	32.03	30.71	34.32	31.63
38.49	31.23	27.99	30.94	34	34.74	32.72	31.75
24.49	24.76	25.33	23.31	33.01	28.78	27.1	28.3
36.26	38.93	25.34	34.23	26.57	33.55	33.23	38.02
32.79	28.53	29.87	31.2	34.13	32.56	29.46	26.16
32.67	29.57	26.19	26.17	29.27	27.99	27.06	26.97
33.33	35.54	27.68	30.7	36.4	28.22	30.64	34.77
27.61	25.97	34.09	26.79	29.1	27.21	25.85	23.92
28.72	30.15	25.66	31.65	25.17	36.29	29.06	29.66
29.92	32.53	31.77	36.14	31.4	31.84	29.41	30.79
26.15	26.95	26.45	27.72	28.35	29.35	30.51	24.05
36.03	36.1	36.57	27.51	31.96	31.45	30.65	36.32
31.6	37.12	30.77	28.13	31.73	31.86	30.71	28.37
25.83	28.62	28.77	28.57	32.56	35.59	32.68	28.7
28.97	39.45	28.96	41.31	34.28	30.28	35.17	33.13
34.17	33.57	28.87	35.38	29.15	31.02	28.14	34.11
39.46	39.23	42.83	32.8	37.16	31.29	32.27	34.82
25.87	28.09	33.53	24.25	28.34	28.44	26.59	32.29
31.16	30.91	35.58	39.49	31.62	33.05	35.99	35.24
29.26	24.97	23.5	28.8	27.48	27.05	23.84	33.47
21.49	27.12	24.88	24.27	28.05	31.08	28.24	31.76
25.82	23.37	25.36	28.31	31.24	28.32	24.99	31.32
30.2	29.41	30.17	28.8	37.05	34.14	32.01	32.48
23.97	20.35	26.16	23.61	23.76	24.49	28.4	27.5
25.99	27.49	31.27	26.77	33.16	27.8	25.22	26.38
24.72	24.44	22.01	26.07	28.92	24.72	29.3	25.82
27.99	29.58	24.43	22.27	32.28	26.57	27.27	30.67
35.25	34.01	28.45	29.48	34.18	29.71	32.64	30.39
29.66	26.05	28.63	20.19	24.65	31.53	26.94	29.52
25.29	23.92	22.75	21.6	29.15	23.11	23.86	28.21
30.09	35.8	30.64	28.02	29.34	30.87	27.28	28.43
27.48	20.61	24.89	22.05	24.6	26.14	26.74	24.52
34.21	30.68	29.87	32.63	26.22	33.78	36.88	30.44
27.41	27.59	28.48	28.26	25.27	28.5	29.41	30.43
30.73	28.71	29.9	24.21	26.89	22.14	30.19	31.81
32	26.93	34.05	38.3	31.29	27.88	26.77	26.4
33.24	30.37	35.44	32.27	26.69	31.65	33.86	36.45
27.16	26.13	26.65	27.01	26.21	30.37	24.96	22.88
34.33	30.5	34.48	35.92	34.57	36.43	29.95	39.05
22.95	27.41	23.72	26.58	20.95	23.98	32.48	23.59
23.32	26.05	30.18	22.89	27.2	29.53	31.8	36.42
31.86	29.45	29.27	35.33	32.18	32.28	31.98	32.88
25.57	22.78	28.53	28.77	22.96	24.66	22.32	23.81
26.66	25.6	26.74	31.96	28.26	26.18	26.14	26.68
27.16	27.31	26.04	26.03	23.28	27.76	24.59	24.88
27.55	25.59	26.31	24.22	24.38	23.67	24.37	25.06
31.58	31.73	29.23	31.85	31.04	39.02	30.48	31.95
33.63	38.78	31.9	29.79	32.86	35.14	30	34.91
27.36	30.53	27.55	28.5	33.28	30.91	34.96	29.57
22.61	23.03	25.82	28.37	27.16	28.7	26.92	25.17
29.48	24.18	22.86	29.68	27.41	26.27	23.77	27.58
24.7	26.88	26.25	28.32	34.29	29.84	28.08	28.54
27.8	22.34	27.87	26.96	23.52	22.47	20.94	30.22
29.71	25.3	32.33	28.81	30.44	32.92	28.47	33.66
37.44	37.42	36.02	31.42	37.17	31.51	41.42	33.9
37.66	38.41	32.49	29.91	35.81	32.12	30.93	44.95
23.89	30.98	30.54	30	24.19	24.54	25.85	27.33
30.87	31.19	31.17	33.04	32.05	26.91	28.41	33.62
30.19	35.87	26.19	27.59	27.96	28.36	34.21	27.02
30.37	24.45	34.23	25.67	33.76	30.43	31	27.53
33.19	29.94	35.47	34.21	36.61	34.33	31.47	27.15
27.35	25.98	25.85	33.96	31.97	30.54	28.89	34.15
28.58	30.56	29.98	34.13	31.64	32.1	31.18	31.93
21.92	26.89	19.75	23.01	25.5	22.2	22.02	25.96
23.27	30.04	30.97	25.69	25.86	26.82	30.46	24.21
39.49	31.05	32.44	34.04	37.59	39.97	35.08	34.05
25.85	28.05	29.23	28.5	30.11	30.02	28.18	23.48
37.84	39.79	35.31	32.97	41.29	34.14	44.65	33.81
30.43	30.53	36.98	33.45	24.52	36.21	29.19	31.18
27.3	26.22	26.5	24.43	26.83	24.94	28.17	28.72
34.99	27.66	31.24	28.27	34.35	35.44	34.23	31.81
27.1	31.19	25.34	30.51	25.35	27.59	29.83	25.33
41.48	34.87	32.77	33.55	25.96	32.28	34.18	32.58
30.65	26.75	24.74	24.32	26.57	25.11	26.09	26.17
32.76	27.96	28.19	32.06	28.09	32.27	28.66	30.61
27.99	28.67	26.54	25.66	31.18	34.2	29.08	29.58
32.51	27.08	26.3	33.71	31.33	30.28	27.45	38.61
31.52	30.65	29.98	39.97	41.67	36.34	36.82	33.33
24.82	30.27	26.57	33.32	33.38	26.56	24.81	27.6
27.44	23.43	29.25	30.35	29.8	26.71	31.1	24.11
28.36	25.33	28.66	30.31	27.52	24.8	33.63	28.8
27.8	23.3	23.19	26.77	28.66	30.69	30.12	25.67
29.59	29.35	28.46	27.89	29.2	23.34	28.77	29.11
23.95	30.14	22.84	25.87	32.01	28.48	29.65	31.83
22.02	28.47	20.48	24.74	26.55	26.82	23.05	26.71
22.38	27.31	25.62	23.97	26.28	30.69	26.32	23.84
25.19	25.01	24.79	28.15	27.38	24.74	25.97	27.6
28.14	23.2	25.35	26.73	30.96	27.71	26.29	23.7
28.84	29.76	27.08	27.92	30.25	31.66	26.18	28.59
33.81	28.83	31.13	28.94	35.84	29.14	31.28	32.43
29.82	26.38	30.46	35.31	33.64	33.74	29.1	29.77
28.86	25.69	23.05	27.09	24.11	25.23	33.62	28.26
27.36	32.58	34.28	33.75	36.36	39.98	29.29	30.11
24.91	32.93	23.53	28.83	31.51	25.04	28.23	22.89
28.22	31.9	23.5	30.36	29.38	30.64	30.33	26.86
28.7	34.72	35.77	32.55	38.65	31.08	29.27	30.86
35.84	32.68	39.01	25.98	31.32	33.2	33.58	32.7
22.44	26.93	23.95	29.93	22.45	27.36	23.39	25.94
35.45	24.56	29.05	29.38	25.86	29	29.9	29.47
30.9	31.38	29.96	27.18	23.57	29.25	24.5	28.1
28.67	25.73	30.78	29.7	32.26	26.87	27.89	24.47
29.34	29.14	31.81	26.2	30.55	25.88	31.73	32.21
25.13	25.94	26.02	24.65	25.64	30.09	22.83	25.11
24.96	24.24	30.13	31.75	27.5	27.05	26.22	27.81
25.8	19.78	23.37	23.52	24.07	19.78	23.71	22.98
38.61	30.3	36.09	35.81	39.36	40.43	38.03	37.43
27.73	29.47	32.2	24.99	30.71	27.94	30.63	29.61
28.11	26.53	27.14	27.33	25.45	30.33	28.97	27.22
28.62	31.64	27.87	34.08	31.81	33.74	27.21	29.33
27.79	30.31	30.29	29.16	29.92	33.03	31.08	31.97
34.57	25.12	28.65	28.07	26.62	25.89	29.88	25.41
23.04	28.83	29.86	31.08	25.02	25.76	27.56	22.91
25.69	26.67	30.99	29.9	26.43	30.39	29.53	27.55
31.21	32.6	30.44	27.54	30.31	29.04	32.26	30.43
29.24	26.45	27.77	26.13	26.52	27.34	21.23	26.65
30.37	30.67	27.72	32.26	30.24	30.5	32.31	29.76
29.23	33.18	30.34	31.91	33.83	28.88	33.85	31.49
33.72	28.55	32.81	28.36	31.21	34.81	32.17	30.26
25.32	25.48	21.49	26.72	24.35	27.72	29.46	23.96
36.41	26.58	29.45	26.52	27.62	33.66	31.81	32.3
31.53	26.9	33.06	26.68	27.64	25.21	24.92	26.92
29.27	28.16	33.62	33.45	27.87	23.4	29.82	26.99
31.71	29.63	31.65	31.94	32.36	34.57	26.9	30.04
28.02	23.69	28.14	24.63	21.82	29.65	25.99	24.84
22.39	30.1	26.1	25.02	24.67	23.88	28.48	28.58
35.54	24.88	34.3	29.08	28.85	27.24	26.94	28.28
32.01	31.08	30.27	33.72	29.25	32.1	26.39	32.73
23.31	20.96	22.85	19.42	27.87	21.85	23.86	24.13
30.96	26.15	33.36	35.38	30.04	32.8	29.96	29.04
32.71	40.53	35.04	36.48	38.74	33.92	36.53	32.23
27.03	28.79	28.5	27.77	33.57	29.86	29.63	29.92
28.86	30.49	28.65	33.11	27.02	26.5	32.64	31.42
27.98	27.38	25.1	29.11	24.63	28.92	30.92	29.75
31.68	26.5	26.99	30.94	22.85	33.31	32.19	29.39
34.2	31.44	26.92	25.1	23.27	29.63	21.75	26.38
21.33	25.56	23.72	22.48	23.69	23.45	24.83	21.33
29.09	25.32	27.04	29.85	27.3	26.25	27.05	29.87
28.39	38.17	28.68	31.88	32.78	36.9	32.37	33.68
27.09	30.04	32.17	29.36	31.23	26.52	32.84	29.5
38.16	24.98	28.19	32.43	34.41	27.85	33.06	34.42
26.05	19.79	22.24	23.02	28.04	25.81	26.35	23.3
30.06	28.54	27.76	27.46	29.23	31.99	26.44	32.31
29.37	29.39	31.71	32.58	32.73	26.31	31.76	32.17
31.18	29.73	27.56	37.99	35.82	29.92	29.62	32.85
32.26	29.73	29.22	31.21	30.15	30.55	26.82	31.08
23.45	28.6	30.47	21.27	25.5	28.4	29.08	30.71
26.77	29.24	30	32.92	34.45	30.06	29.51	29.19
30.58	27.7	30.04	26.5	32.83	33.11	31.47	32.3
21.09	31	25.51	32.54	28.54	31.79	25.37	32.95
29.97	37.04	36.6	29.75	28.9	31.37	31.81	35.75
36.06	37.36	30.31	25.73	35.16	29.03	31.35	34.13
27.28	34.46	37.53	30.31	32.05	30.75	32.33	33.29
22.91	25.18	27.69	26.17	24.67	24.96	23.02	24.32
25.32	24.93	28.38	28.61	33.9	28.98	24.91	28.95
39.87	26.67	29.16	35.55	28.49	33.33	31.76	33.88
25.4	28.17	28.32	32.35	28.91	25.28	27.41	27.48
25.01	25.52	25.57	32.66	30.35	29.37	29.82	33.49
32.13	34.51	32.13	32.01	31.39	36.15	29.11	24.98
28.94	28.95	26.81	27.74	28.04	29.91	31.33	26.7
29.17	26.25	22.49	26.56	32.86	30.21	29.89	28.99
30.38	28.4	30.26	28.65	33.89	26.97	28.34	26.23
28.71	29.15	36.59	29.84	33.34	36.32	31.58	34.8
35.78	34.22	28.55	29.83	33.69	29.5	32.1	31.55
25.88	32.94	34.85	33.75	29.1	26.95	30.53	29.76
31.92	27.49	29.22	29.12	33.25	30.13	29.1	24.37
35.3	31.54	36.81	35.52	35.69	33.89	35.47	36.74
24.3	24.97	25.36	30.13	22.52	26.4	31.7	32.65
28.66	26.59	26.69	26.61	25.55	28.01	29.71	28.8
29.43	32.24	34.06	27.46	30.51	29.12	27.45	32.35
29.95	39.31	30.04	40.14	36.22	38.17	30.9	34.45
21.74	24.07	30.7	26.54	27.45	27.95	31.2	30.75
32.32	37.4	32.62	31.13	33.51	38.15	35.88	35.13
35.32	34.15	25.71	28.55	32.05	30.82	34.63	41.47
27.95	30.28	25.45	29.61	32.41	23.06	25.29	25.29
24.55	24.26	26.79	29.35	24.27	22.58	24.25	22.74
29.52	32.36	30.48	34.91	27.35	27.27	29.6	29.07
25.7	28.32	32.89	30.95	30.08	28.49	28.12	29.45
21.78	23.64	24.42	26.23	24.28	22.72	22.45	21.49
35.26	35.48	29.5	38.24	33.32	38.61	38.78	34.7
31.48	26.44	27.71	22.54	27.04	30.85	26.78	30.86
25.26	25.49	23.11	24.14	26.31	26.42	27.36	24.34
29.79	27.05	25.03	29.9	27.06	32.21	31	23.26
30.69	26.32	25.56	29.06	20.95	29.77	26.83	23.84
32.51	36.79	35.4	31.8	27.44	30.43	32.35	35.1
34.39	37.28	30.58	31.17	26.98	34.51	34.29	38.25
23.03	24.64	22.6	22.78	24.4	22.31	25.49	22.95
26.92	35.27	34.21	25.13	34.7	24.99	26.18	30.17
34.13	33.7	38.53	32.05	29.96	28.57	38.03	31.24
29.55	30.53	27.5	24.66	25.93	20.81	25.67	24.05
31.53	29.4	27.48	26.9	27.99	30.25	30.74	31.09
42.45	36.7	33.48	42.75	38.42	35.43	38.77	41.1
28.8	28.53	23.12	27.75	25.72	29.93	32.65	28.62
30.16	36.41	40.83	34.38	38.25	38.77	33.96	31.7
28.3	35.8	40.88	33.28	37.39	32.93	27.8	30.84
29.21	36.98	37.18	32.69	37.36	28.69	31.62	29.5
24.8	27.8	28.14	25.24	28.58	26.45	26.71	25.41
26.32	30.88	27.69	27.66	32.36	28.8	30.47	28.9
39.74	44.72	38.77	47.28	36.92	41.71	37.54	38.27
26.52	34.02	27.88	26.18	29.85	25.53	28.37	31.42
24	33.32	28.49	30.68	28.71	25.59	27.19	29.71
34.13	22.26	29.78	31.5	27.3	25.57	22.83	24.04
30.43	32.95	28.94	26.61	27.65	27.44	31.64	23.5
36.8	28.85	36.82	36.64	32.47	40.22	30.63	32.33
20	23.42	24.45	23.59	24.24	26.49	23.29	27.21
37.2	33.09	33.34	35.01	33.58	29.62	42.9	39.8
30.64	33.35	24.61	28.81	38.06	29.56	35.6	31.09
32.85	25.78	27.15	29.9	28.85	35.29	28.86	29.88
32.55	32.83	28.15	31.69	27.15	21.99	32.43	32.09
23.71	32.78	32.3	24.95	30.6	31.48	31.22	31.06
31.33	27.7	32.71	34.73	32.89	29.77	32.64	28.44
