23.51	28.75	28.09	28.77	21.89	30.97	27.86	25.12
29.89	24.49	24.85	29.35	29.12	30.31	26.57	27.96
35.96	35.18	34.84	39.64	39.02	35.35	32.15	40.86
25.98	26.6	29.62	27.09	22.44	29.13	33.15	25.31
39.19	33.05	34.02	31.06	31.39	41.1	30.36	38.96
29.82	28.52	28.78	29.35	32	28.7	20.44	24.69
30.71	25.19	34.25	33.47	35.01	31.99	27.36	26.22
26.07	26.06	35.32	27.95	31.74	27.87	28.09	27.19
33.87	30.88	34.1	33.99	28.77	31.93	39.26	31.22
29.84	29.82	26.81	26.81	25.81	28.88	31	30.53
38.67	40.3	44.37	31.32	32.45	37.85	27.21	30.58
34.46	27.16	31.66	31.54	30.96	31.51	27.65	37.55
23.6	24.07	20.86	23.54	25.3	22.4	25.49	23.91
28.3	30.11	32.43	31.77	27.38	25.74	33.71	32.92
24.14	33.67	28.13	26.47	25.61	32.17	29.35	30.98
30.71	29.96	27.72	35.43	28.89	33.01	33.02	31.03
32.15	34.36	34.14	32.52	36.47	31.35	40.66	34.1
24.12	30.54	24.01	25.62	28.81	24.55	28.35	23.75
23.29	20.5	24.08	22.83	21.99	23.16	23.58	26.62
26.63	25.87	26.02	29.05	35.5	28.47	26.56	25.75
27.34	31.33	31.77	24.79	27.06	27.8	21.23	30.85
34.15	29.83	27.61	26.17	28.67	28.47	25.28	25.32
34.33	32.78	30.02	37.41	33.73	37.72	32.17	28.5
28.01	27.62	26.83	21.12	24.3	22.86	25.32	29.76
23.51	27.95	27.96	25.08	29.12	25.23	25.59	30.42
25.83	21.4	26.01	27.36	29.61	31.92	30.1	33.17
39.02	28.47	31.62	30.39	35.91	32.82	29.92	26.06
31.44	33.82	28.39	29.58	35.2	25.78	32.46	32.24
24.09	27.87	29.41	30.85	34.2	33.3	30.89	32.85
35.84	36.67	34.66	40.5	30.77	33.12	39.35	31.7
31.23	29.08	27.88	32.62	23.73	31.16	35.87	37.07
31.91	24.26	29.12	25.82	28.84	26.92	30.58	30.36
22.76	27.01	27.76	28.62	27.44	24.99	25.16	22.4
24.97	26.22	24.8	23.09	27.61	24.6	23.49	25.16
29.72	27.63	37.24	27.76	33.72	29.41	29.25	27
28.54	34.66	29.41	31.77	29.23	33.34	36.61	31.65
25.57	28.82	30.17	26.9	23.19	29.63	29.12	24.71
31.89	35.64	32.74	29.99	27.78	33.05	32.23	33.24
28.09	29.92	30.44	32.94	34.36	34.28	31.3	34.14
42.94	36.48	35.04	29.64	33.65	33.05	31.8	34.92
32.14	29.33	31.57	30.71	26.85	29.49	28.49	29.8
32.84	35.97	36.53	27.5	35.76	36.58	32.93	34.24
28.61	25.74	30.78	27.2	26.06	24.68	26.02	30.92
35.16	36.43	40.2	32.44	33.75	29.13	33.19	30.62
27.05	33.69	30.68	31.7	30.1	32.34	29.29	25.31
36.73	31.73	34.06	35.47	31.48	38.36	30.33	35.77
44.62	40.64	39.3	42.75	40.41	35.2	41.31	41.58
34.06	37.68	36.16	35.35	36.42	37.48	36.32	34.83
36.53	34.44	29.8	28.92	31.07	29.32	27.76	34.32
26.06	38.77	35.93	32.97	30.74	36.84	42.75	34.45
28.79	25.13	30.77	27.62	30.98	29.39	30.35	25.73
41.85	38.87	38.06	43.18	37.91	39.52	33.71	39.11
30.47	32.63	31.82	33.64	35.73	31.23	39.44	32.72
36.24	33.3	33.86	32.15	30.12	31.55	26.53	30.92
32.9	37.75	34.15	35.84	30.59	32.04	31.42	34.63
33.81	32.91	27.9	32	30.19	37.81	31.95	29.37
28.86	29.27	28.3	26.59	30.21	22.97	27.9	26.1
38.72	33.16	39.05	40.12	42.75	41.17	38.75	39.5
40.16	33.34	38.2	39.55	42.97	37.84	41.59	39.12
31.74	29.66	24.39	28.26	23.95	32	21.71	24.1
26.97	27.09	26.84	25.72	25.43	25.34	25.65	26.09
28.06	32.94	26.88	33.37	29.03	27.98	26.4	32
23.89	31.03	25.05	25.85	29.71	33.84	31.56	26.53
34.4	39.07	32.84	40.88	33.1	39.32	33.08	43.14
26.83	30.58	27.48	22.41	24	28.4	26.51	26.74
22.51	27.6	30.05	23.77	19.96	24.46	19.3	29.44
37.66	35.03	35.97	36.12	34.49	38.62	31.32	30.33
31.36	29.38	30.84	29.65	34.73	34.37	30.71	32.2
32.82	29.5	30.95	30.11	35.37	28.88	35.41	32.84
37.66	36.12	37.01	30.32	32.72	35.26	41.46	43.27
39.1	36.93	35.19	31.82	32.95	34.96	28.52	31.53
29.22	30.98	30.09	29.5	28.18	25.95	23.75	30.43
32.44	30.69	26.53	28.39	29.76	30.41	33.64	30.3
29.2	31.28	28.87	31.49	26.4	30.24	29.21	31.47
36.77	31.6	38.87	35.34	37.16	28.01	39.43	28.24
28.84	28.64	27.84	28.03	33.18	33.33	33.9	30.01
38.19	29.13	36.22	30.63	28.29	29.82	31.77	32.73
31.59	30.3	26.65	22.97	34.57	28.65	25.71	25.82
24.06	24.72	26.43	26.73	25.91	21.15	23.61	20.66
27.69	29.12	32.52	26.43	31.96	28.16	28.6	34.32
30.45	34.79	34.18	35.31	33.15	32.29	29.82	31.42
32.6	24.66	27.14	25.82	28.67	31.69	27.03	30.53
32.69	32.61	27.4	27.82	29.23	30.53	29.27	25.98
35.24	31.39	31.07	38.89	31.91	36.99	31.95	35.9
31.66	34.51	32.39	26.58	32.44	30.29	30.96	29.73
34.98	40.81	34.93	32.54	39.34	33.8	35.63	33.26
29.93	31.23	28.84	35.66	22.53	29.29	28.42	32.47
31.64	26.24	30.61	31.88	25.04	26.52	26.5	30.06
29.06	29.63	34.74	30.11	31.06	32.08	26.85	27.23
28.38	29.8	26.01	32.24	32.83	29.56	27.65	31.24
21.69	23.2	23.78	22.23	23.21	23.95	23.97	26.86
37.8	28.71	32.11	31.01	31.51	30.45	29.4	31.05
28.25	30.96	30.92	38.19	29.46	30.14	36.35	28.05
33.14	33.35	30.06	32.72	33.28	33.56	30.86	38.53
32.06	29.17	28.35	29.56	31.67	30.35	30.69	27.13
29.9	30.47	29.52	30.16	23.98	21.8	25.15	28.86
30.09	28.76	33.39	29.36	31.92	24.44	31.1	28.42
26.65	29.32	30.65	32.61	24.43	29.47	20.84	25.38
26.96	24.64	21.42	24.53	24.44	31.35	29.36	22.99
28.74	29.4	30.57	29.91	33.64	32.4	28.08	35.87
34.84	31.74	36.08	31.85	39.08	35.9	38.59	37.81
27.5	30.34	26.28	23.84	29.32	28.65	26.76	28.36
28.34	26.72	26.39	24.88	28.66	23.61	20.66	27.32
38.79	33.17	38.75	33.38	30.29	34.48	28.61	28.31
23.55	21.59	23.77	22.48	24.3	25.47	24.53	23.45
30.38	30.25	32.91	34.04	34.81	36.36	27.8	32.11
28.68	27.28	30.23	31.43	26.62	29.85	25.37	30.54
27.26	33.93	28.4	31.59	36.56	30.5	26.71	29.05
30.35	29.45	35.35	26.12	27.09	31.06	28.53	30.88
25.09	26.77	27.34	31.04	27.05	37	27.11	36.72
24.26	24.48	22.05	20.49	24.67	19.96	23.36	20.68
36.28	29.89	35.01	34.32	31.07	29.58	28.9	39.03
33.32	28.71	29.08	34.07	35.24	33.69	28.88	26.27
30.83	30.94	25.95	31.34	30.3	29.6	29.56	28.73
27.6	28.45	29.5	27.38	33.32	28.23	23.4	25.32
33.09	26.61	28.77	35.37	27.41	26.39	29.38	31.33
24.62	33.14	27.13	30.44	29.61	30.72	29.81	34.99
29.57	25.05	28.72	33.22	27.51	32.94	27.41	27.88
28.7	33.13	25.69	27.4	25.87	30.62	31.29	27.04
27.56	25.63	29.43	29.52	25.13	23.99	28.01	28.32
31.42	36.54	35.61	30.34	36.31	27.17	25.78	27.5
21.6	23.6	25.8	26.3	21.11	22.85	23.19	25.72
26.15	30.01	27.89	32.45	31.39	27.42	26.2	33.32
30.05	34.77	32.87	29.15	30.04	28.3	31.8	35.16
33.22	30.57	32.51	28.44	26.34	28.07	26.19	32.93
32.57	33.08	33.19	30.7	37.86	33.58	37.33	28.06
36.55	38.91	31.38	36.01	32.62	30.17	36.3	34.73
29.53	28.6	29.34	31.31	26.22	31.33	27.17	26.75
29.13	22.13	26.44	34.82	26	24.06	25.08	25.75
35.42	29.64	33.34	28.61	31	31.48	34.5	26.02
24.22	31.22	25.73	26	25.76	25.26	21.21	22.02
37.5	28.76	36.06	29.14	28.83	29.38	27.73	32.71
27.82	25.6	33.34	32.78	31.59	34.04	28.98	29.54
28.22	29.27	28.14	32.87	36.49	29.57	25.17	25.84
29.52	21.13	26.53	27.42	23.73	27.83	30.94	29.3
23.57	24.65	22.51	24.7	21.41	24.79	24.06	22.4
26.43	26.15	25.63	23.58	26.39	25.41	27.73	30.32
30.43	35.05	31.95	30.69	31.94	31.39	31.13	33.75
26.35	22.53	26.71	23.22	20.82	26.28	26.06	25.83
30.64	22.72	29.09	31.32	27.16	26.14	23.24	25.94
25.89	27.38	38.48	33.19	32.88	27.33	26.48	31.02
30	23.94	29.42	30.14	23.59	25.69	30.86	34.13
25.29	27.06	25.8	29.4	27.35	30.35	31.3	31.71
32.82	39.47	35.52	30.69	33.08	41.63	29.8	38.55
26.99	30.14	26.16	29.93	26.48	28.58	26.6	28.36
38.14	28.03	33.81	30.22	32.97	34.97	27.69	26.79
28.64	29.24	26.16	26.93	29.29	32.37	27.99	24.02
24.89	34.1	31.45	27.26	29.29	26.06	27.46	26.73
25.72	24.9	26.23	26.73	26.17	24.48	31.89	27.46
28.68	28.62	22.33	32.07	33.49	28.06	29.36	25.5
33.17	32.19	33.61	33.55	32.34	34.73	32.68	27.9
33.92	40.3	46.77	27.55	37.69	35.1	37.61	42.31
30.9	29.91	30.7	27.33	28.46	26.16	33.36	26.25
38.99	39.32	32.64	34.61	38.1	38.61	32.3	33.31
27.96	26.9	27.47	26.78	30.98	25.45	28.13	30.72
34.02	33.02	34.74	30.13	26.08	30.05	30.72	34.28
40.54	40.49	35.28	38.22	27.24	28.01	34.09	31.7
34.27	31.48	33.29	30.5	34.29	31.86	28.6	34.99
43.49	38.95	40.4	37.43	42.66	33.72	35.4	31.68
39.42	38.29	38.04	41.4	31.83	30.18	37.89	38.55
32.5	34.27	25.87	32.49	31.13	27.66	31.28	29.13
28.99	25.85	27.81	30.54	28.64	33.53	29.21	24.53
25.39	23.42	23.18	23.17	25.78	25.54	26.75	23.65
28.25	29.8	37.09	34.9	33.05	36.37	35.11	27.04
28.82	33.17	27.77	32.4	29.7	30.66	32.7	32.96
32.19	29.79	29.19	26.83	27.17	29.37	25.18	27.28
36.24	30.66	33.47	34.2	45.45	40.14	31.15	39.11
23.52	26.04	27.59	25.89	25.52	29.34	28.11	25.67
31.27	27.56	28.21	28.94	31.11	26.78	26.71	33.49
30.72	29.34	32.61	27.37	24.25	28.66	29.89	28.74
26.72	26.03	27.87	28.06	25.61	29.43	23.91	27.43
28.24	33.37	29.41	32.59	40.41	27.77	34.43	28.33
25.75	29.27	32.4	28.97	28.24	27.89	28.47	30.33
28.85	22.39	33.29	23.31	25.18	27.88	24.74	31.64
29.43	34.22	32.75	28.58	32.65	34.72	25.05	36.25
29.22	37.41	28.48	31.23	31.65	31.38	36.62	39.04
24.85	29.34	26.65	24.08	24.5	26.94	30.35	27.65
30.84	30.91	29.22	27.11	34.14	29.12	27.45	28.54
32.11	24.63	25.27	32.65	22.61	24.34	26.7	25.25
25.68	28.77	26.81	28.87	27.02	25.33	28.2	31.94
33.15	31.26	25.36	25.9	23.95	25.45	33.41	25.57
33.18	29.65	27.27	34.86	28.82	30.88	34.68	28.66
30.86	25.37	28.65	32.22	29.84	27.29	27.22	24.79
42.59	30.06	31.95	42.6	39.21	36.26	38.82	42.64
33.94	29.72	25.05	31.71	36.77	30.48	27.99	28.26
30.63	31.75	25	27.81	30.09	23.56	26.07	27.36
29.53	28.91	28.76	33.21	28.98	28.03	28.9	26.05
31.24	37.36	30.98	34.52	32.62	30.01	32.37	29.54
27.79	38.19	32.1	33.71	30.8	36.73	31.41	32.58
33.32	25.85	26.61	28.72	30.23	29.81	27.74	27.55
28.97	29.61	31.35	24.86	20.92	30.82	29.79	30.63
27.91	29.14	30.82	26.89	28.19	32.75	31.23	28.45
33.56	37.38	33.95	31.72	24.76	32.59	37.6	33.31
26.03	30.19	26.37	31.68	21.88	26.43	23.96	27.75
29.96	36.8	29.63	28.93	25.78	30.47	19.98	29.01
26.22	20.93	30.01	29.63	26.84	27.02	31.41	26.27
24.28	30.36	25.08	28.51	29.51	25.72	22.77	23.9
28.14	22.18	27.9	26.89	27.87	26.78	30.95	28.07
25.48	25.04	20.82	22.31	26.27	24.97	20.86	26.56
28.61	29.55	27.09	25.69	27.08	27.2	22.9	26.42
25.83	32.93	25.11	28.67	24.52	35.21	35.03	28.55
38.24	35.8	34.19	33.45	29.49	29.97	30.75	31.99
27.87	27.73	24.56	28.32	27.21	24.3	29.63	32.22
27.96	30.74	28	24.97	26.83	33.23	38.92	30.36
32.44	29.36	26.84	29.37	32.38	37.44	36.79	38.54
23.51	25.57	31.69	25.56	29.65	25.27	27.84	27.92
22.32	22.95	23.96	27.03	26.32	25.97	27.27	26.58
24.55	25.07	23.52	26.63	24.02	21.2	25.6	25.96
38.53	35.85	31.33	43.47	32.45	36.36	32.93	30.2
26.68	28.9	31.01	29.23	26.37	28.01	24.8	28.29
33.55	31.98	31.78	28.87	24.99	28.81	30.27	27.14
34.72	26.39	23.54	27.05	26.43	29.65	28.81	30.07
24.33	28.93	26.93	26.49	26.17	32.44	28.31	24.85
30.3	35.68	30.86	37.38	31.42	35.34	35.6	33.17
31.1	25.99	28.2	27.24	33.41	32.01	33.09	29.81
31.5	24.86	26.5	28.36	30.46	28.94	25.16	29.65
29.86	36.69	32.63	33.1	25.05	32.8	31.91	30.1
27.23	32.82	24.33	32.56	29.05	29.42	31.03	28.78
32.03	32.1	31.72	24.36	31.64	28.52	35.45	33.98
19.52	29.63	28.11	29.41	29.21	25.15	30.1	24.57
21.03	28.24	22.56	24.49	24.83	25.65	24.09	22.13
25.61	31.56	31.55	36.92	30.33	32.81	31.18	30.77
23.34	20.69	26.56	24.87	35.77	28.18	27.96	28.48
30.09	28.58	27.92	24.82	29.78	29.3	24.56	27.87
28.58	35.78	31.62	29.57	30.9	31.8	37.87	29.98
26.59	28.11	26.08	22.98	30.61	30.75	28.08	29.16
29.34	26.5	31.11	28.53	29.02	30.46	30.82	30.29
25.89	27.01	33.51	28.41	31.9	29.12	32.03	29.06
28.52	39.37	34.76	34.12	34.25	38.46	33.14	32.5
33.3	26.72	27.65	25.01	29.55	26.78	31.67	23.93
35.92	32.71	35.21	35.96	37.4	38.41	32.21	32.15
29.76	31.14	31.58	30.77	32.6	31.51	28.52	30.37
32.39	28.75	37.87	36.46	30.65	34.08	35.82	35.22
31.52	30.09	34.15	31.62	29.69	30.66	27.2	32.19
25.27	25.52	31.23	28.74	28.47	33.34	26.31	31.34
32.9	25.8	29.32	28.47	25.83	34.69	29.03	29.22
39.5	32.71	37.62	36.93	38.52	33.33	38.53	30.88
24.29	28.25	30.43	29.32	26.42	27.5	28.45	21.84
27.58	28.21	33.49	24.6	29.24	33.68	24.16	31.73
28.8	26.9	28.25	28.18	37.58	30.97	30.14	30.07
26.53	24.72	26.45	25.17	29.93	24.59	32.67	23.2
30.55	33.1	31.9	28.15	30.28	33.49	31.83	34.26
28.72	34.54	37.84	30.75	31.06	33.86	34.82	27.45
31.74	29.56	24	27.38	33.57	31.68	30.21	30.26
26.55	25.37	25.21	29.15	23.61	22.94	27.15	26.65
39.54	33.65	34.48	32.07	26.75	34.94	38.32	29.71
32.79	34.57	35.99	37.71	34.34	29.82	32.43	30.34
31.48	25.55	31.09	31.13	23.38	31.57	33.99	34.47
28.19	34.94	34.09	31.42	32.59	34.51	34.02	41.4
31.74	32.49	29.7	33.27	30.85	29.64	35.43	28.59
29.49	25.42	30.32	28.92	33.41	32.88	27.93	32.36
28.06	30.4	31.43	36.78	29.99	32.7	30.07	31.32
32.32	29.66	32.61	29.25	30.63	36.01	32.24	30.46
23.18	28.62	28.82	29.25	25.74	26.11	24.35	26.9
25.95	34.55	28.81	42.22	31.69	31.77	40.4	39.61
30.71	30.85	30.09	31.2	27.82	25.12	31.39	35.47
35.6	40.28	35.24	34.75	39.08	34.14	42.19	37.46
29.51	30.01	26.37	27.51	30.67	27.09	28.17	32.69
29.4	30.69	26.79	27.57	29.33	27.57	29.9	28.41
35.65	26.06	26.6	30.61	31.82	27.38	33.06	26.3
29.36	27.95	33.37	32.14	28.22	29.62	33.77	29.97
21.3	27.49	28.89	28.13	26.75	30.7	28.93	28.05
24.88	28.39	28.07	27.28	26.01	26.85	26.52	22.64
30.4	26.13	31.07	29.67	24.3	26.62	28.71	26.64
24.94	21.72	20.62	26.64	18.65	26.61	30.36	21.6
35.12	34.41	32.76	39.99	34.67	33.75	40.59	44.61
32.99	26.36	30.47	30.96	29.55	28.36	36.75	30.56
31.1	29.46	35.32	32.78	35.5	38.31	35.09	32.3
29.77	30.37	28.57	32.54	30.13	27.43	27.8	29.29
26.88	23.04	28.85	26.57	27.74	25.52	27.29	31.05
31.52	29.59	25.74	28.71	31.13	28.18	32.19	28.21
27.65	28.89	30.59	26.56	24.43	24.04	25.36	25.51
25.74	24.7	25.23	25.54	30.59	27.34	23.68	22.81
26.65	28.7	30.85	26.24	29.37	26.36	26.6	39.93
28.82	28.05	31.12	26.48	25.55	28.11	28.05	24.87
35.17	36.7	37.34	34.43	29.35	25.38	28.43	33.94
27.17	33.8	34.1	34.69	33.44	31.01	34.06	30.34
29.37	27.43	31.74	30.82	30.8	28.49	26.63	25.88
41.22	34.58	30.51	31.65	36.97	36.98	41.34	39.1
32.68	24.54	29.62	23.01	33.32	25.54	24.21	26.36
35.88	34.44	31.81	36.3	31.53	37.7	36.11	34.34
26.3	29.49	34.18	30.58	27.69	27.38	32.3	32.43
34.74	29.93	28.95	38.21	37.96	40.44	30.46	31.9
27.44	32.23	33.05	30.71	34.73	36.49	30.65	33.02
29.77	29.21	31.95	33.19	30.31	30.76	33.22	29.61
33.27	39.95	25.14	31.49	29.98	35.9	35.31	29.35
32.95	29.6	37.02	32.47	24.98	28.42	25.57	33.21
24.28	23.98	24.19	24.39	23.71	26.12	25.64	23.29
39.86	32.91	26.41	33.93	38.65	38.24	36.92	34.3
26.8	25.87	23.13	26.32	27.05	28.7	29.97	28.78
24.86	29.66	31.32	24.85	31.25	30.5	30.97	27.93
31.94	34.53	27.63	32.4	34.61	27.16	35.35	38.66
29.59	29.75	33.09	32.66	37.47	37.41	27.22	31.75
36.61	25.74	26.12	28.75	31.76	30.57	30.58	27.77
26.01	29.76	30.78	28.56	27.85	26.62	28.5	29.37
26.6	30.28	29.27	28.2	23.66	21.88	25.64	33.98
28.47	33.63	33.98	32.08	31.48	33.25	30.94	33.42
28.25	41.32	39.3	33.73	36.02	36.47	38.16	34.6
25.3	24.03	34.06	21.9	22.82	29	23.89	28.05
26.82	28.62	29.88	28.69	31.42	27.72	27.7	33.47
27.82	24.52	25.59	30.39	27.86	27.16	27.93	28.23
36.66	39.92	35.66	36.97	34.97	46.18	31.43	34.86
28.73	29.27	32.79	35.21	28.6	28.28	30.09	29.42
22.43	24.44	22.47	25.58	31.13	26.24	24	24.87
32	30.79	35.31	31.86	32.26	33.06	28.12	28.59
29.84	32.3	33.4	32.39	38.15	26.68	30.34	28.55
32.73	32.31	34.43	33.38	27.18	32.57	28.04	31.05
30.05	28.31	34.82	26.45	38.82	27.18	30.82	27.84
28.05	28.85	33.54	33.22	33.26	31.64	28.06	30.57
35.22	31.75	30.45	30.11	32.25	33.02	30.62	33.13
32.24	23.81	28.41	22.36	29.14	25.53	25.55	29.04
30.69	31.3	33.12	30.32	35.54	32.44	25.72	30.78
34.89	32	31.95	32.47	27.14	27.23	29.06	30.74
28.09	29.74	26.2	26.02	26.66	27.81	21.3	28.27
30.51	32.58	26.7	32.19	28.98	29.61	32.75	29.38
37.8	39.75	36.88	36.68	36.36	37.3	37.42	41.75
27.98	20.41	24.29	24.02	24.65	29.51	25.28	22.26
30.31	27.18	26.5	28.13	28.74	29.87	25.05	28.62
26.24	26.82	25.56	24.06	26.5	22.13	27.3	22.3
29.27	38.66	39.97	34.86	33.57	35.28	30.28	35.83
34.12	27	30.62	26.21	30.99	33.93	34.46	33.51
38.39	31.95	34.77	37.29	26.71	29.89	35.02	32.03
30.3	30.46	31.51	29.28	29.36	23.95	30.81	29.21
31.09	29.56	29.66	32.67	29.73	32.9	30.82	35.31
31.09	28.09	28.73	27.69	36.23	33.66	29.41	29.95
28.27	25.9	27.14	29.61	27.03	23.57	30.88	32.78
26.84	30.25	26.49	28.76	25.44	29.78	23.42	23.47
24.93	23.7	25.19	24.17	25.08	30.06	29.62	27.79
23.23	26.08	28.01	26.59	23.87	24.93	25.93	21.56
23.41	27.08	24.17	22.89	28.39	24.83	22.45	27.9
30.41	31.23	31.07	28.76	22.7	29.71	28.58	23.27
26.2	28.91	33.4	39.9	35.52	28.79	32.6	30.33
26.23	33.39	29.06	23.51	29.46	26.28	30.44	29.19
34.76	33.49	42.55	38.63	32.54	35.86	33.23	37.49
33.64	28.75	28.57	27.86	32.16	29.58	28.4	28.13
31.36	30.08	26.9	28.74	24.18	28.28	29.34	26.38
26.41	28.88	23.9	28.65	25.15	29.68	24.04	27.1
32.07	27.14	33.24	25.54	30.26	31.95	31.83	33.23
39.51	28.03	28.99	24.44	30.05	33.66	24.56	38.89
35.97	31.63	34.8	30.92	25.88	36.06	31.46	30.06
28.26	26.13	25.48	25.44	30.68	36.11	27.91	25.3
28	27.71	32.01	32.31	24.48	31.15	27.13	31.19
31.08	29.42	27.87	31.73	26.68	26.98	33.85	26.98
26.91	26.9	20.45	26.57	25.86	25.76	26.11	23.71
28.45	34.61	33.11	29.94	40.48	38.64	33.38	32.41
25.79	32.24	33.21	27.01	31.74	29.76	33.67	32.35
30.52	28.98	28.86	30.48	24.94	25.6	23.73	23.82
34.49	32.98	34.33	31.26	36	34.23	28.7	31.2
37.98	37.58	43.52	34.82	33.56	36.64	35.36	35.54
35.14	28.73	30.36	34.01	29.93	33.11	34.51	27.89
32.94	35.93	31.9	36.26	37.93	31.32	38.97	32.5
30.56	28.48	28.34	33.81	32.11	33.13	27.41	31.86
33.29	30.86	31.89	31.87	35.07	33.92	32.24	31.91
29.2	27.87	31.11	26.71	33.87	35.43	29.26	28.24
22.84	22.81	23.73	19.07	26.98	26.63	23.83	27.12
27.27	25.13	24.77	24.37	26.07	23.91	22.82	23.63
33.69	34	37.43	38.75	33.71	38.18	43.72	36.88
31.98	28.9	34.7	35.02	30.02	27.59	33.99	31.23
32.44	29.5	27.13	25.55	26.01	26.5	22.91	23.61
33.63	28.25	31.71	29.53	28.84	30.46	27.39	25.59
28.63	26.76	32.18	37.73	31.65	24.07	32.59	34.88
22.99	25.63	25.5	26.8	20.99	27.45	25.4	27.39
33.93	38.75	38.32	34.19	30.95	39.05	33.27	34.09
29.12	26.42	27.86	24.76	29.63	29.08	29.64	32.48
26.28	28.13	24.78	28.2	26.67	28.04	31.87	31.48
30.32	33.43	38.96	28.91	32.68	30.33	31.36	37.54
31.43	30.29	26.79	27.72	28.09	33.77	33.64	32.21
27.27	27.92	34.38	23.47	29.6	25.74	26.96	32.31
30.23	30.08	32.71	30.56	34.19	32.17	34.32	34.23
27.23	29.51	30.7	25.86	30.51	33.76	27.27	31.4
24.61	24.18	27.69	30.14	28.48	31	27.45	25.12
32.34	39.13	32.5	29.9	29.84	38.9	35.58	32.79
27.66	24.97	29.44	22.06	23.25	21.39	26.19	22.85
26.83	31.62	36.62	26.66	33.08	32.65	27.43	30.53
33.83	31.13	30.68	27.91	32.41	28.74	40.02	36.91
37.68	34.02	33.86	29.03	40.69	34.08	34.26	33.05
26.11	27.56	26.64	25.84	34.73	27.14	23.04	32.19
37.4	35.51	33.95	39.25	33.86	34.87	32.48	40.61
27.62	37.39	29.64	27.17	29.83	36.31	31.05	31.4
32.71	33.97	31.1	31.13	28.22	32.94	29.74	31.17
31.12	27.29	27.04	28.74	28.02	31.87	30.16	31.79
34.51	32.49	30.8	28.62	28.79	27.65	40.07	32.4
35.98	37.56	30.37	36.08	34.08	39.82	25.51	27.96
32.63	29.51	31.13	28.82	31.62	25.12	27.27	31.85
26.65	25.77	31.73	31.15	30.28	27.44	28.43	30.51
24.41	26.63	23.59	25.46	24.47	24.16	22.52	23.43
24.9	24.35	25.71	26.41	30.33	25.93	26.03	23.64
33.08	39.8	34.9	38.59	29.35	31.42	32.79	30.47
33.08	28.06	29.08	30.82	27.85	30.71	33.65	27.19
31.95	33.8	35.33	35.63	29.47	32.69	36.28	29.03
29.39	29.37	27.66	28.53	28.79	36.99	24.56	31.7
30.89	35.41	32.76	37.09	37.52	33.09	28.1	35.75
32.42	38.2	27.69	33.18	37.77	32.79	31.75	33.46
24.27	26.15	23.05	21.52	23.86	23.32	23.32	23.98
29.23	25.84	31.64	35.68	31.55	35.94	37.1	24.69
30.41	32.93	31.01	30.14	32.73	33.55	28.26	25.23
28.79	31.32	27.25	31.8	30.55	29.4	33.13	32.3
26.03	27.92	22.64	26.83	28.08	24.76	26.49	25.12
32.03	31.63	28.74	31.79	26.14	26.89	30.68	28.88
32.09	31.86	25.85	32.24	30.53	28.33	34.06	32.47
34.78	33.82	38.31	42.06	33.36	36.24	42.2	39.63
28.18	33.07	34.9	33.83	37.05	35.33	31.57	25.1
30.41	29.57	34.01	28.29	27.01	28.03	34.7	28.77
22.53	24.5	25.75	27.08	25.55	29.53	27.35	23.38
28.13	31.03	31.03	32.45	32.89	30.98	29.94	33.91
34.72	29.4	36.4	29.75	32.53	34.85	30.46	29.98
23.6	23.44	23.78	26.57	24.98	23.6	23.27	32.21
23.38	26.17	25.56	29.72	27.94	25.36	28.2	26.62
35.02	31.38	34.15	32.76	32.92	31.05	35.55	29.49
25.89	25.66	24.43	24.01	24.68	32.63	24.13	30.07
33.56	32.13	32.11	32.38	33.81	29.07	38.47	40.47
26.54	27.65	35.45	33.44	28.29	30.71	37.66	31.35
30.19	30.55	27.92	28.57	25.91	28.4	28.36	28.47
28.08	27.78	28.57	31.61	31.68	35.21	34.69	24.19
30.5	26.8	30.56	34.95	34.56	31.91	28.93	26.48
27.64	25.49	23.68	33.8	29.15	28.12	24.28	25.31
27.35	25.57	25.48	26.54	28.68	31.73	20.96	29.73
30.89	27.28	29.3	27.61	27.89	24.38	28.39	29.12
28.79	28.4	33.93	26.78	25.58	24.58	32.34	24.13
30.03	27.75	35.13	28.23	24.82	31.23	25.46	28.93
39.22	28.85	30.7	22.16	31.04	25.92	27.02	27.9
34.27	41.48	35.54	31.3	29.53	34.54	33.67	34.97
30.57	33.21	27.76	25.78	27.61	28.37	22.6	32.06
27.43	22.23	31	26.8	30.47	28.78	28.12	26.4
26.99	29.94	23.4	24.08	23.17	26.2	26.07	31.38
26.24	26.36	31.06	24	26.74	31.86	26.74	28.99
23.63	25.47	27.15	29.2	24.03	22.35	24.02	25.93
27.86	24.76	29.99	26.85	33.52	27.63	30.21	28.07
28.1	27.19	28.66	29.33	28.38	26.85	29.64	28.19
18.81	33.47	34.02	26.47	27.55	28.43	31.97	26.81
32.12	33.65	31.25	37.25	28.64	27.51	31.59	34.82
29.61	29.27	25.61	28.68	29.11	29.62	29.57	29
36.71	44.83	45.31	35.39	35.19	34.54	43.9	34.06
24.43	28.52	27.53	27.46	27.48	24.99	26.36	29.55
36.38	31.94	32.97	30.28	30.93	28.84	28.92	26.24
33.81	38.71	31.95	32.59	24.34	29.25	30.12	32.56
26.7	33.56	31.73	35.63	29.2	32.49	29.95	34.64
25.49	27.04	24.87	30.58	30.57	27.49	25.37	26.94
26.56	27.1	32.49	33.28	25.75	32.38	26.22	30.3
29.52	25.53	25.78	27.08	20.82	23.91	22.79	30.51
27.22	32.86	27.67	31.52	29.14	37.54	37.82	30.61
30.37	38.41	39.86	33.19	35.84	34.25	35.67	28.61
32.83	33.67	40.31	33.92	30.72	33.5	30.2	38.73
24.82	23.52	27.13	27.28	26.19	27.97	26.62	23.55
32.72	30.74	27.83	28.96	25.79	29.25	29.95	27.29
28.99	29.16	32.26	30.66	25.88	27.93	33.1	30.2
33.1	27.96	26.6	29.05	27.72	29.76	30.83	27.3
41	37.88	35.76	37.42	36.02	32.8	33.94	37.44
23.52	30.02	26.31	32.04	30.06	23.84	27.55	31.63
32.57	29.65	29.02	26.91	30.91	31.12	33.82	28.77
31.53	30.18	26.89	29.02	25.86	30.94	28	22.38
29.56	29.31	26.79	26.31	24.11	27.25	32.3	33.57
28.75	31.56	34.43	29.81	31.14	27.64	31.47	29.6
31.28	29.36	25.82	22.43	32.85	26.98	24.09	24.96
27.79	21.88	22.53	21.9	25.18	23.32	25.25	24.86
30.92	26.92	28.45	34.26	27.51	30.42	31.88	25.87
34.07	34.68	35.06	34.97	31.12	33.67	39.9	35.02
31.33	25.51	30.77	26.52	27.9	23.69	24.87	31.48
32.71	34.77	30.62	29.27	34.01	24.67	25.98	26.17
33.6	26.89	24.15	26.9	24.47	28.4	28.41	29.13
28.63	29.69	33.65	31.2	27.27	27.23	33.78	31.07
23.44	25.98	29.45	25.74	26.98	30.58	27.33	25.72
24.56	21.74	27.5	26.01	24.79	25.14	21.44	24.71
26.08	29.38	31.46	31.72	33.52	24.7	32.78	37.54
31.13	37.21	35.43	25.65	37.87	25.78	35.55	31.21
33.23	32.01	30.87	32.39	30.54	33.95	31.75	30.59
33.04	30.56	32.15	32.69	34.04	39.97	33.29	31.62
26.93	36.02	34.7	35.16	35.31	31.52	34.02	33.94
51.18	35.78	40.43	40.61	36.41	34.02	39.62	33.28
28.22	32.18	30.31	37.42	28.73	32.03	36.22	34.74
25.17	23.94	20.03	23.62	25.6	27.85	24.45	25.1
31.06	34.89	39.6	35.91	35.43	32.56	29.95	36.36
34.81	35.04	36.32	31.09	36.94	30.21	32.69	36.05
32.07	31.5	30.13	25.61	26.28	28.55	30.67	23.64
34.48	33.55	26.08	35.02	30.81	29.77	34.69	31.75
26.9	22.8	24.61	28.76	26.8	30.39	31.29	29.7
29.77	24.62	31.14	32.58	26.53	29.18	28.5	30.13
29.34	31.08	28.97	30.4	28.18	27.35	26.75	35.18
32.31	34.6	29.27	33.41	38.15	34.85	38.17	35.9
33.98	33.32	33.92	29.1	39.37	36.32	27.02	33.89
31.99	27.94	29.08	34.55	35.13	27.8	33.75	30.98
24.62	29.68	23.1	29.88	27.25	24.86	30.14	25.44
29.91	30.59	34.25	32.77	27.63	25.19	27.18	29.17
29.86	26.63	30.03	30.92	26.82	30.45	30.06	29.41
29.38	33.06	29.68	33.63	24.89	26.41	28.1	27.24
33.17	37.47	35.79	29.03	35.48	34.51	33.06	41.73
27.6	30.35	22.48	28.59	29.8	30.72	25.75	30.88
28.46	31.45	27.37	26.65	31.23	26.87	26.11	29.36
27.85	31.35	31.42	33.16	29.53	33.25	28.31	28.03
30.87	29.35	33.02	31.94	28.14	31.53	34.56	33.07
29.5	35.54	34.27	27.09	30.35	30.45	25.89	26.83
34.18	27.63	30.41	27.55	27.54	22.78	24.2	24.4
26.69	27.49	25.75	24.32	31	29.76	30.45	22.92
32.25	24.75	28.85	24.66	29.27	27.8	28.49	27.38
27.69	39.37	32.86	36.39	34.77	28.05	38.31	35.78
36.5	30.58	31.47	33.89	29.71	38.71	34.27	30.65
18.4	28.54	24.92	27.95	26.91	27.19	18.87	23.92
21.92	30.59	27.78	24.1	26.54	29.68	23.93	23.9
26.46	23.55	28.54	25.91	31.61	28.66	26.12	30.72
27.8	26.6	28.95	26.05	31.46	29.64	28.33	28.35
25.89	23.53	26.73	23.13	23.74	28.35	18.19	31.16
34.08	29.36	38.01	30.92	27.26	34.42	29.71	31.93
20.4	22.68	22.82	26.09	22.27	23.68	21.98	25.95
31.64	30.37	31.89	34.62	33.5	30.27	36.49	37.72
29.99	34.36	31.55	30.52	31.86	38.38	34.42	26.36
31.43	31.69	34.48	33.51	30.44	37.92	31.21	42.3
33.06	30.74	29.29	29.19	25.65	23.89	26.85	31.4
33.87	31.9	35.09	32.68	29.29	31.96	28.19	31.51
25.71	27.09	28.24	30.18	28.82	28.07	27.2	26.41
37.36	27.85	39.65	34.84	31.12	39.28	46.53	36.28
35.28	35.18	34.79	34.33	33.78	27.4	34.29	31.96
30.32	30.14	26.3	27.99	24.29	29.05	33.01	28.41
27.79	20.63	25.02	22.17	31.13	26.44	26.38	24.75
20.23	28.46	28.28	25.2	29.98	31.57	25.37	24.52
27.88	27.21	27.4	32.89	27.71	34.63	31.6	29.07
33.49	27.59	25.77	28.89	22.54	26.94	26.99	26.19
31.57	35.78	30.94	31.7	32.07	30.78	28.84	26.97
31.73	32.54	34	35.42	33.63	30.84	31.17	31.89
25.36	31.23	27.51	31.31	30.45	28.26	31.47	28.34
20.59	21.56	22.85	20.92	20.84	24.08	25.8	22.98
40.89	31.12	31.2	32.06	31.82	31.26	33.58	32.69
26.03	31.56	29.87	32.04	26.04	30.07	38.17	30.79
32.25	33.2	28.6	32.41	30.38	27.38	36.04	33.31
31.02	26.63	27.44	26.02	25.22	26.2	31.28	27.12
25.4	26.58	31.11	28.13	29.24	33.8	30.63	26.48
27.91	25.69	21.39	24.6	28.62	26.95	23.79	31.45
37.18	33.19	40.61	31.5	39.87	40.89	38.05	30.17
34.29	35.12	32	34.01	39.61	35.65	34.29	36.81
23.06	25.18	27.45	22.19	30.72	28.75	26.54	25.82
33.2	34.49	33.9	31.87	41.43	32.86	38.77	33.48
32.16	31.71	34.17	27.95	33.36	31.54	32.05	36.45
27.07	22.77	26.6	27.49	24.86	27.53	27.43	31.57
26.57	33.55	31.08	33.93	28.92	28.8	27.6	24.49
35.87	26.7	31.07	29.35	27.84	27.42	26.65	25.67
25.53	30.64	31.74	34.32	34.41	28.39	35.32	25.66
26.06	32.16	24.42	26.33	24.35	23.61	25.02	23.13
31.3	34.65	34.27	29.3	31.78	32.2	29.81	29.09
30.03	24.05	29.75	35.28	28.97	29.53	29.71	25.4
22.85	23.93	25.54	23.93	30.45	27.81	28.88	33.4
29.57	26.58	24.37	24.85	27.78	30.97	25.6	26
28.87	26.06	31.13	25.56	24.85	28.42	27.01	26.75
29.73	30.94	25.95	26.52	28.82	24.58	26.55	26.4
26.7	29.59	30.62	31.49	27.55	25.34	26.84	25.44
30.1	40.5	30.19	34.44	29.38	34.25	33.87	29.95
36.89	35.13	29.56	27.65	34.61	30.98	25.22	33.05
29.43	34.16	27.6	27.87	32.49	32.61	34.64	30.35
31.06	30.13	27.69	28.32	25.37	22.75	31.69	26.54
30.88	25.64	22.78	26.71	25.22	27.34	29.28	26.93
28.07	26.49	27.58	28.44	24.89	24.27	32.69	30.69
33.52	28.59	37.64	39.1	31.68	32.73	32.24	35.15
24.07	34.44	24.05	19.93	21.87	26.73	26.65	29.54
23.34	28.54	25.01	31.98	24.8	24.55	31.21	29.72
26.38	29.14	34.47	22.41	28.78	29.5	25.03	28.14
38.15	31.86	31.01	33.72	32.05	35.39	32.42	30.99
28.92	22.51	32.69	29.17	28.88	29.34	30.49	27.46
34.57	28.11	34.63	36.07	30.96	29.3	30.79	34
29.95	30.25	29.77	30.63	30.84	39.24	32.61	32.01
26.37	29.54	25.33	29.97	28.51	22.99	29.22	26.99
29.11	25.51	24.71	19.77	29.47	27.99	25.43	26.36
31.42	27.9	26.4	26.25	24.95	28.29	24.73	27.07
33.16	29.46	31.86	31.66	32	29.14	26.79	32.78
29.59	28.59	31.15	27.42	32.14	23.05	30.29	29.79
25.81	22.73	29.81	25.1	27.6	24.5	32.32	26.78
28.78	25.56	29.74	26.66	20.79	26.72	29.33	26.74
26.95	26.31	28.53	25.17	35.47	25.07	25.47	29.45
39.78	31.62	35.07	40.51	29.87	36.11	40.04	38.96
36.25	31.36	26.53	30.07	32.48	32.06	35.17	31.58
24.19	27.21	27.55	25.62	33.22	27	26.73	29.25
28.17	28.89	32.2	27.78	26.31	33.12	32.75	31.36
28.76	36.13	31.32	31.28	30.07	32.72	30.56	26.66
26.18	31.89	26.93	26.49	24.81	19.78	31.18	24.03
35.14	26.09	35.59	35.54	30.82	34.39	38.92	34.24
33.35	29.84	35.34	32.24	29.3	29.73	31.67	31.36
23.79	24.84	23.2	22.99	26.14	27.61	23.46	22.99
24.77	26.74	34.82	30.83	29.45	30.69	31.61	28.62
33.51	39.06	35.01	29.16	30.17	33.94	32.88	31.75
20.4	20.28	20.61	19.37	23.83	25.73	27.42	22.08
38.77	37.28	34.62	38.61	34.08	39.71	35.93	36.75
31.02	36.51	29.77	26.22	29.39	28.65	34.24	29.14
30.89	29.28	23.55	29.5	27.11	27.52	29.69	27.26
26.62	19.52	28.02	31.32	28.7	21.81	27.71	28.54
32.27	37.62	33.73	31.73	39.62	23.71	35.72	35.36
34.73	32.14	29.11	36.82	31.98	30.18	35.04	29.03
32.46	32.37	37.05	36.72	34.79	38.94	30.03	33.87
26.72	24.84	27.93	24.94	24.29	22.79	23.91	27.64
28.52	26.43	25.78	26.18	25.64	24.71	25.13	25.83
25.31	31.83	28.46	25.93	29.55	26.86	32.02	28.86
25.98	21.84	25.05	25.59	25.39	21.27	25.86	26.72
29.65	26.77	24.54	27.58	27.03	29.04	25.76	30.74
38.55	33.07	38.36	36.66	31.09	23.46	30.08	31.78
25.51	24.79	26.36	25.91	22.73	26.23	25.81	31.69
26.78	29.5	26.22	30.05	28.26	25.39	27.78	25.47
26.07	30.18	30.11	28.75	27.44	23.13	26.38	27.04
30.88	35.03	32.24	33.01	25.11	30.19	34.3	38.29
28.65	36.46	28.83	39.76	31.55	31.53	32.2	35.92
30.89	28.05	36.65	28.15	33.57	36.75	35.17	30.26
29.46	27.13	32.85	26.5	31.72	26.56	34.55	27.81
26.54	27.03	28.34	32.32	29.53	26.43	32.65	28.95
21.39	23.56	24.45	27.34	24.46	27.2	25.77	26.3
27.89	28.25	28.18	31.19	31.25	30.28	25.85	33.02
41.37	36.35	34.22	41.15	45.1	35.9	33.9	41.6
36.08	38.35	38.5	38.21	35.46	36.83	41.22	34.86
29.85	38.63	36.58	37.87	36.78	31.08	38.68	37.57
31.29	26.21	29.37	31.92	34.07	27.14	31.04	31.88
26.78	25.09	26	23.71	31.4	23.69	23.96	24.77
29.46	32.36	32.34	31.78	30.77	34.97	35.41	33.48
33.13	29.77	27.67	23.59	31.37	30.46	27.88	28.06
27.64	32.95	28.24	31.99	26.07	30.26	26.63	30.71
22.31	24.98	27.38	25.12	26.99	27.2	30.39	33.07
29.09	30.47	23.94	29.7	25.14	33.98	26.49	29.65
35.99	28.63	32.28	31.1	30.16	27.05	36.97	24.41
27.75	26.25	23.58	25.36	30.2	27.54	28.39	27.31
40.7	33.79	32.3	36.33	33.24	32.74	32.46	33.83
26.65	33.89	33.2	26.66	32.91	37.75	27.4	25.86
28.37	28.94	29.97	30.66	31.53	33.34	32.9	31.92
29.05	29.39	33.21	27.18	25.07	30.29	26.55	26.77
33.25	25.7	32.64	37.14	35.91	36.38	30.98	27.34
28.86	27.42	29.04	28.04	23.59	29.87	27.63	25.94
35.11	29.52	26.52	38.42	26.55	32.99	25.22	27.56
30.88	24.92	33.33	32.09	28.94	28.83	27.6	26.17
24.85	26.89	30.57	34.65	32.18	26.67	30.91	33.86
23.07	22.63	24.41	24.88	23.21	21.76	25	19.62
31.57	25.52	27.32	25.25	28.3	25.48	26.53	28.08
36.71	29.1	31.46	31.14	30.52	25.62	24.37	26.16
28.79	29.8	34.58	30.71	30.66	37.37	38.82	26.63
27.76	27.89	27.82	28.49	30.89	27.31	30.5	30.61
25.41	28.39	23.02	25.24	25.97	22.14	22.57	21.19
32.73	31.65	39.77	32.34	33.86	33.78	36.42	35.59
32.73	37.31	40.35	40.61	33.31	35.36	33.76	42.96
25.54	24.97	30.57	34.33	32.68	26.49	32.85	30.13
31.18	29.9	30.53	34.98	33.55	38.04	28.21	36.24
32.85	37.67	37.55	37.54	32.34	42.5	39.5	26.42
27.07	32.13	30.69	30.24	28.08	33.07	28.27	31.03
26.95	30.2	27.3	27.17	29.94	27.76	32.57	30.14
37.15	34.81	39.99	38.75	37.55	39.17	39.19	38.39
29.48	32.18	28.03	32.26	32.44	29.59	30.58	27.83
23.9	24.61	27.4	23.97	22.68	28.42	20.5	23.43
31.58	33.37	29.44	32.96	30.51	30.72	30.79	28.42
32.49	28.7	34.23	26.41	34.97	36.61	32.42	32.83
25.35	23.24	29.08	28.33	22.77	33.27	31.25	25.71
30.85	33.72	30.15	33.11	32.88	31.91	28.32	30.78
30.41	27.38	25.11	28.1	32.09	24.08	27.52	28.92
23.71	24.63	25.45	30.47	26.22	31.38	25.52	24.11
33.06	34.4	28.63	29.96	26.43	28.38	28.25	28.16
25.43	28.41	32.87	25.24	22.94	32.16	26.53	29.89
31.38	31.41	31.01	31.36	32.1	33.08	29.65	29.42
25.54	27.18	23.2	30.45	25.41	25.97	24.01	23.73
26.92	31.84	30.55	33.87	33.81	29.6	33.68	31.06
25.58	28.12	23.93	27.98	30.1	27.18	30.49	25.8
24.49	19.29	23.81	22.43	25.98	22.73	23	26.73
30.72	27.72	28.8	24.6	23.02	23.54	28.93	28.71
31.28	29.77	35.02	31.37	34.3	33.48	30.12	27.52
22.33	28.15	26.86	27.13	27.87	24.77	28.18	25.47
32.52	26.17	32.24	25.22	26.67	24.53	26.18	32.85
29.53	31.7	31.92	29.53	28.54	27.13	28.08	26.19
32.81	30.3	29.9	26.5	27.92	29.47	30.57	31.13
29.86	35.43	35.18	30.42	31.61	26.44	34.39	32.79
26.41	27.56	32.8	28.13	24.22	27.79	27.15	28.92
28.72	30.48	31.49	36.99	30.61	36.03	24.81	31.48
26.72	33.39	34.55	32.51	32.18	28.2	28.94	24.91
26.4	33.78	32.74	26.7	30.41	35.91	32.32	30.28
25.85	27.91	23.57	28.22	31.04	29.4	26.98	28.07
28.01	35	39.48	32.58	32.56	35.01	35.13	24.98
27.75	28.7	26.13	29.92	27.56	27.65	26.02	29.91
34.52	31.51	30.61	29.17	31.43	32.83	32.74	28.98
26.27	21.07	28.68	25.34	24	23.13	27.58	26.65
29.4	33.05	29.53	23.8	26.31	28.48	29.51	26.72
29.1	32	27.46	25.29	30.05	25.5	27.5	28.35
31.82	34.9	39.85	33.43	29.34	26.73	32.47	29.55
28.28	26.25	23.44	30.13	27.2	26.22	28.38	18.17
30.91	32.88	33.02	23.55	26.75	29.67	28.61	24.85
31.96	33.4	30.75	27.55	33.89	28.98	28.51	30.81
26.94	31.21	32.77	33.38	29.86	31.68	30.34	32.98
27.1	31.25	29.59	29.91	34.49	29.59	28.94	31.56
26.05	33.4	34.34	31.76	37.54	27.76	29.01	32.8
30.86	40.35	35.3	36.08	33.53	26.19	32.53	31.76
37.35	29.27	35.65	32.86	29.22	39.53	32.04	35.39
27.88	28.75	31.95	24.54	32.04	28.13	30.78	30.44
26.47	33.51	26.54	28.61	27.39	29.02	27.67	32.24
32.83	38.92	36.53	34.37	37.78	33.88	34.64	30.91
24.05	25.09	24.4	22.07	26.49	27.82	25.17	25.47
23.05	31.29	30.9	33.76	27.13	28.95	25.45	31.69
29.97	22.37	23.11	24.39	23	22.35	27.78	24.78
33.14	30.2	32.33	29.19	27.22	33.46	30.48	30.63
29.49	24.45	31.89	30.9	30.36	26.94	29.35	34.35
35.17	36.55	27.72	29.61	30.1	31.26	33.47	31.76
35.55	33.58	31.9	34.29	32.28	31.33	32.91	29.41
30.79	37.34	35.91	35.07	32.98	30.01	29.91	34.88
34.22	30.33	36.19	36.37	34.76	40.43	39.8	37.68
30.98	28.76	27.77	29.83	25.89	31.6	29.62	28.29
28.93	29.5	29.27	34.34	27.06	31.91	30.8	30.64
34.74	33.89	30.48	25.98	31.78	26.26	31.89	30.78
25.63	21.84	23.81	28.2	26.72	26.48	28.99	20.62
31.78	28.61	36.43	35.9	33.49	25.14	29.08	28.53
31.81	30.58	28.96	30.2	30.38	29.81	26.4	21.35
31.43	30.99	26.34	29.61	30.1	29.2	30.7	29.4
29.38	29	24.45	30.92	23.85	27.93	26.89	25.33
29.9	28.48	27.74	28.38	25.88	29.08	29.48	31.14
27.45	24.2	27.01	30.71	28.5	20.32	25.82	23.82
29.93	31.64	29.39	34.04	29.96	34.37	31.46	32.74
26	23.81	24.02	28.3	32.93	25.62	26.72	28.1
33.65	29.68	30.55	33.77	31.52	34.26	31.22	40.69
32.82	28.29	28.33	31.03	29.5	33.75	33.67	27.13
36.22	27.98	29.11	27.77	26.36	31.88	24.37	27.75
31.6	33.49	32.05	30.16	33.19	32.69	42.57	26.23
26.98	23.92	27.62	26.08	26.75	28.36	30.72	29.7
27.5	27.8	29.87	29.57	34.36	28.64	31.72	30.24
30.82	37.59	35.39	35.09	32.59	30.69	37.8	34.87
36.66	36.75	40.1	36.04	34.44	34.48	28.38	39.62
27.04	28.47	34.94	35.05	31.58	30.16	31.63	33.03
33.31	29.9	35.37	29.66	35.6	34.14	31.54	36.43
30.56	26.2	29.16	31.02	31.95	30.3	26.55	33.62
28.86	35.2	34.78	34.19	29.45	33.78	32.44	28.19
30.96	36.67	33.3	30.84	38.89	35.1	38.4	37.69
24.05	25.3	23.9	23.32	25.31	31.13	22.52	25.14
33.56	33	37.08	35.59	30.07	27.18	28.69	34.49
36.91	33.97	34.93	29.89	36.23	35.76	35.06	37.05
31.49	34.02	37.06	28.63	30.92	31.85	30.9	29.4
30.41	31.83	31.55	35.55	32.47	34.43	30.6	32.03
26.45	29.42	27.64	29.96	31.35	24.48	26.21	24.38
37.28	33.06	26.68	37.63	23.48	32.89	33.8	34.23
28.64	30.6	26.53	29.25	28.87	32.81	31.24	32.09
32.64	32.79	28.27	30.17	32	34.34	31.21	29.71
30.85	32.94	36.01	34.89	34.84	30.15	33.38	31.71
25.86	30.05	30.96	34.99	33.46	35.1	27.89	29.22
26.54	25.18	27.77	30.09	27.51	25.07	22.75	31.88
31.62	29.35	30.78	34.59	25.54	31.71	29.76	32.22
29.47	26.42	27.99	27.02	32.69	26.29	27.12	26.67
30.67	22.88	22.99	22.89	26.77	23.41	26.8	23.73
30.99	40.85	38.21	35.75	36.05	35.73	30.51	36.65
33.65	30.09	28.51	32.41	27.55	29.19	31.36	28.64
28.35	26.84	32.26	26.02	24.51	27.93	26.38	23.63
31.2	27.15	30.16	31.44	35.05	29.53	30.49	26.71
39.12	29.14	30.57	34.83	29.33	35.3	28.7	35.35
30.13	29.05	36.25	27.44	26.61	31.23	30.03	33.71
32.03	31.23	27.5	33.38	27.15	29.54	33.59	32.13
29.89	29.11	32.72	31.43	28.72	23.96	28.8	25.59
34.01	37.96	26.6	30.9	27.34	28.37	29.18	34.23
34.4	36.01	29.98	33.53	29.13	43.89	37.02	33.88
28.72	31.71	25.51	22.61	23.23	26.2	25.24	27.44
35.13	34.3	30.08	29.08	32.96	30.44	30.78	37.02
29.59	33.59	29.69	30.25	32.74	29.84	34.24	31.85
31.95	37.38	24.94	28.16	28.38	26.22	30.34	25.04
24.33	26.23	26.88	26.89	27.55	29.34	24.94	27.16
27.05	25.27	28.53	31.82	25.65	25.26	29.88	23.24
28.4	28.11	27.54	30.13	29.29	33.4	29.85	37.41
30.09	25.14	30.57	31.59	32.56	34.01	33.16	33.42
30.77	28.06	29.51	29.14	33.66	27.12	32.29	25.95
29.12	26.98	32.13	31.57	23.76	27.13	25.41	27.44
28.3	26.65	29.55	23.64	27.06	26.68	29.19	26.9
31.54	28.81	32.9	27.77	33.86	23.51	29.83	30.88
28.02	29.6	34.98	31.01	33.06	33.66	30.91	36
28.96	27.64	31.94	26.75	30.7	30.59	28.99	30.03
33.05	36.17	29.25	30.22	26.75	26.04	31.95	28.17
29.8	30.31	28.63	39.86	33.57	35.91	33.34	34.38
38.49	39.07	30.35	41.52	42.89	33.44	38.38	38.65
27.6	26.06	37.33	29.33	28.72	30.87	26.29	30.12
23.03	25.18	29.12	26.76	23.64	26.21	25.18	26.34
26.61	25.43	30.37	33.17	29.87	26.78	32.52	30.34
26.93	32.42	35.83	27.27	29.67	29.28	22.94	25.97
32.49	31.6	32.87	30.86	30.1	33.68	30.87	28.1
26.83	26.36	24.68	24.45	22.73	25.25	24.28	23.8
29.22	27.81	29.47	36.76	26.12	29.66	32.23	30.59
29.42	26.17	26.57	25.95	25.13	25.18	24.43	27
33.2	32.02	37.13	26.39	29.06	36.62	30.03	35.56
33.8	31.33	28.18	30.57	31.29	32.25	28.86	28.98
25.37	26.15	30.88	23.45	25.95	27.42	27.94	27.63
28.31	32.17	34.24	28.2	33.8	29.02	32.59	31.48
38.13	32.41	29.95	39.01	35.53	41.42	38.68	37.44
23.53	28.3	24.37	22.53	27.8	27.62	25.71	28.51
22.86	28.56	26.14	27.58	30.12	27.44	28.05	24.91
20.11	23.52	24.22	21.95	25.5	23.74	27.33	23.18
34.27	30.4	32.34	34.59	34.53	33.99	29.93	30.96
32.61	36.25	38.86	36.69	37.07	34.4	41.8	36.75
32.14	28.42	31.78	31.83	30.51	29.07	32.2	30.76
39.21	33.42	40.03	36.66	36.84	32.73	32.71	37.26
32.87	33.87	33.93	33.84	29.19	39.74	31.99	33.38
22.25	30.12	26.63	21.57	31.91	21.53	24.66	24.97
27.66	36.33	32.59	34.08	35.01	33.41	26.66	32.96
32.42	27.62	28.55	33.32	27.42	27.65	31.46	35.35
29.15	35.85	31.27	32.36	33.42	34.92	32.78	29.26
30.07	31.48	27.14	30.98	29.9	24.97	30.74	34.59
28.11	29.26	33.1	27.79	27.67	34.76	34.46	27.4
37.5	32.31	34.42	36.13	34.39	29.59	34.48	30.99
30.07	33.86	30.57	33.55	30.87	27.15	31.72	27.49
29.07	26.55	28.35	26.07	23.27	28.05	25.98	26.05
34.32	32.48	40.97	30.83	28.74	30.88	24.85	29.45
29.57	28.47	32.21	33.71	30.6	35.26	26.44	33.34
27.68	37.11	32.16	29.39	30.04	28.8	38.01	32.48
30.86	30.12	31.31	26.88	28.68	34.66	27.89	27.8
22.24	23.41	22.37	26.71	26.47	24.36	22.63	23.16
28.27	30.07	37.71	33.3	36.43	26.9	33.18	36.17
33.06	31.63	33.04	29.14	33.51	37.18	32.29	34.27
30.68	29.38	34.62	28.25	23.4	24.8	31.54	26.13
26	25.26	24.87	23.52	26.1	26.57	26.24	24.49
31.12	26.76	22.5	29.28	26.74	30.61	32.84	33.22
30.93	30.99	24.19	28.57	36.61	27.75	29.97	26.37
28.43	30.55	29	30.12	29.74	29.42	29.66	32.9
22.52	21.55	26.33	19.41	23.43	23.43	24.75	28.49
35.01	29.73	30.52	28.95	29.68	35.15	29.53	39.5
33.71	31.97	26	25.18	29.58	26.23	26.06	26.87
38.42	28.3	27.48	28.55	38.86	29.3	33.04	32.14
27.35	25.5	30.86	28.51	27.18	26.55	25.16	23.08
30.61	30.68	32.16	34.76	32.22	28.11	27.35	29.67
31.81	31.01	31.7	29.36	32.3	30.09	27.03	28.5
38.47	34.89	36.79	27.52	29.76	30.61	34.04	38.77
29	25.53	39.67	33.95	28.89	36.59	32.95	30.49
36.63	34.74	31.16	37.06	30.76	35.75	35.95	39.77
27.18	24.71	27.29	22.36	24.45	23.2	21.19	22.86
32.76	31.87	27.78	32.63	32.15	29.23	30.19	27.23
28.26	27.86	26.29	25.91	31.16	30.79	29.09	27.37
35.04	33.61	33.83	30.15	35.03	36.54	32.28	30.64
34.59	26.14	32.72	30.45	37.07	26.68	37.54	34.28
24.65	33.82	31.91	32.9	36.35	32.1	38.48	23.57
29.39	27.86	27.48	30.59	28.49	29.74	29.89	34.58
23.01	23.48	21.61	22.77	19.49	23.16	24.25	18.41
23.97	38.67	30.95	32.81	32.16	30.99	27.42	26.35
38.32	27.78	29.06	22.38	27.53	31.67	30.94	26.56
27.73	33.87	25.35	29.84	26.61	34.83	28.32	28.86
34.79	26.3	29.29	28.95	30.72	29.39	36.89	30.65
23.08	29.36	31.11	28.11	33.37	28.67	27.55	29.89
24.07	30.24	23.59	24.08	26.78	22.69	25.57	28.7
23.38	25.5	30.71	23.13	26.89	26.76	28.32	24.85
37.62	32.59	31.27	34.04	33.12	31.66	33.84	32.39
25.62	26.02	27.14	30.56	23.77	25.78	23.13	25.54
38.51	32.71	28.97	32.77	27.47	31.22	32.31	36.71
33.38	29.98	31.71	31.65	28.06	37.31	38.05	36.53
30.42	31.09	30.05	23.18	26.41	28.11	26.65	32.34
36.49	37.23	34.41	29.43	32.44	26.5	34.52	31.28
27.08	26.55	30.09	25.9	29.17	27.04	28.79	29.71
29.79	29.61	31.69	26.82	37.99	32.84	28.06	31.97
27.32	30.99	24.89	27.96	27.26	26.3	22.94	33.82
26.45	23.09	30.58	24.38	28.82	27.3	22.99	25.5
24.08	24.34	26.98	24.52	25.26	19.98	24.32	28.78
27.32	28.89	26.51	22.81	25.35	24.33	28.97	24.25
29.65	30.2	29.39	34.68	25.71	34.33	27.71	32.02
37.02	42.53	28.09	35.15	36.46	34.01	37.55	31.16
33.37	33.08	30.08	30.25	23.85	27.9	33.2	32.77
26.44	23.28	22.08	24.39	24.32	27.87	26.54	21.24
29.57	29.24	30.95	25.81	28.7	30.04	26.21	33.94
29.05	28.23	28.91	23.5	32.38	28.53	27.83	27.63
28.04	26.69	27.53	28.64	27.85	31.1	25.65	29.79
25.94	30.25	26.05	25.41	27.14	26.87	24.75	30.81
28.53	29.54	27.94	31.35	25.02	26.27	33.35	29.39
35.73	26.38	32.91	30.38	30.11	28.32	25.65	32.44
27.43	33.68	34.72	33.2	26.78	27.24	34.04	27.68
31.82	24.23	27.35	26.65	31.46	30.8	26.57	28.9
33.6	28.56	28.91	28.91	34.77	28.94	28.72	31.36
33.26	29.23	32.34	32.69	29.97	34.16	26.04	24.59
33.95	35.67	31.49	32.74	33.92	42.98	36.6	33.41
29.01	32.96	26.68	29.58	32.99	26.63	34.09	29.38
23.91	19.59	23.63	24.99	23.87	23.9	25.08	27.71
28.37	31.73	27.22	35.28	30.35	31.58	30.07	27.6
23.17	19.89	21.37	28.26	28.21	24.64	21.47	26.59
32.78	31.5	25.96	32.01	29.99	32.62	32.29	27.46
28.5	32	31.62	30.58	34.01	33.3	31.74	30.32
25.83	29.36	29.9	25.74	34.01	31.08	23.66	33.75
29.18	26.44	25.28	28.03	21.84	31.01	29.31	26.13
29.55	32.98	23	31.72	34.81	28.62	29.92	25.31
29.7	34.25	33.72	29.46	32.3	32.95	28.23	29.7
34.39	28.61	30.75	33.26	34.48	27.93	33.47	30.78
29	32.34	39.23	38.03	33.86	34.21	32.64	35.2
34.85	36.53	29.9	31.88	31.13	33.71	33.08	33.77
33.08	31.64	36.78	34.24	36.34	32.79	31	29.99
25.48	27.08	25.3	26.07	28.22	31.37	28.02	32.02
24.99	27.83	26.7	24.8	25.03	24.01	26.83	25.28
24.59	20.66	23.99	23.02	23.09	26.76	25.72	19.82
34.87	39.77	31.69	30.46	34.45	26.86	32.08	29.04
25.48	25.8	29.74	27.09	27.47	34.91	28.56	26.13
28.91	23.77	30.32	28.1	28.8	24.45	26.38	28.59
32.97	29.53	31.47	38.27	35.63	34.91	37.18	38.49
31.19	31.76	32.83	30.86	30.87	31.78	33.85	36.23
26.56	24.27	28.49	26.85	27.44	26.02	24.88	25.37
29.5	25.53	21.53	27.36	28.85	27.08	25.74	29.85
29.84	30.54	31.12	28.71	31.79	30.26	26.76	32.45
30.22	26.66	25.83	31.69	26.12	32.3	28.39	28.68
25.68	34.46	26.65	33.46	24.96	29.58	25.36	30.56
34.12	33.59	27.53	26.32	30.19	29.9	25.68	27.14
27.24	26.18	26.09	25.92	30.04	28	24.42	30.63
28.53	38.11	40.24	29.87	32.5	35.11	36.05	32.89
31.14	28.04	29.22	30.51	28.42	28.04	30.14	28.91
22.73	20.82	17.93	21.35	25.96	21.8	19.96	24.57
26.53	29.25	25.91	28.84	31.16	24.33	23.59	24.29
34.59	35.81	32.52	27.96	35.89	30.94	27.27	26.07
29.4	27.31	40.22	33.23	32.61	31.9	31.37	28.95
30.41	30.83	31.87	32.78	36.3	33.73	28.8	29.42
32.79	29.1	24.85	28.56	23.43	27.43	27.82	25.46
17.72	26.16	22.01	20.44	22.64	22.63	24.93	22.11
35.49	33.39	39.57	39.77	39.89	41.7	36.66	34.02
28.62	30.25	29.72	28.28	30.56	29.77	28.46	28.6
33.6	35.81	28.15	33.99	28.33	31.7	31.21	36.24
33.99	29.25	34.08	32.52	35.42	30.65	33.93	33.79
37.38	39.92	34.99	34.69	37.32	38.45	35.87	38
24.9	31.24	29.44	29.51	27.45	27.68	27.16	28.31
27.59	23.07	27.82	26.59	24.5	27.92	24	26.74
26.17	26.65	22.93	25.23	29.92	26.22	24.98	26.29
33.13	25.58	30.51	31.5	25.62	25.27	28.8	26.61
29.74	30.36	31.68	31.56	25.21	37.17	29.84	30.26
30.19	26.24	24.4	26.03	30.01	30.53	27.45	31.93
30.3	25.15	29.86	28.1	26.48	32.46	33.01	25.92
24.41	28.65	27.7	26.11	26.17	27.96	27.88	25.7
38.52	28.42	27.24	29.33	27.84	25.06	26.18	33.06
29.44	25.17	29.67	27.64	31.22	28.84	27.09	29.29
25.62	29.92	27.57	36.78	27.85	26.87	30.87	31.64
33.45	30.91	29.49	34.31	30.62	32.57	31.27	32.95
31.52	34.13	30.96	27.79	27.6	33.15	33.25	31.02
27.37	25.96	30.31	29.2	28.42	25.95	27.87	29.33
30.14	23.32	30.63	31.07	33.03	26.22	30	31.62
30.45	34.04	32.35	29.54	34.22	32.13	33.81	31.74
36.21	30.99	30.33	32.88	30.75	44.97	32.43	40.42
30.91	31.35	27.65	29.61	28.3	32.82	26.15	23.14
21.64	27.5	25.7	27.48	27.9	27.42	26.37	22.78
26.68	25.63	29.42	28.37	25.32	30.48	24.92	25.74
31.39	37.98	34.49	39.73	31.49	35.09	34.66	29.14
28.4	32.72	30.91	29.76	30.4	26.87	34.76	32.28
25.78	21.71	22.6	23.92	24.57	21.22	24.67	25.37
39.91	29.64	25.87	29.61	33.78	38.18	27.9	37.15
37.3	37.05	32.65	27.09	32.18	28.32	37.35	35.83
23.19	30.45	26.27	23.94	28.71	27.02	27.32	26.92
22.64	30.43	27.07	25.6	28.05	24.89	30.89	24.71
25.63	28.68	30.75	30.07	22.5	24.53	27.59	27.27
32.93	29.03	36.36	32.59	32.42	28.66	33.71	37.68
35.57	36	32.7	30.44	34.15	36.73	41.92	35.87
23.74	30.93	26.11	26.21	26.27	26.91	25.31	25.85
40.97	34.62	37.44	34.55	32.2	37.44	36.7	34.64
44.08	36.74	40.58	33.25	30.35	37.56	35.77	31.35
25.99	33.13	31.71	29.34	31.44	33.24	31.16	30.43
22.55	32.53	26.18	28.8	26.93	27.1	35.15	27.26
27.57	32.63	39.32	26.4	36.27	39.77	34.55	26.42
24.62	31.98	32.51	34.62	28.47	34	35.26	25.25
28.42	27.57	29.09	25.65	27.71	30.4	32.75	31.76
30.17	29.23	29.02	28.81	24.35	27.63	33.64	28.57
32.39	36.23	27.32	33.52	33.11	33.62	33.97	30.96
22.07	25.03	25.73	30.62	31.03	27.99	30.45	31.28
34.61	26.26	30.41	30.15	32.33	29.39	32.98	31.13
25.46	36.37	34.02	28.85	27.03	29.68	32.29	27.78
37.47	38.7	30.14	34.98	37.88	36.67	35.44	34.95
30.05	34.7	32.16	28.31	35.72	32.96	32.96	32.62
30.12	27.93	25.9	27.31	27.88	26.51	28.46	20.5
29.25	27.65	25.92	30.72	25.17	26.51	28.73	25.28
28.23	26.07	27.36	27.33	24.12	24.86	27.82	25.69
30.84	28.42	31.35	28.62	36.05	34.56	28.02	38.08
27.84	23.57	30.85	28.4	29.28	26.5	26.01	27.47
28.38	32.04	27.4	26.95	25.44	29.62	26.79	28.51
22.1	24.12	24.59	18.95	24.3	20.96	23.53	21.47
30.56	29.34	30.31	37.52	30.58	33.68	31.11	33.96
22.86	30.1	27.17	27.43	24.23	33.04	25.68	22.15
32.2	32.37	28.98	36.34	37.1	30.04	36.13	33.83
25.19	23.49	25.77	28.2	24.81	26.12	27.03	25.57
26.16	26.96	31.03	33.44	32.07	29.34	28.59	32
19.93	26.27	22.13	26.38	30.54	23.06	19.24	24.12
28.09	26.43	28.07	30.07	38.75	33.46	36.51	29.54
21	22.76	21.15	22.62	20.55	18.08	23.85	24.59
24.97	24.61	25.09	26.96	27.89	21.76	29.94	24.78
26.06	31.83	26.04	27.95	23.33	27.18	29.13	28.68
33.72	27.71	31.28	30.89	36.55	33.78	33.62	35.25
35.1	29.62	28.82	38.93	32.59	28.79	28.99	29.87
26.25	22.1	26.6	26.41	26.59	24.46	31.93	22.44
33.14	30.89	38.14	40.71	32.11	37.9	33	32.86
32.18	28.6	28.07	29.16	28.46	27.91	24.63	30.36
31.81	29.98	31.32	35.75	31.76	28.19	29.88	30.52
28.85	33.52	28.24	26.17	30.74	34	26.59	32.26
25.5	25.28	21.95	28.64	27.54	26.36	27.48	30.72
27.25	25.65	26.98	26.98	23.89	27.03	27.18	26.61
32.6	37.27	34.69	35.69	35.19	30.62	29.64	36.63
35.9	26.86	27.15	34.99	30.08	28.79	26.86	26.54
32.85	32.32	27.98	29.93	33.49	35.97	37.55	24.68
31.24	31.35	28.41	27.23	35.17	30.7	34.37	26.67
30.34	28.95	25.31	25.42	30.25	25.71	29.52	31.12
30.87	24.99	23.51	28.99	26.4	28.14	34.49	29.13
26.16	29.61	28.26	27.87	25.83	28.29	28.05	27.4
35.24	31.43	26.08	27.35	32.58	33.57	24.34	28.06
34.21	26.31	35.95	32.14	33.7	34.04	35.55	26.45
28.45	28.35	24.9	24.08	30.32	32.45	30.76	26.34
32.81	37.39	36.38	31.73	37.88	29.49	28.92	35.39
29.93	27.88	29.89	33.41	30.9	27.98	28.05	28.8
32.46	30.26	31.4	32.16	30.06	29.49	30.26	39.05
28.95	30.99	32.41	30.21	28.34	32.09	31.15	29.09
31.01	30.13	29.97	28.51	29.09	28.56	30.26	36.08
43.46	34.21	36.35	30.2	34.27	39.5	34.29	32.13
30.84	30.88	28.82	23.6	29.88	25.32	23.72	25.15
22.4	28.89	22.6	28.4	24.59	29.54	26.33	26.91
33.59	28.31	28.98	31.62	28.26	33.52	31.34	29.82
27.33	27.41	35.6	37.61	26.73	31.19	35.43	28.13
26.02	31.23	25.22	28.84	29.67	35.29	30.38	33.73
32.78	37.06	33.15	36.67	26.73	26.73	28.49	36.66
30.72	33.72	31.82	30.63	37.91	32.26	30.34	36.47
31.19	23.88	28.71	27.65	26.09	29.73	30.71	32.57
32.87	36.64	29.86	31.01	30.17	23.14	26.94	24.27
29.14	32.3	28.66	31.19	30.44	30.74	26.22	24.59
31.79	40.56	31.45	34.75	26.69	37.72	36.4	29.85
28.89	28.85	33.65	32.15	35.42	25.13	28.75	29.54
31.75	33.26	29.37	42.07	25.85	31.35	34.49	38.06
24.34	32.47	21.2	30.42	29.32	28.25	37.3	27.79
30.01	32.69	27.25	31.14	33.89	33.84	34.83	32.49
30.15	27.06	29.5	27.56	30.05	27.93	27.37	29.89
39.69	34.07	30.87	35.89	37.25	32.82	38.7	34.68
32.76	30.1	34.3	27.61	26.89	30.95	30.76	26.63
33.28	28.26	32.45	23.29	32.05	25.34	27.69	28.17
29.69	28.04	31.03	34.53	33.01	32.4	29.58	29.45
27.76	34.23	28.32	31.83	33.68	32.11	28.24	33.17
35.38	33.19	30.17	36.21	29.5	34.53	33.93	32.4
25.14	24.01	21.36	25.56	28.58	23.47	25.43	24.45
29.3	30.71	28.66	29.36	30.72	27.3	26.87	22.54
29.64	27.81	27.71	27.28	29.94	28.46	29.56	29.75
31.34	30.85	32.53	30.52	28.49	31.07	29.98	30.15
26.2	24.86	24.49	24.71	21.31	22.6	24.97	22.4
27.11	32.69	27.71	27.9	25.67	30.52	23.85	26.79
33	24.25	28.75	31.79	26.58	27.35	28.66	32.6
24.13	25.86	26.81	24.96	25.72	25.59	21.74	28.81
32.39	34.21	33.68	28.24	33.61	31.64	35.82	32.51
34.34	34.33	31.05	30.44	31.07	28.98	33.55	32.41
29.68	32.99	31.52	40.29	33.78	34.76	28.2	25.96
24.99	31.57	27.79	35.14	27.36	31.48	28.74	29.02
24.5	27.66	26.24	25.88	24.16	21.83	27.93	30.7
26.45	29.06	31.97	25.78	27.65	30.78	30.49	21.13
30.91	26.67	26.48	25.6	28.63	28.68	26.04	28.19
28.51	37.85	34.48	32.52	31.32	30.15	32.09	37.67
30.41	23.97	31.56	25.36	26.69	25.73	24.33	25.99
35.26	36.72	40.8	34.07	37.7	34.78	38.27	35.93
26.49	27.25	27.43	30.25	21.98	20.33	25.13	31.38
31.97	32.84	31.86	27.49	30.51	35.55	31.66	30.26
27.15	28.18	35.25	31.31	32.46	28.18	27.08	31.11
29.74	28.47	35.3	28.15	29.17	24.01	24.59	24.96
