30.28	28.9	33.84	30	31.95	34.88	29.92	23.66
33.6	37.02	33.08	31.38	26.13	32.39	32.6	37.52
34.23	32.06	29.91	28.94	31.16	28.84	34.65	24.21
24.97	28.7	28.91	37.42	31.46	32.11	29.97	33.54
29.78	25.13	28.45	26.22	28	29.51	26.14	29.97
27.04	27.76	22.7	25.65	32.87	32.3	30.91	29.26
36.86	28.15	33.16	34.88	33.93	26.56	27.41	35.98
27.37	22.7	24.5	30.7	28.68	31.8	28.16	27.72
24.18	26.23	29.94	26.19	26.92	28.51	22.45	27.11
26.33	31.59	29.17	32.01	30.89	25.65	27.72	30.86
34.96	31.94	25.84	30.46	32.81	34.6	34.19	28.18
28.45	34.83	29.44	33.06	35.28	32.22	32.76	29.86
26.97	32.15	30.92	29.65	30.89	32.31	36.6	34.49
27.38	29.76	30.27	25.73	33.45	29.43	22.42	24.82
34.25	25.9	26.98	26.45	28.75	22.57	28.05	28.55
31.81	31.87	30.23	28.24	36.26	30	26.6	29.2
33.21	35.88	34.31	29.41	32.28	32.27	33.26	32.64
21.31	24.61	30.77	26.58	25.12	23.49	28.35	29.02
27.24	26.64	27.52	29.3	33.71	30	30.69	32.87
33.92	32.33	28.93	31.9	29.82	32.92	36.89	37.53
35.32	38.57	35.23	32.16	28.51	40.34	39.76	37.43
29.58	27.6	30.25	28.06	32.25	29.59	28.4	33.7
28.44	28.61	24.81	28.87	26.66	36.1	30.07	30.5
33.15	25.72	34.92	29.99	30.52	35.33	31.8	25.86
26.09	27.39	21.65	29.45	33.12	28.76	26.84	22.74
27.02	31.74	30	25.37	34.62	23.9	34.62	26.45
30.68	27.55	28.3	28.9	31.42	32.19	30.05	34.95
34.7	30.49	30.54	31.3	27.84	29.61	32.69	30.03
30.62	29.17	27.87	29.36	27.81	27.46	30.92	32.5
22.19	29.11	28.93	27.74	31.18	29.61	30.38	25.3
29.7	27.68	24.97	24.88	29.65	25.67	24.46	27.66
28.17	30.01	32.38	31.79	33.14	30.85	26.59	31.02
28.03	24.23	26.66	24.68	31.33	32.57	31.15	29.55
25.61	34.6	27.28	29.16	34.37	29.58	28.74	32.17
32.43	40.84	35.98	32.44	31.17	29.72	29.58	27.72
32.89	31.34	24.38	26.75	29.54	29.48	30.56	25.64
31.37	40.41	37.65	34.31	34.26	34.3	35.13	42.74
30.28	30.14	30.19	33.17	27.4	23.7	33.25	30.63
21.51	26.12	23.45	26.3	28.9	30.47	29.68	26.78
27.87	28.6	27.47	22.57	25.14	26.84	27.38	30.84
31.29	23.81	34.63	30.29	32.12	29.85	35.09	31.54
33.8	29.82	36.09	35.03	34.33	30.14	27.04	31.49
25.78	28.63	25.21	26.76	25.95	26.93	33.4	23.42
33.07	32.15	38.35	28.71	31.41	28.56	32.41	31.02
32.1	29.52	28.48	35.06	33.15	33.52	32.95	38.58
32.11	34.2	28.79	29.99	29.97	25.56	29.81	34.69
18.8	26.3	29.21	24.55	33.89	31.21	27.98	29.49
35.28	35.12	35.87	30.35	31.4	30.12	40.11	31.33
27.18	24.46	23.98	26.94	21.36	25.41	26.26	24.49
28.29	24.03	21.09	26.14	29.14	25.45	23.33	27.86
30.96	28.35	29.56	24.35	28.83	26.02	23.77	29.3
28.3	36.56	35.65	34.56	31.95	26.56	37.68	33.94
28.57	27.62	36.69	30.35	34.36	39.83	33.98	29.8
29.57	29.32	30.4	28.3	29.9	26.06	29.39	32.63
38.3	38.79	35.94	40.36	35.44	38.78	30.88	35.99
28.01	32.01	34.16	29.87	27.98	26.45	25.99	28.83
28.63	28.74	27.58	29.38	32.82	25.79	30.07	28.6
26.73	25.58	27.19	31.5	25.93	30.25	32.18	24.71
26.59	22.82	24.35	24.39	24.82	23.1	23.34	26.46
28.7	31.2	23.9	25.33	30.91	32.59	32.61	27.1
28.66	30.04	26.63	29.97	29	28.44	26	29.82
30.4	24.74	33.96	26.66	27.66	29.79	37.46	28.78
26.39	23.2	26.19	25.72	25.21	27.14	23.44	22.52
31.19	27.59	28.26	29.72	34	28.8	34.72	31.9
25.74	34.03	34.19	32.01	29.17	30.91	25.67	32.48
27.98	27.97	31.88	29.5	34.14	31.38	32.64	29.68
33.23	40.21	38.58	31.03	39.24	32.73	40.64	30.63
27.37	34.57	31.06	36	35.77	30.02	36.76	32.74
35.23	35.52	27.99	31.23	30.15	33.88	29.47	30.59
31.74	29.57	29.3	27.45	29.85	25.82	21.64	28.55
30.85	32.27	27.14	28.48	27.01	27.88	31.48	25.86
21.89	22.84	28.22	20.84	22.07	22.77	24.13	26.08
27.01	32.43	33.6	29.82	34.05	33.37	35.1	30.44
30.59	32.35	29.29	30.03	28.03	27.6	33.22	26.93
32.43	35.42	29.92	33.88	31.57	37.15	28.8	39.33
35.02	28.39	26.56	30.44	32.24	28.04	34.98	33.64
26.85	21.72	27.21	30.77	28.84	24.44	27.88	29.19
28.27	33.74	33.14	31.37	41.6	35.85	31.66	34.87
31.96	30.66	33.24	29.5	28.8	25.95	26.02	29.97
24.2	23.26	29.15	28.57	27.1	28.85	25.8	22.68
31.76	30.36	29.48	28.92	29.13	31.42	30.31	26.39
26.97	26.1	24.15	31.35	23.78	23.61	21.09	24.82
33.47	31.67	37.21	36.95	31.54	33.49	30.91	34.01
37.16	35.73	35.7	34.35	31.69	29.87	42.85	40.87
22.58	25.96	23.98	26.58	23.21	26.32	21.61	25.16
41.04	37.47	30.77	30.1	31.51	34.59	36.59	32.81
27.15	28.34	25.34	27.2	29.37	22.73	23.89	26.31
26.77	31.22	31.12	34.57	26.85	29.79	28.23	34.42
26.67	28.62	27.85	28.7	31.08	31.89	27.64	26.93
29.42	31.63	31.67	32.15	34.91	30.99	28.83	32.22
33	29.55	33.15	38.28	35.27	39.38	32.2	28.35
31.89	35.49	29.86	33.23	32.7	32.77	32.56	34.56
34.97	29.25	30.2	25.66	33.46	37.81	35.48	24.93
29.81	27.52	22.49	29.16	28.28	30.86	28.65	26.37
21.21	22.77	25.15	22.54	21.44	25.86	21.53	22.51
28.78	30.62	27.25	29.49	35.01	26.03	28.07	33.36
25.25	30.03	29.58	32.9	28.11	31.34	26.78	24.8
27.63	32.22	27.78	33.78	38.17	32.7	27.46	34.18
32.98	35.81	33.13	33.42	33.1	24.08	33.1	24.78
23.06	33.92	29.93	30.32	26.24	29.43	29.11	27.89
31.14	26.8	31.6	29.96	30.36	31.47	25.63	26.67
32.65	30.57	24.37	38.4	29.7	31.27	35.07	29.52
30.6	25.81	20.94	34.9	27.69	26.93	31.74	29.06
40.25	31.18	39.03	35.37	31.91	39.61	32.92	35.72
24.96	22.65	27.04	24.29	25.32	27.55	22.53	23.7
28.73	29.58	26.74	28.9	28.9	30	28.25	34.28
30.75	31.01	35.69	33.23	30.93	33.21	34.99	30.8
30.51	36.19	32.46	35.39	37	31.4	37.97	31.88
29.09	29.13	27.28	28.33	28.03	25.43	27.03	26.22
24.09	23.67	23.16	25.44	25.9	25.19	30.94	26.46
24.67	28.77	26.82	30.36	23.5	27.21	29.09	24.4
25.21	31.09	29.52	26.24	28.25	26.13	29.08	27.89
28.73	32.93	32.1	32.47	30.49	30.92	35.54	30.91
32.18	28.77	29.08	30.49	28.42	26.7	25.25	30.04
36.43	34.85	35.85	27.09	29.04	32.07	33.19	34.89
35.76	34.98	32.36	33.76	36.29	41.01	31.63	32.98
25.14	22.79	25.63	33.12	32.32	31.07	25.07	24.32
28.83	30	29.61	33.37	30.06	35.68	27.74	33.63
29.85	30.1	30.35	31.15	31.3	33.11	25.85	31.77
30.88	30.97	27.34	25.67	28.31	32.3	25.87	24.99
26.84	29.8	30.63	30.87	25.25	30.82	29.27	31.59
25.15	20.55	25.74	25.45	31.55	24.54	26.45	26.8
21.55	25.55	25.87	28.61	24.58	31.53	32.75	25.81
31.26	31.98	32.86	35.16	35.53	33.51	35.89	35.43
40.69	35.49	35.56	39.43	36.77	30.15	41.42	40.35
32.14	32.2	29.92	34.79	29.77	31.83	27.04	27.43
33.93	33.05	39.81	42.1	30.9	38.01	39.64	35.69
30.05	31.43	32.52	28.83	27.35	26.36	35.03	32.58
33.2	30.33	34.22	38.1	28.25	35.28	32.85	34.15
27.25	25.07	21.81	21.84	24.64	32.86	25.37	27.33
29.94	33.78	32.27	35.16	37.4	34.55	30.02	40.3
27.84	33.44	34.28	34.22	29.42	35.26	30.3	35.35
30.39	32.42	41.53	25.08	29.23	33	32.35	36.43
40.12	37.99	41.06	41.13	37.1	32.8	34.21	37.89
23.75	23.98	25.86	26.48	26.74	25.28	27.81	33.16
25.9	24.59	26.58	24.61	28.87	25.86	26.39	27.25
25.57	25.17	23.75	26.15	27.7	25.86	25.24	28.54
30.13	28.92	40.31	35.6	32.63	29.87	32.96	27.15
32.8	34.18	26.64	27.93	24.99	26.57	24.74	31.24
33.96	33.5	29.8	29.45	24.72	34.55	30.55	31.97
37.57	29.74	37.66	37.97	39.46	30.68	29.51	38.43
34.17	32.09	28.18	38.08	29.27	30.68	35.57	35.78
27.33	25.12	30.37	25.91	28.01	24.7	29.9	25.04
29.32	33.89	29.61	24.33	25.6	28.57	31.19	30.95
34.16	33.59	30.57	28.21	34.71	29.65	37.37	31.51
26.35	28.89	28.84	29.07	35.64	30.97	28.79	29.36
35.68	27.2	34.74	32.55	33.77	32.38	37.45	31.28
34.03	33.79	31.05	28.17	29.32	31.19	35.46	27.72
26.11	24.72	27.6	26.95	27.2	30.12	29.28	23.3
34.99	29.7	31.59	35.54	40.24	39.63	32.38	34.39
28.96	26.63	23.83	24.64	23.68	25.97	28.6	27.92
27.23	34.83	28.73	32.41	31.38	31.66	32.43	28.9
20.83	27.34	27.27	28.98	30.88	28.68	28.58	26.39
28.92	29.15	31.13	34.34	32.81	25.04	32.03	26.32
31.12	42.8	40.93	33.55	35.61	35.05	35.03	41.92
32.7	26.68	30.58	26.88	27.55	27.92	24.66	32.82
25.52	25.82	21.63	26.08	33.83	28.96	27.25	30.48
38.68	34.31	37.25	33.99	30.96	34.98	33.24	33.35
28.53	32.97	29.13	25.92	25.65	27.55	30.59	29.23
36.26	35.13	34.51	33.83	37.18	36.48	32.29	31.7
23.72	29.89	34.21	25.89	22.9	30.7	26.94	31.26
33.43	28.11	26.76	31.13	38.92	27.37	30.96	33.77
25.57	26.08	23.89	22.4	20.23	24.1	26.35	24.27
27.6	33.4	30.69	31.05	27.47	25.19	32.25	35.62
28.54	27.53	30.07	27.83	23.7	29.35	24.94	26.71
26.5	25.06	33.15	29.39	26.86	28.29	28.07	34.27
32.86	25.76	26.96	27.9	29.32	29.75	31.41	26.6
31.05	28.47	30.5	33.81	34.26	30.33	25.39	31.9
24.6	27.4	27.99	30.89	27.45	28.23	31.17	28.88
28.12	22.52	24.91	28.83	28.33	23.85	27.58	25.7
27.91	24.58	24.63	29.03	26.62	22.07	22.09	24.16
32.3	33.19	37.77	34.5	30.65	35.51	37.06	33.86
32.82	28.13	27.89	32.01	33.36	30.11	31.71	30
29.54	26.45	34.55	32.21	27.28	30.21	28.03	36.02
27.42	29.27	26.94	28.96	26.19	27.84	26.88	25.23
36.55	37.72	28.34	37.69	31.47	32.59	28.96	26.51
30.3	32.75	30.89	34.89	39.23	31.43	30.16	33.48
43.45	33.05	38.14	35.01	36.64	43.07	40.5	39.31
32.25	30.65	29.36	28.62	27.29	33.6	29.81	33.58
27.33	27.92	27.1	26.52	33.51	32.03	32.64	28.54
25.5	34.55	33.76	27.11	29.98	34.46	36.79	32.27
34.38	30.57	28.62	27.33	28.51	27.92	27.73	28.66
23.23	28.73	29.96	28.86	23.43	23.5	29.72	29.24
34.94	28.94	32.38	29.3	26.32	29.77	29.87	26.86
23.67	23.23	28.31	25.09	26.64	23.58	29.26	24.97
31.6	28.68	30.03	29.58	27.93	32.78	27.78	32.41
27.82	26.98	31.84	29.24	27.51	33.19	35.06	28.51
25.96	25.79	28.3	29.42	31.45	33.54	33.76	29.06
36.8	37.71	32.55	34.36	30.73	33.88	34.42	29.03
32.03	33.76	33.87	35.06	30.33	33.21	37.63	33.6
26.23	27.67	34.17	30.57	29.81	26.92	30.6	31.82
27.25	25.41	25.23	31.58	25.13	27.76	32.01	30.5
31.75	26.63	27.24	26.68	21.9	24.43	26.66	39.01
30.21	27.3	30.92	29.46	29.97	35.44	32.6	32.67
25.13	22.64	22.23	27.28	24.9	21.2	23.03	24.76
29.2	31.16	30.19	35.1	28.96	29.76	31.51	32.48
39.8	36.78	32.01	32.48	36.66	39.63	40.76	33.29
35.72	31.7	32.35	28.29	35.99	34.83	38.13	32.1
24.93	23.99	23.62	22.49	28.05	25.47	29.4	27.47
21.07	22.57	23.35	27.58	26.05	29.52	23.13	25.77
31.63	25.55	25	30.8	28.02	24.68	33.26	31.2
24.06	27.91	24.55	33.22	27.84	25.25	25.61	25.72
33.47	28.53	29.29	26.7	22.96	25.65	31.2	29.77
29.78	31.46	28.81	27.6	23.97	33.16	29.06	28.95
24.69	29.44	31.53	38.69	26.73	29.37	30.41	24.73
34.49	31.9	31.2	30.28	31.58	29.61	30.8	34.5
27.78	30.49	27.94	27.41	24.34	31.71	27.63	26.55
39.91	32.04	26.08	28.05	32.94	33.53	29.1	28.14
29.84	29.28	21.2	30.08	30.74	31.27	26.25	23.72
29.41	25	29.34	30.11	29.9	24.42	30.46	38.75
30.47	27.47	25.47	28.01	30.32	31.69	31.21	31.5
37.76	34.26	34.11	38.42	35.72	43.7	39.26	35.74
37.63	34.79	34.09	32.79	43.21	30.3	29.39	32.8
32.77	33.22	33.63	39.38	32.41	31.09	29.72	32.81
35.14	41.06	36.76	38.1	30.48	41.1	43.03	31.12
26.36	36.71	28.52	38.1	33.36	31.33	32.15	30.71
25.96	25.16	27.02	26.81	28.82	24.66	28.65	29.14
31.5	28.72	28.41	30.18	32.49	28.76	28.37	28.43
24.59	22.79	25.04	26.72	26.39	22.38	21.8	24.63
26.41	28.73	34.6	25.29	33.51	29.89	31.69	33.9
30.61	32.3	26.95	31.78	25.55	30.58	33.83	28.98
25.18	26.76	25.14	26.43	27.27	23.29	24.06	27.07
39.3	36.25	35.05	41.72	35.94	35.69	38.96	43
38.31	35.96	38.06	34.08	34.47	33	29.67	33.67
31.33	34	28.03	31.39	28.78	28.47	26.55	30.67
25.09	30.53	25.75	29.1	25.59	32.4	27.33	29.93
29.59	33.77	21.8	22.95	27.29	26.76	27.23	29.01
30.19	30.49	29.98	31.87	33.67	31.97	29.88	33.57
37.2	28.92	34.65	30.87	33.1	34.72	35.29	36.02
34.5	29.42	39.19	33.86	30.89	37.04	38.13	29.66
37.94	35.07	28.79	30.76	30.56	38.15	39.12	30.91
34.25	29.29	34.27	27.17	29.57	30.77	31.13	28.55
31.06	25.64	25.2	27	29.25	27.54	33.67	28.68
19.64	32.46	23.58	28.15	25.93	25.82	27.53	24.79
28.6	24.47	18.57	24.61	29.2	24.72	20.97	20.41
25.13	29.01	26.91	26.73	25.56	26.5	29.32	30.82
29.21	32.63	34.14	31.7	29.86	30.76	33.1	28.83
32.17	34.07	29.58	33.05	33.28	31.59	27.33	32.86
26.62	30.27	27.93	26.89	30.58	26.79	32.42	30.15
19.64	24.33	26.9	21.38	23.83	26.15	25.33	25.77
29.6	33.86	30.58	35.04	33.12	28.96	32.39	30.26
23.91	29.66	30.3	31.81	30.73	30.15	34.82	29.61
24.72	26.98	25.86	26.93	25.53	34.71	29.62	29.65
27.12	30.1	37.95	28.05	31.8	32.81	28.52	35.27
29.75	25.98	26.32	26.54	25.92	24.53	28.53	28.64
31.86	41.2	34.71	33.45	35.58	35.41	32.67	32.02
34.44	34.9	39.29	37.67	41.85	33.68	35.36	38.75
34.08	28.53	32.02	30.98	30.97	33.51	32.36	31.53
22.57	28.66	29.56	27.61	23.74	26.81	25.92	27.18
24.56	27.86	24.96	23.07	26.93	26.29	23.26	24.17
30.77	27.34	26.32	27.2	25.4	29.09	28.06	26.68
24.43	21.32	24.15	28.56	28.03	23.51	25.71	25.32
34.97	29.18	31.92	29.87	27.98	31.53	32.68	30.53
39.46	42.58	49.3	43.32	41.47	42.14	46.8	40.09
35.61	29.26	31.94	26.71	26.26	27.14	25.61	27.26
29.29	25.55	30.86	27.42	34.33	25.95	24.63	22.24
31.01	31.16	28.26	25.15	32.93	33.76	30.46	28.19
26.05	34.35	32.21	31.38	31.1	29.95	32.74	29.33
33.77	32.63	34.01	28.36	26.21	26.9	41.13	33.76
23.57	23.46	27.61	25.07	33.39	28.45	30.39	29.3
30.56	31.98	27.37	29.24	27.34	26.48	27.43	35.11
26.12	31.64	29.99	30.75	29.86	29.43	30.33	27.45
32.33	34.95	27.94	29.99	31.15	29.62	30.2	34.35
28.69	32.09	28.69	28.17	32.96	28.35	29.16	28.18
25.5	28.97	33.98	25.6	32.44	34.79	30.36	31.31
30.1	32.88	33.68	29.15	26.09	25.2	34.9	34.42
31.94	27.38	30.22	35.94	32.52	28.04	28.29	24.6
37.14	23.53	31.12	35.91	34.64	35.06	28.92	30.17
31.89	33.62	31.69	35.34	29.72	31.95	37.65	28.88
34.28	30.63	28.06	28.27	26.4	32.77	36.5	35.76
27.05	34.78	31.76	32.2	26.83	28.35	28.94	31.66
29.46	29.54	28.39	28.16	29.89	29.14	34.71	32.33
29.93	27.17	27.24	22.25	26.33	26.95	32.65	27.85
28.06	26.69	25.79	28.17	28.31	26.48	32.34	36.87
24.49	22.59	30.89	32.04	21.94	25.09	28.16	26
34.78	33.84	39.76	39.63	34.62	32.96	41.5	32.2
27.68	30.59	21.9	29.52	30.82	26.9	34.69	32.5
31.38	27.21	29.51	29.87	29.56	31.05	27.17	27.41
24.92	30.5	25.75	23.37	32.02	26.54	31.81	24.73
27.78	27.32	26.87	29.62	28.59	27.46	27.96	30.07
30.48	30.45	31.55	30.17	32.19	28.24	30.48	34.36
32.53	29.79	34.95	31.62	36.51	34.41	31.33	32.68
35.14	32.82	34.55	38.08	37.24	35.29	33.77	32.27
31.74	35.74	35.69	26.78	33.85	31.57	31.94	34.47
28.14	30.26	35.74	34.32	32.05	36.88	26.44	34.07
34.69	30.79	27.75	29.04	32.32	28.37	25.18	30.25
23.68	27.23	27.41	23.58	32.68	28.05	26.47	24.37
30.85	27.07	27.54	27.78	29.19	26.62	29.98	28.16
24.63	29.75	29.12	25.41	28.98	28.98	35.05	28.86
35.99	33.51	32.42	33.22	35.56	33.71	35.09	34.53
29.94	26.98	28.56	30.38	27.99	26.97	28.45	30.88
24.56	25.82	22.45	25.4	24.9	21.8	22.38	21.63
29.66	28.37	33.5	34.26	33.21	33.44	35.66	30.99
30.15	28.48	24.28	32.74	36.45	29.29	35.41	26.45
25.12	28.06	25.92	18.85	29.14	25.2	28.19	27.21
24.56	27.24	24.09	27	24.46	23.62	21.96	23.87
32.53	34.67	29.34	29.25	28.02	33.85	33.72	30.06
24.02	22.89	23.93	26.14	18.82	19.82	21.55	22.68
28.01	30.43	32.67	35.67	29.47	31.3	31.97	28.41
33.19	33.05	32.95	29.59	30.98	33.2	30.16	34.22
22.67	27.88	27.6	28.79	27.47	24.18	26.69	28.93
26.62	23.72	22.99	23.81	23.01	24.17	21.6	25.09
32.33	36.72	34.42	27.98	30.92	38.92	34.77	30.08
27.57	35.32	33.93	31.39	35.46	33.01	30.7	32.64
50.08	38.71	39.17	34.65	33.12	42.34	33.5	37.6
28.75	27.71	27.76	29.25	28.14	30.86	30.38	33.94
38.09	32.71	38.95	33.64	32.92	29.09	32.68	30.71
36.28	33.12	34.51	38.93	33.51	32.46	32.2	33.78
38.76	28.9	32.05	32.68	30.03	28.75	34.18	32.44
33.96	39.14	38.12	33.31	30.15	32.24	36.91	31.92
28.91	20.08	25.36	25.05	22.38	26.65	26.51	26.91
37.48	30.15	34.12	34.88	29.78	33.75	28.98	34.08
43.54	41.08	32.79	39.3	28.4	39.45	42.02	29.74
26.98	20.77	22.66	26.52	25.87	27.51	29.82	26.92
43.94	34.43	42.77	34.18	30.77	28.86	39.11	33.74
34.5	31.8	29.32	37.45	31.35	30.25	32.91	32.04
24.26	24.9	25.95	28.4	27.64	30.56	27.57	27.89
32.03	31.93	34.64	26.87	31.48	31.04	27.78	27.33
33.05	24.3	30.14	27.16	33.79	33.85	31.23	28.81
24.13	25.92	25.48	21.7	20.67	26.31	22.12	24.39
37.34	38.88	36.16	33.3	36.91	38.17	33.05	36.68
32.73	33.62	31.62	36.23	38.08	36.17	33.22	34.02
28.8	29.17	32.11	28.66	26.21	32.02	27.27	27.52
32.03	32.82	38.54	29.94	34.11	33.21	30.09	30.32
28.75	35.79	26.36	27.78	27.94	30.92	27.26	24.96
29.34	34.67	35.82	37.17	32.38	37.12	31.78	28.42
24.57	21.41	23.63	22.51	25.57	23.71	22.17	25.37
27.39	27.99	33.4	37	29.79	35.3	29.91	24.16
33.71	31.61	36.63	34.3	29.95	28.64	28.48	29.98
28.42	24.03	29.15	25.95	30.64	36.86	30.75	31.69
38.1	35.17	31.97	33.55	36.94	32.34	31.89	33.64
38.08	33.34	34.94	35.34	36.51	31.18	32.57	34.18
24.76	23.86	22.43	27.79	24.38	24.98	26.12	28.75
34.34	35.94	42.08	41.67	36.97	35.28	32.4	36.49
23.98	31.93	25.07	28.31	31.72	29.48	28.58	29.07
36.41	36.16	39.12	38.79	37.48	46.24	42.95	34.69
29.74	24.19	27.01	31.5	26.77	28.18	25.89	28.41
30.76	31.97	32.42	27.47	32.34	30.28	31.44	29.87
23.3	26.42	26.18	32.13	27.87	24.32	26.49	27.23
37.67	33.58	37.06	33.62	31.34	37.79	29.79	31.94
44.9	34.5	32.71	34.81	38.89	36.77	37.64	37.76
25.82	32.37	27.36	27.92	31.93	28.92	27.98	33.09
30.57	34.32	25.02	29.27	27.04	29.1	32.32	29.25
37.68	39.18	38.93	31.89	39.3	33.33	34.6	32.2
30.42	28.63	21.57	28.96	28.64	27.78	26.68	32.58
29.13	28.4	28.28	31.67	28.44	30.39	24.83	28.27
33.61	31.76	34.18	32.88	32.77	31.3	28.22	34.26
37.05	33.38	30.94	30.16	30.34	40.86	33.88	35.92
26.65	22.41	26.95	23.85	22.85	24.54	25.68	28.06
26.99	27.53	27.15	25.27	30.54	31.27	30.55	27.95
32.19	32.08	29.79	29.33	34.24	28.04	34.83	28.77
33.73	31.21	37.92	34.2	32.42	31.02	32.98	31.63
26.02	17.7	23.93	23.64	31.74	24.9	29.09	25.25
28.97	26.09	22.52	30.5	31.57	28.59	28.63	29.49
24.33	28.3	23.95	27.99	27.01	25.72	27.05	27.75
28.03	24.57	28.74	31.65	23.75	24.08	26.5	29.6
24.48	20.26	25.61	21.23	23.28	25.06	23.02	25.09
35.53	33.77	33.4	40.74	33.5	38.36	31.09	34.31
44.92	40.12	42.96	40.63	33.87	42.92	39.04	37.88
36.41	37.2	32.09	29.14	29.97	30.63	27.83	28.39
29.56	32.95	33.11	30.57	30.06	28.74	32.59	26.81
23.11	22.84	25.78	27.09	31.95	30.95	29.35	31.5
26.52	21.01	20.26	21.24	23.11	24.26	20.55	27.11
25.38	32.93	30.83	25.94	28.26	30.92	28.48	31.27
32.7	33.92	34.13	32.76	38.15	35.56	32.88	35.54
30.32	38.22	34.6	34.04	37.46	27.52	33.51	26.77
30.44	25.1	28.43	27.34	29.68	35.15	24.46	31.07
22.62	27.08	24.34	30.18	26.71	24.41	24.42	26
26.57	30.1	24.95	25.63	28.57	23.79	35.76	25.6
25.98	26.44	27.15	23.53	21.65	19.97	22.39	25.37
30.61	30.03	28.87	23.48	27.86	30.29	28.95	34.88
27.53	23.51	24.62	29.8	27.64	25.29	24.2	28.83
39.31	35.23	30.36	39.07	36.49	32.61	32.23	37.98
30.39	32.7	35.61	31.15	26.32	28.88	32.08	35.86
27.76	31.33	24.2	27.85	27.39	28.91	27.48	27.18
29.78	24.74	32.19	32.3	26.21	22.87	26.36	26.48
33.86	31.65	35.22	33.3	31.91	30.71	34.15	29.28
26.57	25.41	31.68	30.71	33.67	31.23	30.41	26.4
24.77	30.59	30.88	29.79	32.86	33.51	26.47	29.9
25.67	25.62	27.67	28.33	26.78	25.91	21.11	23.86
25.74	21.08	20.85	22.85	23.26	25.43	23.73	24.74
29.76	27.19	28.09	27.1	22.76	28.83	25.04	28.26
30.6	30.55	28.32	30.19	34.53	28.99	30.59	29.06
35.24	28.15	27.21	31.03	27.68	29.58	22.82	30.47
28.09	33.68	27.28	31.44	33.93	29.84	36.18	28.53
28.5	35.54	33.94	24.09	26.85	27.1	27	30.89
33.02	27	26.12	32.26	29.7	29.3	27.43	31.99
31.18	35.44	37.5	30.32	34.66	32.72	30.91	33.8
38.27	34.6	32.57	31.93	34.34	32.14	30	31.69
30.89	28.67	29.22	27.78	27.26	29.84	25.99	34.23
32.15	36.78	34.87	34.72	37.11	29.34	32.69	25.16
28.73	43.46	37.9	37.94	34.82	31.18	36.17	32.65
31.73	27.25	27.06	33.77	30.75	30.4	32.61	27.3
35.55	34.71	33.54	35.38	31.55	31.98	25.42	30.94
30.97	32.86	30.91	33.39	29.05	36.03	29.58	32.55
29.53	28.21	26.98	27.78	30.99	31.76	27.04	26.3
28.33	22.21	22.38	26.04	23.59	22.16	24.62	24.57
30.88	30.36	23.56	23.54	31.77	30.33	29.85	30.21
28.69	24.2	23.81	24.28	28.27	26.94	24.47	22.78
31.22	32.5	28.63	26.16	25.69	33.2	28.57	28.89
27.43	28.42	27.59	26.18	24.37	27.74	28.13	28.73
30.61	31.29	25.74	35.64	32	27.7	28.33	30.36
27.58	23.63	29.42	32.23	32.36	30.82	35.46	28.89
39.41	42.67	38.67	35.51	34.74	32.75	35.4	32.77
38.88	34.15	39.57	36.44	40.23	40.96	37.68	29.73
38.19	33.43	28.52	31.73	35.91	26.88	35.98	29.31
30.78	32.37	32.93	29.37	28.22	34.62	33.85	34.25
30.16	32.78	28.79	37.35	30.21	30.55	32.72	39.63
23.48	23.12	29.26	25.53	26.06	26.39	24.65	29.32
27.3	29.65	28.68	33.14	29.11	28.01	27.46	27.69
27.55	28.89	29.28	31.34	23.22	26.54	26.13	25.42
25.97	28.51	32.86	29.17	26.92	26.21	33.14	30.79
28.42	28.93	27.48	28.87	25.47	25.57	28.5	27.64
25.6	30.01	32.46	24.2	20.44	34.87	27.15	30.13
32.38	32.33	33.74	36.77	29.91	30.87	40.91	32.71
32.82	27.73	35.27	29.92	30.9	31.15	24.44	35.25
23.86	28.82	26.3	26.05	28.69	25.81	28.01	31.1
32.28	28.73	32.08	29.58	32.31	24.74	28.05	28.6
28.49	32.02	28.9	28.86	30.94	35.54	30.32	31.74
26.31	35.82	32.27	30.62	27.7	33.24	28.39	32.03
23.95	33.08	32.66	36.76	31.33	26.46	37.96	30.52
29.35	28.69	27.98	28.89	30.07	20.51	30.42	24.84
29.01	29.89	26.16	31.77	27.63	26.78	27.35	32.53
33.63	28.52	31.43	28.55	33.12	24.73	36.04	30.67
35.41	25.35	27.14	28.21	31.83	33.79	34.07	29.75
23.59	33.79	26.13	30.5	27.65	24.93	29.96	31.63
26.88	31.19	29.16	25.52	24.46	32.75	29.69	26.1
30.28	26.58	29.3	28.53	31.95	29.12	30.44	28.1
26.79	24.11	27.58	26.93	25.79	24.2	24.73	29.52
32.76	24.85	34.01	32.94	27.31	26.87	26.22	27.94
36.3	26.6	33.52	33.39	29.75	31.8	28.05	34
22.56	33.84	32.65	22.5	28.21	26.78	26.82	31.2
27.84	26.31	24.24	28.85	26.3	25.96	24.91	25.96
30.29	25.74	32.19	31.6	25.31	34.4	28.23	22.18
26.58	23.59	24.62	25.56	20.19	27.37	26.09	26.61
29.53	34.44	30.7	34.37	34.06	31.49	35.71	34.07
28.11	31.52	30.32	29.68	27.37	31.13	34.59	30.16
26.47	30.49	32.27	30.52	31.86	33.16	26.64	30.26
27.65	27.3	30.21	27.41	32.38	26.15	28.61	26.68
28	32.45	29.4	29.92	35.51	31.13	25.37	31.54
25.77	27.59	32.88	29.18	30.64	30.98	29.87	29.06
23.88	26.54	24.99	32.26	28.81	23.57	28.84	26.96
29.39	32.37	29.6	31.06	27.32	28.15	31.93	27.46
32.16	36.22	34.57	33.83	33.63	34.57	36.46	37.96
27.64	26.45	29.82	32.5	29.76	29.52	30.96	25.12
35.13	34.27	29.03	26.01	30.56	25.72	24.88	24.33
33.58	29.2	33.17	30.73	32.65	27.5	33.67	32.76
35.97	37.74	35.52	29.72	39.25	30.57	42.66	27.91
35.02	30.2	31.59	32.51	31.32	35.28	30.57	31.02
29.61	24.58	28.03	23.73	27.12	25.61	27.37	31.55
28.95	32.2	34.68	28.78	25.63	30.73	31.9	25.57
28.94	29.81	26.87	24.22	27.94	30.47	23.38	28.17
30.2	27.38	30.46	25.59	25.41	30.33	31.85	26.01
27.76	33.6	28.52	32.37	27.38	29.38	29.72	31.15
31.13	31.17	37.75	32.21	33.86	33.87	29.63	29.22
26.62	25.83	24.52	35.22	30.99	34.48	41.19	34.34
27.61	36.5	34.82	30.97	32.4	31.04	35.5	41.34
28.28	33.3	30.7	28.28	32.93	35.84	30.5	32.57
27.6	36.92	27.09	29.35	30.73	28.62	26.87	36.25
32.16	33.51	30.74	33.49	30.12	29.3	26.29	32.56
29.22	29.61	28.62	24.91	25.46	28.85	31.35	25.74
28.47	32.38	30.58	29.52	31.26	29.1	29.66	30.95
32.13	23.8	29.16	28.87	28.3	28.25	31.17	30.01
34.86	27.3	30.74	30.71	28.65	31.26	37.06	31.61
34.47	30.79	32.56	32.94	34.4	30.11	38.2	36.63
31.43	27.73	30.45	34.33	26.96	29.7	27.2	27.63
34.89	26.65	30.57	28.97	34.15	31.66	28.06	29.42
28.09	25.11	24.63	22.34	28.47	28.41	24.26	24.51
24.49	27.46	26.21	29.75	23.52	29.26	22.22	28.57
22.33	26.04	29.84	30.53	22.59	29.71	32.32	26.69
25.53	25.84	30.5	28.32	25.94	28.53	26.68	25.54
26.2	25.05	24.55	26.68	27.19	24.56	25.18	20.15
32.55	27.07	24.79	25.82	26.97	22.92	25.21	24.58
28.16	27.83	25.57	28.77	35.52	29.98	27.73	32.01
32.72	28.35	30.56	31.33	33.63	33.52	33.36	36.06
27.52	27.36	27.74	26.72	26.3	28.43	25.25	27.97
25.83	21.87	26.2	26.94	25.35	26.19	25.93	21.78
28	33.03	27.36	27.48	30.22	28.01	25.12	33.78
28.46	27.7	26.82	22.35	26.64	28.35	30.01	24.91
30.68	32.04	29.93	41.22	32.57	34.17	28.96	32.74
29.21	23.75	23.3	30.88	32.01	30.96	24.21	27.18
27.48	24.68	22.91	25.78	28.97	24.21	26.27	25.15
27.68	29.65	29.75	31.54	31.74	30.45	21.47	30.55
29	33.1	30.52	30	27.65	28.93	28.81	31.27
34.25	30.61	31.22	30.47	36.72	33.74	39.77	31.69
29.77	25.77	28.3	26.08	34.1	27.65	32.08	33.53
30.06	29.25	32.93	30.04	28.04	28.46	31.97	23.32
26.18	31.96	34	30.51	37.58	31.43	31.39	36.43
28.27	24.01	32.42	28.29	32.38	27.71	34.77	28.49
27.77	28.56	30.7	30.74	23.74	34	31.65	25.14
38.31	38.43	38.62	38.26	38.36	31.65	37.39	31.18
36.39	35.08	38.64	31.36	30.74	37.08	31.24	35.04
27.26	30.15	31.73	29.18	30.94	30.94	33.2	30.27
28.32	30.96	35.36	29.77	33.91	29.31	27.19	34.5
34.46	29.91	33.01	28.39	28.99	29.85	30.8	30.45
29.38	23.24	33.05	30.1	25.78	25.07	28.37	29.21
28.84	25.48	27.37	33.02	25.96	25.24	29.6	23.63
27.3	26.84	37.51	27.13	32.58	34.69	43.07	33.26
33.9	39.21	40.17	37.07	35.96	31.1	34.94	36.12
34.73	36.31	39.02	37.32	38.08	34.88	33.65	32.06
29.05	31.48	28.79	35.22	37.16	36.99	32.72	31.99
32.64	30.31	28.84	23.31	27.87	31.24	26.77	25.13
40.85	36.49	38.5	29.42	49.12	35.74	38.51	35.85
24.37	26.66	26.58	20.69	25.99	24.9	21.93	26.06
28.6	37.48	34.52	33.88	31.01	29.28	34.44	34.2
26.26	26.92	26.67	19.33	27.97	25.33	24.65	24.53
31.22	27.13	26.91	26.82	26.79	28.4	30.65	33.06
37.22	36.22	31.14	34.82	31.65	32.53	32.26	32.93
25.77	26.73	29.37	29.61	25.03	34.35	26.07	27.74
27.32	30.58	27.84	33.92	28.57	26.4	26.57	28.99
31.79	31.8	32.79	29.67	38.16	38.42	36.37	34.33
19.27	32.53	27.47	28.67	31.92	25.88	27.95	28.35
29.9	26.23	28.12	23.64	26.97	23.18	27.42	27.68
27.96	30.36	29.94	31.09	22.84	25.95	25.48	25.35
32.75	27.83	23.7	30.21	32.46	27.7	30.83	30.64
33.65	36.41	31.7	31.71	37.84	29.8	30.31	34.23
30.93	27.24	29.64	30.37	30.07	33.17	30.38	23.26
32.06	22.33	29.05	27.9	28.01	27.01	28.76	30.04
25.03	31.38	29.2	32.98	28.59	36.4	33.58	29.6
25.57	26.68	26.5	28.76	30.74	29.36	25.4	33.18
26.64	24.88	25.06	30.12	25.02	34.65	31.18	33.84
41.29	35.47	32.17	36.01	33.5	31.29	34.4	41.89
37.54	35.03	28.57	28.15	33.48	38.88	33.69	29.53
32.38	30.66	31.75	28.36	30.59	36.28	29.51	29.92
29.43	31.66	28.7	31.18	25.23	24.99	25.37	26.59
27.37	25.05	25.69	25.24	26.35	25.62	27.91	27.87
35.47	34.7	25.63	34.74	29.7	32.11	35.57	28.45
30.93	29.27	24.9	33.19	32.96	33.99	27.18	33.77
33.15	36.03	37.92	27.86	39.64	35.64	29.76	39.95
31.99	34.16	26.33	34.7	38.57	27.98	28.53	26.37
26.65	24.69	29.58	27.77	25.68	23.84	23.08	24.28
24.06	19.94	25.2	29.88	24.66	25.07	25.12	24.68
32.12	32.73	33.41	35.97	35.18	33.54	35.44	31.91
29.6	30.44	27.08	31.84	28.69	25.43	28.59	30.64
39.47	36.8	34.45	32.94	33.5	38.24	35.77	31.25
29.36	37.08	36.1	31.91	31.42	37.72	35.98	35.53
35.09	32.28	32.81	28.65	39.92	28.7	43.62	41.69
21.77	28.12	23.14	28.96	25.05	25.48	24.35	26.84
27.36	35.02	33.17	32.21	28.58	30.32	28.69	37.98
20.32	24.64	21.87	20.4	21.73	23.73	23.23	20.63
27.13	26	25.09	28.52	25.69	21.37	28.01	26.78
32.1	31.94	34.07	35.83	34.08	42.74	33.23	39.59
34.98	31.91	33.33	25.26	28.19	28.7	24.27	27.57
22.95	23.15	22.01	31.62	31.67	25.08	23.34	27.99
27.31	25.85	23.01	26.27	28.8	30.54	25.75	28.05
31.49	33.36	33.45	34.04	33.43	43.68	35.42	34.7
31.82	31.03	31.12	27.27	33.76	33.14	34.76	32.5
32.17	25.57	30.91	29.47	32.88	31.19	27.43	22.5
25.44	27.95	30.7	28.05	30.03	29.61	29.26	32.55
29.21	27.87	33.8	34.72	35.13	32.04	37.85	38.12
31.08	30.63	30.28	31.63	28.91	36.47	37.39	26.86
26.88	35.92	27.24	32.37	38.78	35.38	29.79	27.29
32.52	30.9	32.83	34.43	32.01	32.99	33.04	37.34
23.69	28.77	35.21	28.9	29.07	28.32	27.96	32.19
34.38	31.44	27.49	28.55	32.63	26.82	32.35	29.73
28.29	32.26	26.65	28.49	26.97	27.37	28.96	28.69
29.87	33.94	30.66	21.55	28.8	29.13	33.28	32.32
31.6	28.24	29.43	31.09	28.01	27.14	29.34	25.7
26.49	24.68	28.69	30.63	30.72	31.71	31.29	29.52
22.52	32.19	35.61	27.16	28.54	29.88	34.33	32.26
34.84	38.26	28.4	34.43	31.94	35.75	35.65	35.41
28.83	35.38	41.72	37.34	35.28	35.52	32.34	30.04
28.58	34.91	36.67	33.67	35.6	27.17	27.19	33.85
30.7	25.17	32.54	29.29	27.44	29.15	28.26	27.22
33.68	38.22	31.92	29.9	34.37	34.5	32.75	25.99
31.58	28.76	26.86	24.5	25.72	30.08	30.1	23.04
23.71	29.67	25.45	23.6	22.47	25.22	27.79	27.04
41.05	35.57	33.24	35.42	41.1	36.66	37.34	34.34
28.91	28.28	27.31	23.38	28.97	25.92	28.5	30.34
35.05	34.85	30.6	27.76	30.08	31.79	36.37	31.24
28.12	28.99	28.69	27.07	28	26.89	25.47	26.88
34.64	29.17	31.44	31.64	35.54	36.23	27	34.87
22.68	21.39	22.17	23.52	21.8	27.02	25.81	26.48
32.45	30.6	31.83	35.94	30.21	32.94	34.24	29.7
30.74	25.13	31.55	32.63	30.94	27.45	21.99	25.48
32.62	34.17	32.44	31.8	27.54	29.13	33.4	30.78
28.66	30.17	36.17	33.23	38.46	35.03	32.38	38.4
27.07	30.09	36.5	33.59	29.71	29.12	34.04	34.42
24.5	27.04	27.7	26.35	27.46	29.59	28.59	27.33
23.2	23.6	23.22	21.6	23.19	26.74	21.65	25.95
30.08	25.81	30.62	26.42	26.42	26.52	27.47	32.8
25.97	32.22	29.24	27.41	29.84	30.69	32.01	37.16
33.15	36.49	37.37	34.57	37.9	31.38	33.9	36.2
34.66	34.95	33.61	33.51	38.41	33.25	39.03	28.63
32.19	26.31	30.44	32.09	29.28	33.26	30.28	25.84
30.16	33.75	28.48	28.65	27.35	26.86	29.2	33.48
26.49	24.81	31.54	26.78	35.4	31.89	29.62	23.76
25.02	32.99	32.71	28.41	30.61	36.58	25.47	30.86
30.94	26.94	28.64	30.84	29.08	27.01	26.48	29.34
27.55	34.62	24.24	26.85	26.36	26.85	29.16	24.32
24.92	29.52	28.21	27.92	28.91	25.65	31.1	28.41
30.13	28.83	30.78	21.17	28.85	30.1	32.62	35.35
31.62	29.05	30.14	30.85	29.23	28.98	34.84	30.4
27.3	30.28	27.88	27.72	28.44	25.18	29.83	24.6
23.67	24.39	25.18	21.14	19.83	25.84	24.91	22.23
22.8	24.19	28.8	22.95	25.59	26.99	30.16	21.52
32.32	31.85	30.76	32.48	29.53	27.93	28.81	27.34
32.78	33.48	35.26	31.07	29.51	24.34	30.02	25.74
27.8	27.65	28.08	31.53	27.81	29.14	30.8	29.95
26.8	29.22	30.57	30.42	29.89	32.05	31.94	27.18
28.94	24.58	24.32	27.96	25.93	31.92	28.41	29.74
26.34	23.95	27.33	27.11	25.46	27.92	33.43	25.54
28.14	29.2	30.82	24.9	29.09	29.42	24.48	26.27
23.59	31.27	26.59	29.54	35.99	26.77	27.86	32.9
24.3	28.09	26.99	24.37	26.48	30.03	26.31	29.01
30.19	24.86	27.76	28.29	24.3	30.61	22.84	24.1
24.34	27.02	23.89	25.99	27.64	24.27	27.54	26.61
26.86	29.46	31.12	28.93	30.81	27.01	33.13	27.94
33.37	30.42	28.57	29.28	33.68	33.33	38.65	35.47
28.96	25.01	33.26	32.23	31.54	33.97	31.54	32.09
23.07	32.83	33.03	31.39	32.19	34.53	27.84	31.51
23.46	26.66	24.45	26.09	26.16	28.5	26.59	26.41
29.97	29.82	31.6	34.25	31.77	27.44	33.12	33.88
32.15	34.54	32.57	33.82	43.16	35.57	31.9	37.24
22.28	25.03	26.03	23.18	22.68	24.25	26.92	30.26
29.83	25.42	30.19	36.54	28.66	32.77	30.65	29.08
28.81	33.51	32.23	30.88	31.32	26.14	34.83	25.55
32.65	31.57	33.44	28.52	34.93	33.19	31.52	28.71
28.87	30.35	30.27	31.46	30.85	23.95	32.08	30.29
33.35	30.9	32.62	31.95	32.66	26.15	27.66	34.98
27.38	36.46	28.09	32.07	28.63	26.72	29.17	25.04
29.71	28.65	33.27	30.23	26.49	34.19	29.47	29.35
38.71	36.52	34.53	28.46	29.57	37.74	28.06	26.97
26.16	33.58	32.21	32.29	29.67	33.06	35.06	35.51
32.1	30.27	31.69	29.72	34.95	34.23	36.31	26.49
32.4	35.08	31.34	30.46	32.57	35.41	33.78	34.35
31.47	27.22	30.15	37.84	27.7	29.29	27.89	33.71
27.03	18.68	20.97	24.5	24.47	24.42	20.97	23.33
40.98	37.15	39.59	30.12	37.03	39.66	33.94	25.96
26.42	29.67	32.9	33.61	35.63	29	30.18	32.26
31.05	28	27.72	29.65	34.3	27.59	28.44	33.38
24.16	24.85	23.02	25.44	25.26	28.47	27.85	26.71
35.74	30.74	34.07	23	31.86	26.34	27.12	30.38
30.48	32.28	34.61	26.83	28.61	31.68	27.19	32.27
23.03	22.05	20.9	27.72	18.24	26.15	22.46	20.59
32.48	33.91	23.69	29.95	31.01	30.11	36.84	31.23
31.18	29.32	31.06	27.4	28.05	28.38	34.04	25.11
23.8	30.09	27.51	26.84	24.96	30	32.86	28.19
32.71	36.5	30.4	30.11	34.57	33.26	42.03	36.1
31.92	36.26	30.98	28.42	36.09	33.63	34.96	29.45
25.77	22.5	28.78	24.58	25.96	27.79	22.58	26.75
32.28	23.64	30.38	27.01	32.24	23.91	28.47	29.72
25.44	24.57	25.46	29.32	29.34	29.73	28	22.24
26.35	35.26	33.23	35.25	25.98	34.39	32.48	35.17
29.18	35.85	34.16	41.86	26.87	38.47	36.07	33.38
33.71	29.73	35.1	31.91	23.97	33.04	32.73	29.21
35.1	36.47	37.14	35.7	40.07	31.62	39.35	31.83
35.52	31.55	29.1	39.16	39.06	31.83	26.23	31.65
34.02	29.36	26.77	29.52	36.52	35.92	35.5	32.4
27.5	33.66	31.86	35.22	31.01	28.73	29.83	27.03
33.57	39.32	35.7	33.59	34.06	36.12	34.21	35.75
38.17	36.66	34.56	33.12	42.69	37.63	35.68	29.51
31.59	29.15	24.65	32.44	29.86	29.35	29.01	25.48
31.96	27.21	32.02	27.95	31.47	28.63	29.67	33.38
29.58	28.05	28.3	31.15	24.51	26.82	25.54	33.92
33.4	28.09	29.26	35.05	39.67	32.22	32.69	33.49
36.59	31.2	29.13	30.58	33.09	26.5	28.86	30.33
31.23	33.76	33.82	27.62	32.96	24.9	31.48	28.28
30.39	27.79	27.95	26.11	26.33	30.09	30.45	29.44
32.44	35.68	33.06	32.8	32.26	35.38	35	31.55
31.79	32.15	33.33	33.63	30.23	32.66	29.06	38.92
36.17	43.41	33.97	31.28	35.39	31.81	43.82	39.95
27.2	28.47	27.73	28.52	28.94	32.2	30.44	27.83
30.7	22.77	25.8	26.47	23.42	28.48	27.13	31.96
30.71	32.01	28.71	25.95	27.1	26.21	30.65	32.38
29.79	36.42	30.04	31	37.01	35.65	40.56	30.69
23.48	25.83	22.37	28.13	25.97	27.08	29.41	25.79
26.07	24.46	28.02	31.48	28.52	24.74	30.85	28.84
29.59	32.3	26.59	30.82	33.29	33.7	38.01	30.94
27.37	25.12	25.92	29.09	25.16	27.82	21.88	25.5
29.31	27.68	34.6	25.46	28.75	22.57	24.86	28.75
30.06	37.02	37.57	30.77	24.78	33.53	30.48	31.79
43.18	35.93	30.03	31.37	34.76	36.17	30.95	31.13
37.79	39.79	38.14	38.09	37.39	40.3	35.68	34.76
29.37	37.18	29.05	30.24	32.82	39.97	32.95	30.22
29.62	28.4	27.8	25.47	29.36	30.36	25.57	26.36
29.43	29.39	31.28	31.92	29.95	22.89	21.22	39.54
29.76	36.42	36.26	32.25	32.58	34.25	31.2	33.49
36.32	29.01	30.14	33.58	26.71	24.96	28.73	27.44
34.13	38.31	41.54	32.48	30.6	31.05	35.64	33.3
28.89	29.49	34.6	31.64	34.34	28.1	29.42	37.02
34.1	25.28	25.77	33.19	28.81	23.87	26.4	25.82
21.74	27.37	24.37	24.81	28.65	28.51	26.17	22.96
41.91	42.8	42.49	38.37	42.2	38.12	42.57	41.88
32.42	42.27	39.21	33.17	34.5	32.95	38.25	31.82
27.3	29.51	31.87	37.05	35.96	28.5	28.66	29.06
25.66	28.33	25.8	27.89	21.85	18.83	29.69	23.57
37.48	32.91	28.17	33.49	41.44	26.88	38.48	38.32
39.81	34.57	38.4	35.04	40.91	33.68	38.04	34.75
27.33	26.66	25.38	21.8	24.07	25.98	29.71	22.72
39.39	32.53	29.61	26.65	29.62	28.41	35.46	31.43
19.34	25.45	22.29	20.36	23.8	17.97	26.9	18.66
31.73	24.17	23.14	25.18	24.82	27.04	27.05	23.06
30.12	32.54	32.74	31.99	36.35	37.57	37.55	37.14
32.25	29.69	40.31	36.18	30.49	31.81	29.27	22.84
28.26	30.48	35.78	31.81	33.81	37.63	36.77	29.93
23.95	37.34	30.11	31.56	31.27	31.3	30.73	29.44
36.63	29.93	32.17	35.21	40.8	35.39	33.95	40.35
32.4	30.16	30.41	32.45	27.2	27.7	28.83	26.23
24.6	25.28	19.33	28.31	27.73	23.81	26.6	24.79
31.07	33.79	38.61	34.7	37.19	32.18	34.45	36.97
27.81	32.33	28.64	28.58	26.3	25.54	27.78	31.55
32.66	26.99	30.71	31.22	39.57	36.88	34.19	27.08
30.5	39.42	33.54	33.26	33.95	33.85	30.52	39.53
28.77	30.58	29.38	35.27	28.54	28.45	27.17	26.48
22.86	33.85	28.14	29.21	32.7	28.36	24.98	27.23
30.93	23.62	31.77	28.99	26.16	32.59	31.95	30.23
23.26	23.28	30.48	26.21	25.34	27.68	24.03	31.33
36.44	33.83	38.33	31.58	28.58	26.39	30.99	29.11
22.04	31.16	28.62	31.18	31.27	28.99	25.75	31.14
34.39	28.83	26.56	36.34	30.28	29.14	28.72	26.46
27.71	33.07	36.66	30.32	29.33	30.02	34.66	28.07
24.2	23.3	22.6	24.69	23.3	25.93	26.88	29.19
32.54	27.96	27.63	32.41	31.29	33.81	29.72	30.83
30.91	28.6	25.18	27.36	32.48	31.35	30.49	28.83
39.42	38.67	33.42	30.36	35.72	30.32	27.99	36.26
25.37	26.26	27.92	23.98	27.41	23.03	26.51	26.13
24.47	29.95	23.87	27.35	28.01	23.18	29.85	29.84
27.05	30.23	32.89	25.48	29.92	28.5	21.13	22.88
28.98	30.21	31.81	37.61	29.01	29.45	32.52	28.97
35.27	31.2	29.59	30.64	34.23	25.4	31.19	32.57
32.02	28.56	34.14	32.21	37.62	34.87	37.31	35.05
28.71	36.93	36.17	36.77	28.91	27.36	32.24	26.13
29.48	26.87	31.57	31.34	34.22	29.53	28.54	29.89
33.52	36.12	31.65	31.6	26.78	34.17	35.71	28.69
27.61	28.1	27.92	25.85	24.88	34.39	28.12	23.2
30.85	29.97	27.91	31.7	29.3	30.52	30.81	25.82
31.41	34.77	28.17	28.46	26.46	32.41	25.95	27.5
29.37	23.53	30.17	27.01	34.61	28.35	26.8	32.13
24.32	35.16	31	37.36	32.21	27.32	34.07	34.55
30.27	28.55	22.54	23.85	26.35	25.47	25.73	28.1
29.56	22.94	25.63	29.43	28.15	30.21	21.34	29.08
26.65	26.97	27.42	31.62	33.15	34.74	31.27	34.41
34.27	33.81	35.13	26.46	25.66	33.25	29.45	24.82
27.37	25.95	27.83	27.65	25.97	28.45	24.42	27
35.52	37.43	35.26	33.56	37.72	39	27.52	31.62
29.96	28.14	28.61	30.43	25.37	29.07	25.92	30.75
33.81	35.84	35.32	33.07	30.75	32.2	32.61	26.88
25.64	26.46	26.3	26.53	28.56	26.58	26.75	29.37
30.02	25.73	27.84	25.88	30.29	30.52	29.54	26.08
28.02	30.51	26.26	23.97	19.74	25.15	24.04	29.17
35.67	39.11	37.83	38.27	39.2	40.08	33.54	40.1
19.34	23.59	24.97	22.61	25.08	20.45	23.59	23.47
37	39.13	37.69	28.36	37.42	37.03	36.8	28.8
28.91	29.31	31.94	31.08	28.31	25.88	30.9	29.15
24.72	21.56	26.52	24.74	25.85	27.8	29.49	27.28
28.03	28.28	32.35	31.6	32.41	31.29	32.36	29.92
29.44	36.69	30.64	32.48	27.65	34.11	32.49	35.05
30.3	28.47	30.83	33.54	31.07	25.53	32.19	31.19
27.95	35	36.8	28.57	31.48	36.74	28.24	32.03
26.08	27.11	30.57	27.78	29.66	29.88	21.53	28.8
30.68	27.24	30.04	30.52	25.52	28.55	27.12	26.49
33.02	27.78	36.83	32.23	37.2	31.96	31.28	32.16
24.33	27.18	30.54	25.59	29.91	32.39	25.77	26.72
27.95	31.76	31.5	25	28.45	30.77	29.8	32.69
27.43	29.82	33.28	30.11	29.84	35.34	29.24	38.61
27.33	32.2	26.52	27.1	28.32	29.26	31.07	26.22
32.05	25	29.52	31.89	26.36	29.27	25.98	28.01
29.36	31.68	34.04	35.65	36.74	30.87	33.09	30.56
29.4	33.38	27.83	28.46	35.5	32.96	31.62	28.8
37.87	38.63	38.21	37.46	41.22	34.18	42.69	33.8
32.48	24.92	23.58	29.28	26.48	29.55	30.94	26.51
26.62	24.7	23.96	21.46	25.02	22.35	28.25	26.57
32.13	26.79	24.68	30.14	31.94	25.14	26.76	27.09
26.95	29.64	32.91	28.46	31.2	33.13	33.3	33.96
29.77	27.46	34.22	24.28	31.83	31.58	25.71	28.21
26.63	38.07	36.6	36.35	31.64	32.39	29.46	31.55
27.68	36.41	40.39	31.6	33.64	33.57	32.24	35.44
31.41	37.42	30.33	24.41	36.12	30.22	37.86	28.03
31.39	34.74	35.67	32.36	30.43	30.09	31.01	32.9
30.8	26.35	35.13	32.96	34.64	24.88	38.53	30.06
29.96	27.4	25.21	25.44	22.69	31.3	24.73	25.6
24.56	30.3	30.99	28.46	28.45	26.34	26.66	26.25
26.52	24.76	27.09	27.51	24.24	26.46	24.89	32.56
26.97	27.13	27.86	24.13	28.29	27.42	28.26	26.38
29.7	34.1	32.87	33.44	33.33	38.1	36.66	37.25
25.77	32.26	34.21	26.32	30.25	27.8	28.93	28.94
33.6	27.9	34.25	35.04	32.87	31.39	30.11	35.86
30.9	26.43	31.26	28.73	28.62	29.73	28.04	29.41
27.63	34.78	32.5	31.76	29	28.32	27.34	30.15
30.26	26.16	26.79	30.81	31.19	30.52	27.16	32.18
28.69	24.22	33.45	24.37	32.43	29.8	29.18	32.93
31.67	33.31	30.77	30	33.31	34.1	31.72	32.09
28.59	29.85	35.56	26.16	28.22	25.79	31.2	35.17
29.7	28.03	29.96	25.46	29.26	29.7	28.26	31.14
33.95	32.34	35.79	37.35	36.43	35.47	37.8	31.45
29.09	33.92	36.82	28.01	30.59	29.71	33.58	28.92
35.26	35.45	36.63	40.12	37.24	39.41	42.39	41.02
34.86	34.31	35.29	29.36	26.71	30.35	26.7	30.36
37.3	33.57	38.3	32.93	36.91	35.88	39.17	32.41
35.05	32.4	27.33	36.18	27.09	32.26	36.59	39.03
28.19	27.8	27.25	29.05	30.78	27.42	28.97	26.73
30.16	27.35	40.52	31.76	27.67	34.07	28.87	35.08
30.82	35.22	32.26	31.96	34.28	33.89	35.35	34.06
39.11	32.5	36.01	39.06	30.72	31.56	36.56	38.41
27.51	20.51	23.59	22.94	26.37	20.47	20.82	26.23
33.48	37.59	41.23	36.22	35.67	31.18	30.9	28.83
30.72	31.44	29.6	33.67	29.63	26.41	29.94	26.06
25.45	24.75	29.59	25.81	24.43	23.72	32.67	26.41
27.99	25.31	27.18	25.4	29.62	29.87	25.73	27.08
32.06	35.14	26.54	34.76	32.91	29.79	35.12	28.8
32.13	33.79	35.41	36.54	28.34	27.88	30.67	32.61
37.53	29.76	35.61	34.91	36.4	37.79	35.89	28.92
27.29	32.98	27.81	25.67	27.86	32.33	28.57	31.17
29.56	29.43	26.83	36.08	31.74	30.12	28.49	36.56
30.02	30.4	37.36	26.07	39.06	29.6	32.69	29.94
30.79	27.47	29.9	30.65	29.55	29.88	23.48	31.24
26.04	25.7	30.57	30.21	27.9	26.29	24.07	33.17
24.59	25.08	25.78	28.45	30.49	25.53	28.5	27.01
23.95	24.18	34.66	28.29	30.54	23.27	30.94	24.74
27.8	28.49	26.28	31.35	27.76	30.25	30.03	22.16
32.63	31.97	27.26	26.11	25	27.06	26.73	28.12
29.86	28.3	27.57	26.75	28.87	36.76	30.93	31.04
26.28	25.32	27.28	29.5	28.3	31.96	29.48	25.54
29.58	37.02	29.57	30.88	33.64	29	36.59	30.01
32.9	34.82	27.12	27.8	29.4	28.4	29.9	29.1
31.89	30.65	30.38	26.51	31.02	26.59	28.83	33.01
29.36	31.59	25.69	25.9	24.7	30.33	26.85	27.37
26.82	29.92	29.15	29.39	33.31	32.15	27.72	28.08
32.27	29.05	26.31	30.46	32.8	32.68	33.45	26.81
26.57	30.43	39.24	26.19	31.62	23.21	38.57	32.62
23.72	24.82	21.67	22.73	25.81	22.05	25.71	25.32
37.89	26.53	29.72	29	31.3	32.85	27.13	28.49
26.75	28.5	23.42	28.41	30.09	26.74	33.4	25.51
35.75	28.43	35.54	36.97	31.9	30.43	28.21	28.6
34.35	40.21	30.23	29.36	34.88	38.73	34.25	38.6
30.11	33.1	29.13	27.52	26.4	27.57	35.82	33.84
29.51	29.36	28.39	28.09	30.36	30.72	30.64	32.68
26.45	28.57	27.32	27.83	24.25	25.12	24.11	24.6
25.04	26.54	28.34	26.48	29.48	24.21	21.25	26
30.37	37.7	28.77	30.01	30.58	35.93	27.11	27.35
29.97	33.61	29.96	32.46	33.53	31.2	31.05	30.93
29.89	29.6	32.91	30.55	34.52	28.25	31.32	27.5
32.41	33.39	29.71	34.64	33.62	32.18	30.46	31.99
35.34	33.32	28.53	29.94	33.12	29.4	32.78	34.75
32.05	34.93	26.3	30.44	30.98	27.61	27.5	25.99
29.76	28.51	29.72	27.22	31.72	27.21	24.73	29.98
31.94	33.8	30.02	31.3	28.93	27.63	31.69	34.08
30.56	32.76	26.57	31.92	25.98	29.39	33.42	29.72
28.07	27.27	23.38	28.86	24.46	32.09	26.98	28.75
29.1	34.08	27.71	27.76	36.1	27.08	31.07	29.51
29.93	32.53	40.22	40.85	36.75	31.87	37.34	33.58
23.93	24.7	26.26	30.46	28.25	23.19	33.24	26
30.51	22.4	28.44	28.61	29.84	27.59	28.58	27.47
32.62	33.28	28.44	27.54	35.08	29.12	20.85	25.64
29.74	27.03	33.83	36.13	26.93	30.05	25.22	32.07
29.87	24.76	30.69	25.2	23.9	28.98	31.98	29.73
32.49	36.96	34.78	28.85	31.81	37.7	37.43	32.44
27.71	29.61	25.62	28.99	28.22	23.87	30.76	29.04
25.19	31.06	33.27	28.67	34.53	30.79	36.77	33.34
30.11	31	28.57	31.31	28.98	34.47	30.92	28.01
29.21	25.46	27.43	28.8	34.28	33.76	32.37	31.04
30.76	29.15	29.95	34.5	27.1	33.69	30.93	36.6
29.26	27.69	28.6	32.22	35.04	29.21	28.46	29.92
28.56	25.02	24.2	27.13	30.02	27.29	28.55	24.97
31.14	27.07	26.53	31.24	27.45	30.33	29.83	27.19
28.64	34.04	30.21	28.04	29.53	28.95	34.4	24.41
30.37	29.56	33.64	31.2	31.25	33.74	31.86	35.74
30.44	26.33	25.77	36.36	39.01	30.74	27.44	33.31
27.56	25.37	27.28	23.41	21.06	22.47	25.86	23.92
28.91	29.76	28.07	25.17	33.19	30.4	28.53	25.81
33.15	36.36	32.81	35.79	33.73	40.37	37.63	35.95
29.22	31.32	30.21	32.22	36.82	36.24	32.09	34.55
22.85	23.11	22.33	23.22	32.45	23.55	27.1	26.77
32.64	30.04	34.2	33.62	30.5	26.59	29	31.99
21.71	25.89	27.85	28.27	26.48	29.49	24.32	24.15
32.94	31.13	33.98	30.44	33.07	40.06	35.25	32.55
22.38	29.54	31.44	27.68	27.78	32.31	29.17	26.15
31.33	31.24	28.26	28.11	29.62	28.43	31.78	24.13
24.66	29.47	32.59	24.29	29.63	29.94	26.46	22.61
26.04	26.49	25.65	22.18	26.46	24.12	27.21	27.24
26.9	24.97	29.27	22.87	25.01	26.32	28.29	28.62
30.29	36.82	32.88	33.24	36.22	27.82	34.5	26.75
28.55	26.34	29.11	26.11	29.51	27.4	29.56	27.36
32.2	34.94	26.31	29.83	27.45	32.48	25.36	29.36
46.05	42.91	35.76	36.99	35.46	36.53	35.84	33.55
37.49	33.4	31.71	40.28	40.42	38.1	38.15	33.74
26.05	21.01	29.04	27.48	23.31	25.32	26.76	26.6
25.91	27.25	26.07	24.76	27.39	27.49	29.31	31.08
29.97	30.07	32.14	27.97	32.65	30.09	29.52	40.26
24.76	25.08	30.69	30.57	31.39	29.81	23	25.77
28.27	24.07	23.4	28.85	24.71	27.9	25.68	29.88
24.61	30.22	28.25	26.82	25.18	29.79	34.19	25.82
26.07	29.66	25.9	30.98	31.51	27.67	29.46	25.45
32.11	28.96	28.93	23.08	23.97	34.75	27.41	28.01
26.24	28.66	26.53	27.28	25.13	27.64	31.28	25.67
28.52	25.72	26.4	32.2	36.62	24.44	25.32	32.61
31.63	30.93	28.95	33.52	28.89	35.28	27.19	34.26
36.55	27.53	34.16	32.29	30.01	33	26.81	26.27
25.92	27.77	25.26	34.57	27.47	24.24	26.29	25.55
35.64	35.45	32.29	39.92	35.96	31.06	36.82	32.01
30.24	28.99	31.47	31.38	25.99	27.23	26.13	29.85
27.08	31.58	31.69	28.01	30.31	31.49	33.13	31.61
32.34	31.62	33.05	23.84	32.58	33.55	32.45	32.32
36.61	36.03	33.55	35.46	31.36	30.92	34.43	35.72
24.7	24.55	29.02	26.97	25.81	33.18	24.01	29.72
33.77	36.12	39.34	30.67	28.57	34.54	31.59	33.79
30.61	36.24	28.09	24.26	26.01	27.93	32.25	29.68
33.66	26.61	29.64	28.84	32.05	36.06	34.28	32.33
27.25	30.53	26.19	24.78	25.33	24.82	29.05	27.73
31.37	30.54	26.38	32.81	34.67	32.55	30.65	34.22
27.85	27.15	33.57	31.42	28.92	29.05	33.81	31.84
28.48	29.26	23.28	27.67	25.63	23.22	25.19	25.39
24.2	28.88	22.11	26.54	26.04	26.38	25.23	21.6
35.62	37.16	35.87	33.44	28.27	25.24	29.04	31.17
29.25	28.88	28.76	24.27	28.86	35.89	24.92	25.9
31.69	28.92	36.29	27.05	28.39	30.08	27.29	28.06
31.71	25.3	34.82	26.43	30.08	25.43	25.97	25.83
31.31	33.29	29.33	28.61	29.18	33.72	32.18	31.64
30.24	32.29	36.89	34.02	26.22	28.77	29.98	34.87
23.41	22	27.22	24.76	26.04	24.87	25.77	23.03
33.19	30.48	21.69	28.11	28.38	21.81	29.55	29.67
28.92	30.78	33.3	36.8	27.27	25.94	30.51	29.11
28.37	33.8	24.99	27.35	34.36	34.98	27.08	29.46
29.39	27.42	29.93	28.93	27.2	22.04	28.26	26.17
35.95	39.24	37.9	30.43	37.21	32.17	31.58	33.7
29.73	28.3	27.77	30.37	31.67	31.69	30.16	27.36
28.42	26.37	30.96	31.05	27.54	35.13	29.75	29.25
31.98	30.9	31.55	29.97	35.34	35.08	33.94	31.57
27.22	26.19	29.91	26.98	31.94	29.89	26.12	24.96
31.39	31.92	39.17	37.69	32.1	33.87	38.93	36.17
30.13	33.4	28.49	35.02	29.72	31.86	29.86	31.03
29.24	24.67	29.03	32.98	29.19	36.81	27.16	29.22
26.99	27.34	29.38	26.95	27.41	25.61	27.36	27.27
39.28	34.79	39.46	37.16	39.04	40.16	36.92	30.93
33.26	34.31	37.56	33.89	32.63	32.9	37.08	29.3
32.76	31.91	27.22	32.77	24.67	29.08	28.2	26.52
29.2	23.37	29.23	27.85	28.49	26.7	24.39	27.29
29.89	26.77	33.24	26.17	25.56	30.57	30.82	27.27
30.26	29.31	31.84	28.71	35.2	31.01	33.09	30.95
35.65	29.9	30.84	33.17	38.85	35.27	34.69	40.64
33.93	22.98	27.91	25.96	23.65	33.1	31.95	29.34
21.74	24.97	30.32	24.96	27.19	24.33	24.8	24.61
34.59	32.43	35.68	34.3	38.81	38.13	38.95	35.7
31.71	35.59	30.41	32.09	30.1	29.3	33.34	34.45
30.32	30.98	31.93	33.24	31.77	29.58	34	29.52
21.46	32.79	20.49	25.92	27.65	27.61	26.25	29.72
25.38	28.73	24.08	24.12	27.14	27.77	27.09	21.84
35.89	25.89	27.97	33.51	28.45	31.42	30.79	31.89
44.52	44.37	41.69	41.52	46.35	43.12	39.77	43.8
32.5	29.24	27.91	32.75	31.19	26.45	30.94	33.29
24.71	26.64	22.51	23.31	23.4	28.2	25.44	27.4
28.84	28.92	22.42	22.47	30.49	26.87	29.31	26.72
25.09	20.64	22.46	20.86	23.49	21.88	23.22	25.81
26.05	26.5	28.05	32.31	28.19	24.96	24.47	25.84
29.91	29.19	22.99	32.56	26.98	23.19	24.6	27.42
28.41	24.53	24.38	25.62	31.15	26.82	28.66	34.66
32.53	32.99	32.09	28.22	30	36.89	29.04	31.02
31.91	29.77	27.92	29.58	22.6	30.7	36.23	23.51
29.63	25.76	26.32	28.57	24.34	27.24	27.54	25.16
32.65	25.82	30.34	28.4	34.48	25.44	27.6	30.77
35.44	34.13	30.27	30.82	30.48	30.95	25.01	27.9
30.42	31.46	29.77	33.06	25.68	30.81	36.5	31.32
27.05	29.5	31	32.55	28.57	33.85	30.74	32.18
33.77	30.64	33.08	28.99	30.97	27.4	24.19	36.21
28.15	37.54	41.94	32.38	38.47	32.45	35.35	31.84
32.28	29.39	31.2	29.99	29.91	31.52	24.48	30.83
28.34	26.83	26.41	29.33	24.19	26.54	26.79	23.85
31.87	30.3	37.03	26.55	38.05	40.68	27.65	41.13
27.15	27.9	26	30.96	25.6	26.93	30.4	24.98
32.15	30.11	33.77	33.16	35.04	31.26	27.17	31.35
27.32	27.01	33.67	25.69	34.29	27.44	35.66	28.18
32.9	31.78	32.04	24.77	32.5	25.19	26.66	27.9
31.42	32.2	34.26	31.63	29.48	37.22	36.18	36.3
30.35	31.87	27.21	36.16	34.11	26.01	29.48	33.23
32.4	33.23	29.21	28.19	30.4	31.49	30.33	28.89
30.16	26.01	29.2	23.85	25.5	32.53	24.6	29.22
29.34	34.84	32.95	34.32	30.91	30.75	32.96	26.42
32.46	31.81	29.91	33.27	33	31.06	32.98	33.12
28.82	25.91	26.26	24.36	25.67	25.1	24.09	30.3
36.12	31.67	28.76	30.96	31.62	32.45	28.52	32.2
38.33	27.5	30.8	27.21	34.88	32.58	31.59	27
40.57	32.53	36.53	41.74	32.77	30.1	35.31	36.99
33.85	28.41	34.86	30.7	33.05	32.58	29.75	41.69
22.88	19.33	24.78	23.65	23.35	24.93	26.27	24.85
28.92	30.54	27.77	27.74	30.75	28.31	22.11	26.92
24.82	20.85	24.71	27.33	23.25	21.58	25.35	24.66
33.87	35.91	32.98	30.31	30.98	33.59	26.62	33.55
26.31	24.67	28.25	31.36	32.5	30.93	33.81	27.26
32.48	29.51	29.16	33.95	31.85	36.24	27.3	31.37
30.68	32.64	36.86	34.74	36.1	37.07	34.6	35.96
32.52	30.33	35.83	28.79	42.6	32.1	36.77	30.33
25.37	25.53	30.46	26.79	32.81	29.61	31.72	29.35
23.15	30.32	23.39	24.25	23.97	26.22	25.07	29.46
29.97	30.43	31.2	30.05	35.02	30.99	32.07	31
29.6	23.49	27.81	23.9	28.93	21.82	31.68	26.93
35.29	36.59	30.62	33.77	28.29	34.78	34.72	31.46
30.24	33.38	31.79	35.86	31.75	29.74	36.06	29.38
38.53	34.08	26.32	34.09	35.84	33.53	31.27	36.12
32.4	34.54	30.77	25.42	34.2	29.77	33.27	30.3
23.78	26.01	26.87	29.15	28.02	27.64	28.89	24.88
27.55	27.99	25.18	25.36	28.22	29.9	25.56	31.65
26.18	27.38	27.9	26.26	23.02	20.82	27.87	28.3
28.05	31.92	33.76	32.5	33.07	31.08	30.37	34.26
30.26	30.33	28.79	26.7	29.94	29.66	25	29.14
34.78	26.53	36.27	35.26	26.83	30.15	25.77	29.14
39.11	33.36	39.09	36.27	39.62	34.97	40.65	37.66
38.14	29.02	35.36	29.93	32.91	42.08	32.16	29.91
31.69	27.58	27.22	27.74	32.1	29.78	28.32	28.69
36.05	40.78	35.78	32.54	38.1	37.58	33.6	39.78
26.11	25.19	31.45	28.52	28.35	23.37	26.28	27.59
26.77	31.72	31.73	29.71	27.82	27.75	26.13	23.6
34.91	33.42	27.88	33.07	28.1	32.75	29.56	36.69
25.81	29.4	30.82	31.37	30.4	32.81	27.34	25.53
32.27	35.46	30.36	31.1	41.12	34.16	29.78	37.59
33.03	36.71	32.48	27.93	29.42	25.71	36.69	28.96
27.68	30.59	24.7	28.14	26.62	28.6	27.28	25.07
28.7	29.86	26.09	27.48	25.61	29.69	25.57	23.62
32.39	30.59	29.66	31.24	30.82	37.96	30.93	29.22
29.54	28.06	31.21	31.38	30.66	24.21	30.03	24.13
34.3	30.71	35.72	39.5	36.41	36.02	34.79	27.96
26.17	32.04	27.44	30.99	32.21	22.31	24.9	27.69
29.64	30.03	24.39	32.67	28.06	29.9	34.27	26.29
31.01	26.92	31.44	28.45	29.97	29.76	33.33	34.41
24.68	28.24	26.62	25.85	20.54	23.75	32.93	30.39
35.69	31.2	29.67	33.52	31.1	39.24	33.23	37.06
38.25	32.84	31.54	32.07	38.02	31.64	33.06	39.98
28.22	22.53	22.96	25.48	26.48	26.19	27.9	24.79
26.23	28.99	25.66	25.94	30.44	32.59	30.85	27.79
29.71	29.04	34.8	29.17	30.56	30.91	25.52	26.95
26.84	27.58	29.16	33.68	32.67	28.71	32.1	29.64
25.3	30.25	25.86	23.53	28.1	30.3	28.28	30.75
25.73	24.59	29.27	22.27	28.06	28.69	29.99	28.08
33.62	36.21	31.8	38.19	36.13	39.83	39.61	29.36
