33.41	32.22	31.46	34.55	31.96	29.42	26.59	32.37
26.44	25.95	31.08	32.7	30.6	32.3	23.69	31.97
27.49	24.13	31.88	33.96	32	26.37	29.62	33.88
28.1	33.29	26.76	31.39	31.58	29.52	26.75	25.88
29.62	26.58	23.24	28.74	24.05	24.64	24.25	25.85
28.81	31.55	31.18	25.17	27.2	24.17	26.94	25.4
23.25	22.57	24.28	26.21	25.24	27.1	26.14	27.37
30.14	28.12	26.78	26.36	31.8	26.36	26.72	32.26
31.85	39.72	26.9	28.14	32.77	29.98	36.85	26.95
32.08	30.64	26.56	31.66	31.25	24.9	27.3	29.58
19.4	19.86	19.88	20.77	19.53	25	21.74	30.74
26.9	36.43	28.18	30.21	25.26	29.27	32.38	25.43
32.03	26.34	29.29	26.19	32.64	28.13	27.43	28.42
23.5	29.97	29.88	34.27	25.21	24.34	32.01	27.27
30.39	31.27	21.06	29.25	27.7	30.95	21.57	26.66
31.8	24.98	27.18	34.18	28.81	25.64	26.34	31.74
24.65	28.42	25.07	22.08	25.47	27.02	27.08	26.29
29.91	28.58	27.84	25.99	28.82	33.51	28.73	26.81
32.65	33.07	36.93	38.74	30.62	35.41	29.6	35.9
32.98	30.45	26.46	33.76	31.22	34.66	33.99	31.74
32.6	32.84	27.67	30.55	32.38	30.8	30.58	28.95
24.03	34.1	29.93	28.61	31.35	33.05	23.91	21.16
30.42	31.13	30.6	34	32.38	30.53	30.31	27.9
22.82	21.84	24.98	27.82	29.14	29.06	29.44	31.78
25.27	28.61	25.96	29.12	26.66	27.94	25.48	36.01
28.51	28	30.18	28.33	28.26	30.81	30.07	28.94
33.53	32.28	31.48	26.37	29.65	22.75	29.83	24.8
27.54	24.78	27.94	33.49	31.26	28.97	29.4	25.8
28.76	32.79	29.42	33.87	32.16	29.86	30.67	34.27
36.52	31.95	38.49	28.45	31.03	33.09	35.98	30.46
29.69	39.57	33.38	33.8	35.42	31.35	38.74	37.4
29.87	23.81	30.04	30.62	28	24.97	27.65	31.4
21.61	24.23	25.62	23.98	26.48	29.5	26.4	23.41
34.61	29.5	30.36	24.94	34.37	28.3	32.94	31.44
33.35	32.06	34.47	32.7	35	27.35	28.6	28.74
25.11	30.41	29.93	31.74	31.99	31.66	31.27	29.94
24.84	25.99	25.79	24.55	27.6	27.16	26.44	27.5
28.14	34.96	27.8	29.32	31.84	33.46	29.59	31.36
35.46	34.76	35.81	27.76	33.23	31.83	36.17	30.51
28.48	23.98	27.55	28.74	25.97	28.49	29.03	28.92
32.69	26.69	27.78	33.22	28.36	26.96	25.02	32.04
29.97	26.87	33.72	26.01	24.12	29.72	29.9	25.42
33.83	28.78	30.24	35.52	44.81	28.07	34.4	37.35
32.28	30.53	30.08	31.73	25.5	29.64	30.33	30.33
32.54	31.09	28.93	27.96	36.63	30.52	31.44	25.43
26.67	26.17	27.93	25.68	29.12	27.65	23.04	23.77
37.71	31.04	37.36	35.74	32.63	34.54	35.93	36.18
35.69	26.33	25.97	29.67	34.71	27.9	27.81	29
29.8	32.71	30.05	30.66	26.54	27.63	36.98	26.95
27.71	37.11	23.01	24.53	26.47	31.22	25.43	27.64
27.88	29.77	26.65	24.18	25.72	25.99	26.28	26.07
32.47	33.08	30.78	25.81	28.87	33.98	25.64	26.73
22.94	23.5	22.57	26.01	25.85	26.35	22.35	27.47
30.35	31.56	38.44	26.02	30.98	31.59	27.49	32.4
28.41	24.36	22.64	25.42	29.53	30.39	27.56	26
31.06	22.96	27.71	33.54	29.17	33.43	28.21	26.75
36.24	33.43	43.58	34.89	43.72	34.56	38.03	38.82
27.58	29.05	30.62	35.11	25.72	29.6	34.51	33.45
27.68	28.32	30.19	28.17	27.58	29.73	27.95	25.77
28.28	21.95	27.65	29.66	25.2	25.89	23.67	22.26
32.5	26.61	35.29	36.66	29.04	27.89	33.39	32.25
31.02	27.85	29.11	23.99	27.89	28.59	31.85	34.29
31.83	31.02	34.3	34.68	32.32	32.15	29.61	27.83
26.89	24.9	27.14	28.54	23.97	26.45	22.86	23.82
26.76	20.83	28.11	29.34	27.73	29.77	29.95	32.32
33.67	31.19	32.72	35.28	34.98	36.18	29.31	27.85
24.55	24.45	26.09	26.35	27.06	28.41	30.23	26.15
29.68	27.45	24.22	26.21	30.52	25.83	25.14	23.78
29.55	28.23	32.28	35.29	30.48	29.83	33.44	28.12
31.79	25.46	26.65	30.88	30.29	31.17	28.37	30.18
29.26	30.34	28.72	27.23	27.11	27.33	25.34	29.19
31.74	33.96	32.78	37.86	35.06	31.74	30.75	32.72
28.49	32.77	34.72	34.85	31.56	30.02	34.41	30.48
29.62	23.82	30.96	25.96	27.03	28.8	25.77	30.52
34.24	28.71	27.34	27.94	30.05	33.02	30.74	28.93
34.23	35.69	33.51	37.46	37.83	36.05	40.07	36.31
33.73	32.22	30.89	29.12	29.35	34.25	34.32	31.86
29.82	26.99	30.65	26.78	26.02	21.55	27.17	27.99
29.96	27.37	28.13	30.19	33.91	26.5	27.38	30.85
35.59	33.84	32.09	31.96	36.37	33.32	32.9	31.63
39.47	30.9	40.37	28.85	30.43	38.89	29.36	40.92
32.29	27.02	26.58	31.51	28.66	30.49	30.9	30.35
36.25	28.64	29.45	31.22	30.03	26.35	36.87	31.5
27.59	31.15	27.4	30.51	36.05	34.25	33.44	37.36
31.39	31.19	30.85	32.41	32.84	27.16	31.24	29.09
26.91	22.52	30.86	27.38	26.85	25.51	33.58	27.57
30.33	34.97	30.91	30.46	33	30.21	31.86	30.48
30.41	32.9	28.82	32.34	36.51	28.14	23.64	29.71
28.09	27.13	27.63	28.02	36.95	31.88	29.26	28.87
26.99	29.88	25.84	25.92	26.66	27.98	29.44	30.99
24.02	29.18	29.44	26.58	28.85	27.1	24.04	25.93
35.61	30.47	28.36	33.73	29.79	31.57	27.26	25.77
27.51	26.49	21.5	26.61	22.54	30.28	26.39	22.67
34.24	26.41	26.28	28.14	29.24	30.34	28.24	30.41
27.28	23.26	27.59	28.51	29.71	29.16	27.59	26.08
33.81	33.16	32.76	34.32	36.16	32.97	33.6	37.39
29.33	36.58	32.47	35.37	28.97	34.37	29.62	29.29
31.51	34.26	34.04	31.98	31.71	31.84	27	27.74
32.56	27.42	33.96	32.24	31.76	27.98	32.7	33.14
22.19	23.71	26.16	29.33	32.01	31.94	30.77	25.36
31.04	32.92	36.83	31.14	30.36	28.58	31.26	28.39
32.81	34.43	34.55	33.75	23.67	33.91	32.44	37.2
31.25	34.19	34.42	30.15	42.45	31.63	29.78	36.48
28.99	27.88	27.48	26.92	31.53	31.78	32.28	28.64
39.26	38.22	38.05	37.97	41.11	45.87	40.13	46.18
25.04	30.97	27.87	29.42	28.09	25.98	31.21	31.68
26.72	25.46	25.5	30.45	24.02	37.27	22.93	31.13
26.55	25.52	28.81	25.8	24.81	27.5	26.53	23.18
29.01	36.9	32.31	42.33	32.52	35.06	35.19	30.18
33.89	32.71	40.44	38.58	32.75	29.13	33.48	43.89
30.62	33.98	31.76	29.9	29.04	29.8	34.23	36.38
23.81	30.64	26.29	31.36	23.74	26.38	27.36	26.03
30.54	28.38	36.67	31.27	30.5	31.89	29.33	33.07
32.7	28.1	29.69	27.97	31.23	24.99	31.24	26.81
19.97	21.47	20.22	23.71	25.54	24.8	25.96	27.57
29.63	32.18	30.58	27.41	28.86	30.02	28.94	35.59
38.88	34.96	35.84	30.33	38.26	39.04	30.98	37.18
27.38	23.93	25.08	29.11	26.43	25.43	28.58	24.76
30.69	20.94	24.09	29.83	27.46	25.16	28.74	29.8
29.06	28.83	31.51	29.65	24.15	25.35	25.33	27.7
27.88	28.98	27.9	25.51	26.18	25.48	24.95	26.45
32.03	32.67	33.8	29.94	29.74	32.18	24.94	23.35
33.4	26.62	32.04	36.44	31.94	27.08	31.25	33.79
31.1	31.62	31.99	35.03	26.63	27.29	34.47	27.51
38.68	33.06	34.37	36.99	38.06	35.23	38.08	35.84
33.24	23.89	29.27	23.44	33.4	28.72	25.67	31.65
29.7	28.97	31.12	27.45	26.64	30.36	38.1	32.94
29.99	30.49	26.87	25.88	27.11	25.74	30.2	25.14
34.56	30.72	25.98	33.53	32.63	30.01	28.39	31.55
27.24	40.09	37.37	31.32	32	34.99	32.56	37.42
35.64	35.17	28.45	33.75	37.67	35.5	34.47	32.49
31.69	28.32	32.19	25.78	27.26	24.02	31.13	26.43
40.17	36.93	36.04	35.67	35.38	37.6	32.73	32.78
30.33	30.4	24.77	35.55	26.09	30.02	34.64	31.03
27.77	24.73	25.29	25.31	22.31	28.23	30.05	29.2
29.26	28.68	29.22	40.45	28.47	28.91	29.74	36.2
35	32.34	40.28	31.95	38.85	32.63	37.85	37.61
34.05	28.87	31.62	39.13	30.69	35.71	30.87	34.96
38.35	33.59	33.34	36.86	42.12	32.66	38.7	37.28
26.79	30.03	32.79	27.29	31.33	30.36	28.85	33.4
21.83	26.87	28.37	31.55	24.81	22.99	25.14	19.86
27.38	31.49	33.53	30.42	27.52	30.21	26.38	26.06
34.19	29.39	33.87	34.33	34.65	37.22	36.32	32.28
34.13	34.88	31	30.77	28.11	30.7	29.48	28.26
30.13	31.6	25.67	32.74	28.17	29.52	27.68	24.7
32.98	32.09	28.08	29.52	27.11	31.35	33.53	32.41
35.52	32.18	35.82	35.15	31.2	34.77	35.47	33.06
26.13	25	36.05	33.86	25.53	29.04	25.28	29.39
25.12	25.28	28.56	28.26	27.59	28.21	25.7	24.43
30.25	32.26	32.66	28.61	39.39	28.15	31.64	33.97
30.97	36.19	32.74	33.77	36.61	32.65	32.82	35.72
29.59	26.45	27.64	27.92	25.34	26.52	29.83	24.11
22.52	21.65	21.07	26.01	24.55	23.22	27.21	24.48
21.31	23.51	23.42	21.62	20.12	24.36	22.99	24.79
34.28	25.53	33.97	29.28	29.11	38.77	31.75	29.4
33.19	26.28	29.94	22.85	25.63	24.4	27.63	32.59
26.45	28.76	29.16	32.44	27.53	36.59	26.12	26.86
28.24	29.56	31.49	33.23	33.32	21.06	26.69	31.75
28.59	30.4	26.77	30.63	32.34	27.34	26.76	28.26
25.83	27.01	23.48	26.77	30.36	24.32	25.46	25.07
26.26	25.9	30.59	25.91	24.48	27.58	26.61	26.87
32.12	36.76	35.11	31.35	34.81	33.9	32.53	29.26
32.21	33.62	31.7	29.55	25.7	35.61	29.68	32.31
36.32	28.79	33.02	29.91	29.05	25.59	25.22	29.23
28.86	31.3	33.46	28.73	28.19	30.3	26.66	33.73
35.21	31.29	33	32.6	36.09	31.79	35.44	32.65
39.77	33.34	37.52	32.65	33.06	31.7	35.79	37.9
40.22	30.9	39.96	33.89	30.45	41.39	38.61	29.93
29.49	28.73	30.84	26.99	24.39	28.81	25.61	35.01
29.37	35.41	29.12	25.64	31.82	31.21	29.46	31.74
26.95	31.13	34.61	29.6	30.78	29.48	33.78	31.44
27.07	30.25	35.34	29.94	31.67	36.52	29.33	35.2
28.63	28.8	26.14	23.1	24.77	25.11	20.35	25.05
31	25.94	30.69	26.53	27.45	25.2	24.83	32.18
23.76	26.74	28.06	31.23	20.78	26.64	27.91	21.27
26.01	28.13	25.37	24.43	21.81	26.24	25.29	26.97
27.21	25.6	30.44	25.22	29.7	26.92	31.81	25.39
31.28	31.24	38.95	35.84	40.25	33.64	34.58	30.74
26.71	32.45	28.84	32.02	23.58	27.02	27.66	24.18
33.47	34.7	37.73	35.28	34.48	33.14	36.23	35.23
37.22	32.81	33.12	28.88	39.25	31.34	37.1	32.13
26.45	32.79	32.87	28.28	29.36	25.77	29.92	29.91
31.74	32.2	36.17	35.74	34.78	28.59	35.94	33.02
27.68	32.44	32.07	29.57	30.86	21.6	35.74	30.98
26.51	28.97	26.27	31.27	25.78	25.63	24.7	33.92
32.33	30.96	38.72	32.52	33.58	36.05	31.18	34.88
29.37	30.72	26.36	27.18	26.38	30.31	26.72	37.22
30.29	30.7	28.59	29.92	32.31	30.49	22.66	28.1
31.82	29.86	32.02	30.75	33.11	29.39	28.69	27.58
29.07	28.04	37.48	33.57	28.36	28.42	27.63	25.03
31.79	27.75	32.56	26.32	29.75	29.83	31.29	28.26
32.84	36.55	27.08	26.74	29.35	27.61	30.1	27.43
26.19	25.8	22.33	31.21	27.67	27.11	29.77	32.97
27.15	28.86	23.32	30.42	23.74	28.2	32.17	28.35
33.42	38.27	39.95	40.3	37.13	32.35	37.81	33.33
28.77	34.23	28.39	33.82	32.83	32.95	28.59	32.16
28.58	37.87	32.09	26.99	28.6	28.32	31.96	32.83
27.67	31.15	25.4	25.96	24.54	31.14	28.37	26.4
26.63	27.74	31.12	29.1	30.99	29.81	26.84	29.44
27.35	24.35	21.79	29.47	27.97	26.27	25.54	22.06
29.57	26.83	28.61	25.25	25.73	28.28	31.49	27.92
31.94	30.11	26.91	36.6	28.35	28.56	33.12	33.11
37.61	35.67	34.23	38.63	32.58	29.77	27.76	33.54
26.15	31.22	29.58	23.34	25.24	29.71	30.78	30.04
36.56	40.8	34.57	37.85	27.96	37.97	36.76	32.48
35.77	34.89	32.01	38.66	36.62	35.05	33.27	37.09
29.13	28.85	24.84	32.95	28.59	27.46	32.75	25.26
27.3	28.35	35.81	30.74	32.36	31.12	30.04	30.6
30.23	30.83	36.14	33.9	35.96	31	29.23	33.85
26.41	26.02	31.97	25.36	26.2	27.09	30	30.17
26.15	26.95	25.23	26.87	23.18	26.27	27.39	26.24
30.88	31.23	29.68	29.63	29.73	33.16	30.87	35.09
33.88	32.83	31.58	26.6	34.76	33.7	30.55	30.2
35.86	36.32	34.05	27.95	35.13	30.95	31.82	33.82
31.8	28.65	34.05	35.6	36.74	33.78	25	30.3
27.54	31.65	26.99	27.4	33.11	29.28	23.45	29.61
31.85	36.98	30.14	35.98	31.21	41.6	30.16	35.42
29.95	33.3	34.83	32.98	36.51	34.98	31.35	30.32
26.24	30.21	33.72	28.51	29.74	27.21	31.72	32.73
32.87	25.64	29.47	34.86	33.98	35.8	32.39	27.78
21.75	27.48	27.23	24.75	24.15	25.32	24.81	24.27
23.8	28.28	29.47	21.77	20.29	23.7	26.05	21.68
27.75	29.52	26.57	24.03	25.52	24.99	21.07	30.05
26.38	29.96	29.78	27.48	27.35	31.9	28.6	28.13
27.58	26.9	28.51	27.98	25.75	30.33	30.02	29
29.34	35.71	32.88	31.3	30.46	31.95	29.56	29.66
30.28	29.17	29.59	24.63	34.44	27.81	31.31	25.01
25.89	23.09	25.14	27.77	26.48	28.29	27.75	23.29
28.3	40.39	29.79	31.58	27.74	34.16	35.45	36.77
31.51	27.53	30.85	33.74	27.65	25.95	29.6	32.8
24.2	25.08	30.3	29.62	30.12	27.45	31.33	27.31
30.39	32.31	31.71	33.02	31.13	29.65	27.12	30.96
32.88	32	27.73	28.19	32.42	34.22	30.82	32.31
34.22	32.91	24.99	28.3	29.75	26.71	31.95	26.68
28.74	27.39	29.59	30.6	30.33	27.58	29.12	28.84
29.54	29.9	23.27	27.8	28.71	28.51	29.01	28.31
28.39	26.88	23.25	24.4	24.1	23.9	23.34	25.54
27.32	28.97	27.08	26.49	30.09	26.6	31.87	34.14
24.48	23.85	27.63	26.67	27.09	31.86	28.01	26.44
26.14	28.51	28.85	35.2	23.4	35.96	34.81	34.55
38.13	36.23	30.14	30.49	31.6	29.25	30.88	30.34
32.26	33.81	28.25	27.25	25.43	28.49	26.25	28.03
32.57	27.23	32.6	30.44	28.34	24.1	30.58	30.92
25.64	32.24	23.41	29.82	24.98	25.82	32.46	26.7
31.4	29.73	34.3	31.87	27.82	27.06	30.25	36.63
29.01	28.92	26.09	27.3	30.15	29.84	25.81	27.33
32.89	30.04	25.92	27.16	30.49	25.28	32.08	27.48
26.55	28.12	29.92	25.59	28.67	25.67	29.39	34.68
19.33	20.69	20.37	22.74	23.31	22.51	23.72	20.62
27.68	29.89	31.86	30.13	25.33	33.89	29.79	24.48
29.98	39.2	28.72	30.61	30.81	30.51	39.27	29.48
25.3	30.11	26.61	24.33	25.27	30.98	26.46	29.58
26.75	27.66	30.13	28.12	25.45	31.39	31.6	20.61
32.71	27.24	27.18	27.79	31.36	28.84	25.34	27.19
31.32	37.61	30.77	31.84	37.81	35.92	37.79	33.87
28.27	30.92	31.13	34.62	32.13	37.01	35.57	24.68
37.9	34.01	34.56	35.59	33.65	33.16	27.47	37.85
27.99	29.72	30.7	31.56	33.39	36.57	29.95	27.43
27.63	26.5	23.26	34.24	33.27	22.98	27.27	28.67
27.25	27.72	27.22	37.1	30.31	27.58	25.11	25.46
37.08	28.78	29.52	33.09	30.05	30.23	33.3	31.43
27.61	27.1	32.11	36.31	29.75	27.48	29.92	25.62
30.04	27.1	31.01	38.51	29.17	27.86	24.34	26.32
33.49	36.44	30.88	41.09	25.42	35.86	33.85	29.65
24.46	28.6	28.1	28.51	22.69	20.71	27.25	30.05
31.5	31.47	33.74	35.15	27.75	29.67	28.89	34.34
29.42	31.83	27.13	23.83	27.83	33.52	27.92	28.45
26.27	37.53	36.72	33.65	38.14	37.42	33.81	31.09
38.5	40.25	35.19	40.01	32.31	35.26	30.82	36.11
30.85	33.25	30.96	29.75	24.57	40.11	34.61	25.43
29.09	27.73	28.68	29.56	31.14	31.12	29.21	30.78
28.64	28.94	30.85	29.73	31.54	35.09	31.05	26.22
31.65	30.4	26.31	32.7	30.17	29.55	33.68	29.24
26.75	27.08	26.3	22.84	27.79	26.36	28.53	20.86
39.16	33.42	32.26	33.11	34.18	29.89	29.31	32.56
35.39	34.77	33.51	32.97	32.91	30.25	34	38.4
23.59	31.59	22.66	28.81	33.9	27.02	28.6	29.01
24.96	24.92	18.78	25.09	25.16	27.87	30.41	30.23
31.14	45.82	34.92	40.11	36.09	35.48	37.17	28.04
32.63	29.91	24.06	26.02	25.31	25.02	24.2	26.67
35.59	26.34	29.14	30.13	29.86	27.86	29.99	28.3
41.23	33.97	30.61	35.92	35.44	28.15	36.76	36.02
30.92	29.34	27.22	26.46	25.53	27.99	24.82	30.54
31.49	26.75	32.01	35.36	32.92	27.37	28.1	31.89
28.6	31.61	30.83	31.25	30.74	31.54	27.91	27.62
32.8	24.32	26.16	28.04	26.47	26.3	25.6	29.39
26.43	31.4	22.76	34.74	30.09	25.26	29.89	33.21
41.12	38.09	39.49	36.03	34.32	31.07	35.08	44.64
29.78	26.74	29.36	26.18	28.82	33.92	27.63	23
28.97	26.74	27.49	25.36	26.47	23.81	26.59	29.91
26.91	26.21	26.74	29.97	26.66	28.05	35.05	31.52
33.68	36.43	31.86	31.15	34.11	30.6	27.85	34.11
32.33	26.82	32.56	35.76	35.38	34.87	30.57	32.51
22.45	25.16	24.2	26.09	25.63	26.33	23.89	28.52
27.07	23.94	27.06	24.86	27.76	27.2	25.19	28.11
34.38	30.35	31.92	30.84	25.59	27.41	28.8	29.34
27.02	26.45	30.03	33.96	34.45	30.98	28.85	27.94
37.59	29.08	27.44	31.43	29.44	37.43	34.61	28.67
28.7	29.03	31.58	34.4	28.51	29.15	28.03	31.11
33.22	31.67	29.46	33.37	33.01	24.17	31.94	31.2
23.69	30.64	34.45	27.95	27.86	26.57	25.83	27.68
26.83	26.22	27.88	25.75	32.46	30.06	34.72	32.65
33.33	31.92	37.38	24.65	31.6	26.43	33.79	26.43
28.44	24.89	31.81	24.4	26.68	26.19	27.75	26.61
18.48	23.87	20.48	20.9	19.51	27.44	21.6	22.96
25.81	25.75	29.11	29.95	21.25	25	28.84	28.96
34.6	33.56	26.75	36.01	33.9	35.81	32.91	31.8
25.89	25.08	25.6	32.34	28.34	25.71	29.11	26.29
31.33	31.13	33.59	37.2	35.31	37.81	28.41	32.06
34.63	33.16	31.92	29.72	28.45	34.63	32.48	30.99
25.59	22.85	31.37	26.09	22.06	26.48	25.37	29.81
32.34	34.61	30.01	32.61	34.49	28.73	32.32	33.33
26.64	27.79	29.13	24.58	24.35	29.94	27.75	23.52
27.13	27.64	27.99	28.49	28.74	27.22	24.53	27.02
26.31	27.02	26.72	27.48	26.1	34.6	31.82	26.9
38.99	35.63	35.78	29.47	38.81	35.42	29.88	34.04
26.08	26.35	28.19	22.39	20.84	23.8	29.21	27.93
28.31	28.48	26.38	26.38	29.66	27.47	23.46	30.61
32.81	34.46	33.97	39.49	35.07	38.3	27.92	30.52
33.27	36.62	34.19	32.28	31.34	31.33	34.92	38.42
24.91	25.91	24.41	23.91	24.68	26.77	29.65	24.32
32.66	38.97	28.94	32.53	28.18	35.72	30.37	31.32
23.41	22.88	26.56	29.78	25.04	28.69	27.65	31.16
22.3	25.49	27.4	26.1	26.43	24.73	23.14	22.86
31.68	31.55	28.9	30.51	32.68	29.81	36.47	33.74
21.95	20.1	20.19	27.26	23.85	24.19	23.85	25.83
32.72	30.75	36.92	32.27	24.89	25.71	36.94	33.7
29.91	40.84	32.17	37.45	31.52	29.75	36.13	33.73
27.84	27.28	29.1	27.62	29.62	31.43	36.24	31.67
39.12	32.92	37.07	39.02	32.79	32.33	33.83	33.48
29.85	30.56	29.17	33.2	27	26.11	34.79	30.83
29.95	31.73	29.36	32.45	26.44	29.81	34.44	29.83
30.53	33.48	29.44	33.47	36.48	39.91	35.85	34.94
21.41	29.1	29.05	26.96	26.66	32.34	29.78	22.2
30.38	33.81	31.31	27.57	27.56	34.48	29.31	27.69
24.99	25.45	26.93	26.14	21.71	20.39	24.55	28.1
28.73	25.67	27.27	26.64	25.04	33.47	26.65	34.34
39.38	33.75	39.17	30.05	32.42	34.76	33.04	35.03
21.26	30.87	27.26	25.88	26.57	26.83	23.99	24.73
33.35	35.08	36.02	31.31	34.7	33.53	32.97	29.56
33.01	31.56	31.44	30.15	27.77	31.34	31.99	40.32
27	32.01	27.65	28.5	32.4	27.21	29.17	26.45
38.44	33.43	25.31	30.59	28.32	27.84	35.11	28.73
29.11	26.12	37.47	25.77	28.72	31.3	25.14	28.46
29.67	27.76	29.23	33.56	26.27	29.07	32.94	28.95
22.31	22.8	32.36	30.17	27.89	32.18	35.12	28.2
30.85	30.32	29.34	31.52	28.97	31.41	29.65	28.1
32.05	28.36	26.05	32.25	26.29	30.86	24.29	26.5
24.96	25.99	26.57	27.94	28.13	23.77	31.93	28.05
26.35	26.43	31.72	31.5	25.67	28.96	28.63	27.7
34.6	31.79	31.82	36.78	24.25	35.56	38.18	33.69
31.33	29.75	28.24	35.07	31.4	38.05	28.01	30.6
26.01	30.97	24.49	31.32	25.36	24.21	22.4	27.61
27.7	24.22	25.77	29	25.73	26.81	25.88	31.67
38.12	35.77	48.24	33.24	38.56	39.51	37.94	36.28
26.35	29.15	28.52	28.8	29.88	27.15	28.63	29.32
28.08	39.33	34.77	36.31	30	30.15	29.83	31.64
31.62	26.14	24.09	26.17	26.01	29.85	24.3	23.53
33.63	24.78	25.24	28.95	31.32	24.65	27.36	28.71
25.11	24.13	26.14	25.24	24.56	31.07	27.27	34.86
27	35.38	36.04	31.36	29.62	30.24	28.01	27.49
26.76	24.97	29.42	23.24	25.03	28.41	25.14	28.33
35.54	31.97	28.7	34.67	28.42	32.38	32.8	32.92
31.55	23.22	25	25.14	27.33	27.85	26.56	34.16
35.32	30.89	30.01	29.35	33	32.26	27.09	32.62
27.77	28.35	31.53	24.2	33.98	33.08	29.01	26.88
41.76	34.55	42.19	37.41	34.78	39.87	35.38	42.82
28.7	31.47	32	27.52	28.14	30.11	30.26	28.51
27.44	27.46	25.85	28.08	27.94	26.83	26.92	22.86
27.27	28.62	21.15	28.45	30.59	27.48	31.19	25.6
32.2	28.89	36.42	38.71	30.73	42.5	37.99	36.45
36.73	31.12	36.98	31.41	29.49	32.22	28.86	27.69
33.17	31.6	30.27	26.32	33.39	34.65	24.75	30.69
31.02	32.7	30.57	29.26	30.76	35.3	31.7	28.2
29.91	26.25	28.13	29.39	28.34	32.54	29.26	26.37
31.12	33.39	30.73	39.3	32.92	29.73	32.7	34.32
26.93	31.53	29.68	26.99	35.71	31.54	30.27	35.92
28.99	22.35	28.03	31.11	27.4	28.04	34	32.35
26.47	29.11	30.06	23.99	26.34	25.05	24.97	25.35
32.45	30.84	35.21	27.17	31.92	34.68	30.71	34.32
29.27	23.95	29.71	33.6	31.31	32.02	29.67	25.95
34.94	27.22	33.56	31.17	27.61	28.93	29.64	30.39
37.7	35.57	32.53	35.87	34.67	34.62	29.51	31.66
23.83	24.47	29.53	30.26	26.24	31.88	26.06	27.7
25.1	32.46	31.75	28.44	26.96	30.52	24.58	26.39
27.18	28.77	29.95	21.78	28.88	29.23	30.04	32.49
31.57	28.98	31.6	32.27	30.85	28.06	31.32	32.9
30.7	28.05	33.79	28.6	22.77	27.99	34.12	26.06
29.83	28.76	26.33	23.36	22.39	28.41	23.48	23.33
46.31	43.49	37.34	33.24	43.62	33.47	37.2	43.56
30.14	29.98	27.62	22.83	27.72	24	25.4	25.86
32.61	36.34	33.36	29.3	27.06	33.66	27.97	35.9
30.28	35.9	34.65	36.99	42.1	29.66	36.72	39.93
36.63	39.96	31.47	31.09	31.85	28.46	31.33	28.02
24.68	21.69	26.96	24.83	23.02	24.75	26.85	25.48
30.41	24.83	27.98	24.93	33.05	29.47	27.69	24.96
24.33	27.33	23.34	29.01	26.73	26.26	27.48	28.22
38.28	32.8	36.79	35.31	35.09	33.82	31.16	34.42
29.55	24.39	28.05	24.79	25.15	27.4	29.88	36.2
27.24	31.73	28.4	28.95	31.85	27.8	29.88	27.15
27.94	25.36	23.77	27.82	30.7	27.7	24.3	29.73
21.58	28.21	20.7	25.59	23.85	24.98	23.87	32.51
33.19	24.3	23.23	25.36	24	28.09	25.62	30.74
29.32	37.76	34.83	33.34	33.47	37.86	37.99	34.18
28.38	25.37	24.65	25.74	26.24	25.08	31.68	31.25
29.03	34.27	33.96	32.81	29.35	28.78	35.54	27.35
32.32	33.86	36.28	31.49	33.04	35.3	33.42	33.6
29.51	28.85	27.18	29.62	25.84	27.52	28.02	30.33
26.67	27.81	27.64	24.13	26.1	33.83	23.82	30.12
26.37	28.02	29.95	29.98	23.77	27.88	25.31	25.64
34.72	28.24	32.65	27.61	31.24	29.61	31.54	34.74
32.83	34.37	37.83	34.37	35.57	36.87	30.3	30.41
25.49	27.19	22.34	29.92	21.6	25.94	22.4	30.57
26.44	29.94	28.63	30.06	27.34	28.29	27.82	31.19
30.18	31.61	29.39	28.19	25.06	26.92	25.92	29.55
32.1	26.65	31.2	28.9	31.77	28.92	28.16	27.4
33.13	41.04	35.05	36.59	33.61	40.24	29.87	32.66
28.7	32.28	28.65	25.32	28.18	29.13	32.75	29.54
33.38	33.49	34.23	24.73	31.77	29.59	22.5	34.44
33.01	31.84	32.83	27.86	40.93	29.95	35.69	32.93
29.51	31.58	27.92	32	28.52	34.02	29.04	28.01
28.99	39.95	35.46	31.69	33.31	31.54	23.85	30.14
31.3	29.82	31.62	27.7	28.78	27.63	30.65	29.48
22.15	24.47	25.38	25.13	25.18	32.28	30.86	20.34
35.89	30.69	26.31	27.97	27.14	31.5	27.29	24.27
33.03	38.33	26.6	31.12	37.56	35.01	30.43	34.02
30.27	24.33	27.61	25.45	27.78	28.27	22.6	26.46
26.88	27.12	27.9	27.88	33.04	24.3	25.25	24.62
28.27	29.98	24.28	31.57	28.17	29.23	26.39	27
36.57	35.09	35.06	27.26	27.5	29.99	33.8	30.99
33.67	40.23	33.92	36.78	33.75	30.44	38.21	33.16
37.56	26.33	31.88	33.25	32.12	35.29	26.87	35.83
33.16	31.77	35.72	32.02	33.87	36.71	32.05	29.27
31.99	30.58	24.53	29.42	32.77	26.22	32.55	30.79
27.63	30.71	32.45	26.82	26.44	32.33	30.83	29.17
31.68	24.65	28.91	29.47	26.28	28.43	24.58	27.68
26.02	32.24	35.52	28.6	30.55	31.65	32.12	30.01
39.09	33.21	35.92	41.49	34.82	40.58	28.69	38.5
35.64	32.58	29.88	31.99	36.01	31.16	30.77	31.42
29.69	33.19	31.27	35.9	32.4	37.87	36.55	33.32
23.53	28.06	30.65	30.72	32.97	31.43	29.57	30.3
31.8	23.92	28.42	28.08	30.06	28.94	25.52	22.97
32.8	35.67	34.31	26.36	29.95	27.9	31.45	32.48
25.42	26.82	30.43	26.6	29.68	29.42	24.37	31.12
26.71	32.78	32.11	31.78	33.16	33.91	32.92	35.72
34.23	27.37	32.77	27.81	32.42	32.28	33.09	30.47
35.95	29.71	23.67	30.93	24.25	23.98	27.32	26.87
30.62	23.34	28.28	26.72	29.37	28.09	24.71	28.34
23	30.79	33.74	27.5	28.61	31.59	30.31	33.7
25.82	28.38	26.97	26	27.44	30.58	30.34	29.9
36.18	37.36	33.79	29.61	32.95	39.33	38.2	32.33
44.44	29.1	36.01	39.07	35.62	30.66	45.4	36.81
32.45	33.29	32.14	35.32	31.98	27.63	31.36	38.36
30.22	28.67	21.18	25.56	25.35	22.47	27.56	25.7
32.07	34.76	33.26	38.52	33.95	34.19	28.91	33.05
32.04	31.57	28.22	36.3	36.87	28.67	31.73	34.01
33.78	36.39	39.07	31.3	44.48	41.51	32.55	38.41
36.09	35.7	26.35	28.91	31.99	27.09	26.71	27.41
28.32	26.67	21.04	25.09	27.16	28.3	27.4	26.29
25.05	31.07	23.08	22.67	24.24	26.9	21.47	22.83
23.6	27.05	33.8	27.32	24.31	27.63	27.4	22.9
24.61	27.47	25.86	27.67	26.46	24.26	22.39	27.16
34.5	26.16	33.01	28.23	32.71	31.58	28.7	31.39
32.56	31.35	29.56	29.99	31.21	31.5	34.27	27.77
38.14	35	30.74	30.61	27.14	34.96	31.19	33.09
31.75	29.06	36.17	35.33	35.43	34.43	39.21	35.27
35.11	34.65	30.79	30.07	29.94	34.94	30.57	41.42
37.34	35.99	34.25	32.47	26.88	37.84	39.31	37.72
22.63	22.88	24.07	23.1	26.44	26.23	23.78	23.39
28.67	34.66	26.11	31.47	30.83	28.89	34.28	31.47
29.3	32.81	28.06	27.06	30.2	27.92	27.33	28.2
31.28	22.79	29.16	26.51	30.5	28.81	29.25	28.25
31.82	29.17	27.76	31.11	26.46	29.71	28.37	29.09
25	30.74	32.82	31.07	32.4	28.28	29.27	27.09
42.96	40.07	29.38	31.4	35.16	33.4	42.72	32.25
32.09	29.66	26.47	24.72	23.35	24.69	27.34	26.84
35.54	30.11	32.31	33.16	32.7	33.3	41.74	34.96
32.69	29.78	25.62	39.79	26.46	34.64	31.43	35.61
26.82	29.75	28.13	32.4	31.07	28.83	28.65	29.05
26.42	21.71	23.88	23.16	24.11	23.33	29.56	28.63
27.17	30.88	30.26	32.65	31.64	26.22	31.55	28.65
25.6	27.47	24.75	31.73	27.18	28.15	29.59	24.08
27.51	29.6	27.75	29.46	25.18	26.74	31.19	28.44
29.69	29.13	35.49	40.76	29.39	30.1	32.01	31.79
31.69	26.07	31.8	32.82	29.45	30.76	27.7	26.6
31.76	32.31	35.56	31.5	28.89	30.94	30.88	32.38
26.34	29.6	28.54	30.46	29.16	29.53	24.44	28.75
30.92	26.5	29.48	39.4	29.54	30.57	34.65	26.8
36.69	30.27	28.4	29.03	34.15	31.94	33.16	28.31
29.31	29.85	28.14	29.37	34.34	28.71	27.96	27.09
33.96	28.21	31.32	30.39	33.04	26.36	27.17	28.19
23.69	30.01	25.3	23.72	21.22	25.13	28.86	25.5
28.77	28.58	26.26	26.84	27.85	25.67	25.83	28.74
33.45	34.38	36.3	29.56	41.14	37.11	33.6	41.71
27.37	27.64	28.02	26.28	26.03	24.2	28.41	32.84
29.66	37.72	28.42	26.33	34.91	34.57	33.81	29.2
27.7	29.69	25.15	32.44	34.13	32.46	29.9	35.5
30.33	23.94	34.75	26.94	26.92	28.78	27.1	29.68
37.31	29.23	32.48	31.7	29.76	26.97	34.93	32.99
28.77	25.92	22.39	23.97	28.14	28.92	27.23	26.54
26.69	29.09	34.85	34.28	35.07	28.02	33.9	30.25
23.07	26.33	27.68	31.4	23.91	26.86	25.1	25.03
34.1	27.21	22.99	25.29	28.1	28.57	27.56	28.06
33.86	32.66	30.43	36.53	28.52	37.61	36.53	36.03
31.46	35.08	30.71	30.94	34.92	30.86	28.86	28.12
22.77	21.82	23.12	24.57	21.95	22.72	21.72	23.93
27.05	22.7	30.47	26.67	24.67	29.18	26.35	31.06
35.29	29.61	31.5	39.94	28.04	28.53	24.92	30.29
27.13	34.62	30.7	26.5	28.75	25.35	26.05	27.82
31.96	34.04	31.53	35.83	25.69	30.23	33.61	31.61
30.2	33.25	33.37	33.66	30.52	31.59	36.04	32.08
29.24	27.84	21.45	28.31	28.58	29.1	30.12	27.04
27.59	29.8	32.18	31.68	29.21	31.39	27.54	30.74
32.33	29.62	31.14	31.15	31.15	28.92	30.36	29.08
24.74	26.33	32.87	28.97	26.58	24.18	28.55	29.74
34.42	32.01	31.41	30.33	29.54	35.47	30.57	29.04
21.24	24.59	25.51	24.29	23.93	21.88	21.74	24.03
21.1	25.63	23.56	22.33	25.66	23.33	25.81	26.81
24.99	26.87	25.1	18.83	21.39	28.83	28.13	25.72
35.78	34.76	33.83	30.64	34.23	28.3	32.15	34.97
33.03	36.87	26.75	38.25	28.16	30.99	35.61	33.03
29.79	30.22	34.51	33.89	31.08	30.58	32.29	35.42
24.01	29	25.23	24.65	29.43	26.01	26.71	27.37
34.73	30.05	28.63	27.5	34.13	23.75	29.08	35.72
31.8	42.07	37.71	40.51	39.78	38.23	41.96	37.38
31.34	32.9	31.42	24.61	36.14	31.98	31.35	29.91
31.84	27.73	31.46	26.86	29.57	29.95	27.16	30
30.09	27.25	25.42	26.75	28.57	25.21	31.91	25.3
29.69	27.11	30.14	28.02	30.33	27.85	27.29	30.45
22.99	35.5	29	31.81	34.77	28.26	28.79	28.24
20.84	22.84	27.9	25.11	28.83	26.2	31.17	23.52
29.43	32.33	32.95	33.54	34.4	32.75	37.73	33.71
28.35	30.17	31.23	27.92	29.97	29.35	28.85	28.06
32.79	32.35	27.91	30.63	26.42	28.58	27.62	26.86
31.3	30.05	32.22	31.27	35.13	29.84	38.79	33.42
23.16	20.53	22	26.7	24.41	21.61	25.82	24.82
37.7	35.92	36.95	39.35	37.19	30.59	28.24	36.27
33.46	27.48	29.19	27.7	22.58	26.17	28.8	23.53
39.78	24.39	33.5	28.94	32.59	31.64	24.82	29.57
33.07	30.8	39.81	30.04	35.19	31.28	32.78	32.5
25.42	30.17	25.44	26.71	31.06	32.04	33.25	29.52
27.87	35.85	33.55	31.26	32.92	33.05	31.27	33.2
26.78	26.73	30.63	27.85	26.87	27.46	29.88	26.76
33.44	28.39	35.89	32.2	30.49	33.43	26.98	30.06
35.56	40.96	30.6	27.79	25.65	34.53	33.17	31.61
31.69	25.35	32.18	27.14	30.5	34.92	30.84	33.08
33.03	27.18	31.43	27.52	30.51	29.37	29.13	26.59
27.36	34.39	27.1	31	25.88	30.09	29.69	29.38
27.98	31.17	26.78	32.59	29.81	27.94	31.19	32.51
23.44	19.75	19.57	24.71	17.07	24.29	23.88	20.39
29.96	24.94	23.26	30.47	27.28	28.38	23.76	24.13
29.21	26.79	30.24	26.92	31.3	27.86	28.52	29.6
37.39	31.82	27.84	33.25	37.01	25.59	29.44	28.35
32.4	22.85	21.7	26.89	29.66	27.73	22.17	34.43
28.28	30.02	24.66	22.59	29.5	25.74	27.36	27.76
26.71	28.99	25.84	28.05	24.65	27.97	30.65	30.54
39.67	29.6	38.22	37.33	32.91	34.76	33.49	34.38
26.75	22.04	30.02	28.09	26.13	21.89	28.13	21.87
27.02	28.68	23.69	25.2	27.77	23.15	25.64	26.75
36.03	30.47	29.13	29.03	30.62	35.85	32.45	31.65
32.74	34.32	42.36	32.78	32.74	41.89	35.45	33.82
36.57	29.42	25.43	28.83	31.5	35.41	30.91	33.13
26.39	29.43	28.54	32.56	27.68	29.88	34.5	26.59
29.91	31.26	28.14	38.14	33.5	41.15	33.13	29.26
28.68	29.33	30.2	31.26	32.61	29.25	26.89	29.07
27.82	35.05	26.85	35.48	33.36	35.37	32.78	35.69
22.77	28.14	30.42	23.09	26.72	26.28	26.34	26.85
23.23	38.55	27.63	29.21	28.33	33.23	28.88	34.09
29.31	27.67	24.49	29.44	26.62	27.7	28.44	26.3
29.29	35.74	30.19	39.56	36.1	31.87	27.13	35.01
23.83	24.65	31.74	28.75	32.39	29.58	29.47	29.68
30.44	32.19	30.62	30.11	26.65	31	34.84	25.25
27.9	30.04	32.96	33.2	27.76	26.02	29.31	26.16
28.21	25.82	28.63	29.37	27.38	34.18	29.78	29.47
29.77	24.6	30.27	22.24	26.14	27.26	33.45	27.09
38.49	33.48	30.79	28.39	32.68	36.72	33.95	35.2
30.08	32.72	35.55	23.42	27.84	35.32	23.6	24.19
26.07	32.12	30.47	29.81	35.42	29.59	25.35	31.5
29.9	29.38	26.92	29.78	30.46	26.21	23.81	28.63
29.4	31.88	30.33	31.89	29.66	29.06	27.27	30.49
35.35	36.41	33.33	31.85	32.6	31.63	31.72	32.46
35.86	35.32	36.22	31.02	32.53	36.37	28.73	33.17
32.28	28.82	29.24	29.72	27.89	36.06	33.13	32.24
25.51	29.52	28.4	29.11	24.5	27.99	25.31	34.41
27.41	27.75	30.94	28.67	35.99	27.09	29.91	33.74
28.01	31.43	28.85	28.76	29.39	27.75	28.18	31.28
33.36	36.88	37.96	31.53	33.6	35.17	31.6	35.04
25.84	25.55	26.99	29.16	28.14	26.89	29.64	26.29
32.73	33.28	28.57	28.93	32	28.66	28.4	31.66
29.77	38.25	32.01	30.3	28.73	30.23	30.69	33.38
30.07	33.3	32.83	31.94	31.32	28.05	33.19	30.23
32.54	28.09	29.96	35.71	32.23	27.94	27.93	28.63
37.3	35.59	30.94	28.92	40.21	31.4	36.68	35.94
30.85	35.57	32.8	33.95	34.49	34.92	31.96	31.31
35.7	33.61	37.53	34.36	34.31	36.1	32.31	33.83
26.27	26.72	34.9	28.36	26.09	28.06	31.57	25.92
25.62	24.89	25.47	28.91	27.32	26.17	27.51	24.7
25.25	31.42	28.01	31.77	25.67	32.72	32.84	28.63
26.56	32.82	25.66	24.1	27.67	30.09	23.41	28.5
36.37	31.54	28.24	33.18	29.16	29.32	23.98	38.05
34.99	32.59	38.99	41.9	32.9	33.08	41.77	38.49
23.32	23.76	18.82	23.92	19.46	22.84	25.27	28.23
38.43	27.56	32.75	31.22	32.47	31	34.25	28.35
31.27	32.51	31.06	27.2	29.08	27.71	30.23	30.61
30.78	23.4	29.16	31.18	28.7	32.58	27.03	27.33
26.12	34.67	32.98	35.97	32.24	30.98	24.54	27.79
33.97	29.22	34.67	30.67	33.21	34.55	33.06	36.8
30.71	29.8	24.56	29.17	29.86	29.3	24.93	33.04
29.28	32.78	36.83	31.54	29.86	35.32	29.06	33.13
27.31	33.6	29.68	28.7	32.05	30.71	35.1	24.25
30	29.84	30.86	25.31	27.9	32.65	31.78	31.23
32.11	26.11	31.98	29.98	30.96	25.63	32.4	30.22
35.56	33.83	35.98	32.3	30.66	29.09	33.03	33.09
27.09	30.55	31.08	33.45	25.8	32.21	27.35	26.9
28.47	33.08	27.78	23.78	24.13	24.41	27.43	30.63
31.05	30.2	32.95	30.81	34.94	30.35	34.83	30.04
23.76	21.79	26.47	24.78	23.78	23.63	25.4	28.05
38.03	34.22	32.76	34.71	39.23	35.63	31.79	34.69
25.77	23.95	28.98	21.85	25.2	29.94	23.53	25.3
25.09	30.88	28.53	30.99	28.78	33.42	32.56	29.14
26.66	30.06	26	26.93	25.62	25.7	23.1	29.32
30.14	31.28	24.59	35.55	24.2	33.28	30.5	28.99
24.95	21.63	24.18	23.99	24.1	25.64	25.87	26.71
29.94	23.69	29.94	30.79	29.93	32.88	30.92	23.36
24.43	31.3	20.66	30.19	24.68	26.71	26.58	24.87
29.58	31.35	33.43	30.24	33.3	25.76	33.01	40.56
28.41	24.38	23.55	30.61	24.1	25.37	25.95	29.4
35.87	28.85	34.27	30.8	33.22	34.6	33.85	32.34
30.77	28.06	28.47	39.57	32.84	37.16	36.23	33.97
33.61	24.77	29.26	30.31	27.71	29.36	30.22	34.09
23.43	26.02	25.84	24.25	26.33	25.62	27.57	27.65
34.1	29.07	31.06	33.65	35.77	35.82	36.61	31.99
29.87	36.23	33.04	31.29	30.58	28.33	25.88	31.57
30.54	21.98	29.32	27.64	31.98	27.74	29.2	33.43
26.5	27.21	28.93	23.82	31.17	22.25	25.14	24.76
27.48	31.64	32.41	31.36	31.95	30.6	35.08	26.14
28.89	28.14	27.9	27.97	23.38	34.25	23.13	23.15
26.98	27.06	22.59	23.57	24.89	25.04	31.94	21.7
35.7	34.63	28.12	36.37	30.32	30.58	31.87	33.43
30.35	29.48	24.06	28.59	24.55	25.41	27.75	31.51
21.72	28.94	26.9	33.82	27.8	28.52	31.41	27.48
29.58	36.44	30.14	34.55	32.89	33.9	32.63	34.43
23.78	25.2	29.99	29.24	27.53	19.68	24.63	27.08
28.22	22.36	27.3	26.35	31.91	31.56	25.45	24.45
24.51	25.32	28.66	30.83	25.91	25.21	26.21	30.23
30.58	39.84	34.86	33.91	37.52	27.78	31.73	26.01
21.81	27.28	25.82	26.81	22.44	26.29	23.73	25.9
19.89	26.53	22.7	21.87	23.47	19.58	24.7	23.63
34.29	29.17	31.14	22.41	32.42	30.65	30.56	27.75
33.27	34.71	39.22	29.24	27.32	30.65	30.31	32.25
22.57	19.78	24.88	23.32	25.28	23.83	29.31	25.07
28.87	35.65	35.25	37.98	35.87	34.66	38.07	35.71
38.23	33.86	28.39	36.72	38.37	38.04	34.09	37.19
31.47	23.81	25.97	31.28	29.65	25.66	27.27	25.11
38.01	35.79	37.65	47.66	39.4	43.92	36.39	36.9
23.09	24.01	27.52	25.44	27.34	28.47	27.5	22.55
29.09	28.48	27.34	24.85	23.45	28.98	30.34	22.87
34.95	30.16	32.29	34.37	38.99	34.27	33.22	33.54
32.98	35.37	33.04	31.01	39.24	34.91	30.41	34.71
40.47	33.18	28.18	30.89	28.22	32.78	27.35	31.66
36.15	32.56	33.88	31.67	36.23	31.08	34.7	32.28
23.57	23.49	26.82	28.73	28.83	25.74	25.88	27.47
31.19	31.53	41.43	37.48	37.4	37.95	33.11	39.06
21.27	23.04	22.93	25.3	20.49	19.6	22.96	24.09
31.47	36.76	29.42	34.93	26.91	30.4	31.28	37.69
33.61	23.93	28.26	31.18	28.43	24.61	35	32.94
28.66	33.03	32.12	28.65	33.95	27.08	25.27	28.61
31.68	30.62	31.6	24.77	31.94	26.44	29.14	27.9
25.24	27.99	26.48	32.25	24.96	25.03	27.16	29.13
30.1	28.39	24.26	28.01	23.93	32.85	29.6	30.83
31.9	32.98	36.21	35.81	32.11	32.86	33.86	37.08
34.81	33.75	40.23	38.05	32.22	30.57	32.65	35.9
31.05	29.1	24.74	26.21	25.74	23.55	23.08	25.86
32.42	36.29	33.1	34.77	32.14	34.36	29.53	32.06
30.79	27.37	31.45	27.12	27.66	32.3	28.08	33.37
27.18	24.98	25.55	31.8	27.06	26.16	27.2	26.05
28.36	28.94	27.34	30.92	27.11	25.69	23.18	31.88
29.77	29.15	23.64	23.42	23.66	23.54	27.43	28.3
25	29.79	29.22	26.97	29.92	36.25	31.18	28.12
25.65	28	27.4	27.39	30.97	28.6	28.57	33.96
30.82	34.59	21.86	29.25	26.01	26.53	32.42	28.9
33.62	36.68	40.61	35.84	34.34	33.49	34.69	39.57
31.1	24.47	34.3	26.48	29.74	35.17	32.27	29.42
35.49	33.47	28.01	32.04	32.23	27.38	36.2	28.69
29.26	26.3	28.38	30.05	24.27	25.54	27.5	25.27
26.2	31.86	25.71	27.42	29.36	33.74	34.32	24.79
26.4	29.5	24.26	28.86	24.6	24.15	26.56	25.45
31.17	29.63	30.81	27.68	27.14	28.93	30.31	32.64
27.3	28.95	32.5	27.53	25.5	24.05	26.62	24.94
36.97	29.68	34.1	30.94	35.96	29.58	29.85	32.87
33.36	35.69	37.05	33.31	33.09	31.33	29.95	44.16
33.16	28.02	31.72	30.59	28.06	30.23	30.9	31.87
23.5	22.24	21.04	21.51	22.27	24.39	22.24	27.41
22.26	22.17	27.02	24.92	28.05	27.76	30.94	30.27
34.25	33.12	27.44	30.9	30.03	23.56	27.33	29.26
33.56	25.55	36.25	33.61	33.93	35.12	32.39	36.54
34.05	30.53	38.36	35.34	31.06	33.57	29.93	30.72
29.72	27.34	28.77	29.95	28.91	30.22	25.76	29.29
23.88	30.62	24.14	27.36	23.19	26.54	24.11	23.54
32.93	32.83	29.72	29.38	31.03	29.79	31.75	29.22
34.52	40.81	34.28	40.42	41.72	32.17	31.83	30.55
27.89	26.42	27.81	32.24	27.78	27.24	25.11	27.73
25.18	25.68	28.72	25.78	32.04	27.88	25.35	28.01
30.65	28.05	22.99	27.83	25.04	24.09	24.08	26.82
34.05	32.87	30.79	30.4	28.63	30.57	30.05	29.86
31.95	29.2	31.29	25.61	30.65	31.3	26.38	25.64
28.34	30.54	26.2	29.08	28.06	22.84	32.69	26.78
32.19	31.02	28.47	30.64	26.9	32.1	27.31	24.63
27.65	33.55	31.14	27.91	26.72	29.85	32.22	27.45
30.79	29.56	30.54	25.91	28.87	29.32	28.43	30.91
29.39	39.41	33.86	38.61	37.26	37.44	33.65	34.38
33.06	28.72	27.42	28.94	29.18	27.73	32.88	32.07
27.02	27.75	31.87	31.53	28.64	28.25	27.87	31.2
25.81	30.13	22.73	26.19	28.86	26.62	24.34	27.14
26.14	32.09	31.38	29.79	36.77	34.34	27.6	35.32
33.19	31.57	33.27	29	34.8	33.1	36.26	35.05
26.1	32.68	30.7	28.82	26.23	26.88	24.26	29.77
22.74	27.64	23.37	24.42	33.61	27.24	26.24	24.57
28.5	29.46	31.76	29.79	29.68	29.8	30.53	35.72
29.55	35.71	31.68	35.33	31.42	24.9	36.12	28.5
29.94	29.72	27.54	39.26	41.18	33.54	29.47	28.37
27.4	28.36	26.11	24.73	26.86	28.3	30.44	28.36
37.08	29.55	21.18	34.83	29.76	35.05	29.66	24.9
31.28	30.84	29.29	37.49	30.41	31.13	32.67	33.86
24.84	28.8	33.13	31.8	26.5	29.39	27.31	26.9
26.4	29.27	36.18	35.25	31.95	32.52	42.92	38.22
29.77	33.1	28.19	31.3	27.47	23.67	24.78	27
25.9	25.14	23.22	26.7	29.88	30.65	26.67	30.67
33.6	32.68	31.78	30.43	25.52	33.54	30.95	37.18
24.23	22.47	23.37	31.63	27.69	29.59	28.04	33.24
29.38	23.96	25.79	24.81	27.3	24.11	28.7	30.5
29.45	31.54	33.23	32.58	33.49	31.69	34.37	31.89
29.61	29.97	27.82	31.09	23.23	28.36	31.78	32.46
29.29	30.03	28.3	27.21	26.85	24.4	28.23	26.93
31.12	31.59	29.84	29.74	27.94	25.39	34.37	31.97
31.89	29.94	28.62	29.85	27.72	29.78	26.36	33.24
23.73	26.37	25.05	23.6	25.4	27.57	25.1	22.05
31.83	28.41	27.75	31.82	33.41	27.91	25.65	29.07
26.04	26.38	30.39	27.51	26.83	30.33	29.76	29.18
34.77	30.87	33.12	29.81	33.99	32.25	30.9	31.73
27.92	23.59	23.04	23.61	24.77	27.01	24.45	20.83
27.93	25.5	28.44	29.22	34.28	34.32	35.43	32.71
26.72	28.29	29.96	24.36	28.02	24.76	23.01	25.91
33.97	32.99	31.9	36.73	37.15	33.2	36.65	36.27
23.96	25.78	25.23	30.79	28.23	27.99	23.54	24.91
24.93	23.44	23.66	28.06	21.01	24.38	25.34	23.92
29.23	30.17	36.09	29.05	36.45	34.47	35.33	34.78
41.4	34.49	38.64	38.23	37.33	43.84	40.67	38.83
34.11	33.27	33.52	28.9	33.7	30.94	36.57	35.12
28.11	30.17	27.73	24.04	27.64	30.45	30.83	22.03
32.89	26.08	26.75	40.74	27.33	29.14	27.73	37.21
28.44	23.83	25.18	24.54	22.92	28.6	29.44	23.2
30.4	27.14	28.13	22.32	27.74	28.5	28.77	25.3
25.71	35.52	38.56	35.93	41.97	30.37	33.01	35.24
27.21	27.25	27.09	25.76	26.79	24.21	27.56	27.62
31.1	28.08	25.35	21.7	26.49	28.12	26.31	26.81
26.47	28.58	26.4	25.48	24.41	30.39	27.28	26.36
26.84	26.93	30.47	28.07	32.27	30.5	27.05	30.7
30.28	28.82	30.13	39.92	31.19	33.12	42.91	35.91
28.43	20.85	25.71	25.35	24.66	25.28	26.72	25.7
23.16	25.89	27.09	29.87	26.97	30.88	29.56	26.12
30.07	33.9	34.37	27.21	25.53	29.82	31.55	33.34
28.27	25.68	31.49	26.7	27.99	27.01	26.37	29.64
26.91	24.65	26.75	29.62	26.75	31.08	28.26	29.58
32.35	34.49	43.57	33.41	36.41	31.42	36.4	44.92
27.49	26.75	23.28	26.81	27.26	24.67	26.04	24.78
25.92	28.21	21.55	24.91	27.12	25.79	25.45	27.38
32.24	29.96	29.05	29.79	33.26	29.84	30.11	29.94
26.6	25.89	26.64	25.69	23.16	25.93	28.59	30.64
33.98	39.21	36.82	44.17	35.53	34.62	36.68	31.36
32.38	30.44	32.32	34.34	29.93	35.18	28.14	30.99
35.13	41.64	38.57	33.43	39.39	31.56	33.94	29.92
22.85	25.34	29.03	26.79	24.8	27.99	22.03	25.94
31.12	37.32	30.35	29.4	34.72	32.59	31.93	27.21
44.45	37	27.99	34.41	35.71	32.07	33.99	33.64
30.99	30.22	32.41	31.87	32.67	41.47	27.72	27.94
26.26	37.38	34.12	32.45	27.58	30.46	31.96	30.9
31.53	34.93	38.32	31.01	30.92	31.25	30.86	33.85
30.95	30.99	32.68	22.77	23.68	26.93	30.17	27.56
30.73	36.86	32.41	27.5	28.27	35.39	29.49	32.66
27.22	31.85	26.76	25.14	26.2	28.78	28.33	29.41
40.66	25.05	32.16	36.9	40.49	33.78	33.18	33.9
29.87	32.59	28.81	33.36	34.38	34.35	33.82	32.6
25.46	36.35	25.51	31.4	28	32.54	27.71	25.8
30.22	25.95	23.45	25.74	25.38	24.91	38.25	27.36
29.62	28.32	25.95	27.78	25.88	25.18	29.85	24.71
31.67	36.6	38.1	35.34	29.8	33.4	28.94	29.17
22.76	21.35	23.58	24.66	26.85	25.12	22.14	30.29
27.94	28.04	28.36	26.03	26.85	25.27	26.19	28.19
27.32	33.64	32.16	33.17	33.17	34.1	29.92	34.14
34.15	36.4	27.25	33.73	30.91	32.59	30.48	31.5
31.75	32.67	33.95	30.2	29.62	28.64	29.88	36.16
33.12	34.64	30.02	38.95	33.1	35.35	30.25	26.7
28.44	33.93	29.89	30.27	29.74	35.24	30.29	33.28
30.45	26.04	23.91	24.04	29.42	32.67	26.24	28.06
29.27	28.8	22.95	25.28	28.6	24.19	34.67	32.37
35.07	32.03	32.06	34.38	34.19	27.32	37.71	31.05
31.82	30.54	30.21	28.59	28.64	29.64	36.05	31.41
29.47	37.1	27	32.26	29.86	28.45	34.86	28.95
28.87	30.58	27.52	31.91	35.75	33	24.95	30.25
31.11	32.71	32.33	38.25	36.06	34.31	36.52	35.54
30.41	36.61	35.19	29.57	41.62	40.47	42.47	41.2
27.56	31.62	26.86	26.51	31.75	34.55	27.42	31.07
39.22	31.29	40.37	35.74	35.32	38.13	37.21	41.39
30.27	24.72	31.45	30.78	24.34	26.89	31.15	34.09
33.2	37.9	30.86	36.95	32.31	30.59	35.67	31.92
29.95	29.86	29.19	32.51	32.05	32.68	28.92	35.53
31.35	29.21	34.19	29.46	33.2	36.83	33.02	30.86
29.15	32.3	29.99	33.59	31.04	28.65	29.75	28.85
20.62	21.77	24.43	26.8	27.28	22.33	24.55	23.36
31.83	27.08	29.67	24.48	32.14	36.3	34.14	31.66
33.57	26.42	25.01	29.24	34.67	28.06	28.62	33.34
32.17	34.51	32.16	33.14	35.51	37.02	27.64	34.3
34.85	31.61	33.84	34.12	32.6	34.72	36.39	33.58
33.92	30.02	26.92	31.01	33.88	35.27	33.16	31.89
29.02	27.15	23.87	30.41	25.03	26.51	35.01	24.89
31.18	30.57	38.46	26.67	32.61	35.95	31.64	30.49
32.15	27.74	32.97	20.99	28.08	29.75	31.57	31.4
24.21	21.53	24.39	24.44	24.9	22.72	24.26	23.85
24.5	26.22	29.63	24.14	27.21	26.16	23.38	21.56
39.07	36.94	33.37	41.59	37.14	35.41	37.13	36.58
25.99	25.55	26.27	24.01	23.09	27.16	28.16	30.13
29.9	32.58	27.02	28.59	36.17	31.88	32.44	32.45
31.07	31.07	30.06	25.99	28.53	29.18	30.21	23.22
31.8	30.31	33.16	33.94	25.43	40.41	31.04	32.47
32.91	30.62	25.18	29.47	25.24	28.53	24.45	22.26
32.67	34	34.43	36.1	32.01	34.04	37.69	35.5
21.27	30.69	25.48	26.36	29.21	27.87	26.02	24.23
31.57	27.1	27.27	24.69	31.97	31.09	28.63	25.77
37.08	34.14	33.09	33.47	34.66	37.88	30.55	31
26.19	35.63	24.44	28.97	33.29	34.42	26.41	31.58
27.21	23.49	25.93	25.36	21.3	25.39	29.21	22.93
21.26	20.55	27.88	25.61	26.5	27.17	21.79	22.87
29.68	30.97	33	36.24	34.59	33.73	33.09	29.94
28.77	23.72	30.02	29.5	31.45	29.99	31.09	27.14
27.05	33.15	33.69	33.81	36.24	34.58	34.06	34.95
29.94	26.78	27.16	25.95	24.31	26.82	29.1	23.29
28.07	30.64	32.24	28.41	26.05	34.22	33.48	30.01
34.08	27.27	30.4	32.63	33.19	32.13	26.14	29.67
29.4	29.4	32.88	37.27	32.73	33.48	34.78	34.9
31.04	27.72	34.32	29.96	31.26	32.29	32.18	28.17
32.57	28.49	30.78	29.08	32.55	29.81	35.73	32.02
25.97	26.92	29.03	32.62	29.52	27.75	32.09	31.71
26.86	30.68	30.6	27.61	20.95	26.16	28.79	26.51
34.56	32.14	30.82	32.12	32.37	33.41	33.75	40.86
35.09	30.52	33.33	33.62	38.98	34.97	30.24	32.65
35.64	34.32	35.35	27.69	31.65	30.16	32.79	31.55
31.42	35.55	29.49	34.27	36.19	28.82	35.7	29.74
27.11	22.19	24.11	25.79	19.77	23.71	26.06	26.96
23.06	23.24	23.27	29.62	24.91	21.69	25.78	21.07
31.33	29.93	26.46	31.36	32.39	29.21	32.48	32.64
29.62	26.93	31.06	30.22	27.08	33.59	30.27	33.9
22.87	24.92	21.48	22.89	24.39	23.4	26.2	20.7
25.99	25.19	21.7	27.03	24.08	27.17	23.48	23.45
31.26	26.06	26.18	25.26	27.04	25.78	28.79	29.49
30.58	30.1	31.15	28.87	29.92	31.04	30.3	28.62
33.04	33.04	31.68	31.65	29.22	37.41	30.34	40.33
20.88	23.84	25.22	30.5	25.14	25.54	25.05	24.79
31.58	34.91	34.85	28.67	28.63	28.44	28.85	33.05
39.03	36.53	36.5	40.69	31.5	33.42	33.61	31.91
23.37	29.08	26.92	27.94	29.03	31.46	26.07	25.48
33.01	30.45	32.72	33.58	32.7	35.74	38.67	34.5
35.03	33.14	31.09	32.89	30.53	38.03	32.17	33.68
29.52	23.52	26.13	31.15	29.2	30.74	31.48	24.74
25.93	22.87	23.71	24.55	27.76	25.23	24.56	28.44
33.13	39.14	37.76	29.57	34.51	34.89	34.52	34.19
29.54	28.1	31.2	27.37	27.7	25.83	30.63	27.85
27.75	27.34	29.85	27.31	23.76	24.61	27.65	28.98
32.21	30.2	33.34	31.22	29.19	31.43	35.02	36.01
30.1	34.34	30.83	35.4	32.54	35.5	30.84	41.19
25.74	29.03	28.7	26.6	25.23	25.21	31.06	24.06
29.66	29.17	25.78	31.1	29.36	29.08	27.2	32.1
30.66	34.3	29.73	29.97	27.34	27.26	27.78	24.71
30.37	39.38	28.13	31.61	25.09	28.3	27.05	32.71
34.53	29.4	32.61	33.69	32.44	30.06	28.87	37.24
25.33	30.5	35.43	23.88	34.96	23.76	30.78	32.52
36.69	38.56	33.66	32.16	32.43	31.84	27.38	37.08
31.64	35.6	26.06	34.12	31.32	37.09	37.97	33.89
30.94	31.82	33	31.91	31.92	36.91	28.36	33.69
34.49	32.78	26.62	29.15	30.91	31.02	31.35	33.53
35.9	31.36	35.28	29.55	28.94	28.4	32.3	34.23
36.85	26.83	33.2	28.03	29.09	35.97	33.46	33.95
31.39	32.59	33.02	30.84	27.31	32.75	29.74	31.52
27.08	27.15	26.09	29.03	28.49	31.77	32.27	26.8
25.39	25.8	26.92	23.58	26.38	25.17	26.3	26.91
31.06	34.88	33.73	32.1	29.27	33.19	32.94	33.21
30.59	31.91	28.69	28.86	27.54	30.01	25.66	25.74
39.19	32.83	28.94	30.97	32.86	30.49	27.03	33.75
29.43	29.85	36.59	26.48	27.44	30.78	26.6	29.37
30.78	28.87	30.3	28.09	27.55	30.17	26.28	27.08
37.56	33.42	32.15	32.26	26.5	36.03	24.49	35.39
36.3	28.72	32.95	33.88	31.29	34.52	29.99	33.33
26.62	25.84	30.65	29.09	30.36	30.08	30.98	27.47
26.93	34.17	33.75	27.2	28.69	32.96	35.98	30.71
23.88	23.49	25.22	24.12	27.34	23.39	25.03	23.62
23.54	23.17	27.46	21.7	26.04	25.29	23.94	18.83
25.08	26.28	30.88	30.34	25.97	28.19	22.39	31.71
25.11	22.98	25.23	25.1	23.65	23.25	26.89	17.77
38.96	32.02	35.67	35.35	36.47	32.34	33.79	28.13
29.24	35	37.94	32.1	31.66	31.41	39.05	41.07
25.32	31.38	25.24	23.87	22.99	24.8	27.22	31.36
25.78	26.5	30.56	30.69	34.35	29.16	26.05	27.07
27.81	25.9	25.64	27.07	24.4	31.66	30.46	27.69
23.38	25.52	27.21	26.07	26.31	30.7	30.37	27.52
21.92	25.39	21.51	22.42	26.29	22.94	26.18	26.95
31.19	30.53	32	35.17	25.5	28.61	31.24	26.54
28.79	36.17	29.85	29.44	22.65	27.76	28.87	25
30.04	37.93	37.5	30.99	34.75	32.78	29.66	35.23
27.66	30.33	28.75	33.95	24.96	25.36	30.12	30.84
34.43	33.72	30.28	36.89	32.15	26.63	35.7	34.87
23.48	28.28	24.49	27.98	24.64	26.31	28.12	28.66
30.74	33.17	30.18	34.43	37.52	39.29	36.12	35
26.88	32.74	23.54	21.98	28.45	25.4	22.07	27.44
28.29	28.22	27.5	30.34	31	27.26	29.79	25.72
24.51	23.49	23.34	27.84	28.36	27.94	27.14	28
33.22	28.32	28	30.92	26.81	28.87	29.09	27.4
31.31	29.32	32.12	31.78	33.58	32.85	34.12	31.29
35.36	39.22	34.1	29.31	26.53	29.07	32.32	24.73
35.01	28.36	24.31	28.9	27.85	26.58	32.16	27.17
38.4	31.64	30.2	29.22	29.22	30.09	33.35	30.77
23.74	26.28	22.94	31.6	26.96	23.06	25.99	32.82
30.97	28.41	28.75	26.17	33.85	31.32	30.55	27.76
31.56	30.72	30.3	31.49	28.86	29.94	31.78	32.12
30.47	27.4	28.1	29.91	30.6	28.2	25.56	28.09
31.47	31.13	35.04	27.63	28.19	36.22	30.12	34.33
24.22	24.64	28.06	26.19	22.46	27.99	24.07	22.85
29.39	31.44	36.61	36.16	28.31	24.58	31	36.24
35.11	37.08	30.11	35.77	35.52	40.78	38.04	33.62
35.63	30.11	28.58	37.22	32.96	38.86	29.13	34.81
28.27	32.52	27.77	35.42	34.86	31.02	29.05	26.38
32.25	33.69	35.66	28.8	27.34	32.33	34.43	34.31
31.54	36.28	30.61	32.04	27.32	32.24	28.96	30.64
22.99	22.96	22.74	23.64	30.13	28.89	26.44	21.6
26.66	32.35	30.13	29.67	33.65	37.56	31.8	27.8
33.92	27.75	26.15	29.16	29.23	31.74	31.15	31.76
35.94	33.48	35.74	30.96	35.32	27.93	34.13	33.79
32.1	24.9	27.94	30.24	26.12	30.91	23.07	24.97
24.96	24.71	26.21	26.58	26.09	27.46	25.85	28.71
29.36	30.25	27.48	25.59	26.5	28.06	27.57	28.59
30.02	28.94	32.88	33.09	31.21	31.23	34.41	30.63
32.85	29.94	29.9	32.39	26.64	32.76	31.4	36.6
31.91	26.39	23.58	25.89	24.32	22.01	24.23	26.89
28.02	38.62	35.06	37.95	32.22	28.36	27.43	27.51
27.09	26.94	25.67	28.32	26.57	28.97	29.77	30.87
26.15	30.07	24.1	27.37	23.98	24.24	27.48	26.19
28.94	28.15	25.42	30.48	33.42	26.97	28.69	28.39
25.1	27.02	25.63	30.44	27.56	26.61	31.44	33.83
36.95	32.66	29.57	29.02	32.27	28.84	32.42	31.43
33.89	27.7	31.29	29.69	27.29	34.94	28.72	36.12
29.36	41.56	34.8	35.5	39.12	32.07	38.16	36.99
27.78	25.25	25.06	27.38	23.63	22.26	25.97	27.56
34.07	33.66	32.98	32.26	33.15	36.78	28.32	31.58
32.98	28.16	27.05	28.11	26.17	33.26	27.28	30.5
31.63	28.44	27.1	26.84	30.44	30.3	33.93	25.62
29.52	28.48	21.53	28.59	28.21	30.49	27.38	30.4
31.89	32.25	22.63	25.96	30.06	22.68	28.89	33.63
36.12	30.4	32.4	32.27	31.58	35.46	33.97	31.44
30.42	37.12	29.55	26.63	27.42	35.17	28.81	36.38
33.84	33.67	33.07	31.21	33.01	30.21	30.75	31.59
22.13	26.16	24.14	28.14	26.18	23.97	27.31	23.89
33.88	35.83	31.29	29.03	34.1	31.85	31.91	34.19
29.44	30.64	30.21	30.67	26.93	33.13	32.73	31.54
30.8	31.75	37.2	27.23	29.45	24.65	34.46	30.56
31.78	31.09	29.06	30.61	28.4	29.11	25.02	30.92
31.97	35.56	30.49	29.2	28.71	31.34	29.69	29.3
30.78	27.6	34.28	30.26	27.6	32.91	26.32	25.49
25.47	28.52	29.65	31.39	27.67	34.89	31.2	33.46
30.6	31.5	30.81	23.84	29.41	28.74	25.66	32.55
28.87	30.75	30.8	32.31	23.02	26.34	26.76	28.72
22.65	29.06	31	33.3	26.42	24.97	27.29	27.78
29.23	30.37	27.77	27.11	24.17	26.01	29.43	24.7
35.01	32.04	28.02	27.53	34.53	33.22	28.57	26.6
27.21	27.83	24.28	30.93	33.74	26.36	31.44	34.41
32.89	24.82	28.61	28.41	24.54	33.04	30.15	36.64
31.82	29.85	35.74	37.17	35.05	35.4	28.91	32.13
33.49	30.92	28.63	28.46	26.17	27.54	34.33	33.58
28.62	24.16	30.88	23.92	25.27	25.58	29.28	24.77
22.63	30.17	30.35	26.95	24.12	26.99	25.98	26.36
33.99	29.82	31.15	28.76	29.16	30.45	29.38	29.31
31.22	33.72	30.76	30.14	29.67	30.09	34.04	30.95
25.12	29.98	28.53	22.85	27.99	26.83	27.43	24.58
29.01	25.78	29.17	23.83	25.1	24.02	30.93	25
32.8	25.34	29.74	27.04	28.48	30.89	32.52	32.87
37.69	37.66	41.4	33.62	36.31	33.46	34.03	35
31.57	25.9	33.12	33.43	27.14	31.66	26.25	32.39
41.65	33.01	28.79	30.02	38.57	32	34.1	38.51
30.31	36.32	30.8	28.35	27.56	28.24	27.45	25.28
42.12	32.22	32.99	45.56	44.1	38.93	39.53	41.44
31.51	28.31	29.59	24.53	26.88	26.83	28.75	29.97
24.94	27.83	26.52	24.82	28.98	25.13	27.46	29.03
29.84	35.12	34.1	32.78	29.09	30.52	30.83	32.07
26.35	31.89	32.6	31.73	27.08	27.27	27.45	33.4
26.24	24.56	28.47	26.93	28.97	29.34	27.86	30.13
32.5	34.43	27.93	35.09	31.51	34.51	32.33	35.16
30.84	32.99	30.06	26.7	30.01	28.4	31.17	35.32
33.39	31.43	33.28	30.71	30.92	34.35	40.45	34.65
30.84	31.25	39.92	33.38	33.08	35.92	29.58	26.84
21.76	25.57	26.29	19.46	26.38	26.9	25.06	23.6
30.83	32.25	33.63	34.19	36.33	30	30.38	29.19
33.96	23.6	28.06	29.9	30.08	34.5	35.08	26.92
33.63	29.17	28.22	26.48	27.22	26.38	28.61	27.26
32.11	33.25	34.65	27.63	29.61	28.34	27.88	36.12
31.47	36.92	37.82	36.07	28.73	34.57	33.91	39.22
32.84	29.57	29.01	25.5	25.81	29.6	27.97	30.37
37.09	26.95	43.84	36.25	31.79	33.54	33.1	30.36
27.33	29.98	25.92	29.71	27.84	34.17	28.17	24.48
26.65	23.81	27.56	28.71	31.8	26.47	32.3	28.42
29.85	30.53	36.7	30.03	25.72	26.62	28.12	31.22
34.75	33.16	26.02	24.08	27.13	32.71	29.64	35.34
27.51	26.01	25.34	25.19	29.18	28.82	27.4	29.99
30.6	30.93	27.6	28.71	33.49	30.59	32.67	28.54
27.42	24.32	26.21	20.85	23.22	23.79	26.24	20.15
33.79	31.02	25.17	26.66	31.02	33.1	27.93	33.02
26.3	30.17	31.73	23.86	25.65	24.4	31.8	30.22
30.01	33.16	27.9	24.68	29.17	23.71	28.46	30.91
35.58	33	33.7	28.66	33.3	30.76	32.02	31.64
41.79	30.1	38.78	34.79	32.71	35.58	42.5	37.49
28.61	30.68	29.15	23.08	23.32	26.68	21.99	27.51
25.93	26.16	32.03	30.76	30.04	29.15	28.4	27.4
35	34.58	36.14	34.05	31.99	32.44	30.9	33.32
36.37	36.22	36.8	37.81	38.71	39.6	34.94	34.78
24.93	21.17	23.79	24.73	21.98	20.32	29.6	26.55
27.82	27.7	32.07	34.28	30.81	30.18	28.01	26.92
27.63	24.18	35.22	26.72	28.36	34.13	30.47	31.01
