21.5	39.4	13.9	106.0	100.8	44.8	17.4	111.0	
34.6	43.6	63.6	65.4	74.0	28.7	40.3	132.2	
21.7	35.2	17.4	46.6	56.3	27.4	15.1	20.4	
13.1	50.4	82.8	33.8	61.5	30.1	18.3	13.2	
263.0	35.7	191.0	223.8	96.5	216.2	55.2	255.6	
119.8	10.1	35.1	62.7	26.6	62.4	238.7	10.7	
78.7	73.2	68.3	46.6	36.5	80.9	116.8	105.3	
65.7	17.9	109.0	26.5	53.5	10.0	42.8	42.4	
34.7	55.2	57.1	61.4	92.0	205.4	124.8	115.3	
393.5	412.1	13.6	131.1	74.9	231.5	83.8	51.3	
53.6	187.8	132.9	40.5	63.9	131.9	148.3	85.2	
78.9	119.3	70.0	164.1	199.9	115.3	198.6	159.1	
124.2	44.2	147.3	49.9	68.8	198.3	113.3	218.0	
60.9	108.6	16.5	10.4	19.3	72.3	85.4	96.0	
116.4	60.3	6.4	141.5	62.1	37.7	35.6	254.8	
31.5	14.9	140.5	27.4	58.7	11.1	151.2	77.3	
272.6	172.8	368.9	322.5	143.7	182.2	153.7	210.7	
61.0	23.2	9.2	10.4	23.5	23.2	49.0	40.1	
45.5	32.1	32.2	12.9	11.5	4.4	109.8	58.1	
38.7	127.2	90.6	82.2	114.1	145.5	58.1	90.9	
12.5	34.9	98.5	97.4	56.6	21.8	159.3	58.4	
15.7	24.4	45.8	35.6	40.6	8.8	8.5	19.6	
44.1	56.0	14.9	11.5	17.9	32.6	21.7	63.5	
35.7	80.3	41.9	56.3	39.0	42.8	16.7	36.0	
240.2	276.3	148.3	189.9	218.1	109.0	227.2	96.6	
32.4	15.2	26.1	34.1	59.9	54.0	72.2	60.4	
68.3	45.4	60.2	28.6	109.0	34.5	109.4	109.9	
22.9	38.4	133.0	40.5	9.8	176.2	21.5	40.0	
60.8	87.6	36.4	37.9	66.1	86.1	43.2	98.1	
45.1	46.6	82.0	26.6	13.7	42.7	30.4	57.2	
86.1	123.8	172.7	320.5	27.5	205.0	135.4	89.8	
41.8	34.3	26.3	9.3	51.0	69.0	60.4	44.8	
5.9	50.3	3.9	21.0	42.1	51.2	19.5	2.4	
17.7	93.0	91.9	107.1	45.1	74.3	8.5	46.2	
30.8	18.6	26.7	61.5	144.6	54.3	47.7	22.5	
169.1	91.8	118.9	30.3	8.6	238.8	85.0	131.8	
23.2	63.3	43.1	38.8	3.3	56.1	77.1	138.9	
51.3	171.1	127.3	56.8	251.4	139.0	52.8	61.4	
16.1	31.5	13.1	10.3	5.1	63.5	15.1	10.0	
29.1	11.1	26.7	43.8	38.0	17.0	76.7	24.8	
6.8	20.4	10.8	18.7	24.3	18.8	78.8	26.9	
98.1	55.8	96.2	76.6	53.8	46.1	18.7	24.5	
17.6	141.4	42.1	49.9	164.0	36.0	56.7	44.1	
135.9	31.8	27.2	34.3	27.7	17.6	7.3	12.5	
116.8	60.0	30.2	103.7	6.8	80.2	104.3	108.6	
51.4	17.7	19.0	128.6	68.9	76.9	57.7	196.6	
403.2	110.4	804.7	159.5	237.2	293.3	232.9	125.7	
69.5	118.3	14.4	26.9	37.4	47.2	35.9	107.3	
61.7	63.0	31.2	85.4	24.0	134.4	42.1	170.0	
231.5	16.0	4.9	46.7	51.8	10.5	60.6	34.3	
39.2	30.9	42.3	74.6	52.3	144.2	54.2	20.3	
87.7	592.8	108.9	70.5	489.1	15.1	109.3	58.1	
105.7	17.8	10.9	53.6	57.3	32.5	55.0	62.7	
80.0	113.6	79.0	38.8	21.1	44.6	31.5	66.2	
37.4	42.1	109.4	143.8	55.6	54.4	29.1	42.7	
93.8	31.3	23.7	22.9	45.6	38.4	24.9	10.7	
372.1	367.4	41.8	75.7	208.0	257.8	74.9	319.8	
129.8	217.0	126.7	40.6	118.4	236.6	65.0	145.3	
11.8	2.0	6.8	10.5	5.1	8.2	6.5	5.2	
25.6	59.2	11.1	30.9	32.1	37.0	39.4	37.4	
96.9	123.9	25.7	57.8	12.6	48.7	51.0	72.3	
24.5	56.8	16.7	25.2	6.1	33.7	56.9	117.1	
13.3	1.9	73.3	41.8	17.7	58.2	20.1	69.4	
186.5	26.6	60.2	126.0	175.8	37.1	35.0	45.3	
20.4	159.6	74.9	76.3	40.7	177.5	100.6	10.9	
7.4	61.2	3.6	13.0	38.0	14.4	8.0	10.4	
9.3	14.6	60.5	43.7	127.9	24.8	63.3	26.9	
86.5	94.5	40.6	7.4	39.4	120.4	148.0	112.5	
126.8	71.4	144.4	200.6	171.9	152.2	33.2	73.2	
70.6	80.3	75.6	28.2	119.8	110.5	65.8	83.9	
64.9	27.3	105.7	22.2	69.4	11.9	38.8	42.8	
1.4	2.1	3.6	6.1	1.0	2.8	7.5	6.9	
21.1	73.4	139.2	96.1	120.4	45.6	163.8	46.2	
2.7	24.0	19.3	1.2	8.0	23.8	6.4	18.0	
38.5	37.0	42.4	13.5	69.2	15.5	46.7	45.8	
191.4	60.7	72.6	22.8	31.7	40.4	156.1	93.0	
8.2	233.2	170.2	4.7	82.1	81.6	57.9	35.2	
87.4	15.5	17.5	80.1	27.6	102.8	10.0	24.4	
215.8	211.4	66.9	209.3	168.7	149.5	135.1	226.2	
100.2	39.9	56.1	39.4	45.3	68.2	103.4	70.1	
72.1	165.2	47.9	99.0	125.3	176.0	102.1	28.9	
108.4	30.2	68.9	62.8	56.5	54.6	60.3	43.2	
28.0	140.8	186.9	78.6	74.7	116.9	57.8	141.1	
94.9	105.9	105.6	33.6	100.1	134.7	61.2	46.9	
13.6	69.9	80.1	24.2	22.7	14.7	37.7	14.0	
68.3	23.8	75.5	23.5	34.4	48.3	72.9	28.6	
36.8	106.7	229.3	30.3	159.5	400.8	163.3	105.8	
12.6	16.4	28.1	73.0	57.0	39.0	21.9	7.4	
82.9	101.1	35.1	7.2	14.1	82.7	48.4	16.6	
37.5	20.2	36.8	61.7	128.8	70.3	193.8	103.9	
247.8	30.7	95.8	52.2	20.1	161.2	77.8	72.4	
29.1	24.1	18.5	19.4	39.7	34.6	18.3	23.5	
29.7	22.5	16.4	5.5	25.9	1.1	8.0	9.7	
20.0	92.7	23.8	22.6	46.3	41.1	14.7	44.3	
186.2	58.4	28.4	5.9	66.9	26.4	136.5	7.9	
47.2	44.1	11.0	12.5	82.5	27.3	94.9	67.5	
24.5	255.4	79.9	0.9	107.0	74.8	218.0	71.1	
57.1	61.5	16.9	137.8	5.8	52.0	101.8	68.1	
98.8	69.0	95.4	17.8	38.4	27.6	66.3	61.9	
20.0	391.7	245.5	104.9	318.9	84.5	234.1	294.8	
18.3	16.2	28.7	30.0	66.2	26.6	11.6	31.1	
153.4	27.7	80.0	125.6	96.6	67.7	277.1	318.7	
114.9	64.2	90.9	17.6	197.4	48.6	82.9	76.7	
87.1	113.4	66.8	6.3	93.4	239.7	33.4	101.7	
375.3	215.9	146.8	136.9	343.1	170.4	39.8	151.7	
19.3	7.2	11.5	10.1	13.7	10.5	37.5	25.3	
4.4	33.0	103.1	34.9	59.0	110.5	50.5	84.3	
13.6	3.2	19.2	0.3	10.0	11.6	13.0	13.3	
64.6	44.4	16.4	43.2	11.1	39.9	11.8	12.9	
41.0	29.2	86.4	61.0	8.5	10.1	64.1	16.2	
67.4	40.9	62.6	15.1	185.1	108.6	94.2	154.9	
3.6	2.9	3.6	1.9	6.1	1.6	4.2	3.0	
14.4	74.2	41.8	19.9	58.5	75.8	25.4	24.8	
449.4	114.5	155.2	186.0	97.1	196.0	139.8	511.2	
169.0	106.2	115.8	196.1	285.8	195.7	94.0	109.2	
22.4	116.1	39.7	36.7	42.2	93.2	105.7	122.8	
82.2	138.8	433.9	181.3	87.6	75.0	163.4	325.5	
84.4	28.0	28.8	32.0	47.3	49.0	42.7	9.1	
53.3	5.5	33.1	24.3	19.9	32.4	15.5	17.3	
55.8	51.9	24.9	120.0	110.2	85.4	98.5	39.3	
35.6	26.4	33.6	7.0	64.1	92.6	90.4	18.6	
47.5	237.8	81.5	143.3	44.2	31.4	34.6	57.0	
48.5	82.6	19.1	29.9	50.2	38.6	33.3	54.8	
48.4	83.8	3.2	76.6	22.5	72.4	11.6	24.5	
66.1	130.6	212.7	116.1	39.2	106.4	134.3	78.0	
34.1	106.3	102.4	185.0	221.0	68.3	62.5	94.0	
23.0	18.6	81.7	46.9	31.1	9.2	100.3	49.7	
9.3	12.2	8.5	3.3	9.7	4.2	12.1	11.6	
180.4	130.9	72.7	212.1	38.9	173.5	79.6	266.6	
6.3	52.3	51.4	107.4	62.5	170.5	95.0	117.1	
76.8	58.1	53.7	55.6	4.1	26.3	55.5	46.9	
151.7	6.1	66.6	70.1	86.2	126.8	55.9	43.3	
26.5	21.0	33.0	5.5	20.9	6.0	29.8	4.8	
38.5	63.8	140.7	38.2	43.9	82.4	50.4	111.6	
92.4	11.1	159.2	38.4	175.9	31.4	73.6	99.6	
42.7	62.5	8.1	29.1	66.8	54.0	3.3	29.0	
529.6	354.5	123.4	212.0	143.0	14.0	129.0	30.4	
16.7	8.7	77.9	15.2	80.0	55.0	12.8	11.8	
101.0	281.6	32.1	153.6	30.0	20.2	88.2	134.4	
1.3	4.6	22.8	6.8	5.8	19.0	1.8	13.7	
170.1	59.8	112.3	4.2	26.5	58.7	10.9	29.6	
72.2	106.1	93.1	343.8	261.1	53.4	284.1	231.2	
90.0	125.9	32.9	61.9	22.4	3.0	62.3	16.8	
162.5	61.9	66.9	96.5	33.2	210.2	118.6	77.1	
14.1	21.0	30.9	4.7	6.8	43.6	5.2	7.5	
20.4	45.5	14.1	60.6	53.3	16.7	6.5	29.2	
10.9	14.0	7.5	2.9	20.7	6.0	16.2	16.6	
3.5	11.7	3.3	3.2	1.0	3.1	4.5	4.2	
189.7	179.4	77.2	92.3	485.2	51.2	138.1	51.4	
54.5	54.5	24.9	30.4	57.5	22.7	43.1	138.8	
22.8	14.8	10.1	4.7	16.2	8.5	6.3	3.3	
28.5	80.6	96.6	91.3	142.1	151.4	44.2	113.7	
18.5	65.1	89.7	65.6	50.8	58.7	59.9	12.9	
53.8	101.0	4.5	168.0	103.5	70.9	94.1	30.8	
31.3	46.3	13.7	29.5	34.3	39.7	46.3	50.7	
55.5	439.4	49.0	117.5	83.6	202.3	91.9	197.4	
3.2	85.7	47.3	132.8	57.4	85.6	68.6	169.0	
64.5	92.9	76.7	7.6	36.7	303.7	37.3	78.0	
17.7	35.3	32.3	20.2	19.4	63.0	23.6	46.0	
20.6	42.6	97.5	17.2	4.2	31.0	47.4	25.1	
48.8	20.8	176.7	482.3	470.9	75.8	277.1	344.0	
102.6	72.1	92.8	37.3	12.9	37.8	33.6	62.0	
23.6	11.9	6.4	4.8	3.2	7.5	5.6	4.2	
19.5	33.0	43.6	45.3	13.1	53.2	47.2	47.3	
3.3	32.2	85.6	34.1	36.5	8.0	9.4	40.7	
229.4	121.2	16.4	63.0	72.3	127.4	144.8	76.3	
96.6	79.4	10.2	90.3	35.2	140.9	59.3	90.9	
52.5	59.3	21.3	44.2	37.1	33.5	45.7	8.5	
23.3	62.6	20.2	45.5	74.2	68.5	19.8	4.9	
17.9	23.0	17.3	60.2	32.8	14.2	20.1	11.6	
4.9	20.6	16.4	3.7	22.6	12.7	4.3	2.5	
18.0	29.6	10.6	19.4	5.4	56.1	181.3	2.1	
22.4	42.1	33.0	36.7	34.8	9.5	22.0	44.0	
100.2	45.5	25.1	48.7	25.9	111.9	97.6	76.2	
145.1	37.8	247.0	162.7	168.3	219.8	154.0	55.3	
278.1	175.7	40.5	116.1	80.7	113.6	306.6	146.7	
316.9	98.5	147.1	123.9	144.1	234.9	46.6	133.8	
91.9	215.8	116.0	25.0	110.5	247.7	144.2	98.0	
129.7	193.7	59.4	222.5	90.0	52.0	111.0	414.5	
40.6	20.9	2.4	16.0	2.6	39.8	52.7	29.3	
130.4	113.5	276.4	256.7	126.4	266.2	53.2	153.1	
29.6	94.8	36.6	95.7	109.0	55.1	125.1	16.6	
29.0	44.5	20.9	21.7	29.4	125.6	15.1	36.4	
59.5	52.5	57.5	19.6	42.3	25.5	62.6	26.6	
29.0	48.3	113.1	28.0	113.3	28.5	65.9	51.0	
2.7	31.0	21.4	20.9	54.7	10.1	32.9	9.4	
28.9	144.5	89.8	21.6	171.9	72.7	116.9	290.3	
169.9	76.1	179.6	146.5	82.8	71.0	43.7	234.2	
277.4	206.6	104.2	81.0	37.2	179.6	69.6	30.9	
18.2	22.7	8.9	71.6	53.5	66.7	53.6	25.9	
7.8	14.3	5.5	47.8	6.3	8.7	15.2	9.8	
52.0	11.0	5.6	37.4	75.1	82.3	48.9	118.6	
35.3	2.7	62.0	24.5	33.9	31.8	11.6	27.4	
73.8	22.6	4.5	205.5	78.3	99.0	7.7	201.1	
139.3	116.1	106.8	22.6	36.0	218.5	176.4	79.4	
73.8	113.5	123.3	90.3	4.9	59.3	28.0	114.7	
101.9	104.0	175.6	185.6	92.6	196.5	130.9	80.2	
53.9	4.1	5.8	187.9	101.1	57.4	104.7	40.8	
20.4	11.8	10.4	34.0	16.4	28.7	20.8	24.9	
1.4	16.2	22.8	60.1	79.0	7.7	57.3	47.5	
68.4	186.8	110.8	50.7	193.6	27.4	50.2	106.8	
113.4	85.7	55.7	220.7	259.0	89.1	180.3	62.4	
126.4	312.6	73.5	120.8	331.5	39.3	112.0	77.0	
32.0	186.3	13.8	60.0	34.2	34.7	8.0	61.5	
150.0	38.5	513.1	54.2	42.2	60.1	76.0	39.9	
97.9	48.2	130.5	17.1	87.5	45.8	349.4	78.9	
23.9	28.2	12.7	22.0	21.0	19.9	18.0	23.4	
12.7	32.2	22.4	37.6	8.3	80.7	33.0	72.8	
115.9	67.3	57.9	54.5	22.1	28.7	37.8	63.0	
128.0	90.0	169.7	334.9	107.2	386.6	149.5	168.6	
28.7	33.9	27.1	7.2	19.4	51.3	20.7	42.2	
18.9	4.3	37.0	17.1	33.4	8.1	16.5	74.9	
47.0	10.8	77.4	22.8	28.5	14.2	24.4	20.6	
79.0	34.3	49.9	44.6	33.1	7.0	36.3	43.4	
140.2	67.8	111.2	49.3	67.1	181.5	76.4	52.3	
62.4	88.6	16.4	11.1	80.7	62.3	49.8	21.2	
77.0	75.9	179.3	34.0	90.6	123.3	46.0	65.1	
10.3	14.4	19.6	23.6	9.0	7.9	17.3	10.4	
99.3	7.6	17.7	29.0	19.0	71.1	43.2	89.4	
92.1	25.5	173.5	35.5	34.9	75.1	100.6	61.7	
225.4	61.9	53.9	28.0	70.5	271.7	17.7	221.3	
0.8	0.5	2.8	1.9	7.3	2.0	1.3	1.3	
13.6	2.1	15.6	22.6	22.8	24.1	6.7	24.1	
33.5	105.8	50.2	38.9	137.4	95.6	99.2	102.9	
82.8	90.1	36.7	117.7	116.3	289.5	129.2	38.7	
11.4	26.8	24.7	8.4	12.3	27.8	15.0	19.3	
168.7	270.7	329.5	108.9	98.3	152.8	70.6	297.3	
36.5	16.6	26.6	27.5	40.0	33.9	42.1	10.6	
39.1	554.4	172.0	111.5	102.5	303.3	392.9	21.7	
81.0	157.0	123.2	98.6	52.4	103.2	103.9	21.6	
33.5	7.3	25.5	24.5	21.2	9.9	8.4	37.9	
54.2	20.3	3.6	72.4	8.0	38.6	63.0	55.2	
165.9	242.1	322.9	574.0	13.2	353.7	219.5	21.6	
346.5	136.4	623.3	134.7	400.7	108.3	187.2	255.0	
85.4	70.4	38.2	36.2	8.6	69.5	8.0	104.3	
295.3	135.4	230.7	190.3	90.0	80.2	268.8	288.2	
25.6	17.8	10.9	24.9	59.7	97.7	143.3	12.3	
34.5	216.3	125.4	707.2	112.8	101.5	261.9	48.5	
25.4	23.6	118.3	65.8	93.8	256.7	71.9	95.2	
15.0	7.6	20.6	23.4	58.0	11.0	9.2	12.7	
4.8	6.2	7.8	1.6	9.0	6.8	17.2	6.2	
6.0	57.8	50.1	5.1	12.0	54.0	32.7	9.0	
195.0	81.4	96.9	55.3	252.3	126.8	189.7	174.6	
24.0	34.2	38.6	16.9	0.5	12.0	67.0	15.4	
167.2	96.9	101.4	108.8	37.0	228.3	283.1	24.8	
17.5	34.4	9.4	40.9	63.6	59.6	87.6	54.4	
1.8	2.9	4.5	5.3	1.3	3.1	3.1	4.0	
91.8	99.6	43.1	143.2	27.3	29.2	62.7	58.2	
91.8	36.7	200.9	121.1	131.1	160.2	36.7	284.8	
34.9	83.9	13.8	99.0	51.3	53.7	2.1	61.7	
222.2	54.8	103.4	57.7	176.7	10.1	96.5	56.7	
38.3	76.2	53.9	41.7	23.0	77.6	37.8	6.0	
87.9	24.9	38.6	68.6	9.7	46.0	30.9	23.0	
368.4	302.7	221.5	604.9	852.2	71.4	106.4	137.3	
236.9	261.3	78.9	14.8	76.6	146.2	51.4	239.4	
44.5	53.5	6.0	15.9	11.3	24.4	47.8	9.1	
10.0	10.2	2.7	13.7	23.8	8.7	8.1	21.0	
211.5	91.3	100.7	27.9	294.6	32.9	175.4	55.8	
40.4	152.7	163.1	122.3	95.3	168.4	34.0	42.0	
11.1	45.6	18.8	9.5	11.4	47.3	40.8	19.3	
83.1	33.9	97.7	256.8	43.0	57.5	86.1	187.9	
87.6	31.6	54.9	109.2	113.1	32.9	43.2	43.3	
21.3	7.4	5.5	12.4	1.1	14.9	4.6	2.9	
117.7	26.3	191.1	48.4	45.3	32.2	144.4	77.3	
13.0	20.8	59.4	19.1	64.5	81.3	96.7	146.1	
37.0	20.8	48.7	108.8	37.9	9.9	30.2	18.5	
149.4	277.5	155.1	158.8	587.6	190.5	90.9	226.2	
378.9	88.5	129.8	726.8	60.3	171.2	132.4	60.9	
36.0	25.7	86.9	16.3	20.2	55.1	45.0	27.5	
33.9	87.0	14.2	17.9	60.8	38.0	81.7	9.1	
57.5	23.7	61.4	81.4	13.2	2.2	60.4	116.4	
16.9	73.4	19.5	94.0	26.0	58.9	65.6	36.0	
85.1	120.0	75.0	45.4	65.1	73.5	63.2	35.0	
50.2	193.3	111.4	134.0	22.0	78.8	152.2	67.8	
21.3	62.1	21.7	16.7	20.2	10.3	10.4	35.5	
34.5	29.4	37.8	13.9	9.3	69.9	26.5	10.8	
38.1	13.7	95.8	46.8	29.7	8.5	50.2	13.1	
48.7	101.1	46.5	44.7	115.3	82.6	169.9	8.0	
66.4	76.5	72.1	109.1	95.1	83.5	53.4	106.5	
19.3	286.0	10.0	58.5	39.7	93.2	116.5	77.5	
36.7	45.3	87.7	62.1	109.3	7.2	126.0	63.2	
158.3	714.8	292.1	443.0	145.7	735.1	33.9	156.0	
14.8	6.5	45.0	15.6	26.1	30.9	12.5	4.6	
29.7	141.5	31.3	43.0	42.2	70.9	18.1	10.6	
80.2	39.4	150.0	44.7	101.7	62.4	45.9	23.1	
33.9	18.6	64.4	44.2	28.6	39.8	85.4	37.9	
41.5	146.7	32.1	238.2	135.8	51.5	25.8	84.7	
21.0	94.5	13.1	19.5	19.8	29.3	21.5	49.4	
129.2	123.1	27.1	38.4	153.5	99.0	121.1	216.7	
27.8	27.1	25.9	27.8	7.9	42.3	29.5	68.6	
59.0	40.1	116.9	173.2	337.9	108.7	296.0	129.4	
4.2	9.7	12.1	15.2	6.8	51.8	12.3	12.1	
267.5	245.4	176.1	599.9	135.2	125.9	347.2	40.6	
11.6	3.7	4.3	21.2	29.8	23.1	26.8	22.5	
27.8	14.6	23.5	49.3	35.3	14.8	11.0	37.5	
37.3	12.3	13.7	14.2	22.9	10.7	58.3	19.6	
33.2	116.3	52.7	65.1	38.6	68.6	68.2	6.4	
72.2	230.0	59.0	127.4	175.2	58.5	43.8	8.5	
151.5	65.1	113.4	137.2	79.5	44.5	30.6	31.3	
49.8	83.2	131.2	232.2	135.1	76.1	72.7	44.9	
97.1	212.7	68.8	72.0	66.0	128.6	86.9	27.3	
96.4	50.5	31.1	66.8	148.6	59.4	251.3	14.2	
117.4	48.1	69.3	124.6	152.3	81.8	245.7	30.3	
120.4	126.2	61.6	129.3	279.4	90.6	70.1	279.3	
60.2	41.0	26.9	72.5	88.0	89.4	266.2	71.2	
95.8	24.7	2.3	31.6	28.8	10.3	9.3	6.7	
12.6	14.1	4.1	26.9	25.4	24.6	6.4	40.9	
7.2	3.5	4.4	9.6	33.2	2.2	35.7	14.8	
69.1	99.2	33.6	92.3	279.1	210.9	69.1	39.9	
97.3	6.7	12.6	24.6	33.0	8.8	24.5	10.3	
44.2	130.1	67.9	87.0	180.0	63.5	94.2	113.3	
54.1	117.3	185.3	190.4	212.3	102.8	408.2	30.4	
108.6	50.5	110.0	139.0	101.4	78.2	85.7	27.1	
255.0	26.8	25.4	49.6	1.8	152.8	46.8	114.1	
24.4	29.7	9.8	38.4	34.3	71.5	55.3	94.3	
57.1	113.9	10.5	87.5	37.1	109.0	35.1	14.7	
46.6	8.4	20.7	24.2	8.2	26.9	23.7	75.2	
111.2	205.3	148.6	166.3	13.1	23.2	232.3	205.1	
20.1	33.8	44.1	46.0	31.8	37.3	89.9	34.5	
48.0	27.1	102.2	105.1	22.8	59.2	6.2	25.0	
22.4	195.4	81.4	205.0	72.2	171.9	106.4	68.5	
203.2	160.1	88.8	154.5	23.1	60.8	82.3	16.2	
11.7	20.0	3.7	72.1	18.8	10.5	29.2	19.8	
120.4	32.1	48.5	59.6	94.8	93.9	167.2	16.8	
111.8	129.2	43.2	241.5	27.0	38.8	149.1	64.7	
18.0	25.1	7.3	18.5	17.6	27.4	32.9	10.6	
4.9	6.2	6.6	8.8	8.6	31.9	15.5	7.6	
159.2	199.0	73.5	172.6	93.2	76.2	205.9	145.2	
110.1	108.1	46.7	116.9	43.9	56.1	92.2	84.5	
31.5	128.0	14.2	26.8	226.8	46.2	82.8	31.6	
59.0	26.4	50.4	124.8	17.1	36.2	283.5	94.0	
270.8	79.8	27.6	75.4	71.8	59.6	40.6	22.8	
705.0	204.3	26.1	370.7	395.8	105.9	149.1	103.6	
364.9	120.8	57.6	213.9	20.2	123.1	12.9	273.7	
49.9	14.6	13.2	13.2	29.2	37.8	7.0	24.9	
108.0	25.1	156.6	173.9	70.6	100.9	155.6	36.9	
261.4	23.5	42.8	200.1	131.0	105.3	172.6	207.7	
19.7	1.0	2.8	14.0	32.0	6.0	16.7	33.4	
52.3	67.9	21.6	36.5	24.3	222.5	58.6	21.4	
36.2	107.3	73.6	85.9	87.0	57.6	28.5	44.3	
163.6	362.2	135.4	185.3	115.3	8.6	44.5	24.0	
117.2	225.0	40.7	97.2	39.4	74.1	25.1	22.4	
25.5	29.7	85.2	141.5	74.5	44.8	84.8	27.5	
110.6	44.0	24.0	23.7	220.5	67.2	114.6	141.0	
128.9	94.1	24.2	90.0	52.0	539.8	149.1	568.2	
277.8	178.7	64.8	189.8	62.2	170.8	122.7	238.6	
100.6	67.1	20.9	106.6	81.0	101.6	107.3	91.7	
7.2	7.0	30.9	49.6	15.5	4.0	34.7	23.9	
56.3	235.6	270.0	283.5	201.9	103.8	374.5	576.4	
34.0	41.0	9.2	147.2	22.1	29.2	26.4	44.4	
13.7	62.0	97.7	111.4	148.6	22.8	23.7	21.9	
83.4	108.0	13.5	248.8	27.6	73.2	40.4	46.7	
90.2	143.8	29.6	75.6	43.4	169.4	84.6	18.3	
112.3	86.2	132.0	160.2	199.0	332.7	33.0	251.7	
81.3	52.9	113.8	214.2	129.0	77.9	256.9	278.9	
51.3	104.1	78.6	100.9	57.4	255.6	48.9	220.6	
83.8	27.6	6.8	22.3	68.1	18.5	33.5	68.7	
103.6	130.3	192.7	366.3	256.6	126.2	114.1	365.5	
17.4	20.9	9.3	21.8	2.7	19.0	20.6	23.2	
33.0	162.6	186.3	213.0	92.9	129.7	124.7	73.3	
6.9	8.5	9.3	36.8	13.4	24.2	16.8	15.2	
357.4	424.0	79.0	210.8	90.3	187.2	265.4	35.5	
31.2	8.1	9.3	17.7	11.0	18.1	9.9	8.1	
56.2	50.2	241.6	277.9	242.4	162.3	910.2	105.7	
71.1	76.8	36.2	37.9	77.0	50.2	169.5	22.2	
51.4	15.8	23.0	38.6	70.2	43.0	30.6	26.4	
210.4	154.9	27.3	50.7	134.2	238.0	38.0	182.3	
5.7	18.6	1.7	28.4	45.6	29.8	8.1	17.4	
35.3	22.4	10.0	45.8	85.1	23.5	26.7	5.4	
142.7	120.0	24.6	215.1	203.6	243.5	125.3	231.5	
37.4	131.4	17.7	21.3	4.6	72.0	49.0	23.3	
205.9	183.4	80.7	126.4	45.7	262.9	271.6	217.4	
40.4	19.2	18.8	21.6	57.5	81.1	53.6	13.5	
26.5	28.3	45.8	50.8	8.1	83.3	51.2	0.5	
19.4	25.8	2.5	14.6	27.8	72.1	7.7	15.3	
240.3	275.8	260.1	285.8	163.3	35.7	167.7	50.6	
12.7	38.4	20.4	107.4	30.9	45.5	35.7	40.1	
59.5	8.6	19.7	27.9	65.2	25.9	112.3	33.3	
10.1	13.2	10.7	40.8	30.6	21.0	25.4	12.3	
110.6	58.5	44.0	79.1	75.0	37.4	30.7	6.7	
25.2	33.5	22.5	101.7	97.3	28.9	33.1	120.0	
112.9	20.8	10.9	204.0	92.2	82.6	132.6	120.9	
23.9	37.9	22.5	34.2	16.1	14.8	33.2	9.0	
206.1	46.1	45.1	196.2	57.0	47.0	47.3	56.3	
14.3	8.3	19.1	25.4	15.0	29.2	15.2	27.3	
25.5	122.2	111.5	126.2	125.0	14.8	60.6	13.8	
36.9	17.3	31.7	68.4	30.8	49.7	38.0	60.7	
45.8	77.6	21.8	37.4	8.6	70.0	125.2	11.7	
28.0	127.4	26.3	92.7	110.5	42.3	288.5	193.0	
26.5	14.4	32.0	33.4	20.3	74.9	5.3	50.1	
37.3	136.4	27.0	98.5	68.8	78.3	20.7	156.9	
49.6	44.4	6.2	21.1	14.3	37.4	48.7	14.6	
9.0	97.9	15.1	21.7	23.6	17.1	42.0	23.7	
3.7	14.4	6.5	9.8	2.0	10.5	1.5	4.4	
20.2	32.4	42.3	79.4	70.6	23.1	32.7	27.9	
223.5	153.5	49.6	87.9	7.7	61.4	35.5	15.1	
92.1	39.1	8.9	17.5	14.9	37.4	18.2	11.6	
131.6	291.8	23.0	113.4	114.7	193.5	658.8	431.2	
82.7	34.9	75.4	181.0	7.0	48.4	40.8	3.0	
126.6	163.3	99.2	124.0	340.1	581.5	249.7	39.4	
17.3	21.3	27.4	50.4	13.3	18.1	43.2	16.5	
38.2	48.8	2.1	60.0	61.6	29.8	80.1	25.9	
530.5	173.1	69.9	246.8	231.4	104.4	577.7	667.3	
91.6	15.0	43.5	50.0	71.3	24.9	93.3	53.8	
24.1	98.4	40.0	56.7	87.1	187.0	24.0	58.4	
86.3	93.7	213.7	232.9	43.7	79.2	16.4	56.4	
81.8	66.8	70.2	456.3	190.0	278.0	224.1	31.7	
32.3	38.6	34.0	46.9	29.6	104.9	35.4	28.8	
51.0	23.1	7.5	23.9	16.6	9.3	19.9	57.9	
2.4	10.7	11.5	18.6	18.9	35.3	20.6	3.3	
38.8	7.9	32.0	139.4	18.5	31.1	88.5	47.5	
189.8	241.5	178.3	453.1	222.1	156.3	120.7	102.3	
5.1	38.8	6.2	30.4	34.4	7.7	42.5	9.2	
24.8	17.0	7.8	12.9	7.3	14.3	7.0	16.8	
58.3	21.3	14.9	83.2	31.9	29.7	37.8	5.4	
52.1	177.5	116.6	284.9	185.1	47.9	39.4	79.7	
37.6	109.6	29.4	59.7	16.7	45.2	7.4	45.4	
166.0	43.1	52.3	76.6	67.3	167.0	141.7	99.4	
48.4	22.5	92.7	100.9	65.7	34.4	105.2	125.5	
57.6	24.5	40.7	72.9	28.5	26.9	86.4	23.4	
141.9	101.9	118.2	140.4	39.4	147.6	23.6	79.8	
14.7	20.4	12.7	18.2	21.2	27.6	53.6	12.4	
100.2	28.0	2.5	57.5	36.7	149.6	43.7	56.2	
98.6	117.2	29.3	52.0	23.8	40.1	60.4	47.4	
39.0	39.5	13.0	58.9	42.9	6.5	103.1	100.5	
112.9	243.7	60.2	125.7	27.7	32.2	59.2	89.7	
5.8	16.4	2.2	17.2	11.3	14.1	15.2	12.3	
20.9	20.4	15.7	20.5	8.3	21.8	19.7	15.5	
61.1	31.2	3.0	15.1	7.8	20.5	17.4	84.8	
371.6	93.6	168.0	229.2	105.2	56.0	94.4	147.0	
69.1	6.7	72.0	157.5	52.0	53.7	53.6	210.1	
30.0	98.8	22.8	51.6	73.5	57.5	40.5	47.9	
98.5	8.5	43.7	187.3	122.4	32.6	99.6	104.3	
16.1	34.6	19.7	20.9	44.6	53.5	28.7	20.9	
14.0	9.9	1.2	38.8	5.7	16.6	1.9	11.5	
20.0	10.3	13.1	20.8	17.6	27.1	50.5	18.6	
39.2	45.9	5.5	42.3	19.2	23.5	27.5	32.9	
10.0	9.3	13.5	15.9	14.6	64.2	8.8	12.1	
115.5	151.0	52.5	201.6	86.6	80.0	494.3	35.8	
33.7	12.9	13.7	73.1	20.0	14.2	38.3	20.6	
76.1	15.6	39.8	60.8	33.7	137.6	42.9	10.3	
75.1	25.8	93.4	110.6	80.9	22.7	36.0	38.9	
24.6	6.2	22.0	54.7	28.0	27.9	40.7	16.6	
108.7	61.3	155.0	300.7	264.4	15.9	100.3	19.8	
96.7	43.9	110.9	113.7	102.4	73.0	36.9	125.5	
36.8	110.9	51.9	51.2	28.9	85.3	10.4	41.8	
42.4	73.0	83.3	131.4	39.9	275.3	93.2	115.7	
188.0	48.4	54.9	292.9	294.1	90.0	340.2	324.3	
86.3	94.5	68.6	113.0	58.8	249.6	69.0	159.6	
51.8	31.8	40.9	60.5	15.2	42.7	16.8	49.2	
39.0	46.5	14.4	38.1	109.0	8.7	55.0	37.7	
11.4	18.3	8.1	16.5	124.4	35.1	60.3	31.0	
174.9	33.2	29.2	36.5	39.4	86.2	46.9	149.9	
83.3	51.0	123.7	149.7	73.5	135.1	124.3	33.9	
66.9	468.8	98.3	234.0	316.7	118.9	103.1	131.6	
97.2	80.2	0.9	55.3	61.3	8.5	77.6	62.9	
90.7	161.9	55.9	157.2	57.9	50.9	138.4	158.2	
13.0	39.3	23.0	72.4	81.7	37.3	65.0	9.4	
30.3	36.2	56.2	112.0	14.4	22.7	175.2	116.3	
23.9	24.6	38.2	68.4	48.3	44.6	25.4	6.5	
52.3	76.0	82.2	100.3	26.5	64.9	215.6	151.3	
57.4	46.3	15.9	91.0	123.4	43.2	47.1	28.7	
34.9	198.7	293.1	352.8	197.1	243.0	128.6	174.3	
18.8	108.4	101.4	159.9	109.0	67.0	142.0	104.5	
24.3	79.5	39.1	46.2	26.0	17.7	64.1	35.9	
73.9	33.8	29.9	82.6	43.0	27.4	25.1	149.3	
28.9	26.0	5.1	60.0	78.8	44.3	9.6	37.1	
49.7	90.1	47.8	57.1	73.9	127.8	66.8	76.6	
52.2	99.2	43.0	233.2	133.1	48.8	143.1	49.3	
79.7	50.9	160.9	251.2	127.9	49.1	105.4	79.0	
4.9	20.2	2.8	18.1	10.4	12.6	6.7	7.8	
14.0	8.9	9.7	28.4	16.1	15.2	7.9	17.4	
23.4	10.5	16.8	26.1	11.1	23.3	9.9	10.8	
61.1	38.1	23.8	63.7	35.8	160.5	47.2	38.1	
210.6	67.5	28.7	63.4	21.4	39.2	28.7	46.5	
163.4	171.7	17.6	244.6	39.8	95.9	36.7	173.6	
12.0	54.5	24.1	39.7	136.6	29.8	52.6	21.9	
97.9	25.1	56.1	64.1	47.8	21.7	64.3	16.2	
27.1	26.4	32.6	102.3	35.3	15.2	46.3	15.4	
105.9	18.3	82.5	85.3	173.7	101.9	120.3	50.8	
33.5	18.6	6.3	25.3	17.2	6.2	23.4	7.2	
71.2	47.8	39.7	95.2	204.3	122.1	134.7	36.5	
205.3	52.9	55.7	123.1	204.7	106.4	246.0	195.8	
65.7	24.2	149.1	220.6	90.8	49.5	86.6	109.0	
257.9	23.1	18.6	30.8	122.6	51.8	168.8	55.5	
391.3	27.2	107.7	408.9	145.7	204.4	41.9	54.4	
313.1	53.0	77.1	171.4	86.0	84.0	124.4	120.7	
12.2	22.5	26.8	32.7	60.8	28.9	9.1	1.3	
78.8	73.7	43.2	53.9	17.8	39.7	22.7	33.7	
44.9	214.3	84.0	177.0	196.7	263.0	226.2	401.2	
54.6	53.8	86.7	128.2	26.8	39.9	84.1	76.0	
35.8	50.5	36.1	104.8	31.8	83.3	49.7	17.9	
89.2	76.1	92.6	106.6	60.0	176.3	122.4	96.8	
137.0	16.1	89.2	269.1	110.8	253.4	165.1	46.2	
37.8	88.4	17.6	20.4	41.7	16.2	38.7	7.7	
54.2	37.9	14.9	89.6	34.7	40.7	2.1	29.2	
12.8	6.8	11.5	72.9	25.3	20.9	179.2	62.1	
24.5	34.9	27.7	31.6	49.6	39.3	41.2	29.6	
47.3	96.2	17.3	21.6	4.8	26.6	80.8	16.3	
105.9	172.2	27.2	173.9	186.9	206.5	61.7	264.7	
15.5	83.8	5.5	58.6	41.2	164.6	73.9	60.9	
91.8	87.9	103.5	149.3	92.5	48.2	62.3	28.2	
27.7	132.1	23.5	35.7	13.5	59.2	108.5	48.7	
23.6	16.9	13.7	27.0	40.7	6.9	22.1	37.7	
259.1	64.5	91.9	119.1	45.1	105.0	343.1	492.3	
19.2	17.0	18.2	21.3	55.0	4.2	96.9	6.5	
20.4	6.1	15.8	18.1	19.4	20.5	16.8	12.8	
11.1	41.6	8.0	8.7	6.1	38.0	8.1	90.4	
222.4	110.2	30.0	108.7	69.4	4.1	100.3	139.1	
142.8	21.3	15.0	33.8	90.8	39.3	66.7	63.8	
41.0	65.1	44.5	123.5	19.6	18.7	130.0	59.1	
74.5	86.8	34.1	37.8	29.1	58.4	24.2	11.3	
56.7	51.5	30.6	42.1	98.4	44.9	17.0	70.1	
32.5	30.5	98.8	129.8	224.1	55.2	143.3	13.2	
16.5	8.4	5.8	12.3	17.4	19.0	0.7	23.9	
6.6	3.0	14.8	32.4	12.9	21.8	20.4	55.4	
9.3	23.3	48.3	64.9	60.6	228.3	98.3	92.8	
103.6	31.7	17.9	77.7	76.3	68.9	36.0	19.9	
139.3	90.2	54.0	171.1	75.4	149.4	269.3	60.0	
118.1	61.5	5.6	15.0	112.5	77.7	8.5	54.6	
68.6	33.8	25.9	233.5	141.6	145.1	51.6	16.0	
44.1	179.7	89.3	158.4	129.2	42.7	51.7	230.8	
32.7	3.1	12.4	43.8	6.6	25.9	54.6	17.6	
99.2	160.4	17.6	98.5	196.5	4.1	13.3	41.7	
26.9	99.1	11.0	165.5	107.3	144.9	87.3	19.1	
40.7	56.1	8.5	37.8	5.7	24.9	25.8	23.4	
19.4	28.1	6.0	35.6	17.0	34.6	4.8	19.3	
51.8	28.6	33.2	149.6	154.2	57.5	76.4	141.7	
48.8	34.3	19.3	35.9	3.2	17.7	16.5	56.4	
13.5	41.8	4.8	4.2	21.5	14.5	16.4	27.9	
102.9	167.2	105.8	111.3	89.3	35.0	242.3	242.1	
10.6	68.9	25.7	29.1	119.4	6.6	18.1	34.7	
75.4	98.8	164.3	273.5	141.4	188.9	148.4	14.7	
116.1	154.1	66.4	111.8	38.1	99.1	90.1	48.8	
362.5	84.9	138.1	137.4	63.0	43.7	137.6	156.4	
269.5	134.8	10.7	241.2	96.6	88.2	87.5	98.4	
7.4	17.0	24.0	29.8	9.6	10.9	22.1	23.4	
37.6	22.3	4.5	18.3	41.8	38.1	15.4	31.8	
55.7	96.2	21.3	46.4	133.0	48.9	79.8	24.8	
108.1	119.0	106.2	159.0	210.6	39.8	10.2	192.8	
27.5	67.7	12.6	22.0	18.4	19.5	44.2	86.1	
14.7	33.5	3.8	61.6	39.6	16.8	14.5	22.1	
92.1	29.8	15.1	29.4	94.9	63.5	40.4	81.0	
66.5	33.5	22.2	53.4	23.7	16.0	19.2	23.1	
20.9	139.9	11.8	75.1	13.1	31.5	51.6	13.4	
5.6	7.5	6.0	6.6	6.8	5.6	0.5	8.1	
8.8	46.4	36.0	73.0	32.3	20.6	19.8	32.8	
18.2	22.2	12.0	15.6	8.0	11.9	30.0	13.4	
92.5	44.5	21.7	93.0	25.5	87.4	213.2	85.6	
312.8	394.1	56.1	488.5	297.1	113.4	264.4	301.6	
6.9	5.4	15.5	46.6	17.3	0.9	24.2	19.1	
68.2	34.7	18.4	18.4	37.8	48.9	30.8	53.0	
67.1	62.2	99.3	230.8	75.9	61.0	110.1	117.9	
58.0	21.7	44.7	235.5	57.3	98.8	45.9	156.9	
20.3	62.3	81.3	150.5	30.1	55.6	52.9	70.5	
13.4	50.2	6.1	18.8	45.3	31.5	52.5	25.6	
12.4	35.5	36.7	61.2	12.5	84.9	46.6	53.4	
26.9	69.7	18.1	49.0	17.6	27.8	42.2	42.3	
1.7	21.0	7.5	9.2	21.1	25.5	4.8	5.4	
107.5	135.4	14.9	102.8	165.3	253.4	108.0	51.3	
46.2	87.0	52.3	151.8	58.2	82.2	27.6	142.3	
41.9	47.5	20.2	20.6	53.3	36.0	16.1	30.6	
43.9	37.9	40.3	41.7	7.4	12.4	4.0	65.1	
5.3	9.4	8.2	39.2	10.3	4.8	15.6	2.9	
64.4	28.8	9.2	31.3	71.2	48.2	8.6	45.1	
281.0	199.1	92.0	95.1	217.1	134.3	98.2	6.5	
14.7	16.6	5.7	5.4	13.6	24.5	8.7	18.7	
47.7	56.5	30.2	52.5	75.3	63.3	47.2	39.2	
16.8	14.9	21.2	36.2	68.9	56.6	16.4	50.0	
21.8	28.5	31.7	35.5	24.9	35.5	34.7	21.1	
34.6	13.9	19.4	31.7	2.5	3.3	14.9	5.3	
50.6	3.5	43.7	48.4	90.1	26.1	29.0	64.9	
32.0	74.8	61.1	23.0	27.8	42.0	14.4	45.0	
20.5	9.3	53.2	46.9	2.4	47.2	30.9	21.2	
70.3	98.4	53.3	79.6	16.1	67.2	187.0	27.8	
86.5	19.3	59.6	30.4	39.7	58.0	164.0	17.5	
34.6	54.1	30.2	82.1	43.9	36.2	47.5	52.1	
6.6	7.6	4.1	5.8	2.0	5.6	9.3	6.6	
44.1	19.0	37.4	25.0	12.4	14.9	4.9	85.6	
16.6	43.3	33.9	26.2	7.3	4.9	23.2	23.3	
45.3	65.6	23.0	46.7	146.3	18.8	110.6	215.1	
26.5	19.3	22.2	21.5	47.7	16.5	9.5	28.3	
71.5	20.1	216.3	73.5	63.3	54.4	32.7	290.6	
76.5	41.5	66.1	144.6	237.8	62.2	115.3	62.4	
56.5	10.0	92.1	64.6	21.7	31.4	86.8	100.5	
53.9	14.1	5.4	10.4	8.4	9.4	8.6	10.6	
87.3	9.0	29.3	18.9	15.3	34.6	24.5	13.6	
86.1	43.1	92.3	51.2	15.8	12.8	24.4	79.8	
239.2	180.7	134.5	177.9	323.5	100.8	220.5	81.6	
146.6	160.9	26.4	24.2	121.2	71.7	31.6	62.3	
19.5	41.7	163.8	73.8	78.6	28.7	129.2	105.6	
74.8	46.4	15.1	76.3	125.5	98.2	38.7	17.2	
78.1	306.9	21.2	242.3	167.8	66.5	59.8	225.5	
134.3	86.0	50.5	135.7	60.3	99.6	102.4	92.5	
173.8	295.7	119.3	52.0	73.3	35.8	89.7	19.0	
95.8	41.1	15.8	101.9	68.9	35.8	130.5	68.3	
77.9	47.2	14.4	38.4	89.4	37.4	173.0	23.2	
52.0	97.5	42.6	51.2	33.5	97.1	89.6	54.3	
90.7	29.1	28.0	55.8	47.9	140.8	109.4	141.8	
26.9	115.9	34.0	71.3	35.9	50.4	98.7	3.8	
11.4	29.9	22.6	24.6	26.0	37.9	52.6	11.8	
34.1	91.2	64.6	55.8	80.6	58.2	92.3	71.1	
65.2	137.4	58.4	154.9	143.3	213.2	166.4	61.5	
161.3	69.6	30.2	53.7	71.0	54.6	143.8	66.0	
27.0	18.9	299.7	29.5	157.4	32.5	52.6	68.2	
11.6	24.4	32.6	6.4	4.5	4.5	4.9	22.7	
69.5	208.1	70.7	32.7	94.6	68.1	33.8	82.8	
68.1	108.6	42.4	78.4	163.8	16.9	93.6	64.4	
26.6	23.5	28.7	10.8	16.3	3.0	4.3	3.5	
497.9	153.5	893.9	110.7	60.0	144.1	34.5	427.4	
22.1	17.0	17.6	6.4	5.2	47.4	33.5	24.7	
5.5	41.3	15.3	15.5	24.9	13.2	6.4	21.7	
26.9	131.5	102.9	144.8	160.8	130.7	51.4	100.3	
75.1	16.6	121.3	35.5	79.8	129.4	92.3	53.6	
76.9	17.3	90.6	28.9	83.4	107.0	79.2	56.1	
6.7	25.6	97.3	92.9	41.3	28.0	58.6	72.7	
57.0	25.8	31.2	331.8	106.8	83.9	296.5	32.5	
10.5	28.7	65.5	79.0	6.9	8.9	26.3	19.2	
56.8	44.3	28.9	94.9	33.9	60.1	85.7	6.5	
102.5	55.0	111.0	237.0	178.6	49.6	141.2	103.0	
10.3	22.1	2.7	8.9	15.8	11.5	10.2	11.4	
6.5	86.2	46.2	8.3	71.6	79.3	79.2	89.3	
113.3	90.9	38.5	57.2	114.4	156.3	386.4	36.9	
17.3	43.9	22.4	9.0	11.5	15.5	27.6	62.6	
37.7	71.6	3.4	43.9	9.1	69.6	48.5	20.8	
52.5	33.4	26.7	130.5	58.3	34.3	47.7	64.8	
53.2	92.9	89.7	127.9	185.2	240.3	108.7	226.7	
75.7	75.2	116.2	11.2	73.5	18.6	64.8	3.7	
58.4	2.8	24.5	33.5	19.6	40.2	38.9	35.1	
13.9	35.2	13.3	75.3	36.6	28.6	72.5	111.5	
96.3	57.6	253.6	108.9	117.3	104.8	150.1	87.9	
81.6	18.1	35.6	13.8	24.9	18.5	11.2	61.6	
262.1	55.6	237.9	63.7	82.5	119.1	131.0	52.8	
24.6	24.8	94.8	31.0	30.3	86.1	38.1	61.5	
97.3	185.1	247.6	563.8	47.2	170.2	103.0	417.2	
30.9	100.8	194.2	101.0	58.5	102.2	122.8	233.6	
37.2	52.1	140.7	37.6	95.2	90.6	117.6	59.6	
23.4	54.9	43.9	67.2	29.9	70.2	97.8	16.2	
34.0	2.6	14.5	194.9	80.3	128.6	50.7	75.2	
77.1	46.4	33.6	72.7	117.0	19.3	8.4	44.5	
48.1	74.7	20.7	115.3	19.1	156.9	91.9	402.0	
38.6	63.4	59.5	23.2	52.1	40.6	111.8	34.6	
101.9	23.4	92.0	12.6	67.4	55.5	48.7	94.5	
58.6	145.6	84.3	59.8	75.5	273.4	29.3	95.8	
84.7	67.2	136.3	45.7	68.0	24.9	11.6	51.4	
6.4	3.4	10.3	3.0	8.2	3.3	1.2	3.5	
105.9	197.2	44.2	2.5	83.2	15.6	44.3	58.3	
49.6	29.1	40.4	0.6	24.2	47.6	20.3	22.8	
0.9	1.6	6.3	8.2	8.1	6.5	11.1	1.1	
77.4	95.7	42.9	23.5	81.6	50.9	31.4	142.5	
47.2	24.8	207.1	26.8	26.4	144.3	67.0	157.9	
89.6	87.0	306.9	261.5	550.7	368.5	113.4	110.2	
68.1	45.6	104.9	76.8	16.1	102.0	107.9	219.5	
28.6	43.1	56.8	15.0	97.0	75.2	40.5	106.9	
149.1	14.5	19.9	50.3	27.0	3.7	6.7	66.2	
71.0	23.0	18.5	11.4	18.8	72.6	81.1	7.2	
14.6	18.7	28.3	1.7	11.5	5.4	17.2	32.2	
233.3	178.2	33.1	36.0	25.3	9.7	61.5	73.4	
38.9	29.3	31.0	59.3	43.9	24.6	59.4	57.5	
82.1	56.0	80.3	44.1	26.1	32.1	38.7	65.7	
41.3	97.3	194.9	178.5	90.4	144.9	61.6	42.8	
213.2	143.9	166.6	235.8	162.0	274.6	150.4	74.5	
80.6	108.9	123.8	206.3	190.9	98.8	228.3	82.1	
94.9	17.5	13.3	130.4	5.0	81.7	49.3	10.3	
315.1	131.7	85.4	122.4	227.7	250.9	20.8	441.4	
11.9	77.9	91.8	71.6	96.8	35.0	40.5	51.8	
39.0	207.0	66.9	48.7	67.5	34.4	61.2	108.7	
57.5	20.5	50.2	101.4	57.9	48.3	36.1	146.3	
47.6	46.9	26.4	9.6	34.9	7.3	17.4	12.8	
87.1	220.0	344.4	38.0	83.0	340.6	160.7	124.8	
24.5	32.0	46.1	41.9	98.7	36.8	34.3	50.7	
122.7	62.7	209.1	38.8	72.8	5.9	70.9	45.2	
6.4	17.0	36.7	5.4	34.4	94.3	118.4	21.6	
125.5	129.0	455.6	493.3	63.2	49.4	58.4	101.5	
63.6	19.5	129.3	210.6	146.3	231.1	17.2	48.2	
38.6	22.9	13.0	6.0	24.7	43.3	124.5	40.5	
32.8	25.4	5.3	16.8	13.4	12.8	28.0	70.2	
14.1	11.7	51.6	58.2	42.1	17.8	34.6	29.7	
4.9	196.2	66.5	21.6	91.4	47.9	138.9	46.9	
30.2	95.4	47.6	145.6	38.5	136.6	68.9	18.3	
88.4	332.1	200.1	36.4	47.1	349.8	207.1	39.1	
51.8	135.1	67.2	93.8	74.7	205.0	52.8	57.3	
138.9	251.9	193.3	14.7	251.6	126.1	300.5	82.5	
30.0	33.9	40.2	22.4	21.4	178.0	47.2	23.3	
7.4	6.0	6.1	0.7	12.1	4.5	1.9	2.3	
16.6	11.9	29.6	43.5	32.3	13.9	70.5	7.7	
22.8	17.6	102.0	12.1	145.9	56.8	7.5	31.4	
138.6	62.9	33.2	41.2	82.2	54.1	95.7	130.7	
90.1	217.4	80.5	131.7	226.5	652.7	142.5	187.2	
79.5	153.2	49.9	59.0	26.5	59.6	31.4	95.8	
150.1	29.1	33.2	155.9	48.9	64.3	114.3	312.3	
19.3	22.8	14.5	62.6	87.1	57.9	37.1	13.4	
17.1	32.0	65.1	35.3	142.1	42.6	107.2	114.2	
34.9	89.1	87.3	18.5	26.3	67.5	79.3	64.6	
170.4	77.7	152.4	214.6	86.9	193.2	284.4	178.3	
51.1	32.7	34.1	53.2	45.8	45.4	64.3	52.9	
63.0	107.0	68.6	66.2	10.5	80.0	71.4	384.6	
104.1	110.4	168.1	153.4	295.3	222.0	183.8	182.2	
190.4	247.4	279.1	64.2	272.3	14.7	212.2	304.3	
146.0	232.7	61.7	136.5	4.8	28.1	50.6	212.5	
211.7	279.4	208.2	80.6	44.7	18.2	125.8	19.1	
22.6	53.1	5.4	63.2	34.6	40.7	19.1	20.7	
49.6	72.5	170.7	36.1	321.3	435.3	230.5	123.8	
87.6	103.9	73.3	22.9	130.1	14.8	29.5	44.3	
20.1	28.6	48.5	18.1	28.8	20.0	90.1	80.2	
13.8	11.8	16.0	7.7	3.7	17.3	17.1	6.8	
28.9	29.0	121.7	91.5	30.9	34.2	7.0	19.4	
14.6	57.5	26.4	175.9	21.5	33.1	127.6	35.6	
97.1	66.3	39.7	25.9	97.2	141.1	25.7	48.8	
140.5	42.5	173.4	19.2	63.1	21.3	29.7	61.1	
119.6	233.2	271.5	171.7	462.7	229.0	195.5	200.5	
122.0	228.5	60.5	486.1	343.1	542.8	242.9	139.8	
49.5	119.5	69.7	118.0	28.5	106.3	32.5	67.4	
143.2	108.9	229.9	187.2	12.9	168.0	70.5	228.2	
5.2	32.5	9.6	2.2	22.2	30.7	10.5	16.8	
15.3	41.3	39.0	4.9	14.6	5.9	24.4	13.4	
18.6	92.9	9.4	100.2	17.5	88.0	34.9	43.1	
148.4	164.7	44.2	154.9	61.5	22.9	10.5	106.0	
19.5	53.2	79.3	49.0	50.6	11.1	53.1	12.2	
17.5	3.2	5.8	9.5	16.0	13.2	8.8	12.4	
36.1	18.0	13.6	24.9	8.5	15.9	44.6	11.6	
284.1	263.5	137.0	54.7	254.5	463.8	61.1	281.7	
12.2	31.4	67.0	70.0	37.2	235.6	242.0	103.8	
67.1	203.2	162.6	112.1	175.1	83.8	131.9	57.5	
22.1	15.6	64.1	6.9	23.0	8.4	37.0	34.8	
50.7	63.6	86.2	43.2	39.1	13.1	34.8	47.6	
28.4	50.3	38.4	57.2	35.5	38.6	107.7	161.9	
0.8	93.8	115.2	144.9	148.8	95.3	55.2	67.2	
26.3	83.7	111.0	21.7	9.1	43.1	11.4	24.5	
34.5	17.4	14.5	58.5	55.0	11.3	31.3	117.9	
60.0	12.5	5.7	22.7	19.5	53.4	40.2	41.8	
31.2	63.0	39.3	120.5	30.2	3.9	8.7	118.1	
2.5	17.4	3.2	28.1	9.9	2.5	26.2	5.4	
34.6	26.2	9.1	13.8	51.8	41.5	21.0	143.4	
0.8	11.8	5.1	24.8	22.2	2.0	23.8	4.3	
63.8	39.9	17.8	24.2	19.0	14.4	162.7	23.3	
12.7	65.4	1.3	18.0	31.6	15.5	30.1	56.2	
35.6	29.5	40.4	41.2	43.4	49.9	29.1	39.0	
138.5	31.2	83.9	52.8	180.6	305.9	124.2	63.1	
114.7	246.8	86.2	96.5	262.6	294.4	263.9	106.2	
2.5	7.4	3.0	13.5	4.2	6.4	15.8	11.6	
7.7	107.1	46.3	12.6	79.9	75.4	84.0	95.6	
6.9	36.3	16.9	12.2	10.6	90.6	40.2	13.6	
5.5	14.7	12.2	40.9	6.5	23.4	4.1	2.4	
235.7	49.2	115.3	73.7	61.5	354.1	56.7	66.1	
28.4	19.8	16.2	61.8	44.1	42.2	109.2	54.3	
5.8	35.6	92.1	51.9	9.2	18.6	64.6	61.5	
19.7	17.2	28.9	15.1	10.7	37.6	4.3	39.8	
98.3	44.1	19.8	25.9	64.8	22.6	38.8	98.1	
103.5	88.0	114.0	140.2	66.7	57.8	37.5	142.3	
15.6	75.1	22.1	36.1	70.8	48.7	176.7	46.5	
60.5	161.4	144.3	49.5	27.7	16.2	138.1	176.6	
15.2	32.4	21.5	41.7	62.2	37.4	16.2	65.6	
57.1	72.9	5.0	41.2	31.8	60.4	23.0	19.1	
68.4	65.2	35.6	23.4	68.1	17.3	4.2	39.1	
32.9	37.6	23.7	38.0	6.4	16.3	16.9	28.3	
103.6	65.2	41.0	25.4	26.2	49.4	16.8	37.5	
42.8	50.7	42.4	124.2	19.7	50.2	92.6	25.2	
10.9	130.2	45.4	35.9	82.0	32.8	62.3	140.6	
106.2	196.0	116.8	43.9	44.0	175.5	16.1	46.2	
57.8	8.7	58.7	42.6	90.2	56.6	83.8	84.8	
386.9	70.5	607.7	179.2	139.1	216.3	128.5	409.4	
69.5	100.3	98.5	87.2	42.0	48.6	60.7	90.4	
216.2	110.6	39.3	150.6	76.3	68.2	139.5	114.1	
24.4	53.7	14.4	36.4	8.3	44.1	39.2	24.6	
17.4	40.7	22.3	82.6	86.5	9.7	23.8	7.5	
155.4	123.0	15.2	75.5	42.3	67.0	44.8	94.1	
16.8	32.9	49.3	252.4	105.7	16.5	118.6	50.3	
133.6	226.3	10.2	430.3	363.9	40.0	290.6	99.1	
28.4	66.0	206.5	15.8	78.6	237.5	75.7	38.3	
152.4	15.3	66.9	62.2	227.7	33.3	120.3	21.1	
215.0	103.2	163.1	81.7	21.8	31.1	121.4	93.2	
53.7	15.6	33.8	36.1	24.7	192.1	71.9	117.8	
112.1	170.2	113.2	226.3	696.7	109.1	204.4	79.7	
1.6	6.5	3.5	10.4	1.7	8.3	7.9	15.9	
15.9	50.3	16.3	33.1	34.6	70.1	22.0	12.0	
29.9	51.5	28.7	42.9	14.6	11.4	14.0	11.7	
26.8	45.9	24.1	30.9	58.7	29.9	11.4	9.7	
99.8	35.2	443.3	118.9	28.8	61.5	28.6	12.6	
5.5	32.3	2.6	26.1	22.6	57.2	55.4	19.4	
95.6	70.4	227.1	79.0	35.1	86.2	273.4	11.0	
39.3	31.4	107.2	34.6	56.3	25.9	104.8	55.9	
30.5	16.1	20.0	18.1	39.0	12.5	29.0	126.3	
182.9	102.5	93.1	57.2	79.9	217.5	80.4	155.1	
119.2	118.5	73.7	66.7	105.3	88.7	62.4	96.3	
18.5	235.9	35.6	85.8	26.8	93.2	57.7	144.6	
50.1	13.3	22.7	16.0	30.5	9.0	60.2	185.8	
47.5	112.8	52.9	116.4	18.5	233.5	77.8	51.7	
34.2	56.2	33.4	11.8	26.2	21.2	20.3	99.3	
4.3	33.0	80.2	49.2	88.2	228.1	53.1	16.8	
84.8	40.8	53.3	50.6	10.0	24.7	11.5	34.8	
66.8	5.2	48.3	10.4	45.7	14.2	28.3	17.0	
633.5	88.8	15.7	235.7	467.0	220.5	146.2	596.0	
128.1	43.3	51.8	243.7	13.1	144.9	23.8	200.4	
55.9	25.4	27.8	78.2	54.0	30.7	1.7	40.2	
150.0	299.3	322.6	513.6	299.1	109.5	751.3	346.7	
296.5	155.2	275.5	90.3	34.8	111.2	728.1	98.4	
77.8	66.7	28.4	28.9	2.2	90.2	47.6	54.0	
49.3	20.1	84.0	43.4	160.9	78.9	11.4	93.0	
40.3	28.9	34.0	58.5	98.8	62.7	71.3	78.6	
14.1	5.5	9.2	8.0	21.0	18.2	4.1	11.3	
19.8	24.3	107.0	23.2	13.7	28.4	12.7	55.7	
20.5	12.0	31.6	4.8	26.9	52.2	42.7	27.5	
4.8	22.5	15.1	20.3	107.9	79.5	113.7	22.3	
17.8	34.0	52.2	3.3	6.4	22.9	30.9	8.2	
48.2	86.7	100.4	59.4	114.1	35.8	88.0	46.2	
686.9	193.7	203.5	300.7	150.3	178.4	419.3	601.7	
95.2	62.1	95.9	183.1	29.7	99.7	108.6	124.1	
88.5	45.5	97.1	120.1	133.6	79.6	84.5	74.5	
130.0	78.8	33.6	100.5	82.8	152.3	79.8	79.0	
32.5	26.5	14.3	28.9	8.3	9.1	45.6	32.4	
1.8	2.7	3.0	3.2	1.7	0.7	3.3	2.6	
218.9	207.5	76.0	101.5	12.9	205.3	336.4	61.4	
3.7	12.4	6.0	38.0	41.7	45.7	10.9	5.4	
31.9	8.4	43.6	60.0	33.1	7.5	24.4	34.8	
55.8	49.1	48.7	71.0	43.5	34.7	11.4	144.4	
62.9	71.5	54.2	152.3	57.1	40.8	56.0	20.4	
54.6	50.4	29.1	67.4	49.2	52.7	16.3	41.9	
311.2	269.2	330.6	355.4	85.9	126.9	185.6	98.5	
157.3	229.4	77.2	95.5	98.6	34.1	97.9	60.5	
58.4	36.7	7.0	122.9	18.6	39.3	25.6	92.7	
29.7	10.0	49.0	77.2	12.7	32.6	134.2	16.2	
180.3	40.1	22.6	120.4	48.4	67.7	30.8	103.1	
104.4	110.9	27.8	70.4	14.9	34.5	57.7	49.8	
18.0	62.2	29.6	23.8	19.4	16.7	23.8	13.7	
96.6	37.7	45.3	100.7	14.1	44.0	20.9	14.1	
230.0	760.4	149.4	283.5	121.7	33.2	92.4	178.8	
9.9	14.7	10.1	12.9	2.5	5.7	11.4	30.7	
87.3	120.5	68.3	72.5	64.2	144.8	211.1	116.4	
125.9	191.6	77.8	148.1	261.6	489.1	103.2	330.2	
16.5	31.3	7.1	18.9	33.3	35.1	41.9	14.3	
52.3	85.4	312.7	54.4	227.3	239.5	124.8	168.5	
7.1	131.5	103.3	23.2	213.8	71.9	20.1	69.7	
43.6	16.9	23.8	78.1	41.9	20.7	9.4	97.9	
14.7	3.3	12.3	7.0	2.6	4.5	4.3	8.8	
25.3	4.4	5.4	10.6	12.0	15.8	14.1	23.0	
37.5	105.8	47.2	146.5	22.8	119.8	70.0	40.7	
20.2	28.3	15.5	9.0	19.4	22.4	36.7	8.1	
24.8	57.1	104.8	122.0	113.8	104.1	43.0	80.0	
24.9	4.3	43.1	49.9	79.9	16.1	26.3	28.7	
3.2	2.0	2.3	1.1	0.3	3.7	4.8	2.0	
63.9	6.0	60.8	168.4	218.4	62.0	98.1	13.9	
134.6	34.8	48.3	40.3	139.2	40.2	210.3	100.4	
38.4	118.2	75.2	220.5	179.7	249.3	148.8	165.6	
46.1	147.2	47.4	48.5	134.3	196.5	187.2	50.6	
53.0	7.4	39.5	60.1	28.6	115.2	59.1	53.1	
1.6	16.8	14.4	10.2	13.2	13.1	9.2	6.6	
62.8	136.2	90.9	147.1	45.9	59.8	92.8	104.9	
7.9	7.3	6.9	6.5	4.4	2.0	6.6	7.0	
166.0	44.1	71.7	21.5	74.1	99.9	60.0	54.8	
32.5	19.4	1.3	65.6	13.2	15.3	34.3	53.7	
41.4	191.7	122.2	102.5	159.8	13.5	18.0	92.3	
73.7	107.6	112.5	60.0	37.9	55.4	21.7	40.9	
125.4	155.2	82.7	6.8	25.6	42.7	11.6	33.1	
115.0	128.6	68.4	38.8	79.9	27.4	185.2	41.5	
35.2	28.8	59.3	41.7	49.1	40.6	107.9	14.5	
77.1	4.9	90.8	48.3	21.7	99.4	143.2	64.7	
74.8	64.0	22.5	89.5	20.1	102.6	87.6	132.5	
77.5	63.4	48.2	152.0	34.1	95.0	109.6	90.9	
20.8	7.6	14.4	43.9	16.7	16.0	10.9	43.6	
75.0	73.8	131.9	13.6	29.9	36.0	42.1	48.8	
13.9	62.7	11.6	32.1	23.0	13.2	39.2	60.3	
48.2	20.6	9.4	99.0	2.9	13.2	30.8	37.8	
8.9	16.3	26.1	5.5	5.2	7.6	2.2	19.2	
15.3	20.5	37.5	39.5	27.0	19.0	22.4	3.1	
45.3	7.4	74.7	40.6	53.3	20.2	26.7	20.0	
66.4	60.9	165.9	206.7	182.0	78.8	93.0	47.3	
23.9	67.3	57.5	52.8	207.9	14.2	46.1	4.0	
51.9	224.9	53.0	72.0	249.0	65.6	144.8	33.8	
35.0	57.8	54.2	23.0	57.1	13.9	25.4	21.6	
180.5	121.6	163.9	239.7	169.1	4.5	218.0	173.4	
306.1	34.0	130.4	285.8	236.8	26.7	88.9	186.6	
12.8	8.8	23.1	26.9	6.2	53.4	47.7	85.5	
54.0	250.2	21.7	73.6	55.1	28.7	112.2	17.8	
14.7	9.2	81.4	45.6	31.7	7.3	44.1	19.0	
39.8	34.1	68.4	19.7	7.8	37.4	15.8	11.0	
31.4	8.8	33.3	103.7	71.0	87.9	48.5	161.0	
41.9	0.5	15.6	6.2	13.1	46.2	8.8	4.1	
28.0	5.6	12.1	35.0	29.3	55.9	15.2	5.6	
88.2	15.8	57.0	17.6	3.2	15.6	95.8	25.4	
35.1	7.3	24.6	18.4	10.7	9.7	40.8	27.5	
56.9	36.9	54.4	3.0	71.1	1.7	88.0	63.8	
91.3	72.5	72.2	20.7	19.9	60.8	9.3	16.6	
83.7	82.8	40.7	95.4	41.6	5.6	68.6	88.2	
67.7	11.6	25.1	11.4	90.7	76.9	57.4	20.3	
166.6	163.6	105.6	56.0	196.1	43.9	30.7	35.6	
10.8	19.9	10.5	31.1	3.4	19.4	19.9	19.0	
128.9	120.5	181.2	306.8	125.7	124.0	158.4	199.0	
47.9	17.6	3.2	13.8	15.7	35.2	9.7	7.1	
111.2	54.7	27.0	31.0	60.0	14.2	38.5	21.8	
9.6	1.1	2.9	2.7	8.1	38.1	7.3	6.4	
134.6	114.0	69.5	207.5	32.7	170.3	23.6	22.1	
42.5	26.2	124.7	74.4	70.1	16.0	52.8	118.8	
117.1	74.3	137.3	102.4	181.2	113.9	118.2	387.3	
43.0	6.9	30.4	32.1	7.1	13.8	14.0	16.8	
48.9	59.5	34.9	104.7	79.1	48.9	99.5	115.3	
159.7	175.1	141.0	219.1	146.1	164.0	34.5	35.5	
92.6	104.1	14.5	64.1	15.2	100.8	229.2	62.9	
44.7	32.3	35.5	12.9	74.2	68.7	121.8	31.8	
23.9	91.9	117.5	134.5	31.4	69.6	64.5	75.2	
323.3	155.8	349.8	526.0	39.5	430.6	816.6	403.1	
8.6	4.3	14.7	20.8	4.0	5.2	16.8	7.5	
36.2	337.4	115.1	43.0	102.9	30.0	138.9	40.2	
135.4	202.0	141.5	135.0	389.2	126.7	48.1	80.8	
48.1	66.2	169.8	93.9	46.0	41.9	26.6	42.0	
32.8	58.9	27.9	22.5	54.7	14.5	21.1	37.3	
62.7	11.6	14.9	37.0	16.0	33.7	7.4	28.4	
13.1	26.1	11.1	26.9	84.7	21.3	21.4	3.4	
2.8	9.2	24.3	17.9	8.3	5.5	13.7	23.3	
17.4	33.8	37.6	63.9	33.0	18.4	45.1	79.1	
56.1	114.2	62.2	68.4	157.4	10.9	48.6	77.7	
92.9	29.8	36.1	82.6	3.3	40.8	23.1	37.5	
53.1	252.9	5.7	94.9	116.1	65.8	13.1	148.2	
284.9	610.6	31.4	286.3	79.2	103.2	295.7	91.8	
81.2	285.2	54.0	112.7	88.6	116.6	114.7	54.2	
94.7	22.2	19.5	27.9	8.4	19.1	6.3	50.0	
27.2	7.0	54.6	19.2	21.5	7.5	26.8	5.2	
15.9	47.4	46.7	58.2	86.8	34.1	34.3	10.6	
30.9	54.2	52.6	37.1	44.7	8.0	24.4	43.8	
42.3	24.0	52.3	40.8	19.3	16.1	8.3	8.0	
24.2	8.1	2.2	15.9	22.2	25.2	10.9	28.4	
33.0	61.3	38.4	157.6	13.5	93.3	8.6	7.7	
240.3	390.7	230.0	299.9	496.9	351.5	314.1	287.9	
79.1	292.3	151.4	42.0	81.6	22.5	18.6	122.7	
50.6	216.5	119.2	114.3	42.1	212.8	112.8	64.6	
327.8	109.3	22.1	93.0	192.5	127.2	23.3	164.4	
42.1	57.0	133.4	64.2	166.1	202.2	134.9	99.5	
47.0	32.4	41.9	45.4	166.8	70.7	19.8	25.9	
11.0	35.9	28.2	24.1	30.4	10.0	14.7	46.7	
308.0	68.2	399.1	169.6	142.7	85.5	215.3	327.3	
17.9	10.7	41.4	42.0	35.9	16.7	52.3	21.1	
264.8	282.9	50.8	127.8	252.2	191.8	266.1	181.9	
150.9	397.8	335.4	97.3	279.0	159.8	315.2	151.3	
154.9	102.5	6.2	119.2	52.4	51.6	155.1	30.2	
208.4	108.5	118.8	7.7	35.0	248.5	116.7	58.4	
129.9	5.9	9.9	22.4	47.0	103.5	28.9	82.9	
233.3	68.9	208.8	158.2	180.8	61.4	38.9	45.9	
70.7	203.5	35.8	109.0	107.8	75.0	34.9	32.2	
68.0	324.6	158.9	77.1	180.4	97.8	213.2	105.0	
201.8	106.0	21.4	91.9	88.6	151.1	23.9	76.9	
13.5	7.6	10.8	3.0	24.0	28.9	22.7	19.8	
18.7	15.2	33.8	4.9	8.7	13.8	13.0	3.9	
16.8	40.3	73.7	41.4	29.8	58.2	33.4	15.9	
164.2	145.4	87.7	33.5	43.5	4.1	65.3	39.0	
249.7	28.7	43.7	7.6	94.2	108.2	45.9	22.0	
239.9	56.4	76.3	52.5	127.0	17.2	101.8	62.0	
207.6	266.3	148.9	140.0	101.4	71.8	188.4	61.4	
27.5	7.6	84.7	80.7	41.6	85.8	122.0	36.0	
114.8	82.1	80.7	25.6	221.1	101.1	50.7	103.8	
67.8	264.1	216.8	387.1	31.2	197.8	116.6	173.3	
15.6	113.5	105.7	66.6	214.7	41.6	92.0	91.4	
5.1	23.1	14.7	72.4	34.8	25.9	33.9	16.5	
245.1	141.2	99.5	87.6	135.5	152.6	114.0	74.5	
29.0	8.2	27.4	7.3	25.6	13.4	11.3	66.9	
28.5	26.7	48.0	58.2	69.4	43.4	50.9	22.4	
320.0	41.9	676.5	436.6	695.1	262.6	205.7	212.2	
366.5	68.1	92.7	71.9	55.5	180.9	47.8	274.3	
78.1	140.3	96.3	200.7	32.8	6.8	27.0	52.3	
13.8	15.1	42.5	73.0	5.8	119.5	17.0	135.4	
20.2	23.2	7.9	97.4	79.3	25.3	1.5	106.5	
45.0	3.2	27.8	6.8	35.7	12.6	20.6	27.4	
28.1	119.1	89.6	57.5	98.6	119.1	31.6	249.6	
199.0	188.9	191.5	47.1	57.6	37.3	126.2	300.9	
22.2	123.4	133.9	31.5	79.5	37.0	132.3	486.0	
26.0	50.0	86.8	42.0	30.0	17.1	49.6	116.8	
26.6	20.4	41.8	12.4	79.2	59.8	99.3	17.9	
5.2	23.4	14.8	19.8	8.6	24.9	10.4	9.0	
10.9	4.4	11.4	7.1	3.6	19.0	11.6	9.5	
21.4	10.5	8.4	27.6	58.2	32.3	21.8	30.2	
7.5	66.2	18.4	40.9	10.3	23.8	26.7	23.2	
112.9	180.5	218.6	265.1	32.9	130.9	229.4	40.9	
6.2	79.5	54.1	69.2	56.9	36.6	21.5	20.3	
61.0	34.1	20.1	61.0	25.5	29.1	58.5	36.8	
120.3	57.0	163.5	38.4	142.4	15.5	51.3	82.8	
139.3	54.9	228.8	60.4	78.9	123.7	22.2	56.6	
83.6	115.3	50.0	64.1	63.3	149.6	151.3	64.7	
151.1	84.6	233.1	92.9	215.4	186.0	71.9	109.5	
79.2	34.2	31.2	85.3	15.5	114.3	65.4	67.1	
37.1	11.1	39.2	25.2	86.2	128.0	6.1	50.2	
53.9	28.6	104.8	28.4	44.0	27.6	52.1	50.7	
112.1	50.7	6.9	41.7	27.6	36.4	92.0	49.1	
47.3	3.9	54.3	66.0	21.7	31.0	17.3	47.0	
23.8	40.8	109.1	54.8	5.3	45.3	30.2	47.5	
67.0	92.6	122.0	66.7	63.4	156.2	68.5	24.9	
9.9	4.4	42.6	55.3	109.0	121.1	19.7	139.0	
158.6	162.0	651.5	120.7	182.3	274.7	70.2	700.6	
39.3	39.3	36.6	121.3	140.5	112.8	68.3	163.4	
62.4	143.6	63.8	187.8	69.9	51.1	96.4	130.3	
42.8	17.1	64.5	64.1	20.8	20.3	34.8	7.9	
279.9	95.3	74.8	177.9	96.9	235.6	82.4	160.9	
132.0	98.4	72.4	21.2	16.9	18.2	139.0	24.0	
41.6	91.5	11.9	21.3	113.4	12.0	27.0	77.8	
34.6	58.0	28.3	29.6	75.1	17.9	31.8	53.1	
27.6	27.6	84.4	22.2	33.6	15.5	60.5	41.5	
5.7	142.9	270.9	189.3	186.7	124.2	54.9	223.9	
33.8	65.6	26.5	61.3	18.5	16.2	14.8	25.3	
28.6	31.0	42.3	21.1	11.6	13.2	19.1	25.3	
111.1	433.2	110.6	181.6	78.1	105.6	168.6	96.2	
31.8	15.5	59.9	22.5	39.8	66.4	20.5	40.1	
32.8	31.5	47.1	37.3	17.2	173.5	68.2	144.7	
916.0	223.1	124.3	837.1	149.8	878.8	192.1	118.7	
35.8	91.0	8.2	28.6	58.0	102.8	11.8	81.8	
134.6	182.5	8.0	118.6	285.0	333.6	71.9	46.0	
2.1	17.6	52.3	110.1	25.1	8.6	7.3	59.9	
39.5	35.9	97.2	116.9	86.4	72.3	208.7	100.2	
62.4	61.8	26.9	18.4	6.1	188.9	37.7	38.4	
162.9	130.0	113.9	465.3	51.8	316.2	172.7	365.1	
93.7	82.1	46.6	142.8	106.5	139.5	35.6	65.0	
56.7	275.1	126.1	49.7	49.0	45.7	158.8	66.5	
234.7	416.3	158.7	84.1	203.7	228.2	66.4	65.1	
21.3	37.8	21.2	59.7	117.7	7.6	49.1	30.6	
17.0	121.6	61.8	48.5	16.0	111.2	24.4	35.1	
5.9	28.9	24.8	32.9	8.8	73.6	22.9	35.4	
121.2	234.0	214.6	76.6	111.5	89.0	110.2	92.4	
156.7	119.8	83.0	345.0	48.3	217.6	19.4	49.4	
62.1	57.2	14.2	128.6	260.2	88.2	64.4	59.3	
68.0	81.0	248.8	248.6	67.5	97.0	223.7	58.8	
72.6	63.3	31.8	23.8	17.6	30.0	50.2	44.9	
156.0	114.7	17.1	31.6	113.9	96.5	60.7	70.2	
48.2	8.5	149.9	68.2	43.3	29.0	178.9	44.8	
55.7	43.2	19.7	60.4	9.1	53.5	8.3	21.5	
76.7	31.0	48.0	41.5	41.5	76.1	43.1	76.2	
21.0	309.6	72.9	96.9	118.2	165.5	25.9	489.6	
76.9	28.1	45.0	67.0	74.3	23.7	47.5	89.9	
