36.9	30.5	22.5	39.3	45.6	3.6	39.5	15.4	
21.3	42.6	44.5	53.1	25.2	57.6	24.0	26.9	
41.5	4.4	14.4	10.2	4.9	4.7	5.5	9.9	
177.4	12.0	32.2	92.9	35.3	37.9	19.2	20.8	
7.5	27.0	6.1	15.9	3.2	4.7	7.5	9.8	
103.9	100.8	30.5	20.8	125.8	79.9	50.0	33.8	
61.1	38.0	12.3	40.5	50.6	18.5	20.1	9.9	
59.1	20.0	38.7	3.0	78.3	38.9	39.5	41.6	
192.6	42.7	148.6	86.1	155.9	41.0	131.1	19.3	
10.7	5.3	3.1	13.1	42.4	10.9	6.4	1.8	
21.7	45.8	16.0	69.6	43.8	71.0	15.4	18.8	
219.6	120.4	115.1	178.9	90.8	819.7	185.1	177.7	
165.8	75.4	197.5	156.8	45.3	155.9	84.1	338.6	
16.9	13.2	7.8	44.9	8.5	18.3	10.1	68.4	
229.7	62.8	208.8	178.3	144.9	118.8	154.8	61.9	
103.7	284.4	51.0	163.4	314.1	181.4	150.5	19.4	
65.2	7.2	51.5	56.3	70.4	33.4	49.4	20.7	
10.2	61.8	4.9	0.6	28.9	36.6	20.0	19.2	
48.5	21.7	43.6	75.8	77.2	119.0	215.1	63.3	
166.0	127.2	123.7	79.0	44.6	69.8	72.6	202.3	
18.4	58.9	5.8	3.2	17.6	60.7	10.3	33.0	
15.2	9.4	107.1	75.5	83.5	144.5	55.3	107.3	
26.0	99.7	24.3	8.0	22.6	80.5	49.4	148.8	
38.9	89.4	32.4	31.0	18.5	25.8	126.1	60.6	
117.8	62.5	218.7	160.3	134.5	17.8	89.1	116.4	
51.3	80.1	154.1	54.3	38.3	60.1	79.6	188.7	
65.9	62.1	33.9	37.9	5.0	3.7	38.6	29.5	
43.3	209.6	256.7	35.5	210.8	172.8	186.5	75.9	
86.4	192.2	26.8	174.1	178.7	110.0	23.9	104.0	
7.9	3.8	61.6	13.5	16.8	21.0	39.5	27.3	
117.9	79.8	151.1	357.1	11.6	17.3	115.4	38.7	
271.7	321.3	98.0	234.2	201.0	376.6	109.6	364.2	
123.5	66.5	59.9	19.0	92.1	112.0	45.5	77.8	
7.5	3.2	3.7	2.9	1.5	6.2	3.6	4.0	
30.4	87.9	37.9	9.1	17.5	26.2	32.0	82.3	
4.3	4.4	21.2	7.5	2.0	13.4	10.0	18.4	
83.0	129.0	93.1	289.4	18.2	20.8	151.1	59.8	
151.0	323.9	413.5	172.6	125.8	270.4	11.9	266.3	
256.8	135.7	418.0	46.0	227.1	74.2	88.3	65.1	
160.9	29.3	205.6	191.0	104.1	241.9	179.5	83.6	
13.4	18.5	19.2	74.6	61.4	39.2	122.8	39.2	
21.2	13.8	33.4	52.8	15.6	45.4	50.2	3.7	
91.4	4.0	102.0	165.8	93.0	39.2	209.2	101.7	
40.8	191.1	83.8	62.3	49.9	59.1	48.4	44.7	
32.5	14.9	32.0	17.9	43.3	68.0	38.4	69.9	
77.0	78.5	56.6	126.4	223.5	124.3	62.3	61.8	
55.7	58.5	33.2	18.6	27.2	76.0	66.1	60.3	
165.8	54.7	65.1	71.8	87.3	105.2	53.9	46.1	
86.9	169.7	19.4	148.1	276.2	61.4	223.8	200.3	
3.4	3.8	2.5	4.6	16.9	3.2	10.4	14.7	
144.8	98.2	307.2	235.9	88.2	149.0	104.6	233.7	
146.1	46.3	66.4	60.2	7.0	112.6	26.4	231.3	
90.1	61.9	97.6	45.7	98.1	32.1	27.8	19.7	
17.1	13.0	38.7	24.3	48.0	54.4	67.5	15.4	
129.0	40.1	146.4	57.9	113.8	37.6	37.7	41.6	
41.7	32.8	151.5	273.5	46.5	243.6	279.0	32.4	
22.0	53.3	86.4	155.9	124.2	168.8	161.4	62.8	
63.5	53.4	23.0	37.7	38.9	103.4	55.4	63.4	
24.2	52.6	51.1	20.4	162.3	95.4	24.4	59.5	
69.1	114.2	40.6	126.7	31.3	157.8	261.8	87.9	
19.2	8.6	16.1	13.2	7.5	17.4	13.8	22.5	
203.3	62.7	161.6	174.2	146.1	585.5	115.1	169.1	
10.6	36.3	46.4	27.4	54.1	44.9	2.3	78.3	
4.3	5.0	46.6	14.9	18.8	12.5	7.2	48.1	
7.0	4.0	2.4	6.3	13.0	5.0	14.8	3.2	
85.3	52.9	52.4	84.1	64.9	51.8	58.9	19.8	
40.3	5.5	22.6	99.5	36.1	20.3	28.7	132.9	
238.0	343.1	30.8	10.2	343.9	18.0	307.3	209.6	
1.5	8.0	11.0	5.4	10.2	11.4	11.6	10.2	
94.5	103.5	24.0	80.8	29.8	101.2	40.7	49.3	
38.8	123.1	177.0	156.6	155.7	333.3	339.0	203.2	
73.5	130.8	132.3	93.1	135.3	12.8	125.2	268.2	
48.5	88.0	25.4	63.3	36.5	67.1	6.1	73.7	
75.8	89.8	46.6	88.9	179.2	6.2	81.5	37.2	
30.3	27.9	32.3	1.4	50.4	44.4	17.7	18.6	
34.3	24.1	2.0	25.8	34.4	19.3	64.7	21.8	
141.7	120.1	114.2	58.7	124.8	58.7	29.4	91.2	
24.3	47.0	5.6	118.7	52.2	77.9	71.3	62.1	
54.2	74.3	23.7	95.5	81.2	65.8	178.2	43.7	
18.8	92.0	31.2	85.3	66.8	58.1	236.4	128.3	
96.4	21.7	242.2	85.9	8.4	27.8	54.5	240.7	
25.5	12.6	22.7	66.4	25.8	123.8	77.7	42.5	
82.4	63.6	65.4	38.5	23.8	45.2	32.5	101.5	
44.7	20.2	7.9	54.1	153.1	16.5	63.7	82.3	
232.7	23.8	35.2	16.9	48.5	31.5	55.8	83.3	
9.7	35.2	64.1	40.7	31.6	65.1	49.1	41.6	
71.0	27.9	92.9	145.3	68.2	127.1	27.2	193.0	
85.8	167.0	122.6	32.5	129.3	259.3	50.0	143.2	
16.0	21.0	22.7	47.8	33.7	12.9	29.0	7.2	
98.4	120.2	85.5	86.9	89.2	48.9	124.7	55.9	
153.9	27.9	71.5	171.0	10.8	115.9	106.8	119.5	
11.0	24.7	17.0	87.5	59.4	18.5	25.0	58.8	
52.1	18.8	26.9	15.4	26.7	4.9	44.2	18.7	
61.7	16.6	24.6	39.8	36.8	24.4	21.3	85.5	
31.8	7.1	58.8	57.9	117.7	14.3	89.4	56.9	
16.0	131.8	114.1	297.9	68.0	113.5	52.0	283.5	
18.1	17.8	2.9	33.5	3.2	22.3	6.3	17.7	
47.7	32.1	21.4	89.2	103.9	42.2	114.0	46.4	
60.6	66.0	147.4	47.7	149.6	255.9	40.8	193.1	
33.9	15.7	164.9	22.3	46.8	30.3	23.4	36.9	
124.6	43.4	29.4	68.2	63.3	56.4	33.7	116.7	
13.0	13.6	26.4	5.0	83.3	39.8	56.0	21.0	
221.3	143.0	64.2	122.6	217.6	120.2	25.7	70.2	
74.6	21.4	30.1	245.7	222.7	22.1	19.8	223.2	
7.6	27.2	61.2	28.4	24.2	73.6	19.5	18.4	
42.0	27.7	46.5	55.3	36.8	23.2	46.4	151.1	
6.9	36.7	12.0	12.3	3.1	35.5	9.1	48.2	
48.2	30.7	47.8	22.4	131.6	21.1	45.8	51.4	
48.8	18.9	74.3	43.1	50.6	39.4	19.9	49.8	
111.7	146.8	188.5	24.2	134.4	65.1	212.8	42.9	
158.4	53.5	48.5	243.8	178.4	136.0	275.9	259.4	
265.9	98.8	463.2	100.3	287.8	141.9	180.5	63.7	
135.4	260.4	92.3	26.9	134.7	52.4	478.0	257.5	
104.6	47.1	98.9	46.4	39.2	30.1	66.9	10.6	
3.8	38.0	33.3	36.6	48.7	103.7	26.6	10.3	
54.1	62.4	189.0	231.7	134.3	47.7	144.6	24.4	
225.0	146.4	67.1	34.1	72.4	115.6	561.7	15.7	
9.7	35.3	79.1	81.0	153.3	66.2	16.4	34.6	
579.2	153.9	198.4	117.0	200.6	208.8	37.9	43.1	
67.6	123.1	23.8	51.5	87.9	51.2	20.0	3.4	
40.5	12.2	10.0	73.5	12.3	24.5	21.7	20.0	
20.9	55.1	15.6	7.5	11.5	30.6	34.7	11.8	
65.4	45.4	136.9	46.7	188.4	211.8	25.2	84.3	
32.6	32.1	11.4	7.1	16.8	75.7	45.7	40.1	
32.4	42.3	87.8	39.0	23.3	59.0	53.2	93.5	
37.2	76.6	25.0	56.2	31.4	12.7	45.6	21.5	
39.8	35.6	23.2	44.2	109.1	32.2	4.2	87.3	
7.5	16.3	28.5	2.5	4.8	1.1	11.2	12.3	
60.2	114.7	166.4	113.5	49.0	91.7	41.7	133.6	
32.9	7.4	17.1	12.1	10.5	15.3	86.5	18.2	
110.5	37.0	26.2	25.2	97.9	57.3	144.1	78.7	
55.9	38.8	68.9	69.9	35.2	16.9	63.9	37.2	
72.9	11.2	99.6	57.4	46.2	48.5	37.9	75.0	
2.3	10.6	17.0	1.0	12.3	5.9	2.0	2.5	
0.8	28.1	9.7	27.3	20.6	19.2	63.8	39.2	
17.7	3.0	18.3	26.0	32.4	79.3	66.2	9.9	
89.7	34.0	49.8	36.1	22.3	211.7	94.5	96.8	
52.6	34.6	42.6	6.7	71.8	87.4	202.3	93.0	
41.0	14.8	12.8	138.2	52.4	41.3	97.7	28.6	
82.9	114.0	76.1	66.8	48.8	70.5	20.6	72.7	
58.1	102.4	11.5	111.6	355.6	101.8	55.8	60.5	
97.4	40.5	146.0	86.9	143.8	119.1	81.1	48.5	
7.3	21.5	7.3	55.9	17.6	37.2	30.9	10.0	
29.9	71.8	59.3	88.2	77.4	23.7	144.2	66.8	
3.4	32.9	18.6	8.7	15.4	9.3	23.8	39.0	
47.9	18.3	23.1	12.4	48.2	25.0	19.1	10.4	
92.4	26.6	72.1	664.9	19.3	267.6	83.0	133.4	
113.7	289.3	169.0	90.6	165.5	20.0	43.1	153.6	
20.7	174.3	79.8	36.8	109.1	54.5	120.9	75.0	
112.2	54.1	32.7	49.5	77.6	62.6	106.4	81.5	
6.3	6.9	49.1	8.8	7.2	39.5	19.1	9.6	
3.1	4.1	13.0	25.3	24.3	11.2	18.0	17.8	
31.0	64.0	25.8	75.7	20.0	426.1	87.3	186.9	
60.1	140.4	30.5	12.2	92.3	13.5	30.5	68.3	
397.4	110.3	88.3	129.8	105.3	314.2	135.2	259.3	
3.5	2.8	1.3	9.1	4.9	1.4	6.6	7.9	
71.1	71.3	99.4	166.6	26.9	76.2	61.1	197.9	
103.7	48.5	12.9	20.6	92.9	142.4	128.7	31.6	
16.6	22.6	12.4	23.8	9.8	27.4	1.6	8.5	
51.3	19.8	114.8	77.9	28.3	52.6	14.7	55.5	
15.8	42.3	13.0	97.6	128.4	28.3	26.5	40.0	
95.8	46.6	44.4	48.2	39.4	30.0	28.1	155.4	
100.3	189.7	123.5	39.9	99.4	181.4	70.7	139.2	
13.2	38.2	4.3	72.1	48.6	5.9	17.8	29.4	
81.1	74.0	23.7	32.6	57.9	76.1	21.4	78.1	
103.2	254.1	161.6	173.2	112.9	45.2	160.5	431.2	
60.2	149.2	58.6	76.9	83.4	164.2	14.2	98.2	
177.4	74.9	191.4	206.5	191.4	286.0	51.0	128.8	
64.8	90.7	86.8	101.3	97.2	131.3	79.4	313.9	
241.6	23.0	9.3	36.7	39.3	95.3	57.8	51.1	
58.7	36.3	56.0	15.7	119.1	36.5	26.2	37.5	
12.8	116.5	44.9	85.2	16.6	12.6	41.4	11.6	
223.5	35.4	195.6	83.1	96.2	264.0	65.9	58.2	
86.2	39.9	43.1	33.3	32.7	57.4	7.6	119.7	
292.8	25.7	199.3	56.9	92.9	83.9	88.8	37.5	
8.1	113.5	25.6	27.2	8.7	14.0	12.9	20.8	
23.0	19.8	42.1	11.3	16.6	34.1	27.1	14.3	
24.2	19.8	34.0	10.7	19.0	24.8	24.1	29.6	
35.7	56.5	12.8	2.4	6.2	12.5	15.8	11.0	
203.7	89.3	105.1	59.1	14.7	92.8	102.3	240.2	
38.3	36.0	6.1	91.5	23.4	83.1	9.3	8.3	
25.9	34.9	115.9	103.4	168.3	56.0	59.6	10.4	
74.3	66.3	53.3	114.4	205.3	51.1	172.7	188.2	
34.8	70.9	26.6	36.4	10.9	48.5	52.5	13.4	
13.9	92.9	120.8	171.5	307.0	423.1	112.6	134.5	
441.3	399.7	242.5	1587.5	216.4	127.9	563.2	68.9	
34.0	106.1	63.7	74.4	24.1	42.2	112.8	47.3	
15.6	163.7	40.2	64.3	64.7	35.4	70.2	18.2	
122.3	926.2	123.1	121.3	205.5	168.8	90.0	330.3	
46.3	83.8	40.6	88.4	31.6	61.3	66.3	55.6	
24.3	35.2	150.6	49.9	180.6	21.7	37.9	5.7	
233.5	23.6	21.8	8.1	27.5	252.5	91.5	21.3	
67.8	131.5	27.0	120.9	239.0	396.7	76.5	116.5	
6.2	2.3	27.0	5.8	2.0	19.9	16.6	14.9	
48.7	52.6	35.4	33.0	95.3	103.2	68.7	45.2	
30.2	38.2	50.8	24.4	62.6	13.1	29.6	27.8	
54.5	126.9	233.4	90.3	95.8	108.3	41.2	19.8	
241.3	612.9	395.9	411.4	538.8	322.5	242.0	600.7	
49.0	21.4	64.6	159.8	113.0	29.4	125.5	85.9	
45.4	183.1	153.6	78.3	84.1	60.1	63.2	96.7	
3.2	2.6	3.1	3.6	2.5	4.4	2.2	3.4	
12.3	13.6	16.1	8.7	8.5	4.3	10.8	4.4	
207.5	6.3	262.7	414.4	169.5	3.3	14.4	133.7	
307.8	310.3	83.9	69.5	191.5	141.9	129.3	478.4	
34.1	31.7	53.0	5.4	12.5	29.3	20.5	13.9	
117.2	71.8	211.5	114.9	305.1	196.3	127.4	59.4	
4.5	31.1	38.6	38.1	37.4	19.8	11.3	14.5	
57.6	122.6	96.0	37.6	96.3	48.9	18.4	184.6	
48.0	30.3	87.2	15.3	48.6	71.2	10.4	23.5	
47.9	34.4	35.5	24.0	35.0	3.9	22.2	33.5	
17.0	54.2	48.8	17.4	124.0	51.5	33.1	33.4	
11.7	74.9	6.2	32.0	37.3	18.8	34.6	49.0	
41.8	38.6	14.8	25.1	61.3	69.8	29.4	6.3	
11.2	19.6	17.8	27.8	31.6	10.5	35.7	31.9	
55.4	22.4	73.7	35.5	29.1	19.6	80.6	33.7	
60.3	146.7	117.5	102.3	11.7	46.9	41.2	15.1	
26.5	16.6	50.3	53.4	34.9	17.9	51.7	50.1	
189.7	196.0	29.4	22.7	91.2	62.7	168.2	187.6	
193.0	203.9	129.6	90.7	294.1	233.1	277.1	205.4	
70.3	36.5	49.0	7.5	60.4	65.5	33.0	35.3	
58.5	15.9	54.3	72.0	10.2	51.0	31.7	35.4	
77.4	39.7	15.4	56.7	73.8	21.3	49.5	39.5	
194.6	202.4	188.3	164.1	55.4	79.4	90.3	62.7	
83.6	40.7	94.9	189.1	28.1	187.2	70.9	137.5	
23.7	48.0	48.4	21.6	22.9	28.1	25.8	16.4	
200.6	60.6	101.6	206.0	216.6	226.7	67.3	86.8	
103.6	46.6	189.4	62.4	53.1	163.5	125.5	86.5	
241.1	217.3	141.8	243.1	70.0	70.9	90.1	15.4	
100.7	95.4	88.8	293.2	143.1	37.6	31.0	76.9	
34.2	36.4	116.7	144.5	22.8	47.6	108.1	151.7	
143.8	226.8	91.4	59.3	37.9	147.1	71.7	4.6	
28.7	7.7	14.6	1.4	22.0	35.4	8.4	20.1	
102.8	35.1	23.2	63.9	33.4	34.1	110.4	43.8	
200.2	10.1	100.0	179.6	211.1	27.6	42.4	52.6	
54.4	22.7	22.9	21.8	34.6	11.4	32.3	25.3	
16.2	81.4	39.9	99.2	16.3	15.4	85.1	29.9	
3.2	21.8	22.4	39.4	6.1	7.7	50.0	87.8	
227.0	118.8	562.0	278.9	182.7	732.2	125.6	189.2	
48.8	66.1	32.5	32.3	75.4	17.1	24.3	13.3	
15.2	90.0	42.6	134.0	82.5	47.6	238.3	118.3	
56.2	51.6	54.3	117.0	67.0	37.1	109.3	127.4	
32.0	82.7	66.1	20.9	30.2	7.0	9.6	31.5	
16.5	11.5	18.3	6.3	37.5	71.7	88.2	20.6	
177.9	278.0	117.4	31.1	47.6	191.3	191.3	110.3	
186.9	74.6	147.9	26.0	78.0	138.8	85.0	172.9	
31.3	125.7	56.4	56.2	78.7	121.0	36.3	98.7	
11.5	16.1	5.1	5.8	25.9	11.9	17.4	9.1	
80.7	50.0	18.3	35.5	94.3	90.1	220.6	116.4	
158.2	185.2	113.3	127.3	87.1	80.1	7.0	133.1	
60.1	48.0	46.0	132.4	32.8	28.7	35.9	75.9	
32.2	12.5	16.8	10.5	20.4	57.9	6.3	21.7	
53.8	138.5	65.9	81.5	90.3	64.5	100.7	77.3	
224.8	39.2	60.9	69.6	2.4	40.7	99.8	94.9	
229.6	98.8	130.1	107.8	59.7	23.3	66.2	67.1	
104.5	31.5	147.4	163.9	155.8	30.4	105.8	75.6	
85.2	328.6	75.5	221.8	153.8	107.5	207.9	76.7	
12.0	5.8	74.4	93.6	11.8	45.9	57.1	29.3	
301.5	45.1	155.3	553.2	268.4	287.3	173.5	274.4	
198.6	383.5	88.2	225.6	365.4	136.2	79.3	555.7	
21.6	81.2	35.9	70.7	46.9	41.3	33.7	15.5	
72.5	12.5	20.2	16.0	26.0	11.2	33.3	52.5	
53.6	57.4	39.2	30.7	49.5	31.9	40.4	29.9	
156.4	13.5	21.7	105.0	88.3	39.0	52.1	57.3	
112.8	154.3	221.8	108.7	6.5	110.4	78.7	109.7	
348.9	202.0	161.8	179.4	302.1	856.8	92.4	50.9	
37.1	110.9	9.8	14.1	49.4	64.2	13.6	56.3	
25.1	167.2	58.7	135.3	165.6	73.0	34.8	73.2	
53.3	109.1	103.1	137.1	131.9	190.4	24.5	5.2	
322.2	16.3	215.3	8.8	39.2	97.8	114.6	163.4	
46.2	14.9	21.1	36.4	24.3	88.1	38.3	73.2	
3.3	22.2	6.9	5.2	54.2	1.3	31.8	4.8	
239.2	324.5	31.7	121.5	332.0	102.5	100.0	121.8	
31.1	20.4	26.2	60.4	7.0	21.3	32.4	15.7	
17.7	3.3	8.7	3.1	7.7	6.8	61.6	16.6	
5.7	9.7	6.9	31.0	47.5	20.0	50.7	8.4	
3.5	5.0	16.2	11.9	16.3	11.4	18.7	6.8	
64.4	89.3	55.2	71.0	11.0	19.0	39.0	21.4	
276.0	149.0	90.3	47.1	25.6	92.8	181.9	217.0	
147.8	35.0	46.2	228.1	116.2	93.8	264.0	180.3	
6.0	8.3	7.5	0.9	7.6	8.2	14.2	19.9	
63.9	109.7	111.7	98.7	63.5	51.0	29.7	202.1	
109.0	148.8	59.3	100.9	201.2	115.8	162.9	79.4	
220.7	10.5	157.0	73.8	224.9	181.0	82.3	338.7	
10.8	39.8	16.3	6.1	34.3	36.1	21.9	3.6	
138.1	24.9	36.8	38.5	5.8	24.2	20.5	20.6	
14.2	124.7	221.4	282.5	88.8	242.9	44.8	95.2	
68.2	47.0	87.6	214.4	172.4	5.4	464.5	137.1	
212.6	333.5	53.2	120.4	486.7	321.6	251.7	144.8	
3.6	2.5	19.6	23.5	23.8	16.1	10.9	33.9	
180.7	37.0	27.3	50.4	107.4	89.6	158.0	40.1	
30.1	53.6	117.7	283.6	78.1	34.7	167.6	15.7	
95.7	54.6	41.3	79.2	144.4	18.6	79.5	52.2	
69.5	13.5	12.5	15.8	48.1	14.0	20.0	25.6	
17.3	2.2	7.5	20.7	12.0	4.8	7.5	8.6	
20.6	16.5	23.2	79.9	84.0	6.1	58.5	99.6	
203.3	160.9	38.5	118.8	198.6	82.1	15.0	29.2	
84.3	16.8	33.1	62.7	94.1	185.5	27.8	52.6	
39.5	39.5	80.2	114.3	56.8	58.1	125.6	184.4	
65.1	292.9	4.2	75.4	112.9	164.6	78.2	78.3	
18.8	12.7	12.0	13.5	12.4	8.1	38.0	7.6	
6.8	21.0	15.4	19.0	10.9	33.3	27.7	14.8	
29.6	23.7	21.1	27.7	16.6	12.4	9.5	17.3	
46.3	2.7	12.4	40.2	70.8	151.7	37.4	100.3	
20.9	36.6	15.3	31.6	23.8	5.3	7.7	28.0	
467.0	120.0	92.9	193.4	221.8	78.0	64.8	152.4	
35.9	24.9	7.7	12.7	14.9	29.7	52.7	9.6	
1.8	5.3	2.4	5.9	2.1	6.5	6.3	4.5	
64.4	135.4	28.0	48.9	91.1	28.0	36.3	77.8	
115.4	27.8	52.5	145.6	42.0	11.6	45.1	25.0	
5.0	53.4	5.2	66.4	11.3	29.5	24.2	3.1	
81.0	117.7	116.9	128.7	141.9	57.9	50.2	156.0	
6.1	4.9	9.0	14.7	20.7	2.2	5.4	12.2	
14.6	135.0	77.6	84.7	42.8	129.3	94.9	83.2	
165.1	32.3	188.6	391.0	98.8	99.2	163.4	143.2	
26.6	4.4	22.3	28.0	6.3	51.9	5.9	19.8	
75.9	225.2	64.5	176.1	51.3	77.8	93.9	43.6	
79.1	16.8	70.6	197.1	50.3	393.3	339.8	261.3	
70.4	78.1	135.8	232.1	114.7	109.9	278.9	301.0	
103.3	213.1	107.0	150.6	90.6	128.8	112.6	101.3	
31.9	45.2	49.5	83.1	42.1	94.9	28.9	18.2	
83.6	113.6	31.7	99.6	112.0	22.5	67.1	138.0	
163.0	11.8	94.0	122.4	54.0	109.9	203.2	227.5	
48.1	73.4	5.6	24.0	72.9	101.3	105.7	67.5	
31.8	114.6	23.4	116.8	155.5	65.9	247.8	141.8	
200.5	110.4	39.9	123.8	14.7	19.4	13.3	40.0	
66.2	27.0	11.8	76.5	3.2	53.9	19.6	16.9	
116.3	83.2	239.0	635.2	56.1	38.9	59.4	239.4	
31.8	21.1	17.5	28.8	30.2	11.5	45.9	7.2	
11.8	16.5	9.5	29.9	3.6	13.1	26.3	11.7	
169.8	141.5	15.0	87.1	284.7	56.7	110.0	230.9	
45.2	22.5	137.0	300.2	102.5	138.7	41.3	56.9	
51.2	47.5	15.2	80.7	28.6	47.2	3.8	4.2	
30.2	75.1	16.7	49.7	14.1	4.4	72.7	24.5	
205.2	108.9	49.3	69.1	422.7	135.1	90.6	391.5	
5.5	20.7	9.8	38.3	4.0	7.6	39.9	5.4	
66.7	25.6	24.8	54.1	53.1	25.5	11.0	22.3	
155.7	134.8	155.0	158.1	138.0	176.0	309.6	188.7	
22.4	14.5	11.4	44.1	62.1	35.2	72.3	13.4	
18.3	67.0	29.1	130.2	78.0	90.1	67.5	22.6	
19.7	50.1	11.5	20.7	24.3	9.6	3.2	8.5	
27.9	16.7	9.0	55.4	22.0	15.9	39.6	7.4	
102.7	30.6	24.3	101.6	33.5	11.2	108.7	22.1	
28.1	18.0	12.5	16.6	8.0	5.7	5.7	30.9	
10.1	0.5	1.1	3.8	3.6	1.4	3.0	1.8	
13.9	48.5	11.3	114.0	70.4	81.5	61.3	50.9	
32.9	30.7	13.8	65.5	26.1	32.3	78.0	17.6	
27.7	78.3	23.2	44.1	19.0	39.7	11.9	17.6	
62.8	22.8	28.8	80.7	17.5	32.4	17.5	18.3	
185.5	56.6	36.7	79.1	8.9	13.7	47.6	8.7	
12.1	30.2	7.6	19.4	80.5	53.8	17.9	12.8	
37.2	161.5	79.9	94.0	281.4	105.3	47.8	214.9	
20.6	40.5	37.7	58.6	128.0	29.7	10.9	21.7	
18.3	32.9	14.8	90.1	89.4	46.9	22.2	8.2	
43.8	24.0	15.5	46.6	42.7	25.0	8.0	4.8	
35.3	228.5	63.1	96.3	70.4	47.3	36.3	57.3	
86.2	395.1	74.3	86.2	135.6	327.4	63.5	132.1	
70.7	4.9	17.0	20.6	18.6	4.4	35.8	3.1	
54.8	13.2	40.5	133.0	80.3	55.4	31.1	17.2	
37.7	48.9	39.5	100.7	108.2	202.2	104.0	208.4	
40.8	32.2	10.0	101.9	75.1	80.5	8.2	182.7	
26.2	147.1	19.2	58.1	158.7	92.7	114.0	67.5	
73.1	24.5	44.6	47.9	28.2	9.0	16.0	51.9	
19.6	11.7	7.5	15.7	42.9	45.9	37.4	66.6	
9.1	11.4	7.2	7.0	13.9	19.9	3.4	16.1	
99.9	27.2	41.9	60.5	41.6	23.7	8.7	86.2	
139.9	19.5	7.4	24.1	61.2	68.7	32.3	125.7	
28.0	20.0	23.9	40.8	11.0	34.7	7.8	14.4	
126.1	93.2	107.0	131.3	156.2	49.7	211.7	67.7	
59.0	254.5	81.1	87.1	122.2	59.7	184.9	93.5	
203.8	134.4	108.6	232.5	169.1	220.4	21.1	103.0	
10.4	11.0	4.1	11.8	1.2	16.9	7.9	18.6	
26.3	24.9	30.2	31.4	9.3	94.4	37.2	61.2	
157.9	168.7	85.7	117.9	132.8	229.4	182.4	83.4	
195.1	36.6	29.7	72.7	140.5	33.2	33.3	36.1	
20.7	22.5	4.0	21.9	13.3	8.8	51.1	42.8	
46.8	34.3	4.6	67.4	186.8	58.0	12.2	36.9	
270.5	691.8	6.5	164.7	450.9	203.3	93.4	115.5	
98.8	28.9	155.0	310.7	68.2	15.9	238.7	91.0	
41.2	73.3	22.2	50.6	52.0	83.9	34.7	27.0	
29.9	40.3	18.1	24.6	51.2	20.4	141.4	31.8	
91.9	105.1	34.4	81.3	133.8	44.4	69.6	115.0	
57.0	49.5	47.2	72.0	85.1	65.4	62.5	15.7	
29.4	7.2	47.3	50.5	15.0	52.9	41.0	37.7	
71.6	42.5	38.5	386.4	341.6	124.4	111.2	229.1	
85.2	23.3	117.4	161.1	60.9	66.4	95.4	49.7	
46.5	35.9	61.0	116.4	16.7	46.8	83.2	18.2	
10.2	62.6	58.1	81.2	15.0	28.1	63.8	64.0	
30.5	109.6	5.3	69.3	127.9	59.1	29.5	62.7	
162.5	48.5	63.9	81.2	194.9	62.7	26.9	113.7	
140.5	84.7	21.3	39.3	83.2	61.7	12.4	167.5	
87.6	31.2	41.7	113.0	31.0	13.9	19.7	43.4	
211.6	19.7	222.2	524.0	424.1	628.2	102.0	113.8	
50.0	71.0	55.6	88.4	72.0	83.3	88.2	50.7	
23.5	147.4	87.6	159.6	280.5	51.8	508.5	86.7	
20.7	86.1	48.5	89.5	33.7	53.3	6.5	30.4	
2.4	28.3	21.4	54.5	35.9	11.3	13.3	73.3	
10.8	9.5	4.5	16.0	11.8	14.0	42.3	20.3	
30.3	25.2	50.0	94.3	20.5	70.4	29.5	24.5	
266.6	63.1	46.6	108.7	62.2	171.0	42.6	123.9	
24.7	119.1	45.4	56.0	262.2	129.2	225.7	179.1	
142.6	493.8	107.7	185.5	172.3	270.0	50.0	279.1	
56.2	53.0	34.1	97.9	10.5	121.0	50.2	39.7	
147.1	110.8	21.8	129.4	89.0	69.5	32.4	35.7	
8.4	23.2	3.0	28.6	31.5	9.6	6.7	36.4	
48.7	61.8	34.7	44.7	143.6	32.9	356.8	155.9	
13.0	44.8	112.9	160.1	50.3	29.7	126.2	97.7	
33.6	19.9	32.7	124.9	161.4	10.9	23.8	76.0	
16.6	32.4	23.8	33.9	31.5	39.8	39.7	15.9	
36.9	38.1	18.8	67.2	22.4	7.0	8.7	19.4	
28.8	30.4	24.0	49.6	33.6	50.0	37.8	21.3	
103.0	53.0	50.2	75.6	104.0	99.8	77.9	48.8	
75.8	108.7	36.6	109.7	14.0	116.1	97.0	217.5	
12.5	26.5	8.0	45.1	25.7	7.8	20.1	10.2	
6.3	20.2	8.2	16.1	52.6	20.7	16.6	22.7	
127.1	111.1	85.1	196.0	234.7	39.1	139.5	115.3	
74.7	161.4	54.3	66.4	77.7	22.4	106.5	71.9	
66.4	131.5	15.8	65.0	72.8	34.7	74.9	102.7	
83.5	56.3	82.8	111.1	112.5	17.8	18.0	162.5	
20.7	53.6	7.1	14.1	45.0	90.1	70.6	18.9	
48.2	49.4	31.7	96.3	33.6	138.6	22.6	33.7	
20.5	150.9	46.4	185.9	135.4	98.5	256.3	53.9	
16.4	271.8	11.8	55.0	52.2	9.0	199.3	49.3	
63.7	47.9	31.5	129.2	9.3	8.2	51.2	23.2	
114.0	42.5	12.4	52.9	45.6	46.2	46.2	82.9	
11.1	12.4	2.8	13.7	4.6	3.7	20.9	12.8	
58.7	31.6	19.6	34.2	56.3	81.9	47.4	63.5	
165.0	344.7	94.3	231.2	181.1	169.7	446.5	268.4	
71.0	23.4	40.6	218.7	37.3	53.4	26.9	52.5	
16.9	20.6	11.5	46.8	113.3	37.6	74.7	34.2	
10.0	24.8	13.4	16.5	58.3	22.4	40.8	21.1	
49.2	5.0	18.1	104.2	21.2	62.5	226.4	69.1	
43.3	272.0	29.5	437.7	16.3	53.9	230.9	73.3	
242.7	169.4	88.6	128.1	237.3	9.8	65.5	64.7	
11.1	20.7	35.3	44.1	65.0	30.0	26.1	12.7	
0.4	0.2	1.2	2.6	3.2	3.0	1.4	0.9	
1.1	3.9	0.8	3.8	4.1	5.9	2.1	17.6	
36.3	56.0	21.8	32.1	15.1	5.1	34.8	46.6	
42.9	27.4	10.1	49.8	40.6	93.3	34.6	32.8	
403.4	99.8	121.9	523.7	212.2	301.5	155.5	256.3	
17.9	39.6	37.0	55.7	61.8	119.0	19.5	45.9	
102.7	105.9	194.5	236.1	24.8	111.9	51.9	68.5	
83.1	68.6	29.6	46.0	4.8	96.6	62.8	119.5	
36.2	17.6	50.5	84.2	110.2	44.1	113.8	37.7	
85.2	135.8	66.8	108.3	116.0	87.2	212.0	79.2	
199.1	72.2	92.6	225.3	125.4	348.7	19.0	138.5	
37.0	16.0	4.7	9.8	17.4	4.9	29.8	12.5	
297.4	109.9	515.1	557.1	23.2	479.7	174.9	7.7	
292.3	50.2	71.2	230.0	166.4	282.8	274.6	111.2	
5.1	3.6	6.7	56.7	40.2	43.6	21.7	19.3	
41.7	45.8	20.5	31.0	73.7	115.2	128.9	20.4	
34.7	55.5	63.2	64.3	218.4	37.7	48.6	65.9	
93.5	12.2	42.4	140.8	14.5	41.5	135.3	44.1	
83.7	75.2	28.7	82.1	8.6	33.9	35.9	30.6	
65.9	169.6	130.2	223.4	71.5	128.3	265.9	33.6	
80.0	63.0	58.8	143.5	153.5	110.9	50.9	153.8	
23.0	11.3	3.1	6.5	9.6	31.8	14.0	6.6	
180.8	92.4	113.8	122.7	975.4	230.0	118.5	135.2	
77.9	98.9	67.2	95.3	98.7	238.3	76.1	43.6	
159.0	91.3	91.9	145.3	16.4	140.7	47.1	74.2	
46.1	59.6	14.8	77.1	12.0	48.2	40.0	57.7	
16.7	100.0	42.8	78.1	38.3	37.1	47.8	7.4	
35.5	18.4	18.1	81.8	162.2	31.9	58.6	62.4	
86.8	21.3	38.9	173.7	153.1	27.1	118.6	69.3	
60.1	44.7	21.8	36.6	20.9	26.6	146.1	154.9	
16.9	38.8	43.8	68.0	80.0	24.3	17.9	94.4	
19.7	3.9	5.6	12.6	6.3	3.5	21.8	38.9	
182.7	42.9	16.9	203.3	254.1	104.1	139.4	48.9	
179.0	174.6	82.0	609.1	356.0	275.3	136.4	360.1	
57.2	38.8	77.2	138.7	32.1	191.3	85.5	108.4	
107.0	82.0	38.7	151.0	181.0	119.1	145.6	41.8	
49.4	122.4	150.0	215.4	7.1	109.1	156.1	15.2	
66.1	129.3	71.8	108.2	59.9	17.0	48.9	84.4	
108.8	146.6	31.3	112.8	50.0	285.8	141.6	76.8	
194.3	42.5	76.3	108.8	213.5	91.8	110.6	49.2	
65.0	168.8	56.4	127.1	125.9	167.5	223.5	44.8	
34.4	5.6	1.2	42.9	26.8	42.7	132.4	6.4	
10.9	37.9	18.4	23.3	26.0	41.0	44.3	57.0	
1.6	4.0	3.7	14.3	1.3	10.9	1.9	0.8	
11.9	11.4	6.2	37.1	19.7	6.4	57.6	8.1	
15.4	11.2	20.6	26.6	18.3	25.1	26.5	15.2	
77.5	173.1	74.3	126.6	191.2	205.7	126.2	89.6	
45.7	66.6	3.5	30.5	57.2	46.6	18.8	17.2	
28.0	13.2	30.5	75.1	15.2	129.2	12.5	26.0	
111.9	257.2	146.1	237.6	232.9	273.6	145.7	152.7	
330.3	71.2	73.9	123.6	342.7	139.1	206.8	129.4	
39.4	161.4	38.5	151.8	153.6	118.1	122.9	114.6	
75.9	22.9	20.2	26.9	22.9	17.5	60.8	10.4	
189.0	108.0	12.4	91.6	331.1	152.6	17.9	102.2	
104.7	197.0	18.0	29.6	128.9	95.0	93.4	28.6	
258.9	325.5	105.0	260.6	349.8	246.3	182.0	172.8	
46.4	49.1	53.6	58.0	137.0	89.4	48.5	39.6	
20.5	43.1	25.1	40.2	144.9	108.1	74.6	49.7	
29.6	38.7	92.2	109.8	42.6	19.8	115.5	19.6	
171.5	113.3	172.2	179.9	49.2	146.4	31.4	64.4	
20.9	136.0	19.7	95.8	52.9	111.9	42.9	38.8	
138.6	212.6	6.6	57.3	61.2	133.3	258.5	83.3	
59.7	25.4	149.9	185.4	148.8	195.3	57.1	53.7	
24.4	24.6	8.8	29.2	53.3	41.9	9.8	7.0	
101.3	22.7	18.4	30.1	45.2	29.2	32.0	7.2	
17.2	60.8	15.9	54.4	11.7	28.6	11.7	20.3	
4.4	20.6	10.0	22.2	4.3	6.3	15.5	15.9	
63.0	19.5	61.9	131.9	87.5	46.3	22.7	86.2	
17.7	24.0	36.1	50.7	12.9	69.9	17.8	2.7	
184.4	32.9	28.8	59.4	53.0	49.4	6.9	42.2	
92.6	50.6	64.8	104.9	28.1	116.0	138.3	59.0	
40.7	10.6	27.1	30.2	18.3	24.3	30.1	3.8	
3.1	14.3	7.7	7.5	7.9	7.1	1.8	2.5	
42.6	51.4	142.0	260.0	18.1	260.3	160.2	176.5	
67.4	24.3	21.8	31.1	11.9	21.7	7.3	16.1	
30.5	76.0	124.1	129.0	92.8	8.9	153.0	27.5	
17.0	11.4	133.1	231.6	71.9	32.5	60.5	14.9	
156.5	206.2	43.2	607.4	300.5	54.0	293.0	181.2	
175.4	93.5	35.1	99.7	61.9	11.8	30.0	21.8	
4.1	15.6	3.7	8.4	0.3	7.1	26.6	6.1	
29.6	175.9	43.8	67.3	118.0	82.2	97.1	8.7	
143.3	45.3	210.5	229.4	122.3	46.8	131.8	13.2	
104.8	72.5	25.8	65.2	69.5	160.2	20.7	121.8	
30.7	52.4	15.7	62.5	113.2	14.0	64.9	77.5	
200.5	25.6	46.5	105.4	282.4	295.8	115.8	68.8	
78.9	29.6	56.0	251.9	357.6	60.8	90.0	80.5	
22.0	104.8	119.5	141.8	53.8	179.2	133.3	182.2	
94.4	282.0	46.7	67.4	380.2	82.3	76.8	37.6	
42.9	62.9	9.1	21.4	12.2	18.7	9.8	15.0	
7.6	2.1	0.4	3.0	4.0	11.0	6.8	9.3	
140.1	104.9	53.5	87.5	186.5	38.1	52.1	107.4	
62.2	68.4	114.7	183.4	22.3	71.2	59.5	71.4	
38.1	176.7	125.8	204.8	254.1	323.3	44.8	246.8	
135.8	88.0	68.6	122.1	158.8	52.4	270.7	17.5	
10.8	5.7	42.9	47.7	99.9	107.9	24.3	59.3	
83.5	230.4	156.6	327.3	187.4	86.2	80.9	27.7	
38.7	7.4	11.5	21.1	3.9	6.9	3.5	39.4	
32.7	134.1	48.2	63.9	92.7	38.3	89.2	24.9	
11.5	6.7	9.1	9.1	4.8	4.2	4.5	3.7	
42.6	103.8	14.9	120.1	104.3	65.0	77.0	71.3	
11.0	38.5	14.1	35.3	109.4	20.3	13.9	26.3	
107.4	43.0	42.3	45.0	9.5	59.4	56.1	62.8	
8.0	63.0	35.4	46.7	22.2	104.9	11.5	32.8	
45.4	88.5	6.9	46.1	68.5	15.3	18.5	90.9	
80.5	54.7	26.2	31.6	16.7	55.0	38.3	17.7	
59.2	3.2	10.5	18.6	5.2	8.0	3.7	26.2	
261.7	174.8	53.3	354.2	205.4	114.3	60.8	70.0	
21.7	63.7	37.8	49.5	27.0	5.6	10.8	44.5	
48.8	150.5	28.4	37.0	231.7	7.8	87.5	37.0	
24.9	26.8	96.0	132.3	8.8	31.7	111.9	55.7	
29.9	26.6	15.8	34.0	21.0	116.5	31.4	174.2	
133.9	115.8	121.3	194.7	120.0	148.3	34.0	21.4	
55.7	18.2	35.5	74.9	34.7	78.2	77.5	22.8	
76.7	26.6	18.0	43.8	201.2	36.1	60.9	17.7	
5.9	12.4	2.3	4.9	7.7	9.7	22.0	22.2	
61.2	37.0	35.3	42.3	35.8	27.3	38.2	137.1	
3.8	1.6	26.9	36.1	7.8	21.6	5.2	8.4	
31.9	81.6	46.3	79.9	25.9	62.0	22.3	38.7	
133.4	27.1	25.2	136.8	456.8	138.2	139.2	43.2	
67.3	50.8	43.0	75.8	11.9	46.0	32.7	9.4	
54.8	58.3	10.1	128.0	17.8	16.9	87.1	81.4	
64.0	16.9	44.4	83.8	15.8	104.4	79.2	92.3	
72.4	73.2	12.8	33.4	30.8	62.4	57.6	31.7	
203.0	56.6	19.3	52.9	68.2	47.8	41.7	97.4	
144.8	100.5	17.5	86.8	138.4	67.2	32.1	163.4	
28.9	47.2	25.3	54.8	33.3	5.1	47.6	47.5	
173.8	8.9	112.9	177.8	111.9	170.6	126.2	81.0	
20.2	17.8	12.8	16.2	7.8	7.1	12.2	7.8	
23.6	94.5	49.3	87.2	77.4	198.7	14.9	92.0	
101.3	101.9	42.1	64.6	137.6	49.7	213.7	315.7	
149.3	185.8	41.0	154.5	103.5	51.2	25.0	46.5	
245.3	93.4	33.2	35.4	36.3	178.9	37.2	350.5	
83.9	115.3	26.5	59.4	137.2	61.0	45.2	22.6	
22.4	63.9	18.8	22.5	68.9	93.4	112.4	120.7	
7.8	23.6	2.0	10.1	14.4	5.1	10.4	10.2	
106.5	984.4	571.6	630.1	245.2	243.1	114.6	301.5	
10.0	8.3	5.8	4.2	4.6	6.9	12.1	9.7	
30.8	38.4	40.7	30.7	15.5	61.5	67.9	6.7	
63.4	118.7	316.5	264.0	106.1	110.7	238.5	173.9	
2.7	106.3	226.5	329.4	292.5	145.8	57.4	27.3	
31.3	265.9	96.7	15.9	106.7	73.4	18.9	117.3	
161.8	257.4	206.9	244.4	68.5	100.2	42.1	94.2	
76.9	54.4	91.3	261.3	85.9	57.0	71.4	73.4	
23.9	11.6	35.8	52.6	63.6	42.9	36.1	7.2	
33.0	158.1	75.6	105.0	62.6	37.7	215.3	29.9	
21.0	35.5	34.9	23.7	33.6	147.6	43.2	49.6	
80.5	66.1	341.7	18.8	45.4	97.6	77.3	21.2	
16.1	50.2	95.5	18.7	57.2	23.2	17.7	13.5	
18.6	13.9	19.6	24.1	15.0	22.3	10.3	12.8	
263.1	56.0	53.9	120.5	44.4	17.8	200.9	91.6	
82.3	117.5	18.4	11.0	61.5	77.8	28.7	12.6	
12.2	41.0	31.6	33.8	28.5	11.8	22.3	51.1	
104.0	361.4	223.6	62.3	32.0	163.0	103.1	95.1	
25.1	3.9	16.7	23.3	10.2	2.8	2.6	18.1	
24.8	5.5	27.3	65.4	14.3	25.3	34.9	51.4	
114.3	56.8	92.0	95.6	139.8	214.7	151.1	67.8	
32.3	13.9	8.8	8.6	7.3	19.3	33.7	3.5	
69.9	33.5	53.3	13.7	6.0	14.0	51.5	5.9	
122.1	214.6	35.5	134.3	199.8	48.1	329.5	130.5	
59.9	20.1	33.2	51.4	48.7	28.1	62.8	13.1	
11.3	34.3	7.0	22.9	67.2	282.7	237.5	47.6	
28.5	10.0	9.3	9.3	3.0	37.7	28.0	39.4	
10.2	15.9	2.5	18.2	32.3	32.5	14.0	9.0	
292.2	288.0	38.9	370.9	222.6	298.5	277.3	111.4	
56.6	76.1	59.2	90.2	88.2	32.4	47.7	14.7	
10.3	49.3	56.9	56.1	13.9	40.8	86.7	58.9	
71.6	44.9	61.2	64.3	35.6	122.8	179.3	102.7	
169.4	481.7	273.2	102.1	191.3	170.1	73.2	104.4	
146.8	83.9	27.6	53.5	7.6	19.9	9.6	72.3	
334.8	38.8	241.1	163.7	78.5	173.2	602.7	255.5	
43.8	151.9	74.0	30.7	23.4	94.0	77.2	27.9	
46.0	86.0	95.8	26.9	31.8	64.1	26.7	170.3	
118.6	13.5	61.7	52.8	5.8	94.1	47.9	10.7	
7.1	16.4	13.3	32.6	13.6	67.6	3.6	11.4	
172.5	86.7	194.7	36.6	31.7	39.5	106.5	186.6	
21.7	25.7	5.6	35.9	5.9	28.8	21.7	24.1	
40.8	3.2	27.9	78.2	32.2	44.3	63.9	121.3	
88.1	56.3	40.5	85.3	40.7	15.2	53.6	17.9	
69.0	51.3	7.4	28.4	34.8	44.4	28.7	20.9	
10.0	21.9	28.6	101.1	9.0	66.9	18.1	38.2	
12.7	30.4	27.4	16.2	46.1	49.4	55.6	9.4	
167.3	129.9	4.9	39.4	33.5	40.8	174.6	13.2	
162.6	497.6	153.2	119.8	100.7	44.5	116.6	221.9	
83.3	417.0	79.3	85.9	51.8	47.9	46.6	194.1	
11.9	2.0	75.0	54.5	25.3	67.0	35.5	8.6	
18.9	6.5	12.5	7.6	11.0	13.7	8.9	40.3	
343.1	138.0	96.8	94.3	55.5	54.9	65.7	121.2	
42.7	129.8	14.4	36.8	15.8	73.3	16.5	21.6	
35.7	166.3	26.6	44.2	19.7	18.8	18.3	68.1	
71.7	107.6	175.8	80.4	71.4	99.8	85.8	67.9	
276.1	239.7	33.4	112.1	160.5	306.9	195.3	71.9	
227.3	439.8	108.2	397.1	361.9	403.9	182.6	214.9	
409.2	132.8	143.5	238.1	147.8	158.3	92.5	121.7	
112.3	123.3	149.4	168.7	69.0	54.2	16.9	159.5	
54.9	7.5	23.7	16.3	6.0	22.9	4.9	4.7	
10.5	4.2	27.9	25.6	13.7	8.7	18.9	9.7	
91.2	91.1	108.8	129.2	17.6	456.0	115.2	19.2	
12.7	20.4	9.7	46.5	20.5	45.2	14.6	22.6	
89.3	229.9	204.8	53.3	51.2	305.5	273.9	180.9	
31.2	49.2	18.1	65.2	56.4	27.7	27.2	10.3	
72.8	81.6	46.6	90.2	73.8	124.8	85.7	85.2	
168.2	17.7	89.6	82.9	90.8	56.2	54.5	19.1	
12.4	15.5	6.6	6.4	43.9	8.4	16.8	27.5	
8.8	17.9	17.0	8.3	32.2	26.8	14.5	44.4	
11.7	5.0	8.8	5.0	5.8	6.5	11.5	6.6	
182.6	168.1	3.8	47.4	109.0	59.2	9.0	84.5	
22.8	89.7	57.1	37.1	20.1	52.6	92.1	44.7	
17.8	26.6	18.7	16.2	42.0	70.8	21.3	4.1	
170.2	174.0	194.8	132.9	146.3	90.5	324.3	517.4	
74.5	231.8	126.9	91.7	321.1	62.6	17.2	162.8	
9.8	13.1	15.9	17.3	9.3	11.4	12.9	21.3	
34.6	34.4	156.7	38.5	64.9	22.1	111.6	44.6	
26.9	26.7	38.0	47.2	202.2	124.8	94.2	41.5	
28.0	29.9	42.0	62.7	33.2	66.0	24.9	49.5	
285.1	115.2	392.0	67.3	91.2	73.1	49.1	102.0	
1.5	35.5	11.1	13.9	16.6	22.2	25.0	12.1	
47.5	58.4	79.0	80.3	130.7	59.5	66.3	45.4	
58.2	91.5	120.0	65.3	62.1	45.8	186.0	47.6	
304.7	47.8	61.1	108.5	76.7	310.3	221.6	137.8	
29.8	29.1	128.0	96.1	52.5	67.4	34.5	147.0	
128.9	191.3	164.9	37.8	392.6	77.2	211.0	135.3	
96.0	67.5	126.2	112.5	186.2	170.3	12.9	82.5	
113.3	121.5	42.4	8.1	114.9	59.1	103.3	28.3	
18.7	40.1	137.7	147.9	36.4	146.1	13.9	26.1	
119.6	23.6	32.8	41.3	41.7	47.9	104.8	23.0	
19.1	57.5	19.2	27.1	3.7	70.6	25.2	14.0	
13.9	19.4	7.5	2.1	32.6	3.2	9.4	4.8	
12.1	4.7	26.4	20.0	25.5	18.6	12.7	28.1	
140.7	89.4	80.1	198.8	315.8	154.1	103.7	105.1	
17.9	4.8	44.4	22.9	1.0	24.5	54.1	13.8	
97.0	79.6	17.1	18.7	165.7	21.7	42.2	179.0	
82.5	147.8	29.3	158.9	92.1	159.6	131.7	21.5	
12.1	30.4	6.4	19.3	29.4	15.4	22.2	17.7	
76.5	102.3	64.3	6.9	100.2	100.7	47.0	68.3	
1.9	1.4	11.7	6.5	1.6	5.1	0.5	3.3	
151.9	72.3	21.9	85.9	34.2	74.2	52.8	7.2	
13.8	52.5	72.3	134.9	66.1	69.3	94.7	57.6	
37.2	146.7	72.2	310.6	66.2	138.7	329.8	128.4	
89.9	64.8	66.1	91.7	25.3	131.6	82.3	64.7	
45.7	7.6	22.9	16.5	29.3	38.0	92.8	20.4	
49.8	13.9	29.4	299.9	77.8	90.5	34.9	94.0	
20.7	166.9	78.0	68.6	464.9	179.4	107.3	326.3	
37.1	104.9	176.9	24.7	11.9	18.1	48.7	11.7	
37.5	51.6	161.2	130.8	53.0	345.2	156.2	230.0	
159.1	89.6	75.8	204.6	82.4	160.5	140.1	218.4	
96.3	47.2	54.3	62.1	9.8	192.9	215.0	184.0	
291.3	53.3	122.6	210.4	201.1	178.9	226.7	315.9	
24.4	33.6	95.6	67.8	48.3	52.1	88.0	132.8	
8.9	148.6	17.8	13.7	69.6	17.8	55.5	78.2	
11.2	16.4	71.8	19.9	5.3	42.7	30.4	48.9	
43.3	148.3	5.8	19.7	11.0	83.2	60.7	49.3	
55.6	79.4	77.5	78.3	105.6	112.0	207.0	100.9	
43.7	12.2	101.1	80.5	22.6	47.7	26.0	20.0	
333.5	49.4	62.9	243.6	57.6	126.6	91.1	85.8	
39.9	107.8	157.5	111.5	179.4	228.0	39.2	131.8	
40.8	17.7	38.0	2.6	21.2	35.3	13.0	28.6	
190.0	95.0	78.4	29.0	99.9	68.6	69.6	119.1	
37.0	246.4	102.8	75.3	40.6	47.2	8.2	4.7	
310.7	213.4	268.3	72.5	64.2	111.7	286.7	162.0	
63.0	38.8	67.0	142.4	45.1	29.8	32.0	112.3	
27.2	56.1	14.3	77.9	50.1	42.5	27.9	53.0	
50.6	76.0	105.0	47.3	40.3	65.9	8.7	121.0	
44.6	18.1	95.4	51.4	10.1	130.4	23.9	59.8	
4.9	4.2	16.2	30.0	30.7	49.1	24.3	28.0	
47.4	20.3	101.4	29.4	69.9	16.8	61.1	40.4	
18.8	163.1	38.4	19.7	155.4	2.2	56.8	29.2	
92.4	26.7	27.1	20.4	39.9	22.8	8.1	22.0	
90.2	3.6	30.9	56.8	57.0	44.4	47.8	11.3	
71.2	278.8	156.5	126.5	158.6	157.0	176.5	80.1	
49.2	37.7	58.1	70.0	223.2	134.0	278.7	65.2	
52.1	182.1	69.8	163.8	134.4	324.0	143.7	71.4	
4.2	12.8	21.1	35.0	2.4	5.6	10.9	1.2	
20.6	33.2	14.9	255.1	163.8	31.9	72.8	136.3	
125.2	35.5	41.6	6.4	58.1	21.9	97.2	49.8	
56.1	13.7	45.2	68.2	25.4	31.3	69.5	211.0	
82.4	28.5	65.8	61.1	58.3	101.4	120.9	117.7	
24.4	42.4	207.8	78.3	132.5	18.5	106.5	55.7	
43.9	36.5	62.0	31.0	78.5	36.4	35.0	19.8	
66.9	39.5	44.6	42.5	54.4	67.4	61.7	15.3	
140.4	101.3	78.6	95.7	266.2	195.8	121.0	19.0	
52.8	5.7	65.7	25.7	13.1	4.7	109.1	77.5	
38.0	68.2	63.7	33.8	45.3	28.3	10.0	29.6	
65.6	34.0	39.6	46.8	49.6	4.8	52.6	77.5	
105.7	125.6	163.8	204.2	35.9	84.9	320.1	337.5	
50.4	15.9	66.5	27.9	52.7	24.9	33.6	70.7	
48.3	62.4	194.0	190.1	177.0	93.8	52.0	12.5	
35.6	28.3	58.0	130.4	9.8	14.6	167.9	24.8	
39.8	60.8	53.6	29.4	39.9	9.0	47.5	3.2	
16.1	56.8	12.6	125.3	121.6	125.5	54.5	94.4	
23.3	101.3	21.6	105.3	34.1	16.4	57.1	24.1	
96.7	37.1	82.5	68.9	68.6	30.5	78.7	4.8	
12.4	1.6	12.3	7.2	7.7	3.9	17.3	7.9	
215.9	280.6	42.2	448.7	39.6	386.2	87.0	523.6	
290.5	357.8	318.1	428.7	32.7	95.9	72.9	418.3	
169.5	131.4	126.7	129.7	117.0	38.4	21.8	124.6	
27.6	9.2	11.7	4.2	16.9	9.8	29.0	13.0	
40.9	23.8	5.3	13.1	18.9	43.8	32.4	36.6	
40.1	35.5	44.3	48.5	58.4	244.4	43.3	122.2	
16.5	39.2	9.5	3.9	10.9	5.9	9.9	15.4	
13.3	27.3	16.7	69.3	3.1	140.5	101.7	177.8	
104.0	136.7	41.6	56.9	87.4	123.1	115.1	53.6	
178.5	56.2	18.7	88.1	53.1	82.2	97.6	23.4	
19.9	160.5	60.1	111.1	15.7	84.1	40.6	83.7	
99.8	15.9	27.8	89.2	12.7	198.2	41.7	43.2	
80.7	149.4	43.2	135.3	81.5	18.5	96.3	116.2	
27.5	21.7	10.0	44.3	22.3	106.9	25.8	69.4	
56.0	40.4	95.7	120.1	129.1	53.0	65.3	110.2	
68.6	66.6	116.7	125.4	48.5	62.0	33.3	36.1	
15.1	3.1	6.9	2.2	11.8	9.7	25.8	27.3	
95.3	62.2	89.5	179.8	170.5	66.5	75.9	87.1	
13.3	5.1	29.4	73.5	9.7	5.5	8.5	26.2	
13.7	26.4	28.6	27.0	5.6	37.3	18.8	48.5	
162.0	93.6	44.4	56.6	43.3	28.3	23.6	49.3	
39.9	50.8	15.8	25.3	34.3	14.2	33.0	12.8	
117.4	97.7	38.0	76.7	103.6	148.5	111.8	56.7	
72.4	73.8	39.0	123.6	59.9	46.9	29.3	22.7	
17.9	49.4	68.7	85.5	56.0	74.0	26.0	35.6	
64.0	257.1	88.5	40.0	17.5	242.2	323.7	14.4	
13.4	87.4	35.5	16.7	15.0	37.3	23.8	69.9	
329.7	261.1	200.5	209.9	75.6	270.9	224.1	268.8	
12.8	13.1	35.0	12.7	11.3	9.2	11.7	29.3	
343.5	141.1	314.7	132.6	47.5	151.8	80.4	236.0	
474.2	165.9	193.8	660.4	526.9	342.4	491.7	145.1	
29.0	17.7	15.1	44.9	12.3	6.0	21.8	36.5	
57.1	20.8	212.8	56.8	46.6	203.3	15.7	74.7	
128.0	138.4	189.8	196.5	179.7	132.5	80.7	241.4	
152.3	56.6	87.8	366.6	51.5	89.2	167.6	21.4	
5.1	16.0	19.6	4.6	78.8	17.7	54.6	23.5	
116.3	20.2	324.0	483.2	176.9	176.4	266.0	66.2	
26.3	34.7	12.6	22.6	16.2	17.4	54.2	21.7	
61.4	176.5	303.2	29.4	72.7	104.5	127.7	46.4	
26.9	66.2	33.3	10.0	172.5	51.7	127.1	130.8	
29.7	13.2	10.7	18.2	117.9	148.6	131.8	33.1	
57.8	116.0	292.5	30.2	94.1	34.4	51.3	237.1	
24.1	73.0	92.8	10.8	112.0	43.3	7.6	152.2	
87.1	588.0	260.1	334.2	77.8	586.3	273.1	50.3	
24.7	4.3	2.8	8.3	5.9	8.8	1.8	8.4	
33.1	33.8	1.7	73.9	46.9	20.2	86.2	58.5	
51.7	136.7	183.9	119.0	116.3	53.6	205.2	39.1	
3.1	37.3	14.7	19.2	23.0	14.6	44.4	20.5	
33.8	27.6	15.8	28.6	38.2	30.0	43.0	39.5	
50.1	72.5	75.9	27.2	195.9	102.3	142.6	84.3	
122.0	85.2	56.1	88.5	93.4	72.4	43.6	57.4	
92.3	40.8	86.8	20.5	39.2	74.1	65.9	11.4	
10.6	8.6	13.4	12.1	19.2	33.1	19.0	4.3	
12.4	17.2	39.4	17.5	28.5	13.3	7.8	66.7	
113.3	192.2	340.3	181.2	63.2	170.0	293.1	44.9	
71.1	123.6	107.8	7.2	93.9	10.5	24.2	81.8	
112.7	243.8	76.6	25.3	147.7	26.2	51.4	27.6	
11.6	37.9	17.3	6.9	13.2	16.7	4.3	17.3	
35.3	15.6	17.0	32.0	46.7	14.5	20.0	20.2	
488.3	63.2	168.6	75.5	62.6	111.7	162.2	218.4	
53.2	27.9	45.8	28.2	26.3	32.0	43.4	27.4	
44.4	39.4	62.4	82.1	107.3	56.3	61.5	24.2	
27.2	73.4	81.4	9.4	29.5	34.5	54.0	28.7	
165.2	71.8	35.9	22.7	71.1	130.2	79.3	206.4	
20.4	59.5	115.5	68.3	257.0	25.2	147.0	46.6	
77.9	161.7	30.1	31.5	54.3	198.5	247.1	4.1	
28.7	82.8	74.4	13.2	102.9	3.8	12.3	67.4	
70.8	173.7	34.7	64.9	12.6	16.0	175.1	80.3	
103.8	114.6	90.5	80.9	41.7	143.2	41.9	89.6	
95.1	100.2	18.9	201.5	65.1	6.9	180.7	265.1	
41.5	51.6	21.7	12.5	56.5	79.1	33.3	50.9	
70.4	9.8	8.1	21.7	43.5	8.0	14.8	17.5	
71.5	28.4	61.2	13.1	98.0	115.9	140.0	33.5	
56.6	74.9	18.5	55.4	28.3	34.2	43.0	29.5	
49.7	26.0	92.5	46.6	97.3	52.9	16.8	20.8	
10.0	30.1	29.3	2.4	11.9	45.3	6.2	17.6	
39.5	44.2	97.0	30.1	19.5	22.3	22.0	9.5	
14.9	19.2	5.8	6.3	11.6	1.1	22.6	7.4	
57.4	23.9	56.0	26.0	3.9	31.1	146.7	4.4	
84.1	649.4	530.9	59.1	125.0	112.0	69.1	136.1	
48.6	145.0	76.0	110.6	16.8	68.4	32.2	39.0	
23.6	16.0	8.0	6.8	16.8	11.9	32.3	29.0	
9.7	92.8	142.2	30.6	235.5	39.8	93.1	138.3	
23.8	161.9	62.1	62.8	250.9	36.7	13.0	113.9	
18.5	61.5	16.1	33.0	6.6	14.4	32.3	61.1	
13.5	4.7	31.6	46.0	49.4	8.6	24.6	76.0	
121.4	5.9	146.1	142.3	4.4	45.9	180.8	164.2	
130.7	535.3	149.8	27.0	270.5	67.7	368.3	171.4	
22.7	19.5	16.6	33.2	28.1	17.0	27.2	12.2	
31.7	25.2	37.6	20.9	21.7	90.2	45.5	39.9	
23.2	5.4	78.9	23.9	16.6	36.5	20.0	46.1	
99.3	128.0	434.4	168.9	104.2	91.4	116.8	182.7	
68.8	114.1	79.3	101.4	242.3	54.1	94.6	185.5	
62.6	210.5	33.7	52.1	57.6	279.4	29.3	123.6	
26.1	43.5	55.1	99.6	30.6	5.6	16.6	26.7	
180.2	95.1	121.3	132.4	212.4	85.4	191.3	159.8	
51.3	49.3	55.5	192.8	50.5	27.0	95.1	142.4	
38.7	56.0	49.2	158.8	39.4	57.2	25.9	14.9	
38.4	33.4	21.9	13.7	21.1	14.0	41.3	16.6	
6.3	10.0	14.4	1.6	0.4	3.1	7.4	0.6	
68.6	69.8	47.0	11.2	7.5	73.7	67.9	88.3	
21.0	56.6	30.3	22.3	9.6	28.7	14.1	16.6	
12.7	43.2	2.1	25.0	12.3	30.7	42.8	25.8	
101.6	54.0	99.8	238.1	22.8	239.3	183.3	73.9	
47.5	67.4	23.9	75.6	26.8	46.0	101.6	35.6	
1.0	9.1	26.8	13.5	32.9	33.8	43.3	26.0	
261.7	45.6	54.8	43.4	7.9	31.0	49.5	7.3	
31.7	30.1	26.8	46.8	16.3	15.4	61.2	18.5	
241.0	211.7	61.1	478.3	106.0	316.5	104.7	198.9	
27.5	40.7	33.7	92.4	35.8	55.3	49.1	16.8	
44.2	43.4	83.4	68.2	81.6	81.7	56.5	180.9	
5.8	14.7	23.3	9.6	15.4	12.4	9.2	10.5	
62.9	59.9	63.3	96.9	106.5	110.5	289.7	1.4	
383.8	164.1	201.2	304.5	177.9	180.4	290.6	265.1	
9.8	17.1	6.5	8.6	2.0	27.5	9.5	10.6	
38.4	56.5	68.5	11.0	97.8	19.6	41.0	30.3	
33.2	65.6	12.0	9.0	39.6	21.8	12.4	5.1	
8.8	8.2	8.1	4.8	9.7	9.4	3.4	9.3	
80.7	41.5	102.5	51.9	83.6	41.4	51.8	87.3	
164.3	101.5	93.8	42.9	168.9	63.8	125.9	229.5	
44.8	46.6	30.5	36.7	90.7	22.2	20.4	19.8	
13.9	231.1	308.4	103.4	137.8	176.7	225.1	107.2	
346.6	490.1	275.3	531.3	553.7	168.8	96.8	450.7	
37.1	83.2	71.0	18.6	19.1	38.0	28.4	76.9	
33.8	18.3	28.0	9.3	20.1	101.3	72.0	30.5	
35.8	8.4	9.3	3.7	20.6	77.5	190.8	63.0	
59.2	44.6	14.8	31.8	118.8	30.1	55.4	64.7	
87.6	193.6	143.3	2.4	184.1	96.6	111.7	34.0	
69.6	36.8	202.4	323.7	70.0	163.7	134.2	180.4	
8.7	12.3	104.1	39.4	9.5	8.1	32.2	9.0	
40.0	113.6	44.0	482.5	154.6	62.1	120.5	384.3	
15.4	96.8	15.6	11.5	33.8	60.6	71.0	30.9	
171.6	124.3	30.3	7.9	21.1	85.2	34.9	44.1	
59.2	279.6	85.9	124.2	163.0	120.2	217.5	86.6	
30.6	24.3	25.8	58.5	94.9	36.5	96.6	12.5	
93.0	43.1	9.5	99.4	194.1	49.6	82.0	26.5	
565.3	153.6	127.0	83.9	238.6	169.1	546.9	20.1	
32.5	63.4	211.5	45.8	97.4	133.6	14.9	197.2	
45.2	26.8	134.8	82.6	25.9	18.2	45.8	16.8	
304.1	272.2	221.2	84.5	208.5	234.9	151.3	123.5	
13.3	42.3	10.5	94.3	54.2	73.5	111.9	28.5	
45.5	15.0	61.3	42.5	79.4	40.6	97.4	41.7	
100.4	260.1	121.3	17.8	121.0	248.0	65.2	70.7	
102.0	360.3	292.7	328.4	100.2	204.8	133.8	57.7	
13.8	22.7	12.5	29.6	25.3	32.2	50.0	18.1	
33.2	22.8	23.2	9.3	19.6	45.3	27.6	23.6	
56.3	31.4	128.0	77.8	32.2	59.1	57.7	65.0	
39.6	20.4	20.9	12.7	42.5	7.7	100.7	71.6	
14.5	136.7	138.4	30.1	93.5	29.3	135.1	98.9	
88.8	143.0	100.7	202.6	177.4	73.5	142.1	140.4	
4.8	13.6	21.4	12.4	5.2	22.8	7.5	41.8	
124.4	96.1	24.6	108.5	133.0	5.1	21.1	244.0	
92.1	40.5	49.2	117.9	113.9	41.8	41.5	57.8	
214.3	175.9	17.9	10.6	235.8	188.5	201.4	156.5	
15.3	44.7	10.2	18.8	19.9	23.9	4.3	2.9	
174.2	223.8	131.9	174.6	116.8	241.9	69.1	71.3	
74.1	206.3	65.3	93.1	146.9	345.1	46.9	270.9	
20.7	37.8	67.5	104.8	35.0	96.1	100.9	150.8	
61.0	20.7	47.2	109.6	20.1	78.1	37.3	53.4	
138.6	10.9	65.2	50.8	79.0	18.1	39.4	134.9	
57.7	22.9	41.9	46.5	61.3	9.6	30.3	52.3	
110.3	87.4	48.3	82.5	111.1	89.9	13.2	74.0	
121.3	247.1	126.2	53.4	78.8	164.3	119.7	97.3	
14.5	45.9	19.2	24.2	29.1	14.9	10.4	3.5	
68.8	55.8	19.5	30.5	18.9	30.5	41.0	22.3	
106.7	36.9	419.1	31.8	99.3	325.0	62.3	158.4	
40.5	81.2	53.2	119.8	101.8	57.0	67.9	3.0	
129.9	41.8	24.1	29.7	8.9	57.9	32.9	150.0	
219.6	533.6	208.2	236.1	277.6	63.7	273.1	255.1	
12.4	43.3	35.0	95.9	112.2	71.8	17.4	29.0	
40.0	30.4	34.8	41.3	36.6	32.3	18.4	39.9	
29.1	34.1	77.0	21.8	17.0	39.6	21.7	59.2	
15.8	45.7	24.8	22.3	3.6	19.6	11.6	6.1	
29.5	105.6	66.7	9.3	15.3	28.3	17.4	34.6	
102.5	45.2	50.1	62.5	41.1	14.6	68.1	123.7	
34.1	65.2	83.1	195.1	161.2	136.1	124.6	94.6	
113.0	45.6	107.5	98.7	58.6	63.2	46.0	94.1	
113.4	97.4	12.9	14.8	49.3	29.1	50.1	24.0	
215.6	127.1	60.6	81.3	46.2	216.0	23.0	281.4	
77.4	29.3	122.3	21.8	71.9	57.7	31.7	22.5	
169.4	98.2	117.2	34.7	208.1	52.1	42.7	96.0	
127.3	90.8	166.7	152.2	49.7	37.8	303.4	30.4	
0.9	9.7	6.4	20.2	2.5	6.3	9.9	8.5	
108.2	60.7	21.1	133.7	72.1	68.7	73.3	55.0	
206.4	23.6	67.9	53.9	122.4	146.3	2.1	186.0	
212.8	142.2	110.1	67.9	163.6	74.4	103.2	490.4	
53.6	101.7	80.6	96.8	266.4	222.4	61.4	192.3	
100.1	69.3	24.9	50.8	74.6	68.6	42.4	22.5	
28.4	138.1	126.9	15.1	86.5	191.0	140.4	55.1	
117.9	51.0	67.7	29.3	58.3	86.8	164.0	77.4	
47.1	16.1	28.3	38.0	24.7	58.4	22.2	12.7	
26.3	19.3	31.8	60.0	186.1	133.8	16.6	16.1	
348.8	40.4	140.5	22.3	86.9	397.9	81.7	158.7	
79.5	32.4	24.3	28.6	92.0	24.2	39.1	64.1	
14.1	18.0	17.3	4.6	15.8	6.6	19.7	2.8	
42.8	30.6	20.3	52.0	67.1	39.0	56.0	39.2	
57.5	17.6	49.9	10.5	60.1	13.0	19.0	44.2	
8.5	31.0	22.9	12.5	23.7	2.2	18.3	20.3	
263.4	176.1	68.2	65.6	164.2	320.1	245.4	83.0	
105.8	65.5	28.3	223.7	36.2	59.9	95.4	87.2	
10.3	12.3	4.7	5.5	34.9	22.7	19.6	13.9	
25.7	62.5	148.7	42.2	20.9	17.5	114.5	34.8	
250.9	84.0	73.9	34.1	138.7	27.5	72.4	63.8	
33.7	16.1	9.6	6.9	20.7	20.0	5.5	41.4	
38.3	105.2	167.5	131.2	80.0	67.1	44.9	50.8	
200.7	185.9	76.2	76.2	103.4	149.7	99.9	278.4	
21.1	32.1	42.2	11.3	51.4	61.6	80.5	101.3	
27.5	36.3	102.9	85.1	72.9	169.8	351.0	67.0	
99.2	48.2	38.2	16.1	24.2	26.6	39.3	99.0	
22.5	35.7	142.2	97.3	18.6	263.0	19.5	99.4	
9.0	11.8	22.2	34.2	22.8	55.5	33.1	19.8	
13.7	9.9	83.6	9.1	29.2	80.3	15.7	14.6	
25.5	97.7	31.6	33.8	55.1	48.1	31.4	61.2	
5.9	105.9	8.8	187.7	78.2	45.6	111.5	222.3	
25.9	143.2	101.1	16.7	60.4	11.6	15.2	43.8	
34.9	60.2	46.1	44.3	89.4	16.5	28.1	46.7	
94.4	24.4	30.0	128.4	36.8	17.1	97.8	86.4	
30.5	7.6	3.2	16.3	5.6	16.0	25.5	12.5	
10.4	5.9	4.4	28.2	25.2	31.4	6.6	1.7	
50.4	99.3	81.8	36.9	46.6	100.3	30.2	40.9	
11.9	14.7	2.1	9.6	24.9	29.7	14.6	14.0	
34.0	2.3	40.3	7.1	18.8	17.9	5.2	34.5	
295.2	253.0	77.6	140.7	287.7	523.8	38.7	78.8	
38.3	111.1	133.3	117.6	62.2	175.0	260.8	106.0	
108.2	110.1	29.0	7.6	57.7	18.5	64.4	44.9	
60.9	75.8	237.9	630.9	407.6	209.3	388.3	106.6	
83.9	15.4	26.6	122.2	64.9	98.7	31.4	154.2	
369.4	524.5	167.8	52.7	123.1	184.5	161.3	100.2	
11.1	52.6	6.7	19.4	0.9	72.5	15.2	22.0	
22.2	51.6	29.2	5.8	18.0	161.6	76.8	89.1	
20.6	139.6	8.2	60.0	16.2	76.4	31.8	37.9	
171.8	170.6	94.7	301.4	83.3	236.0	28.1	169.7	
62.7	111.7	242.1	75.1	211.4	11.5	195.9	92.2	
100.2	18.7	45.9	55.1	49.6	18.0	11.8	16.9	
23.5	1.6	141.0	33.7	63.6	47.7	123.2	40.1	
27.0	11.5	6.9	25.5	6.8	6.3	8.1	47.6	
50.5	14.5	124.0	50.1	70.3	120.9	31.2	155.6	
30.1	26.6	6.4	67.0	19.7	36.0	5.8	13.3	
22.7	31.6	33.9	27.6	24.0	12.5	12.8	9.9	
11.3	20.1	149.6	53.6	78.2	42.3	183.5	83.9	
81.3	18.2	118.5	96.5	85.9	220.3	9.3	87.8	
4.6	6.4	14.7	6.2	5.3	11.0	31.5	11.1	
59.8	66.2	72.2	198.7	145.5	34.9	104.4	198.0	
176.0	75.8	99.0	70.1	168.8	29.4	19.2	45.5	
141.0	100.6	125.3	103.2	15.7	88.9	137.4	127.6	
85.5	155.2	35.8	39.9	54.9	29.6	139.8	89.2	
7.1	63.2	73.7	67.5	19.7	47.7	72.0	11.3	
134.1	155.9	54.4	81.3	344.1	36.9	117.8	47.0	
41.1	11.2	18.9	39.1	17.2	12.2	28.6	46.6	
320.7	62.0	28.8	39.9	39.6	159.1	61.1	183.4	
69.8	67.2	149.8	41.8	75.4	88.8	179.9	33.7	
26.5	32.5	28.1	1.4	28.0	17.2	29.5	17.5	
29.2	75.4	561.1	74.6	61.7	69.1	98.6	125.9	
15.1	181.4	68.4	100.5	31.4	102.0	72.3	44.7	
7.9	20.5	5.3	18.1	16.6	11.8	18.8	18.5	
32.1	10.0	12.0	50.2	16.5	18.5	39.2	13.7	
107.1	188.9	120.6	171.3	55.7	97.7	288.2	283.0	
203.2	47.8	56.7	113.5	51.2	46.6	61.4	62.4	
130.4	118.0	212.0	245.7	192.6	22.8	47.7	438.5	
27.3	34.6	34.2	88.1	137.3	31.6	187.3	112.5	
7.2	19.2	38.0	26.6	7.4	24.2	27.0	14.6	
93.2	30.0	102.0	47.4	45.8	46.4	66.7	63.2	
65.6	50.1	52.6	148.5	84.4	94.4	86.3	51.5	
47.2	90.4	45.8	58.0	104.2	14.5	30.3	30.7	
76.7	79.0	7.7	207.5	328.9	351.6	14.4	171.3	
21.4	35.0	59.3	12.4	81.3	53.6	21.3	65.5	
15.4	114.5	2.9	96.1	77.9	88.1	41.5	83.0	
569.2	310.5	124.8	469.5	43.3	241.5	64.6	75.2	
19.8	46.6	30.4	22.9	33.6	40.0	108.7	99.8	
2.8	9.0	3.4	4.2	6.6	1.7	1.5	5.2	
60.7	91.9	226.1	55.5	71.2	165.6	323.5	38.8	
14.4	22.5	22.0	37.2	29.9	40.0	156.8	24.1	
103.5	52.4	82.8	19.0	15.9	61.8	46.9	49.2	
41.3	34.4	17.6	44.6	14.6	4.6	36.6	8.2	
37.8	116.4	35.5	94.9	18.1	74.5	111.0	47.2	
9.7	16.5	5.3	24.6	24.1	15.3	16.8	21.2	
36.5	98.4	95.3	84.6	17.2	110.5	32.7	19.8	
327.5	225.6	225.3	101.6	39.2	63.5	344.7	262.0	
44.3	24.3	4.4	19.0	83.1	16.0	43.8	18.7	
3.5	6.6	23.9	9.8	20.7	28.1	23.1	18.2	
20.8	20.5	46.9	5.2	95.9	75.7	118.9	12.3	
29.8	14.3	22.1	59.2	9.4	7.5	29.9	0.6	
13.2	24.8	27.6	19.0	31.6	32.9	59.7	84.2	
1.3	3.8	2.7	2.7	0.9	7.2	0.6	0.7	
17.7	46.8	25.5	100.7	80.1	138.5	35.4	46.3	
16.2	110.1	22.8	66.7	26.4	104.6	56.5	67.0	
37.9	46.7	20.4	18.9	41.2	41.6	47.6	34.0	
4.7	38.9	45.5	20.0	37.9	31.2	24.4	23.1	
32.9	58.7	72.8	83.3	83.8	38.6	35.0	105.0	
204.3	32.5	106.0	46.8	76.1	54.3	45.5	45.4	
47.8	40.5	17.8	38.0	69.5	53.2	33.8	98.4	
32.3	88.3	14.5	12.4	32.9	122.6	201.1	92.3	
14.1	35.5	43.8	23.9	18.3	27.7	51.6	46.2	
108.7	14.3	61.5	86.7	101.9	118.2	153.6	57.8	
13.9	94.6	150.7	295.2	186.9	255.9	265.1	58.6	
29.8	129.6	27.2	256.5	9.4	14.2	49.2	140.8	
26.7	17.3	95.5	2.0	11.2	30.6	26.0	27.0	
13.0	24.0	8.4	2.8	2.9	2.1	9.7	11.1	
