125.0	39.4	8.0	10.2	95.8	79.4	58.6	14.0	
14.0	157.4	58.4	57.8	70.9	64.3	170.7	29.5	
17.6	80.9	29.4	24.3	25.9	55.8	32.4	24.8	
257.9	104.4	152.2	301.6	50.5	251.5	35.4	303.5	
57.6	197.2	158.9	48.7	61.8	7.4	103.0	88.3	
90.3	15.5	21.3	1.4	27.8	8.7	39.9	33.8	
29.8	149.5	29.3	41.3	58.4	164.6	33.4	96.1	
66.8	88.9	129.7	77.2	83.9	41.9	84.1	107.4	
98.9	33.7	66.0	14.0	10.8	103.8	44.6	35.7	
2.0	8.9	5.4	34.5	18.1	14.2	18.1	37.3	
195.6	134.8	97.8	53.0	196.9	35.1	27.5	85.8	
16.0	6.0	6.9	11.5	1.9	1.4	16.7	22.1	
4.1	8.8	2.4	3.9	6.1	1.4	7.0	3.7	
94.5	273.1	266.8	20.1	347.7	234.2	118.4	123.1	
30.6	130.9	127.2	10.4	96.0	61.1	217.4	98.7	
49.3	102.5	116.3	238.8	33.3	120.2	108.1	143.7	
75.5	7.0	32.0	109.3	17.0	65.6	27.2	16.4	
10.4	21.5	19.2	14.9	7.7	8.4	2.4	7.7	
91.7	73.3	55.8	72.6	28.9	37.2	15.3	62.3	
70.9	75.3	107.4	80.1	171.2	7.2	21.6	93.6	
79.7	114.4	101.7	43.7	21.5	595.1	104.0	184.7	
223.6	107.5	226.1	68.6	81.7	306.1	37.9	244.7	
101.0	61.5	25.8	56.6	62.9	63.8	18.2	24.2	
107.6	213.3	164.1	89.5	201.8	20.1	272.2	66.0	
342.4	77.6	164.0	375.4	35.4	79.7	338.6	134.2	
40.9	115.8	137.1	99.9	53.0	188.3	255.3	124.7	
7.2	29.1	8.0	33.6	11.2	11.8	22.9	65.3	
28.4	77.1	54.6	18.4	46.6	48.6	74.4	22.1	
116.6	58.5	33.3	12.4	33.5	51.5	70.8	40.1	
194.7	325.8	98.5	104.5	27.1	52.8	449.7	5.9	
23.3	16.6	26.5	35.5	60.1	55.4	28.8	44.2	
66.4	36.4	60.2	124.6	15.3	39.0	43.4	34.5	
58.6	78.4	23.7	24.8	153.0	33.8	54.6	43.9	
160.9	226.8	167.5	261.8	22.9	464.1	62.0	187.4	
82.0	195.3	62.4	59.4	120.4	111.9	138.1	126.1	
21.1	71.1	76.1	157.5	133.2	63.5	218.1	77.1	
49.0	42.4	112.8	9.3	41.8	32.2	33.0	14.1	
14.5	28.2	13.0	48.4	79.7	39.8	88.6	16.3	
53.2	15.3	37.6	155.1	36.7	53.3	99.0	108.2	
26.2	56.9	21.4	28.8	36.3	21.1	13.0	62.0	
70.6	24.3	510.7	24.5	164.7	496.0	155.6	78.1	
83.8	38.9	56.2	74.9	50.6	59.3	58.2	203.5	
21.5	15.6	11.3	5.8	16.2	15.3	15.9	21.9	
65.9	134.7	198.6	95.3	100.7	124.2	44.2	62.2	
30.7	2.2	13.4	14.3	44.7	26.8	30.1	43.6	
30.0	19.8	41.9	37.6	1.3	85.1	4.2	25.5	
39.2	84.9	9.6	21.9	73.4	34.7	27.4	13.4	
354.6	209.7	77.7	53.4	773.1	194.9	18.2	179.3	
6.9	27.5	81.9	72.7	75.5	55.7	81.5	109.2	
323.8	259.5	37.0	628.8	188.7	41.9	27.8	145.1	
84.2	23.2	44.8	97.9	47.6	69.4	40.9	35.6	
53.2	43.4	27.8	22.6	7.5	20.2	3.3	9.1	
116.5	227.8	60.4	212.7	47.9	20.4	135.3	143.0	
36.6	74.1	26.8	6.2	88.9	153.4	17.7	33.8	
368.3	138.2	303.5	99.7	302.7	124.3	350.1	153.4	
77.6	31.0	35.4	57.3	15.1	54.8	60.0	126.9	
36.9	30.7	29.8	30.6	63.0	127.1	266.9	25.3	
108.2	44.9	45.6	69.8	161.8	16.1	55.6	196.6	
26.8	65.6	57.5	56.8	26.3	60.8	40.6	17.0	
53.6	45.1	101.9	71.1	54.4	78.7	73.1	20.2	
17.9	7.6	15.1	6.3	6.4	9.2	14.3	37.4	
57.3	308.1	158.3	71.4	115.6	102.0	143.5	29.9	
24.1	39.1	16.6	29.7	131.6	50.1	22.2	12.9	
3.7	2.7	2.8	5.3	7.0	1.9	0.2	0.7	
23.2	15.4	9.4	25.7	13.5	40.3	6.4	19.0	
203.9	77.3	195.3	96.1	95.6	140.7	20.1	230.9	
58.6	45.0	106.4	14.1	52.9	57.8	48.8	12.2	
7.4	6.9	3.4	7.7	8.8	7.7	5.1	13.0	
55.1	141.7	109.8	144.8	127.2	157.8	181.6	319.0	
34.6	139.2	49.7	26.2	50.8	5.8	113.0	78.3	
54.4	63.9	45.2	43.0	163.7	93.6	96.5	120.8	
103.8	51.4	76.4	177.8	24.5	80.7	126.8	85.7	
3.3	15.8	22.0	3.6	3.1	12.9	1.3	7.2	
42.9	37.8	30.5	10.3	12.9	13.4	21.6	30.2	
4.5	14.9	14.1	16.3	8.9	17.5	2.0	46.0	
288.9	136.4	78.7	160.2	316.5	189.7	121.2	327.4	
23.5	31.4	17.3	22.5	35.4	67.4	21.9	64.9	
130.5	120.4	52.6	80.2	83.4	5.8	276.4	163.2	
33.4	17.8	129.8	183.4	69.6	42.9	94.4	13.0	
60.2	47.3	19.4	23.8	33.5	34.0	69.8	68.6	
584.0	227.1	305.1	208.2	101.9	117.6	69.5	240.5	
48.7	245.8	95.0	32.4	111.8	17.7	287.2	114.1	
179.3	101.1	47.5	240.3	206.5	113.8	139.8	338.1	
216.1	137.7	314.6	105.5	40.0	108.6	117.0	63.1	
113.9	78.8	32.9	59.9	65.0	3.9	51.7	110.0	
133.9	12.5	11.6	161.6	30.8	23.3	44.2	97.0	
30.2	20.1	60.1	20.8	22.3	22.7	56.1	134.3	
104.5	25.4	77.8	19.8	97.3	71.6	28.2	33.9	
97.2	84.4	41.3	74.6	105.0	10.8	66.9	31.6	
122.7	32.7	90.0	48.7	345.5	8.3	126.7	114.1	
3.1	5.5	35.2	4.3	34.2	33.1	6.2	7.8	
100.3	121.8	39.7	98.8	84.3	57.1	187.1	36.6	
268.1	253.4	85.7	107.8	68.6	219.7	70.9	172.1	
21.9	45.8	2.5	20.6	161.8	19.9	55.7	116.3	
237.1	131.1	17.2	134.9	134.4	103.4	68.7	57.4	
82.0	66.0	14.8	110.9	32.2	11.3	39.0	155.2	
59.0	22.7	425.2	366.2	29.1	388.5	46.2	80.0	
45.4	45.9	170.8	53.7	90.9	113.1	58.7	240.3	
18.7	74.2	21.4	48.2	60.4	105.5	44.4	48.4	
91.8	143.3	232.3	76.4	105.3	112.0	104.1	104.0	
111.1	59.1	135.5	460.8	330.0	150.0	105.5	102.8	
8.2	51.7	26.7	32.2	27.2	51.1	16.4	47.8	
178.7	201.3	135.1	5.7	61.1	28.3	139.6	57.5	
4.1	5.6	26.2	19.9	37.1	15.6	2.6	24.2	
13.8	27.8	30.6	23.6	62.1	20.5	30.2	24.5	
23.8	25.7	8.0	4.0	13.3	3.8	23.5	9.6	
18.8	78.8	77.3	0.6	19.0	26.7	50.0	33.7	
10.7	119.5	17.1	42.2	25.2	56.8	67.9	55.3	
20.4	57.7	25.2	55.8	11.4	30.2	11.9	35.8	
33.2	40.8	18.8	35.5	18.2	40.6	42.1	10.5	
22.8	95.6	47.2	34.8	60.2	45.4	22.2	43.0	
112.8	119.4	311.0	52.5	102.5	251.1	68.9	87.5	
42.5	14.8	17.6	3.7	10.9	17.3	14.3	12.6	
4.4	9.9	43.7	10.6	24.5	80.6	15.6	17.3	
111.0	141.3	36.8	102.5	16.1	166.9	126.6	13.3	
55.5	11.3	18.3	29.7	16.9	40.9	15.5	25.6	
62.1	240.2	115.3	81.1	255.5	103.2	48.0	104.9	
182.4	75.0	400.5	232.4	122.2	441.2	333.1	269.3	
88.4	23.1	58.3	183.5	33.1	131.2	68.3	179.5	
0.6	5.2	1.0	6.1	1.3	4.2	1.7	1.2	
216.1	112.0	120.0	76.1	92.6	51.5	74.4	35.7	
77.2	97.8	108.9	47.1	50.9	168.3	8.3	42.6	
57.4	43.8	39.3	33.5	41.4	56.4	39.4	71.1	
69.4	76.2	203.3	132.8	204.6	98.2	107.0	49.3	
209.2	62.4	132.1	139.0	212.4	51.1	94.6	64.2	
91.2	162.5	82.2	173.5	142.6	36.8	191.5	66.7	
14.1	17.8	24.1	38.5	21.7	27.6	53.5	6.7	
95.5	115.7	43.8	178.8	70.2	64.1	169.2	116.3	
17.3	2.7	28.1	10.6	22.5	45.1	28.1	135.8	
137.2	165.7	195.6	171.3	123.3	93.5	79.3	30.5	
70.2	11.6	31.7	131.6	36.3	198.2	55.7	54.7	
6.4	8.3	4.4	6.6	7.0	24.1	7.2	22.6	
57.6	154.0	138.8	196.1	131.4	161.3	462.9	303.5	
50.4	99.2	40.8	142.5	14.9	64.3	160.6	239.6	
205.3	205.7	187.7	53.7	156.8	69.9	77.5	204.8	
109.3	103.7	94.7	98.5	59.8	88.0	92.4	24.7	
39.4	296.0	104.5	163.1	108.9	47.4	158.3	208.1	
3.9	3.1	2.8	2.4	0.7	3.3	2.0	0.7	
68.0	35.6	6.9	18.7	11.8	65.1	24.5	26.0	
45.7	437.8	365.6	271.6	13.7	55.2	150.3	254.5	
11.7	18.6	30.3	38.6	24.7	14.5	28.6	17.4	
170.1	127.4	83.6	122.2	217.2	55.0	51.2	34.6	
27.8	79.5	125.7	86.6	185.3	40.6	22.7	47.7	
75.3	135.8	153.9	93.7	58.2	44.7	48.2	56.8	
89.3	50.7	126.2	61.1	33.0	40.8	40.6	154.5	
46.6	87.4	46.7	58.8	25.8	102.1	10.6	73.2	
93.9	12.6	18.7	89.0	62.9	26.3	50.9	165.1	
38.1	143.7	56.2	72.0	18.2	28.4	111.5	28.6	
150.6	19.9	192.2	167.9	370.9	126.2	147.0	32.7	
56.7	9.3	49.0	35.9	46.4	14.4	9.0	42.9	
66.2	202.7	110.4	31.5	12.1	533.1	61.7	148.3	
26.6	72.5	8.8	19.0	33.9	23.1	92.6	53.0	
89.6	74.6	21.0	41.9	64.6	26.7	35.5	38.9	
87.9	72.0	120.4	118.8	284.4	67.1	20.3	41.6	
89.5	244.9	170.8	50.2	8.8	158.6	52.5	41.0	
13.1	54.3	25.4	112.6	87.4	67.1	90.3	15.3	
14.0	20.5	11.2	10.3	6.8	5.1	11.3	11.2	
52.2	25.8	62.5	27.2	9.3	6.9	12.9	28.0	
161.3	39.4	182.9	236.8	100.4	143.8	116.0	215.4	
60.6	64.4	42.1	91.3	39.6	189.2	91.1	235.1	
88.6	84.8	58.6	70.3	169.7	83.9	62.6	94.5	
138.7	128.9	159.1	250.2	66.9	35.8	79.3	36.3	
9.8	2.8	17.6	7.4	4.2	11.1	2.9	25.4	
15.3	2.5	50.7	11.5	34.1	4.9	39.9	14.7	
64.0	134.2	23.2	24.0	65.4	97.9	11.3	19.3	
76.8	37.7	84.7	18.3	34.9	35.7	108.9	21.6	
27.9	76.0	30.2	25.6	10.6	59.4	14.3	30.1	
41.9	9.6	15.9	27.7	51.9	30.8	55.7	6.2	
12.8	21.0	71.1	37.0	25.1	142.1	27.5	102.7	
102.6	66.2	37.4	54.5	89.7	222.0	123.5	174.1	
37.5	30.2	163.3	182.9	400.0	145.6	200.2	91.9	
269.0	241.3	228.3	307.9	137.2	145.6	77.3	23.8	
147.5	172.4	362.5	241.3	193.1	1534.0	140.8	49.6	
82.9	93.6	19.8	77.7	95.4	92.3	202.6	62.9	
48.1	99.5	195.3	298.7	245.0	65.0	254.9	149.9	
4.1	66.8	21.6	89.0	160.9	128.1	58.1	44.0	
49.3	110.2	115.1	14.4	104.3	318.8	102.4	57.5	
20.1	19.6	56.7	39.5	15.8	22.3	68.2	20.1	
652.9	83.9	185.5	177.2	33.0	89.3	297.6	94.7	
105.3	172.3	55.5	11.9	146.7	60.6	284.5	201.0	
366.2	129.7	866.3	258.6	722.3	199.8	677.8	259.9	
22.6	7.7	28.3	48.0	192.8	87.4	1.3	9.1	
29.4	71.7	23.9	10.7	59.4	14.6	20.2	100.1	
54.9	21.4	51.0	31.6	158.9	14.3	105.7	36.8	
61.4	103.3	67.2	47.3	18.0	119.6	101.0	89.1	
6.6	5.3	18.8	14.2	6.3	6.9	28.1	13.9	
15.1	8.1	6.0	7.6	27.1	10.7	42.6	12.9	
10.0	21.8	8.4	50.3	33.6	12.8	71.0	17.2	
21.5	5.7	9.8	4.4	8.0	19.0	4.9	14.3	
76.6	53.3	144.8	304.1	113.1	117.5	176.9	28.6	
243.0	130.1	53.4	105.0	35.7	9.7	21.4	34.9	
140.5	58.2	32.8	134.8	81.5	77.7	154.1	19.3	
148.0	197.8	41.4	201.4	79.5	245.6	83.5	67.3	
14.0	46.8	27.5	8.3	9.9	30.3	26.1	20.9	
189.6	579.0	443.4	145.6	266.2	214.5	218.6	255.7	
31.1	30.3	21.6	70.9	23.9	38.5	85.0	69.2	
62.1	64.2	33.1	40.7	57.9	16.5	94.4	40.9	
103.8	165.3	69.6	97.5	82.4	151.3	176.5	136.1	
41.1	57.9	13.7	23.1	93.0	73.5	30.1	8.2	
20.7	49.9	10.8	14.1	58.2	5.9	61.4	33.7	
97.1	69.5	38.5	120.7	83.1	107.4	52.1	66.4	
74.4	18.4	273.4	268.4	336.9	18.9	84.2	470.4	
14.2	51.8	41.9	9.5	21.9	17.3	32.8	7.9	
67.9	34.9	31.8	15.8	66.5	39.7	48.9	33.7	
26.0	79.9	27.5	76.2	23.7	95.4	34.7	73.3	
10.3	33.4	47.1	8.1	14.4	11.4	4.7	57.0	
32.9	12.0	15.4	35.6	21.0	6.4	29.9	32.8	
66.5	174.6	55.9	72.8	49.9	120.5	40.1	54.8	
5.2	37.3	40.9	3.7	3.2	6.8	29.7	24.4	
363.8	111.9	158.5	243.0	291.6	143.8	247.5	62.9	
91.7	77.7	119.8	15.9	29.9	80.4	64.2	57.1	
44.9	34.7	75.8	94.7	27.3	123.3	56.3	8.5	
32.0	20.9	40.0	24.1	33.6	28.5	41.6	12.1	
94.1	74.5	65.2	218.0	100.1	80.1	6.5	168.6	
47.5	68.0	87.5	69.8	158.7	10.1	62.3	136.5	
18.9	22.8	27.4	10.5	32.7	11.6	24.6	29.1	
29.7	34.3	65.8	24.9	115.2	37.2	83.6	83.2	
128.0	8.5	33.4	84.4	165.6	24.1	75.4	49.7	
643.4	280.6	197.6	264.4	160.2	27.3	163.8	126.6	
54.0	55.8	172.1	10.0	55.6	74.2	45.6	25.7	
101.5	67.9	105.4	50.8	81.9	62.8	74.2	53.9	
216.2	452.7	27.3	170.9	234.5	95.9	152.7	198.5	
138.4	44.6	39.2	21.9	78.5	49.1	33.7	34.8	
40.4	31.1	32.1	41.2	99.1	37.9	71.5	169.4	
11.7	2.8	5.8	1.5	7.8	12.3	8.3	1.8	
34.2	88.4	192.6	16.2	103.4	183.9	54.4	97.1	
25.8	13.7	7.3	50.7	17.0	17.5	39.9	10.2	
19.3	97.6	118.4	145.9	189.4	43.8	39.9	63.4	
187.3	60.1	49.2	37.5	43.3	29.3	108.7	142.9	
8.8	11.2	11.7	12.5	8.4	22.4	2.9	10.4	
28.5	130.9	19.3	32.1	22.0	112.2	208.4	73.9	
18.3	52.0	132.9	63.6	84.8	51.1	8.5	19.4	
7.2	39.0	62.9	54.3	2.7	2.0	81.6	42.7	
88.3	100.0	95.7	203.7	93.3	38.6	122.9	46.7	
7.7	28.8	53.4	44.1	29.8	62.0	83.6	47.1	
13.8	8.0	4.2	10.6	15.3	28.5	4.9	19.1	
77.4	113.3	215.5	51.7	28.4	51.9	42.6	450.9	
156.3	232.3	45.8	123.3	76.3	41.8	87.6	112.5	
44.4	39.8	29.5	16.7	91.0	53.2	56.6	32.9	
33.6	30.7	11.3	41.6	10.1	43.2	10.9	16.7	
76.6	35.6	151.7	44.7	35.6	271.2	14.8	18.2	
30.1	79.7	251.6	51.2	88.2	217.5	51.9	309.8	
255.2	124.8	166.5	190.8	101.6	154.9	14.0	174.4	
270.1	61.7	37.9	99.4	170.8	252.0	172.7	56.3	
26.4	1.8	23.1	33.5	11.3	31.7	7.6	29.9	
285.0	212.1	183.4	37.6	185.7	122.7	44.8	193.1	
51.8	219.4	59.6	114.0	88.8	47.6	76.5	221.0	
18.6	131.8	106.6	29.5	83.2	85.2	55.1	6.0	
35.2	38.8	6.5	81.6	41.2	78.1	173.3	30.2	
103.5	4.4	43.2	110.4	37.5	10.4	21.9	25.7	
45.3	4.6	26.2	116.1	70.2	60.2	36.5	121.7	
120.3	116.7	91.9	107.3	90.6	60.6	200.3	269.3	
30.8	129.2	107.9	131.3	15.1	18.7	102.2	65.7	
97.5	9.4	26.7	125.2	16.7	94.4	39.4	54.6	
126.9	160.8	30.7	36.1	52.3	34.6	14.3	36.6	
9.0	9.5	12.6	4.2	8.3	15.0	20.9	2.7	
268.5	196.7	125.0	100.7	506.7	252.5	246.9	390.8	
25.3	53.9	24.1	3.1	7.9	59.7	23.2	26.5	
14.3	70.2	51.4	61.1	21.9	15.5	44.0	43.1	
15.8	18.2	36.9	27.7	5.8	4.1	48.1	10.6	
250.9	126.1	296.1	102.1	54.5	170.3	48.1	66.1	
15.7	78.9	166.5	106.5	59.2	215.7	187.6	40.9	
63.2	185.5	94.9	80.2	114.2	171.4	91.2	23.5	
259.6	58.9	37.9	17.1	17.1	67.5	59.1	50.3	
37.7	40.0	17.7	62.9	17.6	38.6	48.6	11.5	
34.3	35.1	17.9	48.4	26.7	48.7	16.2	14.1	
103.6	99.7	16.6	52.5	293.7	133.1	108.9	80.4	
268.8	136.8	189.8	159.8	53.1	98.0	32.0	75.3	
22.8	17.7	38.0	79.4	9.7	9.5	63.1	18.2	
9.7	39.8	4.8	10.8	67.0	24.1	10.2	7.9	
299.7	154.5	205.1	107.8	134.1	162.7	49.4	26.5	
97.7	68.5	43.1	9.5	93.4	45.7	64.6	113.0	
13.2	14.6	47.2	33.1	66.4	19.8	29.8	16.4	
64.5	31.5	29.5	38.7	75.1	38.0	56.5	29.8	
25.3	7.2	43.9	64.3	86.3	25.9	78.2	34.3	
278.7	103.9	88.9	101.2	64.8	169.5	97.7	270.9	
152.7	80.8	16.0	124.2	10.7	28.0	63.6	43.4	
98.8	136.9	40.1	16.6	249.7	127.1	90.3	236.7	
5.3	0.7	42.5	13.7	10.2	84.9	14.4	4.2	
165.7	175.0	80.7	193.4	169.7	307.7	86.1	90.5	
18.5	12.5	33.8	14.3	5.6	28.8	45.0	12.9	
33.1	263.5	113.6	155.2	206.6	87.5	107.4	50.7	
15.2	7.1	23.7	11.1	14.7	23.0	19.8	14.9	
3.9	3.2	26.4	11.7	22.5	18.8	13.7	13.2	
28.3	295.3	30.1	326.4	50.9	147.2	279.0	20.1	
152.4	50.3	33.9	90.3	22.6	45.2	157.9	97.3	
5.8	112.8	42.0	123.3	27.0	5.9	70.8	52.9	
93.2	31.3	192.5	166.1	149.1	208.3	171.8	145.8	
98.6	5.6	77.2	124.0	28.5	15.4	31.4	50.5	
90.1	63.3	43.9	193.2	318.8	123.0	280.5	49.8	
110.6	54.9	22.7	76.0	139.1	303.0	164.0	197.3	
46.4	95.5	94.4	174.3	136.9	354.2	29.8	102.7	
208.0	191.6	111.8	288.9	46.8	75.2	333.5	199.8	
26.8	32.4	26.0	26.4	3.7	29.8	41.0	33.0	
85.0	317.8	185.6	678.1	290.8	80.6	334.3	481.4	
53.1	18.4	13.9	40.3	96.1	49.8	42.9	42.4	
84.1	83.9	64.2	147.0	46.3	275.0	288.8	414.8	
27.8	39.7	5.6	8.5	33.5	27.9	29.1	55.5	
270.7	712.1	337.9	394.7	168.8	192.9	90.1	93.9	
11.6	11.9	7.7	10.8	13.0	20.7	46.0	6.4	
54.8	13.2	26.1	35.0	48.6	41.7	55.9	27.2	
56.9	77.2	250.1	295.5	145.7	268.9	70.4	160.9	
87.5	145.2	151.7	476.7	75.7	475.3	90.8	257.7	
21.3	18.4	10.0	20.5	7.6	18.6	6.1	11.0	
47.9	26.3	6.5	29.1	4.0	73.2	103.0	39.8	
41.0	30.3	36.6	88.5	21.9	47.0	117.4	41.5	
435.7	165.6	163.2	173.6	30.2	93.0	260.1	51.9	
12.9	15.0	1.8	7.3	3.9	12.3	2.3	12.5	
210.4	60.7	29.5	110.3	34.9	58.9	17.2	52.1	
63.5	80.1	97.8	185.7	50.4	175.4	167.8	147.0	
9.6	17.7	24.3	38.1	22.2	9.5	47.6	18.4	
39.8	73.8	85.0	211.4	148.2	130.5	120.5	139.9	
54.2	9.9	8.1	124.9	120.6	84.0	64.9	4.6	
7.3	19.2	9.6	18.3	23.2	23.5	13.5	31.9	
0.3	1.6	1.0	3.3	2.9	1.2	0.7	1.0	
67.7	86.6	65.1	73.7	56.3	56.7	45.1	100.5	
64.4	67.8	43.2	44.2	17.2	94.3	78.2	47.0	
8.9	0.5	1.5	3.2	11.2	2.7	7.0	0.3	
148.8	73.5	68.5	75.1	27.1	146.1	19.6	40.8	
13.7	19.9	2.2	24.7	19.7	18.5	30.6	27.3	
319.9	49.4	42.9	79.6	42.5	222.0	68.5	90.5	
59.1	75.6	71.0	121.8	56.4	67.6	117.9	18.8	
70.6	20.7	21.0	124.7	1.1	263.3	69.8	203.9	
74.9	66.8	20.8	221.7	28.1	70.2	188.4	224.6	
75.2	117.0	51.9	115.1	54.9	127.5	100.4	106.7	
92.8	70.1	114.3	161.5	49.5	33.7	92.1	136.0	
154.6	165.5	72.1	279.7	220.9	46.3	128.7	76.7	
25.4	10.2	19.3	40.8	41.1	69.9	5.9	17.7	
36.1	36.0	34.2	172.6	55.4	27.5	54.6	18.7	
108.7	17.3	40.7	117.0	105.9	191.0	19.6	46.2	
25.5	54.8	75.1	108.2	42.0	240.0	103.2	65.0	
125.7	76.4	136.4	288.8	105.5	235.9	392.6	131.7	
41.6	105.7	11.4	182.6	37.4	91.6	174.6	102.0	
93.9	44.3	39.5	57.1	128.7	151.5	65.5	187.2	
109.7	42.6	32.2	138.6	53.6	73.9	74.0	24.6	
23.4	22.8	4.1	21.2	14.6	2.7	7.0	17.5	
34.6	57.5	37.4	135.3	36.6	71.0	197.2	94.9	
64.5	30.0	7.7	154.0	184.4	9.7	20.5	103.0	
78.2	9.0	20.5	270.0	51.6	31.5	37.8	19.7	
5.6	14.4	5.6	7.9	9.7	9.1	4.1	9.6	
75.7	15.0	100.8	107.2	6.3	20.4	45.6	46.8	
3.5	1.1	0.9	8.7	1.1	2.8	4.3	4.8	
47.6	15.1	13.4	15.8	9.6	8.0	22.6	2.6	
9.4	58.6	91.7	94.8	106.2	78.0	9.7	44.8	
2.0	9.6	5.3	8.0	4.0	6.6	6.4	1.8	
32.0	103.5	37.4	72.1	17.4	56.5	11.0	66.7	
170.5	83.1	13.1	41.1	74.5	90.9	148.8	76.0	
68.3	231.0	50.8	324.5	211.4	119.6	114.8	367.0	
32.4	100.3	22.9	69.4	70.0	160.8	159.5	30.8	
72.6	112.4	21.0	67.7	165.4	305.8	24.4	39.2	
234.0	145.1	69.6	127.9	128.8	258.5	179.5	339.8	
84.3	115.7	40.0	166.8	49.9	51.7	165.7	84.8	
52.9	60.5	24.7	171.5	194.1	36.6	120.4	52.4	
59.2	29.8	3.9	30.0	1.0	10.5	12.2	15.6	
3.9	200.3	114.9	143.7	223.0	56.3	205.1	135.9	
147.5	99.0	11.7	54.3	161.0	50.5	61.7	32.3	
106.6	30.4	26.3	30.5	42.8	50.8	63.4	42.3	
278.7	307.4	7.4	689.0	122.7	62.6	75.3	294.3	
3.8	9.9	2.1	5.1	4.1	3.0	5.6	4.1	
71.1	480.9	122.8	525.1	189.1	339.9	203.9	514.2	
32.0	149.5	69.8	125.3	27.8	327.1	13.7	122.9	
28.3	92.3	82.1	135.0	176.8	48.3	60.4	39.7	
26.7	8.4	6.5	44.0	38.6	10.0	27.0	16.3	
150.3	115.1	35.2	67.1	118.8	87.6	149.7	108.2	
40.3	60.1	113.5	148.3	62.1	173.8	91.9	20.5	
147.7	76.3	90.4	103.1	138.8	69.9	72.0	67.4	
13.8	29.8	14.1	21.3	10.4	3.5	20.5	20.1	
110.1	99.2	64.2	176.8	152.9	44.6	87.7	100.9	
278.2	153.5	25.3	148.3	97.8	539.3	230.9	149.1	
197.2	56.9	28.7	33.0	15.0	48.9	55.8	62.8	
50.9	64.1	309.8	475.9	49.7	237.3	68.1	99.1	
114.6	54.5	19.0	87.0	110.2	21.3	35.3	71.6	
7.8	16.4	1.1	22.9	4.1	4.5	5.5	8.4	
82.2	149.6	74.0	203.7	11.8	58.3	74.6	172.7	
63.2	63.5	57.1	277.7	222.6	214.3	232.4	208.3	
120.7	16.5	118.0	141.7	54.8	52.1	4.5	398.2	
115.8	8.6	48.7	112.6	19.5	28.0	27.2	61.6	
33.7	14.3	12.3	17.7	17.6	8.3	23.7	37.7	
40.2	36.4	43.1	57.9	125.2	60.6	74.0	3.9	
4.9	3.6	6.2	7.8	0.6	0.3	11.0	5.5	
10.2	7.3	6.4	56.0	19.7	45.6	46.8	26.8	
30.0	69.5	31.9	64.2	5.4	44.1	14.0	66.9	
26.2	4.3	10.6	19.9	0.4	13.3	13.1	1.9	
67.0	111.6	12.6	155.8	104.1	79.7	111.8	13.1	
77.8	119.1	19.1	59.4	71.1	86.0	22.0	140.2	
35.4	83.6	37.2	90.2	71.8	10.8	34.2	173.2	
40.7	63.0	90.3	141.6	69.4	62.8	52.7	23.8	
113.9	44.8	45.1	87.4	122.4	94.3	92.4	206.1	
35.8	162.2	52.9	94.3	196.3	97.7	25.4	151.0	
26.9	30.0	16.8	32.2	52.0	39.2	34.3	66.2	
51.9	93.5	12.3	43.2	262.0	42.2	163.7	6.9	
14.5	100.5	12.5	32.9	21.6	46.8	40.3	59.5	
166.3	231.5	290.9	461.5	358.3	225.8	313.1	428.3	
41.4	38.9	45.6	56.9	45.4	66.5	20.8	53.0	
19.6	17.4	32.7	74.2	44.8	50.0	36.9	29.7	
5.1	5.2	1.5	16.2	6.8	3.8	6.8	5.7	
57.9	41.1	9.0	23.6	218.9	93.4	110.0	80.1	
110.8	50.6	29.4	94.5	125.7	19.4	18.9	77.7	
255.4	453.5	80.3	108.5	39.3	123.3	90.5	101.9	
378.9	10.0	23.0	138.0	58.4	53.6	50.6	11.1	
249.7	27.4	127.6	166.3	68.2	166.4	37.6	174.7	
41.5	32.5	63.4	82.2	110.4	9.1	51.7	75.7	
23.0	22.7	6.2	14.2	26.3	13.7	2.5	16.6	
25.3	161.0	222.6	280.6	40.3	90.2	152.4	96.0	
27.9	27.7	29.2	46.4	73.3	54.2	27.7	56.2	
10.8	26.2	32.5	36.8	25.7	30.2	9.0	7.5	
15.2	6.9	4.1	7.9	29.7	28.4	5.6	15.4	
26.1	10.8	27.6	42.2	18.4	100.5	12.6	15.7	
30.5	42.4	28.3	84.0	105.0	66.3	103.0	105.9	
160.9	95.8	91.1	205.2	143.4	66.4	106.9	132.5	
26.3	159.1	64.0	71.4	44.6	35.8	111.4	94.9	
93.2	161.9	15.3	126.1	90.2	470.8	46.6	157.1	
79.5	116.9	73.9	159.6	244.6	67.1	114.9	258.7	
7.4	47.7	2.1	22.5	12.2	48.9	55.3	65.6	
3.9	25.3	29.9	62.4	19.8	57.4	125.9	117.2	
15.8	15.4	14.9	39.7	7.5	33.7	22.0	7.2	
154.5	82.2	188.0	202.4	142.8	334.3	148.7	295.5	
9.5	71.3	66.7	92.7	45.5	3.1	21.4	71.1	
57.0	10.3	18.3	62.9	37.8	46.5	47.6	35.7	
42.5	51.6	48.2	85.8	23.2	29.2	35.0	69.1	
111.2	48.2	31.1	372.0	166.9	28.3	143.3	42.0	
62.3	105.5	13.3	124.4	97.0	57.1	24.2	113.2	
21.6	7.9	28.7	41.1	5.1	10.2	4.6	15.2	
88.3	32.6	21.4	240.5	71.1	38.2	22.5	40.2	
7.2	23.3	5.1	14.0	2.7	6.8	10.6	12.2	
170.2	129.2	42.2	574.8	188.5	269.7	284.5	347.2	
246.4	31.4	79.4	132.3	111.6	115.2	156.0	220.5	
85.0	109.8	14.6	31.2	4.2	59.5	115.7	10.0	
66.5	26.0	161.3	177.2	44.9	76.2	127.9	54.5	
172.8	483.3	246.0	376.9	121.8	608.1	196.3	103.0	
6.8	12.3	3.7	29.5	71.7	41.1	59.5	40.9	
45.9	10.2	9.6	29.0	17.2	12.7	32.0	21.0	
26.3	22.6	33.1	41.0	114.5	31.5	21.4	30.2	
54.7	46.5	8.8	40.0	24.8	92.0	32.6	67.7	
223.8	104.8	21.2	151.2	195.4	87.3	25.5	17.3	
42.5	14.1	12.3	17.9	21.1	14.9	8.4	12.9	
13.0	4.9	3.6	3.6	4.0	15.0	2.0	4.2	
43.4	43.4	9.9	29.9	26.2	62.3	10.5	38.6	
274.7	88.7	73.3	97.1	16.6	98.3	51.6	125.4	
3.3	22.1	9.3	17.9	59.5	34.3	48.3	39.7	
110.6	103.1	22.9	65.1	48.7	43.5	170.3	63.5	
113.6	129.9	37.0	48.3	86.4	70.7	26.4	126.9	
9.9	47.7	18.0	26.0	5.0	9.8	3.5	5.3	
20.5	32.8	2.0	37.4	70.6	30.1	51.7	1.9	
32.3	46.1	7.1	32.7	35.4	73.5	36.6	102.1	
166.3	64.4	18.4	41.9	48.7	99.7	103.3	31.8	
31.1	92.4	142.0	217.2	113.6	66.3	13.9	216.3	
33.7	31.7	25.8	36.4	63.8	47.3	53.8	71.0	
93.7	23.5	13.6	74.1	13.8	3.0	49.7	54.5	
14.4	20.7	5.8	10.9	24.0	37.9	10.0	32.5	
187.3	137.2	56.5	108.6	54.8	55.9	66.1	261.4	
112.5	163.5	48.0	76.7	91.0	48.9	42.0	42.5	
31.3	9.0	30.4	29.6	45.3	37.4	1.6	48.9	
40.1	40.9	83.9	115.6	189.1	137.5	103.9	46.6	
437.6	49.4	64.8	198.9	652.9	219.0	92.9	211.3	
61.3	38.2	48.5	143.0	43.1	192.7	250.1	182.9	
161.3	35.1	25.7	210.7	50.4	18.4	118.1	77.0	
36.7	221.4	50.2	134.0	77.1	339.4	63.8	159.7	
67.3	14.6	33.3	39.9	28.8	63.4	72.6	45.7	
11.9	16.5	16.8	98.7	48.8	30.5	35.5	64.6	
38.3	8.6	19.7	38.9	11.0	42.3	45.2	6.9	
122.0	6.7	9.3	12.9	33.8	44.3	21.4	23.9	
8.5	0.5	1.1	2.9	3.4	3.9	1.3	7.6	
22.5	4.2	109.2	208.9	37.4	73.2	60.9	18.8	
13.4	17.2	18.3	52.0	45.2	18.9	9.2	17.0	
27.0	66.4	9.1	15.1	116.1	43.8	81.7	35.9	
124.1	14.3	82.4	348.3	87.2	170.7	74.8	160.6	
182.6	61.4	20.5	205.5	62.1	90.6	21.7	170.7	
10.3	10.6	20.0	69.1	52.4	14.6	6.5	38.8	
10.1	50.9	88.9	88.9	143.5	115.8	80.8	66.6	
40.6	21.7	7.0	11.3	9.2	11.5	37.8	102.7	
131.2	44.3	72.1	225.5	127.1	122.4	120.7	101.4	
35.7	37.8	17.3	20.0	78.4	5.3	2.3	30.9	
17.7	4.5	3.2	27.2	18.2	12.9	13.8	25.7	
31.8	19.7	35.2	47.3	9.3	54.1	67.3	33.4	
31.0	9.0	4.5	59.3	32.5	70.5	99.2	39.5	
78.5	50.9	34.0	90.4	33.3	19.0	71.9	29.6	
72.1	393.6	113.5	116.7	119.0	30.8	34.1	92.1	
38.9	56.5	69.5	79.8	9.7	19.9	60.9	51.5	
81.8	50.1	65.8	173.4	236.9	412.2	12.8	213.8	
26.1	63.4	7.9	12.9	25.1	47.4	3.1	42.1	
23.4	17.1	18.0	65.3	12.3	45.0	12.3	37.6	
72.5	68.4	5.2	93.3	48.9	31.4	49.4	113.9	
32.6	3.2	26.9	57.6	35.2	31.3	21.5	73.5	
44.3	126.8	8.0	136.8	30.1	81.4	117.3	10.4	
38.3	37.5	57.0	67.2	47.1	60.4	51.1	6.8	
194.8	66.2	21.0	60.0	71.2	189.0	150.3	59.1	
44.9	137.9	55.3	64.3	54.7	145.0	58.5	42.6	
28.1	11.5	41.7	85.4	27.2	54.8	42.6	35.7	
193.6	177.4	48.6	100.9	143.6	55.4	394.8	171.1	
39.8	6.4	12.5	38.7	35.0	8.6	18.0	4.7	
13.9	45.3	60.5	91.4	3.5	16.6	27.7	35.4	
13.8	11.0	7.0	12.4	2.8	11.1	4.6	2.4	
494.6	316.6	202.7	291.9	148.0	132.7	392.0	95.5	
34.1	138.9	32.4	51.9	59.0	52.5	31.3	166.1	
171.1	71.6	50.0	54.8	100.8	180.3	149.3	78.0	
119.4	248.7	142.5	164.4	86.9	174.2	64.1	125.0	
95.9	89.3	42.1	306.8	166.1	131.5	254.3	63.7	
49.7	58.4	38.0	123.9	23.1	36.8	55.5	120.3	
58.4	164.9	68.1	125.9	43.8	133.0	239.1	81.3	
177.2	52.4	39.5	76.0	299.0	20.9	40.6	65.7	
52.3	22.5	22.8	25.1	20.9	73.7	32.3	51.3	
39.0	31.2	69.7	265.9	107.5	26.0	39.9	92.6	
62.6	94.6	46.4	94.4	35.6	125.8	170.4	56.4	
51.1	33.1	44.3	57.0	52.7	50.2	18.7	24.4	
26.7	18.0	9.4	26.2	34.8	40.3	56.6	36.5	
84.1	133.9	30.9	36.7	63.7	20.2	15.9	9.7	
62.5	16.9	157.9	174.6	20.2	37.2	15.9	141.7	
243.3	10.7	146.7	166.7	46.0	53.7	104.7	99.4	
7.2	8.7	11.5	17.1	59.4	15.5	79.9	9.9	
10.6	8.5	2.3	1.6	5.2	11.4	1.7	3.1	
18.6	5.4	7.0	21.7	12.5	11.1	6.9	8.9	
27.4	8.1	2.9	11.2	16.5	11.8	14.9	9.8	
13.7	45.9	42.9	61.9	9.0	30.9	51.6	78.7	
22.2	44.6	43.8	151.0	66.7	50.0	127.2	26.9	
38.8	50.3	3.6	25.0	46.8	58.4	12.2	3.9	
54.4	6.8	4.1	48.8	10.7	13.6	10.2	19.8	
28.8	12.1	28.7	67.1	15.6	25.6	22.7	24.0	
134.5	107.3	23.4	223.5	129.4	116.6	32.7	105.1	
40.6	36.9	24.0	31.8	13.0	20.7	23.6	23.1	
48.4	49.5	30.7	106.2	8.7	17.8	15.1	33.7	
21.4	83.7	49.0	104.0	58.5	66.7	40.6	34.7	
141.8	104.8	38.1	269.1	189.1	71.0	196.6	134.6	
27.2	177.3	105.1	138.0	17.8	120.2	139.4	139.8	
42.2	63.6	30.3	92.3	46.5	37.4	49.2	46.5	
35.2	45.9	12.0	14.3	4.6	21.9	5.6	66.9	
86.8	129.6	150.5	172.0	178.8	43.8	59.6	32.5	
60.6	78.6	31.2	34.8	137.0	43.0	16.7	179.4	
54.4	54.7	16.9	29.1	194.7	53.3	57.0	80.6	
73.6	89.6	82.5	84.6	27.4	29.8	88.9	23.8	
330.9	276.2	17.0	157.1	367.8	434.1	220.6	513.3	
284.9	60.1	36.8	117.5	24.8	79.3	17.1	19.4	
180.5	66.7	67.2	325.9	152.7	209.5	82.4	43.5	
38.2	8.6	17.3	75.1	30.2	62.2	28.2	11.5	
15.6	9.2	1.4	2.9	7.4	2.1	5.9	4.6	
100.8	117.8	49.8	196.0	382.1	185.6	110.2	50.8	
34.9	100.3	85.4	95.7	75.8	71.6	60.9	65.8	
37.2	21.5	13.4	14.1	36.0	16.6	24.1	18.4	
31.2	195.2	10.8	43.3	38.9	221.0	49.5	101.5	
10.6	51.9	15.6	20.6	3.7	13.8	55.9	70.4	
23.8	31.0	17.3	18.5	37.6	28.3	1.8	11.7	
74.1	11.6	66.2	75.7	44.6	12.1	69.9	64.1	
66.8	310.6	133.0	301.3	67.5	363.2	124.7	56.1	
180.3	129.8	36.5	173.9	137.8	70.8	67.9	133.3	
171.9	23.4	3.1	34.5	70.7	13.9	34.1	57.9	
7.2	20.7	4.2	10.3	16.0	12.5	9.0	25.6	
173.4	27.6	71.7	91.0	104.2	12.8	80.8	24.9	
16.1	36.4	13.5	22.8	20.9	25.2	33.4	7.0	
18.9	132.6	112.8	148.7	151.2	198.5	34.7	272.2	
107.9	17.4	23.5	50.8	35.5	149.3	66.0	111.7	
14.0	8.6	69.8	78.3	97.1	63.3	137.9	38.7	
466.3	61.2	233.1	523.3	82.7	163.7	174.5	305.1	
17.3	19.1	2.9	24.5	11.6	27.3	27.8	2.1	
15.7	67.7	39.5	101.9	159.8	84.1	77.7	58.0	
2.4	8.1	4.3	16.8	15.2	8.2	12.5	8.6	
125.2	51.6	10.3	51.6	35.9	12.4	44.1	81.8	
74.5	102.7	39.7	52.2	81.1	13.7	62.9	61.3	
17.5	5.4	7.5	10.3	4.0	13.2	2.3	6.2	
31.5	15.5	4.6	8.0	28.3	2.7	20.5	6.7	
111.0	61.5	15.6	89.1	48.4	57.2	147.2	73.1	
36.9	14.3	5.4	14.5	9.9	9.4	14.7	9.4	
29.5	15.4	37.8	96.0	71.0	66.8	50.9	102.4	
109.0	94.7	21.9	207.7	101.2	115.1	97.4	128.9	
26.3	75.4	56.1	116.8	16.1	55.6	89.6	102.3	
9.7	9.8	13.8	21.0	7.9	8.7	16.7	20.5	
64.5	64.4	26.6	57.9	25.0	29.8	10.6	51.4	
64.1	87.2	41.5	90.8	205.3	39.8	118.2	55.6	
19.1	23.1	10.1	42.8	23.2	22.4	10.8	45.4	
34.0	87.3	35.2	87.6	42.5	7.3	12.8	26.9	
52.9	74.2	79.7	226.3	322.1	253.2	146.7	154.0	
189.7	127.2	67.8	84.3	82.0	311.1	61.6	603.5	
53.4	23.1	35.7	154.3	41.2	56.6	29.4	36.6	
97.5	128.7	134.6	185.8	60.4	93.8	37.9	76.6	
37.1	69.5	1.0	77.8	25.9	172.0	62.6	127.4	
107.3	106.3	87.4	155.2	312.3	512.6	46.8	249.0	
48.4	25.0	24.4	62.3	31.4	77.0	32.4	77.6	
34.8	1.3	9.8	53.8	142.4	46.4	40.7	36.4	
21.1	33.1	22.3	34.8	11.3	34.5	28.3	43.5	
205.8	115.7	32.7	24.6	42.7	68.8	50.4	14.2	
180.5	21.1	186.8	97.9	439.1	142.8	181.3	96.3	
64.0	39.2	14.2	91.2	44.8	17.2	65.6	15.4	
19.6	104.5	46.9	100.6	42.9	120.8	94.2	190.0	
40.8	118.6	12.8	53.7	12.4	5.8	80.2	32.1	
60.7	24.0	55.2	44.0	11.6	77.8	65.2	45.7	
35.1	30.9	121.5	17.9	69.1	57.5	147.6	33.2	
28.4	5.9	4.4	2.3	15.9	10.2	9.4	28.7	
212.1	287.9	117.7	436.7	347.6	21.9	199.1	163.8	
31.0	10.1	61.1	9.8	28.9	71.8	26.9	28.6	
41.8	10.6	57.1	15.8	6.3	3.6	21.3	40.0	
118.1	111.9	75.3	35.6	91.7	219.2	133.5	225.8	
34.8	6.9	3.8	36.7	12.5	3.5	26.3	13.4	
89.8	223.5	182.4	230.7	209.9	61.9	46.4	198.7	
35.6	224.8	165.0	89.3	114.9	178.0	298.3	336.6	
22.2	89.9	141.0	52.8	90.3	42.1	73.7	85.4	
223.0	65.5	35.2	55.6	35.3	289.1	78.9	322.0	
15.1	51.7	4.4	55.3	32.3	44.3	20.8	9.2	
10.1	3.8	15.5	16.6	16.5	28.2	10.3	5.5	
59.0	30.1	26.6	103.7	49.0	48.9	12.7	69.2	
192.4	172.3	153.8	36.4	119.9	92.2	69.9	274.0	
30.2	144.1	69.1	61.3	53.8	28.4	111.1	45.5	
11.9	16.3	44.0	78.0	47.5	109.6	45.6	73.9	
63.5	50.5	210.7	158.3	176.2	230.4	205.2	185.5	
193.3	141.6	167.2	222.3	406.8	59.4	73.2	30.7	
56.0	120.3	25.0	10.0	12.5	9.1	145.9	34.7	
27.6	20.9	144.3	25.5	97.0	143.3	55.3	116.1	
31.6	25.6	20.2	18.6	12.9	51.1	38.6	20.6	
142.6	190.4	84.2	38.2	68.5	106.2	38.6	29.8	
189.5	30.3	133.0	167.0	250.3	8.7	12.4	78.4	
60.3	117.3	114.3	209.3	43.7	76.2	16.4	157.4	
96.8	61.3	181.1	103.3	35.3	36.4	27.3	81.3	
11.2	47.1	109.7	187.1	40.9	128.5	89.1	129.2	
74.3	36.4	39.0	32.3	147.6	10.5	32.1	84.1	
84.5	153.0	344.5	165.7	244.2	291.8	218.1	298.4	
34.1	73.0	18.1	28.4	37.0	56.4	46.6	26.4	
712.0	95.3	74.6	198.2	160.5	53.3	64.1	276.5	
461.1	272.2	237.7	35.9	399.6	93.1	91.3	103.7	
76.4	54.1	100.2	42.9	151.5	30.6	66.8	115.8	
97.2	63.8	298.4	71.1	165.8	108.7	80.1	150.8	
47.4	78.2	49.5	25.8	68.5	52.7	133.1	93.8	
19.0	25.7	18.5	44.2	35.6	28.6	19.1	59.9	
20.2	26.5	30.5	20.6	21.1	84.4	28.5	18.1	
144.5	53.1	24.5	80.0	53.3	96.4	61.5	95.1	
22.3	24.6	31.7	17.8	23.6	7.2	23.9	13.7	
58.1	4.1	44.6	111.0	83.7	90.5	88.6	71.7	
16.9	41.8	4.7	10.4	14.9	64.3	16.5	16.4	
46.0	35.3	53.0	29.0	52.4	68.5	6.5	82.8	
128.2	33.6	87.0	85.1	80.1	114.0	46.3	19.4	
203.0	218.1	120.3	165.1	118.0	48.3	75.5	121.2	
158.6	585.1	597.9	136.3	23.1	51.4	88.5	150.7	
40.5	59.4	64.2	53.8	76.9	91.3	110.9	74.0	
305.0	139.5	332.3	293.8	222.9	53.4	124.0	65.7	
2.6	3.3	4.5	8.1	1.7	3.7	3.6	10.8	
285.0	312.4	50.5	41.8	107.5	100.0	156.3	136.2	
60.5	40.7	119.7	24.4	46.1	64.0	33.3	35.9	
52.6	88.4	93.5	36.2	22.2	51.3	127.7	59.5	
7.8	25.7	11.5	18.4	28.0	32.0	22.6	53.4	
38.8	28.6	39.7	28.3	31.8	26.9	10.3	23.2	
59.8	49.3	104.8	147.9	49.7	102.0	183.6	168.2	
114.3	66.4	87.0	119.5	16.3	98.5	14.7	9.0	
280.6	462.1	132.9	62.7	206.3	32.9	257.9	178.7	
53.8	30.0	196.6	30.3	37.4	36.1	177.1	36.6	
16.6	9.8	21.5	35.4	10.7	9.3	16.3	18.1	
74.0	70.6	63.3	114.1	50.8	66.4	170.5	62.5	
136.5	184.4	30.8	218.0	213.0	242.7	252.5	87.5	
130.3	135.5	70.8	50.9	97.8	70.0	139.7	165.7	
38.6	131.8	315.2	309.9	158.7	72.6	290.6	38.3	
21.2	21.7	31.0	24.1	74.6	14.8	51.3	8.5	
10.1	6.0	5.0	15.6	13.3	5.0	4.3	25.3	
137.6	96.8	46.4	110.1	88.7	16.4	20.4	77.5	
94.9	257.2	86.7	126.7	280.9	174.6	111.2	15.7	
1160.6	502.5	102.6	72.2	315.9	532.1	227.3	732.0	
16.5	12.5	13.1	9.8	11.5	12.5	10.3	10.2	
34.8	33.3	31.7	100.9	58.8	18.3	35.7	46.6	
284.4	312.9	361.0	52.0	577.7	247.5	130.8	371.1	
68.8	71.4	80.6	81.1	1.4	140.0	321.8	35.6	
94.9	88.4	47.6	67.4	63.9	108.9	181.1	170.1	
45.1	71.2	17.3	63.3	48.5	18.0	1.7	52.3	
109.3	19.4	53.1	92.6	23.2	39.0	143.5	95.0	
33.0	27.0	83.4	7.4	89.1	30.7	91.8	21.5	
101.0	627.5	106.4	131.9	27.8	115.6	124.2	102.0	
75.0	54.0	37.7	43.1	92.7	26.3	18.2	43.2	
103.5	137.5	178.1	187.3	98.9	86.7	287.5	186.2	
94.6	27.2	111.1	328.6	60.7	69.8	332.5	35.5	
8.3	43.6	11.4	1.3	59.7	42.8	70.9	21.5	
46.4	71.5	74.1	40.5	45.2	75.9	42.9	233.0	
70.2	126.1	6.0	57.9	40.1	67.1	86.6	39.3	
396.5	71.1	247.6	109.1	92.5	68.5	64.5	55.2	
65.3	117.2	171.6	27.8	119.9	52.5	55.8	82.9	
53.5	205.9	20.1	66.8	102.8	32.9	43.3	95.2	
7.7	8.6	17.8	22.8	68.5	8.8	37.1	25.2	
456.8	79.5	72.0	180.6	179.4	233.8	123.3	48.5	
179.1	63.4	34.6	6.6	118.7	100.6	449.4	55.2	
19.4	15.4	29.0	41.4	51.4	92.4	19.3	75.2	
138.0	411.5	371.7	132.0	85.6	24.9	158.4	107.4	
130.6	38.6	52.6	31.4	52.6	35.2	57.0	43.5	
64.6	3.9	36.2	21.9	28.4	197.5	133.2	57.2	
131.3	95.6	53.5	72.6	116.7	18.7	37.3	54.3	
94.1	115.9	43.0	101.1	79.6	43.3	74.1	89.6	
134.3	83.7	140.1	133.6	65.7	73.0	133.3	53.5	
30.7	37.3	35.9	47.8	45.4	14.0	44.1	72.2	
28.1	19.6	11.4	11.8	17.5	32.3	15.6	24.5	
80.0	55.7	33.8	57.3	53.0	115.5	45.0	51.6	
43.2	59.5	72.9	4.8	15.2	86.7	3.7	44.4	
152.7	8.2	30.4	29.4	11.9	35.3	25.4	72.7	
40.1	339.3	13.7	185.5	16.4	41.7	98.1	91.0	
283.3	474.1	576.8	64.1	355.5	50.4	240.5	132.8	
19.8	26.6	47.2	48.5	7.0	25.8	8.7	26.4	
38.4	98.9	58.0	18.2	65.4	46.7	70.7	104.4	
181.1	130.1	136.6	170.9	24.8	105.9	13.5	107.6	
35.3	12.0	9.0	3.6	9.3	35.8	3.6	42.9	
342.0	57.0	24.2	214.3	111.5	91.7	81.0	376.7	
22.4	31.0	73.2	41.9	81.4	101.2	23.2	25.9	
21.6	145.9	291.7	65.1	208.6	187.6	29.4	138.5	
65.0	36.0	4.7	117.4	71.4	111.0	59.1	42.6	
48.2	118.3	67.3	38.8	48.2	100.7	220.9	10.3	
62.5	38.2	33.7	57.5	98.8	42.3	59.2	13.3	
67.0	118.6	99.4	2.7	134.0	59.4	66.0	98.8	
47.9	262.3	139.5	230.9	35.0	120.2	59.3	411.9	
62.3	10.8	46.1	50.9	74.7	31.2	41.9	10.2	
189.0	113.1	33.4	185.8	165.1	126.9	15.1	24.4	
45.7	111.2	2.2	14.5	68.5	55.4	0.8	30.0	
25.9	6.2	6.3	34.5	56.0	41.0	2.6	69.2	
3.3	13.1	6.8	17.9	7.3	17.6	21.3	18.1	
115.6	50.1	91.9	150.6	127.6	92.4	136.8	36.3	
28.5	19.6	69.0	27.4	79.7	51.6	71.1	43.3	
25.3	33.8	10.7	23.2	20.0	6.8	2.6	9.5	
4.8	21.4	5.9	22.0	10.9	14.5	8.6	12.8	
19.8	70.4	5.0	44.2	3.8	29.6	16.8	96.1	
104.4	28.5	169.2	37.7	40.3	79.9	120.0	93.8	
239.8	59.0	287.1	132.6	167.0	122.8	187.0	98.2	
32.7	9.2	33.5	25.0	6.0	50.9	21.5	29.0	
34.3	10.7	40.7	22.2	55.8	16.2	80.6	48.3	
76.6	7.0	48.3	79.9	273.7	192.9	108.9	6.4	
100.7	220.2	80.2	60.8	24.2	39.7	10.1	126.8	
32.9	59.2	56.3	43.3	14.6	7.3	21.1	99.5	
26.4	42.4	110.6	10.2	113.7	116.2	96.3	19.5	
151.5	52.7	36.1	81.7	89.4	34.8	112.1	135.7	
87.1	115.8	135.1	113.7	202.3	269.3	218.2	353.2	
41.9	107.2	75.9	37.1	83.9	63.3	53.2	27.9	
67.8	43.0	71.3	80.5	38.5	31.1	91.9	11.8	
5.9	38.3	9.6	78.0	7.8	79.8	159.9	54.7	
160.0	33.6	55.4	139.2	107.9	30.1	7.3	61.4	
2.4	2.1	28.6	35.7	60.5	29.5	21.6	9.2	
30.9	38.5	18.2	34.7	87.1	29.3	74.2	28.3	
20.9	23.9	22.5	25.5	10.3	83.5	4.7	43.6	
26.0	80.6	23.1	136.9	115.7	111.6	75.4	49.2	
38.0	23.1	34.3	20.0	45.3	46.2	8.6	40.4	
112.2	72.7	5.1	131.2	15.3	75.0	25.0	72.1	
95.1	22.7	86.9	148.6	47.1	200.3	64.2	137.4	
32.3	68.5	31.0	39.2	159.5	66.4	73.6	20.6	
62.8	9.2	38.4	46.0	95.3	58.7	85.2	23.6	
109.0	17.7	56.1	70.9	116.4	39.9	141.1	51.7	
153.1	180.0	37.7	48.1	115.1	142.8	112.5	254.9	
46.9	34.4	7.5	83.9	41.9	80.4	61.3	34.7	
24.9	41.4	16.5	19.5	21.8	28.1	21.4	73.6	
24.9	25.3	11.6	35.1	67.8	70.2	37.9	60.0	
163.9	53.4	39.6	31.6	83.5	39.8	131.0	18.2	
97.8	140.7	175.5	171.8	105.4	179.7	141.0	151.1	
74.0	53.0	38.6	43.0	300.0	185.8	103.9	102.5	
8.9	2.8	0.6	10.4	7.9	13.3	2.8	9.1	
29.5	33.4	69.4	64.1	34.3	46.6	12.9	82.1	
104.3	110.7	75.6	261.4	48.9	55.2	181.1	201.3	
37.2	22.9	30.8	2.0	2.5	21.5	5.0	20.5	
56.6	30.4	41.6	45.9	29.3	16.2	151.6	32.8	
40.0	21.7	36.9	38.6	55.5	59.4	17.8	28.4	
235.2	374.7	107.3	82.2	96.7	109.3	391.2	14.7	
26.4	52.1	184.7	53.5	95.0	74.9	68.9	109.6	
21.3	131.1	97.4	174.7	44.9	80.4	90.5	18.4	
57.0	16.4	31.4	65.9	108.3	22.6	33.2	16.2	
86.0	69.9	138.2	142.4	39.2	252.4	108.5	9.5	
458.1	301.2	444.1	111.7	230.6	194.3	548.6	180.0	
39.3	59.0	63.0	36.4	69.7	105.6	92.8	105.0	
61.9	35.2	155.4	62.0	283.8	65.0	88.1	376.3	
129.0	272.7	44.3	71.4	112.0	73.1	47.3	104.6	
4.1	19.4	91.6	167.1	34.7	132.1	36.7	145.2	
60.8	65.8	89.5	8.2	85.7	0.2	118.0	5.3	
11.3	29.0	15.7	12.4	14.4	10.2	46.6	17.0	
218.4	151.5	604.1	226.9	94.5	100.5	177.9	82.5	
23.3	21.6	28.3	6.5	35.0	23.8	7.8	42.2	
128.1	96.2	88.5	123.6	85.1	26.9	36.1	17.1	
20.4	59.2	19.9	9.6	39.0	38.1	80.4	31.2	
11.5	37.1	98.6	57.6	104.1	37.7	29.1	63.3	
9.0	32.2	17.1	18.8	14.1	22.0	16.8	35.2	
6.8	12.7	15.0	13.5	14.3	3.7	6.2	3.9	
41.0	30.0	38.4	2.1	60.9	15.2	22.1	1.9	
39.3	15.0	9.4	5.2	6.0	28.7	7.2	34.6	
34.6	22.8	41.4	40.4	36.8	17.6	23.8	34.6	
154.9	76.1	66.5	21.9	34.2	29.3	102.2	20.4	
52.4	70.7	8.2	32.3	118.1	48.5	50.6	95.8	
7.5	4.3	13.3	5.6	2.5	18.6	3.1	16.2	
17.9	45.4	8.1	37.1	153.8	48.2	75.3	178.0	
72.1	33.2	6.5	7.4	29.6	32.6	2.7	13.7	
168.1	336.3	1170.9	187.9	189.1	174.5	545.3	60.3	
101.9	48.7	54.5	72.5	41.4	47.5	9.6	136.2	
86.2	23.8	3.5	26.8	46.1	46.2	52.8	13.4	
103.2	60.4	80.5	37.3	57.4	117.9	184.7	26.4	
42.7	77.5	31.1	29.0	67.8	32.3	73.2	142.7	
186.9	22.3	22.3	113.3	56.2	50.3	373.9	171.3	
33.6	10.4	212.5	95.8	36.5	45.1	57.3	29.8	
24.5	26.0	51.6	10.2	21.9	31.3	27.1	16.1	
3.6	173.5	52.3	45.4	28.0	47.9	72.6	3.9	
71.3	70.9	39.1	51.8	79.1	36.2	3.7	35.5	
3.0	14.3	4.8	3.0	10.2	5.3	10.4	17.3	
90.0	96.3	57.3	138.5	7.3	28.5	79.5	39.4	
9.0	1.6	7.3	3.4	1.5	1.0	2.9	3.2	
46.5	50.9	169.8	92.2	226.2	123.8	132.6	26.7	
10.5	20.7	29.1	13.1	34.0	3.4	34.7	69.6	
94.9	51.2	33.1	48.5	96.1	30.0	96.5	53.0	
82.5	45.7	63.5	102.3	41.3	27.4	110.3	48.2	
379.5	141.1	30.6	337.4	50.6	6.2	231.7	140.6	
68.8	48.2	51.1	172.5	170.3	139.0	28.9	23.1	
4.7	5.4	48.0	9.1	10.3	18.0	25.8	8.4	
4.0	79.6	47.6	44.4	110.1	19.4	73.6	131.1	
238.7	32.8	176.0	285.6	27.9	68.7	78.6	179.6	
13.4	35.0	90.6	78.6	27.3	73.7	134.9	138.7	
29.1	5.7	12.4	27.0	75.5	18.3	50.4	60.0	
19.9	10.7	15.7	32.2	42.1	20.2	9.8	86.7	
82.9	15.1	99.3	120.6	68.9	36.2	54.4	80.4	
3.5	3.4	6.7	3.0	10.5	16.9	4.9	6.5	
17.0	35.1	133.3	108.3	74.2	65.9	144.6	32.0	
82.3	181.9	56.6	50.1	48.7	122.1	62.0	93.4	
198.6	41.7	5.3	52.4	8.3	13.5	43.7	31.3	
26.1	57.1	36.5	30.0	35.7	22.3	20.1	13.0	
68.0	26.9	140.5	166.6	64.8	91.9	54.2	135.1	
31.2	17.2	158.6	47.2	171.3	157.4	31.1	129.5	
42.6	13.8	47.4	91.8	23.1	72.7	11.4	20.6	
21.5	58.0	71.3	42.2	1.8	26.6	329.5	126.2	
40.0	9.3	23.8	25.6	31.0	4.1	25.6	12.7	
22.2	19.1	9.5	13.4	5.5	19.7	4.3	3.9	
42.5	39.3	20.2	143.1	40.0	21.7	170.6	109.9	
19.3	41.1	90.1	32.4	113.2	59.9	44.2	18.8	
91.1	62.3	133.3	90.4	218.8	90.6	197.7	35.4	
41.8	25.5	11.7	6.0	29.9	15.9	34.6	41.8	
99.4	74.5	241.0	155.3	209.0	184.6	204.9	139.7	
168.5	75.5	35.3	51.9	32.3	280.6	169.4	85.6	
77.7	43.2	76.4	25.2	39.0	78.1	123.6	112.4	
138.2	89.1	95.9	45.8	17.9	79.8	76.2	43.5	
139.9	258.5	38.6	86.1	71.4	134.6	19.8	139.4	
195.8	57.8	199.5	151.1	23.2	68.9	165.5	22.0	
34.2	110.1	110.1	34.8	149.5	48.5	81.0	60.5	
108.1	108.6	17.9	46.3	98.0	62.5	38.4	150.2	
48.8	66.2	74.3	342.1	204.4	66.5	27.3	65.3	
216.8	75.5	92.3	267.6	13.9	174.2	200.4	43.5	
103.6	175.6	11.1	154.1	102.7	338.1	92.7	120.0	
188.7	247.9	152.0	47.4	86.1	204.2	354.4	152.5	
65.6	157.8	42.2	126.6	21.8	126.9	56.7	47.0	
71.6	69.5	119.9	95.9	70.9	130.6	84.8	134.3	
101.1	121.4	255.6	68.0	176.7	103.9	85.2	123.8	
152.7	39.3	81.0	58.8	16.5	40.4	127.9	49.4	
16.3	91.1	24.3	16.5	91.5	36.5	32.4	20.2	
102.7	71.8	84.9	26.1	263.1	20.2	168.1	6.9	
286.4	76.7	500.9	296.0	70.5	141.8	194.5	16.0	
12.8	6.5	6.2	22.1	2.1	2.9	16.9	11.2	
51.3	105.0	74.9	70.1	228.3	90.4	47.4	77.1	
20.0	247.9	227.2	24.8	36.8	35.4	59.3	81.6	
47.3	81.1	92.9	35.7	73.3	8.4	14.1	81.5	
107.9	109.0	107.6	133.9	62.4	117.0	117.1	141.2	
97.0	70.2	21.9	22.5	149.0	67.5	29.0	49.0	
52.5	62.5	50.0	94.4	22.2	44.9	46.8	15.8	
5.1	12.6	3.6	48.6	26.6	8.7	30.4	12.0	
1.0	4.0	9.2	2.1	11.1	6.2	13.2	5.4	
60.9	18.3	3.1	21.0	11.2	13.7	15.7	19.9	
34.2	64.5	44.7	202.1	57.9	104.1	158.4	13.1	
19.6	31.6	73.5	11.9	77.5	16.1	48.7	40.9	
75.9	37.1	41.7	147.0	50.7	104.4	161.1	47.6	
4.1	0.6	33.9	4.3	3.0	7.3	4.9	27.5	
129.1	79.8	32.2	70.1	190.0	43.4	182.0	108.3	
20.5	6.1	20.1	8.4	25.0	11.0	5.9	37.9	
92.9	59.3	25.1	46.6	30.0	56.9	20.0	14.8	
232.1	133.1	66.6	140.8	60.6	252.4	329.3	308.0	
30.2	87.3	69.8	9.2	10.5	33.7	54.0	22.6	
165.3	156.5	120.8	90.5	26.9	48.1	51.0	234.6	
54.1	56.9	92.3	76.9	25.9	17.9	71.7	30.0	
6.8	5.4	14.9	28.4	30.7	3.8	3.0	8.0	
26.4	18.4	82.9	19.6	15.5	25.5	24.2	32.4	
20.0	14.5	29.9	42.0	43.7	34.8	58.6	9.0	
21.7	20.4	13.9	5.1	15.2	23.7	38.0	10.4	
68.8	54.1	87.1	48.6	15.6	173.9	133.4	72.6	
50.2	141.6	45.0	43.4	102.1	26.3	38.2	62.8	
39.4	111.4	28.1	66.5	158.9	128.5	76.3	38.6	
76.0	43.0	15.7	185.2	51.7	50.2	140.3	23.4	
141.7	43.7	111.9	98.8	128.6	43.3	28.0	29.3	
20.1	20.9	24.3	30.4	9.6	14.5	7.3	15.5	
132.0	27.3	63.8	32.7	21.4	117.6	143.2	53.9	
188.8	84.4	224.9	42.2	165.2	235.3	94.8	164.2	
325.2	105.3	177.4	242.7	60.1	248.1	56.7	86.1	
7.1	31.0	249.1	29.5	242.1	126.9	64.5	47.7	
119.7	74.7	23.3	44.9	19.8	56.5	70.8	7.9	
48.3	366.2	77.2	129.2	72.9	195.6	28.9	115.5	
6.1	7.0	18.0	10.7	17.9	9.1	7.1	11.8	
48.2	66.2	143.4	92.8	88.5	71.6	46.9	80.8	
31.3	58.6	52.2	21.7	82.3	64.7	57.3	136.2	
12.6	51.0	81.0	59.7	55.2	43.4	16.5	20.5	
41.4	3.0	29.2	22.7	39.8	40.6	15.2	37.5	
69.3	33.0	33.5	13.8	41.9	12.3	29.8	81.2	
39.4	136.5	20.9	127.1	91.1	91.0	91.1	45.0	
26.6	98.8	22.5	12.9	24.9	44.1	19.4	15.7	
98.7	80.7	69.6	8.9	19.1	78.5	89.3	80.5	
9.1	2.6	16.7	10.6	18.0	8.6	4.6	9.0	
32.2	82.7	72.2	81.5	183.0	90.0	297.2	50.6	
1.3	1.3	0.9	2.4	0.5	4.5	2.2	3.9	
78.9	26.3	59.7	16.1	84.1	71.5	43.2	9.7	
66.6	180.2	156.8	45.1	173.6	3.5	71.3	56.6	
9.1	6.6	23.8	17.6	98.0	109.2	17.8	108.7	
27.4	105.2	147.4	30.5	72.5	111.7	322.0	70.0	
66.8	56.4	32.8	41.7	79.9	66.2	67.4	22.1	
46.3	13.9	54.0	107.2	82.7	92.0	136.3	212.0	
61.5	56.0	61.3	32.4	15.1	60.2	126.8	67.2	
42.1	19.6	19.7	32.7	26.7	14.2	44.4	22.9	
41.1	213.0	129.5	121.8	108.6	128.7	138.1	328.1	
17.0	11.5	6.6	4.8	7.2	3.3	7.6	3.1	
24.8	49.9	23.4	24.0	38.5	28.9	41.8	68.5	
233.5	71.7	124.0	267.6	200.7	291.4	323.6	195.1	
31.6	87.2	40.9	57.6	96.7	41.9	10.3	68.6	
159.4	21.1	26.0	241.5	565.8	142.7	94.3	68.8	
15.2	11.8	6.9	26.4	9.2	21.5	20.2	10.8	
22.1	72.4	39.6	21.0	16.0	198.1	52.3	56.6	
5.7	12.2	25.4	32.7	45.5	37.0	38.1	9.8	
194.1	53.2	63.9	73.9	93.4	41.2	111.6	207.9	
13.6	85.0	69.6	99.7	35.8	94.5	93.1	72.1	
59.8	125.9	66.1	77.8	12.0	13.2	223.6	101.5	
209.9	413.4	112.3	195.9	116.5	208.3	327.2	199.8	
103.5	96.9	30.9	97.6	15.5	50.8	79.7	7.3	
4.1	1.6	3.2	1.8	1.8	1.3	1.2	2.3	
122.4	50.5	43.7	52.4	42.8	92.2	14.7	36.8	
45.3	78.3	263.4	16.5	56.5	72.8	47.4	96.0	
44.3	28.6	37.9	19.5	24.6	79.9	18.6	39.3	
114.0	97.0	71.5	94.3	18.9	18.5	40.0	42.0	
123.5	60.3	18.3	40.1	28.0	21.2	13.6	69.9	
46.3	64.8	47.8	23.1	39.5	66.2	40.9	13.9	
15.6	14.2	18.9	12.6	6.2	31.2	10.0	40.5	
205.0	109.1	47.6	129.0	111.8	96.1	200.7	80.2	
131.8	178.7	127.4	130.6	37.8	304.4	182.9	285.8	
7.5	17.9	15.1	32.3	3.5	21.8	12.7	24.7	
9.7	4.6	4.0	8.9	13.4	11.3	8.0	15.1	
21.6	132.6	4.4	41.7	20.8	27.4	61.8	15.9	
215.6	198.4	47.2	135.0	167.2	167.0	20.6	54.3	
204.9	166.4	144.0	231.3	180.0	204.8	89.5	98.4	
27.8	85.8	60.6	13.3	54.9	48.9	74.3	31.9	
36.1	14.7	150.4	172.3	81.3	110.4	69.8	157.6	
11.9	22.7	43.1	11.9	39.0	11.8	39.4	76.9	
31.6	7.3	3.7	51.7	18.4	25.9	54.2	19.8	
151.1	102.1	131.5	203.1	446.4	159.6	75.4	46.1	
9.1	3.9	35.5	9.8	18.6	6.7	20.0	9.9	
26.6	84.1	83.6	94.4	33.9	20.5	63.3	21.3	
6.6	80.4	23.1	10.6	34.3	41.3	11.2	33.7	
188.0	102.9	119.1	31.5	142.6	61.5	71.0	296.7	
230.2	158.4	298.3	348.9	178.5	408.4	141.5	230.4	
174.2	22.9	136.9	96.3	90.5	109.5	43.8	178.5	
275.7	107.2	135.0	109.7	99.9	45.3	77.1	73.5	
22.3	4.4	33.2	13.7	23.8	28.7	13.3	14.8	
491.6	232.1	363.5	415.8	57.6	233.8	280.8	178.2	
61.3	173.9	110.0	41.2	224.5	167.0	45.2	311.4	
99.8	85.9	37.0	159.4	100.9	132.5	59.7	129.8	
115.1	50.5	15.2	43.7	71.2	48.3	134.0	101.6	
36.3	80.1	80.4	51.0	7.1	44.2	160.2	140.7	
155.9	41.8	136.9	72.5	109.6	82.3	144.1	90.4	
91.9	89.8	46.9	46.9	95.1	3.3	18.6	33.6	
159.1	27.0	76.7	29.3	90.9	44.9	99.1	77.5	
20.8	72.5	71.0	26.3	35.4	98.2	31.0	22.6	
147.6	285.6	136.5	69.9	6.2	27.0	161.2	24.0	
26.6	28.3	58.2	51.0	4.0	13.3	41.0	47.4	
160.5	110.4	28.1	106.5	128.0	263.2	152.7	28.6	
10.3	21.7	73.6	112.7	147.0	154.9	14.0	12.4	
124.2	231.6	185.2	166.7	66.6	135.0	90.5	51.4	
60.5	53.7	1.8	190.1	186.4	39.6	59.5	44.9	
8.7	12.3	25.7	31.1	2.3	14.6	16.4	14.0	
196.5	49.4	56.5	87.0	160.5	81.5	36.8	49.6	
3.3	22.2	39.9	12.6	8.0	18.9	66.6	46.0	
77.1	147.8	92.3	43.5	180.9	19.4	74.2	1.4	
15.8	24.1	43.6	43.0	23.0	11.9	61.1	0.7	
6.9	4.7	14.2	21.6	23.3	25.3	37.6	51.1	
58.6	25.4	252.7	195.4	83.7	141.9	102.5	154.9	
15.9	41.5	12.8	118.1	22.1	118.5	10.8	69.0	
42.4	50.8	43.8	65.3	24.4	36.0	118.5	4.6	
77.4	46.2	60.2	52.3	86.0	103.4	36.3	42.1	
76.1	53.9	206.2	151.5	87.5	121.1	36.8	109.9	
61.6	81.9	86.2	61.0	15.6	27.7	54.0	45.5	
83.9	63.3	188.0	155.8	28.2	129.7	78.0	17.6	
16.1	24.6	12.6	6.6	38.2	6.7	21.7	28.2	
66.1	60.4	114.6	56.7	105.5	59.4	10.8	100.0	
15.1	37.9	23.0	47.9	17.7	30.7	23.1	9.3	
13.1	14.3	29.4	4.6	35.3	3.2	19.7	61.3	
17.6	57.0	19.7	7.3	56.8	46.9	22.0	73.7	
26.3	57.1	35.5	74.3	54.1	39.8	26.8	84.2	
38.5	16.3	24.5	11.2	72.7	75.6	16.6	17.7	
185.9	152.6	15.7	91.9	183.8	106.2	234.3	92.0	
6.6	18.5	8.3	23.5	8.0	19.8	14.1	26.7	
4.8	15.3	11.3	21.7	23.5	28.7	2.8	30.5	
57.3	58.4	77.1	39.6	83.3	20.3	18.1	95.3	
66.3	73.1	40.9	53.5	122.1	34.0	46.7	80.2	
133.1	21.1	67.0	40.1	113.0	99.5	77.5	32.5	
45.3	30.4	46.4	13.3	22.3	140.6	212.3	106.6	
22.3	11.4	69.7	38.3	29.3	40.2	19.8	170.5	
27.9	112.9	152.9	28.7	45.8	138.9	127.4	66.4	
39.9	26.4	7.0	21.6	6.6	28.5	7.8	45.9	
159.3	94.7	24.0	129.7	27.9	30.1	8.0	49.4	
78.1	165.6	119.2	39.5	32.6	97.8	95.9	160.8	
14.6	4.9	4.4	9.2	6.0	4.9	3.3	6.1	
97.5	60.7	87.4	99.7	37.3	157.5	87.3	39.1	
51.6	21.5	203.3	80.6	76.8	141.6	23.1	287.5	
21.3	121.4	89.0	24.7	26.4	16.6	23.4	42.0	
8.4	21.7	7.2	4.9	3.9	9.3	9.3	12.7	
131.7	71.4	106.0	17.5	45.3	57.1	78.5	17.9	
77.2	31.9	57.6	162.5	27.1	89.8	108.0	181.9	
45.4	28.9	66.5	131.5	17.9	56.8	24.9	31.0	
40.3	34.8	41.7	18.0	18.4	13.7	5.0	22.2	
13.4	20.1	8.0	25.8	9.9	35.6	21.9	34.1	
92.8	92.4	26.0	142.3	18.4	107.4	208.7	95.4	
22.9	8.3	11.5	14.1	9.6	16.0	10.9	14.5	
82.1	97.2	197.8	74.5	151.1	140.1	172.8	40.5	
74.1	6.3	72.4	60.3	101.4	60.4	32.7	27.6	
107.6	249.8	190.2	186.0	109.8	282.4	53.4	129.0	
6.1	14.8	4.8	9.2	18.2	38.0	10.2	8.8	
325.8	144.9	85.8	84.4	99.5	12.9	129.8	91.7	
493.1	554.1	298.1	198.3	126.6	56.9	21.1	67.0	
103.3	41.9	253.9	58.2	75.9	106.5	106.7	109.9	
77.8	6.5	78.1	90.5	60.5	25.6	96.2	1.1	
411.0	79.7	226.3	85.3	365.9	478.6	424.3	152.8	
12.2	3.7	38.3	25.2	22.2	27.6	55.3	41.7	
7.8	73.3	23.6	2.9	12.1	168.7	16.2	51.3	
46.7	18.0	56.4	25.9	23.9	18.4	78.7	12.0	
57.3	175.8	170.7	229.3	110.7	89.8	47.9	157.7	
11.2	27.0	25.3	6.2	37.3	63.1	20.3	18.5	
105.3	81.9	286.2	78.1	154.3	41.8	149.3	278.9	
22.7	4.5	5.0	18.5	105.5	41.8	62.0	9.0	
32.1	16.6	50.3	8.0	6.9	8.5	18.9	68.0	
101.5	37.7	32.0	8.6	7.0	68.8	45.8	31.5	
119.8	30.9	98.2	110.1	40.8	6.3	7.8	78.6	
25.5	31.0	68.4	95.6	38.9	70.8	153.7	32.8	
30.1	35.8	72.9	15.3	101.9	77.1	131.3	27.7	
105.3	28.6	136.7	60.1	93.2	48.8	47.6	80.6	
7.7	3.9	2.3	1.8	0.7	2.4	3.2	1.7	
65.5	48.0	55.9	45.2	51.9	11.7	14.1	2.1	
38.2	72.7	40.3	134.6	28.5	48.0	75.3	8.3	
24.5	15.4	19.1	24.4	66.1	23.7	2.3	6.1	
15.0	31.4	40.6	36.3	11.2	20.2	11.1	20.1	
10.7	71.0	44.8	29.5	27.0	36.5	94.1	51.3	
43.3	17.3	87.7	6.2	6.5	68.3	9.4	105.3	
8.0	63.4	146.2	184.4	280.9	161.2	83.8	90.6	
164.4	23.5	155.6	57.2	148.7	83.0	24.4	78.9	
20.7	42.6	47.3	35.7	12.5	77.7	10.1	124.0	
306.4	124.2	133.3	136.4	129.7	128.3	55.2	138.8	
22.4	19.0	11.8	8.7	21.7	9.4	11.3	3.9	
