25.0	129.7	61.0	20.4	5.3	22.6	26.0	11.4	
190.6	84.9	42.8	243.3	103.1	80.9	44.5	87.6	
149.9	38.9	55.4	111.0	37.4	20.7	151.6	117.5	
46.2	73.6	64.2	12.2	16.0	16.7	25.2	42.3	
64.0	8.5	16.1	21.0	58.0	78.5	11.0	22.0	
200.0	141.4	19.0	558.6	849.2	312.8	316.0	227.6	
52.7	258.1	209.4	55.7	161.2	69.3	14.8	122.7	
60.5	41.2	24.3	19.6	71.7	78.3	11.9	76.4	
17.9	40.9	10.9	33.9	17.9	6.4	30.3	7.5	
36.0	125.8	65.3	79.0	57.7	43.1	115.5	106.3	
29.2	72.8	102.4	18.0	13.5	63.0	25.8	31.8	
277.4	138.4	36.5	166.7	406.1	19.4	347.4	218.5	
89.0	107.9	75.4	119.8	112.2	126.8	86.7	41.8	
30.0	11.8	86.3	28.8	35.1	105.6	36.8	99.2	
95.0	82.6	65.3	78.0	11.4	216.0	173.7	151.3	
33.1	32.3	24.7	21.3	4.2	27.6	6.3	43.9	
51.1	28.2	40.9	28.5	31.1	34.9	16.1	27.8	
8.4	3.6	10.1	31.8	25.6	13.8	5.3	5.8	
34.7	28.8	5.6	144.9	48.4	16.2	38.9	59.8	
30.8	18.2	5.3	5.3	17.7	2.2	35.7	26.7	
140.3	33.0	28.3	60.4	73.4	8.8	56.4	76.7	
50.6	42.0	26.3	48.6	137.2	116.7	142.8	78.0	
147.8	98.8	45.7	79.6	56.3	103.9	119.4	104.3	
55.6	297.6	290.0	351.2	111.1	647.2	240.1	435.0	
42.6	264.2	97.5	42.8	163.6	87.1	68.2	139.1	
61.3	60.5	36.4	11.8	188.5	162.8	138.6	153.0	
75.9	6.4	12.0	34.6	11.9	42.0	32.9	77.6	
97.9	201.4	111.7	97.8	177.3	57.5	219.4	44.1	
324.8	426.6	210.0	304.2	234.0	65.3	409.3	63.3	
44.8	20.4	119.1	30.0	174.7	48.4	90.9	37.7	
17.6	73.9	16.5	126.8	69.2	38.3	82.3	79.9	
28.8	81.6	104.0	27.3	69.3	34.1	68.6	46.2	
21.9	15.1	35.7	18.5	15.9	7.1	6.7	17.8	
26.7	102.2	82.2	33.7	45.3	8.0	55.4	127.9	
20.0	93.4	20.5	20.1	60.5	92.9	87.6	32.4	
31.1	19.1	38.7	81.2	73.8	42.0	75.4	43.1	
55.2	68.7	9.9	221.4	241.4	283.3	47.3	103.1	
104.1	62.6	98.3	38.2	257.0	96.7	11.3	62.8	
18.7	67.6	52.0	12.5	68.0	5.1	32.7	24.8	
51.8	66.4	17.7	25.3	137.6	73.4	28.1	91.7	
38.3	21.0	85.5	33.6	29.7	97.5	68.9	28.3	
268.8	284.8	602.5	227.1	102.2	142.6	133.0	177.6	
18.9	21.4	36.4	16.1	24.4	55.2	52.2	51.1	
5.1	28.4	8.3	7.5	15.2	12.3	33.0	13.6	
43.9	130.2	159.1	208.3	22.9	96.0	122.7	87.4	
13.8	17.8	11.5	8.1	10.4	14.0	78.4	4.9	
20.4	28.8	7.7	4.8	7.4	20.3	4.6	35.0	
44.1	32.2	21.8	30.5	9.0	29.5	67.1	31.5	
159.6	34.5	90.1	51.5	155.6	96.0	53.8	49.4	
27.3	353.5	296.8	41.5	115.1	22.6	129.8	119.1	
89.8	17.3	25.7	37.5	126.7	79.6	50.2	31.2	
35.1	286.4	62.9	42.9	41.2	154.7	73.7	202.6	
13.8	22.1	4.1	44.3	7.7	42.7	14.6	24.1	
9.3	24.0	1.8	16.1	14.4	40.9	16.0	14.8	
82.1	92.2	3.3	125.5	34.8	5.4	65.3	195.5	
15.6	23.3	0.7	10.7	8.2	16.6	10.2	14.1	
121.3	32.2	18.3	56.3	90.8	153.6	113.8	30.5	
45.3	28.9	38.3	15.4	14.6	41.2	21.1	104.8	
140.5	111.3	129.9	367.3	320.4	174.1	97.5	63.3	
26.8	49.5	55.3	79.3	42.9	20.6	21.6	2.2	
72.1	53.0	13.4	26.6	44.3	102.0	67.4	74.2	
29.4	16.9	41.9	6.3	6.6	23.8	5.6	17.3	
66.2	105.2	16.0	65.0	19.4	81.8	19.2	128.0	
110.4	64.2	140.8	24.2	237.3	593.4	246.0	538.1	
185.5	140.2	38.7	49.5	266.7	171.4	207.3	38.8	
132.1	89.3	64.7	19.1	32.4	80.7	154.5	188.1	
53.3	31.5	156.2	103.0	32.9	116.2	181.4	150.0	
41.3	16.5	12.1	4.0	39.3	9.7	30.2	7.6	
9.8	34.7	8.4	9.2	5.7	17.3	25.3	10.4	
37.8	15.4	8.4	38.4	13.3	32.5	4.6	4.0	
189.1	218.6	136.2	241.5	158.8	62.0	182.2	351.5	
41.1	16.4	7.0	66.8	8.9	22.3	17.6	15.1	
58.8	33.8	75.8	197.2	86.7	26.8	5.2	38.7	
171.8	25.7	107.8	130.5	248.6	75.7	54.3	245.6	
187.3	126.1	96.7	120.4	88.5	101.7	159.6	120.5	
22.0	12.0	14.7	4.2	25.3	20.1	17.0	7.7	
0.4	34.4	21.0	26.5	14.6	15.4	26.4	85.3	
1.3	3.4	2.7	12.2	4.9	5.4	3.6	1.2	
8.8	7.2	6.5	3.8	2.5	11.2	1.2	12.7	
69.0	79.8	183.8	18.4	147.0	68.4	56.8	36.0	
18.4	5.8	1.7	22.6	31.2	32.4	10.7	13.4	
219.6	49.7	54.4	190.5	26.5	66.6	173.3	27.6	
45.4	76.6	11.5	62.9	20.4	47.7	40.1	25.8	
27.9	29.0	5.0	34.2	2.7	37.7	30.7	9.0	
150.4	25.8	37.2	99.8	90.3	33.4	142.3	81.3	
13.1	38.1	11.1	86.9	20.7	1.4	8.6	11.5	
121.5	64.7	28.8	22.2	35.1	69.6	60.0	133.2	
144.9	42.0	56.8	21.5	31.8	40.5	28.6	38.8	
43.2	54.0	53.4	85.5	70.7	59.4	35.8	93.2	
68.6	34.3	129.4	31.1	55.0	60.3	13.8	48.6	
58.7	36.8	8.1	34.0	24.0	53.8	30.3	12.4	
39.5	5.9	63.5	37.2	131.3	19.8	24.2	50.9	
14.0	56.1	25.7	49.4	55.6	46.2	45.7	177.0	
116.3	230.6	51.4	28.1	230.7	216.3	54.6	201.5	
56.9	49.9	34.5	4.9	14.6	52.6	6.8	6.3	
58.4	115.1	54.0	140.4	68.8	66.7	144.1	210.7	
32.5	147.4	19.1	27.1	27.9	58.5	9.1	37.6	
65.8	80.1	49.0	8.1	72.8	91.7	9.1	22.1	
137.4	106.4	92.7	207.7	135.3	63.7	19.5	39.2	
19.9	6.7	49.2	40.4	9.1	28.5	18.7	93.8	
12.4	4.0	10.2	6.3	5.2	15.6	4.7	7.2	
30.7	51.1	8.9	6.6	29.5	51.3	25.5	32.6	
12.7	37.7	82.9	145.3	83.5	137.7	73.0	139.8	
56.1	44.2	31.5	5.4	5.5	17.5	18.5	75.6	
31.6	48.3	26.8	6.0	27.9	8.3	10.8	5.5	
93.9	70.0	127.1	40.6	268.5	211.6	113.1	42.7	
67.7	33.1	319.2	47.8	37.1	195.1	98.1	72.0	
67.4	62.3	18.6	55.4	53.1	33.8	18.2	32.5	
8.4	23.6	16.7	59.9	72.1	13.4	33.7	32.3	
26.3	25.2	78.3	47.7	36.1	17.1	71.6	29.8	
85.1	39.5	15.6	26.0	189.3	217.7	64.6	179.0	
1.7	4.0	3.7	1.0	2.9	6.4	6.4	6.5	
7.6	6.5	12.3	3.9	4.3	3.1	2.3	1.2	
4.5	6.5	4.7	2.2	6.1	2.0	1.7	5.7	
98.0	383.8	118.4	229.0	143.4	159.4	39.8	272.5	
70.8	25.7	75.7	67.0	184.7	73.4	42.5	72.2	
41.8	32.6	59.0	71.2	22.3	44.5	66.4	20.9	
110.7	89.5	4.8	46.6	31.5	28.4	38.1	30.1	
42.2	41.5	155.8	50.1	72.5	102.7	19.5	12.0	
8.7	49.3	44.8	37.0	161.5	52.5	115.6	76.1	
46.8	97.0	36.9	98.0	50.9	126.3	5.6	34.4	
46.6	401.5	193.6	74.3	394.2	15.4	57.9	59.7	
84.0	20.0	72.5	48.0	36.5	26.9	28.5	36.8	
7.6	18.8	7.1	16.1	6.1	18.9	16.4	44.6	
132.2	96.5	51.4	59.1	23.2	38.7	115.8	26.6	
227.0	57.3	143.1	177.2	130.6	32.1	121.2	32.0	
11.8	7.5	3.3	21.9	3.7	20.0	9.0	11.4	
51.8	31.2	213.9	54.1	168.7	107.2	113.5	70.2	
77.0	148.5	58.0	54.2	57.3	99.4	89.9	39.6	
90.9	115.0	76.4	78.3	61.3	69.8	38.6	50.5	
96.3	37.5	12.9	37.9	40.6	85.7	23.3	137.1	
145.7	253.0	107.6	52.9	69.0	100.2	51.9	184.8	
93.8	114.8	27.4	87.2	177.5	26.0	45.3	37.4	
106.3	48.2	29.3	87.5	55.6	20.7	55.6	45.6	
2.0	123.6	52.8	74.3	122.0	61.5	119.7	85.9	
21.7	79.1	83.0	5.0	69.0	61.7	82.5	15.5	
64.0	40.1	121.1	77.6	137.5	17.3	120.3	122.9	
34.1	18.3	1.8	10.4	21.6	40.9	7.7	12.6	
118.5	13.5	117.0	76.5	35.0	42.7	15.6	117.9	
19.0	84.3	26.0	48.8	28.3	44.7	11.9	32.8	
133.7	147.2	75.6	232.7	100.5	197.7	77.7	201.3	
30.6	169.7	171.9	69.3	164.5	96.6	111.1	299.1	
167.8	45.6	64.8	190.7	102.8	142.6	84.4	44.5	
159.4	34.5	61.1	45.6	312.6	53.5	150.6	138.2	
36.4	28.9	16.8	4.2	1.9	29.2	26.5	10.9	
20.8	7.0	36.3	5.3	2.1	4.6	13.1	11.7	
71.9	67.4	99.7	36.0	99.6	19.3	25.3	39.0	
54.5	41.5	38.7	9.6	107.4	81.8	57.1	75.3	
87.8	141.3	197.5	219.0	10.2	44.1	91.1	62.5	
269.0	89.7	284.2	222.3	243.6	63.2	140.4	703.4	
25.8	8.8	7.6	9.3	12.4	13.3	10.0	36.8	
70.6	163.9	17.7	21.2	91.5	46.9	102.3	77.1	
124.8	115.5	99.7	35.9	90.8	54.3	123.3	128.5	
31.6	53.6	23.5	28.9	6.2	63.7	49.4	58.6	
67.6	28.4	102.3	64.4	129.8	472.7	153.0	119.1	
61.3	9.7	33.7	28.1	6.1	22.3	34.4	59.4	
139.1	32.0	156.8	36.2	22.6	12.5	129.3	31.1	
51.5	14.5	15.8	60.3	88.4	66.7	30.0	9.7	
91.6	227.7	138.7	401.1	83.3	60.3	139.3	101.5	
106.4	74.9	51.0	30.2	16.2	25.2	66.7	72.4	
13.7	0.8	9.3	45.6	8.9	15.8	19.8	20.2	
144.2	90.9	53.6	18.4	208.7	78.2	159.5	70.0	
31.1	24.1	15.2	55.7	28.7	8.9	24.2	16.8	
134.7	54.2	222.9	103.4	328.8	296.6	102.8	122.7	
52.2	57.1	34.2	312.4	137.9	112.2	267.7	164.3	
173.2	187.2	55.9	24.5	116.4	157.1	183.0	183.3	
190.6	16.7	285.6	157.3	142.1	9.7	34.0	149.8	
105.1	97.2	419.9	57.2	40.9	174.8	66.4	73.4	
233.0	122.9	155.6	95.3	521.7	152.7	282.1	99.7	
58.1	61.7	34.8	82.4	16.5	115.7	70.4	12.6	
8.8	29.6	5.8	5.3	2.5	22.7	20.0	6.3	
14.3	33.9	8.6	12.6	7.0	0.4	7.7	13.7	
118.3	127.7	212.1	19.6	96.0	113.9	34.7	207.0	
54.1	75.4	9.9	14.7	29.8	30.0	27.8	28.9	
266.9	53.4	393.9	59.4	72.8	71.4	126.7	99.6	
161.1	166.4	37.8	68.0	111.9	117.9	114.3	108.1	
137.7	47.5	72.8	7.1	29.7	34.0	11.0	29.3	
31.4	70.0	20.8	108.0	135.7	73.0	96.4	63.0	
57.7	55.6	89.8	112.3	28.6	75.4	51.1	16.2	
12.2	11.2	4.6	8.8	10.3	18.3	8.1	16.7	
135.8	45.1	36.7	44.1	92.6	14.3	228.6	123.4	
64.4	33.1	86.0	15.4	65.4	67.7	22.2	76.3	
257.8	20.3	28.4	15.7	180.8	90.4	90.8	237.1	
76.2	141.8	151.7	59.5	79.0	13.2	88.0	45.8	
41.5	9.8	9.9	39.8	8.1	21.4	15.9	18.5	
29.5	39.2	14.9	13.8	6.7	47.3	7.1	3.1	
25.0	117.1	51.0	28.4	132.1	66.1	117.7	34.1	
22.1	32.0	49.1	64.0	119.1	87.1	56.3	69.7	
109.0	22.5	90.3	48.1	75.4	31.8	26.4	24.6	
6.5	4.0	9.4	1.4	4.9	7.2	8.9	16.1	
92.2	76.8	151.2	119.7	82.3	275.8	454.8	116.0	
6.8	36.0	5.2	39.3	49.0	31.6	25.5	50.6	
196.5	38.3	39.6	22.5	26.3	44.7	73.1	17.6	
74.7	6.1	4.7	46.3	10.6	62.3	43.8	59.4	
374.7	170.6	132.9	243.6	10.4	83.3	50.8	137.2	
76.8	57.3	139.4	102.8	48.3	255.2	120.6	65.2	
38.2	35.4	7.5	67.3	45.8	11.6	46.6	33.2	
122.8	37.2	69.8	40.0	10.3	222.9	182.5	52.2	
77.8	107.2	13.8	58.1	75.7	42.0	13.9	29.2	
92.0	78.0	17.0	5.4	16.6	17.1	20.9	50.6	
206.0	126.4	143.0	140.1	209.8	90.6	78.2	84.0	
107.6	80.0	77.4	127.1	37.9	133.1	123.7	145.2	
69.8	139.5	29.1	172.0	177.4	48.5	78.2	99.6	
45.2	102.9	58.7	27.5	149.4	31.0	49.8	13.5	
47.5	33.2	88.6	212.3	75.0	47.6	102.9	286.1	
214.2	58.8	74.9	65.4	119.7	27.9	170.5	27.2	
26.8	76.7	23.0	24.8	18.1	23.1	92.6	28.7	
231.0	530.0	124.5	231.4	185.5	567.1	246.2	187.3	
96.0	20.1	95.4	79.2	7.7	5.5	21.3	31.9	
88.3	42.9	217.8	46.3	52.1	55.2	55.8	110.5	
129.4	85.0	348.8	60.2	117.3	323.3	36.0	422.6	
41.8	31.3	15.3	17.3	43.5	16.1	28.7	19.4	
66.1	45.3	110.8	104.7	37.8	25.3	180.6	42.9	
167.6	17.0	161.7	94.7	178.1	38.5	96.2	18.9	
16.3	115.8	32.8	43.0	15.3	20.2	129.1	31.3	
125.9	174.9	212.9	532.7	179.2	361.6	136.8	384.5	
208.8	192.7	209.2	184.5	265.0	119.5	10.7	139.0	
150.4	120.9	135.4	137.7	168.2	124.1	91.9	23.4	
4.9	9.9	12.6	0.9	5.1	7.6	3.9	4.6	
51.7	41.3	54.1	116.4	8.8	40.4	114.4	25.4	
91.2	15.9	54.4	151.8	88.6	122.2	67.6	113.0	
125.6	21.9	78.4	28.7	276.2	41.5	107.1	21.1	
195.9	88.4	206.1	22.8	157.9	18.6	91.0	96.0	
94.1	69.7	25.7	76.9	115.1	144.5	49.7	96.1	
37.0	47.9	28.2	7.1	25.0	84.4	37.4	15.1	
31.0	27.4	12.5	25.0	70.5	78.9	92.8	38.9	
25.2	81.2	94.2	71.3	137.5	98.6	22.0	8.1	
25.7	36.9	19.6	31.1	73.5	75.1	19.5	197.1	
122.9	286.4	164.6	200.7	345.1	182.8	184.3	70.0	
295.6	106.0	192.1	113.3	310.2	6.4	89.0	123.1	
25.1	81.4	56.8	24.0	63.5	26.9	53.7	33.0	
21.7	25.4	7.2	10.7	16.9	10.9	63.7	7.6	
5.0	19.1	25.6	3.3	67.7	24.5	131.6	20.5	
33.4	34.7	29.2	49.0	24.6	4.2	34.7	49.1	
15.1	77.7	13.3	33.2	13.1	12.8	33.7	31.9	
227.8	31.9	162.9	264.2	139.8	10.8	39.7	86.7	
116.0	33.3	388.4	80.8	122.2	23.8	170.5	152.6	
371.0	125.3	75.9	96.0	10.0	46.6	197.7	32.3	
40.1	63.2	9.6	72.6	31.4	79.8	53.7	66.2	
3.7	47.4	42.8	5.6	45.5	17.2	26.0	29.9	
24.9	48.0	9.3	54.7	52.2	20.2	2.1	57.6	
21.4	137.6	21.1	165.7	64.9	165.2	28.7	28.2	
86.7	18.8	90.3	27.5	16.9	125.6	185.4	96.4	
22.3	9.3	27.6	43.8	58.0	60.1	26.4	82.5	
178.7	96.1	60.2	222.0	99.0	6.9	99.4	77.2	
41.4	57.0	21.0	41.2	21.5	10.9	23.7	62.3	
56.1	39.5	24.3	19.7	5.4	13.6	26.9	33.9	
33.0	33.4	21.8	8.9	12.0	18.0	6.2	12.5	
14.9	4.5	17.0	9.7	11.7	8.5	17.4	7.2	
98.1	88.0	5.9	95.8	495.5	53.4	62.7	135.0	
31.2	18.5	12.3	6.4	28.6	21.5	21.3	47.1	
15.2	48.2	97.6	181.5	37.5	45.1	105.7	37.5	
37.2	126.3	179.6	190.8	107.2	42.1	48.5	17.4	
143.9	142.1	98.0	199.8	65.2	165.5	115.5	48.3	
95.9	67.7	47.0	60.6	47.1	81.5	54.2	226.7	
8.5	6.2	20.4	11.6	6.2	23.1	4.3	0.5	
81.1	178.9	83.2	89.9	44.4	49.1	125.6	24.6	
263.1	63.1	236.2	154.0	114.9	76.8	106.9	169.1	
9.1	34.6	18.3	20.6	47.1	11.9	34.2	55.0	
346.1	60.5	131.9	160.1	163.7	10.8	283.2	137.6	
65.2	178.5	86.3	52.7	93.8	168.6	42.6	201.3	
11.0	52.1	50.7	37.4	33.5	12.7	53.0	54.7	
26.7	37.2	68.0	40.1	71.1	129.8	73.2	105.1	
20.0	6.3	66.2	43.0	189.8	62.5	147.0	98.6	
89.6	120.1	101.8	60.6	139.3	139.9	61.4	247.2	
43.0	36.7	372.6	31.8	41.2	53.3	13.4	69.7	
160.2	46.0	142.3	25.2	66.2	190.5	37.5	38.6	
83.3	44.7	32.9	22.4	60.9	100.6	16.2	111.9	
50.7	55.7	42.5	51.4	10.9	23.2	24.9	46.5	
43.4	15.4	79.7	50.3	24.1	93.8	191.5	32.2	
16.2	14.9	19.7	5.0	44.5	20.6	9.4	10.5	
61.5	5.8	142.9	43.8	36.8	132.0	228.7	203.1	
26.2	22.2	60.9	118.9	5.1	8.2	83.7	49.3	
55.5	44.5	32.4	6.1	34.1	8.6	35.6	25.1	
23.6	41.2	23.6	31.5	10.4	50.1	26.1	7.5	
39.7	95.5	8.2	62.6	56.2	129.8	128.7	23.5	
6.0	2.9	2.7	4.3	6.5	7.6	17.8	12.7	
7.0	4.0	8.7	3.4	0.8	1.5	4.6	4.7	
45.2	7.1	23.4	27.0	26.9	33.5	11.7	38.7	
47.8	14.3	26.5	78.1	87.9	21.1	72.6	68.1	
41.8	16.0	58.4	187.0	21.1	202.3	141.7	122.0	
86.4	36.1	177.1	286.9	167.3	66.7	61.8	139.5	
47.0	149.8	47.3	164.4	15.8	98.1	139.6	122.8	
19.9	33.3	9.1	40.6	27.6	53.2	33.0	18.3	
39.1	49.4	20.8	231.7	37.1	317.1	139.3	352.1	
3.0	8.5	5.5	5.9	4.5	15.0	7.3	20.2	
26.1	90.0	17.2	66.5	30.9	61.4	42.1	62.6	
129.6	184.1	5.4	30.6	30.5	168.2	84.9	51.1	
87.2	38.7	100.3	148.8	144.5	207.7	224.2	52.7	
11.5	19.5	19.7	41.9	50.0	33.4	20.1	29.7	
95.8	67.1	50.1	85.0	49.5	90.8	8.3	22.0	
28.6	29.3	211.6	216.9	149.9	85.3	86.8	24.7	
68.3	101.8	19.2	40.1	1.3	39.6	98.7	113.9	
342.5	73.5	26.8	148.1	93.5	38.8	56.6	58.6	
28.3	60.6	49.6	69.4	18.1	55.1	99.5	100.6	
62.6	190.6	35.1	90.3	55.5	46.8	211.5	186.5	
94.0	71.3	22.1	209.7	11.2	22.2	54.5	94.5	
78.6	403.0	9.6	211.7	972.5	148.8	92.9	486.0	
8.9	4.9	26.3	66.1	34.8	6.7	107.3	63.5	
15.6	49.4	15.1	17.9	15.9	17.2	18.4	20.2	
5.2	2.7	21.1	28.5	8.3	25.3	7.5	8.9	
22.7	34.5	24.7	45.5	29.1	21.6	48.2	39.6	
22.3	43.9	76.5	165.7	167.0	62.2	164.7	161.6	
114.0	12.5	12.6	43.7	22.5	20.1	2.3	78.6	
8.9	9.0	0.8	6.2	13.1	5.7	7.9	15.9	
252.3	69.7	24.2	75.5	58.5	34.6	163.1	181.0	
57.8	126.2	61.6	109.3	82.6	80.2	83.1	135.3	
225.5	76.3	19.4	43.7	20.6	67.6	85.0	15.5	
203.5	1004.5	51.1	181.4	293.2	408.2	213.7	332.5	
33.6	139.6	72.8	110.4	125.4	90.2	134.0	23.3	
2.9	6.6	7.5	16.0	13.0	0.3	33.6	1.9	
169.9	73.6	39.2	70.9	2.4	17.2	70.3	52.1	
6.1	5.7	4.5	7.0	4.7	21.7	7.6	4.6	
43.9	97.6	29.5	44.2	66.2	26.9	51.7	75.3	
14.3	36.8	1.5	14.4	8.7	6.4	15.2	14.6	
135.3	257.3	25.4	200.0	185.1	109.6	277.7	20.1	
129.1	41.9	60.5	101.3	25.0	387.7	22.3	172.7	
5.1	27.2	7.7	18.3	18.8	21.1	18.8	7.4	
14.5	26.4	16.9	43.4	22.4	7.0	6.6	33.5	
23.6	33.8	6.7	25.9	22.8	31.4	33.2	56.0	
185.3	37.4	17.3	117.0	20.1	168.4	28.5	102.0	
111.0	221.8	17.9	203.5	129.3	87.2	16.2	82.8	
92.6	88.3	27.8	62.6	39.6	71.5	10.4	62.8	
48.2	8.8	37.0	50.4	114.9	17.4	6.4	69.0	
175.6	43.3	137.8	156.1	103.1	95.2	45.4	38.4	
29.7	16.1	18.9	21.1	19.9	6.6	27.1	9.2	
224.2	217.0	176.7	242.3	135.8	39.1	149.1	86.4	
190.1	75.1	52.2	156.6	68.1	145.0	160.0	17.4	
44.4	5.4	51.1	67.3	12.7	50.4	40.1	64.7	
70.6	30.5	25.8	100.6	64.1	40.4	83.6	103.7	
408.5	133.5	352.3	786.1	267.1	165.1	75.5	20.4	
23.8	21.5	15.1	26.1	21.7	10.3	16.2	13.6	
5.7	19.6	43.6	47.9	18.0	40.3	61.2	58.4	
206.2	246.6	278.9	283.8	248.6	60.9	205.5	219.1	
156.7	85.7	30.9	66.4	81.3	223.0	30.3	108.2	
399.1	139.6	93.6	109.2	95.2	84.8	185.4	215.6	
31.4	81.2	31.2	51.6	54.8	25.6	66.5	90.0	
85.7	77.6	63.7	148.2	120.2	103.4	27.1	180.7	
76.6	81.9	88.9	183.0	116.5	85.6	99.0	65.0	
29.1	27.2	52.0	102.6	10.7	37.0	29.2	60.8	
13.9	268.0	17.8	117.6	23.0	48.1	38.3	13.7	
51.0	28.6	83.5	87.0	34.1	16.8	17.5	3.9	
137.5	172.2	68.2	221.5	239.1	245.4	243.7	409.2	
36.9	46.3	5.9	18.9	18.4	101.1	117.4	173.1	
17.8	17.0	27.3	114.9	14.7	161.0	123.4	65.0	
322.4	41.1	164.4	175.1	72.8	202.0	43.6	66.1	
198.0	86.4	74.0	132.2	59.5	250.2	105.1	14.6	
177.6	166.4	94.4	96.6	91.4	306.1	168.5	59.3	
75.5	17.0	49.0	138.6	59.9	20.7	185.5	203.5	
1.8	9.9	9.8	54.3	54.5	6.5	5.3	53.8	
7.8	9.9	2.1	12.4	6.3	6.5	14.5	2.9	
79.4	54.0	163.9	219.0	79.0	59.1	73.9	52.6	
19.4	10.6	4.4	8.6	10.3	2.0	9.8	9.4	
13.4	65.3	13.3	35.8	50.1	15.5	25.4	81.4	
226.5	389.2	102.8	152.7	170.0	162.3	100.1	283.4	
4.2	15.6	4.6	4.0	6.3	4.1	1.6	8.7	
103.8	90.1	34.6	64.5	47.8	36.2	59.5	72.1	
31.6	66.3	86.8	366.6	24.7	128.5	64.5	37.4	
30.9	33.1	21.4	111.1	76.8	75.3	12.8	34.1	
69.1	59.0	26.4	50.6	16.6	7.3	40.9	44.9	
28.9	45.3	23.4	43.2	15.0	47.6	62.1	14.2	
20.1	28.9	24.9	56.1	90.1	85.9	57.1	32.9	
3.7	1.4	1.5	4.0	4.4	1.1	4.1	3.8	
158.4	16.7	27.0	30.7	108.5	45.5	13.9	27.9	
199.2	123.5	72.5	80.3	72.0	121.6	203.7	42.1	
29.3	11.9	23.3	57.8	111.0	180.6	141.8	116.8	
42.4	26.4	108.3	154.4	22.4	121.8	32.2	68.0	
55.9	182.5	117.7	147.6	71.7	340.8	278.0	104.1	
23.0	63.4	23.7	110.5	100.5	20.0	8.8	39.9	
21.6	111.9	59.6	68.2	30.4	48.5	17.7	52.9	
220.7	48.0	28.5	80.5	119.9	37.6	118.9	100.9	
433.1	163.8	191.9	222.5	61.3	76.2	118.7	145.3	
169.1	191.9	82.9	85.5	38.6	55.7	313.5	34.0	
64.0	38.1	12.6	16.2	123.3	15.2	53.7	31.5	
58.7	188.5	9.9	96.1	129.5	91.0	98.2	40.3	
167.1	94.8	123.6	136.4	15.7	96.5	73.3	81.0	
18.5	20.4	25.2	25.5	32.2	25.9	133.8	28.2	
111.8	414.1	32.7	315.4	74.9	298.8	85.3	585.3	
71.4	164.9	29.1	68.8	10.1	68.4	6.4	59.0	
340.7	237.4	132.8	250.2	395.7	473.4	315.5	300.7	
111.7	387.9	122.5	210.3	60.0	188.6	167.1	166.5	
29.5	46.4	41.7	62.5	104.1	76.7	208.0	69.8	
62.6	15.3	27.4	31.2	109.5	13.5	170.9	8.8	
65.0	90.6	72.7	71.7	115.0	34.0	64.6	67.5	
14.8	58.6	35.5	103.1	4.3	11.5	44.8	79.4	
13.9	98.8	57.6	73.4	179.0	96.2	132.2	130.0	
406.3	104.4	203.9	290.6	304.6	207.3	100.6	309.2	
71.8	104.4	139.5	952.8	376.6	264.6	246.6	89.3	
5.1	9.0	13.8	14.6	28.4	32.0	39.1	104.5	
99.4	69.1	141.6	161.1	65.1	46.9	93.0	151.0	
184.8	259.1	108.7	210.7	195.6	278.1	38.7	119.5	
59.1	113.5	68.5	73.3	70.7	15.9	169.4	104.7	
57.6	124.8	101.6	113.6	22.7	98.2	191.0	185.4	
60.1	59.2	48.4	109.4	52.4	113.8	197.6	21.9	
51.5	234.4	32.8	227.4	182.7	147.4	7.6	209.0	
41.8	80.5	56.3	113.2	99.9	110.4	79.3	49.9	
43.1	62.7	42.9	86.9	30.9	24.2	10.6	16.3	
78.1	71.7	40.8	110.0	77.9	14.9	61.9	33.3	
50.3	138.3	30.3	40.4	202.9	627.7	78.4	88.7	
0.4	7.6	16.5	52.3	16.4	13.5	33.9	16.6	
37.2	25.9	24.1	25.8	20.8	21.1	78.6	43.8	
44.6	45.7	33.7	53.7	35.8	32.7	21.3	9.8	
45.6	173.4	67.2	72.6	134.1	173.9	74.5	48.2	
112.7	100.8	67.1	109.1	63.1	32.4	17.7	44.0	
31.6	12.8	6.3	20.3	23.2	22.0	75.7	20.3	
63.6	52.9	44.5	51.2	99.9	149.7	62.3	79.5	
61.7	3.0	7.0	31.7	14.5	151.0	32.6	26.4	
268.8	123.3	29.5	107.3	178.8	208.1	16.4	135.1	
89.0	74.2	53.6	100.3	109.2	97.6	210.0	91.7	
202.7	32.8	18.1	31.6	192.0	221.7	180.5	196.7	
152.1	246.4	78.5	162.5	251.2	49.7	33.6	47.4	
95.1	61.1	12.3	50.7	66.2	35.4	46.9	29.2	
169.2	184.0	67.9	193.4	183.0	101.0	144.8	42.4	
28.8	15.8	2.7	8.9	20.9	26.7	17.1	14.9	
168.3	73.8	35.5	246.5	51.9	227.9	191.2	157.2	
5.2	22.5	14.2	18.1	7.9	19.0	14.5	26.3	
39.6	3.2	19.6	70.1	22.0	54.4	14.5	1.2	
99.3	154.4	118.6	200.2	228.9	120.4	106.3	153.2	
2.9	27.2	5.5	9.1	12.7	6.6	2.8	3.7	
52.8	20.9	16.2	116.1	224.1	83.0	47.3	68.2	
134.0	47.9	20.2	44.6	67.6	46.6	69.5	81.9	
27.7	90.1	44.8	50.7	81.1	33.2	78.5	31.7	
45.7	34.4	14.6	19.6	12.1	20.6	8.9	48.0	
48.8	85.1	14.5	27.8	35.8	8.0	32.5	78.8	
23.4	26.1	10.8	12.4	6.2	16.9	15.9	11.2	
184.6	60.5	18.2	258.0	180.5	12.2	125.7	243.9	
25.9	280.8	35.6	188.2	130.7	47.8	153.4	207.4	
78.2	8.4	34.5	37.2	31.1	20.4	50.5	19.5	
22.6	90.2	47.9	95.5	185.0	43.2	119.9	135.8	
111.6	91.0	48.0	127.1	197.3	106.5	133.5	66.4	
56.3	84.4	39.1	167.7	63.3	125.9	59.4	9.7	
37.6	10.3	7.0	14.1	17.9	35.8	4.8	102.4	
5.8	80.8	4.1	45.6	38.2	11.0	5.0	52.4	
33.9	21.8	5.1	7.4	45.2	4.0	40.8	10.9	
90.6	115.4	47.0	67.9	52.4	180.4	160.5	94.5	
4.8	20.6	26.1	28.3	14.3	18.1	21.0	8.5	
53.9	134.7	11.2	207.7	106.3	25.0	42.1	76.2	
350.6	95.5	42.8	66.8	92.9	66.1	92.6	261.7	
36.6	213.3	104.6	210.3	51.4	191.0	349.7	199.8	
75.4	100.9	55.1	200.5	45.9	35.2	26.1	105.1	
49.6	40.2	9.9	25.3	30.7	17.3	38.6	10.7	
5.0	6.4	6.7	13.4	32.1	18.9	17.8	29.1	
96.1	196.9	95.8	151.2	53.8	154.3	75.9	133.7	
147.0	234.9	125.5	134.4	192.3	156.7	71.7	172.1	
9.2	8.8	5.6	6.9	4.4	3.6	12.0	5.7	
228.1	78.6	97.5	119.6	48.7	31.0	105.9	102.1	
76.3	31.5	16.7	25.3	3.4	33.7	124.2	57.0	
119.1	261.4	115.4	119.6	76.7	34.6	113.2	34.8	
54.3	96.4	56.4	137.7	145.0	182.2	163.6	59.3	
315.8	142.6	74.8	183.6	60.4	77.4	149.9	221.0	
22.9	46.5	35.0	150.7	57.4	31.2	39.4	95.9	
84.9	76.5	47.2	122.8	128.2	188.4	88.1	5.6	
275.2	221.7	71.3	172.9	186.7	288.6	127.4	92.6	
58.9	249.5	104.4	279.9	112.7	15.7	279.1	44.0	
19.3	15.4	23.1	29.4	24.5	12.3	31.9	33.6	
63.6	50.6	62.5	135.7	22.9	85.1	27.5	233.7	
2.6	43.6	14.1	37.6	70.5	68.8	20.4	35.6	
8.2	9.7	10.8	18.4	14.0	22.0	21.3	12.2	
93.9	115.4	22.6	175.3	43.6	48.3	29.3	55.9	
85.9	38.4	43.9	217.6	131.2	39.8	169.8	309.3	
10.2	7.4	8.5	12.0	13.2	33.7	10.9	19.4	
25.6	13.7	9.6	43.8	44.8	30.9	40.0	16.8	
58.5	84.4	58.2	64.7	29.2	19.2	18.4	69.1	
599.8	203.5	51.7	56.8	155.4	173.3	267.9	95.7	
60.1	85.7	31.2	61.3	28.9	2.3	11.6	50.7	
14.8	11.7	19.0	44.1	34.6	49.9	42.0	8.3	
87.6	91.7	160.7	412.4	42.1	33.4	195.2	200.8	
95.5	191.8	56.2	116.9	103.3	73.5	55.9	23.0	
74.4	434.3	3.5	191.4	146.9	186.1	601.1	247.2	
15.6	2.9	16.1	49.0	42.3	92.6	26.5	79.3	
28.4	98.2	5.8	33.2	99.9	96.0	36.8	78.3	
45.3	25.0	71.3	96.2	57.7	9.4	45.2	62.1	
36.4	127.5	101.1	103.4	81.7	113.1	33.5	276.6	
42.8	37.7	25.9	43.6	43.0	12.6	69.5	42.9	
40.0	67.9	23.0	26.7	74.6	84.0	79.7	30.8	
26.6	40.2	6.0	22.4	29.2	10.2	13.5	13.4	
50.3	71.8	37.4	175.9	156.2	110.7	147.0	85.1	
7.3	4.0	3.6	5.7	2.3	2.8	2.7	14.4	
145.0	119.4	59.1	110.0	104.7	280.5	287.8	209.8	
45.0	40.7	18.9	27.6	24.8	31.6	35.2	68.2	
131.0	30.6	35.4	123.6	37.1	41.1	95.4	184.7	
128.1	44.2	26.5	277.3	138.9	39.3	76.7	127.6	
47.1	29.5	28.8	32.1	27.0	47.1	53.7	41.5	
33.9	22.0	13.7	130.0	105.4	104.3	140.4	73.9	
104.8	83.2	20.3	141.2	46.9	141.0	57.8	57.2	
217.9	66.4	97.4	260.9	358.6	189.2	252.9	58.9	
64.0	41.6	165.2	209.3	74.7	24.5	150.5	361.3	
262.3	66.0	53.1	56.3	12.9	17.7	85.2	108.9	
44.7	55.7	35.5	200.5	116.2	30.3	63.4	163.1	
141.6	18.0	95.9	156.8	123.8	101.3	84.8	31.8	
56.5	226.4	75.5	147.5	36.1	97.5	215.4	73.0	
50.5	48.4	7.0	57.3	34.4	43.1	29.3	24.0	
36.5	47.4	10.3	16.9	6.5	56.4	21.2	10.9	
26.1	50.3	35.5	77.9	27.3	74.1	86.9	19.4	
124.7	51.4	80.8	173.3	67.0	87.0	130.7	73.4	
127.9	228.4	91.9	115.4	270.9	36.7	120.3	121.9	
81.9	47.8	61.6	264.1	47.9	83.3	134.1	13.9	
115.5	104.2	88.6	92.9	139.8	94.4	154.0	84.9	
28.7	76.8	146.4	249.5	46.6	50.5	96.6	18.0	
37.7	151.8	31.1	87.7	29.5	96.5	82.8	36.9	
111.0	185.8	52.5	349.8	117.3	120.4	289.3	169.6	
35.5	29.7	41.3	91.6	39.2	31.6	32.1	34.9	
91.1	408.8	82.0	109.6	48.0	177.2	50.3	10.4	
21.4	19.7	33.2	57.1	239.8	39.6	44.4	44.0	
176.5	29.0	4.7	6.3	84.0	34.9	3.2	46.7	
85.8	257.8	99.7	247.1	177.3	144.9	161.7	291.4	
61.3	18.0	21.7	26.0	17.0	11.2	49.4	10.4	
29.9	34.4	12.3	28.2	24.1	115.3	8.8	33.7	
4.2	56.0	30.0	33.4	29.6	18.1	13.2	6.8	
152.5	101.0	100.3	265.8	35.8	72.7	55.4	129.9	
109.5	7.2	17.9	54.9	165.3	29.7	123.5	54.0	
57.6	89.6	62.6	62.8	111.7	153.2	182.6	120.7	
135.9	47.4	40.9	99.6	175.5	85.6	15.9	37.7	
14.4	32.2	12.5	62.4	40.1	4.5	20.2	26.1	
10.3	5.4	1.2	4.5	2.4	4.7	0.7	1.0	
140.2	101.6	30.3	81.4	49.9	113.0	126.0	62.8	
14.3	29.5	24.3	24.5	22.9	8.2	15.8	7.0	
17.5	7.2	19.2	40.4	9.5	38.7	12.4	7.8	
31.5	36.2	18.9	47.0	126.3	34.2	81.8	89.4	
88.7	52.9	30.3	132.6	66.2	60.4	71.0	44.8	
152.5	89.3	70.7	81.0	102.9	53.6	88.8	128.9	
403.9	205.5	44.0	183.1	34.9	344.6	54.1	212.5	
18.6	27.2	46.7	51.6	21.6	31.7	22.0	36.7	
35.2	98.6	14.9	90.3	84.2	35.0	16.1	25.3	
14.4	20.9	20.7	32.1	5.5	32.2	30.5	20.6	
17.5	28.0	32.4	34.8	34.6	62.1	34.0	26.8	
106.4	25.6	65.0	137.1	62.2	83.7	83.0	43.7	
12.7	27.7	5.1	22.9	7.6	60.3	27.1	11.2	
75.6	18.5	52.4	79.8	80.5	73.3	75.1	94.3	
161.5	95.7	117.3	279.1	251.4	108.9	79.8	62.6	
20.0	7.6	18.5	24.2	2.2	4.4	38.8	13.2	
38.2	178.8	21.0	132.8	173.8	92.8	130.7	53.6	
45.0	49.1	14.5	57.3	30.3	37.0	92.1	85.8	
60.1	38.8	48.0	66.4	120.5	138.4	25.0	241.0	
36.9	56.9	76.1	85.5	47.7	12.6	33.7	55.8	
143.4	51.2	51.9	87.5	25.9	84.0	42.5	51.1	
35.2	132.0	42.8	83.5	15.6	87.2	60.8	114.1	
19.0	34.1	3.9	99.3	7.9	87.8	8.1	39.2	
107.7	11.1	26.7	57.4	97.9	71.4	11.4	40.1	
48.3	13.0	18.2	57.3	34.0	22.8	0.5	22.9	
7.3	9.2	123.2	152.2	128.1	137.6	153.8	64.1	
7.7	13.8	46.2	67.4	56.7	58.2	120.6	17.6	
139.0	176.6	66.5	147.8	143.8	82.2	152.3	30.9	
45.3	19.3	20.8	55.8	64.5	14.0	33.6	65.0	
33.1	9.1	38.1	49.0	98.0	21.9	37.5	47.0	
21.8	38.4	42.6	54.0	15.2	33.3	6.4	66.3	
31.4	18.8	7.0	9.0	8.1	5.7	7.1	11.7	
35.7	10.2	20.1	52.7	41.0	266.8	50.9	53.6	
152.7	34.2	18.6	46.4	46.3	13.3	34.5	7.1	
10.4	19.5	9.6	71.4	46.9	252.5	82.2	75.7	
0.6	1.3	3.6	4.4	2.8	2.4	0.4	1.0	
97.6	222.3	135.1	939.3	227.4	285.6	315.8	348.5	
4.3	2.5	1.5	0.7	1.2	3.1	3.4	0.8	
24.1	10.4	12.5	19.0	46.5	11.3	23.2	19.4	
99.7	95.3	94.5	122.0	63.2	104.6	302.3	46.3	
66.5	27.2	42.5	57.9	96.8	11.3	71.4	20.0	
54.1	12.1	37.9	62.5	85.2	50.3	101.8	100.6	
38.5	36.2	31.2	94.3	73.8	10.5	7.0	21.2	
33.1	15.3	15.5	77.0	55.7	79.3	25.9	62.5	
31.2	118.1	14.7	37.2	4.4	79.0	87.0	12.6	
44.2	35.9	29.8	56.2	99.7	18.4	49.7	56.7	
131.7	95.5	28.2	93.2	50.4	121.0	90.5	64.3	
85.6	44.9	61.5	34.8	15.5	29.1	91.6	108.1	
24.7	99.5	75.6	59.1	72.6	221.2	138.6	118.1	
14.4	4.1	44.9	2.9	10.8	9.0	6.0	10.1	
21.3	34.7	40.0	7.4	42.0	25.1	25.4	31.5	
11.5	18.5	60.1	85.3	44.9	38.1	25.2	12.7	
63.4	19.4	76.1	25.3	338.1	184.3	152.5	96.3	
28.8	5.6	6.6	14.8	5.5	21.6	30.7	39.6	
55.9	112.1	111.2	15.6	112.9	135.3	54.7	251.0	
57.7	63.5	47.7	56.3	106.1	13.0	15.8	87.0	
0.8	6.9	13.9	1.2	1.6	2.0	2.8	0.9	
20.0	32.9	21.5	8.2	21.0	15.5	14.6	4.0	
93.1	25.6	147.2	226.3	172.6	296.4	149.2	130.8	
27.9	54.4	12.5	11.6	66.2	51.7	11.9	21.8	
73.5	254.6	63.4	120.5	195.2	270.4	326.0	304.3	
19.2	85.8	180.0	62.1	53.4	162.3	28.1	150.9	
85.2	16.9	66.4	89.6	99.9	25.1	47.4	49.5	
13.6	37.9	45.3	20.3	15.6	6.4	30.3	24.9	
11.6	27.0	71.8	3.2	18.4	28.9	20.6	17.3	
2.2	37.8	68.4	157.8	8.1	48.0	16.8	93.5	
64.8	59.2	163.3	250.1	38.7	102.1	219.5	26.4	
27.2	28.3	29.5	15.4	27.0	45.9	6.4	21.4	
26.1	140.0	15.1	163.1	127.4	50.7	38.8	53.2	
7.5	5.1	9.1	6.5	17.5	16.9	8.5	15.7	
40.9	13.7	14.9	10.2	13.8	31.4	13.4	28.8	
298.0	232.0	288.8	93.8	256.5	191.3	262.1	203.4	
116.9	88.7	18.0	15.6	98.8	24.8	247.9	175.5	
46.3	51.0	87.3	60.6	92.0	74.1	103.6	148.5	
80.5	45.6	97.6	14.4	14.5	115.8	59.0	28.1	
15.6	31.8	101.7	8.9	19.2	3.4	34.1	7.5	
4.2	2.4	4.2	1.9	2.9	3.5	16.0	19.8	
29.8	47.2	278.6	50.0	55.4	6.9	23.0	97.7	
26.3	46.2	28.6	45.6	21.5	18.3	47.9	26.0	
105.0	89.3	58.6	37.2	8.5	14.3	31.7	105.1	
221.7	77.4	55.2	38.6	61.4	71.2	70.4	101.9	
166.8	32.9	23.6	10.1	109.1	59.0	26.6	46.5	
11.9	18.0	4.4	31.2	12.7	7.1	4.5	22.2	
36.1	140.3	105.5	105.1	187.3	72.4	135.2	110.4	
73.1	127.3	58.4	143.5	142.7	12.3	73.9	79.3	
171.4	44.7	43.9	59.0	97.0	97.9	59.8	55.6	
7.1	35.9	44.5	60.4	80.4	30.6	23.4	10.1	
68.9	64.0	26.1	73.0	41.0	87.7	97.8	62.9	
45.4	53.4	31.9	78.2	26.4	20.7	33.2	82.8	
99.9	32.7	37.9	496.4	282.1	54.0	50.4	64.3	
8.9	1.0	28.0	13.3	29.2	26.8	4.8	28.4	
22.3	487.8	464.4	295.9	143.6	334.7	205.1	175.8	
158.7	36.4	37.9	219.7	64.6	111.0	25.9	56.5	
187.8	98.2	228.6	114.4	94.8	111.4	47.6	147.1	
45.2	34.9	79.3	28.8	60.9	31.6	11.1	136.0	
35.3	77.0	16.5	23.3	85.4	159.2	79.2	39.0	
69.4	247.7	143.7	578.9	321.9	188.8	45.8	262.7	
28.5	219.0	146.7	244.4	129.4	267.8	42.2	81.3	
59.4	161.9	112.2	49.4	97.3	92.8	64.9	49.2	
151.2	40.7	32.9	41.1	21.2	30.6	18.8	39.7	
94.2	117.4	37.1	115.7	256.1	249.7	13.7	105.9	
298.7	91.1	314.0	141.6	171.6	147.2	55.8	185.6	
10.1	29.2	110.0	24.6	42.1	16.7	21.3	60.0	
89.7	241.2	154.5	47.0	28.4	122.2	377.8	342.0	
21.2	11.4	62.4	18.7	49.1	8.1	14.2	12.4	
22.0	2.1	32.7	8.9	9.4	5.3	10.0	9.2	
7.5	2.5	17.9	17.7	14.6	19.2	23.7	15.1	
24.4	19.4	18.3	22.3	5.4	20.6	4.3	26.1	
104.1	59.9	63.0	67.1	33.3	35.5	20.3	48.0	
33.0	45.9	31.3	4.0	72.2	59.4	21.8	38.5	
113.0	32.5	6.1	24.7	22.9	40.6	8.5	22.3	
24.3	27.9	50.1	26.2	27.2	26.3	89.2	32.6	
174.6	186.2	299.2	136.8	115.1	295.9	256.3	198.8	
0.9	3.2	3.2	13.7	7.2	3.4	0.8	2.8	
9.4	61.8	42.6	21.1	7.5	31.0	92.0	63.6	
320.9	62.6	158.4	172.4	188.9	405.6	212.8	327.8	
79.8	46.8	161.8	21.1	87.5	58.1	65.1	19.7	
100.4	78.0	18.0	120.6	129.8	117.4	141.0	223.2	
30.8	7.5	44.6	2.9	15.2	49.7	6.4	60.2	
255.9	3.5	11.2	182.5	11.7	27.6	31.2	82.6	
5.5	17.7	16.8	79.4	17.5	9.8	10.6	50.6	
146.3	23.8	64.4	71.9	116.1	151.9	135.1	166.6	
9.5	17.8	46.2	61.6	25.5	34.0	75.7	40.7	
22.7	34.3	49.3	51.4	31.3	37.0	71.0	17.6	
40.6	24.3	57.1	22.5	23.9	22.8	11.9	53.2	
111.6	148.9	30.3	181.8	183.0	235.1	24.1	117.3	
19.2	8.0	27.4	45.5	14.6	9.6	12.1	12.3	
8.2	11.9	21.1	49.9	22.1	73.3	2.0	25.2	
43.5	98.8	67.7	104.9	54.3	73.9	21.5	20.8	
77.6	83.6	140.7	89.6	88.5	40.6	26.3	29.6	
39.6	177.6	85.0	34.3	30.5	61.4	21.6	90.9	
377.1	73.1	299.0	99.8	133.0	63.9	159.2	51.4	
45.4	56.8	13.8	8.6	30.1	106.1	48.3	17.9	
16.2	44.1	17.1	49.2	3.1	78.5	81.3	63.4	
35.7	95.0	112.2	11.8	154.2	37.6	15.7	42.0	
18.5	69.8	63.1	62.9	60.6	47.7	129.6	83.5	
69.5	172.8	87.7	67.0	237.2	91.9	38.7	246.7	
66.1	230.4	47.0	156.4	159.3	125.9	197.2	110.5	
104.8	104.1	71.5	109.3	261.5	22.4	25.3	28.4	
44.6	203.6	19.2	23.8	64.4	69.3	50.7	61.0	
216.5	148.4	352.1	97.1	77.1	213.5	156.9	87.9	
16.1	71.3	80.2	11.2	12.7	74.2	64.4	31.0	
49.4	109.5	52.6	62.3	20.4	68.6	162.6	92.6	
75.1	41.4	103.8	37.4	8.6	29.5	81.3	6.9	
164.0	21.3	150.9	87.4	65.4	161.6	41.7	63.8	
48.4	65.4	65.9	99.5	122.2	166.1	18.2	77.7	
50.1	18.2	54.1	86.5	62.6	90.1	84.4	70.2	
23.1	6.7	3.6	3.2	20.6	14.5	34.9	16.3	
16.8	19.1	40.9	17.4	53.7	14.2	35.6	74.2	
20.6	25.4	15.5	41.6	14.8	28.2	62.9	28.4	
404.8	138.9	202.9	110.0	23.6	114.0	115.4	397.1	
165.5	122.4	127.3	117.7	151.4	266.8	167.3	86.4	
44.3	79.0	72.1	8.9	16.1	99.2	15.1	85.5	
109.5	54.1	80.9	97.0	68.1	167.9	75.9	82.4	
33.4	18.5	25.8	25.3	11.6	41.0	17.4	19.8	
15.1	2.8	10.9	4.8	10.3	19.8	5.0	0.7	
131.5	16.3	203.5	39.6	82.2	76.3	55.7	1.2	
173.6	116.1	144.2	66.4	218.1	158.5	99.9	40.7	
217.4	207.0	300.5	105.6	214.6	75.1	357.0	201.9	
3.2	2.1	3.4	3.9	2.1	2.9	3.3	3.6	
319.9	119.4	292.5	128.0	44.2	77.8	85.9	162.3	
18.0	14.8	31.9	69.4	74.2	15.7	20.5	27.5	
296.1	90.8	51.5	27.7	137.9	317.7	51.4	125.3	
173.4	29.6	38.8	568.8	153.9	127.5	89.0	192.1	
49.2	28.8	7.9	64.5	56.0	28.5	10.3	24.0	
51.9	53.0	204.5	63.1	63.4	105.4	120.9	18.7	
93.7	37.5	14.7	23.1	27.8	15.6	11.9	7.9	
153.6	25.3	9.6	44.9	59.0	21.0	89.9	16.3	
44.9	104.8	35.2	80.6	106.4	273.9	398.4	69.7	
44.5	42.5	86.0	49.4	5.0	30.9	69.8	8.1	
46.0	124.7	49.1	71.8	13.1	51.9	27.3	51.8	
21.5	5.5	11.9	20.1	7.5	21.6	1.0	12.1	
11.5	128.7	17.4	16.1	25.4	35.4	29.5	25.2	
326.8	61.6	46.7	121.7	23.2	170.0	94.5	87.8	
48.6	26.5	134.0	52.1	130.0	29.4	65.3	42.0	
22.7	49.0	37.5	18.4	72.1	6.8	28.6	9.0	
21.0	297.3	211.7	57.6	2.2	54.9	66.1	129.2	
37.2	44.5	22.1	40.2	37.6	16.6	56.0	23.9	
85.9	64.9	23.7	103.8	77.3	26.9	34.2	128.2	
101.2	78.4	176.3	66.6	79.2	206.7	178.3	67.6	
348.6	121.9	242.8	205.7	214.1	72.8	121.8	176.4	
29.1	32.1	30.5	26.7	35.3	47.7	41.9	32.8	
16.7	10.0	6.3	24.4	8.9	32.8	31.5	23.1	
69.8	308.8	114.2	469.7	109.3	95.1	239.9	213.9	
113.4	70.3	164.2	393.6	142.0	208.7	234.8	100.9	
94.0	44.0	34.7	49.8	78.6	62.9	3.3	68.7	
35.0	54.4	16.2	36.5	60.7	7.6	37.7	9.1	
246.4	258.5	122.8	43.5	207.7	99.8	44.8	40.7	
15.8	174.6	10.6	68.8	160.2	20.5	33.4	47.1	
94.7	31.0	10.4	31.1	63.4	58.0	41.1	134.8	
81.9	135.3	202.9	49.6	108.6	101.0	75.1	76.3	
89.8	80.1	30.7	38.7	40.6	78.7	9.6	60.5	
16.5	40.9	2.3	29.5	5.7	7.3	59.0	23.1	
91.2	126.8	182.5	43.1	10.3	55.5	187.4	94.5	
0.3	18.4	20.2	17.2	1.1	6.6	19.6	14.5	
61.9	100.5	68.0	111.1	66.2	49.9	98.0	196.5	
67.5	85.4	106.4	99.2	126.8	105.1	222.3	12.7	
5.4	18.0	18.8	10.1	2.4	4.6	8.6	5.5	
30.4	34.8	78.6	343.4	241.5	64.3	219.8	228.7	
1.8	1.0	5.1	4.0	6.9	5.6	11.6	4.7	
36.7	23.2	53.4	10.3	51.3	65.1	21.3	120.6	
56.3	67.7	117.9	43.3	70.5	37.5	65.0	126.6	
42.0	33.2	46.9	47.0	85.7	30.2	35.9	47.5	
75.7	24.8	107.5	44.2	141.9	265.4	89.5	89.7	
82.6	349.7	84.7	164.2	257.0	281.0	695.3	393.1	
72.7	43.6	19.0	18.0	4.5	15.3	69.0	10.9	
86.5	90.3	18.9	15.7	154.2	17.0	37.9	47.7	
37.4	56.9	47.4	56.1	38.9	35.5	27.9	29.5	
87.0	40.2	233.5	320.8	65.7	275.0	137.8	82.8	
33.9	10.4	15.4	12.1	20.8	32.5	16.1	26.9	
91.9	185.1	77.4	89.9	33.6	79.5	311.5	103.8	
40.1	47.8	47.9	20.6	68.3	26.9	22.4	72.0	
62.8	50.8	69.0	64.9	10.0	22.4	103.5	29.5	
53.7	13.3	32.1	104.1	53.8	49.6	3.2	79.7	
1.5	15.5	16.1	8.7	8.5	12.8	2.9	2.7	
18.8	5.4	44.0	23.4	5.5	24.1	26.0	8.7	
97.5	20.1	25.9	30.0	41.4	96.4	78.7	13.9	
10.5	21.4	32.7	38.4	22.9	168.4	68.9	9.7	
50.1	51.8	93.0	66.7	10.2	134.1	28.4	47.8	
124.5	200.8	109.2	120.0	62.7	21.1	115.7	53.9	
43.6	181.1	33.2	51.4	172.0	292.1	142.1	78.8	
0.6	2.4	1.7	0.5	1.5	1.1	1.1	5.6	
47.5	105.8	20.6	140.9	83.4	169.1	123.5	98.5	
30.3	519.2	145.3	162.6	75.5	216.4	70.2	182.9	
15.5	166.9	99.3	56.2	112.3	35.6	65.5	63.3	
10.8	55.8	46.9	30.0	28.8	3.0	24.8	13.9	
183.9	137.1	29.9	266.5	125.8	71.4	54.7	419.0	
19.1	50.3	24.3	16.7	18.4	23.9	83.7	42.3	
151.6	156.0	114.8	13.3	217.4	77.1	125.5	50.5	
139.4	49.7	85.9	90.0	21.5	66.3	88.1	61.2	
223.5	798.4	216.0	320.9	419.1	378.7	95.4	313.6	
27.8	4.0	34.1	59.6	45.1	57.9	43.7	21.3	
43.2	62.3	95.3	77.6	13.0	52.2	29.1	19.5	
157.6	40.0	164.6	198.3	69.5	78.4	289.4	127.3	
12.6	13.5	60.2	13.1	168.7	19.4	36.7	406.0	
157.1	20.2	66.2	37.1	39.4	44.6	209.0	57.7	
197.3	115.8	89.9	144.6	34.6	100.9	50.1	64.5	
99.2	204.5	123.7	172.3	36.8	101.9	253.9	57.7	
61.0	64.5	351.1	133.0	41.9	66.9	41.4	53.1	
26.9	93.4	125.2	20.3	15.8	36.3	20.6	35.3	
94.9	74.1	356.1	42.0	139.8	38.9	25.5	6.9	
11.1	9.4	12.2	12.4	8.2	17.8	22.3	7.3	
104.5	70.8	79.5	14.9	77.4	43.4	59.5	420.8	
102.5	43.4	81.3	16.1	22.4	8.8	67.2	27.1	
120.2	68.6	124.5	144.8	7.1	356.6	65.3	68.6	
40.0	8.5	23.6	20.6	58.6	31.6	46.2	6.9	
21.3	77.6	104.8	47.5	46.0	65.5	35.7	41.4	
89.7	38.0	41.6	68.6	7.5	37.7	52.0	36.5	
15.5	53.7	45.2	54.4	67.0	82.2	36.9	23.1	
6.2	12.7	33.1	42.9	27.9	185.8	10.8	48.4	
40.1	11.6	42.7	39.6	7.4	12.4	21.2	3.1	
59.2	160.1	23.2	112.1	94.5	49.6	54.9	125.1	
205.8	197.3	33.5	52.0	103.5	165.7	293.9	363.7	
59.1	47.5	5.9	61.8	26.4	6.0	26.9	78.2	
101.8	166.0	32.6	133.8	33.4	42.3	70.4	55.9	
186.4	94.3	236.8	16.2	300.3	166.2	78.2	185.1	
138.7	85.7	47.0	15.3	46.6	25.6	10.7	2.6	
165.3	217.1	445.1	163.7	80.2	335.4	130.6	35.9	
21.1	44.8	20.7	32.5	33.5	16.6	45.3	22.1	
149.8	26.2	18.7	52.8	42.8	68.7	10.0	47.5	
29.6	25.3	41.1	21.2	17.6	18.9	70.5	13.9	
64.0	127.7	74.4	54.9	85.1	30.3	231.8	36.0	
207.9	60.3	103.2	43.6	37.8	96.2	142.3	33.9	
91.9	13.7	19.4	33.6	11.8	15.6	39.3	14.0	
125.4	8.5	162.9	160.3	66.4	101.5	80.5	98.2	
97.0	49.7	100.3	85.7	306.8	96.9	92.6	77.7	
8.8	13.4	54.9	24.0	82.8	66.3	18.1	21.5	
14.1	66.7	4.9	44.2	21.6	60.6	86.9	129.0	
8.9	43.0	4.6	9.4	44.8	30.7	11.6	31.4	
33.1	58.1	68.4	61.6	25.3	132.0	124.5	144.2	
101.1	1.3	81.4	45.2	37.9	162.4	229.3	10.2	
141.7	26.1	50.5	30.3	18.3	24.7	11.1	1.0	
107.3	158.1	119.4	199.1	171.1	300.8	203.7	299.7	
32.4	90.3	9.7	67.2	42.6	47.2	84.7	99.4	
237.3	325.0	472.1	112.4	75.6	109.9	67.4	104.2	
108.8	67.9	468.6	187.8	94.3	122.2	87.0	42.3	
22.6	52.4	31.9	50.9	70.4	27.8	59.7	36.5	
21.2	1.8	28.2	10.9	8.8	15.9	32.1	19.7	
12.2	39.6	75.0	48.7	19.7	64.3	14.2	21.6	
83.0	16.6	28.7	53.9	85.1	70.7	118.2	52.9	
154.1	15.3	44.7	369.1	75.7	237.5	27.5	12.3	
20.4	52.2	45.0	30.6	100.8	8.0	43.2	73.1	
50.7	35.1	66.1	94.3	7.2	46.9	5.6	43.0	
2.4	5.9	16.2	5.1	18.2	47.3	24.3	8.9	
33.9	98.6	54.3	45.6	56.4	105.4	19.1	70.3	
1.9	54.9	74.4	90.9	13.5	15.6	54.8	60.8	
122.0	131.0	160.2	74.6	35.7	53.0	31.0	6.2	
107.5	71.0	117.1	100.5	201.4	90.2	148.2	197.2	
15.1	23.3	0.8	17.0	15.3	12.3	7.7	4.8	
46.0	22.7	97.3	161.4	113.1	30.4	12.5	109.6	
25.5	13.7	92.3	39.1	119.4	44.5	140.7	79.1	
99.0	85.6	141.5	181.6	163.1	193.6	73.4	31.5	
192.1	100.5	38.5	170.4	111.3	300.5	275.0	228.8	
21.1	73.6	64.5	38.8	71.9	36.0	63.1	19.8	
114.0	309.0	575.8	176.2	276.3	528.3	194.3	129.0	
59.8	14.3	169.7	76.0	89.8	34.0	157.2	76.8	
66.9	5.7	24.0	28.2	28.2	36.9	43.2	16.9	
35.3	40.9	158.4	140.1	16.1	19.4	162.7	47.2	
104.4	430.2	83.4	65.8	126.7	199.4	52.5	15.3	
84.8	16.0	79.3	85.1	15.3	34.9	60.1	11.5	
31.6	24.5	41.5	15.0	253.4	29.9	34.3	37.1	
35.9	26.0	96.0	20.0	39.0	48.5	37.6	71.7	
52.5	24.6	30.3	39.0	62.4	28.2	42.8	20.9	
194.9	71.1	172.6	53.0	41.9	50.6	94.1	71.6	
144.9	37.7	23.4	16.0	25.3	63.3	31.2	85.3	
44.3	145.8	399.0	95.7	254.2	76.1	675.6	254.0	
40.5	10.3	19.3	64.6	70.5	22.3	92.0	49.8	
8.6	5.4	71.6	3.7	22.2	18.6	21.7	10.6	
106.4	114.8	72.3	197.0	66.4	76.4	49.5	26.5	
65.9	272.4	220.1	68.4	188.7	196.8	99.3	48.1	
14.0	35.2	5.4	23.9	38.4	39.2	19.5	4.3	
53.7	27.4	45.2	12.8	92.8	107.7	199.3	200.8	
58.4	62.2	33.3	50.6	60.9	215.8	61.5	134.0	
109.9	2.2	35.9	39.2	165.5	168.4	88.6	48.1	
200.9	148.3	120.2	58.7	68.9	117.6	124.6	112.0	
9.2	4.0	34.0	26.6	4.4	9.6	42.9	48.0	
32.8	9.0	31.7	31.3	18.6	47.4	38.9	17.6	
174.7	21.9	66.1	88.9	90.0	85.9	72.8	42.1	
28.1	30.8	42.5	12.5	44.8	59.0	29.5	23.0	
25.7	88.4	12.0	54.2	28.4	4.0	19.8	81.4	
85.3	29.2	26.6	69.8	99.0	125.8	24.5	22.1	
190.4	53.9	116.7	140.3	121.0	276.9	341.2	183.4	
145.3	83.9	98.8	121.1	79.8	38.9	57.7	94.6	
9.9	14.8	34.1	37.9	23.9	25.8	12.9	25.0	
25.0	22.9	41.6	54.5	0.7	4.3	34.5	26.4	
25.6	7.1	32.7	31.7	19.6	12.3	34.0	9.2	
76.1	16.5	61.2	7.0	135.3	37.6	39.6	22.2	
188.8	260.0	191.0	268.2	265.6	27.0	332.4	380.9	
40.4	44.0	81.6	42.8	32.4	41.6	51.1	117.2	
24.3	19.9	112.3	86.6	74.9	142.5	57.1	86.2	
42.8	82.5	19.9	9.6	88.9	38.1	30.7	68.3	
21.9	9.0	19.5	14.0	51.7	81.8	14.1	32.0	
107.1	147.4	411.0	188.9	97.0	416.6	65.8	459.5	
76.4	23.1	30.6	44.3	25.2	19.9	23.0	40.7	
67.9	23.3	44.3	39.6	21.2	29.8	55.2	30.1	
78.9	127.4	78.7	39.4	46.7	29.3	57.7	23.2	
375.9	338.6	33.2	124.1	71.9	111.5	88.3	167.3	
70.1	97.5	65.9	263.1	30.4	339.2	74.4	97.3	
130.2	34.6	125.4	77.7	36.5	57.9	7.6	41.2	
158.0	20.4	108.1	97.9	64.1	46.3	76.5	69.2	
7.5	63.1	36.7	80.5	67.1	140.9	106.4	130.9	
19.3	122.7	222.3	81.1	96.4	58.7	74.3	22.3	
94.8	36.0	19.7	3.2	10.1	10.6	11.7	51.1	
41.3	14.0	32.4	92.5	41.2	173.0	75.7	34.1	
34.4	39.8	124.7	55.8	153.2	91.6	50.1	22.6	
117.2	66.1	94.8	119.3	46.7	66.7	16.4	10.9	
34.8	40.1	109.7	122.2	85.3	48.8	35.7	36.5	
45.5	417.3	79.4	149.9	261.5	269.9	164.9	96.2	
44.9	70.9	24.6	45.5	29.7	27.5	46.0	85.1	
21.1	45.4	34.8	126.4	91.5	25.7	79.2	20.3	
239.9	139.6	103.8	58.1	12.1	93.6	54.5	132.6	
10.4	61.6	23.7	51.1	114.9	26.6	54.7	16.4	
27.9	12.2	19.8	34.8	6.3	39.9	24.5	20.4	
17.7	165.2	22.5	50.9	10.0	168.9	101.3	5.1	
52.7	6.1	19.4	134.1	17.1	134.0	22.1	15.1	
64.7	62.9	212.7	38.3	33.4	18.7	23.6	78.3	
33.6	14.2	20.8	19.1	6.8	1.0	0.3	4.1	
56.1	32.0	58.7	131.3	352.9	188.5	67.2	18.0	
447.3	273.4	262.8	205.4	246.6	235.8	209.3	16.9	
44.2	17.1	33.0	87.5	81.5	28.2	4.3	23.3	
15.1	14.7	31.4	19.0	82.7	91.0	77.7	28.6	
36.3	20.8	104.6	84.2	29.2	55.4	51.0	5.5	
41.6	4.9	24.4	49.5	21.7	18.7	35.6	49.9	
28.3	28.3	13.9	44.8	12.0	21.1	39.2	7.5	
143.9	12.2	11.8	54.0	112.9	77.3	14.1	15.0	
80.5	54.5	22.9	38.2	23.1	34.2	69.8	21.2	
103.4	265.2	60.1	93.3	133.5	105.2	91.8	124.9	
22.2	34.5	33.2	58.4	29.3	64.4	4.7	63.9	
148.4	29.2	35.7	108.9	27.8	61.4	26.3	40.4	
64.9	181.4	277.0	89.6	253.9	61.2	321.9	135.5	
87.6	54.7	96.7	54.0	63.3	61.5	78.3	163.5	
42.3	17.7	31.5	30.4	34.7	23.7	21.6	6.5	
18.3	97.8	6.4	4.8	34.3	45.5	4.5	27.2	
35.5	102.3	137.3	93.2	18.2	89.3	91.4	223.3	
55.2	30.7	32.8	28.7	59.5	11.5	35.8	39.4	
49.9	36.4	27.6	7.9	37.8	16.8	48.6	192.7	
18.0	8.0	10.9	6.4	8.0	7.9	4.7	16.9	
36.8	56.8	132.1	55.3	202.6	257.1	103.8	163.2	
73.3	133.2	61.8	38.7	130.5	35.6	13.5	52.3	
77.5	14.5	8.0	85.3	78.6	49.3	116.6	61.2	
16.2	4.3	11.0	22.8	28.9	35.7	11.2	10.4	
122.5	51.2	116.0	117.6	63.6	16.3	91.0	92.7	
80.5	117.5	180.1	27.2	75.3	57.6	106.7	138.1	
76.1	10.9	42.2	19.7	23.8	79.3	62.2	6.4	
27.6	70.5	53.5	24.5	25.4	85.9	39.0	135.5	
73.9	20.8	16.2	36.0	12.8	40.9	64.1	115.7	
88.8	12.8	58.0	81.9	38.1	35.2	67.3	51.7	
46.4	42.5	65.6	14.0	91.0	18.7	27.6	33.7	
89.3	74.7	98.6	90.0	139.1	146.4	98.7	93.5	
151.6	108.5	70.5	81.7	57.7	113.1	49.9	78.3	
104.7	49.2	32.2	124.7	90.6	45.6	85.6	47.6	
81.0	73.1	65.3	43.9	12.7	9.9	126.2	32.0	
29.7	128.8	20.9	37.1	112.9	34.8	63.2	98.2	
45.8	107.0	44.9	94.1	79.8	52.6	83.7	75.5	
34.6	116.0	120.4	78.5	91.8	17.9	72.0	82.9	
161.2	317.0	128.4	34.2	90.1	210.9	313.5	150.9	
54.2	134.5	58.1	44.8	87.0	49.9	95.4	20.6	
25.0	56.7	12.1	110.3	67.8	92.5	42.0	32.4	
171.1	162.7	88.3	92.6	98.8	165.6	243.6	145.7	
93.1	106.4	16.3	20.8	61.3	77.9	127.4	212.2	
7.2	23.3	3.0	36.3	7.3	29.3	16.0	11.6	
55.1	79.0	33.8	30.1	17.3	34.1	18.4	117.5	
68.6	36.4	45.4	5.3	23.2	63.4	24.2	28.1	
24.4	20.8	6.8	10.0	27.2	21.6	44.3	27.5	
29.7	18.0	96.0	202.6	69.5	106.1	103.0	124.9	
10.9	11.2	12.3	1.9	2.5	37.4	15.3	66.8	
58.3	88.7	167.1	57.3	22.2	137.8	11.6	84.2	
241.6	55.3	23.5	85.9	196.6	67.7	77.8	78.5	
24.2	34.4	6.0	20.5	105.2	17.9	7.8	0.1	
43.6	26.3	37.8	27.4	45.2	73.5	18.8	53.1	
77.6	35.0	28.5	96.7	37.8	16.1	30.6	33.6	
267.8	24.8	232.4	42.6	159.3	49.7	48.5	175.2	
26.1	42.2	40.3	47.3	62.5	63.5	67.5	3.2	
140.6	91.8	94.5	181.4	234.3	33.6	122.2	136.6	
3.0	5.8	33.5	11.7	8.9	11.3	48.6	28.7	
213.3	176.4	173.6	308.4	42.1	83.9	39.9	98.8	
23.7	49.8	17.8	43.3	88.9	41.9	86.9	45.8	
56.3	9.9	5.5	7.0	42.9	27.8	3.1	12.8	
214.8	116.4	66.2	234.8	63.9	50.7	69.9	42.0	
70.7	22.8	55.9	60.8	30.9	36.0	43.2	7.0	
30.6	2.3	31.3	35.0	19.4	15.9	49.5	144.0	
12.0	9.2	5.5	11.0	11.1	57.7	6.7	21.1	
333.0	85.8	101.5	97.7	252.7	240.1	165.6	166.5	
18.9	80.1	62.9	49.0	36.4	14.3	111.2	54.2	
65.7	87.8	110.8	63.2	47.3	120.6	4.6	55.6	
11.5	5.8	5.8	4.0	8.9	3.1	10.4	17.5	
27.8	3.1	36.9	37.8	34.6	55.5	36.9	32.0	
156.2	16.5	26.3	85.0	95.9	7.0	62.0	20.0	
66.6	65.3	49.0	71.3	46.7	23.7	210.8	52.6	
42.9	123.1	12.9	37.2	14.2	13.8	40.8	34.4	
29.9	45.9	27.7	314.2	14.9	66.6	63.8	128.7	
14.7	32.7	124.6	44.4	28.8	64.6	12.5	67.4	
6.8	17.0	28.9	8.7	29.5	7.5	7.0	18.6	
145.1	183.3	124.0	228.3	260.7	40.6	156.1	210.2	
99.6	38.0	95.2	16.3	20.9	43.5	129.0	40.4	
141.8	192.3	157.4	142.6	66.9	98.5	2.9	85.1	
250.3	283.4	358.9	367.0	186.0	128.0	64.8	712.0	
18.8	21.7	8.6	11.7	32.1	63.6	41.4	25.8	
21.4	50.7	48.6	6.8	14.0	45.0	35.1	37.9	
26.2	91.3	17.1	4.2	17.8	42.9	10.9	58.6	
45.3	361.1	66.0	130.0	56.0	257.7	33.5	199.0	
177.5	72.3	131.6	283.8	313.2	130.0	111.7	196.6	
181.8	222.1	307.5	424.1	361.4	25.0	356.6	274.7	
110.3	11.8	90.0	14.3	50.0	133.5	35.0	26.0	
307.1	217.4	280.8	289.3	49.7	135.1	113.6	89.6	
217.4	31.6	234.6	120.2	21.8	34.0	44.7	22.4	
13.4	96.5	266.8	79.5	147.4	37.3	108.1	37.0	
19.6	5.4	141.3	124.7	7.7	16.9	27.7	23.7	
119.8	127.6	108.0	52.8	17.9	73.1	34.6	108.9	
16.5	21.5	17.0	39.7	27.5	19.0	17.7	1.9	
60.8	65.3	41.4	111.1	55.5	36.7	87.6	71.4	
369.1	354.8	127.3	160.7	249.9	109.2	72.3	168.4	
102.6	52.3	66.6	44.5	154.9	131.6	37.4	29.9	
5.1	8.9	0.1	6.3	12.3	7.2	8.6	12.8	
173.0	83.1	21.1	141.9	62.1	166.4	55.2	57.7	
82.6	195.3	58.4	191.7	25.7	50.6	24.4	96.6	
115.8	191.1	400.5	319.7	63.9	53.3	45.7	215.3	
79.3	71.2	243.3	40.3	158.4	203.9	7.4	51.9	
51.9	12.7	24.2	17.0	23.3	16.6	31.0	37.1	
199.3	56.0	298.8	276.8	34.9	134.0	77.6	12.1	
50.4	156.5	83.2	181.2	15.3	25.5	114.3	133.3	
92.0	42.6	88.0	50.4	190.1	72.6	109.8	66.9	
16.3	14.7	53.3	43.3	46.7	28.2	12.7	11.4	
77.6	229.9	61.9	33.9	74.2	136.9	167.8	21.7	
55.2	95.5	26.5	121.6	36.5	33.4	45.8	17.7	
53.2	72.5	60.2	234.2	78.7	39.8	219.9	65.0	
12.2	6.4	7.9	17.8	9.1	18.7	43.5	1.3	
409.2	483.3	815.0	185.8	627.1	243.6	111.9	193.9	
232.8	427.2	132.5	160.4	427.6	87.0	39.4	230.2	
21.2	16.3	16.0	95.9	43.9	56.3	35.7	9.5	
152.8	256.0	10.2	259.2	70.6	149.4	249.9	22.0	
5.3	23.6	9.5	40.6	15.3	56.5	25.2	33.7	
18.7	6.4	12.0	48.9	30.7	30.9	15.2	6.2	
32.8	7.7	34.4	8.7	20.7	52.0	17.1	40.4	
15.7	66.7	23.3	95.6	11.8	149.8	129.0	12.1	
18.1	233.6	76.2	72.3	168.9	56.8	39.2	29.7	
119.1	75.5	97.0	40.8	48.7	73.8	53.4	91.0	
31.9	14.1	9.5	14.0	112.6	5.4	60.4	20.2	
27.8	35.2	19.5	81.5	48.2	30.5	86.9	251.6	
242.2	49.3	302.6	88.9	139.8	392.9	190.9	415.0	
0.9	5.1	9.3	6.1	7.4	9.7	4.5	12.8	
185.2	353.5	11.3	68.4	113.5	338.3	62.5	157.5	
395.4	55.7	87.1	318.9	326.8	537.2	298.2	335.3	
8.5	14.4	9.2	13.6	12.9	5.9	14.9	6.1	
40.2	65.7	15.4	25.5	20.6	54.4	25.2	35.4	
289.4	197.5	86.1	360.5	86.0	83.4	216.6	286.6	
100.4	95.7	104.5	2.9	48.4	134.6	612.4	113.1	
52.7	47.8	31.3	73.5	74.1	25.2	16.4	50.0	
122.0	65.7	111.4	30.4	170.4	32.2	6.5	61.7	
135.3	147.7	36.7	49.2	90.7	116.5	170.5	15.2	
4.1	73.3	21.4	86.2	12.3	64.4	19.4	23.8	
29.9	93.5	53.3	25.3	10.8	69.9	20.7	5.9	
36.0	72.9	20.8	121.5	119.4	64.7	193.5	77.1	
124.1	31.2	54.4	151.5	50.5	29.9	40.0	73.9	
154.3	76.3	140.7	83.3	64.9	17.5	62.7	113.1	
50.0	23.2	17.0	61.0	35.2	18.7	16.9	55.9	
73.0	90.4	31.6	17.8	95.3	122.6	58.8	38.9	
58.3	45.0	33.2	30.6	9.3	72.4	43.2	80.7	
341.5	9.7	43.1	53.7	189.8	125.4	27.9	136.5	
26.4	40.4	10.1	23.9	24.5	10.4	31.6	31.8	
151.1	168.2	147.5	59.3	102.1	256.7	61.4	30.1	
53.2	76.3	94.0	60.5	163.3	126.0	163.8	177.0	
7.0	3.6	10.3	7.0	14.4	11.1	6.4	2.9	
25.5	9.7	10.6	63.4	26.3	12.1	66.2	44.7	
16.0	171.7	27.6	36.3	19.6	22.7	24.4	30.1	
68.6	77.6	60.0	60.0	155.5	57.8	112.8	150.1	
68.7	20.3	41.7	10.8	41.4	31.3	34.9	23.0	
54.7	168.6	57.0	32.0	67.6	30.8	120.3	70.7	
13.2	6.6	31.9	6.2	15.3	39.9	19.7	27.6	
