137.0	132.5	36.5	47.6	98.8	18.1	102.5	142.5	
381.7	55.1	37.0	93.8	69.4	33.6	126.5	92.3	
35.1	42.9	47.8	81.5	34.6	141.6	23.7	20.0	
53.6	121.4	28.3	3.7	88.0	92.6	61.5	162.7	
75.1	44.3	17.2	28.0	75.4	17.4	62.9	32.6	
235.4	260.6	154.6	442.9	61.0	222.6	54.5	408.0	
8.6	15.2	7.7	28.4	36.1	26.2	17.2	57.0	
114.7	39.1	43.3	31.0	125.9	27.8	118.6	25.1	
6.0	2.1	11.9	1.4	10.1	7.6	17.3	11.0	
13.6	61.4	4.2	56.2	120.7	44.7	19.2	324.1	
61.4	21.0	64.3	128.1	56.8	141.2	10.6	188.7	
8.5	52.5	64.9	28.8	66.9	4.1	19.6	27.4	
79.6	164.7	75.2	25.7	43.2	26.3	76.8	54.2	
14.9	69.9	25.9	47.7	25.3	28.3	35.7	8.0	
23.3	77.9	41.6	74.2	13.5	123.4	16.1	61.5	
1.7	9.2	5.4	17.0	7.2	15.5	23.6	23.2	
70.5	82.4	63.2	8.6	92.6	74.2	70.9	118.0	
15.3	47.4	28.9	4.6	29.4	76.1	50.2	32.9	
41.2	66.2	30.9	38.8	124.2	85.0	37.2	161.6	
31.0	66.1	76.5	25.2	9.6	43.3	81.6	46.5	
3.8	48.5	61.1	72.9	59.1	16.1	37.6	29.6	
15.0	53.1	40.0	142.8	64.4	165.9	8.8	103.1	
89.3	223.2	174.2	124.8	120.4	21.6	86.6	161.7	
21.6	21.3	22.0	13.4	16.5	20.8	6.1	63.9	
23.3	20.4	29.0	53.5	18.3	36.8	18.3	9.1	
5.7	18.3	5.4	6.3	6.1	4.4	4.6	14.5	
124.2	133.9	231.0	265.0	306.3	39.1	76.5	148.3	
68.8	91.9	119.0	177.6	140.7	63.6	145.6	4.3	
39.1	33.2	56.9	12.7	68.2	45.5	27.6	43.8	
54.8	22.1	6.4	24.4	16.5	21.2	20.5	25.9	
105.0	38.6	1425.4	42.0	647.0	438.7	388.2	560.9	
26.4	12.2	14.0	20.4	46.8	17.5	17.3	13.6	
100.7	38.2	188.0	19.3	138.4	15.8	71.9	88.0	
61.4	72.5	27.7	103.2	48.3	116.1	79.2	104.9	
52.8	94.7	80.2	92.9	53.7	55.0	129.8	39.6	
20.7	19.1	14.6	36.3	5.7	4.9	36.7	17.4	
18.9	18.7	141.9	128.3	65.6	34.7	52.9	70.7	
39.3	189.7	92.3	110.7	64.6	15.0	42.4	301.2	
35.3	4.3	10.9	26.3	20.5	15.7	53.0	18.5	
20.5	2.3	70.7	18.5	93.9	9.5	16.0	43.4	
47.9	64.6	105.7	189.8	96.1	85.3	6.1	102.2	
167.4	408.3	89.6	110.7	68.6	490.2	154.2	341.4	
35.6	170.8	208.9	177.3	130.0	143.0	75.9	125.8	
9.1	13.0	15.6	27.9	6.2	26.8	29.1	25.9	
60.1	265.7	72.2	66.2	121.3	31.3	126.0	79.4	
12.5	23.0	44.4	6.3	22.5	10.0	45.5	32.3	
64.8	66.9	14.0	45.3	9.0	24.8	60.5	14.3	
170.8	79.4	263.3	309.7	8.1	165.4	342.0	178.7	
92.3	36.8	210.2	54.6	140.1	253.8	44.7	152.8	
8.5	5.7	4.8	44.7	17.8	25.9	9.6	28.7	
173.0	111.3	293.0	79.8	61.1	88.3	38.2	35.9	
34.9	225.2	48.7	168.3	161.1	119.2	257.1	88.3	
54.3	83.7	50.3	19.6	51.1	35.6	34.0	68.3	
45.9	54.0	23.5	9.4	20.0	65.8	15.9	22.9	
326.5	153.9	231.3	312.4	141.4	176.6	77.5	310.0	
19.5	36.1	77.5	52.4	23.0	38.4	32.4	35.0	
7.4	18.7	15.8	11.9	5.5	10.4	5.3	13.4	
26.3	101.3	26.0	134.6	48.4	22.9	68.0	8.8	
60.3	135.4	207.3	39.7	150.8	29.8	152.6	132.7	
18.8	22.7	27.1	36.3	21.7	30.7	6.9	30.0	
73.7	252.2	235.6	422.4	168.6	291.4	148.9	257.6	
96.6	26.2	57.4	44.8	30.1	5.2	58.6	80.6	
26.8	51.5	130.0	21.6	47.0	17.9	87.9	95.7	
142.8	54.7	56.5	19.8	150.0	134.5	63.2	65.3	
237.7	129.3	169.3	40.1	91.2	40.2	179.4	230.5	
131.7	43.1	109.0	98.5	74.7	127.2	107.9	84.2	
39.5	201.1	126.9	85.9	52.3	354.2	269.1	58.8	
2.7	7.9	11.6	6.9	1.4	9.0	5.0	4.2	
10.7	8.9	11.7	18.4	66.5	10.9	29.5	9.3	
30.9	39.9	14.4	21.8	9.1	8.4	7.6	14.5	
37.6	232.6	58.2	323.7	85.2	56.3	101.0	152.4	
38.5	5.4	26.3	45.5	14.2	19.2	33.1	9.7	
25.9	4.6	7.3	0.8	23.0	12.4	6.5	8.3	
41.2	67.7	15.6	22.9	63.3	50.9	189.4	27.9	
124.4	121.6	143.2	139.8	46.2	48.4	93.3	63.5	
37.5	35.6	12.6	43.9	179.0	63.8	76.8	75.4	
25.3	45.2	21.2	91.8	38.4	148.6	131.3	34.8	
39.0	17.5	11.7	8.4	49.4	133.1	91.6	61.9	
90.0	62.7	51.8	42.0	50.5	147.0	260.3	215.9	
48.3	40.5	13.9	129.4	12.2	124.6	66.3	65.8	
114.7	31.3	21.4	23.2	4.4	83.4	36.9	83.4	
107.2	242.5	56.9	185.6	196.1	127.5	62.4	71.2	
44.1	12.5	54.8	60.6	31.6	27.8	120.3	200.4	
121.4	177.0	125.7	504.1	108.5	81.1	101.4	125.5	
1.4	19.8	47.3	9.5	27.6	27.1	19.7	59.0	
90.2	43.2	42.9	67.1	111.2	24.3	49.5	61.7	
41.5	32.2	29.8	54.1	5.0	37.9	9.6	36.2	
157.1	76.1	125.1	301.4	269.5	113.2	127.5	44.7	
2.4	3.4	18.0	10.3	12.6	12.2	11.2	34.8	
48.7	65.9	71.4	63.3	14.7	138.1	68.0	31.8	
141.5	91.3	259.1	64.4	23.3	47.1	86.4	68.0	
109.1	59.9	71.6	54.1	50.0	23.3	108.4	0.8	
86.6	42.3	14.7	69.1	45.9	13.6	9.8	95.2	
23.8	2.7	1.7	13.1	37.6	19.5	25.4	38.9	
62.3	104.4	68.1	109.6	58.4	58.2	63.0	9.2	
19.1	54.2	4.2	12.1	27.0	42.7	11.4	30.1	
13.3	24.3	29.0	19.5	45.1	28.9	16.8	31.0	
20.1	18.2	34.4	31.6	9.1	25.7	35.1	13.9	
33.7	30.2	12.1	56.1	56.2	31.3	43.4	47.2	
134.3	41.3	30.1	69.1	64.7	165.8	51.4	96.6	
31.0	43.0	160.9	147.9	6.2	39.6	41.0	158.4	
116.3	126.6	135.4	158.5	127.3	399.1	164.1	96.2	
127.4	191.2	33.9	61.7	249.5	199.6	172.8	118.4	
129.5	144.7	57.5	164.2	102.0	55.1	36.4	71.5	
144.6	102.5	7.2	9.6	47.3	37.0	7.2	60.6	
6.7	4.1	6.9	6.8	21.7	19.8	5.1	34.1	
4.1	47.4	19.7	5.9	19.0	14.6	28.6	25.1	
92.3	152.9	171.8	239.0	787.1	133.3	59.8	88.4	
22.5	23.5	20.0	25.8	16.0	3.8	37.2	26.1	
74.9	51.6	62.7	25.1	91.3	17.9	138.3	12.4	
30.9	13.9	14.1	13.9	32.2	27.1	13.6	90.6	
38.6	9.7	9.0	11.8	56.3	56.4	29.5	21.1	
55.1	82.2	31.5	29.0	111.4	19.1	74.6	80.9	
273.8	93.0	237.3	32.3	198.8	48.6	195.1	37.9	
39.2	11.8	23.4	37.4	21.1	27.1	15.2	24.5	
20.8	59.1	10.7	32.5	10.0	23.2	21.7	21.4	
255.2	85.0	72.1	120.8	227.8	152.9	180.2	237.1	
27.1	167.8	30.2	98.6	127.4	337.0	108.9	37.1	
65.1	44.3	50.4	269.5	25.3	58.6	156.3	24.7	
24.4	28.1	28.7	17.7	14.8	22.8	56.4	83.8	
103.8	34.4	122.0	153.0	160.0	102.7	103.8	74.2	
24.3	2.9	70.1	57.6	2.4	17.9	52.4	4.1	
38.5	17.4	26.7	49.7	93.7	80.6	106.5	37.3	
0.6	2.1	1.5	2.5	0.1	3.5	0.2	2.1	
57.6	22.6	218.9	127.0	207.4	24.5	213.7	86.6	
68.4	44.9	50.2	41.5	71.9	21.4	57.5	29.9	
54.8	12.4	57.2	25.2	72.1	24.5	42.8	34.0	
108.0	87.8	87.7	77.5	57.3	51.1	58.6	45.6	
10.9	7.1	83.9	56.5	22.5	74.3	13.7	47.2	
86.2	119.5	436.6	256.2	62.5	27.8	109.1	151.6	
22.8	63.6	55.5	26.4	26.1	24.0	73.5	13.7	
33.7	36.4	24.8	46.4	84.0	94.8	74.0	30.5	
85.0	126.8	191.0	75.9	136.3	283.8	86.4	56.1	
25.6	97.3	42.1	64.5	65.6	54.6	53.6	21.7	
82.0	107.4	212.0	65.7	332.6	85.7	61.5	119.4	
3.7	1.0	1.6	6.8	7.6	11.8	6.8	9.0	
131.8	80.9	337.6	134.8	48.5	191.2	312.1	142.7	
96.0	12.6	14.4	68.1	41.9	10.0	44.9	19.3	
65.3	98.1	133.3	135.2	75.1	126.9	50.2	184.9	
70.8	59.4	60.0	71.2	169.3	42.7	27.5	31.2	
313.8	79.2	86.4	274.4	156.3	56.8	124.1	50.0	
71.1	71.6	19.1	33.5	96.6	72.3	50.7	39.7	
55.1	138.1	26.4	14.1	140.1	149.7	136.7	55.5	
77.3	68.9	17.3	33.9	85.5	101.2	29.5	34.3	
153.5	21.1	18.3	53.7	90.5	183.7	6.0	11.3	
244.7	39.1	43.4	12.9	20.4	18.4	64.0	26.6	
41.9	48.6	32.0	15.8	8.4	12.7	0.8	35.9	
102.1	199.1	176.0	99.2	45.3	128.7	130.5	31.1	
28.4	51.3	16.2	48.4	24.8	45.8	45.5	94.5	
114.2	26.0	269.2	156.5	261.9	117.5	45.1	27.9	
97.1	68.5	23.3	51.4	216.2	159.1	72.0	27.3	
58.1	118.9	284.6	59.0	589.5	126.3	176.2	125.7	
23.6	72.8	95.0	42.1	69.5	62.5	57.2	65.3	
76.0	13.7	18.9	10.2	79.2	6.6	12.8	13.8	
16.9	63.3	27.1	35.5	145.3	83.7	72.2	37.0	
25.2	70.9	10.3	102.2	67.0	96.6	108.5	38.1	
110.3	55.8	29.8	22.0	29.2	17.2	39.4	70.7	
165.9	234.6	69.3	141.7	34.7	93.3	54.8	84.8	
229.6	116.8	125.2	665.4	32.8	247.4	97.0	150.5	
122.3	38.4	10.3	61.9	142.4	38.4	85.4	195.8	
98.1	35.9	68.0	96.2	17.9	81.6	130.7	63.6	
157.8	226.7	414.3	307.3	277.3	165.5	193.4	22.3	
22.9	38.3	69.3	112.7	26.3	35.9	41.5	30.5	
10.8	6.9	4.5	5.4	11.3	4.1	9.9	11.0	
37.9	47.7	57.1	29.6	24.3	13.6	70.3	100.1	
25.3	12.8	31.6	90.3	14.4	22.6	15.5	61.0	
11.2	35.8	9.3	16.8	57.5	28.6	16.1	11.5	
299.0	81.7	163.3	239.0	44.8	184.5	220.6	384.8	
93.1	36.8	43.1	27.6	97.7	20.0	15.3	66.8	
139.8	26.5	12.9	3.3	11.0	40.9	34.3	108.6	
57.2	37.7	60.9	58.4	24.9	40.2	2.4	159.2	
58.3	30.3	39.9	28.2	23.5	26.9	44.2	40.8	
56.1	16.3	18.4	24.7	36.4	13.1	3.8	61.0	
21.2	86.4	21.6	42.7	29.9	16.4	64.9	57.6	
25.3	11.0	15.0	34.2	10.1	12.9	27.7	10.5	
51.1	126.4	146.2	84.0	66.3	35.9	69.3	69.8	
15.9	27.0	16.6	49.6	6.0	17.0	65.5	48.6	
69.3	76.6	1.6	67.8	68.5	134.5	26.4	16.8	
14.7	78.9	18.5	25.3	32.8	2.9	43.2	20.2	
54.6	33.9	39.4	59.0	44.5	82.6	3.1	114.0	
83.7	1.6	32.9	34.8	17.9	23.1	99.5	21.2	
23.5	35.8	49.0	35.3	8.2	10.2	19.4	35.7	
217.5	76.7	127.4	96.6	182.2	21.1	110.2	46.5	
31.5	12.2	83.0	152.2	89.4	71.6	24.0	62.4	
24.9	17.6	16.6	10.6	9.1	26.1	20.6	27.7	
46.7	36.7	73.2	65.3	44.1	52.2	174.5	46.6	
78.4	128.6	109.3	255.9	15.7	159.2	170.3	77.5	
61.1	48.2	59.3	69.7	70.4	43.8	165.0	105.1	
23.1	60.7	38.0	116.0	73.4	175.0	94.6	71.2	
118.6	128.4	83.6	35.4	46.3	24.6	39.9	159.0	
3.9	4.0	4.0	6.5	24.8	3.2	6.8	5.5	
89.5	49.5	79.9	94.2	3.7	80.4	184.2	65.9	
41.6	193.6	62.6	20.8	98.0	136.5	82.9	109.2	
232.1	54.3	199.1	47.0	58.7	161.1	77.1	311.8	
21.9	37.5	106.1	30.3	3.9	2.8	20.2	24.9	
55.8	41.2	60.1	38.4	114.2	23.6	53.5	41.5	
52.8	115.9	73.8	15.3	149.9	9.4	85.8	124.1	
34.7	99.9	60.3	179.6	108.3	26.5	48.9	152.2	
26.0	99.2	67.9	110.5	67.7	56.3	123.9	10.7	
17.0	39.8	37.3	20.7	8.4	2.2	75.4	80.7	
67.5	103.7	75.0	224.9	53.8	35.0	65.8	29.8	
48.5	125.3	38.0	120.6	31.5	80.9	22.9	35.4	
31.3	15.8	22.1	32.0	2.6	61.1	41.6	17.5	
27.4	37.1	28.1	48.6	49.2	79.3	38.5	61.4	
111.5	170.8	245.0	16.2	37.9	129.0	67.6	263.3	
42.5	155.7	247.1	99.2	205.5	110.4	265.6	17.1	
41.2	10.3	66.4	53.3	18.9	59.2	36.4	27.5	
55.3	349.1	308.0	99.3	120.0	699.0	188.0	134.0	
45.1	81.2	63.8	117.2	60.2	102.5	45.5	10.6	
118.2	84.9	261.9	61.2	219.4	74.5	400.7	125.5	
0.4	11.0	8.7	5.3	1.8	14.0	12.7	6.0	
107.3	36.9	80.1	50.4	145.8	100.7	70.2	35.4	
8.3	6.1	6.6	16.7	7.6	13.7	27.9	7.8	
55.4	88.0	160.8	127.1	92.9	22.4	20.7	47.3	
85.7	33.0	39.2	41.0	47.0	217.3	191.7	124.3	
64.0	98.5	26.1	92.1	121.6	55.9	22.4	38.6	
58.3	160.2	65.9	53.0	46.7	34.1	93.4	21.4	
99.4	65.5	48.4	254.0	39.5	268.9	132.4	9.0	
62.3	45.4	54.3	57.3	34.6	56.1	76.1	26.9	
62.3	77.6	262.0	55.5	412.1	45.1	138.6	24.5	
226.2	239.0	254.1	26.8	52.1	147.6	10.0	84.1	
5.2	51.8	12.1	17.6	10.2	24.8	16.5	17.1	
41.5	9.1	16.9	27.5	7.8	7.3	2.2	6.2	
10.7	7.7	19.9	18.1	22.9	21.3	3.6	8.1	
20.2	62.5	14.2	21.0	21.6	36.2	93.2	60.7	
174.2	116.0	5.4	87.4	127.3	195.2	63.8	85.8	
164.0	78.0	183.5	208.4	201.5	162.5	140.4	276.9	
1.7	183.6	81.9	65.8	235.8	173.5	29.3	163.2	
66.7	23.7	49.2	33.4	101.0	50.0	66.6	79.8	
29.1	37.7	36.0	88.1	15.2	23.9	50.0	28.5	
24.7	28.5	12.6	18.8	11.3	4.5	8.5	22.7	
82.5	39.2	10.9	39.1	10.9	10.8	12.3	48.7	
940.0	185.0	108.7	172.3	52.4	129.9	140.9	94.8	
22.4	16.7	18.8	23.4	15.8	9.7	15.3	16.7	
182.2	65.2	198.1	66.8	627.1	24.5	133.7	217.0	
44.1	169.4	96.0	89.1	36.6	209.5	226.4	73.4	
26.4	75.9	25.2	44.1	11.3	49.1	138.8	64.7	
40.6	95.1	26.6	99.1	96.7	89.1	31.2	73.8	
104.6	286.7	71.1	85.6	19.4	156.1	188.2	123.2	
52.3	121.1	31.2	65.2	95.5	22.9	64.7	20.9	
77.4	12.3	60.5	135.4	65.4	423.8	301.1	205.1	
104.6	193.2	261.6	70.0	33.1	205.4	12.5	46.0	
50.2	40.2	36.6	40.4	30.1	19.0	3.0	15.9	
4.2	8.1	5.1	2.7	15.7	5.4	6.0	16.2	
35.2	79.1	51.4	61.5	72.0	126.0	78.2	17.8	
41.7	4.6	103.6	12.8	141.9	34.0	52.8	11.5	
39.7	53.5	7.2	43.3	15.3	47.9	13.8	70.2	
74.3	41.1	79.8	29.1	40.1	64.7	80.1	134.2	
21.4	17.1	10.5	10.7	38.6	0.9	25.8	4.3	
34.5	118.5	16.9	46.6	65.8	7.8	102.5	11.6	
297.6	247.3	302.0	178.4	69.5	139.4	78.6	210.4	
13.1	11.0	45.7	19.9	5.4	18.5	44.1	10.5	
78.0	97.9	78.2	38.9	36.2	77.8	60.0	49.9	
113.4	52.5	18.4	14.1	65.0	28.4	49.8	28.4	
357.7	215.8	174.4	337.8	164.2	146.2	63.5	77.9	
240.9	88.0	43.8	116.1	75.5	34.9	40.2	80.4	
240.1	66.1	187.7	154.4	98.7	61.2	506.0	211.0	
36.9	31.3	32.3	30.5	104.3	10.9	11.6	19.5	
123.5	90.1	70.8	50.7	82.6	74.9	32.0	20.8	
33.7	83.9	27.9	13.5	22.9	13.4	95.4	27.4	
53.7	95.7	51.2	39.4	67.1	76.4	73.8	88.6	
49.8	64.8	63.6	133.3	128.8	51.7	24.3	152.7	
117.6	214.1	297.3	260.4	145.6	97.8	210.2	184.0	
49.5	33.7	90.5	106.5	83.3	89.2	45.6	48.8	
54.0	87.0	18.3	35.2	49.0	66.2	27.6	47.3	
38.6	6.2	52.7	119.7	33.9	36.0	54.6	64.6	
150.8	15.4	58.2	83.0	13.9	138.5	131.1	71.3	
93.8	327.6	28.7	111.2	38.1	128.9	160.4	54.5	
14.3	21.5	10.8	5.2	4.0	31.9	4.6	4.8	
375.2	41.4	158.4	579.2	923.8	210.0	97.0	499.6	
27.9	13.6	19.3	7.3	29.7	20.2	29.5	7.7	
29.7	67.4	171.9	184.2	60.5	13.8	10.0	36.9	
78.0	9.6	230.4	109.5	102.1	71.5	197.4	40.4	
337.7	205.8	65.4	60.7	265.5	273.8	99.9	149.9	
108.3	60.9	19.4	38.1	21.2	10.8	45.4	18.0	
35.8	5.9	8.3	12.7	5.4	6.7	4.4	2.8	
678.4	350.0	154.2	277.1	438.6	333.4	83.0	78.3	
94.3	31.7	227.5	80.3	29.1	52.1	24.7	37.1	
35.7	30.3	67.6	70.6	46.8	13.0	113.6	33.9	
179.5	21.9	161.4	195.1	155.3	185.5	84.8	171.7	
24.1	40.4	12.0	33.5	26.4	65.3	17.9	16.1	
48.8	22.3	25.1	22.1	23.1	43.9	24.5	17.7	
37.8	119.5	332.8	323.6	99.4	97.7	72.0	179.6	
76.0	93.7	133.3	43.2	90.6	126.4	103.8	146.8	
290.1	128.9	99.4	130.8	95.0	173.5	40.9	120.4	
79.4	15.2	59.3	72.1	32.8	78.1	98.5	124.4	
99.6	26.4	50.8	59.4	46.9	12.7	12.6	17.2	
397.0	100.1	19.8	185.3	51.7	233.7	39.6	167.0	
209.9	100.5	64.7	232.5	29.4	86.4	208.0	21.6	
0.7	16.2	9.4	26.5	9.9	3.3	12.6	41.8	
12.9	40.9	50.5	52.9	30.9	10.4	17.0	58.1	
55.1	404.4	24.7	153.7	254.6	82.6	203.6	73.8	
94.6	131.6	109.9	151.0	114.4	363.1	120.8	187.5	
158.8	131.2	79.7	108.0	113.7	282.1	123.8	258.9	
65.7	144.3	28.9	38.5	16.2	26.0	34.2	9.2	
18.5	20.8	13.9	24.8	20.2	27.5	153.3	56.5	
68.5	49.3	46.1	63.1	47.2	138.2	53.3	13.2	
15.4	50.6	62.6	78.1	73.6	170.2	121.8	30.0	
50.6	13.9	5.7	18.1	52.3	23.5	37.7	39.5	
1.1	6.7	7.7	28.9	33.0	14.4	15.4	10.6	
43.5	113.2	85.1	96.7	52.5	76.4	34.9	263.2	
8.8	29.4	13.3	30.3	2.0	10.5	58.9	8.6	
23.9	123.2	23.2	27.5	57.6	98.3	35.0	20.9	
38.4	16.9	6.9	19.2	6.9	22.5	13.1	37.6	
32.2	38.9	19.2	39.4	57.2	42.2	48.1	23.5	
143.0	41.4	88.8	221.0	70.3	14.3	199.1	114.0	
179.8	64.6	61.9	107.9	50.2	51.4	175.4	136.9	
62.4	185.6	32.0	318.9	43.0	117.0	316.3	43.9	
172.4	54.4	7.8	44.7	105.0	55.6	30.9	102.3	
132.2	104.7	17.9	32.2	69.8	215.3	117.7	114.2	
6.8	53.6	3.9	48.7	7.6	37.8	9.0	38.9	
56.8	34.8	82.7	137.5	12.4	17.3	91.0	58.7	
128.7	80.8	57.9	272.1	250.4	89.3	247.9	308.0	
19.6	14.2	100.7	117.8	21.6	101.5	14.3	89.7	
6.3	134.0	20.5	113.7	102.4	52.3	33.1	156.5	
20.8	56.4	37.9	65.3	76.0	40.2	21.6	15.7	
52.6	15.0	17.4	63.5	84.7	77.5	35.5	44.1	
165.2	34.9	62.2	134.3	43.5	111.9	137.1	113.5	
41.0	25.7	64.2	99.0	38.9	85.1	66.0	33.3	
100.8	18.0	46.5	47.8	18.7	9.0	45.0	105.2	
35.4	163.2	74.3	79.5	132.9	65.5	225.1	46.5	
23.6	13.2	15.0	40.8	10.2	17.7	88.8	149.0	
209.1	9.2	69.0	77.3	96.1	74.0	209.4	45.1	
114.6	106.6	56.6	99.1	18.1	54.4	100.3	4.9	
9.0	10.4	3.1	17.4	15.1	8.9	10.2	1.7	
60.0	30.1	64.5	74.1	110.6	33.1	81.7	9.4	
81.4	171.5	17.4	114.7	286.0	178.9	31.4	73.5	
99.0	172.4	22.1	42.0	88.1	69.6	61.5	26.4	
20.2	31.7	27.7	80.6	43.1	38.1	8.7	5.2	
291.2	76.2	39.3	185.3	137.1	292.8	124.1	58.7	
45.1	15.4	8.0	18.0	32.2	60.5	71.8	30.6	
32.7	111.6	39.8	104.8	109.2	82.1	43.8	37.0	
20.9	23.3	12.8	20.4	16.6	10.3	13.8	24.8	
16.7	66.4	17.8	55.9	55.4	141.6	99.8	103.0	
69.8	46.1	38.4	51.3	27.2	11.8	47.5	173.2	
9.0	47.9	21.4	180.8	104.1	16.2	88.4	41.2	
144.1	34.8	36.0	81.3	45.2	38.0	139.2	52.3	
8.6	183.4	35.6	68.7	36.6	240.9	211.2	24.5	
19.9	21.8	21.0	28.7	39.3	2.8	43.7	10.7	
13.9	15.0	17.1	67.6	9.5	12.3	13.1	12.2	
41.0	34.7	5.1	30.0	48.9	3.4	33.7	44.4	
12.4	65.4	69.5	81.0	7.6	34.2	37.5	64.2	
253.5	219.0	239.3	273.5	105.2	96.5	72.8	344.0	
89.0	25.0	18.2	81.5	98.5	21.8	62.6	49.8	
85.2	119.5	63.8	90.2	138.2	130.3	136.6	131.0	
10.0	20.7	12.1	33.9	12.9	7.9	13.7	37.4	
1.3	11.5	1.9	3.1	8.2	3.0	4.9	5.6	
42.8	16.0	10.7	23.8	18.8	5.7	9.9	6.6	
24.4	6.3	4.8	11.1	15.1	11.2	40.5	2.9	
18.6	37.3	15.9	18.6	10.5	37.7	106.0	20.3	
21.3	3.2	18.1	37.6	66.7	55.4	25.7	58.1	
33.7	39.0	115.9	214.9	91.6	176.7	403.7	152.8	
103.1	24.6	45.6	77.4	66.2	48.9	55.0	125.9	
72.9	5.1	18.7	21.4	75.1	113.3	7.6	59.1	
115.9	45.3	93.4	129.6	238.2	90.6	59.0	69.6	
33.3	34.2	30.2	94.6	25.1	141.7	173.9	93.8	
275.5	398.0	66.8	233.6	281.0	416.3	290.3	102.1	
44.6	14.8	38.7	41.0	4.5	24.4	59.2	17.7	
463.5	129.4	126.4	191.2	52.1	165.2	125.2	241.5	
16.2	90.2	61.4	115.2	28.2	22.8	62.7	27.0	
17.7	35.1	6.2	33.5	152.4	22.2	41.7	7.9	
135.2	165.6	22.3	62.0	162.8	101.8	155.4	37.2	
20.6	50.9	18.7	18.8	29.5	19.5	12.5	15.5	
50.6	80.7	13.1	27.9	19.5	135.8	160.6	42.0	
162.3	15.4	72.9	133.0	16.6	117.2	33.5	43.2	
93.8	24.5	40.2	47.6	88.5	39.1	34.5	18.8	
88.9	78.4	88.9	154.7	77.9	65.8	161.3	8.9	
132.3	146.1	38.2	75.9	137.5	74.3	157.9	47.1	
12.5	41.8	18.2	95.5	54.6	33.8	48.9	66.4	
13.6	39.2	10.5	94.5	19.2	35.9	41.8	106.7	
170.2	106.7	80.7	204.3	72.7	140.0	437.3	243.1	
34.4	5.4	101.5	109.2	35.0	43.1	56.7	101.2	
35.6	18.0	50.7	50.2	25.9	43.3	37.9	33.8	
64.9	5.2	41.4	63.9	18.0	14.3	52.4	10.0	
326.4	216.2	122.0	174.1	397.3	232.1	223.1	118.2	
36.1	11.1	13.3	17.0	17.2	38.3	6.5	11.9	
96.2	34.3	28.7	72.9	116.3	14.9	76.8	106.9	
77.8	12.5	27.1	77.5	67.8	118.3	69.7	226.4	
15.7	76.1	35.1	52.0	66.3	16.5	21.3	25.4	
41.5	162.4	19.7	277.2	57.8	72.9	128.6	86.9	
35.1	227.4	13.5	92.4	64.0	358.5	57.3	33.2	
64.9	116.7	272.6	382.8	647.1	435.6	229.1	102.4	
56.5	49.6	10.0	33.8	29.3	40.5	85.6	50.3	
187.3	84.1	22.3	40.6	208.8	139.4	85.7	56.4	
52.3	154.7	47.0	95.8	134.4	129.4	129.6	171.2	
26.0	136.4	17.7	114.3	34.2	60.7	74.2	33.8	
75.4	109.2	83.5	195.9	136.7	107.2	157.7	130.3	
18.1	12.5	4.1	11.4	14.7	32.1	55.3	13.7	
22.7	17.7	45.5	87.6	108.5	53.0	92.8	31.4	
33.8	9.3	7.8	14.1	13.4	48.2	40.7	54.2	
3.5	0.7	17.6	23.9	8.1	16.2	10.1	18.5	
22.1	9.2	1.9	22.5	19.6	48.7	11.3	13.9	
126.6	84.8	58.9	337.3	235.4	128.5	220.4	466.0	
60.2	143.1	29.9	69.9	83.9	89.6	11.7	44.6	
87.4	455.7	163.0	278.3	499.6	107.0	156.7	437.3	
2.1	85.2	67.0	135.0	8.3	12.1	95.1	5.6	
144.0	202.0	51.3	113.7	125.7	21.8	14.3	60.3	
162.6	54.3	51.4	121.2	39.0	80.2	42.5	132.8	
76.1	334.6	199.1	218.8	195.7	137.3	131.0	71.0	
124.2	28.5	55.6	70.0	43.5	48.2	27.9	24.2	
4.6	83.2	77.6	119.1	228.7	19.2	30.9	59.4	
8.6	1.9	1.0	5.5	2.9	2.9	2.7	1.4	
23.7	24.6	0.6	17.8	51.1	2.2	3.0	42.9	
3.5	8.7	9.1	23.2	13.5	0.9	9.7	46.6	
26.7	20.6	15.3	44.2	20.9	47.6	27.8	69.2	
16.3	8.6	3.9	60.5	23.0	8.2	19.0	5.7	
123.2	42.6	112.9	126.8	20.0	94.0	98.9	84.9	
68.4	77.2	75.5	136.7	20.0	93.7	32.4	89.9	
33.5	48.5	14.0	67.5	29.4	54.9	79.1	95.4	
104.7	138.5	9.6	26.8	142.3	52.7	17.2	118.1	
17.6	98.6	63.5	249.1	86.0	117.4	82.0	92.8	
23.0	40.6	33.7	33.8	41.6	74.2	20.4	29.6	
118.6	15.7	7.6	60.5	42.4	24.9	38.6	27.7	
47.0	83.0	14.6	37.6	13.5	16.8	44.8	86.3	
70.5	41.0	41.1	61.5	9.0	25.4	51.7	18.9	
180.8	40.9	20.2	47.5	81.2	186.6	49.6	91.4	
287.6	84.9	74.5	163.1	34.8	40.4	80.2	303.7	
9.0	54.3	14.5	25.3	19.8	3.4	42.4	17.3	
105.0	66.3	51.7	72.2	55.6	260.9	62.6	238.2	
6.2	10.4	11.6	15.8	19.4	4.0	32.2	3.8	
43.0	21.0	175.5	216.2	90.3	90.9	44.7	173.1	
144.4	233.8	101.9	102.2	79.6	8.3	45.7	24.2	
113.5	50.1	30.3	205.3	81.6	90.6	154.4	73.6	
326.3	74.7	46.8	270.8	233.4	49.5	109.4	272.7	
9.5	22.6	18.6	32.4	6.8	25.2	8.0	14.4	
135.0	469.0	737.7	760.5	96.7	159.0	240.7	339.5	
7.4	2.1	32.5	75.2	5.6	25.2	61.0	15.3	
54.7	28.0	10.8	14.4	89.6	6.4	66.3	13.2	
61.4	64.0	31.2	199.4	81.2	142.1	171.5	344.8	
106.5	313.6	69.9	136.1	69.9	120.5	60.4	101.6	
27.3	27.5	6.3	53.2	17.9	20.2	5.0	19.6	
60.7	65.8	13.2	57.9	4.3	62.7	41.3	57.2	
6.7	12.9	31.6	39.6	19.9	19.7	18.9	17.7	
245.8	617.8	96.5	224.7	510.1	297.3	492.7	46.8	
40.4	69.0	18.9	34.9	6.0	60.3	26.6	55.4	
128.4	200.9	195.9	226.1	274.2	44.7	40.5	119.0	
5.6	8.9	18.8	50.8	30.4	13.5	13.5	41.5	
43.9	65.2	118.5	474.2	143.4	32.7	79.1	79.4	
62.9	41.2	61.8	63.7	119.0	55.7	14.9	53.0	
39.0	43.8	70.2	175.1	46.0	35.8	138.0	97.4	
623.8	199.3	183.8	370.2	268.0	82.6	47.1	105.9	
86.5	131.8	115.7	328.0	347.9	163.6	343.3	281.2	
31.5	69.2	42.3	94.4	60.8	43.9	37.2	240.8	
60.3	15.6	17.7	34.2	85.4	55.3	59.3	44.0	
144.5	89.6	97.7	109.4	85.2	43.3	49.2	64.0	
76.4	107.2	60.9	323.6	18.8	63.1	11.2	186.6	
64.3	64.3	4.6	25.6	93.0	200.4	43.6	50.4	
67.5	210.0	38.3	69.1	34.5	326.7	33.7	54.1	
88.9	123.9	19.9	206.8	112.5	29.1	25.9	220.1	
21.4	39.7	20.5	35.5	60.8	57.0	19.2	48.9	
79.0	31.8	121.6	136.6	277.9	201.9	62.8	121.8	
8.6	4.3	10.5	27.3	6.4	2.8	17.0	21.2	
63.9	79.1	19.6	60.8	140.6	63.7	95.6	60.6	
10.7	17.8	18.8	35.6	13.8	17.8	43.6	30.5	
17.5	54.3	27.1	32.2	58.4	45.2	23.7	93.6	
264.3	379.6	70.5	214.3	125.6	248.2	98.8	167.4	
58.4	162.6	26.0	117.2	93.1	88.1	136.1	95.5	
63.8	160.6	172.2	253.1	94.3	83.3	76.3	108.6	
120.1	125.0	76.8	143.1	141.6	189.6	16.2	72.9	
4.3	13.8	3.4	14.8	1.1	4.3	6.9	10.2	
89.2	23.3	18.8	33.0	16.1	18.1	71.5	6.8	
33.8	22.9	18.3	23.2	4.7	41.4	12.8	46.1	
68.9	12.4	10.9	31.1	7.2	53.6	47.6	12.8	
61.2	79.0	37.6	52.9	56.2	35.3	16.0	38.9	
37.4	21.4	83.4	125.2	69.7	49.3	64.1	136.2	
92.0	70.4	132.4	193.5	67.2	74.1	72.8	17.0	
39.6	38.4	7.6	20.2	54.9	89.5	17.8	62.8	
12.3	22.2	6.2	46.6	13.4	12.1	20.7	24.0	
17.4	22.9	12.5	71.8	61.0	8.1	18.7	3.8	
31.0	33.0	21.7	37.5	8.9	40.4	6.5	16.3	
57.5	247.1	115.9	183.8	199.4	300.8	39.5	110.4	
54.9	63.7	8.2	66.2	83.1	33.3	164.5	30.1	
207.5	192.5	17.2	73.9	110.7	99.9	263.7	41.6	
84.2	201.9	5.6	99.9	72.6	24.1	25.4	25.3	
8.8	78.9	43.5	43.3	20.4	25.1	99.5	32.4	
88.3	22.7	5.3	106.8	55.8	74.2	34.1	94.9	
39.8	34.4	22.4	37.7	21.0	24.1	32.5	43.9	
31.9	107.9	75.8	125.0	140.6	60.2	20.1	59.6	
50.1	31.3	18.8	52.2	51.4	50.8	32.8	75.5	
4.3	135.2	66.7	115.9	87.6	177.9	27.5	115.7	
65.1	25.6	28.6	42.4	18.9	114.2	80.2	120.7	
36.7	71.3	12.4	105.5	207.7	73.6	90.1	72.0	
10.3	3.3	2.1	4.6	0.5	0.7	7.3	4.1	
415.6	52.8	116.0	370.8	327.3	83.4	179.5	61.8	
13.7	13.9	65.5	87.3	29.8	44.3	19.4	76.0	
25.3	9.0	7.4	90.8	5.9	8.9	12.0	56.2	
19.9	19.2	17.0	23.6	20.9	16.6	2.4	9.5	
40.8	47.6	4.4	65.7	29.1	43.2	72.1	42.9	
47.9	96.4	25.1	86.7	222.7	152.8	40.1	143.2	
33.6	36.4	33.7	52.1	33.8	29.8	52.6	26.1	
69.8	77.5	24.0	66.1	16.4	104.1	34.4	19.5	
18.6	34.3	4.1	18.6	16.3	57.7	49.2	14.6	
111.2	50.2	10.7	133.3	45.1	30.8	41.4	116.8	
26.6	47.8	84.7	350.0	147.2	105.8	140.7	172.7	
59.6	40.0	8.4	33.5	32.7	10.1	16.5	9.6	
10.8	8.9	10.5	41.4	49.4	57.1	44.0	36.1	
7.5	9.8	8.6	20.5	10.2	13.4	36.7	42.3	
40.3	136.7	91.5	126.5	59.4	79.0	29.1	9.4	
3.6	15.2	6.4	5.8	14.1	8.5	21.1	2.8	
35.5	66.9	102.3	124.5	75.3	32.9	7.7	62.6	
58.5	32.8	96.1	123.9	101.6	110.4	29.7	222.2	
31.5	20.3	31.3	38.2	76.4	121.1	48.1	24.9	
18.6	2.5	21.2	40.4	37.4	40.7	8.6	42.5	
36.7	111.6	46.2	127.8	31.5	71.8	28.8	60.9	
49.3	29.0	21.8	75.1	89.9	11.4	6.3	50.3	
34.8	18.8	25.8	135.9	27.5	33.6	403.3	21.3	
12.0	101.9	6.4	79.3	40.8	56.3	22.2	14.8	
121.5	58.6	104.0	174.0	65.4	11.8	54.2	45.8	
92.6	35.2	61.5	164.3	28.6	26.2	57.1	28.6	
24.7	41.3	30.7	143.2	167.8	88.5	33.1	57.7	
121.7	182.9	85.8	118.7	144.1	137.9	65.5	49.1	
54.7	59.0	49.0	66.6	223.2	61.4	23.6	100.1	
44.1	35.7	17.2	80.2	61.1	124.5	74.2	83.6	
16.7	27.5	16.4	29.7	34.3	26.3	23.5	53.7	
36.8	121.3	53.6	177.5	149.5	148.0	94.6	60.0	
15.4	18.7	0.6	46.3	7.1	25.8	72.3	27.6	
39.4	144.3	23.6	79.6	42.1	338.7	18.5	58.6	
32.2	19.4	14.5	45.9	13.3	32.7	49.3	57.4	
82.3	52.1	61.6	97.6	20.0	7.0	183.1	72.5	
303.8	47.6	142.3	391.5	106.3	163.5	335.2	27.8	
11.7	17.7	12.6	13.2	14.7	12.1	11.8	2.2	
192.8	176.5	102.1	327.9	138.7	65.1	174.4	176.4	
168.9	144.9	29.8	138.0	275.8	208.0	168.1	278.5	
17.2	49.8	18.6	151.4	61.7	10.9	20.5	93.0	
17.4	6.0	7.0	37.5	7.8	6.4	17.5	8.0	
10.7	1.5	1.5	7.8	3.4	5.8	3.0	11.1	
65.9	185.5	313.9	739.5	317.7	294.2	879.7	162.5	
57.8	44.8	45.6	260.9	98.0	80.5	105.4	58.5	
55.2	35.2	29.7	35.5	45.8	14.2	28.4	9.6	
118.9	97.7	45.3	68.8	211.7	286.8	43.1	155.7	
35.0	21.4	58.6	117.9	29.6	36.3	35.1	28.3	
66.7	27.5	117.9	150.4	81.3	23.8	67.9	9.7	
78.2	151.3	66.6	299.4	205.1	316.8	114.6	52.9	
96.4	49.0	83.4	116.1	60.3	59.8	28.6	122.9	
24.0	69.3	68.6	83.9	20.4	1.7	11.8	20.6	
44.0	30.8	43.3	77.6	67.0	15.1	58.0	11.8	
32.9	34.4	12.9	51.5	66.5	49.9	17.3	12.7	
110.2	26.3	68.2	95.5	257.4	89.6	198.5	37.5	
6.7	57.8	5.1	99.1	37.1	17.1	43.0	15.7	
57.4	27.6	24.0	31.5	78.4	25.9	21.6	42.3	
118.3	64.8	41.8	75.7	35.6	23.6	46.4	68.7	
52.8	6.7	13.3	26.5	13.3	26.3	10.4	21.3	
7.2	66.3	115.5	241.8	133.4	107.1	26.3	45.9	
46.7	154.1	31.1	117.6	8.1	136.3	37.3	394.7	
32.3	35.5	91.4	104.9	21.8	88.1	28.7	86.8	
61.1	55.6	29.7	153.1	19.9	15.8	164.5	255.0	
30.2	81.7	41.9	64.8	13.8	26.3	17.3	17.0	
226.1	43.5	45.2	70.4	21.0	20.0	34.9	97.2	
190.7	124.6	64.4	66.2	79.7	167.4	31.9	101.3	
18.7	36.9	3.5	14.7	2.4	5.6	5.4	17.7	
57.9	22.4	3.5	64.9	23.3	19.8	10.2	104.5	
231.3	25.4	46.4	209.5	59.7	100.4	49.9	103.1	
70.6	84.1	47.3	315.9	315.4	148.1	251.9	112.3	
45.1	8.1	19.1	22.0	4.2	21.3	32.5	34.1	
17.3	51.1	34.9	59.9	66.7	62.3	27.7	96.8	
18.0	115.2	50.0	61.2	29.8	48.7	16.6	26.6	
87.1	18.0	84.2	96.6	233.6	60.7	157.3	112.0	
58.2	100.8	29.4	136.7	15.1	50.9	74.5	52.6	
39.5	109.0	81.9	110.1	52.5	43.8	157.3	55.8	
56.1	32.4	25.4	56.6	104.7	97.2	15.8	37.9	
114.5	388.5	296.1	733.2	189.7	768.9	391.7	158.1	
64.7	150.2	32.6	96.0	14.2	66.5	58.0	112.4	
220.3	130.4	110.6	239.6	32.9	181.2	168.6	225.1	
92.1	186.0	2.1	41.4	83.3	15.3	31.3	82.7	
99.3	97.0	53.3	117.9	4.9	16.2	24.9	13.5	
120.8	139.7	108.1	126.8	43.0	44.6	47.2	157.5	
69.8	98.4	64.7	98.5	180.2	129.0	6.5	168.4	
7.3	20.2	35.2	39.0	77.4	38.2	124.2	85.5	
131.6	60.7	65.0	86.1	158.2	110.4	156.5	103.0	
299.7	334.9	132.5	139.4	58.9	80.5	256.3	108.2	
5.0	9.0	26.8	10.5	37.0	2.9	10.2	2.5	
1.8	8.5	33.1	49.0	28.5	10.2	72.0	83.0	
8.0	45.4	19.7	10.6	35.9	42.4	7.6	21.9	
5.8	19.5	9.0	26.6	59.0	23.6	8.1	27.7	
10.4	72.0	62.4	139.9	103.4	139.2	177.6	159.0	
29.7	20.6	59.7	25.8	13.3	12.2	5.7	8.9	
23.5	236.0	88.2	11.2	96.9	52.1	240.1	28.0	
410.1	86.0	799.6	546.2	88.0	353.8	442.8	190.8	
3.3	14.4	7.9	7.6	5.8	9.3	14.9	44.6	
42.1	2.2	48.6	29.9	69.4	67.7	20.3	37.6	
160.0	129.3	37.2	168.5	54.6	82.6	41.6	199.6	
137.6	112.4	115.6	23.9	22.6	23.2	187.4	30.2	
88.0	86.2	91.0	42.3	71.0	98.8	141.4	23.2	
146.1	61.9	177.8	66.6	112.0	91.5	73.1	166.3	
87.1	9.3	29.1	62.0	72.3	33.3	66.5	24.0	
82.1	32.0	54.5	35.5	50.4	41.7	55.5	143.1	
88.7	67.2	114.5	60.5	29.8	45.9	148.3	93.5	
61.4	102.7	129.8	74.0	9.0	55.1	175.6	120.4	
25.1	35.7	12.4	26.5	16.5	36.8	31.6	11.7	
109.7	10.1	158.5	61.4	303.4	17.7	145.5	4.0	
89.6	20.9	59.4	20.2	37.6	176.0	102.9	221.8	
104.5	167.9	52.8	45.5	186.2	85.7	214.4	72.6	
40.3	59.4	28.9	9.7	15.1	196.6	90.1	22.5	
215.6	61.3	78.4	77.3	153.6	53.7	215.7	411.7	
152.2	82.7	78.8	36.8	54.8	76.0	70.0	47.3	
29.6	55.5	18.4	13.7	15.7	39.7	37.6	50.9	
134.0	92.2	105.9	178.1	317.4	301.7	118.8	500.2	
120.2	48.7	116.9	55.1	48.6	92.1	105.3	138.6	
17.7	62.4	14.6	50.1	76.7	126.6	58.0	34.6	
4.6	108.0	156.8	164.6	227.6	46.1	48.8	80.0	
83.2	29.3	138.2	34.0	42.1	95.5	66.8	45.4	
34.8	56.4	156.8	104.1	75.9	137.9	59.3	271.7	
37.6	73.1	17.7	25.9	80.0	6.6	19.7	17.9	
118.2	32.2	29.9	105.8	6.6	50.2	78.1	56.9	
7.1	20.6	18.1	15.2	27.3	24.2	2.0	6.4	
18.2	19.3	8.8	31.5	15.2	8.9	24.3	12.0	
54.2	82.3	243.2	182.9	108.6	33.0	54.5	118.1	
83.5	131.6	72.6	96.7	156.5	49.2	113.2	20.5	
83.5	16.9	51.9	181.1	195.0	117.5	63.0	152.0	
65.8	151.0	186.4	237.5	125.8	103.2	193.3	207.8	
14.3	4.1	19.7	29.5	30.7	3.5	27.2	11.8	
32.5	25.0	4.8	14.2	2.1	24.3	19.3	18.8	
2.4	4.3	3.5	2.5	4.5	3.8	0.7	2.0	
28.1	30.2	27.1	6.5	35.5	41.6	31.3	19.6	
76.1	162.6	59.5	104.6	16.0	44.8	54.7	138.4	
64.4	54.6	23.0	132.2	34.1	39.0	49.5	29.6	
14.1	25.8	37.1	21.0	39.9	17.0	21.4	13.8	
24.6	22.4	43.6	7.6	21.4	29.1	10.5	6.4	
20.2	19.5	3.8	17.9	5.4	8.0	29.4	9.6	
75.6	54.0	87.3	36.7	72.4	5.6	49.5	82.4	
41.7	49.5	62.8	151.3	23.1	201.7	58.7	43.7	
13.0	71.2	20.4	48.4	42.6	12.3	28.4	41.5	
34.7	75.3	136.4	27.9	28.5	60.2	25.5	110.7	
109.6	136.1	115.4	31.6	418.2	54.9	81.6	117.7	
179.3	101.9	227.2	115.1	56.9	35.4	174.3	103.1	
75.0	88.6	89.8	81.8	42.2	40.3	49.1	112.5	
46.0	96.4	98.6	79.2	109.7	208.0	80.2	96.6	
10.5	26.0	32.2	29.8	28.1	28.0	19.1	20.4	
33.4	8.2	7.5	42.6	21.2	41.3	39.7	8.9	
35.1	11.2	11.9	10.3	0.5	10.4	1.9	12.3	
65.6	65.3	56.3	29.1	111.5	41.4	97.2	24.0	
84.4	116.6	61.9	20.3	3.3	56.3	111.0	73.4	
4.3	10.8	26.2	21.7	34.3	15.8	25.9	25.8	
82.0	75.5	18.6	264.1	78.8	87.3	13.9	47.4	
49.3	111.3	585.0	106.5	22.9	32.8	49.3	104.9	
47.0	46.8	106.0	26.8	115.3	62.3	48.7	66.7	
28.4	83.0	42.1	28.4	6.0	18.1	17.5	50.1	
36.6	108.3	99.3	48.2	76.2	10.1	77.7	61.9	
30.7	47.7	44.8	115.9	17.2	68.0	89.3	10.9	
28.8	36.0	25.5	39.5	54.6	10.2	47.6	40.6	
5.9	9.2	0.4	30.1	21.9	21.5	4.0	16.4	
17.1	2.9	7.2	4.4	3.0	21.3	23.9	12.6	
89.2	21.7	88.8	84.5	78.3	88.0	121.9	25.4	
22.2	51.8	129.4	31.0	75.8	58.7	63.6	198.1	
105.8	69.5	44.5	16.8	167.3	102.4	108.4	146.4	
228.8	32.0	110.6	108.9	107.5	96.6	130.6	25.4	
117.8	174.1	369.4	214.2	394.7	97.0	364.4	76.6	
42.6	93.7	19.6	61.9	43.2	254.3	52.0	12.8	
23.9	116.7	210.8	89.1	93.6	49.6	19.1	103.1	
39.5	171.3	75.7	31.2	101.1	186.2	186.4	67.4	
26.9	83.2	91.1	36.7	34.9	28.0	93.4	9.8	
39.3	32.4	40.6	12.5	19.1	22.1	5.1	28.3	
125.8	119.5	145.6	270.9	51.9	234.4	20.9	98.8	
80.7	39.7	86.6	51.0	106.7	16.0	133.0	77.2	
38.2	27.3	39.7	63.9	43.1	39.2	63.9	96.4	
160.8	144.8	100.9	64.7	61.5	112.7	79.1	46.8	
14.6	144.6	7.6	36.9	77.4	24.1	90.3	55.2	
9.5	44.4	171.2	55.2	100.4	227.5	33.1	38.5	
106.1	78.7	45.6	29.0	17.5	101.0	41.7	102.6	
299.1	167.6	209.3	351.2	144.7	767.0	422.0	132.7	
25.5	41.1	5.2	6.7	10.2	1.2	18.3	18.4	
25.3	17.9	40.1	22.7	26.9	6.2	95.0	119.3	
44.3	57.8	355.5	125.6	98.4	165.4	82.1	46.9	
53.6	55.5	63.0	96.9	71.5	51.8	115.2	36.7	
3.4	115.0	66.5	119.6	90.3	198.1	24.8	160.4	
4.1	33.9	40.5	17.8	23.3	31.6	2.4	107.1	
10.7	17.8	29.5	15.7	40.7	14.6	0.5	3.9	
22.5	66.8	226.2	128.5	42.2	56.5	37.0	42.4	
2.6	78.5	46.2	35.2	56.1	38.2	23.0	10.2	
35.5	80.1	103.2	86.9	39.2	17.4	39.2	68.6	
18.5	12.9	25.0	13.3	75.4	22.5	44.5	8.9	
234.5	15.3	114.7	66.5	202.5	81.2	67.7	46.9	
78.7	44.2	56.0	27.3	45.2	43.8	81.9	123.7	
5.8	1.9	10.7	5.7	10.2	11.6	4.1	1.9	
83.1	12.8	91.4	85.8	124.8	43.9	197.8	107.9	
44.0	27.3	15.0	73.8	37.9	70.9	16.2	54.7	
91.1	19.6	48.6	17.7	64.8	53.1	42.8	124.5	
71.1	62.3	59.6	106.9	55.8	135.9	14.2	159.6	
30.1	44.9	17.6	14.1	26.2	5.9	35.9	23.2	
2.1	11.0	13.0	24.5	32.4	13.1	25.0	23.0	
55.3	102.6	46.5	96.5	155.4	21.0	179.2	7.5	
15.5	62.6	115.3	50.0	72.6	38.7	90.3	46.4	
236.7	31.1	325.1	81.9	118.7	34.9	26.1	230.4	
61.3	194.6	34.9	100.6	178.1	24.8	82.8	79.2	
131.4	88.5	40.3	26.3	19.5	20.4	2.0	18.5	
104.5	166.1	58.3	84.1	329.5	160.9	97.2	174.5	
373.7	53.4	235.6	310.5	150.1	163.0	190.9	104.5	
17.5	19.3	14.7	18.0	18.8	3.8	16.1	17.2	
46.0	429.9	126.3	122.9	98.7	154.4	56.9	110.3	
41.7	57.9	85.1	47.2	96.7	73.3	169.6	55.6	
67.1	145.2	14.0	74.3	27.8	87.3	114.5	32.7	
404.6	66.4	101.2	348.9	125.8	103.9	94.8	271.8	
59.5	97.5	181.8	61.8	122.6	55.4	91.1	116.1	
58.0	8.4	8.9	69.2	138.6	28.2	13.8	27.8	
61.7	26.0	43.4	23.8	45.1	28.6	26.2	66.5	
254.7	132.7	16.4	188.5	113.7	2.4	24.4	136.4	
12.5	20.7	2.5	18.2	17.2	31.4	11.3	15.8	
90.6	109.3	168.2	75.0	60.5	174.1	146.4	49.8	
54.1	87.1	92.0	22.5	29.3	117.0	106.1	113.2	
83.0	343.0	155.9	35.0	36.9	200.5	79.0	186.1	
8.0	14.1	117.0	81.3	53.7	49.2	119.4	17.9	
69.1	25.3	23.6	60.6	7.3	22.8	34.5	7.2	
36.4	52.5	130.7	62.6	23.6	47.0	13.5	178.0	
13.5	29.7	50.1	80.6	41.0	56.8	35.9	77.2	
53.7	88.5	36.1	112.9	89.9	49.9	63.0	148.6	
177.5	14.2	81.7	26.6	162.0	176.5	125.0	48.5	
21.6	67.6	76.5	32.9	65.8	79.9	85.5	13.9	
48.1	123.2	35.8	26.4	25.0	105.6	121.0	85.5	
22.0	2.4	6.2	10.1	9.6	4.1	4.6	5.9	
212.6	147.9	114.2	153.9	51.7	24.7	258.2	169.2	
94.7	58.6	39.5	75.3	54.1	9.7	86.2	47.1	
153.0	40.9	126.4	32.8	219.3	74.2	30.0	129.4	
253.7	87.0	181.6	199.8	192.7	84.0	914.9	113.3	
7.3	5.5	12.5	1.7	2.4	5.3	5.5	10.5	
55.9	23.4	47.1	18.9	17.8	11.5	31.6	11.5	
62.8	18.2	95.6	61.9	33.2	13.4	33.4	24.1	
15.0	8.8	24.6	17.8	8.5	17.8	14.0	8.1	
1.7	9.3	1.0	4.3	3.4	2.4	3.6	3.4	
43.0	89.3	50.5	150.1	5.2	41.4	75.3	66.6	
25.4	6.7	4.4	4.0	7.6	3.2	9.0	22.7	
81.6	20.4	273.9	142.4	94.8	129.5	139.9	10.5	
203.9	145.2	189.9	17.5	38.1	43.2	176.1	161.1	
128.0	4.9	203.6	219.9	221.3	507.7	49.7	336.0	
127.3	112.9	72.9	29.1	58.4	12.8	64.4	19.4	
66.8	148.5	11.9	13.9	16.6	38.6	35.2	56.3	
121.9	12.1	33.6	60.2	77.1	15.9	100.5	114.8	
12.9	51.2	56.3	41.3	71.8	14.3	52.0	164.2	
11.1	49.6	25.2	42.7	16.6	33.2	54.0	29.1	
79.7	117.7	311.2	104.3	134.5	79.8	346.0	64.9	
25.6	5.8	40.1	16.9	27.7	12.2	4.0	78.9	
49.2	94.0	41.7	33.7	12.4	45.4	74.3	29.1	
18.5	0.8	34.5	41.7	34.9	9.6	34.3	45.1	
266.8	29.3	28.5	32.2	12.8	100.3	214.0	51.3	
12.1	172.8	51.5	36.9	18.6	268.3	115.0	68.5	
6.3	9.3	4.6	5.8	10.5	4.7	2.4	5.5	
110.4	20.2	155.6	168.2	15.5	72.2	71.6	34.3	
399.5	185.1	29.9	129.1	159.2	46.3	158.7	81.1	
90.4	58.1	46.2	98.6	93.2	125.4	285.0	97.1	
139.8	125.0	413.4	87.7	155.2	225.1	88.2	132.8	
9.1	365.1	6.0	55.1	159.9	281.8	270.4	150.8	
95.4	208.3	220.4	68.8	43.5	106.1	77.6	218.3	
40.0	31.6	13.6	49.8	2.8	14.9	24.2	42.0	
0.4	2.0	2.9	0.3	1.3	1.1	0.9	0.6	
259.6	266.3	30.3	61.5	5.7	92.8	73.1	125.6	
24.1	171.8	30.7	22.2	23.9	21.1	51.5	168.8	
32.3	13.8	130.0	51.0	85.8	119.1	271.1	59.1	
166.8	121.7	81.6	134.4	107.7	96.0	20.2	98.0	
29.6	24.5	19.2	26.4	102.1	111.9	25.5	39.6	
55.6	121.0	113.2	297.0	102.6	41.8	142.7	284.6	
328.8	66.3	225.4	75.6	154.9	41.2	82.1	299.3	
22.9	65.9	100.2	192.2	58.6	56.7	67.6	64.0	
32.1	15.4	36.1	20.6	26.5	16.9	13.6	14.3	
17.7	5.8	100.0	323.0	255.2	224.7	102.2	126.7	
27.4	106.5	24.3	71.4	5.8	27.1	60.8	54.7	
14.1	128.5	13.9	30.8	17.9	88.6	69.4	56.6	
131.3	16.0	206.2	187.5	326.2	66.1	65.6	64.3	
37.9	32.1	48.5	60.7	173.9	81.9	256.0	188.7	
68.4	40.1	232.8	40.6	151.5	463.9	86.9	112.7	
106.2	53.4	141.8	4.4	38.2	205.7	101.7	66.2	
57.9	204.8	42.0	138.3	90.6	98.3	142.9	104.3	
121.0	368.4	714.3	465.0	132.4	81.5	134.0	106.2	
42.5	26.0	40.6	102.9	54.3	8.3	66.1	127.2	
6.1	1.4	50.2	16.0	12.3	30.5	11.8	9.3	
357.1	71.2	96.8	71.6	125.7	58.4	58.4	362.7	
145.0	2.8	92.1	104.1	94.2	31.7	88.2	63.7	
162.3	222.8	5.1	162.5	47.4	79.3	173.5	88.1	
31.4	36.8	14.4	2.0	25.4	21.3	24.1	28.1	
13.9	10.9	29.4	11.4	14.2	17.8	23.7	31.2	
7.2	25.7	32.3	30.9	24.1	28.5	5.0	3.8	
96.0	37.5	34.2	122.4	74.4	45.4	17.7	68.7	
68.4	140.7	121.4	7.1	38.1	3.9	105.1	139.4	
66.2	21.2	48.7	28.0	19.6	59.6	10.9	12.5	
30.8	23.3	20.2	34.7	130.7	11.2	9.6	92.0	
101.6	38.3	56.0	59.6	48.8	69.3	372.3	106.1	
12.8	137.9	41.6	232.7	29.8	141.3	58.0	39.5	
81.0	56.7	12.7	37.8	58.7	85.9	70.7	52.3	
42.7	32.2	43.7	22.0	31.6	41.8	46.7	13.1	
13.2	8.3	39.9	9.8	40.7	15.5	40.8	57.2	
186.6	49.6	39.8	482.0	352.7	149.8	231.9	321.0	
60.2	38.7	295.5	19.9	89.0	40.0	102.7	147.3	
62.5	7.6	22.2	22.3	37.9	88.9	90.2	22.3	
49.8	196.6	238.7	131.4	112.8	102.5	11.1	76.9	
35.6	43.3	93.1	107.4	61.0	194.0	67.1	16.0	
53.1	71.9	116.9	68.0	83.3	43.5	17.9	52.2	
114.0	101.5	95.2	65.8	203.8	74.2	91.5	101.4	
198.3	191.3	106.8	88.3	139.7	202.5	161.6	62.7	
84.3	37.2	22.3	84.9	179.9	106.4	34.2	27.6	
27.8	63.8	16.5	30.8	88.9	84.0	87.3	32.8	
21.6	10.2	52.6	10.0	72.7	7.6	17.3	25.7	
59.1	87.8	55.9	44.3	27.2	36.1	43.1	64.3	
236.2	74.7	55.7	24.9	28.5	12.9	74.3	11.7	
11.2	40.1	41.0	4.8	32.2	34.5	14.4	15.8	
77.2	132.0	88.2	140.2	49.7	61.1	13.4	49.4	
25.6	67.9	26.2	20.1	8.5	15.2	22.6	24.3	
23.4	36.0	121.8	56.6	214.5	100.2	14.2	15.0	
41.2	321.6	135.6	9.0	257.3	310.8	32.9	20.4	
29.2	32.0	42.6	62.2	32.2	21.6	25.0	46.0	
47.7	53.5	93.6	79.9	166.7	22.0	27.0	52.2	
40.9	107.4	342.4	221.7	210.3	284.9	132.9	94.0	
26.9	6.6	47.4	12.5	27.1	5.4	16.7	10.7	
25.8	198.2	59.7	71.1	171.3	185.1	123.0	42.7	
110.2	19.7	30.4	9.4	39.3	56.2	123.5	103.0	
62.1	42.8	116.8	169.4	51.1	99.0	152.5	314.3	
114.6	64.8	141.4	26.1	103.1	35.4	178.4	118.9	
46.3	2.8	9.3	50.3	33.8	18.3	64.7	41.7	
52.7	25.9	57.3	32.0	14.4	23.4	22.4	13.1	
89.1	59.0	49.4	16.5	9.1	22.1	64.8	127.9	
249.9	7.8	264.9	157.1	47.2	18.5	37.1	180.3	
11.6	16.9	25.2	12.3	21.0	19.5	38.6	21.9	
16.3	64.0	14.1	9.8	25.4	47.1	25.8	6.6	
13.8	25.1	24.3	23.6	31.2	24.9	25.4	48.5	
10.0	70.9	118.1	113.7	8.3	43.4	76.1	128.4	
117.9	38.6	56.7	82.8	55.7	129.7	14.5	26.4	
11.0	17.4	43.2	22.2	6.3	18.6	34.0	34.7	
16.9	4.7	2.8	8.6	2.3	31.0	10.6	37.2	
103.3	86.2	52.1	59.2	35.5	35.9	106.8	97.9	
157.5	220.8	106.4	19.3	302.0	93.3	210.7	341.0	
8.9	2.1	32.5	0.9	7.0	6.1	6.2	4.6	
336.3	97.0	23.0	31.3	170.5	64.1	33.3	293.7	
13.4	16.1	13.0	6.6	3.7	20.3	3.3	21.8	
169.3	46.1	108.0	72.9	57.8	17.6	80.3	52.5	
20.8	43.0	22.4	16.0	37.5	34.6	17.4	12.5	
190.3	103.8	33.7	65.5	98.4	101.5	167.8	211.1	
37.1	28.4	191.4	84.6	46.8	74.6	168.4	86.7	
3.2	2.0	10.4	3.6	4.2	7.5	15.6	1.5	
47.9	123.6	41.1	59.2	102.2	45.5	106.9	56.5	
134.2	122.3	181.4	120.0	57.1	63.0	162.2	95.3	
49.4	51.5	30.8	146.5	83.3	33.9	148.9	62.7	
42.8	58.6	18.6	24.0	70.8	28.1	152.2	48.9	
29.6	48.1	10.5	26.4	90.2	43.4	87.8	130.0	
95.4	60.8	70.2	112.8	98.8	95.0	23.0	52.3	
30.9	40.3	20.9	57.4	132.2	27.3	34.2	6.1	
42.4	31.7	83.3	37.7	7.0	22.2	99.4	135.7	
5.4	8.9	6.0	5.3	6.6	9.5	8.6	4.4	
91.5	30.7	41.9	185.4	15.4	71.6	37.9	26.3	
28.4	14.9	20.0	5.1	75.5	33.1	1.7	50.8	
26.9	196.9	57.9	99.2	105.4	48.0	158.3	245.3	
115.5	58.8	75.4	47.7	151.3	62.8	72.4	36.8	
78.2	43.5	89.6	88.9	141.0	38.0	92.8	177.6	
257.1	112.7	71.3	164.3	71.9	224.0	322.6	159.2	
30.6	51.9	39.3	90.2	41.3	20.7	83.4	59.8	
79.8	115.7	51.9	71.1	59.3	115.9	84.5	27.9	
76.6	19.3	61.0	5.9	15.4	68.0	32.0	143.2	
208.0	133.2	177.6	14.5	154.5	110.7	88.7	189.1	
184.0	109.8	21.8	74.7	29.9	0.7	39.8	38.9	
35.4	62.7	11.4	19.2	79.2	73.6	6.6	44.5	
276.2	31.0	24.1	78.0	169.5	35.2	50.9	145.3	
71.1	102.7	103.8	111.7	334.6	74.2	206.9	212.6	
38.3	63.1	26.9	32.2	96.6	129.2	124.0	30.2	
6.4	19.9	5.8	2.6	16.2	7.4	12.4	0.6	
90.8	84.8	76.8	42.7	10.1	102.7	32.7	110.3	
104.3	62.3	53.8	56.9	56.4	204.8	238.2	69.3	
176.0	100.8	115.2	170.0	53.5	39.6	2.3	59.9	
112.0	384.5	162.1	173.5	252.6	164.3	288.5	204.6	
20.0	17.0	15.2	23.1	43.2	78.7	8.6	12.2	
25.0	21.6	33.2	47.9	10.2	31.8	25.0	5.0	
13.8	33.5	2.5	3.9	5.8	52.5	44.3	35.9	
25.9	4.2	6.7	9.2	33.7	20.5	12.8	2.9	
6.4	48.5	14.5	40.8	143.0	48.3	50.3	25.6	
53.9	35.1	34.0	59.4	185.1	213.2	99.5	303.7	
30.4	77.9	37.4	4.7	59.6	37.4	39.8	10.8	
68.7	66.8	34.8	48.0	86.5	100.1	51.8	49.4	
107.0	132.1	70.9	70.0	26.1	10.7	49.3	1.5	
140.1	43.2	138.8	95.3	37.4	102.4	29.2	161.7	
42.0	14.2	4.3	88.3	81.0	18.3	20.4	33.1	
21.9	52.2	50.4	31.5	114.2	144.5	130.2	190.5	
128.5	23.1	132.0	65.2	253.8	54.1	74.7	19.4	
104.3	4.0	43.8	51.5	59.2	169.5	55.0	95.0	
15.4	140.5	10.3	81.3	51.8	54.8	5.0	48.3	
46.9	40.8	21.3	14.6	73.2	6.1	54.0	26.6	
16.2	38.3	106.0	126.7	74.7	56.7	42.3	106.7	
42.0	111.2	100.6	29.2	34.6	31.8	24.5	111.8	
6.3	7.2	2.6	4.3	19.1	8.0	4.7	17.5	
3.3	112.0	35.0	80.1	83.1	72.1	39.1	26.5	
107.1	124.9	61.8	73.2	26.2	66.9	58.3	22.2	
19.9	19.6	26.9	22.4	2.7	19.5	45.3	54.5	
93.5	288.9	125.6	76.0	158.2	79.1	42.3	42.3	
228.1	335.8	14.2	34.5	90.1	75.1	45.6	257.6	
57.9	244.7	18.2	39.2	74.2	139.7	166.7	20.5	
16.0	28.7	37.4	99.9	19.6	37.4	41.6	29.4	
4.1	5.7	10.4	7.2	14.7	5.3	7.2	4.1	
27.8	19.1	40.0	39.9	100.5	120.7	95.8	18.7	
54.0	4.5	79.9	10.7	35.3	20.4	13.1	58.4	
20.6	70.9	61.5	57.7	23.3	92.9	70.2	166.2	
111.5	162.2	158.8	163.0	127.2	204.5	558.9	31.4	
114.2	128.9	30.7	59.7	13.0	32.3	110.1	71.2	
19.9	59.5	28.0	12.0	13.5	9.8	30.2	13.3	
30.9	37.9	58.6	62.2	133.6	82.7	73.3	24.3	
12.7	34.6	12.6	11.9	15.7	9.0	32.1	30.4	
31.9	30.2	31.8	11.2	16.7	11.8	28.0	15.8	
74.0	54.3	139.0	76.4	67.2	28.1	194.3	43.2	
37.7	2.6	65.6	14.8	3.9	19.7	38.1	40.1	
15.3	25.3	15.1	18.2	1.4	16.3	6.1	5.2	
169.7	75.4	34.7	21.0	101.3	96.8	8.3	56.3	
68.7	29.1	81.5	20.0	71.3	146.8	94.0	42.8	
128.3	128.3	43.9	92.1	303.4	70.7	182.4	262.8	
11.0	13.3	5.9	13.3	31.8	29.3	32.6	9.6	
212.3	138.4	83.7	234.4	259.2	187.7	92.0	93.0	
131.0	106.8	147.4	178.0	22.6	75.9	175.5	100.5	
196.3	80.7	35.1	45.4	162.8	79.9	56.4	44.2	
74.7	49.9	51.7	56.9	34.1	29.6	40.4	21.3	
122.4	310.8	293.4	208.6	346.5	177.0	279.1	24.1	
28.5	18.3	31.8	18.4	9.1	26.2	82.1	23.7	
92.1	59.0	32.4	27.9	135.0	28.0	36.3	104.0	
92.9	68.6	106.9	26.1	135.4	83.5	137.7	101.3	
44.4	49.1	91.2	48.4	61.3	77.8	85.6	52.8	
357.5	135.9	123.5	224.5	1067.8	331.4	76.9	294.0	
41.7	15.2	43.1	39.7	26.1	17.4	32.6	38.7	
327.1	46.2	354.4	34.1	25.0	65.4	145.3	41.8	
7.3	33.2	75.3	96.5	20.6	214.7	40.4	22.0	
65.2	118.9	107.3	76.3	119.2	104.5	77.3	354.2	
13.7	27.3	44.5	53.2	26.8	21.1	47.4	41.1	
74.8	39.3	16.2	27.4	20.9	11.4	28.0	8.6	
99.1	9.5	79.0	60.1	81.8	71.1	107.7	57.2	
40.1	62.4	53.9	120.5	55.1	11.0	29.7	39.1	
8.3	22.8	11.6	17.4	28.5	29.0	7.7	26.6	
48.0	21.9	29.8	26.4	4.8	11.6	38.9	35.7	
114.8	28.8	8.4	43.8	14.1	46.4	49.0	31.2	
18.8	4.0	10.1	51.8	2.0	38.2	8.4	20.8	
40.9	20.2	1.4	56.3	1.8	9.4	20.6	32.2	
20.1	169.1	113.4	260.8	453.3	95.6	124.7	224.2	
22.4	144.2	21.5	145.8	51.0	32.6	7.8	67.1	
169.6	51.9	67.6	59.2	110.5	155.5	21.5	141.6	
20.7	7.8	22.3	7.1	11.9	16.2	20.4	3.3	
73.2	69.6	114.7	52.9	39.5	21.3	94.7	105.1	
281.1	184.5	35.6	39.6	66.4	87.1	74.1	225.9	
16.6	58.7	114.7	38.3	23.2	40.3	24.6	28.6	
4.5	12.4	8.0	15.2	1.6	9.6	2.5	13.0	
56.9	21.0	33.8	18.1	60.2	166.7	22.1	55.5	
44.1	125.0	66.4	103.0	35.9	28.3	80.2	17.3	
166.5	49.5	125.8	342.7	446.4	194.3	140.0	89.3	
52.4	81.2	16.9	186.8	98.9	42.0	43.7	113.3	
502.3	292.1	246.4	299.0	192.1	151.2	354.8	125.1	
26.6	28.8	31.5	17.3	113.4	41.2	57.8	48.1	
2.7	7.4	8.6	16.6	1.9	21.9	4.9	16.6	
24.6	33.5	87.3	135.2	60.9	91.0	11.7	41.3	
45.9	224.4	94.8	7.4	93.7	6.3	43.4	119.9	
50.8	25.1	92.9	37.0	173.0	55.1	13.0	70.0	
26.6	14.1	11.3	15.1	25.6	21.7	12.8	31.5	
15.7	6.8	4.3	8.9	11.2	29.1	42.9	45.7	
153.1	125.1	64.7	88.4	246.8	238.7	90.6	270.3	
47.5	44.0	19.3	48.5	66.6	45.8	118.5	44.0	
13.5	8.8	11.7	6.1	27.9	20.6	16.1	29.6	
10.2	20.2	12.2	12.3	23.1	10.6	27.3	6.1	
15.0	4.5	12.0	4.2	7.9	23.6	4.6	18.2	
43.6	14.0	5.3	26.7	29.6	33.3	36.8	30.6	
16.9	45.8	71.0	1.7	52.3	34.4	113.4	53.1	
25.0	155.3	12.5	154.2	9.6	102.4	212.0	182.5	
31.4	22.4	12.3	21.1	5.3	21.5	3.7	31.6	
5.3	6.4	11.9	18.0	14.7	11.0	5.3	19.2	
55.7	17.6	23.4	17.9	73.1	101.1	93.2	221.9	
164.4	15.7	216.7	505.2	127.9	558.9	348.0	42.9	
65.7	136.8	60.1	151.0	151.8	15.9	138.0	94.1	
82.3	137.8	31.8	250.4	21.9	98.3	173.7	124.0	
235.2	281.0	198.5	316.9	411.7	272.6	280.1	211.0	
22.6	113.6	34.5	126.6	77.8	100.8	20.6	47.1	
19.7	23.6	51.1	11.7	53.4	56.2	51.7	19.5	
25.7	16.2	144.6	93.0	56.2	27.6	86.0	50.4	
5.2	54.1	6.6	42.5	93.5	37.9	35.7	50.0	
96.7	52.1	9.0	69.2	95.1	153.1	68.0	37.9	
96.4	15.9	69.1	51.4	17.0	107.2	32.9	8.2	
146.4	140.3	44.6	163.5	51.1	18.1	127.3	229.2	
263.7	232.7	223.3	298.8	153.5	106.8	100.7	429.5	
111.6	112.2	122.8	266.8	42.1	57.0	22.2	146.3	
36.0	114.2	127.2	66.1	43.8	39.7	51.8	37.8	
82.1	79.7	117.8	58.2	148.5	96.4	191.3	48.5	
135.6	62.4	13.3	99.5	223.7	166.2	225.4	84.2	
82.7	27.2	82.3	46.5	71.5	130.1	38.9	68.7	
152.7	139.4	193.8	23.3	19.0	152.5	42.2	21.3	
91.7	158.6	51.7	54.4	148.3	44.0	114.8	18.4	
38.6	21.3	24.2	48.4	18.6	21.9	17.0	7.6	
32.4	93.7	67.7	22.3	79.1	21.4	14.7	62.2	
151.0	39.9	26.7	69.0	22.5	9.0	271.5	32.2	
85.2	43.6	16.9	41.8	144.2	15.9	46.8	60.7	
107.0	24.2	6.2	229.9	116.5	64.6	71.1	88.6	
75.3	152.2	40.4	42.8	85.5	53.7	154.8	85.7	
53.2	38.2	53.2	92.1	15.3	193.3	26.7	189.8	
78.6	34.0	33.4	19.9	39.5	36.1	42.5	38.7	
33.2	11.6	20.8	34.7	21.2	8.0	125.2	20.0	
142.2	22.5	108.1	15.7	103.2	324.2	5.5	153.3	
1.2	5.7	17.8	29.4	65.3	11.1	14.6	8.6	
30.0	31.3	23.0	19.3	12.5	36.7	27.1	52.2	
58.4	101.5	81.0	218.7	75.6	109.9	23.5	429.6	
206.2	88.8	35.0	171.6	131.2	142.3	34.8	95.1	
0.8	3.3	4.6	2.8	3.9	5.5	0.7	1.6	
63.0	17.6	31.6	7.9	46.6	41.8	18.4	53.9	
78.6	32.8	18.3	42.4	2.4	108.7	84.1	6.6	
16.9	28.4	29.1	13.4	88.3	17.9	48.6	30.0	
81.4	8.3	18.9	21.6	12.0	14.7	13.2	33.0	
59.9	29.4	4.6	15.1	8.7	25.8	38.0	7.4	
22.5	4.0	25.4	17.3	45.8	35.1	72.4	25.5	
63.4	150.7	155.1	102.2	37.3	70.4	143.5	181.0	
17.9	4.7	10.7	27.5	8.4	5.0	17.6	14.5	
29.7	79.2	29.2	23.0	24.2	25.2	18.4	63.2	
82.7	102.0	12.9	92.1	61.2	75.0	30.3	64.7	
2.4	6.5	18.3	12.7	2.2	23.5	15.5	20.5	
137.7	7.2	5.0	27.2	90.3	35.1	17.5	82.9	
85.3	37.6	31.0	232.1	63.2	102.7	43.7	53.5	
34.9	57.4	233.9	179.3	139.0	80.4	41.5	114.5	
53.2	156.7	124.3	94.0	158.0	19.5	50.8	53.8	
40.1	168.3	41.8	102.7	82.1	103.7	34.8	70.2	
287.4	190.1	356.4	463.4	223.4	171.8	101.2	441.0	
269.6	130.8	334.1	153.7	22.5	44.7	45.2	54.5	
116.1	287.5	348.9	255.3	55.2	165.0	293.3	63.6	
170.3	74.7	2.9	72.0	79.2	20.1	12.5	19.4	
50.2	30.6	3.7	40.9	94.4	19.5	36.4	11.9	
134.0	16.7	32.1	72.4	46.8	52.2	161.7	66.7	
57.7	147.2	43.9	168.1	15.1	126.1	103.1	112.2	
31.8	149.2	93.5	244.3	694.0	95.6	289.7	202.6	
2.8	2.8	3.0	11.5	3.9	11.1	1.6	2.2	
304.6	210.0	167.1	73.5	274.0	238.5	113.5	194.2	
70.1	94.6	104.6	19.1	290.4	180.9	71.3	25.9	
104.4	128.5	195.5	149.3	13.3	181.6	58.5	136.4	
22.4	59.8	15.0	21.8	51.6	43.1	48.4	18.1	
12.7	91.3	258.0	160.8	145.7	82.7	173.9	61.7	
11.2	6.9	8.1	39.2	5.3	22.8	0.8	5.9	
132.8	180.7	118.9	109.7	110.1	132.9	35.1	153.9	
142.1	105.1	43.2	257.9	34.9	226.9	94.4	204.4	
33.5	205.8	383.2	149.3	319.9	26.6	122.8	100.7	
12.5	36.3	57.0	21.9	33.0	37.9	40.9	12.0	
22.1	55.1	11.8	49.2	209.0	117.5	63.4	16.1	
33.5	98.8	88.8	232.8	120.3	243.2	75.1	278.5	
149.8	27.1	33.8	6.5	88.6	7.1	88.8	36.3	
50.1	52.1	21.8	44.6	16.4	67.6	1.9	50.4	
