179.9	447.2	123.6	30.0	212.6	82.1	197.1	138.2	
70.7	135.2	322.1	101.8	118.0	308.9	112.5	269.6	
42.5	8.4	160.1	120.2	11.6	203.8	102.8	88.9	
76.2	18.5	19.1	50.5	104.3	46.5	56.5	50.4	
158.0	497.9	213.6	50.2	132.0	114.7	224.8	310.4	
62.0	24.8	58.4	83.0	12.9	50.0	62.0	16.6	
1.1	1.2	1.5	1.9	1.8	0.3	2.2	1.4	
34.1	27.0	31.2	27.8	30.9	18.8	82.1	32.1	
60.8	65.9	294.1	78.3	55.6	156.1	112.4	323.5	
42.2	223.3	101.9	21.2	473.0	290.4	409.6	123.6	
31.7	63.8	97.4	32.8	44.7	103.9	35.2	17.1	
121.3	95.6	44.8	106.5	82.8	134.7	102.9	98.1	
89.0	48.9	38.8	4.1	64.0	38.0	62.8	40.3	
28.6	18.3	69.9	23.4	8.7	34.2	31.5	78.4	
110.9	53.3	111.3	73.5	104.7	58.2	269.3	171.4	
51.5	53.1	66.4	167.7	58.4	216.4	133.8	355.9	
129.0	62.4	11.7	43.8	112.2	21.9	38.5	58.1	
170.0	37.0	117.2	33.4	79.1	7.8	79.2	352.5	
631.4	35.1	15.6	184.6	49.2	296.2	217.5	195.3	
228.4	11.5	102.6	139.9	176.3	171.4	105.9	147.9	
74.6	118.5	167.7	67.8	389.1	42.9	50.0	77.1	
38.5	46.5	18.6	47.9	26.7	45.9	68.5	2.9	
3.9	21.9	5.2	18.2	2.9	10.9	3.7	9.7	
240.0	217.4	50.5	30.6	71.5	92.7	55.6	60.3	
37.2	56.6	30.5	182.4	130.9	57.5	40.2	61.6	
70.3	56.2	85.9	254.9	36.5	89.9	139.2	34.1	
54.9	52.4	145.9	110.2	207.9	34.9	149.9	21.4	
12.6	2.3	26.4	19.6	13.7	6.0	15.6	2.0	
62.7	108.9	34.5	70.5	68.5	28.4	93.6	9.1	
167.1	77.5	53.7	16.1	164.1	294.7	73.2	27.3	
36.8	59.8	52.5	11.9	50.6	60.9	57.0	30.9	
8.5	54.0	19.8	34.2	17.7	78.8	36.3	34.3	
2.2	67.6	13.1	27.9	25.8	35.5	65.3	62.7	
7.7	27.4	12.5	12.6	64.2	23.8	26.2	30.5	
113.6	15.9	329.2	268.3	188.9	209.8	124.0	131.3	
137.1	74.6	73.9	110.5	80.8	215.9	231.8	331.6	
61.0	33.9	100.7	123.3	12.5	252.2	73.5	21.5	
28.5	10.6	32.4	12.0	21.8	146.0	29.7	44.8	
1.2	8.0	14.3	12.1	23.8	14.7	11.7	14.2	
19.7	15.7	5.6	14.3	5.0	12.6	4.4	12.5	
137.1	179.8	96.8	402.2	80.2	323.2	171.0	313.6	
180.8	196.5	42.1	100.1	224.9	64.1	190.8	170.3	
11.1	26.3	44.7	23.8	11.6	15.5	14.2	28.1	
168.4	185.2	144.2	11.4	41.6	12.5	98.8	204.6	
24.2	187.3	40.9	94.3	96.5	129.5	79.1	107.3	
28.9	15.8	27.7	10.1	8.2	4.7	16.7	1.8	
83.7	52.0	32.3	72.6	73.8	15.3	220.5	45.6	
401.1	65.5	28.0	281.4	100.6	237.5	31.6	233.7	
47.3	71.2	69.5	51.4	126.5	19.8	83.0	39.8	
1.6	67.0	11.6	6.6	45.1	9.8	41.7	61.0	
71.0	92.9	45.5	16.8	129.9	63.9	45.4	121.6	
86.6	48.8	76.9	25.5	106.5	163.3	112.3	89.2	
22.3	130.0	148.3	135.1	77.8	314.9	125.1	21.4	
124.3	52.1	32.5	34.7	96.9	91.7	116.8	30.3	
41.7	92.9	66.9	29.1	50.2	27.4	52.6	25.0	
29.2	67.9	23.0	88.1	248.5	121.5	224.0	98.7	
48.0	341.5	99.8	153.7	172.2	76.9	108.9	127.9	
16.9	32.7	5.8	13.9	9.6	18.0	5.3	1.1	
17.5	2.0	20.8	16.3	24.3	5.3	34.6	34.1	
4.3	10.3	25.2	19.6	9.1	43.8	1.9	44.9	
18.7	36.0	19.5	12.6	93.1	40.3	80.0	39.2	
63.5	10.8	62.0	51.7	8.6	150.8	140.1	127.6	
301.6	37.7	119.1	82.9	122.7	146.7	81.9	230.5	
15.2	50.0	49.0	63.9	20.5	33.8	12.7	66.2	
338.3	183.0	63.1	153.6	107.4	99.3	148.5	178.5	
80.8	121.3	78.7	15.2	86.0	106.6	76.8	59.4	
39.2	27.5	69.9	3.6	122.3	112.7	4.9	81.6	
127.3	76.5	71.8	120.8	29.2	63.8	51.3	186.7	
42.0	32.0	84.4	66.5	7.3	28.2	35.3	11.2	
35.0	15.2	66.9	108.7	130.1	83.8	137.5	15.7	
35.4	28.8	100.7	5.5	40.0	22.3	28.2	48.4	
156.8	151.8	11.8	33.8	230.8	117.1	131.4	27.7	
6.9	20.4	5.2	12.2	41.0	17.4	9.0	9.1	
93.1	74.0	36.7	60.7	39.4	80.9	29.9	6.4	
84.1	8.7	208.0	161.4	91.1	93.2	23.3	35.8	
181.8	136.0	20.1	99.6	130.7	32.0	82.6	173.0	
445.9	88.7	590.6	149.5	775.5	397.8	993.0	114.3	
6.5	5.8	3.1	6.3	15.3	2.6	4.2	5.0	
234.2	30.6	48.6	127.0	117.0	16.6	84.7	103.0	
17.6	138.1	181.4	127.4	35.1	70.3	68.8	38.5	
28.3	75.3	128.3	38.4	123.9	29.4	74.3	108.3	
37.8	100.2	46.5	14.5	118.7	35.1	48.5	37.1	
94.6	44.0	73.0	66.4	197.6	41.1	168.8	65.3	
54.1	158.9	86.8	89.0	54.9	227.6	94.3	117.1	
18.6	33.3	8.4	9.3	25.3	31.8	29.5	12.4	
78.6	21.6	28.1	17.9	31.3	11.2	20.6	35.6	
36.0	106.4	45.0	80.6	67.5	97.4	61.6	101.5	
63.4	25.7	11.6	48.8	52.1	150.5	39.4	140.5	
36.5	224.2	138.4	98.8	109.7	104.0	60.9	26.9	
114.3	104.0	58.9	67.8	216.5	68.4	23.0	74.7	
23.4	48.1	140.4	128.4	10.8	60.0	153.0	38.2	
80.2	139.5	50.5	292.5	59.9	119.0	285.1	257.1	
47.6	52.8	101.1	74.8	33.6	127.2	75.7	138.4	
110.8	13.6	132.9	74.8	16.2	194.2	112.4	60.5	
138.9	115.0	322.0	150.4	135.3	57.3	145.4	38.6	
50.8	8.7	27.6	11.9	30.8	23.9	94.4	140.4	
27.8	18.8	46.4	42.0	59.3	51.0	10.7	27.2	
55.9	55.5	16.7	59.3	27.9	58.6	76.4	66.5	
65.7	141.5	22.7	314.2	61.8	625.3	258.4	283.4	
226.0	62.2	224.3	54.8	73.5	105.7	32.7	53.4	
51.0	43.3	10.7	40.9	44.9	5.5	47.5	51.2	
150.8	77.5	80.7	10.5	80.1	84.4	177.4	71.5	
32.9	57.6	72.8	23.9	137.8	50.5	90.9	109.3	
169.4	110.9	97.9	44.8	57.7	81.5	161.8	101.0	
30.8	66.4	23.0	15.2	48.7	67.7	49.6	10.1	
40.7	47.6	72.8	23.0	29.4	41.1	20.0	60.9	
137.8	132.0	152.0	140.5	275.6	127.0	187.4	237.4	
106.9	25.3	15.4	179.4	187.3	59.4	146.2	85.3	
59.6	35.0	20.0	86.6	19.5	8.6	18.1	25.3	
68.6	65.6	109.7	255.5	348.4	216.0	278.0	130.4	
4.5	3.2	6.1	2.2	4.8	2.4	5.2	7.1	
7.8	118.1	68.4	164.8	80.1	58.3	92.1	4.7	
57.9	13.2	216.6	16.5	40.5	141.7	129.8	106.1	
55.6	66.0	135.0	82.4	46.6	133.4	110.7	101.7	
103.8	26.6	16.1	69.9	7.9	19.8	58.4	9.7	
47.3	24.8	46.0	80.0	31.8	97.4	35.8	37.2	
3.7	30.7	21.0	56.6	37.9	13.1	11.2	35.9	
56.8	396.0	750.8	892.2	300.6	165.7	188.6	146.1	
202.1	138.4	401.6	291.9	316.2	193.4	39.4	250.5	
142.2	67.8	32.3	15.9	89.4	107.4	88.4	127.5	
41.0	30.8	85.0	38.2	34.0	34.0	19.6	81.0	
95.8	129.2	33.0	68.4	76.8	55.7	63.6	35.3	
4.5	8.2	15.4	14.3	21.0	38.6	5.3	21.0	
78.0	197.6	60.0	167.7	56.9	46.4	30.3	116.8	
152.5	238.0	168.4	175.9	89.5	57.0	103.9	113.5	
241.5	142.0	236.8	257.7	336.3	192.8	33.2	373.9	
23.4	52.7	24.6	74.0	94.7	68.3	117.9	121.2	
31.0	67.0	5.8	12.4	21.6	52.4	10.2	18.4	
1.5	12.0	5.4	6.8	4.2	5.3	4.9	1.1	
489.4	84.6	192.9	130.1	215.3	542.6	151.7	85.1	
47.0	28.6	57.8	165.7	19.5	72.8	7.8	66.6	
54.8	37.2	13.6	34.2	35.1	22.0	102.2	61.9	
205.2	43.1	139.7	89.5	123.1	40.3	18.9	35.6	
56.5	178.1	13.5	69.9	97.7	40.0	43.9	38.9	
45.8	46.8	22.1	160.0	15.5	8.6	54.0	58.2	
305.8	387.0	53.4	114.6	174.6	247.1	143.9	117.8	
19.1	26.4	2.6	62.0	39.6	14.3	1.2	7.8	
17.8	128.4	74.0	38.2	71.8	375.5	45.2	33.6	
61.0	64.8	213.7	83.9	74.0	90.8	195.8	53.4	
130.0	282.9	76.7	73.9	278.4	112.8	55.0	41.0	
30.9	81.0	32.5	12.5	39.9	24.7	37.6	29.5	
186.5	432.2	205.3	73.2	216.6	493.7	149.0	102.6	
306.7	49.6	249.8	207.0	145.8	33.6	230.2	140.4	
1.8	11.1	5.8	6.9	10.4	6.3	3.8	1.1	
93.5	34.5	43.6	25.4	70.1	71.6	33.8	93.7	
53.1	48.0	29.8	83.6	124.9	200.2	47.1	95.4	
76.9	268.2	144.5	55.1	98.8	368.7	29.1	136.3	
12.3	16.0	70.7	51.9	10.1	181.4	21.0	35.2	
9.9	49.4	117.0	58.8	29.2	30.3	59.7	112.1	
66.2	63.4	49.7	57.1	10.0	77.7	18.1	17.1	
86.0	194.0	174.0	50.4	22.3	151.3	195.9	27.5	
137.2	171.0	85.6	44.9	199.5	48.1	70.7	7.8	
75.2	11.6	110.3	48.0	64.9	40.4	59.3	43.6	
344.7	115.7	93.3	361.4	55.9	110.4	58.2	19.4	
320.8	280.1	240.4	38.1	28.8	45.6	153.9	82.1	
46.9	16.9	1.8	13.7	49.2	7.8	15.6	33.3	
52.2	60.2	231.6	36.1	109.7	39.8	61.0	120.9	
78.8	164.7	43.6	33.6	83.1	18.8	47.9	86.6	
8.8	33.0	34.1	86.3	143.2	64.0	16.0	28.3	
150.4	127.8	259.5	156.6	46.1	159.1	119.5	13.3	
12.5	131.0	73.4	149.7	56.3	387.6	103.3	377.0	
24.5	30.1	78.6	28.6	43.4	28.3	4.2	6.8	
15.3	6.7	43.0	22.8	7.3	15.3	11.5	12.7	
4.1	12.5	3.7	11.2	12.3	10.7	5.3	4.7	
133.8	8.3	193.8	226.3	16.4	147.4	54.2	303.8	
46.6	31.6	12.2	27.4	61.5	143.4	104.7	161.9	
54.6	38.8	60.7	29.7	30.9	100.4	43.3	20.3	
9.4	4.4	59.9	9.8	48.6	45.7	21.7	86.6	
21.9	12.3	73.2	78.2	31.3	124.7	105.4	18.8	
367.4	37.4	53.2	146.3	138.6	59.6	26.1	132.5	
3.1	60.1	39.8	56.9	17.6	31.6	71.9	44.9	
19.3	214.9	44.4	54.1	12.5	24.6	52.6	32.6	
91.5	7.5	16.2	11.7	62.7	28.4	11.5	21.5	
5.5	1.5	9.0	1.7	9.7	4.2	1.8	8.6	
4.1	3.1	3.0	13.6	8.2	22.9	4.0	2.3	
243.9	283.4	231.5	52.7	413.6	150.9	48.9	368.1	
271.4	156.7	49.0	71.5	61.3	51.2	43.9	68.0	
87.6	12.4	72.0	227.4	289.3	240.9	80.3	84.1	
56.4	44.0	72.5	78.9	28.9	35.5	30.3	48.8	
24.0	17.5	5.4	4.3	19.1	5.5	19.5	6.9	
29.3	128.7	137.1	22.1	36.8	2.1	14.7	62.5	
26.9	9.7	70.7	31.5	36.9	36.6	29.2	48.2	
69.7	7.7	7.7	3.9	45.6	76.5	28.7	77.5	
99.9	61.9	31.5	4.1	66.4	54.7	79.2	100.3	
7.5	43.8	50.6	18.6	62.6	114.5	20.6	34.8	
20.4	36.0	119.9	93.5	21.4	48.5	68.0	43.8	
34.2	106.8	17.0	88.8	100.9	41.5	70.9	41.6	
85.2	71.1	33.3	69.4	98.5	55.8	178.7	64.2	
5.7	7.0	4.8	5.8	2.6	1.1	9.5	1.8	
9.6	33.3	61.2	72.5	147.8	45.9	55.2	27.3	
36.2	55.4	29.4	11.9	78.1	10.1	143.7	20.2	
51.2	67.9	26.3	48.1	29.3	36.0	39.1	16.6	
80.5	36.2	21.9	25.5	28.1	59.1	9.6	25.0	
70.4	17.9	31.7	29.0	60.0	38.7	16.7	41.3	
110.8	12.2	142.4	83.3	58.7	85.2	84.9	86.8	
53.6	34.1	7.5	110.7	8.3	26.1	261.5	110.4	
45.6	8.1	46.9	40.0	33.5	15.7	16.4	83.5	
83.3	46.3	104.8	168.1	90.0	19.2	226.5	111.1	
22.8	125.5	22.2	6.5	55.3	58.7	68.0	119.5	
19.7	13.3	6.7	18.7	66.4	22.2	15.4	4.9	
55.9	33.3	0.2	52.7	36.0	40.2	45.1	10.6	
68.2	137.1	181.7	183.1	98.6	192.1	77.7	57.8	
13.7	29.7	76.5	14.2	15.4	22.4	24.0	34.5	
13.6	19.5	4.5	19.8	80.4	92.0	90.7	54.2	
5.6	16.1	3.5	4.7	18.7	18.3	21.6	4.5	
35.5	17.0	29.0	94.5	36.1	35.4	50.9	9.0	
503.8	205.4	258.7	333.0	95.8	195.9	114.7	310.7	
20.9	55.5	41.4	9.5	104.6	51.4	35.8	36.5	
28.6	108.2	128.9	14.3	74.1	166.0	60.1	61.4	
27.1	215.0	77.4	54.3	192.6	63.0	99.2	187.7	
5.6	9.1	9.1	5.0	1.2	5.5	4.0	26.3	
56.3	32.4	65.2	38.6	36.4	84.6	36.8	34.1	
24.4	34.5	31.3	17.2	47.8	12.1	11.4	25.9	
51.5	23.1	5.5	30.1	25.8	8.0	9.6	2.5	
56.0	20.5	72.4	9.7	32.5	38.2	22.7	5.4	
0.8	48.3	26.8	5.9	50.1	9.2	42.4	34.7	
356.4	260.3	307.1	83.3	45.1	131.3	154.7	54.7	
119.5	86.8	27.2	35.8	30.0	47.6	165.9	41.4	
94.0	157.9	43.4	335.5	182.6	319.5	33.4	48.7	
44.5	23.3	16.8	41.2	34.0	35.7	33.9	24.5	
79.2	11.6	96.4	134.4	63.5	19.1	84.5	102.8	
146.3	235.8	323.5	70.0	162.1	133.9	385.4	22.1	
11.9	7.9	5.6	7.8	3.5	10.4	6.4	11.4	
16.2	30.6	21.4	25.6	11.2	21.2	19.5	24.9	
559.1	301.2	105.2	282.9	226.0	41.8	83.7	191.8	
72.8	96.5	110.8	194.1	156.7	45.3	153.4	267.8	
106.1	94.2	209.9	43.5	348.0	154.4	25.0	50.5	
46.4	30.1	6.3	57.1	16.4	13.9	10.6	15.0	
33.6	15.2	31.8	11.1	81.2	23.1	14.3	93.5	
3.4	24.2	4.2	32.5	19.2	36.6	2.3	4.3	
287.3	164.8	117.8	94.0	352.6	209.0	160.0	30.2	
42.8	35.8	27.1	32.6	1.8	49.3	17.8	39.1	
46.5	153.7	63.1	55.4	9.6	7.6	65.7	133.0	
40.9	83.4	120.3	15.8	125.2	23.1	10.7	202.4	
49.8	10.8	54.3	20.1	19.0	11.4	30.8	37.5	
19.8	20.5	25.1	16.1	5.5	15.4	17.8	35.0	
18.2	26.6	52.8	44.6	40.2	13.6	75.8	20.7	
48.6	180.7	106.1	154.2	131.0	206.8	35.2	30.1	
79.9	8.4	146.8	61.8	7.0	25.8	82.8	60.8	
243.1	74.7	35.1	33.3	64.8	48.5	107.5	37.6	
16.9	11.7	10.4	7.7	10.0	8.6	9.2	6.3	
91.6	12.5	45.1	106.8	16.9	19.7	109.1	59.2	
54.9	77.0	49.7	92.6	71.8	51.1	181.2	48.7	
91.3	76.8	259.6	167.5	243.2	23.4	86.1	88.5	
4.6	13.7	6.7	17.4	2.5	13.3	8.1	6.2	
51.1	62.9	36.7	68.3	25.6	31.9	27.4	69.8	
86.2	79.1	70.0	52.1	42.8	76.9	24.1	171.6	
108.5	76.8	43.1	116.8	52.1	88.2	93.2	167.4	
19.2	23.9	8.9	25.7	19.8	0.4	12.9	12.7	
80.8	34.7	67.8	129.1	55.1	84.2	79.3	80.6	
138.6	325.7	68.1	379.4	555.1	139.0	35.1	412.1	
88.8	56.9	51.8	49.9	54.8	83.0	137.9	185.4	
15.4	49.5	8.1	26.9	28.2	17.8	18.1	25.7	
6.0	19.0	6.8	3.0	2.3	19.7	17.0	12.0	
124.3	147.6	32.5	11.3	163.3	89.8	66.0	108.7	
39.3	29.5	59.0	15.1	59.8	63.8	5.2	11.1	
165.2	184.9	200.1	146.2	169.0	494.5	74.8	327.6	
176.9	22.0	160.5	85.7	153.6	49.2	46.0	15.7	
467.8	566.4	213.5	53.5	46.8	310.7	179.8	111.2	
31.3	23.2	23.6	51.9	81.5	100.7	80.7	14.6	
309.5	237.3	35.6	79.4	442.7	160.0	3.6	509.1	
178.7	57.4	107.9	53.1	115.3	47.5	54.1	43.7	
132.0	175.0	128.6	133.4	187.2	265.1	318.9	153.8	
29.8	37.1	64.0	14.3	18.5	11.2	15.7	7.6	
63.9	54.5	57.2	4.7	14.1	99.9	10.0	54.3	
221.5	140.6	240.6	314.4	151.4	81.0	78.2	182.5	
98.9	53.4	39.8	38.8	87.1	53.8	12.7	145.5	
16.2	56.0	137.0	213.2	69.2	29.3	17.2	56.3	
55.1	7.1	68.0	8.0	70.5	8.7	17.5	36.2	
82.3	16.5	98.2	51.3	54.8	68.2	81.1	50.5	
12.8	108.2	24.6	50.5	50.6	87.4	20.8	122.9	
13.7	14.7	3.9	19.0	33.0	24.3	16.4	48.0	
100.5	209.3	42.4	58.0	37.2	65.6	159.3	26.1	
257.1	144.9	260.8	49.6	796.7	100.2	269.1	177.8	
37.6	36.7	33.0	119.2	51.5	20.2	62.9	15.8	
38.0	6.6	13.4	30.8	28.4	26.9	25.2	40.0	
20.0	37.4	41.9	11.3	51.7	37.7	53.7	28.9	
29.4	233.5	278.9	113.3	183.0	198.8	101.4	345.8	
58.2	58.5	36.5	24.1	50.4	202.1	50.5	163.7	
2.6	9.7	3.0	10.2	1.2	1.2	3.1	1.4	
60.1	59.3	61.2	40.7	146.1	70.3	126.6	40.7	
79.1	40.8	135.9	44.7	46.6	17.1	33.7	58.4	
28.3	11.0	50.9	50.9	52.4	54.9	82.9	83.8	
30.1	7.4	38.5	4.0	28.5	8.0	9.5	19.9	
22.6	191.2	12.2	252.6	166.9	199.4	92.8	414.4	
127.2	143.6	131.6	143.8	131.5	111.6	133.1	81.9	
78.3	40.8	21.5	158.1	36.0	43.7	114.4	43.9	
92.5	33.0	31.5	118.4	137.2	87.6	49.1	102.1	
75.0	22.4	65.4	132.8	84.9	80.6	296.7	47.5	
6.9	61.2	5.3	54.6	25.9	39.8	100.2	33.7	
50.4	49.5	28.1	60.1	6.1	54.6	33.3	19.7	
118.6	54.9	16.6	103.8	80.4	55.2	114.7	60.4	
14.6	83.6	173.0	239.3	46.4	5.4	33.9	98.8	
151.6	10.3	18.9	105.6	206.1	113.9	170.7	125.4	
45.5	49.4	9.6	66.5	14.8	23.6	54.2	65.4	
382.1	183.1	26.0	226.3	36.1	41.9	84.2	23.2	
118.0	62.8	48.9	50.9	175.7	90.8	161.7	0.9	
115.4	33.9	5.2	81.2	26.3	69.4	54.1	35.3	
16.4	9.3	9.9	47.0	3.6	35.3	27.2	23.4	
199.5	170.6	106.6	180.0	238.2	61.6	138.6	52.5	
120.9	650.7	9.1	412.8	153.3	372.6	12.6	65.9	
55.4	54.1	12.9	26.2	48.7	28.2	101.9	54.8	
11.5	108.1	16.3	26.6	32.0	38.5	80.5	49.1	
38.3	31.7	95.1	212.2	40.6	214.7	228.8	78.9	
87.7	67.0	21.9	85.3	208.9	107.0	86.5	17.8	
31.0	176.7	60.1	68.6	157.8	46.7	15.6	162.2	
78.8	110.8	89.3	305.0	162.8	33.6	111.2	356.6	
79.8	29.0	11.9	31.2	68.4	45.3	43.8	25.7	
19.0	58.3	34.9	51.1	73.1	39.3	45.5	36.6	
96.3	121.1	12.0	22.6	23.1	59.8	132.9	151.6	
88.3	16.8	111.9	135.9	29.9	4.3	26.5	24.9	
186.3	183.0	20.4	216.2	87.7	124.9	66.6	171.0	
10.0	24.4	4.5	4.9	17.1	34.0	10.7	20.2	
665.1	18.7	218.1	226.7	196.9	53.3	89.8	65.1	
26.6	10.5	12.3	60.4	129.3	18.6	22.7	0.9	
457.5	240.7	310.7	530.6	272.5	174.7	136.3	280.8	
20.7	132.2	46.4	124.9	85.9	22.5	52.5	55.9	
158.9	23.3	28.3	72.2	35.3	112.6	37.6	24.4	
4.9	17.2	14.2	42.9	5.4	12.6	11.7	19.8	
229.6	340.9	19.5	601.2	261.0	104.5	140.1	261.2	
21.5	22.2	13.5	25.6	16.3	16.9	29.2	13.9	
182.1	295.5	29.2	53.0	28.6	251.3	573.3	580.2	
32.6	1.7	2.2	21.8	41.7	14.7	9.7	0.2	
36.0	8.0	8.3	30.0	6.7	25.9	18.5	11.6	
15.1	9.0	31.6	38.9	5.8	34.5	6.1	7.3	
325.5	167.8	16.1	87.2	380.4	201.7	43.1	125.0	
13.2	20.4	8.4	21.9	19.2	4.1	14.5	3.3	
37.1	69.1	102.1	226.5	63.6	203.3	27.5	11.3	
88.7	39.1	71.9	239.3	82.7	64.6	18.3	124.2	
151.1	23.4	144.0	152.8	75.8	132.1	116.0	11.6	
65.5	130.5	27.0	166.0	100.3	45.0	71.7	91.3	
12.7	16.4	22.4	60.6	16.1	12.4	35.9	15.5	
9.2	48.8	40.0	46.8	85.7	38.3	84.7	63.9	
275.8	209.8	86.7	198.9	121.6	326.0	143.3	26.6	
18.3	29.3	19.7	28.4	73.5	28.3	118.7	21.8	
93.6	40.5	53.5	69.8	208.9	118.5	88.7	196.3	
45.5	5.7	25.4	65.9	68.8	142.8	33.2	47.3	
391.6	327.0	167.1	640.1	222.7	493.2	106.3	286.8	
29.3	71.5	67.2	76.8	106.4	64.9	216.4	149.8	
32.5	110.9	12.3	60.9	10.7	256.5	326.6	227.3	
18.3	22.2	22.0	43.9	86.1	13.2	32.9	78.6	
136.6	356.3	26.4	67.8	89.0	43.4	71.3	202.5	
25.3	33.7	18.4	27.1	43.1	25.7	65.8	19.1	
2.5	229.4	87.1	395.8	25.6	189.7	38.5	78.9	
158.1	145.7	57.6	66.4	229.2	114.4	26.4	27.6	
238.1	69.8	170.5	423.3	119.8	76.0	30.6	114.0	
12.0	49.8	55.8	62.4	17.4	180.0	154.5	62.8	
165.1	298.6	169.0	263.0	159.7	53.3	154.5	122.3	
48.2	69.0	27.0	46.5	72.4	23.0	4.1	67.8	
91.4	60.5	52.9	65.1	83.7	58.8	137.4	22.0	
22.4	38.9	27.0	78.8	102.5	93.1	40.4	41.8	
24.6	18.7	18.3	55.3	50.2	4.4	4.2	26.8	
40.3	45.8	12.9	22.8	49.1	9.9	48.1	51.5	
122.2	99.5	35.5	109.2	31.0	133.3	78.6	135.2	
27.6	33.1	77.3	118.0	136.9	122.8	17.7	15.9	
49.3	121.9	156.3	198.0	409.2	253.9	126.4	82.3	
30.1	135.0	102.5	211.9	135.7	270.6	165.8	163.5	
111.2	22.1	50.9	70.5	179.5	61.7	93.9	97.8	
82.7	57.9	53.2	337.1	198.9	55.0	132.8	283.7	
18.1	48.1	56.0	90.1	11.2	73.0	37.8	62.2	
212.2	13.9	80.7	205.9	102.5	102.7	17.9	59.8	
373.5	147.6	57.7	161.2	58.2	66.5	126.2	793.5	
203.8	107.4	54.4	104.0	107.0	355.4	140.6	57.8	
47.3	129.8	25.7	104.5	82.2	76.2	45.8	30.4	
69.7	56.8	183.5	211.1	182.0	28.0	292.5	261.6	
53.2	86.1	26.2	51.0	133.9	85.4	63.2	46.8	
56.4	48.5	3.2	20.0	15.1	22.4	4.3	74.1	
75.9	27.5	127.3	137.2	122.6	26.3	72.1	49.5	
150.0	47.5	19.4	45.9	30.5	90.0	74.4	64.4	
67.7	35.5	10.0	21.7	22.2	29.6	10.4	19.3	
71.9	45.3	56.3	110.4	23.6	25.0	10.3	63.1	
21.4	76.4	14.7	47.0	35.6	56.8	55.2	54.5	
64.0	16.4	26.1	51.2	21.0	107.5	19.7	34.2	
32.7	36.4	5.7	19.5	20.8	6.9	31.5	97.6	
2.2	27.0	24.0	23.5	25.3	15.3	33.7	23.9	
48.2	35.2	13.4	39.6	27.7	87.5	12.4	45.5	
118.1	63.4	12.5	72.0	51.9	157.6	29.3	23.0	
44.8	50.2	83.3	123.0	149.3	173.4	138.3	12.4	
3.1	11.0	4.9	6.0	5.4	4.2	2.2	8.5	
74.0	121.6	43.9	105.0	53.0	82.3	12.7	158.3	
42.2	64.0	34.0	63.7	14.9	35.6	9.1	3.3	
18.2	26.1	18.2	47.8	25.1	116.5	26.6	26.7	
22.9	16.0	18.7	34.4	25.0	26.5	5.3	24.8	
9.8	69.8	19.7	34.7	34.2	106.4	24.7	11.0	
6.3	11.0	28.3	29.3	21.0	48.2	14.4	6.8	
39.0	44.3	28.7	55.0	35.4	39.8	24.4	44.9	
19.2	45.9	30.0	128.6	15.8	9.1	31.7	18.1	
51.4	17.2	16.4	46.0	107.5	46.0	84.2	76.7	
104.7	47.9	110.6	150.5	19.8	142.5	66.5	44.9	
81.3	38.4	17.4	31.3	15.1	10.0	22.6	10.7	
36.8	173.8	11.4	36.8	17.9	0.4	318.2	82.2	
9.4	19.4	34.4	35.8	17.9	63.7	106.4	67.4	
22.8	30.4	68.6	95.5	38.9	63.5	58.4	67.7	
0.3	1.8	1.9	1.2	3.2	0.7	0.2	0.3	
2.9	10.0	2.0	4.6	14.9	0.4	2.7	5.2	
96.8	370.2	14.9	72.6	206.2	199.3	200.9	154.9	
108.8	11.3	4.2	34.3	73.1	36.7	36.1	24.1	
286.6	104.6	23.6	185.4	41.5	78.6	72.7	28.5	
50.8	50.6	66.7	108.0	52.2	91.3	102.8	127.0	
4.2	3.8	10.6	13.9	22.3	6.9	19.6	12.6	
12.1	108.0	31.8	92.9	42.3	87.3	23.6	21.5	
2.9	34.3	37.2	104.8	13.2	39.5	46.7	48.9	
20.2	85.9	35.8	80.2	8.8	30.0	35.5	22.5	
137.0	5.4	26.2	64.8	127.7	67.2	50.1	35.7	
152.7	28.0	31.4	124.0	334.0	317.0	257.8	120.4	
31.3	44.7	20.7	68.6	130.6	45.3	12.1	8.0	
52.6	99.6	58.4	120.7	72.2	167.9	97.3	35.7	
55.8	78.7	144.1	234.9	87.0	301.8	62.4	207.1	
476.0	137.5	147.4	485.0	120.5	107.7	474.1	46.2	
194.0	42.9	19.3	79.2	75.3	93.3	84.4	34.8	
32.8	17.8	36.2	108.4	114.3	72.5	109.7	148.5	
74.5	4.1	9.4	36.8	23.8	25.3	72.2	29.5	
25.4	40.1	89.9	91.8	46.9	47.5	151.4	46.3	
65.5	19.8	31.1	85.0	71.6	32.1	32.0	36.1	
219.6	118.5	23.6	62.2	99.9	27.0	30.5	87.6	
5.2	45.9	3.9	29.8	23.4	29.2	25.3	7.5	
22.2	101.6	62.4	87.5	11.2	13.2	41.0	31.1	
73.6	223.8	52.3	248.9	190.2	457.7	77.1	233.7	
26.6	30.1	11.4	139.4	24.9	82.7	43.5	45.2	
78.9	5.8	30.3	39.0	21.4	63.3	22.5	9.1	
23.3	38.4	142.1	324.4	41.9	154.7	132.9	121.8	
112.9	99.7	72.1	291.1	148.3	93.7	40.5	193.9	
3.7	26.7	13.7	27.1	47.5	11.5	14.0	53.7	
14.1	8.6	2.4	3.7	6.8	0.4	2.9	4.7	
5.7	81.2	24.8	35.2	21.7	61.8	50.7	56.2	
341.3	150.2	72.1	278.6	62.6	53.4	195.1	79.7	
16.4	32.5	97.5	155.6	13.3	72.4	111.4	254.6	
125.0	21.6	61.8	75.6	165.7	25.3	123.9	49.3	
43.0	8.2	52.5	82.7	95.7	44.5	12.7	40.2	
19.5	15.0	6.3	8.2	10.2	19.4	10.1	8.4	
12.2	43.6	34.2	51.3	16.5	44.3	16.3	38.6	
191.9	32.2	140.3	191.6	7.8	321.4	271.4	232.7	
43.8	25.6	2.9	18.7	6.6	7.9	9.1	21.3	
14.2	21.2	17.6	27.6	30.6	59.4	25.8	43.7	
350.4	83.1	56.6	75.0	66.5	87.4	89.6	126.6	
20.1	20.2	3.7	47.1	15.6	9.8	24.6	4.2	
65.8	54.6	13.9	27.0	6.1	90.2	80.4	43.3	
380.2	123.0	12.5	108.1	7.6	18.1	187.4	47.9	
17.6	114.2	93.5	97.4	50.4	15.8	100.5	54.4	
126.3	135.2	36.4	101.8	46.5	27.7	79.2	67.9	
12.2	150.0	18.4	53.3	30.9	24.6	4.0	37.1	
37.6	17.6	48.7	84.2	168.0	83.7	26.4	25.9	
51.8	67.2	29.4	56.8	98.0	180.0	133.5	15.9	
10.4	75.6	7.7	49.8	52.1	12.8	28.9	21.5	
17.9	29.1	21.6	33.7	70.0	27.2	24.2	29.3	
205.0	135.7	76.6	160.1	26.9	106.4	555.6	100.6	
95.7	134.9	7.4	36.0	26.3	220.2	113.4	252.3	
93.0	311.5	83.1	278.3	42.7	216.9	88.2	44.7	
17.7	35.8	33.6	49.6	63.3	67.8	40.2	27.6	
154.5	96.7	121.7	260.0	86.6	214.7	432.0	541.3	
19.7	176.2	55.3	202.3	38.7	80.8	54.8	106.7	
22.1	73.0	104.4	201.0	260.4	120.2	149.4	282.1	
62.7	224.0	50.2	352.7	187.1	167.4	281.5	47.6	
24.6	80.0	18.9	65.7	13.0	32.0	30.7	27.1	
100.1	57.9	9.1	100.7	106.6	186.7	69.5	45.6	
38.7	44.6	19.2	36.4	18.0	30.6	28.8	64.0	
43.2	16.0	64.6	89.7	50.5	137.9	153.6	233.3	
8.2	29.2	8.5	23.8	57.3	33.9	64.5	94.2	
1.4	0.8	0.2	0.4	0.4	2.6	0.7	0.7	
3.9	40.9	8.9	19.4	8.4	11.7	40.9	11.0	
5.6	50.1	15.0	33.4	55.0	76.3	151.0	87.8	
157.4	96.6	74.9	83.5	56.9	20.7	107.1	13.5	
81.7	133.5	79.9	171.3	59.2	14.8	227.2	74.3	
36.0	287.7	74.0	124.0	161.2	62.3	124.3	84.4	
54.2	28.2	221.6	411.6	37.0	271.2	281.2	107.6	
163.1	260.7	77.3	174.6	189.7	117.6	74.9	99.5	
148.3	192.7	92.9	193.5	33.9	156.2	164.0	138.1	
58.3	38.5	8.5	35.9	56.7	66.1	91.5	66.8	
30.3	51.5	7.4	34.5	40.6	138.5	8.3	94.2	
61.1	36.6	15.2	103.9	169.8	32.6	263.2	44.0	
4.8	1.6	4.3	15.2	23.4	43.0	10.4	18.6	
19.9	29.5	21.2	61.5	37.7	37.2	108.4	9.0	
289.9	129.2	19.3	57.0	481.7	386.9	172.4	195.4	
22.5	16.4	2.4	11.4	8.7	20.5	13.9	20.5	
14.9	85.4	67.8	98.9	161.7	22.8	237.8	52.5	
18.9	63.5	30.2	39.6	27.2	51.3	25.3	98.9	
16.6	4.5	16.6	19.9	7.5	24.2	74.1	8.3	
34.5	22.3	35.4	77.6	166.5	146.8	19.2	134.7	
183.0	18.3	74.3	660.7	124.0	66.9	81.9	33.4	
16.9	30.2	24.6	27.1	17.2	24.9	29.9	24.0	
61.0	107.5	19.3	40.0	31.8	38.0	76.4	47.5	
32.0	17.3	27.6	94.6	25.5	16.6	46.0	49.9	
39.8	21.1	111.0	114.4	114.2	55.6	18.3	92.3	
117.3	87.8	46.7	57.7	111.3	41.5	65.5	61.3	
69.7	44.3	18.1	244.4	30.3	119.5	81.2	38.1	
195.1	500.9	210.9	328.0	336.9	38.9	200.7	389.2	
106.1	139.9	89.2	175.0	44.1	143.8	29.3	37.5	
9.4	15.5	56.4	121.6	102.6	6.6	9.4	38.3	
43.9	345.2	239.5	400.1	370.2	109.7	144.9	107.7	
150.1	53.6	68.4	187.9	45.2	56.0	266.3	165.4	
127.4	10.2	9.4	99.6	62.3	14.7	40.5	97.0	
3.0	3.9	6.7	7.3	11.9	10.9	8.7	9.2	
116.6	231.2	173.9	282.3	25.2	151.0	133.5	139.0	
48.1	36.2	49.6	86.6	46.8	60.9	58.1	2.5	
22.5	33.1	5.1	64.9	54.3	14.6	9.5	28.5	
48.2	49.0	36.9	48.7	18.0	55.1	116.7	52.6	
18.4	37.6	5.1	72.7	13.0	45.4	4.6	40.4	
20.7	16.1	5.9	25.3	1.2	23.8	28.2	7.1	
61.5	10.2	14.6	89.4	165.5	53.9	230.4	88.9	
8.0	29.3	15.1	22.1	12.7	7.0	30.4	17.3	
11.7	28.3	37.3	38.9	24.7	31.5	49.0	21.4	
103.6	206.4	68.4	78.5	139.7	33.3	50.9	39.8	
103.4	88.3	86.4	98.5	99.1	152.4	25.1	60.0	
21.4	17.7	12.4	15.1	11.2	31.0	37.5	38.2	
45.4	24.4	4.1	9.4	32.3	27.2	74.6	36.3	
102.2	398.6	46.8	122.5	194.6	51.8	130.2	73.9	
318.4	96.4	137.5	168.2	173.2	238.2	44.3	26.8	
125.3	227.2	9.8	31.1	175.9	69.9	52.6	19.2	
78.6	10.0	15.1	112.3	55.2	44.6	50.3	31.9	
33.4	20.7	138.6	149.7	96.5	26.0	49.1	44.4	
77.6	23.6	27.3	81.2	62.2	94.2	56.5	148.0	
142.4	64.7	146.7	467.1	142.1	287.7	49.8	84.3	
60.6	27.9	57.7	138.6	70.6	172.0	132.8	55.9	
7.9	5.6	28.4	47.0	30.1	47.6	60.3	15.1	
60.0	64.7	17.2	23.2	17.3	3.2	110.0	33.8	
61.9	47.0	69.4	116.3	185.1	49.6	51.6	20.9	
20.9	35.5	12.9	13.3	51.0	65.2	16.7	33.0	
61.7	21.6	43.3	55.9	74.7	40.4	7.6	8.6	
14.3	50.2	14.9	15.2	20.3	44.6	7.6	78.7	
110.5	55.8	55.4	111.9	26.4	60.2	65.7	53.0	
64.4	11.7	4.0	5.4	39.0	39.7	29.7	36.4	
61.3	20.7	10.6	41.3	51.8	50.3	81.9	11.3	
157.6	18.1	50.0	53.3	79.2	72.8	32.9	50.7	
4.4	4.6	7.8	7.8	0.7	7.5	1.3	0.9	
17.9	42.4	5.5	7.4	19.3	8.1	19.2	68.0	
73.8	49.2	61.4	95.8	7.5	35.6	46.7	7.2	
126.9	18.0	25.9	73.7	70.7	206.7	89.9	32.9	
2.8	8.8	8.7	10.7	9.3	15.7	5.0	7.7	
13.5	18.1	8.3	11.1	30.3	45.6	80.4	29.6	
35.6	27.7	32.6	46.0	55.4	37.5	25.2	31.8	
13.6	49.3	15.5	37.4	36.6	36.0	5.9	41.0	
16.4	25.2	17.4	38.7	7.4	16.6	9.3	2.9	
215.8	139.0	67.6	209.1	99.8	100.9	82.9	92.1	
46.2	65.4	42.1	55.9	244.2	198.2	14.2	45.9	
34.7	22.6	19.3	45.9	40.1	67.0	75.0	82.0	
33.4	129.1	31.4	89.8	49.4	106.7	55.8	124.3	
49.4	131.1	33.4	130.6	13.7	175.0	91.4	88.4	
21.8	31.4	7.6	32.9	35.0	13.4	15.2	24.8	
84.8	4.2	17.5	67.9	84.4	52.1	63.3	47.2	
279.9	90.5	16.8	48.2	87.4	118.0	150.8	344.8	
52.4	18.1	31.5	35.6	30.4	7.9	38.6	29.7	
196.7	21.7	28.1	33.8	32.5	32.7	222.5	86.9	
17.4	72.7	8.9	82.9	48.4	27.2	124.7	69.3	
252.7	79.6	53.2	191.7	69.5	157.1	68.1	134.1	
22.9	67.5	28.9	98.7	13.3	76.7	23.4	67.5	
2.3	8.3	6.5	10.1	9.5	5.1	25.9	12.6	
2.3	22.2	10.7	24.8	7.0	23.1	11.6	42.6	
103.8	53.7	25.8	66.8	25.6	34.3	168.4	40.9	
6.2	18.2	14.6	22.6	69.1	43.4	39.2	60.8	
2.7	12.4	23.9	52.2	23.4	8.3	7.1	40.2	
12.1	29.2	12.1	55.4	1.2	27.7	14.3	29.5	
126.6	38.1	25.6	90.2	62.0	50.8	51.0	86.7	
37.0	71.3	77.3	125.9	74.7	28.7	73.6	68.8	
68.9	30.5	23.2	61.6	81.8	76.0	103.0	76.1	
127.6	97.9	25.3	43.1	83.0	84.7	52.4	17.2	
276.2	323.8	169.4	247.2	206.1	91.7	455.7	515.0	
41.9	33.3	11.1	43.0	28.6	52.3	24.4	19.9	
21.9	32.8	74.2	77.2	56.1	23.8	14.4	42.1	
55.7	152.4	152.7	267.9	21.5	100.2	43.7	117.9	
125.8	81.0	37.2	40.3	6.4	51.8	156.9	42.5	
95.7	51.1	26.6	27.4	93.0	40.5	234.8	156.8	
20.3	23.1	18.6	23.1	22.2	8.3	6.3	13.0	
0.8	21.5	4.5	12.1	30.0	12.9	46.8	23.9	
39.0	62.4	19.9	30.6	10.1	41.9	48.4	37.8	
60.5	33.5	106.4	113.1	74.4	31.9	144.1	74.1	
249.5	244.7	83.6	128.0	202.5	207.4	29.0	189.3	
8.4	16.8	9.9	18.4	18.6	1.1	19.3	11.2	
96.8	42.7	39.7	132.4	26.2	151.7	55.7	14.5	
56.7	171.9	24.9	268.2	43.0	216.3	104.2	159.1	
192.9	176.0	217.3	273.4	138.4	170.3	52.2	177.7	
5.9	14.8	30.7	16.1	1.0	42.6	21.7	38.4	
103.3	34.4	87.8	34.4	51.6	117.1	68.5	67.0	
41.5	64.8	92.8	38.1	41.8	11.7	99.9	95.8	
50.3	46.8	239.3	30.6	94.8	69.6	124.0	145.0	
25.1	32.7	61.0	24.6	38.9	22.0	34.6	42.6	
2.8	43.5	7.1	2.3	0.5	20.2	34.4	11.8	
60.9	136.0	35.6	28.5	210.4	119.3	162.7	86.3	
10.9	20.9	21.2	58.8	72.3	50.1	84.3	47.5	
47.5	4.0	11.9	26.9	18.1	35.1	35.8	6.2	
10.9	27.6	7.3	5.7	5.1	5.8	4.4	12.7	
101.7	74.0	8.6	86.6	35.3	4.6	5.6	25.2	
100.9	38.8	78.0	32.0	57.3	95.5	33.4	162.7	
82.7	191.5	30.3	22.8	32.9	5.7	71.4	57.3	
33.9	13.3	26.3	10.5	49.9	20.3	81.4	141.2	
0.7	11.7	6.9	12.0	24.8	3.5	3.8	2.7	
31.1	73.9	8.2	35.1	219.9	74.3	133.7	71.9	
24.1	38.0	37.7	105.3	35.9	60.7	70.2	97.7	
20.9	25.0	51.6	13.6	8.7	114.6	5.7	37.7	
24.5	11.8	37.1	17.7	11.0	21.1	29.4	8.0	
64.7	51.8	216.2	70.9	45.8	97.9	12.1	210.0	
26.2	343.4	67.2	108.1	29.1	26.8	2.4	256.2	
28.1	19.8	45.5	86.6	77.2	39.5	41.9	95.2	
104.5	42.4	89.2	49.9	116.8	51.9	13.4	150.4	
103.8	288.0	39.2	286.2	309.8	127.7	30.1	267.2	
25.7	119.1	95.9	44.9	83.5	177.8	29.1	106.7	
30.6	37.8	29.3	55.0	25.0	36.7	78.1	120.9	
0.8	1.4	0.9	2.5	4.3	0.6	2.6	0.9	
6.8	1.0	4.3	6.9	11.4	5.2	2.2	8.7	
319.7	73.0	101.4	30.1	154.6	82.9	129.3	132.3	
9.5	34.8	18.3	12.9	18.4	6.0	9.1	71.9	
10.3	19.7	34.0	34.2	17.2	22.6	19.2	26.2	
16.6	62.5	1.6	179.4	96.2	28.2	54.7	67.3	
4.3	47.9	49.6	24.1	81.0	143.4	90.0	16.3	
28.4	9.6	24.2	12.8	18.2	14.2	17.8	16.8	
13.5	9.5	38.3	4.2	46.7	51.9	47.7	54.3	
58.0	196.0	83.3	34.7	65.8	145.9	52.8	56.6	
64.7	56.9	136.0	187.3	87.7	352.3	175.6	17.9	
165.6	377.9	172.3	332.8	343.9	137.1	170.6	575.8	
293.1	85.5	169.7	421.6	80.2	275.7	69.3	25.9	
120.5	211.0	66.8	34.7	30.3	47.7	48.2	44.0	
10.2	9.5	18.1	28.7	6.0	17.4	60.6	13.0	
193.7	231.7	163.1	263.1	53.1	355.8	94.3	74.1	
32.1	194.5	163.2	54.9	90.8	185.5	58.3	83.8	
88.3	38.6	80.7	144.4	92.5	208.8	81.9	46.1	
70.2	159.7	175.0	347.2	184.2	71.4	90.6	32.1	
39.0	6.0	19.3	26.8	16.5	46.6	6.5	32.0	
29.1	42.7	70.5	25.1	28.3	28.4	7.7	17.1	
26.8	51.9	29.1	72.6	33.1	146.1	25.6	21.7	
25.4	185.3	59.1	8.7	10.5	55.2	23.8	61.5	
173.7	27.7	110.6	59.6	34.4	106.5	39.8	167.9	
39.3	78.8	192.5	39.1	31.6	132.3	71.3	61.8	
107.5	100.2	67.7	152.8	61.1	323.2	125.5	125.2	
23.8	14.1	14.0	86.0	29.5	19.4	28.3	62.0	
26.3	164.8	135.8	39.1	54.2	13.3	18.5	111.4	
126.4	112.6	48.1	67.2	51.5	19.5	20.5	42.5	
52.1	31.2	82.8	20.5	43.7	91.7	19.1	83.7	
9.8	49.7	36.4	34.4	34.8	23.4	31.9	6.2	
22.3	37.2	19.8	3.5	23.3	22.1	12.2	34.8	
40.9	35.4	39.4	51.7	49.4	40.8	73.0	54.4	
30.9	41.1	6.9	17.7	19.8	7.0	19.5	6.3	
25.0	141.6	137.7	160.0	155.1	35.5	94.5	70.9	
51.3	63.1	128.8	20.9	103.9	86.1	100.2	26.0	
227.4	77.9	68.2	209.6	44.7	30.5	85.7	92.1	
55.5	20.9	39.2	15.2	43.9	18.4	25.8	27.1	
21.0	7.4	24.9	6.2	23.4	41.9	18.1	25.1	
232.0	203.0	953.9	34.4	250.9	439.8	212.0	130.5	
11.3	20.1	5.3	19.7	7.5	33.6	5.5	16.4	
38.5	26.6	59.5	6.2	57.4	52.3	173.5	51.4	
39.2	154.3	55.4	67.5	13.4	125.4	35.8	119.6	
32.7	14.3	9.7	16.9	39.7	59.1	25.0	40.7	
35.2	62.3	42.5	42.2	24.9	31.9	7.7	36.5	
10.8	7.8	20.5	8.6	4.5	1.1	6.0	7.2	
16.2	51.4	37.6	15.4	68.2	67.5	64.3	26.7	
342.8	417.1	161.5	149.9	531.5	45.1	235.5	175.2	
31.8	138.8	83.1	92.6	64.9	12.3	124.3	29.1	
6.1	62.0	150.7	65.8	137.9	109.5	45.6	49.4	
83.0	53.6	13.5	26.3	55.6	12.8	25.4	36.0	
9.8	15.9	14.0	12.9	17.1	23.1	8.5	2.9	
146.8	73.3	24.7	111.8	14.0	29.6	52.8	57.6	
24.8	11.9	3.9	10.8	4.9	13.5	14.4	15.9	
79.5	149.3	17.4	41.2	79.6	5.9	59.6	186.7	
7.1	8.3	17.0	2.0	7.4	4.0	19.3	14.9	
36.5	18.8	48.2	54.8	44.5	74.7	93.4	12.1	
12.2	5.3	9.0	10.0	40.8	7.0	9.8	11.9	
6.4	84.1	116.9	20.9	38.1	33.7	17.3	43.7	
72.3	48.5	100.1	20.9	98.9	49.6	45.1	45.1	
10.8	130.4	14.1	39.9	63.3	59.0	23.8	31.3	
85.7	40.7	83.3	44.4	21.6	34.9	25.7	24.0	
20.9	7.6	48.6	10.8	19.8	15.9	5.5	8.1	
3.0	34.5	16.6	6.9	3.6	8.2	11.3	17.9	
28.1	36.7	209.8	144.3	185.7	42.7	45.4	22.1	
12.6	313.4	50.5	82.9	325.6	152.3	184.9	51.7	
41.7	69.9	271.8	79.1	395.4	235.6	98.9	90.0	
29.9	15.5	26.8	68.4	9.4	30.1	15.3	49.4	
165.7	136.5	202.3	210.2	170.8	94.1	269.8	206.8	
77.7	44.8	54.6	8.6	85.8	38.9	3.9	25.8	
39.7	23.0	19.8	23.0	39.2	80.1	63.5	32.0	
63.5	16.6	77.5	44.0	47.8	32.8	31.9	30.8	
6.7	4.9	19.5	20.6	4.0	9.2	19.6	10.3	
43.8	75.9	31.6	59.0	17.4	135.5	30.5	33.4	
14.0	49.2	44.4	95.3	74.1	135.6	41.8	48.7	
45.3	47.3	84.0	25.3	102.8	57.4	69.8	32.5	
256.4	44.1	56.4	13.7	596.2	48.4	296.1	62.6	
82.5	13.3	34.4	40.6	22.3	18.2	53.4	22.2	
20.0	25.3	52.7	60.5	28.4	28.0	28.9	9.4	
41.4	97.6	75.8	23.3	149.4	143.9	46.1	25.6	
11.4	62.9	145.3	20.2	31.3	138.6	28.7	56.0	
172.5	247.5	72.7	115.9	145.2	8.2	50.6	80.0	
42.1	33.4	9.8	114.0	63.2	68.1	29.9	27.6	
17.4	6.0	129.7	40.8	64.7	7.8	7.0	46.3	
37.2	15.6	63.4	19.7	31.1	20.0	39.5	5.0	
140.8	56.2	24.0	13.5	23.0	49.8	58.5	26.2	
108.2	138.2	221.7	29.4	68.2	203.5	256.5	112.4	
75.8	79.1	66.7	103.8	62.1	38.3	176.2	4.9	
20.7	8.6	2.9	65.1	16.8	44.4	17.7	15.7	
81.5	236.1	108.5	146.0	57.4	275.5	89.8	83.3	
6.1	9.6	18.6	21.1	2.7	11.6	67.1	6.9	
6.8	105.0	24.7	64.8	96.3	62.1	56.7	31.5	
122.5	80.0	97.4	79.5	43.8	60.5	78.2	107.3	
59.7	72.2	126.3	111.4	157.4	23.1	111.0	149.8	
306.9	181.4	119.5	66.2	135.5	401.9	94.3	467.1	
243.1	176.8	147.2	79.6	101.8	89.8	44.6	190.7	
64.5	198.7	75.8	147.0	25.1	6.6	89.2	427.6	
56.1	140.3	127.1	40.5	220.6	130.8	64.9	238.9	
396.1	113.9	141.1	51.5	33.5	375.0	125.1	80.7	
55.5	8.2	6.6	29.7	104.5	34.5	34.0	34.4	
17.4	12.9	39.1	54.8	24.1	15.7	13.6	10.2	
13.4	17.7	86.8	25.4	85.4	50.4	51.9	5.3	
166.9	64.8	267.5	23.6	144.7	171.0	155.3	124.9	
48.6	75.9	29.5	154.7	15.7	167.9	50.4	44.0	
69.9	117.6	51.5	32.0	6.1	13.5	2.5	26.2	
56.0	147.8	122.1	70.7	74.9	49.4	49.9	68.1	
7.7	12.1	5.3	8.3	7.5	10.1	5.3	5.8	
10.6	8.2	12.5	3.4	8.7	22.9	5.2	8.2	
57.2	24.8	30.8	18.2	22.0	42.5	88.6	76.5	
59.8	36.8	34.6	11.4	81.0	144.2	69.5	52.7	
17.9	13.1	11.1	40.0	8.4	42.4	3.9	27.8	
6.4	22.6	2.9	31.3	9.1	3.3	23.7	25.1	
7.8	165.8	49.2	45.6	72.2	62.8	20.8	37.2	
53.5	14.4	12.2	13.2	20.0	45.6	33.3	15.6	
40.2	59.4	167.5	55.2	67.6	124.5	138.9	131.5	
32.2	209.2	122.2	95.6	33.8	45.3	174.8	299.4	
5.6	54.2	37.7	47.7	23.5	94.8	47.8	40.0	
49.7	49.8	51.2	624.5	393.0	73.2	132.9	373.8	
55.2	92.7	46.1	28.9	84.9	22.4	61.7	16.7	
35.9	34.1	27.9	44.6	3.2	142.7	53.3	39.0	
134.3	146.3	63.5	81.1	23.0	28.1	14.9	66.8	
17.3	100.7	43.5	38.6	37.0	63.6	37.3	12.8	
182.6	275.9	89.6	88.3	36.9	124.6	133.9	122.2	
25.9	66.5	80.3	79.1	64.4	17.3	64.0	39.1	
6.3	24.5	3.4	1.7	27.8	42.5	22.1	14.9	
23.6	1.0	20.4	47.0	48.9	5.0	5.5	49.2	
25.2	73.3	33.2	122.6	38.9	15.9	69.4	66.3	
21.7	57.3	35.4	27.5	32.5	42.2	8.7	86.8	
13.2	50.0	28.0	39.4	76.2	40.0	42.9	85.2	
63.3	10.2	22.6	23.5	100.0	12.2	35.7	25.6	
38.6	44.3	13.7	60.1	34.0	87.4	87.6	16.5	
39.7	52.9	9.9	19.6	27.0	95.5	38.4	11.9	
105.5	27.0	69.0	72.6	22.2	101.9	210.2	508.1	
153.1	244.8	103.2	42.4	234.8	182.8	95.1	136.7	
44.8	29.5	11.4	65.6	115.5	9.1	30.2	31.6	
68.5	78.0	48.2	13.6	95.3	30.0	107.0	23.3	
11.4	61.3	6.6	111.5	43.0	26.1	50.5	7.4	
11.3	20.5	45.7	13.0	15.0	31.5	58.1	99.8	
55.9	29.7	90.6	98.4	38.5	201.9	56.4	117.4	
325.9	58.2	594.7	428.5	197.9	79.6	201.8	327.8	
13.4	11.3	23.1	8.0	7.6	2.1	10.8	10.2	
1.7	23.8	5.7	25.1	3.3	18.9	9.7	18.4	
8.1	35.6	47.2	33.8	82.9	40.1	123.9	118.3	
196.6	127.3	279.3	34.0	62.8	302.7	14.2	249.6	
10.2	11.2	60.5	31.2	15.6	24.9	40.4	37.9	
123.6	42.7	147.2	267.9	353.3	152.2	81.2	106.9	
101.6	147.4	12.1	117.6	10.6	97.5	55.0	1.4	
16.1	54.7	41.8	49.2	58.8	13.1	62.5	75.2	
61.3	116.4	86.2	183.6	160.9	33.8	113.1	144.9	
34.9	22.5	30.4	109.9	29.3	26.0	28.8	40.8	
63.4	27.2	38.7	39.9	27.2	66.9	11.8	66.6	
222.5	102.7	243.9	103.7	109.7	19.5	87.1	95.7	
204.6	217.1	48.2	96.4	53.7	112.3	163.6	96.8	
29.0	96.4	119.4	70.6	150.9	53.1	29.4	29.5	
57.4	23.4	43.2	117.2	148.7	27.1	56.9	58.8	
163.5	140.6	112.3	49.8	27.9	104.6	229.3	65.8	
47.5	5.7	19.6	32.3	94.3	2.4	10.2	12.1	
32.1	19.0	12.8	56.9	6.4	13.6	10.0	10.7	
109.8	139.4	131.0	264.8	203.2	18.2	111.0	99.4	
12.6	40.3	32.1	23.8	29.0	54.1	30.4	50.4	
148.2	92.1	77.3	28.3	42.4	34.0	15.8	78.7	
259.7	182.0	41.4	113.8	178.8	19.5	117.9	85.7	
105.3	106.5	121.2	84.0	261.5	203.5	164.7	111.4	
7.9	79.8	43.7	17.3	39.8	42.8	36.7	11.4	
37.0	65.6	14.5	5.2	64.9	65.9	77.1	52.1	
67.1	124.2	55.5	101.5	202.7	68.6	61.9	51.7	
22.6	83.7	40.7	11.7	25.7	83.9	120.1	9.1	
12.4	56.6	95.8	161.5	220.1	90.0	4.4	496.1	
41.4	57.2	44.7	18.7	14.9	68.9	34.4	11.5	
48.4	48.9	19.0	38.8	49.6	54.2	84.9	46.2	
95.5	64.5	59.7	75.6	14.4	44.4	107.6	92.1	
4.7	32.3	30.0	38.5	67.4	107.3	25.4	17.9	
31.8	27.8	10.8	11.7	37.4	31.1	17.3	9.7	
111.5	126.4	62.1	144.0	76.2	79.0	238.8	42.2	
41.9	3.9	32.3	100.4	31.8	28.3	62.8	19.4	
59.3	51.6	113.4	52.4	185.9	97.5	632.0	362.6	
64.1	45.4	110.9	80.3	108.4	292.1	29.3	106.0	
13.1	51.7	7.2	45.4	65.7	33.5	21.2	71.1	
137.7	53.8	72.5	202.6	107.2	76.4	29.7	45.1	
59.2	78.9	41.1	50.6	235.2	66.7	24.6	155.4	
49.5	16.8	150.4	71.8	47.4	292.8	62.7	74.9	
72.5	236.3	85.5	188.4	11.8	37.6	250.9	143.7	
41.9	9.9	63.5	41.0	81.2	121.5	3.8	45.4	
55.7	87.6	58.0	48.7	167.5	114.5	70.3	86.9	
190.7	146.0	47.7	46.6	31.7	78.6	11.6	26.2	
3.4	1.1	7.7	3.1	16.3	4.0	4.9	3.6	
15.4	7.8	10.5	4.4	11.2	6.4	44.5	11.6	
65.0	119.9	61.0	151.2	69.5	171.9	154.0	51.9	
73.9	55.0	26.2	17.4	45.0	32.6	15.9	34.8	
149.7	26.5	9.8	29.2	11.9	106.6	65.1	91.9	
99.8	64.5	105.8	103.5	46.3	151.2	207.2	163.7	
154.0	35.1	42.0	105.7	171.7	32.0	237.1	54.3	
13.5	3.8	14.2	4.6	6.8	14.7	18.3	4.6	
20.3	17.0	16.3	12.6	17.6	57.3	30.1	13.1	
35.7	12.9	10.8	18.9	6.6	5.4	6.2	2.8	
47.4	83.7	32.1	27.2	16.1	69.9	24.8	53.4	
11.8	16.7	3.9	20.6	8.6	31.4	8.0	9.5	
43.5	46.5	44.5	6.3	72.6	42.8	36.0	23.0	
428.8	176.5	141.0	267.4	278.4	125.6	58.7	218.0	
94.6	47.1	100.6	58.2	23.5	48.3	49.2	22.5	
17.2	15.0	36.1	48.8	63.4	5.2	47.7	23.2	
0.8	4.1	3.7	13.0	6.2	1.6	1.0	0.4	
40.0	43.4	6.4	26.4	11.9	23.8	16.9	19.9	
36.2	17.9	19.4	40.8	19.2	50.3	23.4	48.4	
98.3	580.8	84.7	50.2	198.9	178.8	109.8	64.7	
61.6	37.1	135.6	54.4	18.9	176.1	195.5	178.1	
155.8	28.2	10.6	19.5	61.8	197.3	10.3	38.6	
86.3	69.7	302.2	195.9	143.6	179.0	156.2	107.8	
20.8	26.8	27.7	8.7	77.4	28.1	4.7	7.4	
253.6	340.6	84.6	76.2	120.8	101.8	128.0	322.6	
96.6	20.7	137.6	91.1	113.9	114.3	98.6	85.7	
169.3	117.1	170.1	113.4	407.1	222.2	79.7	25.8	
13.4	10.0	36.9	2.7	11.5	4.7	30.7	19.0	
77.5	112.4	54.2	42.1	61.2	115.4	40.7	12.3	
292.6	161.2	257.3	236.4	74.5	270.5	386.5	164.5	
8.4	14.5	7.0	14.4	7.3	18.2	14.0	10.7	
25.2	82.4	8.1	67.5	96.3	20.8	73.8	94.0	
71.8	212.8	169.2	74.2	217.4	144.8	41.1	142.1	
31.6	32.3	37.1	19.8	65.0	122.2	67.7	88.2	
13.8	57.0	195.0	123.1	182.1	109.6	68.6	163.6	
16.9	48.6	10.6	7.8	26.4	43.8	23.9	76.6	
80.4	194.1	49.2	46.5	63.9	45.1	15.1	110.5	
5.9	2.4	13.3	1.5	0.6	4.3	0.9	3.1	
125.0	15.3	28.9	204.1	33.4	200.2	62.7	90.0	
105.1	51.1	53.8	25.7	59.7	8.1	92.6	35.1	
21.9	5.2	29.0	32.5	1.8	12.9	8.3	13.3	
45.9	16.9	7.1	56.5	33.2	71.9	43.4	11.4	
26.4	39.9	62.1	102.7	95.3	85.5	101.8	75.7	
119.4	50.7	43.5	44.0	40.2	83.7	47.7	72.7	
170.4	416.8	270.6	217.2	13.2	75.7	15.0	19.3	
39.4	10.0	14.1	68.4	6.7	40.5	27.6	5.9	
46.0	26.8	72.2	94.4	31.3	9.4	22.0	77.7	
32.8	40.4	0.9	1.2	7.7	38.9	37.5	6.3	
45.8	37.4	8.0	42.3	12.6	57.7	9.6	26.0	
13.6	18.4	25.1	17.4	40.1	39.5	11.6	10.6	
53.2	127.2	107.8	77.7	24.8	151.5	41.1	165.6	
85.6	136.9	8.2	50.2	137.4	45.8	58.7	131.0	
91.4	28.5	123.3	36.9	238.2	103.6	110.4	6.0	
88.8	180.3	388.5	276.5	561.8	299.9	359.9	541.5	
85.4	22.2	120.1	62.6	26.7	130.7	32.9	58.5	
228.2	14.8	214.7	28.8	52.2	91.1	51.1	45.6	
91.9	50.0	9.3	16.1	47.4	56.9	115.7	55.4	
147.4	36.5	48.9	103.4	71.3	134.7	16.2	160.5	
11.2	246.1	52.6	166.2	150.3	47.4	144.6	98.1	
122.2	12.6	88.1	19.2	47.6	57.4	97.5	40.1	
1.4	10.8	13.2	23.8	7.7	7.2	27.5	3.3	
16.0	77.5	3.3	29.9	58.8	22.2	18.0	21.2	
75.8	45.7	160.8	36.1	36.1	56.5	275.7	187.8	
60.3	25.4	100.5	22.8	20.4	30.6	52.8	22.4	
43.4	48.0	74.1	43.6	46.2	51.1	37.5	15.0	
353.2	88.7	142.4	180.6	267.4	347.9	253.8	61.8	
46.7	65.7	34.5	50.5	41.6	5.7	46.8	33.8	
100.5	46.0	407.2	100.6	330.1	426.6	146.0	137.5	
61.4	21.8	76.7	29.3	42.1	5.8	52.9	34.5	
142.4	122.1	24.5	13.5	30.6	79.5	18.1	113.7	
246.6	8.1	207.4	141.1	77.3	360.5	225.7	106.5	
13.6	26.9	57.7	14.7	45.7	4.0	56.8	57.2	
15.3	15.4	16.6	23.9	5.1	22.4	5.0	33.0	
139.3	84.0	53.4	6.7	172.1	67.5	88.0	76.7	
125.9	69.1	246.4	349.5	66.8	19.0	39.1	174.2	
69.9	12.1	33.7	39.0	44.6	26.8	58.7	20.5	
194.1	172.2	59.3	274.4	10.1	258.2	516.4	212.0	
48.4	9.0	19.7	5.1	18.4	16.1	59.6	19.2	
189.2	95.5	33.0	203.3	28.6	46.7	221.6	91.5	
111.8	312.6	675.2	80.3	41.8	160.0	219.8	405.5	
32.5	103.8	35.3	32.4	45.0	43.4	50.9	35.6	
35.2	79.1	144.2	145.1	128.5	24.0	42.9	41.9	
232.3	345.5	82.1	136.8	195.8	306.8	60.3	206.0	
209.1	151.2	144.1	63.8	139.3	77.0	125.4	139.2	
103.1	144.1	32.2	262.7	109.0	53.9	80.5	32.2	
43.2	18.8	58.7	25.1	16.6	15.0	6.0	15.9	
24.6	30.8	6.1	195.0	77.9	69.2	19.5	32.6	
35.2	29.8	33.3	73.5	50.2	16.2	12.5	17.6	
108.7	79.1	79.0	139.8	22.7	73.2	13.1	15.1	
92.8	109.2	93.8	35.8	91.6	28.7	69.4	195.0	
64.4	60.9	109.2	26.3	76.0	55.8	117.0	62.3	
79.4	70.1	22.8	32.3	30.7	8.5	46.8	27.7	
70.2	9.8	115.9	12.1	112.1	86.2	32.3	63.6	
86.4	211.8	98.4	129.0	232.0	219.2	192.8	72.5	
109.2	19.9	19.4	66.8	28.6	13.5	54.4	33.0	
42.5	75.0	60.7	51.9	30.7	34.6	15.8	12.8	
28.1	2.8	42.6	16.3	62.2	97.4	26.6	26.2	
9.0	112.2	42.5	101.9	91.8	48.5	215.6	12.8	
35.9	15.7	31.6	38.2	97.1	29.6	16.6	16.0	
21.8	9.6	3.3	5.2	16.0	34.0	29.4	49.5	
50.7	25.6	37.6	52.9	64.2	52.7	4.1	42.4	
151.5	85.4	30.2	53.9	36.8	63.3	54.4	54.1	
33.5	33.7	70.7	95.2	111.3	62.5	74.6	201.2	
46.0	102.9	23.8	133.1	40.8	45.4	41.2	55.3	
15.7	107.9	40.3	84.9	43.1	95.6	116.2	60.6	
76.3	118.6	131.9	31.9	120.2	102.7	12.3	68.1	
38.0	0.6	53.8	26.9	89.2	81.3	55.2	29.0	
56.3	161.4	198.7	116.6	40.9	31.4	140.8	42.6	
69.5	16.4	11.9	40.9	38.2	73.4	30.6	64.6	
64.8	117.2	258.7	173.9	115.9	209.3	94.3	163.8	
129.7	104.1	23.6	42.0	69.9	13.0	20.6	5.0	
16.1	117.5	97.1	66.6	17.2	40.2	18.0	12.6	
12.7	1.9	30.9	15.2	22.0	18.2	39.7	5.3	
14.3	1.4	23.8	8.5	31.8	16.8	5.9	32.5	
40.2	99.1	63.5	89.5	35.9	76.9	139.5	7.9	
9.7	14.9	14.2	14.7	2.1	10.7	6.7	22.6	
152.8	239.8	515.9	253.2	232.0	85.5	449.7	55.7	
30.2	35.5	66.3	65.3	11.0	52.8	51.3	36.9	
112.0	94.1	122.0	178.3	28.7	25.0	128.7	191.3	
25.3	12.8	3.4	37.7	14.3	41.4	34.5	34.0	
29.4	87.9	100.5	101.8	169.5	49.1	81.6	152.3	
93.3	68.3	47.3	10.7	55.9	126.2	69.4	46.3	
87.1	458.5	114.9	136.1	69.0	228.3	185.9	195.7	
61.1	15.9	16.5	5.5	110.2	98.4	41.0	35.1	
369.8	131.6	226.8	162.5	222.1	167.1	613.4	106.0	
6.6	19.8	37.0	106.9	23.3	1.6	51.5	58.8	
109.4	31.5	179.6	142.2	110.3	227.7	54.6	300.8	
118.5	57.0	82.5	9.7	10.8	24.7	18.7	34.1	
27.4	39.1	117.6	74.2	40.2	195.0	102.7	46.6	
49.7	75.4	188.4	77.3	46.6	59.8	83.1	110.1	
10.2	69.6	5.8	22.9	39.2	7.0	26.3	73.7	
8.8	33.5	48.2	23.3	11.8	23.6	32.6	17.4	
17.7	5.8	32.1	12.4	33.6	29.5	67.1	32.5	
144.1	66.4	131.3	103.8	237.3	179.8	217.7	78.6	
33.9	71.0	114.6	40.6	8.3	135.9	50.8	125.5	
3.4	51.4	23.9	7.3	19.2	2.6	71.5	14.4	
5.5	38.2	24.0	13.7	23.8	18.7	27.5	20.7	
13.3	8.0	10.0	8.3	4.9	9.9	14.4	15.8	
20.7	26.2	9.6	22.4	80.0	35.9	10.3	8.2	
14.2	50.4	38.7	57.9	141.1	23.8	63.2	105.7	
55.4	31.1	4.7	79.1	16.5	101.6	39.9	54.4	
373.7	440.3	912.3	849.8	386.4	487.6	144.6	60.8	
88.6	11.2	433.1	134.3	134.5	433.9	14.3	154.3	
77.0	5.2	174.5	72.2	81.4	130.9	31.0	79.1	
38.6	4.8	12.9	2.7	24.6	6.1	9.7	61.8	
5.5	21.0	21.9	41.1	8.1	6.9	16.3	59.0	
18.1	4.2	16.3	18.1	32.9	12.6	10.3	10.9	
101.5	33.0	7.9	5.9	39.8	18.0	227.3	110.5	
49.6	23.0	78.1	20.4	35.6	17.3	13.1	35.3	
26.2	191.5	44.0	97.5	33.9	24.9	39.9	92.5	
27.0	38.9	16.8	25.9	63.5	43.4	51.8	52.9	
265.3	95.5	137.0	260.3	54.2	110.4	357.9	272.1	
109.8	45.0	128.0	27.3	85.6	65.2	18.4	38.8	
115.2	164.3	65.1	121.9	42.7	153.1	232.0	91.7	
176.4	168.4	110.6	253.6	460.3	109.7	188.6	183.7	
21.6	22.8	74.9	12.0	20.4	33.2	13.8	47.6	
78.1	57.1	0.3	34.2	31.6	14.7	27.7	5.5	
1.0	2.7	9.0	3.3	9.4	6.5	9.4	3.8	
303.9	161.7	30.8	56.7	55.7	42.7	61.0	114.7	
21.4	13.3	28.6	6.9	10.3	25.9	11.7	11.1	
8.7	4.9	17.1	6.9	8.0	5.0	32.5	26.2	
30.9	11.4	60.4	169.7	20.0	60.0	80.0	127.6	
65.9	44.2	85.3	24.7	30.0	25.2	108.4	141.8	
360.7	161.1	94.4	50.0	185.6	338.0	221.5	108.3	
35.1	45.9	130.7	35.1	28.2	149.5	38.5	13.4	
13.1	48.2	32.4	34.9	26.3	37.3	15.8	39.8	
53.0	53.2	199.7	150.5	56.7	114.9	151.7	249.8	
14.2	43.5	23.3	17.7	23.2	52.4	13.7	11.0	
60.9	677.2	166.1	263.6	130.1	118.2	91.6	78.5	
47.2	5.5	44.0	41.6	11.2	65.1	53.6	11.9	
86.2	61.0	77.8	55.4	16.5	34.9	171.7	52.3	
47.2	20.9	28.3	24.4	23.9	48.1	48.8	24.0	
44.5	19.4	71.1	20.8	15.0	2.1	11.0	1.7	
179.4	64.3	176.9	87.1	20.8	61.8	28.4	102.4	
13.5	30.5	35.0	12.9	33.1	45.3	63.7	32.6	
44.2	99.6	35.5	82.5	82.2	54.2	66.8	191.4	
38.7	29.2	15.2	15.0	38.2	62.6	66.3	81.0	
236.8	102.1	37.2	218.1	138.4	173.4	135.4	175.1	
59.6	26.0	145.6	274.6	44.4	5.1	47.5	72.4	
4.7	18.0	1.6	11.9	16.0	5.4	4.2	19.0	
335.3	84.1	427.3	81.3	359.6	306.7	299.3	177.9	
43.4	16.6	20.7	43.2	35.0	24.2	25.6	34.5	
97.0	181.3	78.3	61.8	105.2	122.5	8.7	144.8	
18.5	109.6	63.9	20.4	161.4	30.7	21.3	70.2	
12.1	181.2	22.3	38.0	9.5	25.3	18.9	46.1	
39.5	75.2	46.9	65.9	114.9	17.6	34.1	0.9	
43.5	43.6	48.1	18.1	38.2	45.2	13.3	23.2	
82.2	33.8	54.3	77.3	137.5	77.5	100.0	74.5	
16.6	32.8	24.9	37.4	54.9	11.8	33.6	6.0	
110.7	82.9	16.6	65.6	87.7	69.7	35.5	196.7	
70.4	51.6	35.2	56.4	35.0	28.8	119.1	54.6	
57.0	45.0	63.7	66.5	35.8	13.7	23.0	63.9	
19.2	18.4	35.8	25.6	5.8	28.9	23.7	62.3	
7.9	31.4	12.4	6.8	22.3	27.1	4.8	41.3	
76.5	164.1	155.0	148.0	71.5	29.7	28.2	29.8	
35.1	33.8	15.5	50.8	25.8	36.9	54.3	49.7	
23.8	26.9	22.5	23.3	21.7	10.4	15.8	38.3	
141.4	53.6	54.1	169.8	229.0	191.5	371.9	156.9	
46.6	60.7	34.6	52.2	28.3	66.9	14.3	39.5	
209.4	156.2	313.6	246.2	106.1	93.6	139.4	33.3	
73.9	485.9	306.4	65.4	88.0	66.3	49.1	115.6	
11.7	35.0	18.4	102.4	71.3	37.4	86.8	24.3	
49.3	60.5	20.0	30.6	54.7	23.4	72.2	15.3	
37.9	26.6	32.9	33.3	4.4	28.2	179.7	50.0	
84.1	71.9	300.8	282.8	147.9	214.4	97.3	188.4	
20.6	12.9	17.8	3.0	70.6	39.3	46.1	23.0	
69.8	75.3	107.6	55.5	54.3	98.6	583.8	281.0	
32.5	98.2	73.3	67.3	55.5	209.6	45.5	30.1	
28.2	63.8	3.3	61.2	56.5	14.5	79.6	13.9	
17.1	15.5	17.4	13.5	18.5	7.7	8.2	14.2	
232.3	322.7	25.3	137.1	133.7	346.0	86.3	196.5	
31.1	110.6	41.1	1464.1	289.8	88.5	121.0	79.5	
71.1	76.5	27.0	95.2	37.3	29.1	36.0	137.9	
2.3	2.4	7.9	6.6	3.2	0.6	28.1	5.6	
73.6	18.1	167.6	42.9	58.6	50.1	147.0	150.3	
76.7	73.5	26.7	3.8	221.8	98.7	68.9	53.9	
3.7	35.6	9.9	31.2	40.8	15.6	62.2	5.6	
27.0	111.5	57.7	91.4	76.3	45.3	225.3	164.9	
201.5	74.9	106.4	72.7	302.2	19.3	25.6	190.0	
20.6	12.6	24.0	12.2	14.5	7.4	10.2	24.0	
19.3	28.9	34.6	81.9	83.1	25.0	42.7	51.6	
54.9	21.7	145.7	83.6	127.4	71.7	39.6	66.6	
174.7	158.3	158.8	83.3	252.2	33.3	165.5	29.3	
0.6	0.5	0.4	1.0	0.6	0.3	0.4	0.2	
109.8	28.6	74.5	56.7	223.8	185.6	79.9	67.1	
77.4	14.0	304.5	46.0	15.8	112.1	80.2	65.8	
23.1	32.8	29.8	20.0	72.7	14.2	23.5	52.7	
34.1	79.0	36.2	14.9	59.4	66.2	23.1	17.7	
29.8	13.6	17.1	45.1	23.6	23.8	13.1	20.0	
93.6	78.4	24.9	68.5	49.9	131.4	144.8	16.9	
6.5	17.1	11.1	38.4	13.2	9.4	20.2	5.5	
171.9	63.4	28.5	39.5	38.0	180.7	36.4	129.6	
128.6	306.5	81.0	59.5	55.1	170.7	73.2	382.5	
236.7	94.2	243.1	192.1	32.2	467.8	73.5	84.8	
19.4	19.2	35.9	19.0	34.1	91.9	20.3	12.8	
98.2	107.5	48.0	24.5	37.8	55.4	140.5	64.4	
222.4	29.8	20.3	32.6	62.4	131.1	63.2	22.8	
115.0	27.0	265.5	39.4	66.6	163.9	222.0	211.0	
32.5	78.4	44.7	41.1	23.9	9.4	53.7	53.5	
122.7	195.9	280.2	40.8	217.1	109.8	165.5	28.4	
22.3	122.6	22.4	106.8	8.0	18.0	36.6	29.3	
76.0	149.2	78.0	60.7	26.7	27.8	107.4	94.3	
149.4	416.8	326.0	60.2	113.8	178.4	312.8	262.3	
