36.8	27.6	63.1	40.1	34.5	78.7	20.7	46.9	
5.9	16.0	14.6	16.6	2.4	3.6	1.7	16.5	
42.3	25.6	60.2	22.3	6.3	81.6	61.2	41.3	
27.3	37.8	49.7	153.5	274.2	68.8	147.4	264.0	
27.9	9.1	11.4	3.7	11.0	26.0	14.6	22.8	
47.6	39.6	17.9	6.8	8.3	29.6	18.0	13.3	
78.4	203.4	37.3	26.5	63.5	49.5	44.8	34.9	
4.9	22.0	32.5	19.5	2.3	22.1	5.0	34.6	
26.1	14.3	3.6	44.5	14.7	8.0	30.4	5.3	
4.9	18.3	50.2	34.6	47.8	27.4	9.1	19.2	
8.1	18.8	3.2	32.3	11.0	21.0	30.0	19.2	
86.2	65.6	29.7	16.7	142.0	95.2	116.4	135.5	
110.5	73.0	61.0	59.7	62.8	66.1	146.4	64.0	
64.5	52.3	12.9	28.1	20.7	4.6	46.3	69.5	
83.1	45.1	222.1	126.7	46.4	20.4	42.8	46.5	
23.0	68.5	13.0	11.7	13.8	16.8	26.9	9.3	
54.5	210.2	66.4	102.0	136.9	24.2	29.2	168.9	
84.2	118.9	177.3	121.4	227.5	82.0	35.9	405.4	
196.7	353.5	259.5	253.8	29.1	121.1	275.4	34.9	
8.7	7.2	4.0	15.7	23.7	16.4	9.9	1.2	
71.2	76.7	86.4	45.7	9.0	50.6	17.0	77.1	
10.1	23.3	22.5	24.5	16.4	24.7	13.5	15.9	
26.0	2.1	26.5	3.8	25.5	3.3	23.5	23.3	
3.0	55.3	237.6	165.5	22.9	19.5	22.3	72.7	
132.1	132.6	217.1	40.3	109.9	53.5	17.2	103.8	
98.7	310.8	381.2	122.7	56.8	245.9	171.2	339.5	
27.1	49.5	324.4	69.9	150.5	110.2	57.6	28.3	
13.7	11.4	54.2	26.1	18.4	3.8	38.3	0.7	
70.2	157.6	47.1	23.4	2.6	91.6	56.9	88.9	
90.5	55.6	70.1	26.4	32.0	21.1	160.6	20.4	
4.4	7.9	9.4	2.4	1.7	10.7	2.1	3.4	
25.1	15.8	9.4	9.9	17.7	30.6	37.4	11.3	
22.7	23.1	47.7	34.1	31.5	27.6	24.3	4.7	
113.4	2.6	11.3	76.5	214.1	39.5	165.7	165.0	
121.9	99.7	25.0	44.0	27.3	212.2	91.8	38.0	
163.5	346.7	98.6	98.5	247.7	95.9	303.5	258.6	
84.4	68.2	13.8	54.4	37.0	15.5	3.5	22.5	
156.6	57.9	45.8	208.5	239.0	164.5	192.6	150.4	
67.8	62.7	11.1	68.3	33.9	84.9	14.7	136.5	
233.2	164.5	107.6	91.6	18.3	130.4	88.4	30.6	
63.3	79.7	295.6	317.5	47.3	80.5	126.6	174.9	
30.6	90.5	134.5	89.9	36.2	49.6	41.3	48.9	
91.9	86.5	69.6	64.2	37.5	76.3	8.7	209.5	
14.1	61.5	40.8	41.8	9.9	59.7	66.1	32.5	
356.8	102.9	315.7	150.0	167.4	276.6	193.1	161.5	
46.5	55.2	37.5	29.2	37.2	89.0	44.2	25.8	
47.4	63.9	11.3	3.5	6.7	68.8	19.7	31.9	
30.9	19.8	43.4	36.6	27.1	7.6	20.5	48.4	
37.3	104.9	12.3	99.3	35.8	100.3	14.8	27.7	
109.5	25.7	60.9	18.2	115.0	90.2	70.4	42.8	
161.1	7.3	35.6	21.2	15.4	21.6	12.6	76.4	
90.4	33.9	7.1	21.0	17.9	27.8	29.0	25.4	
16.4	6.8	6.2	7.6	8.4	3.7	8.8	8.0	
49.8	21.7	170.2	12.7	16.1	16.0	20.7	70.5	
9.7	7.2	8.3	12.2	8.1	15.1	7.8	13.2	
89.6	138.4	92.2	132.6	113.8	26.0	83.6	55.6	
39.2	85.7	85.8	5.2	18.8	29.3	31.1	164.6	
6.4	20.3	1.3	11.2	4.8	17.9	4.9	6.1	
61.7	12.1	58.3	191.7	144.1	38.2	143.3	26.4	
13.1	46.7	10.9	48.9	29.4	18.1	1.8	46.9	
27.8	17.2	5.0	45.2	18.5	22.3	25.1	77.1	
116.6	128.2	26.7	52.5	75.8	67.3	73.3	107.6	
118.3	84.2	173.5	245.5	109.9	180.6	165.7	56.1	
18.9	28.6	66.1	67.0	39.7	9.9	19.5	125.8	
12.5	33.8	8.0	51.3	11.8	26.8	6.7	32.3	
303.6	260.8	107.0	47.3	248.7	180.1	299.2	309.4	
441.2	520.2	458.6	354.4	24.4	111.5	287.5	430.5	
34.6	22.4	3.4	23.1	24.1	39.2	24.5	7.6	
350.8	27.2	105.1	132.7	114.1	142.3	119.5	86.9	
24.8	187.4	114.3	39.1	70.0	69.3	96.7	111.1	
57.7	56.6	141.1	30.6	197.1	124.1	189.4	106.6	
50.6	33.3	10.8	21.4	73.9	18.0	31.4	43.8	
10.4	10.5	51.2	24.6	25.9	14.4	15.1	40.1	
45.2	287.7	40.3	57.2	25.4	188.1	38.4	116.3	
89.8	76.0	47.1	111.1	43.9	99.6	53.6	14.8	
43.5	35.9	7.7	17.0	13.2	28.5	5.7	17.3	
23.2	22.4	10.1	16.6	22.8	20.6	16.6	18.1	
2.1	4.3	2.4	2.2	2.9	1.1	0.9	4.4	
13.0	14.3	28.3	14.1	17.6	10.0	14.7	17.2	
64.9	11.7	21.1	22.4	19.4	2.7	6.0	17.2	
73.1	3.8	54.2	26.3	36.7	5.1	5.0	43.7	
246.6	447.1	248.5	413.6	256.2	87.3	152.7	72.7	
201.6	84.3	32.6	110.2	122.3	244.2	158.7	72.9	
46.3	43.6	16.3	50.1	26.7	53.7	17.5	32.0	
12.9	12.9	10.1	10.5	57.0	13.8	12.3	15.9	
209.4	434.0	101.1	173.0	197.1	810.4	123.8	81.9	
39.3	92.3	31.7	29.4	21.8	66.8	59.3	40.5	
66.8	51.9	140.6	162.8	133.8	98.6	129.9	15.0	
10.3	27.2	24.5	80.3	31.9	48.8	38.7	23.6	
26.3	7.5	36.9	87.3	26.4	32.4	52.7	127.3	
66.9	147.5	86.9	47.2	149.7	66.2	96.8	32.4	
172.2	75.8	27.3	124.6	252.5	129.4	63.5	89.8	
90.7	41.5	158.1	298.7	69.4	76.9	88.2	33.9	
15.3	36.9	31.9	50.4	116.9	177.0	61.1	66.4	
328.6	136.7	365.3	342.7	70.7	117.3	292.5	27.9	
110.4	21.1	99.2	87.7	10.8	47.9	51.0	44.8	
218.7	174.9	8.0	87.3	40.5	73.4	136.8	30.3	
52.9	20.5	183.9	2.7	6.3	17.8	36.4	47.3	
12.8	44.4	21.9	39.9	59.4	4.4	44.1	12.9	
7.1	9.1	17.4	39.4	82.2	51.5	36.4	73.5	
3.8	5.6	16.3	5.7	28.1	6.8	7.2	3.8	
132.7	40.4	70.5	56.7	127.4	94.8	35.4	129.8	
10.2	66.6	34.5	168.8	147.3	66.4	72.2	7.1	
62.6	97.4	8.0	72.5	141.0	12.2	59.2	67.9	
307.5	79.6	276.8	124.6	87.6	210.9	32.0	516.6	
48.4	63.8	39.9	116.5	18.6	112.5	75.0	86.0	
19.9	11.9	29.0	71.2	27.8	55.6	8.8	34.0	
101.4	270.4	438.3	303.8	212.2	77.4	303.2	104.6	
16.9	13.1	5.7	1.5	3.6	10.6	35.8	3.2	
91.6	20.1	13.5	200.4	31.1	40.6	100.2	175.7	
70.9	3.8	39.0	32.4	59.2	120.8	68.3	33.9	
195.8	87.3	63.4	91.5	49.6	382.4	175.0	60.9	
155.7	210.0	196.8	53.5	98.9	177.5	160.8	61.4	
25.4	9.0	21.0	30.6	37.5	33.8	14.5	24.6	
49.1	40.1	27.5	46.3	68.9	87.0	121.7	59.1	
28.2	2.0	27.9	13.8	53.7	38.3	37.4	46.9	
119.8	124.1	83.2	4.9	55.1	47.2	114.7	12.4	
294.0	187.6	67.4	187.2	176.1	81.0	114.7	174.9	
37.2	17.7	21.0	69.9	14.8	16.4	28.0	18.7	
18.7	85.9	30.8	15.4	3.1	36.9	21.4	121.0	
51.4	10.7	17.8	42.1	25.4	43.0	65.1	10.0	
20.2	57.9	17.9	67.0	39.1	9.4	23.2	29.8	
37.1	47.0	52.7	44.6	148.9	90.5	19.5	19.4	
177.1	112.2	567.0	141.3	143.4	125.8	155.0	156.0	
61.7	32.5	36.6	152.7	40.5	76.1	43.0	35.1	
67.5	58.9	31.0	86.0	67.2	93.7	224.1	49.7	
5.7	90.2	37.7	186.3	67.9	63.7	78.8	283.2	
80.1	26.2	38.1	107.1	146.7	41.3	85.2	55.1	
216.6	272.7	378.0	194.6	67.8	526.1	17.7	168.9	
124.1	76.6	626.8	184.9	80.9	576.5	544.0	46.6	
238.6	97.0	57.0	192.5	135.2	129.9	224.6	520.8	
45.9	63.8	117.6	89.4	55.3	29.3	48.3	46.5	
91.0	36.9	18.5	15.0	23.5	8.0	43.2	9.5	
85.9	33.4	61.7	20.6	93.6	17.2	129.8	9.0	
174.4	163.4	184.0	61.9	30.4	126.0	83.6	207.7	
46.7	66.5	51.6	60.1	69.6	51.5	54.8	64.4	
31.7	59.6	45.3	115.3	23.5	17.0	18.0	38.7	
100.2	8.8	23.9	52.9	211.3	30.5	66.3	36.5	
46.9	22.1	19.3	25.0	14.8	65.6	49.8	29.2	
2.1	11.0	8.5	4.0	19.6	2.3	2.8	2.2	
257.7	69.9	161.7	50.4	53.9	93.7	224.8	128.5	
48.2	49.9	29.6	36.9	27.8	20.9	38.7	54.3	
100.1	92.5	93.3	560.7	42.3	60.8	66.0	2.9	
127.8	300.4	159.5	40.0	159.0	113.9	132.3	258.3	
10.3	59.9	33.0	41.5	34.3	4.7	47.6	41.2	
227.8	63.4	151.7	56.6	114.6	147.2	27.7	103.4	
84.9	31.0	56.8	72.3	35.9	25.7	41.3	120.5	
40.1	377.5	349.1	272.7	112.7	137.7	113.6	249.3	
1.4	41.3	19.4	68.3	11.6	6.7	25.7	58.0	
86.1	193.6	110.5	78.9	188.3	26.3	22.0	100.8	
52.5	73.8	2.2	54.6	73.6	38.9	40.7	108.7	
16.5	7.8	44.7	24.4	64.7	8.6	43.4	30.7	
67.8	38.7	21.3	21.7	60.8	68.8	57.4	33.7	
108.3	68.1	38.7	58.1	68.7	67.2	55.5	20.7	
323.3	59.9	19.3	120.7	60.6	15.7	20.7	293.1	
35.7	137.0	95.0	163.9	82.3	66.7	93.5	227.0	
47.0	23.1	20.7	9.0	23.0	16.2	33.7	22.0	
17.2	154.7	68.2	81.2	37.2	78.2	17.3	13.4	
29.9	4.6	142.2	29.5	54.8	11.7	6.7	22.6	
73.5	75.5	51.7	56.3	45.1	62.0	11.9	156.5	
23.3	38.2	91.2	74.0	159.9	27.8	70.9	9.9	
54.2	75.9	28.4	18.7	2.7	20.6	29.4	31.5	
119.5	27.1	80.7	73.5	49.1	19.4	122.5	57.3	
63.9	46.8	99.8	63.5	113.3	43.6	29.0	269.0	
197.2	81.5	96.9	276.2	158.5	55.2	135.0	61.0	
14.1	27.7	56.2	43.6	21.8	56.0	25.3	39.8	
49.2	124.9	62.9	52.3	74.8	52.2	265.1	118.4	
183.9	39.4	60.1	87.8	63.9	154.6	142.8	43.0	
90.2	43.8	26.5	36.6	148.8	36.7	27.1	12.4	
51.0	25.1	44.2	167.5	40.3	45.0	43.0	160.6	
48.1	9.5	138.4	171.4	37.2	75.1	63.5	161.0	
18.5	6.7	132.5	51.4	10.8	19.2	15.6	108.6	
97.8	61.9	22.3	13.8	45.8	121.9	112.9	43.3	
13.9	10.6	28.8	15.3	2.8	6.8	13.2	13.3	
84.7	177.4	26.6	97.7	3.7	44.5	164.0	494.1	
16.7	7.3	19.7	20.1	37.8	43.8	20.6	24.7	
25.6	130.6	14.4	89.3	20.8	88.5	21.3	15.5	
11.0	37.0	29.4	36.1	28.9	11.9	1.9	9.6	
51.5	42.6	47.0	44.2	118.6	14.8	50.1	32.4	
159.4	338.2	47.6	191.5	235.9	80.0	18.5	199.6	
24.6	47.3	150.6	40.6	78.4	132.4	27.4	321.2	
33.6	136.2	39.7	139.4	304.6	59.3	69.3	63.4	
105.9	57.8	169.9	24.0	47.0	74.2	43.4	461.0	
15.2	10.8	15.8	49.8	49.2	45.3	5.7	33.8	
67.3	34.9	11.0	61.1	22.2	24.2	49.8	20.4	
114.2	59.8	85.0	64.2	1.9	3.5	77.1	14.7	
49.8	74.1	16.4	73.7	13.8	68.2	28.7	39.1	
67.0	21.3	82.2	92.5	26.3	33.5	14.0	25.3	
19.2	14.4	27.8	15.8	31.7	7.1	8.6	6.0	
244.6	152.8	23.6	328.6	140.6	203.3	459.9	70.6	
22.8	26.6	33.2	48.0	25.8	42.4	14.4	21.3	
38.3	18.7	16.4	2.8	22.2	16.4	13.4	28.5	
129.5	30.9	36.1	115.0	93.0	46.4	27.5	81.4	
60.5	94.1	110.0	49.8	59.4	185.0	365.6	27.3	
1.8	4.8	3.9	5.8	5.1	2.0	2.7	2.8	
39.9	26.7	23.2	31.0	35.4	11.0	8.8	113.3	
23.5	111.9	85.8	44.9	106.8	45.9	58.9	38.9	
51.5	23.3	0.3	76.6	20.7	62.3	30.9	65.0	
140.7	20.1	141.8	202.6	79.1	205.8	186.6	71.7	
129.0	72.7	43.2	235.6	180.8	59.4	66.8	116.0	
15.2	67.0	49.2	49.1	53.3	85.7	50.7	60.2	
39.8	114.9	95.3	7.6	73.8	45.5	109.1	132.7	
14.5	20.3	106.4	49.2	180.2	62.4	25.0	68.3	
20.2	16.8	7.8	4.3	16.8	6.3	12.9	21.4	
151.1	85.9	41.4	30.7	18.7	86.9	54.5	20.6	
25.6	24.4	46.2	23.7	27.9	14.6	14.8	25.6	
148.6	117.0	66.8	11.7	63.4	154.2	118.3	55.6	
10.6	4.6	25.2	17.5	24.2	18.7	16.1	21.6	
87.5	53.9	27.4	35.9	62.8	59.1	36.6	8.1	
4.3	19.0	20.3	28.9	6.1	30.4	12.1	18.3	
32.5	89.5	283.8	43.1	123.0	128.3	184.3	142.5	
20.5	58.4	40.3	25.6	199.3	67.3	134.3	18.0	
6.2	28.7	64.2	39.7	94.0	112.8	18.4	144.5	
4.6	48.5	29.2	91.1	306.8	82.4	36.0	61.1	
301.0	56.0	246.1	331.3	101.1	128.0	176.0	36.0	
0.6	3.4	3.4	4.4	6.3	2.7	6.4	2.6	
129.9	98.0	85.8	190.4	143.4	123.9	220.7	104.4	
2.2	9.6	65.2	3.4	16.9	70.0	1.0	35.3	
82.2	35.7	26.0	51.8	6.9	17.1	32.1	17.8	
98.8	55.5	125.2	8.1	361.2	210.9	183.7	31.5	
5.9	27.6	37.4	23.2	33.6	14.8	27.2	27.5	
39.5	27.4	22.1	39.7	43.8	99.2	51.3	75.4	
10.9	24.4	8.0	12.7	11.1	14.2	8.9	32.9	
50.3	35.0	213.4	149.0	28.8	59.9	207.4	83.9	
133.1	114.5	45.2	117.5	41.7	64.5	44.4	67.0	
493.7	139.2	69.3	218.4	11.8	204.7	107.1	137.1	
21.4	10.1	18.0	55.1	42.2	8.9	14.6	54.6	
65.1	285.9	67.6	30.4	227.6	216.3	133.8	226.7	
17.0	4.9	34.0	26.5	4.7	27.7	25.3	46.4	
111.8	104.5	83.8	17.6	160.7	157.5	182.3	325.7	
24.7	51.5	226.1	397.3	8.6	150.8	131.5	63.8	
189.2	165.0	329.2	272.6	146.1	216.6	179.8	423.2	
26.9	42.1	32.7	52.6	48.6	83.5	43.7	90.9	
196.7	49.3	25.6	34.0	84.0	93.5	32.9	105.9	
92.6	121.8	171.5	183.7	206.3	132.1	81.4	163.1	
56.3	22.5	15.8	20.6	17.7	21.7	19.2	42.1	
28.8	28.4	24.0	24.6	34.3	19.5	84.5	5.8	
14.5	10.2	45.5	27.6	17.2	24.9	48.3	46.6	
16.2	32.2	20.5	8.8	15.5	26.9	31.7	39.4	
45.7	3.7	90.2	58.8	50.1	7.0	84.6	169.9	
25.8	36.3	156.8	75.0	40.6	214.1	61.8	69.2	
2.2	1.4	0.7	0.5	1.6	0.1	2.7	0.8	
68.7	22.2	46.7	51.3	64.5	128.9	112.5	28.1	
93.2	140.1	95.0	224.5	142.3	188.5	140.1	41.4	
69.7	44.7	22.5	39.4	106.6	47.2	26.0	6.4	
202.1	179.7	58.8	69.0	392.8	75.7	423.2	70.1	
20.0	54.0	5.4	20.9	27.0	42.8	35.9	92.4	
190.1	211.5	126.1	19.2	117.4	218.3	220.4	67.4	
12.5	8.5	23.5	4.1	9.4	6.1	34.4	6.0	
85.9	128.4	15.9	76.0	241.3	16.1	113.6	233.8	
9.0	49.0	4.4	29.3	21.1	79.0	7.1	37.9	
195.9	52.2	108.5	19.2	36.2	13.2	73.5	49.7	
39.0	4.8	51.6	83.9	11.7	38.3	60.8	20.7	
14.4	39.5	55.9	104.9	31.7	19.6	104.3	123.7	
15.6	53.4	37.6	74.5	24.1	40.0	70.2	37.8	
26.7	7.8	25.9	18.9	10.4	9.7	53.8	32.4	
105.1	24.3	156.4	64.0	15.1	25.5	51.7	98.8	
52.4	31.2	126.7	78.6	71.5	146.7	125.5	51.5	
39.1	190.5	62.2	32.5	67.7	111.4	204.5	76.2	
85.3	9.6	51.9	63.5	31.8	31.3	30.0	66.6	
52.6	26.4	25.1	8.6	49.9	2.0	31.1	47.7	
107.6	67.6	94.3	17.9	42.1	46.7	37.6	6.4	
64.1	88.0	60.9	74.1	78.5	153.2	30.2	32.5	
48.6	27.0	51.1	45.3	40.0	36.6	46.4	26.1	
118.8	112.3	14.8	202.6	174.5	45.5	224.4	57.2	
64.2	30.1	34.5	36.3	41.2	31.1	39.1	16.4	
21.0	9.4	5.2	29.1	6.1	12.9	3.1	11.2	
594.6	269.0	158.3	552.7	182.8	141.4	53.6	175.8	
27.7	65.7	85.3	124.1	25.2	38.7	74.6	93.2	
39.4	39.9	23.2	188.6	117.9	40.6	29.8	42.4	
4.5	72.6	22.8	18.7	33.2	13.1	54.7	20.6	
29.4	17.1	31.2	38.2	75.4	45.8	8.9	129.6	
17.4	81.2	52.4	39.3	55.3	72.9	49.8	70.0	
122.0	76.9	54.3	176.4	67.1	62.5	75.9	49.0	
121.7	48.8	135.7	76.6	32.7	137.4	62.9	48.1	
11.5	113.0	73.0	161.6	67.5	25.4	71.2	100.5	
1.1	70.1	11.8	76.5	30.7	26.6	27.7	66.9	
28.3	358.0	227.4	128.4	237.6	218.9	125.2	109.3	
236.0	117.9	5.2	81.5	96.9	50.6	94.9	125.3	
219.5	32.4	77.1	108.3	172.7	170.4	20.6	75.7	
57.7	224.3	68.2	71.4	141.7	157.6	335.8	163.1	
195.6	6.3	136.0	138.4	86.0	240.2	101.8	83.1	
235.8	86.3	43.1	41.8	62.9	102.9	119.6	66.5	
280.5	299.6	39.3	18.3	33.2	21.8	103.1	22.2	
21.0	9.2	26.4	66.1	16.8	26.0	46.9	41.0	
12.1	250.8	88.7	69.7	227.5	249.8	113.7	77.7	
51.3	143.8	46.5	100.0	99.5	89.2	112.4	123.5	
114.5	441.2	125.6	378.2	349.2	136.3	47.8	67.5	
14.9	2.1	13.3	25.0	29.8	11.0	40.0	11.6	
56.8	143.2	66.0	126.2	94.0	24.8	130.5	24.7	
124.8	90.3	76.7	54.0	89.5	0.4	161.3	22.9	
18.0	29.7	23.3	15.1	32.6	14.4	26.3	12.3	
34.1	426.8	66.8	477.0	131.6	173.8	16.3	188.4	
21.9	29.2	30.4	8.8	13.1	9.3	23.0	22.3	
32.1	202.7	235.4	100.3	28.3	34.7	141.6	65.1	
93.4	110.6	198.1	88.9	92.4	305.8	34.0	111.2	
37.1	24.0	32.2	42.7	15.2	51.6	72.2	33.3	
330.9	117.0	111.4	128.1	159.2	92.6	114.6	205.9	
191.7	56.2	51.6	96.6	30.5	87.3	332.6	49.2	
64.0	66.7	0.8	15.4	32.2	77.2	29.0	87.1	
107.0	178.7	146.6	527.3	213.5	73.2	90.4	246.2	
48.3	92.5	192.4	199.8	30.2	120.4	21.5	195.4	
26.2	216.6	153.3	196.5	441.8	134.9	86.6	215.8	
344.3	76.3	28.7	195.7	231.1	99.1	59.2	81.4	
136.1	202.0	97.5	183.2	62.5	18.5	130.7	93.6	
122.2	75.6	66.6	112.9	11.1	149.5	31.6	52.8	
391.2	83.9	94.7	115.8	39.0	179.7	127.3	48.5	
53.0	125.3	16.3	53.1	30.8	54.4	10.5	65.7	
72.1	32.1	12.6	41.0	69.7	21.5	125.3	14.3	
211.7	78.4	179.0	324.6	34.4	68.2	38.0	144.6	
60.5	43.8	317.6	442.7	155.1	149.3	38.6	64.6	
55.7	100.3	31.8	53.4	14.3	20.9	47.9	31.7	
152.0	184.2	74.8	164.7	67.1	161.7	172.8	43.3	
14.4	13.1	2.6	4.7	47.4	52.5	4.2	5.9	
43.5	11.4	20.2	44.7	60.0	23.2	31.3	23.3	
54.5	254.6	2.8	30.7	184.2	69.3	37.3	169.1	
79.6	98.8	32.8	41.1	80.4	105.0	81.4	103.3	
58.7	12.0	27.5	37.9	11.7	32.2	26.1	40.8	
26.0	6.7	5.6	9.1	9.6	1.8	9.5	2.6	
230.7	256.5	58.6	183.7	122.7	117.7	138.2	124.6	
134.0	530.1	34.4	161.1	28.1	271.0	66.9	170.8	
3.8	2.3	8.9	11.9	4.3	3.0	3.6	2.0	
75.3	81.1	22.0	131.8	25.5	11.0	50.8	5.3	
46.9	40.3	36.9	80.6	155.5	110.4	61.2	16.0	
47.3	41.8	46.7	53.8	43.0	29.4	27.7	44.2	
226.8	125.7	138.9	297.7	134.7	164.3	118.9	236.4	
21.3	43.1	11.5	14.7	10.9	5.3	2.9	35.8	
85.4	83.8	102.2	134.4	42.7	198.5	105.5	34.0	
82.0	117.2	82.0	92.4	70.8	67.9	47.4	42.9	
373.3	273.3	56.0	387.5	161.9	36.3	169.9	156.9	
230.4	72.3	177.0	323.8	329.2	560.5	479.4	47.1	
112.8	24.2	45.7	70.6	86.9	40.1	96.8	96.0	
327.5	56.3	132.7	182.6	229.7	79.8	56.6	195.8	
13.4	71.2	21.3	60.8	135.8	20.2	10.0	31.8	
69.0	11.8	58.0	60.4	30.1	59.9	13.2	30.5	
113.7	77.2	63.0	85.1	41.5	46.3	51.2	90.3	
12.9	24.3	8.9	8.6	10.8	4.6	12.3	9.1	
54.4	44.9	41.4	99.0	22.3	61.6	58.4	118.1	
19.2	17.7	41.7	104.4	40.3	12.4	36.5	44.0	
103.5	420.4	98.9	378.1	156.2	374.5	596.3	344.0	
72.5	129.2	11.8	185.5	27.5	82.0	49.5	249.4	
22.3	13.9	21.4	21.0	15.5	22.2	29.3	2.1	
28.0	167.5	39.0	396.2	86.0	88.9	52.0	226.5	
34.1	41.6	13.0	56.3	14.3	75.2	12.8	14.5	
71.6	143.6	72.9	229.4	124.5	130.0	302.1	204.2	
321.2	83.2	50.9	92.4	78.5	309.6	59.4	72.7	
46.7	22.3	10.6	13.8	42.9	18.1	4.1	14.0	
95.1	358.0	67.8	70.1	106.3	37.0	226.7	279.0	
57.9	68.8	50.7	88.3	34.8	13.0	8.8	51.7	
33.7	25.5	60.4	110.8	59.9	21.7	2.8	36.0	
34.0	6.2	29.7	59.4	13.2	11.8	17.3	26.1	
79.9	38.2	4.1	12.8	47.8	42.5	73.8	8.4	
492.1	63.8	89.0	222.9	106.7	263.9	85.4	116.9	
320.2	69.2	50.6	217.8	314.8	68.1	207.9	50.9	
99.7	35.3	8.5	42.7	20.5	42.1	29.7	91.2	
1386.2	393.4	174.6	933.4	417.8	169.3	144.5	135.2	
5.3	19.1	6.4	8.5	12.6	3.4	16.4	11.9	
105.6	76.3	55.5	149.7	319.9	233.5	83.4	155.0	
16.1	17.5	17.3	36.8	37.2	24.6	5.5	69.4	
16.4	39.3	4.7	36.3	33.8	11.7	27.6	22.8	
13.6	25.6	10.9	80.6	6.3	8.5	20.4	102.6	
10.6	32.6	50.2	69.6	109.5	58.7	29.7	64.1	
6.3	9.1	22.2	39.3	23.0	11.3	21.9	13.1	
175.0	223.2	17.6	36.8	131.3	68.2	174.6	73.7	
41.2	31.7	28.6	53.6	27.1	39.5	33.1	19.4	
27.5	50.7	17.8	26.0	43.7	34.9	31.8	90.8	
15.6	11.6	17.9	29.7	14.1	12.6	6.2	14.6	
383.0	126.3	121.7	308.6	161.2	28.8	78.1	263.4	
37.8	22.3	13.4	14.9	10.6	76.9	36.0	39.8	
37.7	80.8	35.8	51.5	42.3	48.3	108.6	33.1	
73.2	40.5	34.4	79.9	30.8	33.9	74.4	15.8	
36.5	202.5	66.9	203.2	122.8	89.5	81.5	165.6	
118.4	34.8	39.2	152.4	183.3	82.7	152.7	140.4	
178.6	157.7	124.4	211.1	164.3	140.3	44.3	86.0	
371.3	134.0	10.1	182.9	89.2	80.0	189.6	129.0	
1.1	1.3	1.5	2.9	1.1	1.0	2.6	1.7	
200.1	51.9	24.0	138.7	44.5	167.6	86.7	186.3	
12.5	16.3	2.5	9.3	5.0	1.2	13.1	9.4	
89.7	239.2	37.1	85.8	24.4	40.1	72.1	115.8	
31.4	31.0	19.2	46.2	34.0	28.9	25.3	20.6	
17.4	13.4	12.2	24.0	6.6	4.0	12.1	5.7	
117.0	165.2	69.4	73.6	55.5	31.1	120.8	118.2	
11.6	32.4	48.7	61.9	18.4	42.0	3.5	47.7	
2.3	1.3	4.6	6.8	3.1	6.0	2.0	4.1	
9.1	10.8	5.1	21.7	13.0	3.3	13.4	10.1	
1.9	17.1	11.4	20.5	58.8	16.6	16.0	60.8	
35.7	16.0	20.6	26.5	12.9	12.4	66.9	45.6	
57.6	63.0	6.2	162.4	292.2	64.7	179.2	99.8	
2.6	10.6	4.8	6.0	8.4	10.9	25.4	5.9	
30.1	35.6	43.8	59.5	53.4	26.0	43.4	39.9	
77.5	82.7	193.5	237.5	393.1	79.4	96.2	321.4	
57.1	137.7	31.3	70.0	59.9	50.3	50.0	216.8	
54.4	13.3	53.4	53.0	19.2	29.5	49.0	19.9	
6.8	18.4	3.9	19.1	1.7	16.1	18.8	3.3	
120.1	42.6	53.0	58.0	85.0	28.2	81.8	369.4	
63.1	54.7	6.2	65.8	7.9	10.9	51.4	29.8	
109.2	250.9	99.9	177.8	56.5	21.8	92.8	101.0	
147.0	112.3	319.5	386.8	66.1	115.4	156.9	32.1	
109.0	112.4	6.7	278.1	319.4	248.2	162.5	75.5	
114.1	64.6	29.4	33.5	41.4	44.9	112.1	95.4	
33.3	31.8	24.7	44.7	81.4	21.6	163.7	15.7	
105.5	105.3	40.6	62.3	108.2	118.4	14.2	41.4	
25.9	29.6	3.1	19.9	25.9	22.5	26.9	17.0	
21.3	51.4	59.9	81.6	124.4	32.9	104.4	118.7	
61.6	13.5	53.4	69.5	116.5	36.2	16.4	45.9	
72.0	131.8	55.8	132.6	317.8	62.6	81.7	19.6	
38.3	56.9	41.4	50.4	140.3	53.0	430.6	80.4	
32.1	90.1	27.8	51.0	70.7	213.5	111.3	63.8	
32.0	59.5	17.1	413.7	61.8	120.4	26.2	31.9	
17.2	14.7	18.9	25.3	6.0	18.3	14.8	37.1	
286.3	75.6	113.2	140.9	35.4	107.5	41.6	32.9	
133.1	70.9	62.8	201.0	275.5	83.3	230.3	16.6	
181.1	105.4	34.2	41.1	99.0	177.1	119.1	78.0	
51.2	110.5	66.7	84.1	46.2	110.1	63.0	33.1	
7.2	16.7	7.2	9.4	9.7	14.8	27.5	11.3	
77.2	115.3	66.1	631.4	109.0	259.9	125.4	111.8	
11.9	87.8	19.8	26.3	44.0	128.0	22.5	73.7	
6.0	24.3	9.9	82.6	16.6	88.4	20.9	49.2	
101.1	174.4	55.9	257.0	116.9	60.0	60.6	108.3	
84.9	70.0	27.2	389.6	152.1	138.1	69.8	105.7	
105.5	14.6	22.9	67.4	202.2	137.4	69.3	68.3	
23.2	15.7	9.0	9.6	2.8	17.7	2.6	30.5	
229.6	107.2	160.9	179.1	68.9	41.8	122.7	94.0	
69.5	32.2	46.8	72.0	47.8	18.4	15.6	32.3	
99.7	227.6	36.7	40.0	62.3	125.8	176.0	64.4	
57.0	30.7	20.5	46.9	30.5	28.1	8.8	18.4	
8.1	25.9	16.4	38.4	9.5	16.5	56.4	5.8	
127.2	101.7	70.5	77.5	61.9	72.7	44.1	108.6	
155.6	260.0	296.8	303.4	114.9	198.0	78.3	157.1	
41.8	5.8	13.6	29.4	48.2	44.5	7.7	11.9	
32.9	16.7	9.7	13.5	11.5	91.4	32.3	86.5	
337.9	680.9	277.8	324.5	765.4	52.8	1210.0	274.9	
7.0	24.8	23.0	32.8	10.8	15.1	30.6	10.0	
73.0	43.3	95.9	153.6	159.9	71.1	109.9	150.7	
62.4	98.7	36.2	36.3	20.3	8.7	23.0	14.1	
27.3	31.1	19.1	55.1	20.1	24.9	9.3	47.5	
105.2	6.5	12.1	266.7	156.3	89.4	320.0	82.9	
36.1	117.9	135.7	343.7	141.2	80.9	220.8	214.5	
124.5	40.5	50.6	71.3	86.5	209.6	228.2	180.8	
62.9	57.9	26.5	63.9	200.6	61.3	22.6	89.4	
227.8	89.2	126.3	213.0	112.8	160.3	117.2	73.3	
45.9	145.3	14.0	60.8	144.3	252.3	67.7	68.2	
8.2	139.3	39.2	50.8	72.9	36.0	30.1	26.2	
57.1	21.2	150.3	247.2	41.7	95.7	121.4	88.9	
109.1	297.7	99.4	179.4	149.6	375.1	199.2	249.9	
1.1	10.0	0.7	5.1	3.3	1.5	2.5	3.0	
83.2	51.6	6.9	91.0	9.6	51.7	20.7	28.6	
3.0	29.2	5.8	37.4	5.3	8.5	19.7	2.1	
10.7	11.7	11.3	12.8	17.3	61.6	33.2	49.0	
54.3	61.8	20.6	43.2	19.1	72.9	32.9	78.3	
21.5	91.8	13.6	201.8	62.4	3.6	30.1	5.9	
45.2	98.2	52.7	111.9	10.5	67.7	18.5	92.9	
46.3	92.5	26.1	155.9	6.4	80.2	69.3	21.9	
15.0	4.1	4.3	7.3	20.9	6.6	4.6	13.4	
35.8	9.0	33.2	62.8	5.9	17.1	30.4	7.6	
35.4	52.0	35.6	97.2	55.2	19.5	157.2	83.8	
129.2	60.1	6.0	36.6	98.2	24.2	234.8	84.5	
82.5	501.4	133.2	282.9	472.8	453.4	213.9	123.3	
46.7	45.0	17.6	31.4	10.1	65.8	19.6	38.4	
84.1	8.4	51.2	126.5	29.6	25.4	51.5	150.8	
227.8	167.1	64.3	186.5	272.7	172.5	53.2	235.3	
87.3	190.2	26.7	120.3	11.1	69.6	154.9	5.3	
55.4	30.0	44.5	76.5	64.1	65.6	51.7	18.7	
13.6	6.4	5.5	14.4	15.6	12.6	6.4	11.8	
15.2	7.9	3.9	11.4	31.6	5.5	8.0	32.2	
236.3	181.3	102.8	345.1	117.0	50.5	30.8	151.3	
7.8	20.6	6.1	17.8	21.4	14.3	54.5	21.3	
113.6	115.3	180.3	230.6	21.4	92.5	114.0	111.3	
486.5	279.6	291.2	1084.1	347.8	112.2	1107.6	479.5	
7.0	67.2	6.8	9.4	15.1	31.0	2.1	8.8	
59.5	158.2	69.8	84.1	103.6	120.7	161.5	36.3	
5.6	20.9	6.5	7.8	65.3	57.7	95.2	4.9	
61.8	45.6	44.9	221.5	98.7	229.5	90.2	41.3	
5.1	4.9	2.2	7.4	19.3	2.6	5.6	8.2	
7.6	14.2	9.1	10.0	10.9	12.2	11.6	21.4	
38.8	43.6	42.5	60.5	12.3	2.6	37.5	32.1	
19.4	140.1	49.0	148.7	121.7	61.6	21.0	3.6	
34.1	31.1	27.3	28.9	27.1	64.0	5.4	17.9	
27.6	16.0	14.7	23.0	27.2	32.1	18.5	17.8	
24.6	65.9	26.5	85.9	179.2	109.0	203.3	171.4	
16.9	15.9	10.3	15.9	34.2	23.5	10.5	10.1	
7.6	11.6	2.3	4.8	10.8	6.6	9.1	3.7	
81.6	233.7	22.0	63.3	26.4	45.3	37.7	157.2	
49.2	28.0	21.3	99.7	114.9	126.5	45.9	55.8	
232.6	219.4	74.3	87.7	71.8	150.4	173.8	648.0	
256.9	63.3	76.6	129.6	92.7	377.2	178.2	63.2	
36.5	44.4	7.3	12.7	12.1	12.1	29.6	24.6	
141.4	43.8	41.9	218.4	28.4	125.4	43.6	27.6	
16.2	15.6	14.0	106.9	86.8	56.0	35.2	55.7	
57.9	16.6	25.7	72.1	23.9	53.2	19.3	10.7	
391.8	8.0	13.6	37.5	200.7	193.4	253.8	42.3	
39.2	16.8	48.0	87.3	29.6	22.9	30.9	25.8	
196.1	156.1	113.2	180.4	217.2	111.4	230.5	195.2	
478.4	60.5	101.6	199.6	174.4	287.8	50.1	180.1	
87.9	62.5	310.3	338.0	245.4	334.8	111.2	9.4	
23.5	99.0	12.7	61.7	13.7	17.0	24.6	56.7	
15.0	7.5	13.5	13.9	6.0	10.6	21.1	11.0	
12.5	32.5	28.6	49.2	13.6	16.4	17.4	41.7	
185.2	165.2	55.4	162.6	407.1	369.5	101.0	62.1	
55.2	25.6	14.1	151.2	19.3	35.8	53.2	10.1	
81.2	61.0	10.9	176.5	91.1	144.6	23.5	5.3	
188.5	541.4	61.8	113.0	172.3	326.5	204.1	157.6	
190.7	144.9	68.5	186.7	99.6	157.7	203.7	145.8	
34.8	42.5	51.4	55.8	45.9	8.0	98.4	8.8	
11.3	6.8	6.3	21.2	12.8	10.7	6.1	29.3	
53.7	71.9	22.2	29.4	80.7	33.1	21.1	88.1	
15.7	1.1	10.3	11.9	2.6	3.4	0.9	5.2	
3.2	8.1	1.6	3.6	5.2	18.6	8.4	3.4	
146.8	115.7	44.8	126.4	149.7	269.9	16.6	14.0	
85.7	134.7	33.5	64.0	66.5	33.3	105.3	31.0	
225.7	73.7	146.6	375.2	167.1	402.7	64.8	141.0	
71.8	31.1	74.0	119.6	122.2	43.4	84.4	91.5	
225.2	154.4	166.0	205.3	198.6	88.6	87.0	396.2	
22.7	17.7	14.3	26.7	47.7	59.3	44.1	19.8	
134.7	141.4	70.2	94.6	181.4	24.9	95.1	235.3	
63.8	77.6	38.9	103.3	171.9	147.7	126.7	44.4	
19.5	34.5	28.1	87.0	48.2	5.4	89.8	152.5	
216.5	102.4	42.5	172.7	91.3	137.9	201.8	43.7	
27.3	14.6	7.9	29.0	46.8	21.4	86.9	71.2	
87.5	135.3	86.9	98.0	108.7	87.0	40.9	74.3	
198.0	175.3	169.3	307.1	12.1	189.5	161.4	198.7	
3.1	6.9	10.9	24.5	11.7	14.2	6.7	46.3	
15.3	11.4	23.0	52.8	10.4	24.0	13.3	18.9	
95.0	75.0	40.8	93.1	18.4	12.2	120.5	44.8	
8.4	127.5	35.4	170.2	17.2	53.3	22.9	12.6	
26.7	73.9	47.8	74.4	31.6	33.5	18.5	29.4	
148.7	77.3	4.6	6.0	89.8	54.0	201.2	54.2	
17.2	34.2	24.6	48.4	26.7	6.4	17.6	17.4	
140.8	176.6	5.0	190.6	302.1	54.6	173.2	128.3	
13.2	24.9	16.2	28.1	60.9	34.9	30.4	101.1	
104.1	105.7	47.5	179.0	134.4	110.9	66.2	155.7	
173.2	153.0	172.5	250.3	68.4	357.2	51.8	112.7	
91.0	244.4	149.1	230.2	251.5	97.9	285.4	120.7	
56.5	61.0	39.3	69.2	41.0	32.9	28.2	14.0	
25.0	24.0	4.5	37.9	27.8	13.4	27.2	15.4	
243.9	100.6	118.1	165.9	129.6	57.4	49.6	139.2	
95.6	29.6	69.1	118.2	6.6	9.4	29.6	90.6	
34.5	14.2	21.1	98.0	11.0	26.8	33.5	48.5	
52.7	13.2	42.3	70.4	49.6	40.8	29.7	12.3	
31.3	87.4	9.8	98.6	20.9	93.2	40.8	54.4	
31.4	38.5	29.5	61.8	16.5	14.0	17.4	55.4	
82.5	373.3	79.1	212.1	246.5	191.3	111.7	137.5	
69.0	430.8	51.8	71.0	86.2	251.7	151.5	72.5	
58.4	173.5	103.0	128.5	111.4	117.0	77.1	208.6	
75.0	58.1	145.2	414.9	230.6	77.0	213.7	11.8	
5.3	5.8	0.8	2.5	13.2	3.3	4.4	16.3	
59.3	32.1	98.7	186.0	139.9	83.5	52.2	156.5	
116.2	21.7	9.6	59.4	12.0	15.1	16.0	24.3	
13.8	69.7	40.7	71.2	50.2	12.9	80.9	15.4	
16.3	19.1	6.9	37.1	12.2	15.7	34.5	10.2	
14.0	8.5	6.0	27.4	96.6	49.4	28.3	35.8	
213.8	43.1	160.2	317.5	72.9	161.2	36.1	237.7	
30.7	22.2	120.0	138.0	172.5	143.6	173.3	137.8	
136.8	84.1	19.9	141.7	67.8	158.9	12.6	98.2	
20.8	28.6	2.4	16.5	5.3	7.9	12.7	6.0	
40.0	19.1	101.9	163.1	111.9	8.1	149.7	87.4	
32.5	60.8	94.1	110.9	85.7	18.9	58.9	15.1	
47.8	58.8	14.7	48.2	36.2	82.7	44.5	53.9	
18.7	27.9	31.5	34.4	21.0	88.9	54.7	80.1	
87.7	175.5	53.7	191.6	40.6	453.2	221.8	47.1	
68.1	12.4	30.3	116.9	147.9	22.7	26.9	81.7	
76.4	127.0	56.8	113.7	47.0	23.8	30.1	25.8	
39.1	36.6	16.5	72.4	14.0	24.5	24.3	80.1	
153.9	47.8	17.8	76.6	175.4	81.9	224.7	178.5	
18.8	21.5	4.1	22.8	49.6	84.2	19.4	19.8	
105.1	26.1	150.8	212.7	32.2	33.8	19.6	94.6	
4.7	18.7	5.7	8.8	16.0	10.7	24.1	15.9	
44.4	40.0	93.6	113.9	116.6	51.4	177.8	59.1	
174.3	124.5	27.5	163.6	151.7	27.7	221.6	169.1	
161.9	154.9	46.4	527.9	213.4	91.3	80.5	287.3	
55.9	62.5	74.5	82.0	93.3	30.1	21.3	113.5	
57.4	11.4	43.4	58.5	44.6	16.1	71.1	15.0	
51.5	81.2	20.0	149.6	48.5	12.9	134.2	19.4	
126.5	111.2	53.7	197.2	194.1	301.9	258.9	223.1	
111.4	186.4	89.3	198.3	175.6	379.5	295.4	32.4	
44.2	23.7	9.1	36.7	20.5	12.9	34.4	22.8	
253.2	278.6	165.2	302.9	404.9	51.7	381.4	245.2	
75.0	53.1	25.8	113.7	287.3	78.3	15.3	225.9	
157.1	230.2	32.2	115.2	47.2	56.7	117.0	100.9	
70.5	31.3	26.9	46.4	23.5	16.4	52.3	15.5	
95.0	110.8	60.6	99.8	162.2	80.2	41.8	83.0	
45.4	21.7	27.6	121.9	16.0	20.3	4.0	16.7	
27.4	8.8	11.9	37.1	40.4	39.8	50.3	46.9	
70.4	19.2	19.8	54.3	39.8	57.6	23.4	48.7	
12.1	9.4	6.6	39.3	0.7	43.5	17.8	15.8	
103.5	21.0	13.4	120.4	88.5	74.4	70.0	131.1	
203.6	54.5	42.4	171.1	51.3	55.8	77.4	92.8	
30.9	5.3	11.3	20.9	27.2	8.5	11.6	15.9	
116.6	105.0	137.9	179.6	85.9	181.9	66.9	64.3	
24.8	8.9	10.8	32.8	10.6	27.2	7.6	14.2	
98.9	27.9	12.2	88.7	161.3	21.6	66.8	43.1	
44.6	76.8	52.6	160.2	17.6	61.4	48.3	32.2	
93.1	324.3	71.3	90.1	159.1	334.8	323.4	94.6	
285.3	235.9	208.6	221.0	224.2	154.0	97.9	181.8	
27.3	71.7	91.2	263.2	122.5	106.1	126.8	90.6	
211.7	64.5	31.6	69.9	100.8	256.5	86.0	82.3	
114.3	84.8	149.5	114.5	119.2	87.0	87.1	56.6	
32.2	4.4	26.8	8.7	30.5	22.6	14.0	24.2	
59.1	36.9	13.9	11.9	4.2	25.9	17.6	7.8	
40.4	62.5	161.4	61.7	86.3	161.2	23.8	76.1	
2.7	10.6	28.1	40.4	5.9	8.1	26.4	2.9	
291.9	618.0	66.2	170.1	88.6	286.6	382.0	315.0	
30.2	21.4	46.5	98.9	23.8	19.9	66.0	5.2	
97.7	22.3	66.8	22.0	67.2	23.5	145.7	81.1	
25.1	248.4	43.6	69.0	59.6	10.5	43.6	89.9	
33.4	27.7	18.6	23.9	53.7	88.3	32.2	34.4	
276.1	146.0	211.9	85.2	142.6	84.0	72.8	142.2	
62.9	51.3	157.8	10.8	71.0	88.6	30.6	66.8	
18.8	7.5	46.3	13.7	85.6	1.7	28.5	52.7	
87.9	328.7	67.4	436.9	185.3	186.0	101.5	89.1	
182.3	114.7	124.5	120.5	228.2	358.5	126.0	246.8	
8.0	13.1	45.3	5.6	29.0	18.8	28.4	3.8	
146.9	158.5	59.7	50.7	259.4	182.4	91.5	65.1	
84.1	53.7	50.7	42.3	81.7	138.3	129.1	43.6	
128.8	233.4	517.2	316.8	708.7	281.8	390.5	239.2	
123.9	312.6	458.2	1061.3	261.4	43.4	58.8	102.4	
25.1	58.6	41.9	8.9	42.6	77.2	52.0	121.3	
63.0	59.1	15.4	18.8	71.8	148.9	51.0	91.1	
27.3	53.6	117.9	46.2	19.9	8.8	63.4	95.1	
105.7	36.2	45.4	87.7	36.3	9.1	171.1	90.9	
4.4	6.5	1.9	3.1	6.9	5.1	4.5	1.7	
102.3	11.1	141.7	92.3	63.6	41.9	66.1	2.1	
93.4	28.0	30.3	44.7	43.8	93.6	6.1	33.7	
23.6	33.8	23.3	52.5	15.9	7.1	12.7	23.1	
68.2	48.4	145.9	82.4	60.2	12.5	97.5	95.0	
15.6	52.0	35.2	27.3	172.8	161.8	127.9	47.7	
205.1	75.4	92.8	62.3	85.5	48.2	18.4	65.9	
88.3	35.1	43.7	12.4	68.3	61.4	102.0	34.0	
3.7	6.7	4.0	5.8	14.3	8.5	11.3	2.2	
111.4	198.8	21.2	196.2	243.8	42.9	276.2	63.3	
193.6	248.3	216.2	320.5	146.5	251.6	201.6	254.8	
32.0	43.9	19.2	19.2	28.7	9.1	45.8	4.3	
13.0	3.4	13.5	4.5	7.5	17.4	17.3	7.7	
8.6	34.5	43.6	23.7	17.4	21.9	12.5	10.3	
45.4	125.9	154.6	127.6	7.9	115.6	8.5	43.6	
61.6	189.2	100.1	164.0	76.1	156.4	112.6	45.0	
100.8	150.0	69.7	274.9	89.3	72.1	19.5	345.2	
76.5	287.9	24.5	73.9	264.6	165.2	193.2	175.9	
50.3	31.1	57.9	24.3	12.3	143.9	12.8	50.3	
91.7	36.7	95.9	29.3	102.8	169.8	84.3	116.7	
35.6	325.7	96.6	322.4	3.4	152.0	48.9	76.5	
35.9	76.2	37.3	128.6	38.6	52.6	69.2	86.7	
5.5	3.0	16.5	9.4	27.1	8.3	10.2	13.6	
9.8	9.9	7.6	17.4	17.2	4.9	4.3	77.2	
30.3	27.6	10.3	39.0	40.4	60.2	91.8	43.1	
79.7	123.7	63.0	85.4	42.7	62.5	97.6	57.5	
21.9	97.6	85.2	63.4	23.6	61.6	26.8	5.0	
58.3	124.6	70.1	90.5	52.6	36.0	149.0	19.7	
6.0	23.0	6.5	47.2	27.7	35.6	16.1	31.1	
65.5	166.9	190.3	20.9	56.6	30.8	219.2	111.8	
15.7	28.9	63.1	161.7	45.7	17.3	23.4	72.1	
13.7	26.4	7.1	37.0	30.6	12.2	24.3	11.1	
29.5	61.8	53.8	33.9	46.1	50.3	23.5	46.4	
19.6	6.6	17.3	67.3	16.4	33.4	14.8	49.5	
582.2	169.4	158.6	507.1	145.3	146.6	66.4	90.9	
13.6	17.9	48.0	65.5	21.2	60.3	27.9	22.1	
124.5	84.5	60.8	30.7	77.0	143.9	42.6	97.1	
62.2	222.2	28.0	141.7	36.3	33.9	43.8	217.7	
157.8	30.6	72.6	41.3	38.4	12.2	28.7	65.5	
92.6	114.1	94.3	69.5	165.1	75.2	23.3	122.9	
32.7	42.7	75.0	99.4	49.8	5.6	57.8	44.1	
38.3	29.2	47.6	21.4	35.2	13.7	23.7	23.5	
217.7	238.5	182.6	101.4	90.7	162.0	132.2	193.1	
22.2	3.4	30.2	39.1	13.4	48.9	27.5	8.9	
43.1	22.7	60.2	73.2	16.3	9.7	70.4	47.8	
51.5	71.5	48.0	101.9	86.0	61.3	38.8	62.0	
22.4	41.0	19.6	26.8	21.2	33.8	26.8	33.1	
170.0	122.0	21.8	47.2	144.0	52.3	45.5	53.8	
75.8	124.9	25.1	82.9	42.1	63.8	84.7	58.1	
38.6	29.0	79.6	70.5	131.7	77.9	87.6	27.3	
38.5	38.3	75.2	53.0	35.9	27.9	33.8	24.6	
112.4	41.8	48.8	24.7	33.4	96.4	103.3	52.4	
365.3	490.9	36.3	168.8	194.4	204.5	72.5	178.6	
78.0	110.1	117.9	44.9	87.4	64.2	169.0	83.2	
37.7	427.7	144.3	321.6	84.5	45.6	660.4	119.3	
24.3	74.4	72.5	17.6	137.2	60.0	67.3	82.4	
49.3	103.7	76.7	41.8	41.4	65.5	23.8	16.8	
34.6	72.7	94.3	34.3	11.0	46.7	1.1	20.7	
268.1	509.9	230.2	255.8	341.2	596.7	190.9	300.9	
259.0	533.5	90.0	37.0	39.7	49.6	23.4	137.2	
12.2	78.6	14.8	52.0	14.1	15.1	19.0	26.0	
10.6	5.2	41.6	12.6	10.0	2.2	20.3	14.3	
35.0	56.0	112.7	168.4	51.4	22.5	69.8	162.2	
18.6	80.0	8.5	56.7	86.7	165.1	124.0	49.8	
26.4	12.6	17.6	6.1	14.5	6.9	60.8	7.0	
89.2	104.6	30.5	107.1	107.9	65.0	23.5	62.9	
34.2	45.8	140.0	4.8	40.0	64.2	12.5	37.0	
123.5	51.1	153.8	111.8	91.0	209.9	116.4	48.4	
28.3	48.5	88.4	16.6	61.0	22.8	30.8	276.9	
32.2	49.4	17.4	19.8	109.6	98.3	42.8	16.4	
70.9	6.3	25.3	9.6	74.3	49.1	11.0	4.5	
17.3	24.4	41.2	71.4	44.8	16.9	10.3	30.4	
70.2	68.2	60.9	59.0	32.3	90.4	52.3	112.4	
20.8	16.6	17.6	5.3	13.6	8.1	12.4	24.6	
302.4	24.1	155.8	88.5	208.6	62.3	106.4	37.3	
48.9	47.8	60.0	121.0	60.9	87.3	32.6	29.8	
82.9	41.5	7.1	42.5	11.8	20.4	54.0	44.8	
404.2	206.1	245.9	73.6	282.4	200.7	255.3	100.4	
74.6	73.9	62.8	17.1	69.3	10.5	118.1	36.3	
24.3	16.5	46.9	87.4	46.8	46.3	59.5	17.7	
318.0	69.0	262.0	120.0	25.0	29.7	103.9	61.5	
45.6	33.7	86.6	95.7	33.0	61.3	94.3	161.1	
9.3	49.3	26.6	4.1	57.5	38.4	37.2	55.1	
56.2	44.6	25.7	6.2	108.8	18.4	100.9	103.3	
171.1	115.2	98.4	224.5	80.2	39.6	56.5	77.6	
49.8	113.7	50.3	107.5	22.5	23.4	63.8	78.7	
305.9	117.5	67.5	156.4	91.7	42.0	167.1	91.1	
65.2	158.5	161.0	217.3	127.6	7.7	136.0	91.0	
39.9	23.9	51.5	44.7	13.1	79.4	153.9	53.7	
46.8	347.9	209.8	281.7	180.6	162.9	280.9	444.5	
216.7	145.7	112.2	33.2	66.6	154.6	221.8	58.8	
271.8	128.5	243.0	103.0	56.3	275.5	113.4	94.1	
20.9	29.3	34.9	81.7	96.1	15.6	81.9	49.4	
322.2	138.8	7.1	80.6	64.2	29.1	76.4	36.7	
27.6	5.5	38.7	11.1	57.3	22.9	12.8	65.2	
44.8	85.7	35.5	18.0	39.8	10.8	21.4	113.3	
143.8	30.2	194.5	84.0	66.1	296.1	133.9	22.0	
10.1	20.5	9.7	35.2	18.4	35.9	30.5	26.4	
7.0	15.6	16.5	19.7	10.8	9.3	11.1	11.0	
15.3	37.0	90.5	11.1	27.4	53.7	38.5	46.2	
25.2	43.5	189.1	99.3	73.7	25.5	61.4	12.8	
65.9	27.8	67.4	55.1	23.4	15.1	49.2	50.2	
112.2	180.3	46.7	156.4	60.3	104.2	112.5	84.1	
20.7	35.9	102.9	118.5	33.1	106.4	65.0	72.3	
328.3	223.8	242.2	221.2	360.0	210.3	129.2	46.1	
55.6	101.5	14.0	215.3	279.1	132.5	88.8	218.2	
21.9	102.4	5.1	7.8	10.0	45.8	54.9	18.9	
27.2	124.2	20.7	46.4	10.7	42.2	28.4	17.0	
12.3	7.5	80.6	57.2	113.3	245.6	61.4	210.7	
4.2	43.8	10.8	41.0	51.4	68.9	59.3	82.7	
30.0	92.0	37.4	67.0	21.2	29.0	11.8	33.2	
14.6	19.2	28.2	2.9	18.8	54.9	11.2	31.1	
161.5	183.5	125.1	39.0	145.0	78.9	119.2	100.0	
16.3	26.0	89.0	59.6	145.2	33.4	79.3	22.8	
4.2	34.0	40.8	4.0	50.7	128.4	80.1	20.5	
342.4	371.4	220.5	31.4	257.3	52.0	432.5	305.8	
13.6	24.7	23.0	45.4	42.7	91.3	21.6	75.2	
17.6	34.0	48.4	56.4	141.4	20.2	175.2	132.5	
13.6	0.1	18.2	31.7	5.6	8.5	22.0	8.3	
27.7	22.6	19.1	49.2	31.1	13.1	39.5	42.9	
70.1	301.8	131.7	272.2	41.5	250.3	46.3	70.0	
152.6	141.6	135.6	429.8	144.5	61.5	189.9	375.3	
150.5	84.1	227.2	117.7	23.8	80.9	123.8	160.0	
35.6	52.7	80.6	36.3	98.0	26.3	22.1	95.4	
28.0	7.6	31.7	5.7	55.2	2.9	7.7	37.5	
102.1	96.0	23.7	12.8	39.5	51.2	26.5	16.5	
50.9	8.1	40.0	83.2	20.8	46.1	39.4	47.7	
22.3	20.6	20.3	14.5	13.7	65.8	24.4	52.3	
84.7	53.3	20.4	59.8	53.1	35.2	74.2	8.1	
41.8	123.8	48.1	33.9	46.0	25.0	69.8	16.2	
66.2	54.7	88.5	26.3	177.5	15.2	56.2	56.2	
31.3	61.6	12.1	19.1	22.9	24.4	80.8	8.5	
11.6	50.9	29.9	27.1	55.7	42.6	8.0	24.0	
55.1	70.1	93.7	13.0	131.7	113.0	55.0	131.5	
255.1	86.1	44.3	48.8	52.5	72.0	78.2	486.1	
11.9	14.5	23.7	32.9	12.9	20.5	25.3	14.3	
319.7	147.7	44.3	152.4	14.7	134.3	185.5	286.6	
90.6	192.9	89.4	31.8	150.6	164.7	13.7	128.2	
82.9	35.5	29.9	122.4	70.5	59.7	26.9	29.3	
38.4	12.2	60.2	63.8	6.4	18.8	15.9	59.4	
14.3	62.2	36.6	100.0	32.9	68.4	26.3	49.0	
78.4	26.3	83.9	25.0	66.2	59.0	72.9	138.1	
392.3	28.5	127.2	165.7	126.3	431.2	86.0	208.3	
76.5	57.8	89.8	111.0	117.4	62.8	58.4	78.2	
21.4	4.1	1.6	3.5	10.7	13.7	19.8	4.0	
5.6	56.8	82.0	41.9	68.9	37.5	88.5	40.6	
140.8	85.0	61.9	11.8	40.8	103.6	38.7	97.9	
105.6	239.6	40.7	140.0	283.1	638.4	210.4	93.1	
19.0	181.5	71.2	141.4	34.5	182.1	53.6	91.9	
9.4	60.5	35.0	49.3	27.1	73.1	72.0	151.1	
84.8	92.8	223.1	143.8	51.3	70.3	59.6	115.3	
407.7	138.7	247.0	84.5	178.0	209.3	47.2	131.2	
44.2	38.5	92.4	125.5	153.0	138.3	121.5	131.7	
11.7	11.2	9.2	29.9	12.9	32.9	8.1	20.9	
14.4	32.4	27.5	11.7	3.6	9.8	2.1	2.6	
37.3	36.4	42.0	5.6	32.3	23.1	38.4	16.4	
48.8	34.3	33.9	76.5	9.5	21.7	92.0	62.4	
44.9	9.4	11.8	19.5	48.7	4.3	12.9	30.5	
25.8	17.7	21.5	9.4	25.9	9.4	85.8	14.2	
7.5	4.0	36.7	10.2	34.2	45.8	35.5	5.6	
30.2	109.4	5.4	99.3	38.4	31.5	79.2	81.1	
73.6	18.7	25.0	10.2	2.8	46.9	49.3	55.7	
144.8	111.1	8.6	36.8	613.0	112.8	154.5	296.4	
28.9	69.5	35.5	75.4	29.3	262.1	27.4	97.7	
18.7	34.0	94.4	19.3	67.7	109.6	126.9	34.1	
31.2	3.7	5.3	53.4	12.2	10.7	24.8	32.6	
196.4	39.2	234.9	58.0	135.3	302.7	71.8	105.4	
8.2	1.6	6.4	4.4	4.3	4.0	2.9	3.0	
132.8	36.9	10.4	81.2	41.4	232.9	68.1	145.5	
52.5	47.1	32.2	111.9	43.2	89.4	10.7	101.6	
43.3	11.6	144.8	60.8	40.4	105.3	146.6	89.7	
6.5	15.1	3.5	8.7	38.8	45.3	21.2	23.0	
460.1	170.1	111.0	86.0	92.5	133.5	55.7	384.1	
30.7	59.5	38.5	23.1	20.0	64.0	15.9	48.1	
9.0	25.0	18.6	4.1	54.5	73.2	42.5	3.2	
78.5	86.9	50.6	11.8	32.2	152.2	95.1	42.3	
150.5	142.6	328.7	159.7	156.2	163.0	198.9	81.0	
38.9	14.0	72.2	48.0	6.4	16.1	8.6	57.0	
5.6	18.6	15.1	10.7	7.3	11.2	14.5	12.5	
71.4	55.0	211.7	190.3	13.3	251.1	40.4	175.9	
195.7	390.0	48.4	296.7	40.6	114.5	334.9	129.4	
301.6	193.7	63.0	150.0	118.3	175.7	144.1	19.5	
35.3	55.9	24.6	23.0	162.1	30.1	28.1	14.5	
25.1	31.6	42.6	19.4	26.1	48.6	32.3	19.1	
68.0	173.2	41.1	24.7	234.7	3.8	56.2	41.4	
43.4	67.5	122.3	95.8	226.8	85.4	138.2	282.3	
55.7	81.0	45.4	86.5	27.0	95.9	130.6	85.9	
44.6	50.7	58.7	127.6	24.2	37.0	94.6	57.0	
123.8	84.6	17.1	18.8	37.2	66.9	3.5	14.4	
28.0	4.3	46.0	25.6	18.2	72.4	61.3	12.3	
28.1	19.9	14.3	24.5	19.0	9.5	14.8	49.7	
12.1	42.7	3.3	10.2	16.5	12.1	21.5	8.2	
167.8	49.4	337.1	51.5	240.7	39.0	32.8	310.8	
11.6	104.0	11.9	16.7	130.0	90.9	153.3	153.3	
76.5	46.8	89.8	187.0	132.6	279.4	109.4	20.6	
38.0	63.3	205.4	146.9	117.6	97.3	7.7	150.8	
15.0	13.5	16.0	16.2	33.5	31.2	22.9	29.0	
132.5	122.3	110.2	507.0	50.6	162.1	88.3	147.5	
19.4	123.8	48.4	37.2	72.4	75.1	102.0	21.6	
650.1	124.5	101.6	346.3	335.9	550.1	95.0	314.4	
14.2	20.9	4.4	9.9	7.0	27.4	3.6	35.4	
20.3	54.5	95.4	42.4	7.1	65.9	52.2	14.9	
32.1	68.1	21.4	7.7	15.2	22.8	12.0	38.8	
51.6	72.0	33.2	4.9	6.5	33.7	41.1	30.5	
67.3	37.9	4.6	29.7	52.6	28.5	14.3	23.9	
105.7	10.8	78.3	170.6	69.2	175.0	210.5	52.6	
7.5	27.1	41.8	7.6	50.7	4.3	24.5	36.0	
170.2	204.5	38.8	172.9	166.3	106.7	239.6	94.6	
4.8	15.3	49.7	14.7	10.2	4.4	11.0	6.7	
9.1	14.8	70.8	21.7	49.2	12.7	83.1	72.0	
31.1	6.4	8.2	17.1	14.1	12.9	26.2	33.1	
151.4	111.0	170.8	109.2	193.0	216.4	261.9	138.6	
32.3	20.8	7.5	16.7	43.2	15.8	13.7	30.9	
25.8	74.1	14.9	30.6	29.1	14.8	103.0	24.6	
187.7	70.2	97.2	123.3	157.3	28.4	110.4	107.6	
213.9	255.9	243.5	82.3	116.7	220.6	19.1	110.8	
254.0	110.2	168.7	200.1	386.2	295.0	58.2	29.9	
95.3	14.3	76.3	130.6	44.4	49.1	37.1	12.3	
30.7	3.0	28.6	34.9	15.6	30.1	95.3	60.5	
51.8	24.6	73.5	173.6	35.4	69.7	17.6	95.7	
75.5	12.9	79.8	60.8	37.3	100.9	68.2	28.9	
6.5	8.8	7.2	5.2	0.6	6.4	10.3	0.8	
368.9	134.9	220.5	588.3	868.6	142.7	96.8	741.7	
112.6	197.1	84.3	66.2	128.3	18.2	8.2	65.3	
100.1	26.6	128.8	61.6	124.5	211.3	86.6	99.5	
14.9	33.5	34.6	54.8	90.9	18.0	22.6	39.5	
70.3	39.9	153.7	214.2	210.0	105.2	308.2	306.9	
75.4	150.5	38.8	26.7	6.5	55.0	80.9	146.6	
98.0	51.0	23.4	53.9	79.3	74.9	73.2	13.7	
69.2	28.3	4.3	18.9	66.5	28.9	20.8	40.2	
15.2	7.5	37.8	62.3	15.7	23.7	1.4	13.8	
74.5	93.3	149.5	392.5	324.5	489.7	323.0	640.8	
113.7	121.8	110.0	47.3	27.1	55.8	126.9	153.8	
93.4	163.9	58.0	50.5	47.1	118.5	46.3	94.1	
121.1	123.6	36.7	35.4	38.0	36.0	31.3	45.8	
13.1	10.9	11.1	30.6	18.7	14.8	25.7	15.6	
39.7	28.9	56.3	44.1	12.2	79.7	42.4	7.3	
79.0	109.2	143.3	229.8	71.6	151.2	195.3	146.3	
55.2	55.1	33.6	42.3	73.8	52.6	24.0	38.6	
77.5	46.4	31.2	28.7	13.1	88.6	67.1	52.0	
40.3	41.7	116.9	58.7	57.1	137.9	91.6	105.6	
59.6	600.8	202.1	55.8	200.3	168.0	169.7	81.6	
11.2	26.0	13.1	10.9	19.7	25.2	50.6	28.2	
145.0	19.1	19.8	22.2	27.8	33.1	17.8	7.7	
52.5	48.0	25.0	49.7	28.4	37.6	37.9	21.9	
312.4	278.0	249.8	350.4	356.1	294.7	174.6	87.3	
19.3	17.7	8.8	35.6	7.2	22.9	26.7	77.8	
177.0	23.3	49.8	330.4	42.7	92.7	27.3	155.7	
44.5	82.0	62.3	34.0	45.5	154.4	60.0	20.7	
184.6	37.2	8.2	179.2	69.0	121.7	16.6	0.9	
43.8	42.8	18.2	13.4	39.0	8.5	67.5	5.3	
50.3	65.9	20.5	21.1	2.9	65.6	129.9	15.8	
29.8	38.5	89.0	27.2	71.7	122.6	52.6	165.5	
307.0	171.0	323.4	165.4	73.0	83.9	265.5	169.8	
152.5	85.3	26.9	150.5	42.0	88.9	34.0	46.0	
120.4	22.2	108.1	97.2	22.1	121.7	108.4	83.0	
14.4	7.0	28.4	52.7	121.3	35.6	19.8	40.7	
30.6	10.2	11.4	21.6	4.0	9.6	17.6	3.2	
18.9	43.1	24.1	26.6	25.4	11.7	38.6	19.6	
337.2	245.9	22.7	96.1	49.5	327.5	205.4	123.3	
100.8	63.0	66.9	11.3	59.0	162.8	65.0	61.5	
18.8	30.4	9.3	13.0	13.7	27.4	181.9	48.5	
3.8	30.1	43.1	33.6	2.0	52.6	11.0	4.0	
13.4	10.0	126.9	36.2	15.3	24.5	4.2	75.8	
93.7	122.1	72.4	110.0	138.8	34.3	93.3	13.7	
14.2	67.1	82.4	56.8	63.0	19.6	35.9	49.3	
231.1	542.0	97.7	124.2	107.2	180.5	291.4	204.0	
74.1	68.0	51.5	39.3	35.9	36.8	241.4	55.2	
20.4	41.5	57.3	18.1	18.1	43.0	9.1	7.2	
79.2	33.4	26.4	93.5	130.9	44.6	52.1	46.9	
175.4	130.8	39.7	145.0	10.0	184.7	101.2	22.2	
3.0	1.2	1.4	4.0	0.2	1.3	2.6	0.7	
53.8	81.3	9.2	55.2	35.2	15.7	34.3	12.9	
80.8	55.7	54.2	155.7	139.0	166.8	143.2	166.3	
181.9	461.2	249.1	211.1	635.1	376.9	127.8	73.2	
42.2	45.5	48.9	67.9	37.3	61.6	6.1	32.0	
117.4	18.8	130.2	14.2	41.7	41.3	18.5	50.8	
13.6	18.4	8.7	16.3	33.2	1.7	26.7	17.0	
4.5	102.8	36.5	64.1	97.1	106.8	14.0	53.1	
435.3	27.6	110.9	43.5	43.2	108.6	67.0	131.3	
13.2	74.6	34.9	73.3	71.2	53.6	43.0	136.8	
49.5	60.4	50.7	46.6	50.5	51.1	49.3	238.2	
23.6	143.2	12.9	89.7	210.6	28.6	25.1	139.1	
222.5	119.0	121.1	64.1	8.1	51.3	29.6	74.1	
46.4	1.9	24.9	23.4	6.2	13.7	24.6	49.6	
38.3	48.4	33.2	160.4	73.9	68.7	52.1	49.8	
55.4	33.5	67.0	50.5	82.2	2.8	75.9	83.9	
59.5	35.7	206.9	97.7	120.3	34.0	111.6	84.4	
17.0	50.9	21.0	73.8	7.2	48.4	29.0	58.0	
8.7	51.6	55.3	89.5	41.6	101.3	57.5	58.5	
35.4	56.8	10.6	15.6	76.4	58.8	31.0	52.2	
77.2	27.2	70.1	40.6	53.0	10.4	69.5	31.6	
46.9	149.6	108.9	45.1	87.3	39.6	30.7	55.7	
22.6	26.6	66.6	38.2	16.3	8.7	34.1	22.6	
125.1	129.6	226.7	112.9	165.7	155.9	229.3	239.2	
5.6	13.6	3.8	23.7	11.0	1.6	21.3	12.3	
28.7	93.0	40.0	72.2	86.0	4.1	9.6	185.9	
60.5	104.6	70.9	86.3	153.6	26.4	21.8	61.4	
40.1	21.1	162.5	35.1	51.6	66.3	223.6	51.9	
4.7	2.7	5.9	6.0	3.4	5.6	10.2	2.6	
147.4	12.7	10.8	126.9	99.4	283.6	188.6	83.1	
429.4	486.3	295.3	286.3	187.8	301.4	199.6	478.6	
35.2	84.1	56.5	77.5	29.9	85.0	50.3	136.7	
49.2	53.0	162.3	23.6	43.0	62.8	22.3	56.7	
22.5	27.7	194.1	27.6	79.9	19.1	140.1	86.5	
28.7	84.2	31.7	63.2	21.0	29.1	92.9	56.0	
88.5	69.4	4.1	83.5	105.7	86.6	17.9	73.4	
42.9	8.6	15.4	10.9	3.8	8.7	25.5	19.2	
293.9	317.9	116.3	71.5	138.9	270.4	266.3	75.4	
26.8	18.3	1.5	14.0	17.0	15.5	8.1	14.3	
11.2	9.6	8.5	8.3	7.8	19.5	14.1	7.9	
60.9	21.2	17.6	6.1	11.0	16.8	52.0	34.6	
4.2	8.2	6.9	6.3	10.9	14.1	3.8	4.7	
76.8	36.5	246.8	67.1	44.4	97.5	219.4	230.7	
94.1	29.3	64.1	211.0	69.3	396.4	303.8	67.7	
19.4	38.4	166.1	62.7	46.5	40.6	44.7	139.3	
110.5	159.9	156.4	127.6	43.5	41.2	43.8	79.4	
182.4	31.3	448.0	385.6	43.0	72.2	171.3	55.0	
79.8	46.9	84.4	359.4	130.5	47.7	255.8	54.0	
8.0	32.0	14.8	13.6	23.1	42.7	12.5	26.6	
40.6	36.8	3.7	28.0	23.8	75.8	47.7	56.8	
71.6	22.5	30.0	32.3	16.2	94.6	90.4	31.2	
21.2	12.5	16.8	32.5	13.8	8.9	34.6	29.4	
10.0	4.4	22.0	2.6	12.6	0.8	5.1	20.6	
22.6	45.8	109.2	30.6	161.0	54.6	57.1	57.6	
46.0	72.1	39.9	79.7	47.7	18.2	23.2	122.3	
100.7	84.6	32.9	101.4	47.4	95.6	64.3	75.5	
207.4	128.8	50.2	26.7	93.8	129.3	102.1	198.1	
410.9	116.1	24.0	275.4	215.3	106.4	106.2	60.6	
159.4	322.2	276.1	68.8	107.7	29.0	34.3	192.8	
35.4	34.1	23.7	10.5	61.5	40.7	36.4	33.8	
134.6	29.0	68.9	132.7	48.4	110.4	171.4	158.4	
200.8	515.1	223.7	540.7	191.2	405.0	349.1	114.8	
2.5	72.3	77.8	96.5	30.5	43.8	107.8	94.3	
34.7	27.9	24.1	38.3	216.6	56.5	63.2	55.8	
271.5	245.8	50.6	15.8	194.1	156.2	102.8	88.2	
179.2	107.9	188.4	39.9	59.8	75.7	100.0	62.1	
12.1	111.3	81.9	22.8	26.5	146.5	61.7	114.5	
51.8	63.5	13.5	37.0	35.0	39.9	31.9	81.8	
60.8	54.6	25.5	12.5	12.5	26.2	24.5	29.5	
38.1	44.3	9.6	21.9	9.9	31.7	9.9	57.1	
103.8	93.7	19.4	155.3	75.8	98.1	181.3	15.9	
4.6	7.5	13.1	3.0	4.4	6.9	3.5	3.6	
21.2	35.6	32.1	71.3	137.5	23.2	78.6	227.6	
9.9	93.8	236.4	90.7	16.0	22.3	66.9	25.7	
107.1	127.0	35.6	61.4	63.5	15.0	60.9	65.7	
32.4	3.3	6.9	6.4	13.6	26.5	18.1	10.1	
85.2	59.5	206.0	461.4	162.1	379.6	146.7	203.6	
198.9	354.9	137.8	156.9	101.0	41.2	143.2	38.5	
53.7	72.8	3.1	60.0	62.7	32.6	141.1	47.2	
8.6	14.5	33.3	26.1	34.4	11.8	19.2	27.7	
100.0	15.0	21.4	41.0	85.3	91.4	3.7	121.9	
122.6	29.8	68.7	1.8	56.6	18.7	53.0	66.8	
48.6	79.3	50.0	70.1	44.6	86.8	118.3	18.2	
9.7	7.3	27.6	13.2	5.7	13.0	23.1	3.5	
15.5	16.5	21.9	52.0	45.0	38.6	27.5	31.8	
29.4	10.0	76.0	34.4	103.9	112.6	84.8	56.6	
50.0	102.8	78.6	149.7	144.3	76.0	45.8	106.5	
76.8	36.7	44.0	80.0	45.2	108.6	40.5	9.6	
73.6	31.9	25.4	11.0	40.6	63.1	131.8	28.4	
21.0	4.8	18.7	11.1	15.3	20.7	2.2	8.7	
25.3	6.5	25.9	7.1	3.5	9.2	18.9	10.1	
35.1	8.4	50.2	29.3	39.3	89.1	38.9	48.4	
16.2	68.7	12.3	47.4	18.4	19.1	36.7	23.4	
121.9	81.1	9.6	4.6	5.6	86.9	25.9	36.3	
116.4	320.5	391.0	334.9	201.8	253.7	154.1	123.4	
27.2	7.2	51.3	39.6	7.2	6.7	8.3	30.8	
118.5	47.6	56.3	33.1	56.9	21.9	44.8	10.3	
131.6	104.2	111.9	5.5	185.7	123.0	72.3	64.9	
59.1	56.9	156.8	109.6	54.8	288.0	28.8	117.9	
8.6	30.0	34.9	25.9	67.9	17.9	13.0	73.2	
71.3	58.2	43.5	41.2	26.7	72.3	42.8	121.6	
243.4	43.8	124.1	160.4	71.8	72.6	268.8	66.3	
47.4	30.1	101.8	70.0	41.8	86.9	54.8	21.3	
115.3	131.2	187.5	69.0	59.4	58.3	170.9	48.8	
41.4	66.9	70.8	234.8	20.2	125.3	40.5	165.7	
68.0	5.4	43.5	13.1	28.3	44.1	29.7	48.8	
81.1	30.9	43.9	71.5	44.6	64.9	24.8	180.7	
127.8	61.5	32.5	23.9	50.3	65.4	31.8	44.5	
32.8	8.7	38.2	40.3	48.2	10.4	5.4	10.5	
38.7	38.1	22.0	16.5	7.1	1.1	35.0	43.1	
121.1	37.4	388.0	26.6	148.9	66.8	270.7	120.4	
17.6	7.3	56.2	27.4	2.5	34.2	33.4	23.7	
98.9	145.2	93.1	494.3	222.3	165.3	329.3	103.6	
158.6	136.7	23.9	78.5	83.1	105.1	43.7	87.5	
30.0	225.0	355.4	390.5	304.1	235.9	243.3	195.3	
238.2	384.0	83.7	150.7	359.5	184.7	380.6	381.0	
67.5	66.9	77.0	34.6	52.8	10.2	69.1	135.8	
25.1	1.2	11.9	6.5	4.5	6.8	11.0	9.9	
31.5	30.0	48.3	125.2	82.1	35.7	30.3	162.8	
9.8	137.5	161.4	210.6	40.3	190.8	107.2	85.8	
66.5	76.2	32.0	27.7	52.2	47.5	30.3	94.3	
200.4	116.2	160.3	72.1	24.9	38.4	86.0	90.2	
62.0	264.1	56.1	150.2	147.1	154.3	163.4	334.5	
43.9	261.7	64.4	209.0	252.4	78.6	43.3	29.4	
20.2	14.1	4.6	31.6	2.3	11.4	21.9	2.4	
110.9	244.9	29.6	205.4	274.1	80.3	77.9	58.3	
41.5	137.6	27.1	60.4	84.8	130.4	39.9	52.7	
17.7	21.3	61.9	30.3	4.3	135.8	123.9	65.9	
36.1	69.8	102.4	50.5	118.7	159.4	24.1	107.1	
36.4	86.6	62.1	93.7	66.7	53.3	86.8	102.2	
361.0	189.3	128.1	45.5	46.5	91.1	94.9	162.9	
74.1	27.7	29.9	35.4	19.7	16.3	39.8	31.5	
100.7	115.3	72.6	47.2	179.4	128.5	161.4	155.2	
