160.3	93.0	459.5	420.9	45.7	235.3	84.7	141.7	
86.3	36.3	50.9	223.9	126.1	298.1	126.2	128.1	
33.4	52.8	10.0	17.6	67.5	61.7	39.0	77.3	
135.0	80.4	44.7	43.8	87.6	91.0	108.6	83.3	
5.1	56.0	56.5	60.9	69.2	24.6	26.2	67.2	
31.8	27.9	69.9	115.7	85.6	32.6	397.2	41.0	
14.5	16.7	23.2	4.9	18.8	14.5	15.2	48.0	
14.1	23.9	4.8	12.1	18.7	34.5	34.6	2.1	
31.4	88.2	35.4	25.2	147.1	24.1	59.3	133.2	
31.4	10.3	79.6	19.8	26.0	173.6	97.3	116.7	
110.7	25.1	28.9	69.1	53.2	146.0	68.7	30.8	
4.8	11.4	11.2	43.0	2.6	28.9	4.8	3.0	
154.3	60.3	131.1	38.2	30.0	42.5	71.8	10.5	
43.2	43.6	208.7	171.2	195.1	152.8	134.7	25.0	
52.9	85.5	67.9	137.7	164.8	123.6	249.7	73.2	
110.4	72.6	13.5	131.6	132.1	99.8	204.7	19.3	
104.8	152.6	107.4	68.9	119.7	82.5	180.8	59.2	
365.5	351.9	315.3	236.7	96.0	319.1	94.5	6.8	
132.1	19.8	66.3	19.9	9.7	9.9	25.3	87.9	
13.5	9.6	19.2	9.7	23.3	19.6	5.9	12.6	
49.4	43.5	113.3	117.3	90.9	29.1	39.9	31.7	
82.0	30.9	63.7	81.4	57.7	108.5	190.8	84.6	
55.2	20.9	29.1	54.1	80.5	124.2	51.1	33.1	
18.3	36.8	38.6	28.2	25.8	15.0	12.0	47.3	
50.6	157.8	45.2	44.5	67.9	33.7	44.0	216.3	
68.2	29.0	82.2	4.8	40.9	57.4	36.9	83.1	
217.7	162.5	97.3	479.1	349.1	113.8	100.8	822.1	
51.3	36.8	6.6	5.5	10.9	28.3	9.0	2.7	
63.4	25.8	30.8	39.7	38.5	28.6	22.6	37.0	
34.8	81.2	84.6	53.6	38.6	37.4	39.8	72.5	
73.4	411.7	208.6	629.1	578.5	223.2	559.1	216.9	
15.8	41.3	33.5	53.3	6.8	45.0	51.0	56.2	
24.4	25.9	59.2	9.2	13.5	18.7	16.6	21.6	
29.3	24.8	24.4	0.6	21.9	22.9	19.0	5.4	
73.0	38.8	51.3	98.0	75.5	39.0	61.2	166.9	
102.1	13.5	61.3	147.7	101.1	35.1	106.5	17.8	
117.0	84.1	226.6	112.0	1139.9	447.7	146.9	164.3	
57.0	123.5	99.4	110.3	105.2	21.6	102.0	58.8	
43.9	67.3	48.2	15.4	12.9	52.8	12.5	52.9	
25.6	17.1	65.5	41.2	48.8	10.7	15.5	39.0	
18.7	50.6	26.0	17.7	17.0	7.9	7.3	28.6	
19.7	17.6	11.2	60.9	79.2	63.9	34.5	7.5	
47.9	11.0	65.4	42.8	41.5	24.9	18.6	33.7	
133.5	178.7	132.0	117.4	117.5	185.3	55.7	153.0	
32.1	59.7	106.6	213.0	39.7	109.9	40.7	179.4	
59.1	45.6	15.1	14.6	55.5	10.7	1.6	42.3	
44.2	50.4	21.7	22.8	83.7	15.8	9.4	47.4	
63.3	36.0	18.4	22.2	43.8	28.5	45.9	62.2	
66.2	68.3	31.2	34.6	95.9	48.6	20.2	14.0	
1.4	16.2	6.4	34.2	5.6	9.2	6.1	1.4	
7.1	16.0	22.1	3.6	20.5	19.6	21.0	11.2	
19.5	71.5	41.1	103.2	54.7	121.5	69.3	32.8	
34.6	52.2	36.1	47.7	30.5	24.1	65.0	79.8	
71.9	56.6	26.6	15.0	7.4	34.6	30.4	14.5	
9.9	4.0	9.1	3.1	0.9	20.0	7.4	2.5	
29.7	16.8	19.4	39.3	12.5	21.0	94.2	38.3	
0.6	39.2	41.1	28.1	31.2	111.9	16.6	120.2	
197.3	238.9	257.6	79.5	201.3	480.7	147.4	638.5	
22.1	47.1	29.7	55.6	34.4	25.7	31.8	44.3	
111.6	76.0	99.4	59.1	149.9	158.0	14.1	75.9	
20.0	9.0	20.7	39.1	12.0	13.8	38.1	28.7	
25.9	29.6	54.6	25.1	50.7	9.3	52.7	41.2	
39.1	51.3	65.9	27.2	18.3	4.2	26.9	44.7	
58.6	21.6	73.6	37.1	26.6	106.3	44.7	107.3	
20.4	19.3	32.2	20.3	6.1	47.8	87.1	22.9	
899.1	293.9	72.5	136.1	647.6	136.5	976.9	579.4	
363.9	505.3	231.7	206.6	507.5	225.4	48.4	182.7	
106.0	182.4	19.5	82.0	266.4	193.2	205.8	29.2	
37.3	38.3	24.4	23.8	22.0	58.7	107.2	133.1	
8.6	44.3	16.0	135.0	26.3	22.1	22.8	52.1	
86.5	30.5	196.2	64.8	81.3	101.7	100.6	223.0	
67.9	93.5	15.4	63.7	31.1	18.5	52.1	9.1	
83.2	70.2	50.2	57.2	7.4	96.8	18.3	46.4	
3.0	27.6	9.7	6.9	1.4	25.1	4.5	2.8	
14.3	26.8	122.4	22.2	22.1	51.8	27.9	28.9	
96.1	78.5	23.1	19.2	15.9	48.3	13.7	22.8	
15.5	16.1	15.9	11.2	22.1	17.4	4.3	18.1	
44.0	4.3	133.5	162.7	9.4	25.3	84.3	59.5	
90.1	304.3	85.6	60.4	111.4	161.9	96.7	100.0	
26.3	106.5	54.4	15.5	41.8	25.0	110.1	71.2	
37.6	31.3	11.5	11.2	16.6	24.8	9.2	1.9	
24.8	17.5	12.2	24.9	44.8	17.1	8.0	88.5	
87.2	127.9	156.1	339.3	333.4	129.9	163.9	278.0	
44.7	9.1	27.2	25.9	16.3	41.6	36.2	11.3	
147.3	97.2	89.4	107.1	126.6	263.3	221.4	238.7	
13.9	141.1	194.9	56.6	24.0	70.2	32.5	90.0	
59.0	61.7	41.5	89.1	54.5	8.3	47.4	58.7	
223.6	168.2	78.2	105.8	118.2	121.6	50.0	49.0	
52.7	53.0	20.0	51.3	239.3	57.3	40.4	163.0	
94.6	64.6	27.4	46.5	27.4	32.5	58.2	15.6	
50.7	70.2	133.8	151.1	111.1	83.8	188.2	49.5	
21.9	50.0	48.9	28.3	8.2	31.3	14.2	15.7	
158.5	159.5	215.0	145.4	34.7	31.2	182.8	147.9	
60.4	79.5	73.9	17.6	38.2	32.9	8.9	2.2	
6.1	19.7	3.2	52.8	33.4	5.0	37.6	15.7	
28.6	46.4	195.1	20.0	30.2	17.6	58.7	20.8	
45.5	7.6	25.9	18.5	41.7	5.6	30.5	105.9	
354.1	166.7	92.8	229.8	56.1	186.5	389.2	272.1	
16.4	6.5	10.5	32.8	8.3	9.5	18.0	4.7	
33.9	5.2	16.0	18.4	36.1	23.0	32.9	26.5	
110.2	34.1	16.5	74.1	20.8	15.6	41.7	8.2	
45.7	15.9	4.7	20.2	11.9	27.1	11.6	24.0	
5.4	55.2	49.1	27.6	46.2	96.8	24.4	33.9	
3.8	10.4	10.5	3.9	2.5	6.5	5.2	9.5	
94.1	21.7	147.8	137.8	32.4	32.1	108.3	108.2	
39.5	11.9	16.3	25.6	16.7	18.6	35.3	20.7	
7.8	19.8	30.0	15.7	30.6	14.9	63.9	35.4	
4.4	44.4	12.0	19.5	6.9	1.4	2.3	11.4	
20.7	46.4	130.8	12.5	57.1	137.9	6.4	112.6	
66.1	74.5	13.9	65.4	47.2	39.5	55.1	41.3	
76.8	27.9	102.7	45.5	68.1	258.9	87.8	113.8	
103.6	123.8	274.7	50.9	187.5	1.5	141.9	165.9	
141.4	50.6	403.8	94.4	116.7	405.4	517.8	64.3	
53.5	108.7	163.6	279.0	41.1	62.7	95.7	23.6	
24.5	11.8	19.6	71.5	28.1	30.8	33.9	20.6	
62.4	38.4	22.5	21.9	27.6	75.7	34.2	16.5	
62.4	33.5	55.6	213.0	128.6	18.3	99.1	51.4	
16.8	133.8	42.5	106.4	222.9	47.4	44.1	45.3	
22.2	10.9	12.9	13.8	16.4	17.8	50.0	47.7	
32.7	116.4	5.0	32.1	29.8	19.5	42.3	56.7	
186.3	157.2	409.3	87.9	186.6	181.5	61.7	290.8	
29.8	26.9	30.7	69.9	43.4	36.6	29.1	133.0	
50.5	257.4	360.8	353.4	335.3	544.5	216.1	221.9	
6.7	17.5	21.7	41.8	13.7	12.1	46.2	20.1	
45.9	101.9	46.6	158.7	90.3	10.2	35.2	23.6	
112.5	35.6	141.5	127.3	115.7	110.5	9.2	73.6	
44.9	13.2	48.8	12.5	64.3	80.6	161.1	77.1	
12.4	9.2	65.3	7.3	56.8	44.6	55.5	50.6	
5.2	22.2	26.0	27.3	4.3	17.7	51.4	32.9	
34.9	18.3	50.5	90.9	158.6	46.2	93.1	69.9	
10.1	30.2	10.1	31.2	29.8	44.5	28.7	16.8	
10.4	32.1	13.7	29.7	26.8	69.3	51.1	12.0	
39.3	14.0	28.5	149.7	24.8	54.8	54.6	115.8	
54.3	35.4	5.9	13.9	41.0	13.9	16.8	47.6	
302.8	370.7	93.7	193.3	235.2	254.0	699.1	92.5	
17.3	15.1	1.4	17.4	29.4	12.6	16.2	37.4	
267.1	42.2	98.4	59.8	76.1	68.8	66.5	14.8	
9.3	22.4	40.5	51.4	24.3	5.0	19.0	31.6	
44.4	132.3	92.8	140.9	145.7	41.6	114.2	182.2	
12.6	98.5	51.6	21.7	23.0	26.1	13.9	48.5	
83.4	69.4	17.1	45.8	30.3	34.3	26.0	56.5	
48.2	90.8	70.8	15.7	8.9	107.5	7.9	90.9	
71.9	32.0	27.1	86.0	74.1	33.8	27.8	84.5	
124.8	83.3	63.0	165.5	59.9	48.5	98.7	177.4	
7.1	59.3	144.0	27.4	27.5	50.3	17.0	32.1	
119.4	284.2	151.9	65.4	125.5	195.0	295.6	62.8	
1.8	4.4	1.4	4.8	2.2	3.1	3.8	3.2	
155.0	167.7	34.8	39.4	33.7	41.4	27.4	34.3	
20.3	9.4	26.9	15.9	26.0	20.3	45.6	6.1	
1.0	43.9	45.4	59.2	62.5	41.4	10.9	64.0	
85.2	54.5	150.0	181.1	130.6	40.7	66.9	92.1	
53.9	91.7	91.9	132.9	93.0	128.9	124.9	215.8	
54.0	46.1	51.3	5.3	43.1	93.1	44.8	30.8	
25.4	23.2	58.4	14.3	15.4	54.3	9.1	24.2	
83.4	203.4	125.8	63.7	156.9	247.6	100.4	148.9	
82.6	102.7	20.1	65.8	51.4	57.4	223.4	46.6	
61.4	113.0	114.5	173.4	10.4	185.7	26.9	224.8	
56.2	114.6	105.1	56.1	11.1	76.4	13.6	44.4	
177.3	58.4	32.4	59.4	76.4	97.1	61.9	52.9	
45.8	20.2	14.5	55.0	8.3	6.6	14.6	10.5	
51.5	22.6	2.8	22.3	10.7	70.7	40.2	52.1	
76.0	24.2	53.8	24.1	52.1	148.3	212.2	31.5	
18.7	274.6	85.2	67.2	95.4	84.0	64.1	108.7	
67.5	46.4	123.7	101.4	21.5	100.8	86.2	64.8	
107.4	71.7	37.2	24.0	98.0	86.4	30.7	120.5	
69.4	42.1	59.7	57.2	21.4	44.4	99.9	106.6	
13.5	10.1	43.3	89.1	105.5	158.8	33.7	56.7	
55.5	44.9	33.6	36.9	117.6	25.7	50.0	46.4	
256.1	477.5	584.2	247.8	592.3	125.7	100.5	566.7	
19.4	4.7	19.2	5.5	12.9	1.4	3.9	2.0	
51.0	116.5	129.3	152.1	120.5	72.9	43.0	85.7	
1.2	4.5	2.6	3.2	0.9	6.6	2.1	0.1	
1.8	8.2	2.8	7.8	7.1	3.7	0.7	8.0	
73.7	8.4	23.6	88.9	20.6	47.2	118.2	136.4	
168.4	45.4	168.9	33.4	28.3	40.9	35.9	101.5	
74.8	53.0	61.3	98.6	51.4	75.2	232.4	104.3	
132.8	45.2	37.4	263.1	36.6	62.2	107.1	208.3	
23.8	171.1	21.0	30.1	77.0	79.5	19.9	26.4	
129.9	34.6	60.4	58.3	49.9	8.3	27.9	106.9	
1.1	29.6	7.2	1.7	64.2	4.3	27.9	13.5	
13.2	13.1	38.7	44.6	14.4	50.5	3.7	79.5	
11.9	15.8	51.9	138.0	54.2	80.8	16.8	21.5	
469.5	134.3	337.7	55.0	144.5	148.5	78.4	23.2	
70.1	46.9	93.5	132.3	113.1	346.6	37.0	206.0	
43.5	42.6	66.2	41.9	52.7	28.3	84.3	78.0	
15.2	30.7	25.7	52.3	6.5	4.1	28.0	54.5	
51.2	32.7	269.2	172.3	51.4	21.9	378.6	52.6	
59.9	29.2	100.0	30.8	19.7	18.4	71.5	55.5	
70.6	10.8	13.8	88.7	36.1	20.5	78.7	5.7	
272.2	183.0	205.8	198.8	21.3	144.3	119.8	71.4	
158.6	525.1	148.1	101.4	79.8	65.0	327.0	85.9	
295.4	203.5	186.9	367.4	270.2	352.4	129.1	323.7	
19.6	52.3	12.6	38.7	9.8	52.4	20.3	24.3	
123.1	116.3	125.8	102.6	216.7	17.2	68.4	22.8	
13.6	3.3	12.3	8.2	4.3	7.3	17.6	16.1	
20.8	220.5	101.2	159.9	42.1	67.6	60.6	86.4	
37.5	9.8	21.7	11.0	13.9	16.1	23.4	17.0	
206.5	39.7	59.2	61.1	47.6	117.2	67.3	83.7	
26.1	46.2	17.1	44.5	69.5	82.0	60.0	81.2	
16.5	31.1	23.1	26.2	6.1	21.0	10.9	72.3	
243.7	448.9	32.1	115.8	208.0	116.4	77.9	183.1	
3.4	11.3	1.6	11.2	9.0	16.1	5.9	11.4	
126.7	38.0	228.3	100.4	400.2	27.1	128.9	59.9	
140.9	349.5	162.7	80.9	148.3	87.6	264.4	127.1	
14.8	97.0	55.2	293.8	178.3	171.8	441.2	51.5	
129.2	96.9	210.4	29.4	93.1	22.3	270.5	22.7	
54.6	8.9	51.8	7.6	31.3	33.7	56.7	20.0	
48.9	44.8	11.8	19.4	33.4	62.8	15.6	18.3	
166.4	83.4	13.6	28.0	16.0	40.5	12.0	62.0	
36.5	50.6	44.9	32.0	129.3	72.6	3.6	57.1	
12.9	37.1	5.2	11.4	3.2	20.7	14.8	34.2	
192.6	170.0	72.5	65.7	76.0	41.5	66.5	45.8	
13.9	61.3	45.3	82.8	53.3	35.0	31.7	17.6	
40.8	54.1	21.6	34.4	5.9	73.8	56.5	20.2	
22.0	51.1	114.8	35.0	63.2	21.0	22.7	83.3	
212.3	369.8	302.2	107.3	56.1	89.8	95.8	255.7	
125.6	131.6	108.3	103.3	199.1	216.0	136.0	114.9	
33.1	20.4	13.9	6.0	45.7	19.7	46.5	17.2	
77.9	53.9	46.0	14.9	9.4	46.1	19.8	69.8	
26.8	8.5	14.8	11.6	43.2	47.8	4.1	45.7	
33.9	119.3	37.4	31.2	104.2	29.9	159.4	56.8	
116.2	140.3	33.6	114.7	67.1	249.3	155.1	67.2	
86.2	46.7	43.6	65.9	126.9	61.6	81.7	123.9	
38.4	12.0	27.0	44.9	108.7	40.8	123.5	40.0	
45.4	172.9	29.3	33.5	68.1	131.9	23.4	119.6	
178.8	71.1	128.0	107.8	67.0	54.5	45.2	138.5	
47.1	44.7	32.9	194.4	244.2	34.8	309.6	64.7	
84.1	78.8	86.1	8.6	22.0	45.2	74.3	71.0	
36.2	29.4	44.3	26.1	85.6	6.7	38.3	29.5	
42.8	123.5	57.2	28.0	91.5	174.3	92.8	5.1	
4.3	11.0	37.2	15.9	38.2	7.8	12.0	20.7	
16.6	86.7	73.6	192.2	80.1	210.1	37.6	50.9	
129.5	427.2	372.2	80.4	42.5	373.2	50.4	52.6	
32.6	124.2	235.1	88.7	43.7	20.2	62.7	28.0	
15.6	11.8	37.8	33.4	69.4	10.3	4.7	12.4	
103.9	121.5	249.6	97.3	104.9	102.8	69.3	107.7	
284.9	87.9	78.8	44.3	91.4	206.6	138.2	277.8	
53.5	16.0	87.3	100.0	11.0	30.1	42.9	16.2	
55.3	118.9	43.7	64.1	42.6	94.6	32.1	157.2	
75.5	330.9	136.4	372.1	668.1	233.8	110.6	42.0	
10.3	7.3	7.8	8.0	11.7	7.2	9.0	15.2	
10.0	29.2	56.5	32.8	22.3	36.2	43.0	10.3	
15.7	145.5	13.7	75.1	129.9	23.5	67.1	99.5	
21.5	38.0	14.0	3.5	25.1	1.5	39.4	16.2	
35.0	76.8	55.8	203.0	78.8	32.3	132.6	29.3	
215.9	146.4	265.0	20.5	384.2	66.3	113.0	119.0	
61.1	342.5	104.7	80.7	183.1	182.1	67.1	303.4	
36.9	85.3	10.8	35.9	129.4	3.6	6.8	61.4	
37.7	49.8	126.3	27.6	84.1	45.1	74.7	14.5	
45.3	189.8	515.0	137.0	162.3	181.2	730.3	131.2	
17.8	3.6	9.7	27.2	11.6	17.3	32.7	48.8	
24.8	8.9	138.7	73.1	35.8	31.1	33.2	90.5	
133.6	171.7	117.0	75.6	104.7	177.9	153.7	44.1	
47.3	34.3	54.0	25.1	25.4	19.2	31.5	12.7	
50.8	8.9	34.3	14.2	28.8	10.8	21.3	24.7	
107.1	87.2	58.2	22.6	10.2	36.6	8.4	56.2	
4.1	20.5	15.6	11.5	6.7	8.2	12.0	27.8	
133.1	17.3	136.3	121.4	133.5	62.1	66.8	44.5	
42.4	35.6	34.7	164.1	42.1	10.4	9.0	53.7	
31.4	31.4	24.7	63.5	48.7	16.3	29.5	51.0	
163.8	133.8	16.6	78.5	61.4	118.1	58.9	174.9	
182.1	15.9	10.2	113.4	24.1	25.1	7.8	14.7	
32.0	12.9	12.1	14.2	30.6	21.6	25.1	18.0	
79.1	82.0	26.7	35.5	15.7	35.3	64.0	5.4	
80.7	73.2	53.2	25.3	175.5	19.4	88.9	18.2	
791.2	518.9	255.0	104.9	178.0	197.2	624.3	703.2	
108.1	13.1	87.1	57.9	67.7	60.8	138.9	37.5	
50.6	69.0	26.0	76.0	48.2	41.9	111.3	28.1	
23.2	35.7	89.5	32.8	159.6	5.1	73.1	18.3	
107.8	88.5	15.5	18.5	90.6	64.5	8.7	204.4	
84.9	54.3	28.1	2.5	51.5	33.2	56.8	165.4	
127.0	16.5	60.1	143.7	79.9	111.5	201.4	78.1	
7.0	12.3	64.3	12.6	6.9	26.9	25.3	113.4	
29.9	49.3	208.8	173.3	16.5	116.5	55.0	112.5	
176.9	153.7	134.9	113.2	140.8	52.7	120.4	225.4	
16.7	13.6	14.8	24.7	6.9	34.1	22.2	103.8	
54.0	2.7	60.9	46.7	54.4	62.9	19.4	40.3	
32.3	24.0	104.8	17.1	7.1	11.5	101.6	18.9	
168.3	246.4	242.8	87.8	111.5	111.1	85.1	261.9	
285.6	51.2	86.4	81.0	136.5	94.7	211.8	159.8	
110.9	97.0	82.0	74.3	28.5	45.9	38.8	35.8	
104.1	150.0	62.7	41.0	49.2	6.0	46.8	78.0	
87.9	84.9	237.4	369.2	60.1	42.1	77.7	23.8	
26.2	9.0	4.5	20.4	11.6	7.0	1.9	3.0	
17.3	100.9	28.3	40.6	37.7	41.4	20.5	83.3	
61.4	72.7	49.1	159.7	183.0	7.0	105.8	250.5	
52.7	346.0	108.1	341.2	95.7	161.4	148.7	402.7	
82.2	19.6	38.1	77.5	78.1	90.9	34.5	94.7	
41.6	89.3	51.9	215.6	97.1	295.2	224.8	36.8	
59.6	44.6	79.5	81.5	17.5	15.2	21.1	23.8	
53.6	105.4	13.0	33.7	18.2	42.7	22.7	216.1	
339.9	194.9	100.6	266.2	214.7	30.8	696.0	143.5	
82.1	61.9	60.6	78.7	105.8	128.7	56.0	55.5	
88.6	287.1	28.4	78.4	48.1	141.1	195.0	49.0	
102.2	28.1	23.0	120.2	154.3	107.6	112.0	60.4	
267.5	67.7	79.3	317.7	503.8	13.2	244.6	152.8	
27.9	72.0	42.4	47.9	96.2	54.0	161.4	38.3	
14.1	9.4	4.5	8.6	19.3	9.9	2.4	6.1	
59.8	118.2	25.1	125.6	206.6	106.1	173.1	310.4	
141.0	220.6	158.6	167.6	192.1	27.0	209.7	40.8	
45.2	81.1	15.3	24.9	38.4	78.1	40.8	40.6	
115.9	153.6	36.1	102.9	86.0	180.6	52.9	19.7	
88.9	25.0	35.6	40.0	43.4	97.3	82.4	94.9	
46.0	23.6	18.7	109.2	72.1	157.4	305.0	65.5	
7.4	133.9	64.1	98.2	175.8	85.1	231.5	205.9	
62.6	88.1	39.5	227.2	75.9	55.0	48.3	25.9	
133.3	128.4	83.8	102.9	75.1	49.0	162.3	158.6	
171.6	192.1	156.7	171.8	99.6	32.7	244.9	130.6	
21.3	74.3	9.4	35.3	28.7	8.2	23.8	4.4	
86.0	100.0	38.2	130.6	131.4	105.4	127.4	154.3	
73.5	106.4	265.7	667.4	264.3	114.6	196.6	724.9	
39.7	201.3	288.9	427.6	157.7	59.2	188.7	132.4	
2.5	0.6	11.4	19.2	12.2	9.4	12.9	0.7	
54.2	31.0	7.8	66.5	32.6	109.6	31.1	130.2	
62.7	29.1	91.0	133.4	50.6	88.1	51.6	41.9	
34.4	96.5	28.5	155.4	131.3	43.3	84.2	69.1	
21.8	64.9	23.9	27.0	34.5	94.1	30.7	22.0	
139.5	59.1	31.8	64.6	138.7	21.9	28.1	27.1	
9.0	45.6	4.0	12.7	3.6	108.5	25.9	37.9	
89.7	18.2	33.7	195.7	22.9	73.1	47.9	20.0	
96.9	45.3	116.5	302.6	141.5	24.5	121.8	45.7	
2.9	47.1	49.1	103.7	35.6	68.6	116.4	48.9	
207.9	9.7	94.4	175.5	161.5	115.7	90.6	302.8	
187.0	405.1	350.2	406.7	199.4	68.4	133.2	567.0	
23.2	24.8	6.0	15.4	9.3	24.8	29.6	13.1	
4.8	2.7	19.3	34.8	12.8	14.7	10.8	16.8	
39.0	29.4	6.5	44.7	25.9	11.2	5.0	14.3	
86.7	151.2	50.5	61.9	193.7	15.6	221.8	64.5	
85.9	156.9	153.5	168.6	164.3	237.8	89.9	86.8	
160.5	54.7	24.7	99.3	89.9	45.2	56.4	18.7	
74.4	36.3	58.2	65.1	167.2	96.1	73.5	87.3	
47.8	33.4	11.3	23.6	38.8	14.7	41.2	71.0	
7.0	8.3	9.5	16.9	3.1	4.6	12.0	17.6	
6.6	2.1	4.8	6.0	2.0	7.9	13.4	5.8	
115.4	52.6	115.5	320.8	458.4	674.9	109.8	371.9	
20.9	6.2	15.7	53.9	12.2	19.5	9.6	25.9	
48.1	56.9	13.1	70.0	11.8	41.3	138.8	44.6	
11.4	21.7	15.5	25.6	18.4	12.6	25.5	5.7	
34.4	29.1	22.6	26.8	33.4	70.6	40.1	5.9	
53.9	67.3	26.3	47.6	100.3	20.9	30.6	32.1	
66.2	30.8	36.6	38.1	15.7	96.5	5.1	37.0	
1.5	4.0	1.6	3.3	3.5	6.6	6.6	11.1	
124.6	63.5	9.8	70.9	46.5	56.6	119.3	47.4	
85.9	105.6	48.4	52.5	43.7	55.4	14.4	5.1	
57.9	135.2	111.9	450.9	106.7	291.0	46.8	271.5	
19.0	65.4	2.0	23.5	27.8	13.5	4.7	13.9	
16.1	28.4	7.2	11.9	3.5	9.1	18.6	5.9	
50.8	80.1	5.5	58.8	64.6	49.8	8.9	83.3	
186.7	93.4	198.1	385.6	27.1	61.2	17.8	187.7	
108.2	119.6	30.9	81.5	116.9	106.9	97.7	63.0	
188.1	167.3	82.9	279.3	155.9	321.9	123.5	40.4	
152.3	449.6	79.8	279.4	349.5	88.9	157.0	35.1	
136.7	104.3	36.8	129.3	46.7	59.7	88.6	29.3	
44.8	118.0	33.7	225.6	168.8	80.4	91.1	180.7	
3.2	44.3	14.2	18.2	122.6	40.3	110.2	74.1	
48.2	32.1	55.4	90.4	28.7	24.7	58.7	10.4	
131.8	106.9	76.4	120.8	220.2	315.0	239.9	216.0	
176.9	142.9	230.1	487.6	102.1	82.3	388.2	229.7	
56.4	95.4	17.8	31.6	21.1	103.9	36.0	22.7	
38.6	39.5	35.3	111.8	12.6	31.9	77.4	30.3	
44.6	94.6	12.6	14.6	15.8	41.0	101.5	67.4	
21.1	5.5	27.7	82.5	30.2	11.8	23.9	20.5	
90.2	186.7	63.5	128.3	18.4	19.4	24.8	53.1	
35.6	36.4	22.0	33.4	70.4	28.0	6.2	24.7	
2.1	43.8	2.3	35.5	43.3	6.2	27.5	3.4	
28.3	25.2	6.3	15.6	58.4	14.8	40.0	22.7	
2.8	17.4	6.1	5.5	8.5	7.7	16.0	20.6	
12.6	197.1	198.5	249.8	26.9	186.1	36.5	148.0	
129.4	30.3	28.7	59.2	39.9	156.9	131.1	78.4	
76.3	27.1	15.3	44.0	123.0	170.1	100.1	17.0	
23.4	166.6	20.5	65.0	58.7	15.1	40.6	52.5	
10.2	63.2	6.3	8.7	56.9	82.2	96.4	128.7	
38.7	72.2	36.6	64.8	50.1	43.1	35.3	55.5	
6.8	120.2	66.5	215.6	32.7	31.5	44.5	52.8	
104.7	39.7	24.4	73.3	82.4	31.8	90.6	182.8	
140.3	190.3	60.1	131.8	112.1	81.3	98.4	200.6	
11.5	63.3	7.2	8.7	11.5	55.0	42.4	18.1	
80.4	59.1	54.8	109.5	318.6	39.5	113.1	53.0	
38.7	62.9	37.6	128.8	57.6	24.6	29.6	12.7	
83.1	137.7	35.9	81.7	48.6	139.9	115.0	236.3	
93.3	565.5	217.7	659.5	105.9	117.1	419.7	216.1	
22.8	202.0	9.2	33.5	56.0	148.4	233.2	234.0	
55.4	55.4	19.4	71.0	95.0	55.9	2.3	43.2	
37.5	4.2	77.1	173.1	18.6	93.9	31.7	203.9	
31.5	41.7	19.4	24.4	15.8	15.7	44.0	5.5	
128.3	82.3	27.8	92.5	51.0	28.4	73.2	112.3	
51.1	45.8	9.4	34.0	12.9	190.9	45.6	15.6	
182.7	289.2	129.2	303.7	92.1	243.6	268.9	91.6	
19.1	60.7	47.8	220.8	125.4	25.1	47.5	48.3	
8.4	13.1	2.4	5.0	4.7	13.3	22.7	2.8	
8.4	18.8	27.7	36.4	3.1	35.7	15.5	17.8	
50.1	27.5	81.6	149.3	136.8	61.0	30.0	71.2	
14.8	0.5	79.4	85.4	27.7	39.3	142.6	28.8	
14.5	53.0	23.1	26.2	35.5	63.2	25.8	6.8	
68.1	53.8	85.2	174.6	206.7	61.6	181.1	208.1	
35.0	29.5	32.1	182.5	6.3	84.7	80.6	98.2	
111.1	41.2	29.5	38.6	17.1	41.1	14.6	24.2	
39.3	51.8	52.3	133.9	20.5	24.1	40.3	107.2	
19.6	4.7	18.7	33.9	14.8	12.4	27.9	2.5	
3.5	50.6	22.3	44.2	22.1	74.3	17.7	9.1	
62.9	65.8	17.1	43.1	33.1	23.2	17.1	13.5	
99.9	10.7	49.3	50.0	60.9	100.1	75.0	16.4	
59.8	54.9	25.9	61.9	58.5	11.3	23.6	24.6	
183.0	43.1	79.2	114.6	54.1	168.5	170.8	25.7	
61.5	100.4	131.5	380.5	123.0	330.7	298.8	18.8	
10.4	77.9	41.9	88.4	163.4	40.5	122.2	28.3	
16.8	78.3	36.1	59.6	50.8	55.1	59.2	143.8	
17.0	58.6	5.7	35.1	36.8	38.8	88.6	69.4	
283.8	85.5	82.5	172.4	34.8	71.6	164.1	98.0	
75.9	67.4	22.6	96.5	41.9	12.8	31.6	76.7	
4.0	10.5	4.4	96.5	74.7	56.1	34.2	49.9	
45.4	122.9	33.0	106.8	57.6	162.5	45.6	55.6	
133.1	146.0	214.9	274.9	237.6	103.9	360.8	46.0	
116.3	43.3	60.7	128.6	250.9	107.6	143.5	203.0	
67.3	67.4	6.7	29.2	96.4	93.8	28.6	27.8	
51.3	29.2	3.5	31.5	55.2	26.0	120.9	28.7	
32.2	75.0	58.5	141.6	17.0	25.5	59.2	51.3	
23.0	29.9	25.3	24.5	58.1	9.2	29.2	51.9	
68.0	59.8	72.8	177.5	39.8	12.5	91.1	66.9	
7.9	7.7	4.0	11.7	2.0	3.2	1.6	1.1	
229.9	30.0	139.5	259.7	32.4	88.1	121.3	50.6	
58.2	92.1	9.6	35.3	114.5	91.5	19.8	56.6	
26.1	32.8	26.1	50.5	19.6	28.0	15.9	6.0	
50.9	25.4	54.3	62.7	44.6	39.8	28.4	44.0	
23.3	158.0	68.6	96.6	76.0	47.2	113.5	34.8	
28.2	11.1	16.9	21.1	49.5	22.1	33.9	51.7	
12.9	117.4	51.3	101.7	108.9	12.1	118.4	224.1	
92.2	113.9	75.4	87.1	45.7	29.9	113.7	60.5	
172.5	137.2	98.7	111.2	243.1	303.2	97.3	212.6	
74.1	57.7	40.1	100.5	18.0	4.1	64.8	43.5	
459.0	255.8	33.7	48.1	539.9	159.2	214.1	57.1	
56.0	39.3	42.9	189.5	21.2	14.7	12.8	31.8	
28.9	45.6	25.1	36.3	12.7	39.0	3.2	81.4	
19.8	49.0	25.0	69.8	194.5	53.1	63.1	89.8	
33.7	62.1	83.7	128.7	19.1	77.4	25.0	92.5	
26.6	111.9	17.7	28.7	33.1	9.2	51.5	33.5	
264.4	230.4	84.0	136.6	60.2	198.9	38.6	49.3	
24.8	24.0	35.8	50.7	99.5	43.0	67.0	22.5	
12.3	24.5	5.7	8.7	9.6	6.2	17.4	69.7	
142.7	6.7	7.2	20.4	125.1	31.4	71.3	127.2	
180.8	350.8	77.7	161.5	329.6	213.6	220.5	102.5	
100.7	98.5	9.5	107.1	88.7	76.7	124.6	38.9	
38.4	12.0	52.0	109.2	46.8	72.7	75.2	64.3	
10.0	27.6	63.0	88.3	65.5	22.4	6.2	98.7	
147.8	311.2	34.8	92.9	328.1	503.8	169.5	154.3	
31.9	23.8	20.4	23.8	17.3	63.6	47.8	58.5	
43.4	32.1	285.1	352.4	31.5	13.0	181.4	40.2	
153.6	265.9	89.2	140.0	34.4	195.9	60.8	92.2	
49.9	21.9	9.2	57.0	10.1	12.4	17.1	27.4	
55.9	23.0	7.3	64.7	180.2	99.9	99.2	166.6	
68.6	52.6	36.2	56.6	26.6	121.3	10.7	5.9	
98.4	51.4	109.5	285.8	46.1	174.6	414.4	113.5	
54.8	107.9	166.7	204.0	104.4	298.5	161.3	61.4	
33.3	205.3	38.3	259.9	24.9	154.4	107.9	17.5	
61.4	110.5	34.5	79.6	60.7	72.5	80.3	66.2	
46.1	18.3	9.3	9.1	17.1	23.7	16.8	13.7	
102.0	173.9	82.9	126.2	92.0	175.5	77.3	89.6	
33.6	77.7	1.8	43.9	52.8	63.2	85.9	46.2	
138.4	28.3	65.8	154.1	9.8	12.3	56.4	19.0	
100.4	56.8	7.0	43.5	107.8	37.4	53.6	19.2	
37.0	18.8	66.1	191.3	99.5	74.7	48.9	43.3	
10.9	17.4	52.5	67.9	5.0	26.3	57.6	43.2	
3.2	15.3	4.5	10.8	12.1	45.9	1.7	35.0	
36.6	23.0	14.9	60.5	14.7	24.8	17.0	25.4	
86.5	77.9	0.4	24.4	45.8	13.7	76.2	92.7	
164.4	159.3	53.3	366.2	57.9	235.7	162.7	40.2	
76.5	119.4	27.3	61.9	21.8	54.7	6.2	19.3	
117.8	152.4	222.4	266.9	62.2	19.4	114.1	93.9	
6.1	7.4	1.2	4.2	1.1	2.3	0.3	2.1	
144.7	385.7	105.3	235.5	211.7	128.4	223.9	184.5	
134.0	6.8	54.1	97.3	74.1	69.0	33.0	166.2	
154.8	33.1	254.3	578.0	481.6	239.0	180.8	674.6	
2.6	5.3	4.1	5.3	0.9	6.9	4.3	8.6	
144.8	127.7	26.7	73.3	72.7	168.1	148.1	100.7	
119.1	93.7	29.4	39.1	77.9	44.7	58.8	55.9	
25.2	124.9	24.3	245.5	153.6	164.1	31.9	100.6	
42.2	99.0	95.3	190.3	140.5	201.3	114.0	7.7	
100.5	129.2	19.3	83.0	78.2	23.3	44.4	12.0	
81.2	74.5	57.5	71.7	26.5	84.7	58.8	19.3	
37.6	32.3	34.5	81.2	16.2	11.7	27.7	53.2	
20.0	76.3	5.0	46.5	69.6	30.3	22.7	34.6	
91.8	152.7	144.0	181.9	228.6	76.0	129.6	44.7	
54.9	302.8	67.1	143.3	137.4	189.6	135.7	113.9	
120.5	6.4	49.7	122.3	20.7	154.1	120.4	165.7	
226.1	156.0	60.2	153.0	16.4	140.2	43.8	8.7	
99.6	23.4	92.1	159.2	115.6	38.0	202.4	120.9	
35.6	187.9	77.4	82.4	45.1	38.8	68.7	24.5	
24.9	34.9	36.2	325.6	87.2	50.7	119.5	29.1	
112.5	57.6	22.4	148.4	203.2	20.7	80.2	14.6	
116.8	125.9	22.6	82.9	52.0	35.3	82.8	122.1	
23.1	77.5	50.9	120.9	28.8	106.2	126.7	139.6	
65.9	43.2	91.5	109.2	74.4	112.3	59.8	47.0	
176.6	27.1	130.7	352.8	429.4	337.2	495.3	255.4	
4.2	15.1	50.4	77.2	100.2	16.1	30.8	16.6	
58.9	21.9	113.3	218.4	75.0	47.5	71.8	141.3	
120.8	215.3	33.9	211.0	45.4	222.1	64.4	63.5	
153.6	141.4	80.4	189.6	40.0	45.0	71.2	122.0	
28.4	36.1	13.3	33.9	34.5	43.5	38.7	78.0	
80.3	103.0	59.6	390.5	267.9	177.1	139.1	23.3	
14.3	7.1	9.1	32.9	28.3	35.1	34.6	7.9	
85.2	27.7	5.0	7.9	48.7	22.1	19.1	8.6	
221.8	77.2	154.2	356.8	195.9	65.5	335.4	158.5	
131.3	7.6	27.0	105.1	79.4	36.1	103.4	23.0	
96.6	18.1	85.6	411.9	189.2	119.8	183.9	212.0	
32.2	10.8	13.5	36.1	0.5	17.3	13.0	19.4	
8.5	20.1	12.8	25.3	24.3	28.8	11.1	5.6	
55.3	48.8	83.8	183.1	293.0	75.8	77.0	105.2	
43.5	33.1	13.4	45.9	24.1	8.5	48.0	105.4	
31.7	98.5	30.1	34.9	131.7	62.6	44.6	209.1	
29.3	56.3	38.2	79.1	56.0	26.5	12.5	28.6	
35.5	57.7	27.1	38.1	57.8	160.2	60.7	75.2	
6.0	18.3	5.5	14.4	7.9	18.5	3.6	23.5	
20.8	39.1	14.4	72.3	13.8	50.8	58.3	8.8	
26.5	150.9	29.5	45.1	30.3	113.4	54.2	59.4	
66.2	51.8	59.8	94.4	44.9	46.2	92.8	35.1	
41.7	30.3	34.1	49.9	13.2	47.4	14.0	95.2	
52.4	100.5	60.0	87.5	77.0	76.3	43.3	39.6	
73.3	206.0	23.0	39.4	23.6	18.5	19.6	19.0	
18.9	58.8	18.9	45.4	102.6	4.0	6.7	13.4	
19.9	51.3	11.6	18.6	1.8	49.7	12.6	20.7	
88.0	112.9	43.8	154.5	54.6	184.5	49.8	29.5	
16.1	60.9	62.0	114.6	174.9	96.5	265.5	229.2	
29.8	43.5	12.7	28.1	22.4	13.3	20.2	8.4	
14.9	72.8	65.8	155.7	39.1	70.6	68.7	98.0	
142.6	117.5	43.6	50.6	27.0	48.7	77.7	46.3	
20.2	142.6	58.4	251.1	15.1	129.0	25.5	94.5	
117.2	12.9	78.4	116.2	61.4	77.9	54.0	78.7	
209.7	26.3	24.9	48.7	37.9	30.3	103.0	316.6	
12.3	182.1	41.9	110.4	61.5	46.8	7.2	129.2	
13.7	22.9	25.4	55.0	14.5	36.4	11.2	35.9	
154.2	114.2	22.1	51.7	72.6	267.1	249.2	55.9	
46.8	51.0	30.9	71.1	45.6	36.6	19.4	88.7	
161.7	436.0	39.4	41.4	78.5	104.0	327.8	25.9	
22.6	10.4	23.4	22.9	34.6	27.5	20.4	10.9	
94.5	83.7	41.0	90.0	123.0	148.3	92.0	357.0	
22.2	18.4	31.0	34.9	11.2	23.0	11.4	29.7	
97.3	48.6	34.0	122.5	109.7	82.5	30.6	90.3	
65.6	76.4	30.2	66.2	32.6	20.8	44.6	96.2	
115.1	22.9	26.2	321.7	127.0	81.9	195.5	83.2	
12.6	7.3	2.1	3.4	17.8	7.8	10.8	3.8	
25.3	26.3	13.0	95.9	10.6	20.9	9.1	10.2	
54.1	35.8	56.6	59.5	50.2	11.9	24.4	24.0	
16.6	46.2	15.0	49.8	9.6	20.8	22.4	6.4	
36.3	173.4	53.0	110.8	27.9	19.9	44.1	35.6	
49.3	230.9	27.0	146.9	24.0	147.9	214.6	54.5	
45.2	92.4	68.3	239.6	98.3	22.5	96.3	309.9	
37.0	7.9	14.2	98.8	24.1	80.1	55.1	84.9	
41.8	20.4	41.2	65.3	112.8	92.8	33.2	41.4	
141.4	210.6	56.6	88.8	56.5	88.8	27.8	72.9	
97.6	34.7	18.0	92.7	15.0	17.0	71.8	32.7	
52.3	79.2	19.9	157.8	9.4	51.7	34.2	59.3	
9.7	112.3	35.5	133.1	95.0	24.6	95.3	33.3	
442.6	40.3	110.1	157.5	215.9	226.7	47.3	121.6	
35.6	36.3	22.9	87.6	97.4	88.5	81.8	238.6	
54.8	25.8	46.3	63.1	12.5	71.4	33.4	40.1	
1.8	79.1	20.2	22.6	30.6	26.8	33.7	6.7	
38.6	65.6	8.7	22.6	10.4	67.3	70.4	58.4	
62.8	165.9	483.0	1006.0	201.7	399.1	53.6	365.6	
29.4	85.9	47.5	71.5	3.5	6.9	71.8	18.6	
47.7	23.9	9.9	21.9	4.1	100.5	16.6	16.1	
30.1	49.1	13.5	30.8	3.8	41.2	88.8	32.8	
23.7	55.6	29.9	168.0	109.9	142.0	132.3	43.5	
62.2	9.3	17.4	30.1	48.7	17.0	126.9	105.1	
161.4	93.8	16.5	22.3	98.5	37.3	65.5	40.3	
121.7	264.9	189.7	227.3	55.5	213.5	172.5	279.8	
141.8	69.4	46.9	59.5	209.2	34.9	94.0	58.3	
45.8	137.3	70.7	100.3	112.4	70.1	8.5	34.3	
277.4	271.3	47.1	141.7	460.5	49.8	368.0	133.3	
115.0	104.4	96.3	121.1	169.3	263.6	150.4	68.1	
8.1	2.1	18.0	38.2	38.8	54.6	46.9	60.6	
31.3	29.4	7.5	23.2	61.6	22.7	12.4	32.9	
79.9	137.2	10.4	90.6	23.7	11.2	117.6	69.0	
46.1	24.5	2.2	11.1	3.7	20.9	62.2	25.0	
17.3	62.1	15.8	64.0	8.6	52.6	59.3	13.7	
8.9	1.6	10.4	24.8	9.7	16.4	7.3	38.0	
24.5	44.4	115.0	69.1	77.8	5.0	54.0	44.0	
76.7	20.0	96.3	118.1	227.4	91.9	190.1	58.5	
2.7	26.8	12.0	11.1	47.9	37.4	12.1	32.7	
29.2	14.2	45.2	45.7	25.3	39.3	87.7	80.4	
31.7	28.9	21.5	10.9	10.6	14.8	21.9	7.6	
73.2	27.6	20.3	19.5	77.8	54.9	85.4	79.4	
72.8	70.9	42.9	139.4	124.1	74.3	15.5	67.1	
48.1	208.9	200.5	22.1	88.5	121.8	109.6	134.6	
45.9	74.1	112.1	132.1	139.5	131.2	18.4	111.6	
20.1	25.8	17.8	19.3	28.4	41.7	26.0	2.2	
28.0	148.3	70.2	99.0	114.3	156.0	39.9	130.5	
8.6	30.5	21.6	24.5	32.9	40.0	15.4	13.1	
57.0	7.7	49.0	83.2	40.3	51.3	30.3	14.4	
42.4	571.1	787.2	64.4	162.4	205.5	166.9	105.2	
166.5	168.6	38.4	43.8	38.7	72.9	121.4	101.4	
17.0	85.8	48.8	80.6	86.6	199.1	69.2	130.9	
13.0	59.8	13.0	9.4	139.8	76.2	34.0	93.6	
1.9	6.0	2.7	16.2	6.8	9.6	2.7	8.1	
13.5	28.9	20.8	37.6	37.0	59.2	22.1	44.1	
5.3	305.7	119.1	66.8	57.1	518.2	213.5	163.5	
58.5	76.3	113.0	30.4	35.6	24.9	67.5	20.2	
68.4	39.9	79.8	273.8	80.9	75.3	40.3	268.6	
16.1	12.4	5.9	11.5	3.4	6.8	8.8	11.3	
186.1	15.6	63.0	47.8	111.3	120.8	26.6	339.0	
208.8	133.5	111.0	91.0	144.8	86.4	286.5	162.0	
11.7	8.6	22.4	27.2	4.0	5.7	15.2	16.6	
38.2	585.1	166.5	262.1	112.8	182.2	167.3	7.7	
15.6	28.8	124.7	49.8	55.5	25.2	23.8	94.6	
91.2	27.0	40.7	35.4	63.6	48.1	20.0	79.4	
26.1	309.0	140.0	347.4	123.6	220.6	128.8	89.5	
42.2	43.6	64.0	31.3	77.0	8.3	123.4	28.7	
3.1	59.1	13.8	88.4	62.1	68.5	134.1	55.8	
18.6	40.1	22.9	39.9	59.3	42.7	103.7	22.5	
9.9	21.8	46.8	78.1	1.3	8.8	26.8	41.4	
11.5	13.2	18.0	15.5	1.6	2.8	19.8	1.7	
200.8	11.1	335.8	13.4	44.4	370.0	14.4	170.2	
14.1	52.7	33.1	25.9	5.0	60.9	32.5	9.2	
33.9	40.2	100.9	126.7	104.9	178.4	60.3	11.0	
27.9	5.4	53.7	70.5	31.5	87.3	32.0	26.7	
67.5	30.3	22.0	24.7	123.0	14.8	48.3	59.0	
59.4	253.2	24.9	49.5	62.4	61.6	56.8	65.5	
31.6	19.2	288.4	114.5	70.3	63.0	25.3	170.8	
943.6	54.9	123.0	192.1	100.1	219.4	71.3	95.6	
59.0	2.4	13.6	20.2	15.4	52.0	9.5	11.3	
24.3	22.1	4.7	5.6	25.0	35.8	15.3	2.8	
100.8	58.6	262.2	71.4	14.3	148.0	392.7	184.1	
29.8	33.8	59.5	5.8	43.6	18.6	1.8	16.8	
86.3	53.8	43.0	34.5	13.4	12.3	28.7	21.1	
142.7	178.3	107.2	154.2	28.1	165.9	373.7	29.5	
12.8	24.3	39.1	44.0	178.2	247.6	59.4	76.4	
37.9	43.1	18.2	32.3	43.5	15.6	49.2	33.7	
19.6	6.7	3.3	8.3	10.2	16.5	4.4	13.9	
172.0	118.3	56.5	144.2	149.3	147.4	655.2	153.0	
53.0	51.4	9.3	75.8	30.9	26.0	18.6	70.9	
99.5	248.8	120.3	239.0	187.8	108.2	30.9	320.6	
234.8	179.9	122.7	159.2	38.3	67.4	95.9	5.3	
111.6	160.1	430.9	340.0	320.9	464.6	186.7	14.2	
93.4	162.1	148.5	186.9	26.1	124.9	117.9	34.5	
1.6	6.8	14.7	0.8	1.8	3.3	10.8	2.9	
46.6	20.9	46.6	17.1	32.2	23.5	13.6	52.9	
42.3	42.6	116.3	270.8	195.6	279.6	223.5	79.6	
27.4	7.4	4.7	21.2	16.2	1.2	5.1	13.7	
134.2	68.8	124.5	70.1	139.2	82.5	4.8	39.4	
10.5	5.9	50.1	65.8	43.1	45.6	47.3	115.6	
39.8	1.7	238.1	25.1	14.8	74.2	57.0	23.2	
116.6	78.3	15.8	70.8	77.9	68.9	3.0	41.8	
47.9	17.5	21.8	12.5	19.9	32.0	5.8	13.1	
150.2	248.5	152.9	111.2	57.1	37.4	145.6	30.6	
15.2	65.3	82.7	34.6	19.9	23.4	17.3	3.0	
170.7	41.7	33.9	145.3	61.9	75.9	21.7	175.7	
154.7	100.6	121.8	166.8	145.5	168.6	216.9	280.1	
138.8	110.9	71.0	98.1	78.2	107.2	218.2	129.9	
50.3	43.6	5.3	21.5	18.0	43.3	16.9	40.1	
20.1	101.3	91.3	50.9	13.2	81.7	75.3	234.1	
31.1	487.0	319.9	321.5	216.7	232.0	392.8	352.7	
39.8	23.2	31.0	11.7	33.6	21.7	53.9	31.8	
33.9	52.4	28.2	14.3	17.7	46.6	65.6	3.5	
174.6	78.7	196.3	6.2	46.1	38.5	51.3	56.1	
41.7	209.1	60.3	59.7	128.7	264.9	225.3	65.9	
67.4	74.1	32.5	34.3	78.4	27.0	126.5	74.4	
159.9	45.9	227.0	241.5	96.0	96.4	72.6	143.4	
49.5	71.6	118.5	58.2	136.7	144.9	40.8	76.5	
24.8	41.9	55.6	21.7	50.9	37.6	33.7	22.0	
45.2	36.8	1.4	23.6	2.5	34.6	21.2	48.2	
27.4	22.6	92.0	3.1	8.4	26.0	57.7	89.9	
68.1	69.8	14.1	74.2	71.9	74.4	54.3	97.8	
21.6	51.8	20.6	21.3	15.6	24.8	7.9	18.9	
35.6	116.7	82.3	48.0	58.4	49.3	111.7	69.5	
3.4	4.9	4.8	2.2	5.1	3.7	1.6	5.7	
97.8	14.0	31.8	92.6	39.6	19.6	32.9	46.7	
63.9	47.7	104.0	34.1	13.5	26.8	8.5	72.9	
25.5	7.3	47.4	30.4	32.6	64.3	21.6	3.9	
15.2	139.1	43.0	44.2	158.7	102.7	97.8	67.3	
9.5	57.9	72.0	69.9	71.7	43.3	153.5	52.2	
54.9	13.6	89.2	17.9	18.4	7.7	9.3	48.0	
81.7	135.3	179.4	67.4	68.4	148.0	58.1	34.8	
46.5	75.4	31.2	61.4	8.7	121.6	50.2	55.0	
22.6	13.6	27.5	13.8	17.8	34.2	42.8	3.0	
49.1	39.9	83.1	14.1	54.0	100.9	46.0	31.9	
99.3	34.5	18.7	152.0	105.5	234.5	450.0	229.0	
58.0	91.4	6.6	18.6	52.2	63.5	111.5	181.7	
34.5	15.4	232.3	278.0	33.8	42.8	44.6	366.2	
20.1	14.1	4.2	25.2	19.8	12.0	7.1	10.3	
89.7	208.0	38.9	116.7	38.6	107.8	81.9	35.2	
42.2	10.1	48.8	50.8	62.8	41.3	89.4	45.3	
12.1	32.6	130.1	60.1	71.9	83.8	41.3	20.9	
215.2	93.6	48.1	71.4	128.0	21.6	66.3	42.9	
64.8	74.4	41.4	85.9	115.6	24.0	25.8	88.8	
2.1	52.3	25.4	31.3	98.1	53.6	23.6	5.2	
141.8	162.7	132.1	38.8	69.6	55.2	60.6	4.0	
18.2	27.5	14.0	18.6	15.8	3.8	17.8	24.2	
27.7	23.6	4.7	11.4	12.4	6.1	19.4	16.4	
19.3	21.9	30.4	25.3	12.7	25.5	21.6	5.0	
111.2	31.2	98.9	56.0	127.0	83.2	122.8	101.8	
2.3	14.3	8.7	10.7	42.5	20.5	7.5	12.3	
13.2	11.2	27.5	16.3	3.8	28.8	18.2	38.0	
117.9	174.5	150.1	295.9	146.8	343.8	97.6	55.4	
352.4	239.0	37.3	135.0	280.3	148.0	18.1	49.1	
16.0	36.6	64.1	171.6	89.1	37.9	121.5	27.5	
21.5	80.8	39.8	37.0	56.3	118.5	51.9	54.1	
72.4	28.0	53.7	20.9	26.1	59.4	84.5	109.3	
43.9	10.7	69.3	111.0	82.6	57.1	71.4	90.6	
44.8	11.3	9.3	9.0	5.1	19.0	17.8	39.1	
13.2	65.3	67.3	71.4	20.7	101.6	60.7	12.0	
29.6	73.8	18.7	45.5	44.3	31.2	10.4	1.4	
39.8	46.7	47.3	20.6	112.6	24.4	24.5	53.1	
183.4	117.3	51.5	11.9	20.9	55.0	45.5	167.7	
101.9	179.8	80.0	71.3	33.5	246.1	142.0	78.9	
201.9	63.0	288.2	80.7	240.6	81.0	80.8	185.0	
81.2	75.1	135.2	26.1	120.1	64.5	31.8	42.9	
46.6	28.7	13.7	20.6	80.6	43.1	72.1	73.7	
171.1	74.8	461.7	176.7	711.0	533.4	195.3	127.0	
268.8	99.7	78.4	494.4	31.8	208.7	39.3	83.8	
113.4	61.9	36.0	174.3	79.3	35.9	82.4	71.0	
181.5	58.0	130.4	25.4	173.5	22.4	201.0	98.3	
61.0	44.0	30.2	54.4	22.0	109.1	48.0	65.5	
408.0	82.8	137.1	195.1	68.9	200.9	193.5	68.9	
27.1	218.2	9.3	38.8	181.3	110.0	172.8	135.9	
107.8	64.6	129.1	40.7	24.6	138.4	53.6	61.5	
30.8	91.9	122.7	44.6	55.4	51.1	88.2	17.7	
52.1	22.2	37.9	32.9	29.1	3.3	42.7	44.5	
47.7	262.6	97.7	574.3	236.4	455.0	274.9	200.4	
77.5	74.0	55.4	69.4	92.9	81.8	134.2	7.1	
5.2	29.5	3.0	7.5	24.6	13.5	36.1	23.5	
68.8	49.5	47.9	18.5	27.8	34.2	81.2	34.4	
199.0	47.3	71.0	192.0	97.2	96.3	273.1	66.5	
79.4	38.8	85.3	83.0	84.5	104.4	113.0	38.4	
53.8	74.2	42.1	126.9	98.9	18.1	76.9	50.3	
13.5	3.6	41.6	24.0	7.7	75.9	98.1	36.9	
9.4	16.9	3.3	5.2	5.8	10.4	5.7	10.5	
43.2	12.2	80.9	154.7	12.8	66.7	52.9	216.7	
163.4	138.8	113.2	225.8	63.0	64.4	246.9	145.5	
11.6	6.7	5.4	34.3	19.4	45.4	9.0	16.7	
26.1	26.3	9.5	15.4	94.2	91.4	17.8	76.1	
7.0	29.3	17.6	49.1	24.1	54.3	21.1	7.5	
104.2	124.1	64.0	76.4	60.8	161.7	21.6	50.9	
103.8	273.9	50.9	228.6	237.3	31.8	100.3	83.3	
128.4	60.4	411.7	103.1	280.9	215.8	45.4	48.2	
7.1	24.4	12.4	21.1	20.4	28.3	14.5	47.2	
22.5	12.1	7.1	26.5	21.0	58.6	18.1	24.8	
14.5	6.6	11.9	22.5	89.6	7.6	59.0	5.0	
48.5	58.7	14.4	84.2	109.6	55.4	35.7	49.8	
166.2	190.4	280.1	202.5	56.5	41.9	74.3	95.7	
138.9	35.5	127.2	114.0	33.6	202.1	68.6	188.4	
164.7	104.8	143.9	209.4	148.9	144.0	116.9	839.3	
17.4	31.3	90.1	52.1	1.9	8.7	152.7	125.0	
302.4	130.8	53.4	222.2	200.1	82.6	4.9	401.8	
166.5	264.8	158.8	132.4	155.9	68.8	167.7	333.1	
54.4	128.3	92.9	58.8	32.7	41.7	150.7	127.5	
9.0	126.6	12.8	86.8	44.0	68.4	120.8	49.1	
23.3	37.7	207.3	22.2	175.8	149.2	75.4	115.5	
56.3	49.6	48.8	117.1	370.5	27.4	57.7	152.9	
3.0	22.2	12.5	10.5	35.7	2.0	12.9	3.4	
24.4	40.9	46.6	68.4	66.7	15.8	97.9	46.1	
38.4	18.6	80.3	3.9	32.9	20.6	9.4	26.1	
123.7	25.5	245.9	129.8	81.5	89.8	76.1	36.6	
118.6	168.6	132.9	47.7	6.5	60.4	133.9	193.8	
271.6	112.7	137.1	144.0	53.0	202.2	66.8	125.5	
127.7	53.8	60.3	10.2	62.8	224.2	45.1	99.1	
90.8	337.0	71.2	131.9	12.6	240.4	144.2	224.2	
33.1	14.5	50.5	17.2	69.8	57.3	27.8	75.3	
72.7	494.7	88.0	159.8	124.5	86.6	155.8	35.1	
196.9	183.6	155.7	302.2	422.8	137.5	588.2	407.4	
150.4	166.9	61.2	43.7	30.6	39.1	31.8	80.3	
56.8	16.7	41.3	86.3	273.3	50.5	152.9	114.7	
16.5	4.6	15.8	22.4	19.7	33.2	18.7	15.7	
47.2	2.9	37.9	26.0	12.6	17.3	49.2	7.6	
96.2	22.2	9.2	52.6	54.1	21.7	50.8	6.3	
81.7	173.6	198.9	320.3	406.8	190.9	22.7	318.1	
126.8	89.2	137.2	208.0	342.6	88.9	104.6	207.1	
43.6	146.6	56.4	85.0	42.4	121.8	75.0	106.3	
41.8	52.0	44.1	33.7	20.4	11.3	49.1	24.5	
357.4	143.8	163.7	130.0	236.6	61.1	93.5	407.1	
69.1	6.9	55.1	51.9	138.2	76.1	79.8	59.5	
16.8	209.7	167.5	64.3	83.6	68.9	40.5	55.5	
12.4	28.1	65.7	17.3	44.1	40.4	93.9	77.4	
139.8	143.5	120.1	144.8	96.9	69.5	73.1	46.3	
77.4	118.7	3.9	50.5	164.5	39.7	17.3	60.5	
74.8	135.6	90.4	75.2	23.3	486.8	2.0	26.4	
291.3	352.4	235.2	15.1	221.6	218.5	327.9	272.7	
152.3	47.2	43.7	178.6	70.6	84.9	18.2	106.6	
80.4	55.7	47.2	71.7	58.3	13.3	86.0	37.3	
16.2	212.3	67.0	41.6	58.1	45.0	96.5	85.4	
144.7	132.2	315.5	79.3	76.6	52.2	332.3	94.1	
116.5	84.7	38.5	39.1	81.1	31.5	5.1	95.4	
9.6	3.5	15.2	62.1	1.9	23.6	17.2	25.1	
4.5	10.0	8.6	35.9	18.5	21.5	6.7	8.7	
151.9	128.1	56.6	24.8	94.8	63.9	52.5	82.9	
51.1	37.8	125.6	99.5	104.2	42.7	80.4	66.2	
48.1	82.0	50.7	241.9	28.8	115.2	92.1	78.1	
68.8	76.4	115.0	117.7	50.3	118.8	56.6	12.2	
72.0	143.4	57.9	72.5	126.0	144.7	150.0	170.6	
80.5	178.4	18.2	318.7	73.5	63.5	92.0	45.5	
106.1	74.7	60.8	175.5	170.3	12.6	132.6	241.1	
31.9	50.2	56.2	23.6	68.7	54.6	39.0	65.9	
150.1	467.2	300.7	137.4	357.7	167.3	226.1	227.2	
62.5	76.5	107.3	173.5	57.0	16.7	158.2	58.4	
19.2	32.1	15.9	61.2	61.6	31.1	0.5	32.8	
176.0	242.1	103.7	206.4	198.9	35.1	29.4	290.6	
11.5	4.5	14.4	23.8	5.9	6.6	2.8	3.5	
84.5	89.5	11.7	55.6	61.3	29.2	31.7	73.0	
116.4	187.9	43.8	40.8	114.2	12.9	63.0	34.9	
110.8	25.3	423.1	21.0	56.6	80.6	21.8	137.9	
49.4	72.1	44.7	63.7	61.8	41.7	110.4	69.3	
207.1	379.6	238.3	498.8	185.6	163.5	394.3	165.9	
268.4	35.2	123.7	30.2	73.6	33.1	20.0	116.7	
96.1	47.8	13.3	31.7	78.6	75.0	75.0	47.0	
27.5	44.4	41.1	15.8	49.2	18.9	17.9	6.2	
42.2	32.9	58.6	33.3	84.5	31.1	42.0	8.2	
142.8	63.5	28.9	46.9	330.4	90.4	59.2	215.4	
56.0	40.8	50.4	85.6	75.1	48.6	76.7	56.1	
6.3	10.6	4.9	10.2	12.6	6.3	17.8	18.7	
75.7	119.1	52.9	30.8	73.9	30.9	158.5	41.0	
89.6	34.2	82.4	53.3	32.8	90.2	14.7	22.6	
187.5	58.5	117.7	144.1	14.5	68.9	169.1	80.4	
7.2	3.6	10.3	18.9	12.5	11.5	6.0	1.9	
182.8	217.5	30.9	356.8	266.0	37.9	158.4	235.6	
24.0	43.7	61.0	11.6	44.6	24.8	51.3	74.3	
123.8	45.6	92.7	240.5	119.1	34.2	455.2	148.0	
10.5	18.1	17.6	14.0	5.5	13.8	7.2	28.6	
682.9	46.3	30.2	310.2	460.6	395.8	220.8	180.8	
183.7	50.7	37.3	73.9	40.7	19.1	110.0	62.9	
53.1	25.0	1.7	2.6	83.5	54.6	28.0	79.4	
71.8	33.0	78.3	87.0	121.6	23.0	43.8	35.4	
24.9	23.8	19.4	29.6	96.2	39.2	48.7	50.6	
77.8	86.4	33.2	2.6	18.1	16.0	35.1	24.9	
315.6	329.5	151.4	129.2	124.5	177.4	122.1	39.3	
11.5	36.1	14.5	7.7	19.6	21.8	51.2	16.6	
39.4	7.4	47.6	18.0	21.4	8.7	44.0	39.5	
53.0	61.4	5.1	25.7	36.9	82.8	52.9	57.3	
27.7	23.1	13.1	28.9	13.9	60.0	13.4	15.9	
315.0	48.9	211.5	110.1	95.4	38.8	222.7	191.5	
19.8	20.7	74.9	16.5	21.2	23.9	36.9	47.1	
48.3	30.2	23.6	32.0	40.6	27.4	59.9	68.0	
91.7	99.7	208.6	11.7	32.4	323.2	139.6	39.5	
75.0	9.5	29.6	8.7	29.0	20.2	69.0	17.0	
1.9	5.4	2.2	6.9	3.8	2.1	9.1	3.2	
132.9	41.1	31.0	117.8	93.3	132.1	107.2	35.8	
6.6	55.4	52.0	10.9	22.6	22.5	111.9	29.8	
94.9	95.9	58.6	44.5	48.2	107.4	226.3	51.6	
42.8	140.5	13.3	33.5	23.3	25.3	33.3	47.9	
111.5	358.2	82.3	155.4	148.7	265.0	78.7	313.2	
69.1	75.2	66.1	87.5	12.6	42.7	223.0	66.1	
19.4	8.1	6.9	6.6	26.5	81.1	18.5	93.8	
148.1	88.9	227.9	143.9	25.3	167.0	144.4	182.3	
78.3	17.6	117.5	30.3	53.1	121.1	57.3	78.5	
54.9	295.4	205.4	29.1	68.4	142.6	80.4	64.1	
5.0	45.2	40.5	104.3	31.1	43.2	107.1	42.4	
127.4	454.9	140.4	154.0	354.6	54.3	394.6	110.4	
8.9	32.7	35.1	2.5	106.3	30.2	8.5	8.4	
93.6	106.8	23.1	58.9	27.0	8.7	254.8	37.8	
12.2	93.5	228.3	174.9	139.4	82.5	245.4	164.1	
60.8	59.3	24.8	14.2	29.0	29.0	66.0	16.1	
24.2	40.2	3.5	5.2	15.8	44.8	88.8	87.2	
4.1	8.6	14.8	6.9	56.7	15.2	2.6	29.8	
126.9	34.2	69.0	22.5	17.3	72.2	4.1	48.2	
221.1	107.4	43.4	210.2	224.6	165.0	83.6	115.2	
37.2	78.5	38.4	146.1	156.0	118.6	114.7	10.1	
39.4	120.6	298.0	89.9	191.9	132.9	68.2	186.8	
10.1	47.0	94.5	36.1	86.0	156.2	45.2	105.8	
20.3	34.1	34.0	28.0	6.0	8.9	50.2	19.9	
8.4	23.1	38.8	24.3	16.2	7.9	6.0	26.2	
99.0	23.5	46.1	135.7	76.7	26.8	221.5	89.7	
31.8	6.2	30.1	8.3	4.3	2.3	9.3	3.9	
39.9	18.0	47.7	2.1	47.9	118.9	14.6	65.2	
128.0	88.4	65.0	69.8	83.6	33.8	93.2	120.7	
8.2	29.7	59.6	18.0	76.8	34.5	47.6	37.0	
21.1	98.8	18.1	168.3	12.4	70.2	34.6	123.1	
24.5	18.8	52.5	105.1	35.0	43.5	123.8	70.2	
44.3	23.1	10.9	70.2	8.2	24.7	16.9	72.6	
60.1	115.6	136.2	133.3	163.2	51.6	119.8	124.5	
61.1	121.6	166.2	74.3	139.0	148.6	114.2	99.4	
29.8	179.4	222.6	355.2	90.6	196.7	130.7	277.8	
63.3	212.6	64.0	139.1	44.0	39.0	75.0	120.2	
24.2	47.5	55.6	28.9	30.2	19.7	110.5	43.7	
79.0	183.4	52.2	187.6	144.2	112.1	86.7	371.2	
3.1	7.7	4.8	6.1	7.3	14.2	6.9	3.4	
66.3	44.9	24.9	95.7	14.0	31.5	7.4	6.5	
34.4	97.9	82.1	26.1	39.9	85.0	26.0	176.4	
4.2	9.1	8.4	11.4	7.2	8.1	4.1	1.5	
2.3	22.6	12.9	4.9	29.7	2.8	8.0	3.2	
61.6	162.8	27.3	60.7	95.4	161.4	76.9	24.4	
8.5	63.9	55.1	93.4	43.3	42.4	86.4	9.9	
58.2	62.4	37.9	42.6	136.1	68.8	59.5	29.7	
40.0	50.3	382.4	164.2	113.1	286.4	140.8	126.7	
136.5	169.2	51.2	20.1	91.9	62.0	18.3	21.4	
7.5	4.4	56.2	25.6	22.4	51.8	25.1	31.0	
58.0	64.4	41.5	56.3	30.9	8.4	18.4	41.7	
22.2	51.4	42.2	98.5	32.2	20.8	49.9	104.3	
31.3	97.5	7.7	68.1	15.6	30.3	49.1	55.9	
42.9	9.8	21.5	24.5	35.9	12.5	13.1	40.7	
85.4	31.7	64.0	31.0	42.4	145.6	71.9	66.1	
148.7	79.8	260.8	130.4	110.5	14.2	33.9	202.8	
61.1	70.1	113.3	41.1	83.9	72.9	152.9	63.8	
21.1	17.2	6.9	12.1	50.5	35.6	17.0	8.0	
10.2	6.8	29.9	6.8	19.7	6.0	5.7	7.1	
6.9	8.3	20.5	3.7	25.4	7.4	34.2	11.6	
187.5	164.3	209.0	253.2	215.9	40.6	260.4	250.3	
52.7	11.6	17.6	31.4	72.7	35.6	25.4	22.1	
17.0	6.9	55.5	15.6	35.9	67.4	12.1	2.3	
184.6	17.3	150.2	78.3	121.0	94.3	152.8	46.3	
125.7	11.8	15.1	132.2	17.1	7.3	4.1	17.5	
42.2	37.1	93.1	36.4	78.5	49.5	104.0	52.5	
5.9	23.9	14.2	4.6	7.6	7.4	13.8	29.3	
8.7	36.5	56.9	20.9	21.4	9.4	25.0	28.9	
111.2	89.7	96.4	172.8	96.4	49.0	47.7	14.8	
217.3	70.8	135.0	66.0	123.8	110.9	121.7	145.6	
104.6	18.5	58.5	43.6	86.7	12.4	42.2	67.1	
197.3	113.9	52.7	37.4	24.0	202.8	125.8	66.0	
44.1	9.6	80.1	31.4	12.8	16.6	33.8	28.8	
143.8	333.4	592.4	23.3	471.6	107.2	131.6	76.0	
56.6	67.4	6.2	28.1	10.1	68.6	13.5	35.0	
13.8	10.4	6.1	6.4	16.3	9.6	11.5	23.5	
68.3	54.2	289.2	431.9	70.8	62.2	70.5	143.5	
13.4	4.4	16.5	28.4	49.2	30.9	43.8	14.2	
88.4	124.4	26.5	52.3	27.8	111.0	116.7	30.0	
17.6	41.9	87.3	138.4	37.8	61.1	31.8	111.5	
98.0	113.0	139.4	142.4	10.8	66.9	25.1	75.7	
19.0	25.1	73.2	10.5	38.5	10.1	35.2	7.4	
171.7	142.7	76.3	72.5	186.2	104.4	111.2	143.0	
50.4	249.2	46.0	17.4	105.2	36.2	20.7	21.9	
135.3	118.1	77.6	5.0	107.0	38.5	13.5	173.4	
233.6	52.6	145.7	170.3	14.1	78.8	160.0	173.2	
23.5	74.0	26.7	34.1	84.4	84.5	36.5	23.4	
177.1	35.3	3.2	134.4	107.7	61.9	37.7	74.9	
122.7	158.5	220.6	200.5	111.8	311.2	60.2	76.3	
108.6	253.8	308.8	111.6	5.3	275.0	78.5	300.4	
8.3	3.7	7.1	5.6	38.7	3.8	6.0	13.9	
70.6	28.6	54.8	97.9	13.8	30.3	19.5	23.5	
50.1	23.0	35.5	8.7	13.4	2.9	31.8	5.9	
183.4	80.0	49.8	32.9	122.5	83.0	75.4	71.6	
65.1	35.9	52.1	70.7	31.9	15.3	94.6	126.8	
6.8	42.8	20.7	10.0	38.1	81.4	1.6	22.9	
81.6	101.0	61.0	52.0	65.3	37.4	26.2	51.3	
2.8	6.3	7.2	3.1	3.6	9.7	5.4	3.2	
35.3	130.6	110.1	39.4	211.3	10.7	58.4	101.4	
17.5	13.9	12.6	32.8	13.9	22.2	5.0	25.6	
1.0	18.9	1.1	8.2	12.7	13.2	13.7	12.0	
63.2	10.4	101.5	40.9	32.2	53.3	44.1	77.7	
57.9	61.7	89.4	38.3	147.8	115.6	50.8	254.4	
17.5	109.3	108.0	169.7	70.3	227.1	294.5	243.9	
124.1	185.7	152.3	77.6	177.9	108.5	404.8	119.0	
21.5	4.5	50.9	13.2	2.0	14.7	24.4	21.9	
12.8	16.9	13.1	26.9	41.0	38.5	61.7	7.3	
155.6	191.4	44.6	79.6	48.0	57.1	74.6	90.1	
4.3	6.5	3.1	3.3	6.8	3.3	6.7	2.8	
23.1	5.7	12.9	14.7	27.3	34.8	22.2	16.7	
43.0	30.5	27.8	25.5	23.0	23.1	23.7	14.6	
22.0	38.6	5.1	12.7	60.4	1.3	57.0	19.7	
260.5	176.7	136.8	157.1	53.2	68.8	29.4	86.9	
107.7	206.4	9.3	52.3	54.7	62.4	65.2	55.8	
27.7	12.9	28.7	40.1	60.8	27.8	45.4	30.0	
26.5	51.9	102.1	114.9	57.2	65.8	136.5	116.3	
21.3	4.5	14.5	6.8	6.8	14.1	9.1	17.8	
45.7	14.3	13.5	12.3	14.4	11.6	20.9	45.0	
93.4	101.6	208.1	25.7	52.7	73.6	55.1	28.7	
38.3	65.4	158.0	209.2	296.9	424.0	54.6	126.6	
75.8	372.1	256.7	174.2	56.5	281.0	187.5	179.1	
200.1	65.7	160.4	153.1	34.5	247.9	84.3	135.2	
680.0	537.0	797.4	709.1	177.8	174.2	165.8	191.0	
21.1	73.3	9.7	31.6	48.2	39.1	148.2	14.7	
43.2	970.2	128.1	95.2	476.7	51.0	275.7	778.3	
84.2	174.2	190.0	280.1	335.7	56.1	5.5	32.4	
55.2	9.7	11.6	22.1	109.7	251.7	89.8	37.0	
23.9	8.6	36.6	27.7	15.7	14.6	54.1	12.9	
188.9	217.3	133.2	69.2	61.5	41.3	67.0	49.7	
23.2	1.6	11.6	9.0	4.7	1.5	8.8	7.2	
10.4	22.3	5.9	10.3	32.4	18.9	29.5	4.4	
0.7	10.2	6.2	7.3	14.8	21.1	5.6	3.4	
39.4	16.0	32.8	11.4	28.4	22.9	51.0	24.4	
111.4	62.1	69.5	86.4	25.8	69.8	33.2	94.7	
50.6	154.3	35.7	113.6	78.1	197.0	161.9	131.2	
37.9	114.3	69.9	101.6	153.9	36.4	77.1	128.4	
34.6	12.2	89.2	27.7	23.4	50.9	33.2	155.1	
123.6	227.3	36.0	178.1	224.4	61.6	48.4	72.4	
56.3	132.3	95.1	18.2	61.8	74.4	54.3	34.5	
295.2	70.2	644.8	180.5	173.3	303.1	193.0	566.0	
3.3	1.8	2.5	2.1	1.4	3.1	0.7	3.6	
10.4	8.4	5.8	10.2	8.8	22.2	4.3	8.6	
310.9	27.7	207.2	36.5	127.9	100.7	81.0	69.9	
75.0	42.6	25.0	32.6	27.1	35.3	10.3	116.0	
146.6	97.3	135.3	167.8	179.2	167.9	54.7	201.7	
40.6	19.0	83.6	43.1	33.4	40.5	66.0	24.2	
72.8	102.4	47.0	87.7	57.7	24.7	95.3	19.5	
31.2	20.7	9.2	216.6	33.5	49.1	146.0	98.0	
4.4	32.8	30.9	4.3	26.1	36.1	9.7	4.0	
89.5	16.7	90.7	44.7	135.9	22.4	106.2	75.3	
25.2	45.2	6.0	46.1	24.9	16.3	8.0	48.3	
29.1	21.6	22.2	7.8	23.2	28.6	20.1	25.3	
107.5	103.3	124.2	167.2	43.7	125.7	36.8	36.0	
4.0	46.5	107.2	74.8	19.6	46.3	34.0	38.5	
35.2	70.5	21.4	25.7	40.2	73.4	34.9	11.7	
0.4	0.9	4.6	1.2	11.7	0.6	0.7	0.8	
23.6	12.1	87.5	40.5	25.8	9.0	27.5	50.7	
35.6	26.3	17.1	11.0	12.6	45.7	15.1	22.5	
55.9	27.6	165.9	199.4	28.0	60.9	168.1	130.3	
82.4	8.8	12.6	52.0	19.5	21.4	38.3	66.7	
59.0	14.4	55.3	47.0	63.4	38.1	16.8	32.2	
243.4	92.8	343.2	90.1	69.0	78.5	176.9	135.4	
17.4	85.7	27.1	22.1	4.5	42.4	7.6	148.0	
61.6	66.7	228.5	226.1	170.5	69.0	107.4	38.9	
76.0	200.6	62.9	66.6	69.9	23.2	116.3	47.5	
10.1	49.6	46.7	22.8	32.7	30.0	26.2	10.9	
44.4	23.3	87.4	42.5	160.6	63.5	69.0	32.9	
70.4	48.3	87.7	68.3	6.9	78.8	17.1	27.0	
6.3	103.2	37.3	50.2	5.8	119.7	31.2	18.4	
151.3	260.5	136.9	146.2	78.5	242.1	222.3	82.2	
83.7	79.4	78.6	65.7	108.0	55.5	14.4	76.5	
190.7	385.1	216.5	151.9	161.1	160.5	143.7	326.7	
132.4	65.3	91.7	49.2	55.4	28.5	40.9	55.0	
102.0	200.3	41.5	230.5	6.8	52.3	84.5	57.3	
16.9	18.2	107.4	29.5	47.0	20.4	26.8	60.3	
57.1	15.4	73.5	26.2	200.9	32.4	26.3	35.2	
15.8	8.7	29.4	59.6	65.9	49.3	83.5	25.6	
41.7	14.2	106.1	74.6	34.3	100.7	9.1	109.3	
50.0	9.5	8.7	12.4	43.3	14.4	34.7	241.4	
134.5	160.9	35.5	135.7	61.0	140.5	78.8	24.3	
107.0	66.4	194.3	446.3	339.0	114.6	169.2	119.2	
34.0	14.2	49.5	16.0	36.1	35.4	135.2	16.9	
14.9	18.7	14.9	7.9	22.6	19.3	2.5	23.9	
8.4	3.6	8.5	3.8	1.1	2.7	8.0	4.1	
99.0	82.0	13.4	109.6	41.0	33.1	82.0	10.1	
24.3	16.8	85.1	8.5	74.5	43.6	24.5	52.0	
131.6	91.9	27.1	114.0	237.7	49.1	190.1	114.4	
53.0	43.2	123.2	186.6	271.6	48.0	94.5	43.9	
10.6	11.8	15.7	42.4	14.8	7.4	17.6	46.8	
19.1	26.9	14.2	11.1	15.0	37.7	21.9	21.4	
402.4	67.4	110.2	217.9	148.6	81.5	351.2	429.2	
30.3	6.1	19.7	22.7	18.6	9.3	51.0	22.4	
