174.3	224.6	57.5	158.6	242.0	34.6	94.7	19.3	
20.2	93.9	104.3	28.9	16.0	36.4	203.1	168.5	
7.1	39.9	16.1	18.9	74.7	27.2	30.0	96.3	
52.2	72.3	9.8	140.9	23.8	408.6	174.1	221.6	
1.8	15.6	0.8	5.8	6.1	10.1	8.6	0.8	
25.9	74.2	17.9	21.6	53.3	49.7	21.1	23.7	
45.1	44.3	38.7	137.4	53.3	20.4	172.8	55.0	
99.0	78.1	293.3	86.0	54.2	65.5	29.6	66.3	
72.2	25.6	83.9	28.7	30.6	23.1	7.6	57.5	
28.4	42.1	95.6	160.8	89.9	100.8	21.1	26.0	
74.4	47.0	62.6	141.1	43.7	38.4	180.7	65.7	
18.3	21.3	44.3	2.4	26.3	63.5	46.2	34.1	
254.1	187.3	16.7	135.9	68.3	40.5	198.9	55.8	
15.2	29.6	37.7	110.0	18.3	145.4	16.4	84.1	
1.5	1.9	8.9	12.3	7.1	1.1	10.8	6.3	
86.3	20.4	104.1	38.8	37.8	100.9	65.1	12.5	
110.9	335.1	44.3	21.3	79.9	156.0	144.5	28.2	
65.3	120.4	62.8	89.1	36.4	8.5	139.1	70.9	
46.0	219.4	197.0	154.8	269.6	138.8	8.8	38.3	
10.3	3.0	16.0	5.6	8.8	63.2	80.4	29.9	
401.5	182.3	274.2	240.4	123.1	429.6	83.5	143.8	
22.1	44.9	33.1	45.2	62.0	18.1	48.0	82.7	
91.7	162.0	64.0	142.5	136.0	68.4	69.8	177.3	
28.2	22.4	12.8	76.7	14.6	15.2	41.7	17.1	
50.0	31.6	63.3	29.8	78.3	17.1	85.1	11.6	
70.2	126.2	114.9	69.2	102.6	189.1	42.2	55.8	
46.4	33.9	8.1	22.1	35.5	80.6	24.7	17.9	
38.9	17.6	6.7	54.9	15.4	59.7	45.3	46.7	
22.1	46.6	14.3	20.7	25.7	32.9	23.5	7.7	
42.4	39.9	43.1	50.2	56.1	5.1	47.6	8.8	
58.2	31.1	28.5	29.9	21.8	20.7	32.6	44.7	
45.5	303.3	112.0	78.3	45.6	90.1	267.0	103.4	
94.2	125.8	58.3	65.6	26.7	113.7	232.3	53.7	
22.8	22.6	4.2	15.7	14.3	4.3	10.6	23.7	
78.9	105.4	41.5	72.6	189.0	105.7	50.7	67.9	
14.9	87.4	5.3	61.1	24.6	73.4	34.7	54.4	
22.2	13.8	14.6	6.7	26.0	23.7	8.1	23.8	
7.1	18.3	45.2	9.8	53.5	26.6	39.8	55.6	
12.7	17.8	11.4	7.1	31.4	10.9	8.6	1.9	
45.1	342.6	67.3	16.0	100.4	145.4	101.4	104.3	
90.3	89.6	660.3	229.0	123.3	67.9	99.4	561.6	
47.3	29.8	32.3	43.9	21.0	65.7	40.8	58.9	
52.1	170.9	39.7	37.2	169.3	76.1	49.5	52.5	
7.7	91.8	55.1	94.6	45.8	99.4	19.5	78.4	
33.9	29.9	37.6	15.6	23.2	14.4	55.6	22.8	
37.8	35.3	55.7	29.1	188.0	3.8	29.4	72.2	
11.0	122.4	39.3	73.2	66.9	110.8	55.3	56.0	
11.3	91.2	53.4	77.2	208.3	95.5	101.3	11.1	
11.5	91.4	43.1	208.4	44.8	27.5	41.9	35.8	
30.0	9.1	48.2	14.9	29.8	17.3	23.5	37.7	
210.9	338.6	125.4	182.8	103.1	111.6	332.2	236.1	
3.0	13.0	23.7	22.1	18.6	16.9	4.0	15.0	
18.4	8.4	25.2	21.4	89.4	43.6	7.7	24.9	
45.5	21.7	55.0	47.1	45.2	77.8	15.4	54.8	
29.4	36.6	58.0	15.9	24.9	48.7	25.1	22.5	
74.9	42.9	121.3	139.8	189.4	112.8	106.0	121.0	
9.3	18.7	6.3	4.9	15.6	23.9	4.2	8.9	
15.8	61.6	79.1	17.5	10.4	37.2	36.1	13.2	
62.0	86.5	96.8	39.6	76.0	41.2	54.6	44.7	
168.3	101.6	153.7	39.0	207.6	196.3	209.4	251.3	
28.2	37.2	30.6	9.4	38.9	20.7	59.1	28.0	
2.2	6.7	5.8	0.8	2.8	2.8	11.7	13.8	
8.2	25.4	41.2	33.4	21.5	30.6	28.4	17.7	
75.5	48.8	27.7	55.7	97.1	20.5	13.0	24.8	
22.9	54.4	31.4	50.8	62.2	40.7	148.6	36.1	
116.8	92.7	80.2	156.3	159.5	51.0	119.0	173.4	
10.1	15.9	22.6	18.5	17.6	35.1	16.3	32.8	
87.5	152.6	76.3	64.4	71.0	28.6	96.6	5.5	
239.9	108.1	10.8	283.1	84.2	38.4	47.2	139.8	
96.8	109.5	91.7	65.8	69.3	143.0	31.2	58.0	
250.9	104.7	55.4	28.8	9.8	76.3	130.5	15.0	
61.9	158.6	47.5	68.8	29.2	107.7	11.5	53.7	
141.9	25.8	61.6	26.1	107.2	41.3	74.8	67.3	
165.8	183.2	226.2	150.6	120.2	42.0	14.2	108.1	
63.0	57.4	223.5	124.1	252.5	241.4	202.3	51.3	
121.7	52.9	25.1	48.6	85.8	27.9	95.2	66.5	
71.4	93.6	7.0	25.7	216.8	58.6	156.9	35.0	
29.4	8.3	20.8	24.3	25.6	48.3	54.5	14.6	
54.7	39.9	12.3	40.0	53.5	35.4	20.2	35.1	
20.9	33.4	32.2	32.7	24.4	23.7	8.4	78.0	
301.5	184.6	110.2	107.2	109.4	124.8	77.7	233.1	
28.6	10.0	8.3	5.7	19.5	3.2	17.7	19.1	
106.0	36.1	91.2	36.6	106.7	136.9	23.6	43.6	
13.3	54.9	83.8	140.1	108.3	39.9	32.7	194.4	
212.1	70.0	203.0	66.3	143.2	88.6	97.7	124.3	
18.0	24.3	8.0	33.4	30.3	29.1	29.5	21.5	
22.0	6.6	5.6	4.6	5.8	1.3	19.0	6.2	
18.0	15.4	19.5	3.5	11.5	10.4	9.8	5.4	
56.3	16.2	42.9	25.8	23.6	41.3	30.3	6.0	
69.1	30.8	162.7	213.5	124.7	35.3	84.2	50.8	
27.6	30.6	31.3	17.3	27.8	66.4	20.2	44.5	
2.6	13.5	82.7	45.2	37.6	2.1	31.4	35.0	
36.8	40.9	10.3	97.1	84.5	103.7	19.9	51.3	
24.6	42.9	26.4	17.8	42.0	25.3	65.1	9.2	
41.9	67.4	89.0	162.9	43.8	37.0	35.1	32.3	
41.1	61.2	28.5	147.3	44.6	4.9	7.1	42.8	
13.6	156.0	133.8	238.5	96.3	97.0	183.0	27.7	
23.5	29.7	28.2	15.7	39.9	42.3	51.9	8.6	
144.8	328.0	254.7	286.3	96.7	56.7	451.6	193.3	
11.9	19.1	100.3	123.0	138.5	25.0	5.5	47.8	
7.3	117.0	54.8	85.2	56.3	48.3	20.8	47.4	
70.3	130.8	66.7	30.0	26.6	135.8	117.9	196.7	
5.1	8.3	7.1	5.9	11.0	8.3	9.9	5.5	
58.3	82.2	89.4	13.3	132.8	80.6	23.8	36.2	
44.0	54.1	83.1	173.5	225.5	122.6	19.8	97.5	
113.6	91.1	39.2	125.2	10.8	41.4	15.0	58.7	
21.9	46.5	39.7	4.2	18.7	5.8	85.2	76.4	
42.0	120.8	81.4	133.3	30.3	81.3	84.9	40.6	
114.5	543.7	74.6	170.2	302.0	55.4	45.2	503.0	
36.1	62.0	19.4	48.1	25.6	46.6	37.6	16.1	
47.5	16.5	20.1	28.7	21.5	35.7	9.2	7.4	
134.2	144.3	166.4	64.9	103.8	239.0	218.9	230.2	
104.1	118.4	178.2	227.5	22.5	196.0	146.3	153.1	
36.6	33.7	60.4	52.0	32.8	22.5	60.7	19.9	
43.4	38.9	94.2	49.8	126.1	200.2	48.1	158.2	
63.2	16.8	104.1	314.8	66.2	173.2	1.9	68.2	
112.4	28.2	86.4	80.4	20.6	95.0	7.9	16.6	
28.9	106.6	158.5	48.7	167.5	22.4	414.8	2.6	
147.3	90.0	187.4	37.9	157.4	38.7	95.0	87.1	
50.4	9.2	21.9	31.4	12.9	9.6	15.0	3.7	
115.8	20.1	70.7	88.8	29.7	50.8	83.8	126.5	
140.1	92.0	224.4	155.6	176.9	58.2	59.3	275.5	
65.6	24.2	31.5	19.0	14.4	33.0	40.2	58.4	
71.6	138.4	96.1	144.9	220.8	167.2	47.2	65.2	
7.3	65.7	80.8	58.4	107.4	6.1	7.7	89.8	
152.2	9.1	12.7	120.5	73.0	15.0	119.5	28.3	
550.7	167.7	334.9	199.4	837.8	430.2	218.1	295.4	
335.0	273.6	126.6	231.1	106.0	113.6	167.8	266.0	
45.3	17.4	103.4	31.0	41.9	30.2	48.1	24.5	
46.6	37.6	12.4	126.0	12.6	27.5	71.2	58.7	
22.1	26.5	30.5	8.9	26.0	62.7	57.9	166.2	
177.5	241.4	264.2	130.5	98.7	134.1	227.8	148.3	
77.6	59.2	59.6	23.1	28.5	59.7	14.1	31.3	
78.3	50.7	17.9	68.2	277.3	149.2	27.5	18.1	
38.1	176.0	26.5	85.6	164.8	21.4	48.5	188.8	
201.3	78.6	98.7	11.5	7.6	31.5	51.0	24.6	
15.6	65.6	8.0	165.8	65.0	53.5	35.9	19.2	
162.3	74.7	159.6	180.3	179.5	192.3	144.5	135.2	
62.9	22.3	43.6	30.6	17.3	11.5	20.2	41.1	
72.9	29.1	5.0	51.5	68.8	98.2	47.9	68.0	
36.5	45.9	11.8	34.5	20.8	49.5	32.1	11.8	
39.5	13.4	40.0	9.6	26.6	29.4	24.1	78.1	
89.5	49.8	23.2	80.9	76.4	19.7	55.0	152.3	
114.6	168.6	137.8	155.1	271.9	110.3	33.4	96.3	
19.2	33.6	7.0	31.1	9.4	10.3	51.6	8.8	
19.6	55.8	5.3	6.2	35.3	34.8	35.1	16.1	
14.1	17.2	15.4	10.0	1.4	25.8	28.8	11.7	
24.8	133.2	71.6	79.4	30.0	102.3	18.4	9.0	
35.5	24.5	105.5	113.9	71.3	149.7	50.5	126.7	
34.0	80.3	59.9	16.4	122.3	21.5	148.2	32.9	
24.0	63.5	128.7	83.3	50.3	127.0	38.3	29.9	
84.1	37.6	59.6	85.4	40.2	33.0	28.6	97.5	
42.0	63.2	86.6	159.5	298.3	36.5	135.8	114.2	
180.4	32.5	121.4	89.0	29.0	15.3	45.7	157.3	
14.8	67.3	11.7	35.6	50.2	38.3	5.7	66.0	
30.7	14.7	39.6	83.8	104.5	45.6	37.4	19.0	
190.0	246.9	103.4	38.6	121.0	153.0	52.4	149.3	
83.2	371.0	225.6	106.9	75.5	44.0	249.8	126.9	
58.2	37.2	26.5	37.4	39.1	79.4	65.8	14.7	
7.1	28.7	4.5	61.0	40.2	205.5	30.4	116.5	
45.2	27.5	54.4	13.5	27.9	129.1	33.4	8.7	
53.7	45.2	40.2	67.0	37.2	17.7	12.5	28.6	
35.7	19.7	47.5	12.6	12.6	5.3	28.3	14.9	
58.7	106.0	47.7	122.3	56.2	162.9	267.5	59.8	
35.6	34.0	85.5	150.7	37.5	60.7	42.9	96.1	
223.1	84.9	15.6	210.8	88.8	71.3	37.7	102.9	
386.8	388.8	276.5	209.6	424.0	234.1	33.2	235.0	
57.8	51.1	383.7	200.1	76.1	103.3	51.3	151.9	
88.2	122.2	38.0	171.6	49.9	125.4	42.7	236.0	
58.2	85.6	50.2	314.1	53.3	152.7	112.5	337.8	
17.6	23.4	6.5	9.8	10.0	4.2	11.4	16.8	
41.7	38.1	41.9	28.7	30.9	6.5	5.2	18.2	
169.5	141.7	99.7	38.6	40.0	42.6	26.0	78.2	
214.1	178.9	163.2	118.3	153.3	182.3	224.7	80.2	
32.9	30.8	64.2	101.9	130.6	27.4	39.9	48.9	
18.6	25.7	40.0	5.8	60.6	5.6	12.3	7.8	
18.7	35.2	21.2	52.3	44.4	73.8	107.7	44.4	
15.0	52.5	24.4	4.9	58.8	32.3	9.4	4.9	
13.7	29.5	20.5	9.7	11.0	1.5	32.9	6.5	
168.1	76.2	2.5	189.4	8.9	39.5	44.9	21.5	
159.4	190.8	489.6	155.7	446.5	198.4	350.0	211.9	
34.7	74.6	36.2	24.9	71.8	68.2	71.9	34.5	
42.6	69.3	95.4	318.8	66.9	181.2	141.2	45.1	
59.9	27.5	36.0	81.0	73.5	204.9	77.2	16.9	
54.5	1.7	23.3	49.7	37.1	15.0	8.7	19.1	
262.1	89.8	174.1	248.0	112.6	117.5	108.4	56.1	
87.2	38.5	81.6	20.0	27.7	17.1	34.0	12.6	
17.7	129.5	60.5	80.3	26.1	34.7	67.5	124.8	
39.4	45.8	477.7	202.9	922.7	390.6	617.1	10.9	
45.0	61.6	8.3	42.9	51.3	56.8	42.9	63.3	
36.8	12.0	4.6	49.3	39.7	29.3	8.6	15.7	
43.9	118.4	96.6	62.3	141.4	23.7	68.1	124.6	
5.8	4.8	19.7	9.6	33.0	11.2	26.7	5.5	
521.7	7.3	130.9	60.3	81.7	208.3	117.2	353.4	
16.4	108.0	169.0	40.1	24.0	69.1	26.0	218.7	
16.2	52.5	17.3	10.5	26.1	29.7	9.2	20.8	
182.8	41.0	43.2	107.5	19.1	42.6	60.1	112.5	
78.8	18.6	63.3	30.5	14.9	12.0	42.3	107.0	
58.7	33.5	68.9	78.6	13.8	47.3	1.2	50.6	
4.2	5.8	44.7	64.6	53.5	40.5	34.8	115.3	
15.7	41.5	17.2	14.7	43.9	75.4	45.8	40.1	
135.0	36.1	111.4	137.6	48.6	52.1	73.6	53.7	
33.9	77.8	88.6	87.8	38.6	242.4	37.3	28.0	
20.7	167.5	126.9	59.7	136.5	99.6	23.7	151.8	
22.2	110.5	169.5	34.7	31.0	20.0	37.4	50.8	
28.5	33.1	6.4	56.3	10.6	22.2	15.8	28.4	
40.4	90.6	147.8	51.3	102.7	37.1	18.1	54.8	
55.0	103.8	72.1	64.9	12.8	24.4	41.6	36.5	
78.0	45.2	98.9	77.0	70.2	90.1	290.7	222.2	
9.1	27.1	49.8	31.6	17.7	23.4	12.2	30.2	
43.5	26.5	17.5	79.9	14.3	35.5	19.0	20.5	
43.7	17.5	17.3	30.4	40.6	32.9	14.5	11.2	
49.3	57.8	26.6	66.7	39.7	19.2	108.0	25.8	
32.6	27.7	4.0	20.8	54.2	98.3	21.3	25.9	
49.9	162.2	22.6	29.8	23.6	35.0	4.4	47.3	
88.2	119.3	90.5	273.4	43.3	52.2	65.4	62.9	
8.2	57.2	41.1	47.0	26.5	40.9	28.5	57.0	
36.0	80.8	60.9	118.3	131.6	27.3	50.7	145.7	
4.5	22.7	3.9	4.6	31.0	11.2	64.4	18.7	
69.4	18.7	50.4	33.7	60.2	21.5	41.6	11.0	
65.3	47.5	82.7	79.4	49.5	56.5	52.3	22.6	
29.4	98.4	28.6	12.1	5.4	42.8	36.7	13.1	
24.0	73.1	31.4	26.5	56.8	124.2	36.5	70.1	
40.0	32.0	22.4	11.7	36.8	24.4	32.6	12.0	
3.9	12.6	14.3	2.8	6.9	7.8	9.6	5.9	
47.1	54.8	107.0	94.2	16.7	193.1	242.5	124.4	
120.6	157.0	126.5	53.9	226.6	156.0	94.2	52.6	
29.5	36.4	92.9	43.6	48.8	66.2	46.7	250.4	
34.1	58.9	63.0	52.1	31.3	56.8	28.3	69.6	
32.9	27.3	74.8	238.8	18.4	113.6	118.9	150.6	
6.4	5.1	7.2	37.5	2.6	17.9	1.7	21.8	
15.6	15.2	24.4	7.4	36.2	2.3	56.4	76.8	
229.2	159.6	87.0	565.5	329.0	375.7	275.2	319.1	
16.9	31.0	53.1	26.5	30.6	3.3	36.5	37.8	
24.6	263.0	198.7	30.3	179.3	94.6	314.5	89.9	
216.0	39.3	97.1	40.0	138.5	76.0	62.8	39.3	
26.5	9.2	5.6	4.4	13.1	2.5	9.1	6.0	
232.1	168.0	70.1	19.5	124.4	167.2	26.3	77.1	
107.2	66.1	49.3	10.0	90.1	74.8	13.8	37.3	
215.4	402.7	114.8	84.5	114.4	57.8	363.6	176.3	
109.3	101.3	511.9	86.5	158.9	87.5	204.1	204.6	
114.3	249.7	76.5	134.2	380.1	232.2	49.6	46.9	
148.0	88.0	74.2	33.1	105.5	9.1	85.6	144.7	
16.0	12.6	12.6	12.8	6.4	8.6	17.3	19.1	
47.5	28.4	27.9	71.5	171.9	30.1	26.8	76.4	
126.7	162.9	209.4	217.2	73.3	218.5	90.2	57.0	
496.2	407.5	348.0	247.0	263.9	513.4	308.0	182.1	
93.1	17.9	21.4	24.1	33.2	36.0	46.6	57.2	
35.7	6.4	42.3	14.8	28.1	19.1	37.2	62.3	
16.6	268.9	52.1	16.5	86.4	95.2	94.7	159.1	
99.9	101.9	28.0	14.4	42.1	25.0	119.7	107.7	
31.5	43.1	30.2	46.7	8.9	28.0	42.5	39.8	
14.8	138.4	98.4	47.7	30.7	59.6	75.8	83.9	
8.4	38.1	9.1	15.4	17.9	24.3	40.1	93.2	
16.6	69.6	54.9	85.0	149.0	178.6	10.5	34.1	
28.2	14.1	45.4	44.3	33.2	107.8	43.2	141.4	
7.4	74.1	15.3	22.6	13.5	9.6	31.4	11.2	
13.4	39.7	35.9	47.0	78.2	3.4	31.4	19.1	
275.7	84.9	657.8	128.0	151.9	136.2	250.9	648.9	
41.1	99.9	86.3	63.5	23.5	78.7	90.7	34.6	
52.2	135.1	14.7	103.8	62.1	17.5	101.6	70.7	
15.2	11.8	31.9	27.3	61.2	53.4	28.9	10.1	
169.3	192.9	183.7	107.6	20.0	35.8	127.6	82.5	
20.2	101.8	10.8	23.5	14.8	42.4	13.2	71.6	
67.5	27.1	75.3	14.6	36.2	40.4	77.7	33.0	
18.1	43.2	17.5	77.6	8.2	50.7	59.8	21.8	
159.2	38.7	76.8	63.5	183.9	183.6	113.0	55.8	
17.5	19.3	12.5	24.8	46.0	44.5	53.5	67.4	
27.6	62.3	8.3	9.4	33.7	38.7	6.9	38.3	
104.5	108.6	13.8	61.1	79.1	66.0	22.9	43.0	
26.0	181.7	101.8	31.3	87.1	69.6	206.5	133.2	
86.3	29.5	9.5	72.5	19.4	53.6	118.8	71.6	
77.9	27.1	145.3	7.8	127.9	51.3	18.8	85.0	
155.2	44.4	95.7	88.7	37.3	31.4	147.5	65.3	
7.2	13.1	21.3	25.1	1.2	8.4	4.7	12.1	
23.9	176.0	42.9	87.0	65.9	13.3	139.8	48.9	
122.7	91.2	82.4	96.5	225.6	122.3	56.2	26.4	
124.5	86.0	289.3	99.3	2.9	25.8	64.2	14.9	
62.3	53.5	77.3	25.1	27.2	114.5	35.6	64.6	
108.7	603.1	385.4	244.1	79.6	701.5	169.8	61.4	
141.5	114.0	104.2	38.3	83.0	109.2	21.0	60.7	
58.9	83.8	129.3	198.3	81.0	64.4	201.0	50.3	
19.0	44.1	15.6	4.4	42.9	36.6	15.7	41.6	
144.5	271.8	214.3	163.6	90.6	36.8	114.0	103.8	
47.7	89.9	63.1	119.9	46.5	166.5	137.6	63.9	
225.4	79.8	158.7	261.2	208.5	140.9	219.2	141.9	
25.7	170.1	98.1	139.9	281.6	77.5	218.8	67.3	
82.0	9.9	31.7	109.7	68.7	191.8	24.5	103.6	
182.3	124.1	48.1	88.7	47.2	329.0	99.0	152.3	
16.5	85.5	51.1	80.4	7.1	100.8	33.9	147.5	
84.0	76.1	70.6	148.7	32.4	30.5	83.9	58.1	
124.2	59.6	16.8	31.5	50.4	73.1	28.0	97.2	
60.2	17.9	17.0	49.2	15.0	80.1	11.0	45.5	
2.5	1.3	8.2	9.5	5.8	6.8	2.8	10.7	
11.5	7.0	6.4	15.1	9.3	12.4	10.4	10.4	
140.6	28.9	18.6	38.3	30.2	84.9	22.9	0.5	
111.0	186.6	214.7	523.5	11.0	484.7	335.5	134.5	
114.2	134.3	120.1	164.6	121.2	105.4	119.3	102.6	
46.0	50.1	43.1	547.4	30.5	50.9	27.1	48.1	
8.5	105.8	47.0	58.9	46.9	36.8	40.2	51.8	
13.0	46.7	29.1	50.2	17.1	17.3	7.0	10.2	
24.9	87.9	52.0	75.9	44.6	18.7	40.1	22.0	
183.9	88.2	45.2	203.2	41.5	8.1	147.2	101.9	
5.0	13.2	8.4	7.9	19.7	6.9	11.8	0.5	
27.0	38.6	46.5	68.6	39.7	57.0	32.9	46.9	
120.5	82.1	142.0	193.5	183.7	160.6	90.7	366.0	
36.0	51.5	46.4	60.8	45.5	18.5	124.9	67.0	
82.7	107.5	51.4	357.3	61.8	123.0	75.7	42.6	
16.8	82.4	12.9	25.6	19.4	44.9	8.3	27.4	
54.5	57.2	23.7	36.1	36.6	18.7	3.7	36.0	
96.4	138.8	30.8	176.1	163.0	98.1	184.7	121.0	
88.0	30.8	3.5	30.7	20.5	20.7	21.3	160.0	
31.2	54.2	20.9	159.6	74.9	186.0	96.6	67.2	
226.4	138.5	210.1	246.0	139.1	55.7	24.4	32.0	
32.6	33.2	5.6	24.8	53.6	8.7	27.4	5.9	
242.6	128.1	170.7	186.4	76.2	133.1	264.7	42.7	
106.8	76.5	19.3	86.6	338.6	64.9	74.2	212.6	
47.0	47.1	18.5	61.3	35.8	15.6	13.4	42.9	
28.4	127.9	38.8	112.1	154.0	29.0	58.6	166.4	
110.8	22.1	65.4	132.0	116.3	102.2	28.2	63.7	
44.7	93.9	23.5	45.2	35.4	64.4	103.6	86.0	
20.2	34.0	33.2	121.8	3.5	31.2	14.1	19.8	
396.6	108.7	33.8	145.1	161.7	142.8	76.2	109.8	
39.2	76.8	41.6	88.6	23.0	28.7	196.1	23.1	
25.2	62.1	43.8	63.5	20.6	48.4	28.6	6.7	
23.3	261.6	34.6	222.9	30.7	77.7	66.9	219.3	
88.7	62.1	21.4	73.1	92.4	68.1	175.9	94.1	
114.3	99.6	81.0	312.9	131.1	63.7	109.2	171.4	
43.9	10.6	12.7	19.0	30.5	56.3	43.4	92.7	
5.3	1.1	6.2	9.7	8.8	5.8	5.9	7.3	
94.0	143.1	167.9	177.0	98.4	197.9	28.1	36.8	
162.3	288.9	111.8	120.1	99.6	486.4	61.5	220.0	
101.1	151.6	152.0	168.7	191.9	187.3	291.9	46.9	
7.2	12.2	23.9	39.8	9.0	25.7	22.3	23.9	
44.5	13.5	25.3	71.6	210.2	139.2	57.0	128.6	
479.5	107.3	142.2	177.3	272.5	198.7	57.6	75.4	
7.4	21.3	46.5	106.4	64.7	22.7	61.4	23.8	
40.2	91.5	76.4	123.8	56.1	19.1	49.7	293.6	
30.5	38.5	6.3	8.4	59.3	10.4	55.9	37.2	
89.3	39.2	79.8	117.2	150.7	114.2	95.6	92.4	
2.7	2.1	4.5	8.4	1.3	8.6	2.9	1.3	
50.1	7.1	26.7	29.2	21.2	65.9	71.7	104.9	
258.2	343.3	179.5	328.5	23.7	226.1	75.7	154.8	
102.4	445.6	36.6	151.8	170.1	272.7	268.7	307.3	
77.1	56.6	80.3	128.2	82.9	211.4	136.6	33.4	
42.1	66.9	22.6	30.2	34.8	25.1	24.9	19.4	
4.0	41.6	5.7	38.9	93.1	41.5	57.2	52.4	
80.3	65.4	20.3	86.2	172.8	100.7	70.2	141.5	
13.6	7.9	52.5	86.9	12.3	25.2	100.6	105.8	
509.3	177.3	101.7	206.8	292.5	203.0	175.3	108.7	
167.9	38.9	52.2	155.0	69.6	13.7	98.1	193.7	
46.5	25.2	53.1	133.5	23.3	60.9	38.6	25.1	
80.7	21.7	61.1	147.5	158.0	15.0	22.2	32.1	
46.5	17.6	42.8	191.7	29.5	42.1	29.2	133.8	
54.4	25.4	54.7	66.5	8.5	83.1	21.4	22.3	
51.2	56.2	151.3	284.2	35.0	31.9	51.0	154.4	
71.4	30.7	20.1	138.7	54.8	159.0	36.2	84.1	
26.1	16.7	12.9	15.8	5.0	4.9	18.2	16.5	
112.4	50.9	28.5	102.3	34.4	95.3	116.4	174.9	
63.7	171.7	55.2	176.8	79.6	76.5	15.4	168.2	
167.5	104.4	53.3	448.3	91.7	158.3	274.9	91.3	
9.9	2.5	0.7	3.9	7.1	5.1	1.4	7.2	
6.2	14.2	4.0	57.6	14.4	3.6	11.1	30.7	
39.7	13.9	25.7	48.9	25.8	10.1	69.0	3.6	
6.8	39.8	21.2	27.6	22.9	37.5	24.1	90.7	
400.8	87.2	286.6	598.5	111.0	148.4	888.4	1124.0	
12.2	101.5	16.3	29.2	25.7	15.7	52.1	6.7	
78.5	167.7	27.3	43.1	109.6	28.0	192.3	32.4	
7.5	15.3	5.8	9.3	1.7	18.7	5.0	16.6	
13.9	15.5	34.8	63.9	60.2	7.5	5.9	7.7	
16.7	108.1	79.6	130.7	117.4	241.8	168.5	175.5	
76.7	77.1	47.3	46.6	19.4	18.9	55.9	80.5	
16.6	12.1	2.6	11.5	8.9	3.6	9.5	7.0	
7.4	14.5	7.6	13.2	10.3	9.8	4.0	14.5	
148.8	148.5	140.6	143.0	292.5	167.0	201.7	244.2	
302.2	15.7	50.6	173.2	155.4	130.2	134.8	58.6	
13.2	46.5	22.2	43.9	30.0	14.8	41.4	72.2	
63.9	52.5	64.6	93.5	83.5	63.6	158.7	114.3	
34.7	44.0	3.1	28.6	9.4	37.1	28.6	23.3	
203.6	51.5	18.8	69.7	44.1	121.0	97.5	579.5	
18.9	117.6	100.5	168.1	40.0	152.1	59.4	18.1	
405.3	68.7	79.2	91.7	109.3	251.5	193.5	53.7	
14.0	11.1	31.9	34.6	21.7	13.7	29.6	39.3	
35.7	42.7	96.9	121.2	83.1	34.0	50.1	114.4	
20.1	59.5	56.4	68.8	35.8	49.2	8.7	45.3	
63.7	91.2	23.0	218.6	35.5	120.6	116.2	67.4	
109.4	169.0	68.6	170.3	300.6	200.6	181.7	495.4	
44.1	190.1	38.7	103.5	26.4	46.2	132.1	191.9	
23.1	17.1	21.8	25.8	17.7	57.6	2.6	58.5	
69.3	44.1	18.2	25.3	15.6	26.2	32.2	23.7	
35.1	73.3	124.5	132.3	92.2	63.8	99.3	53.4	
34.3	97.9	31.3	119.0	34.5	169.5	52.9	82.8	
21.7	7.6	10.8	29.5	0.7	4.5	8.4	35.9	
3.3	35.3	28.6	32.0	71.3	42.3	35.3	49.2	
11.7	110.1	21.7	33.8	92.8	19.2	67.5	82.9	
61.1	100.4	44.3	195.3	5.1	27.6	3.0	55.9	
3.0	6.6	8.0	24.9	9.3	51.3	17.9	10.2	
40.4	9.7	53.8	87.9	50.9	60.8	21.2	137.9	
23.1	26.5	9.2	24.4	26.1	4.9	18.9	57.0	
28.9	15.8	28.4	43.4	13.8	22.4	14.6	30.6	
32.3	128.5	302.9	361.7	153.7	190.1	205.5	163.5	
52.1	54.8	21.6	32.4	16.3	36.0	20.2	108.2	
80.4	95.5	108.0	147.2	60.2	509.0	215.0	295.1	
36.2	6.8	41.1	84.6	27.9	88.0	8.5	13.7	
79.7	12.7	105.2	109.6	156.9	159.1	41.2	155.9	
8.6	38.1	45.1	131.0	59.3	91.9	66.3	9.0	
7.0	39.5	13.5	32.2	29.6	26.4	19.8	8.4	
41.6	63.5	9.2	43.0	104.0	132.9	83.5	79.8	
79.4	33.3	7.6	34.4	23.7	55.2	135.4	226.0	
304.6	147.1	173.4	239.9	245.4	299.6	285.6	112.1	
81.6	13.1	18.7	143.1	24.9	22.8	123.7	17.8	
75.6	51.8	45.3	60.0	42.9	58.9	45.1	31.4	
171.1	112.4	293.3	409.1	691.9	155.9	195.4	46.8	
103.9	22.5	143.5	146.3	266.6	81.7	14.5	131.5	
289.7	58.2	37.1	123.5	143.5	275.9	50.6	113.3	
1.5	2.7	3.4	8.4	2.6	0.7	8.5	7.3	
72.8	160.1	131.1	281.3	140.6	82.9	96.1	396.1	
28.6	6.9	10.4	21.1	17.1	19.2	31.1	3.7	
31.7	18.2	27.6	42.0	29.3	43.9	90.1	19.7	
30.1	63.8	6.2	11.0	19.5	25.8	9.7	4.3	
47.2	59.2	26.4	80.0	38.8	26.3	24.7	46.3	
5.1	2.7	2.8	2.4	2.3	3.4	0.8	3.5	
144.5	158.0	345.0	417.2	316.3	206.2	422.6	308.2	
61.1	74.1	69.0	100.8	10.4	66.9	4.7	25.2	
29.7	15.0	8.1	21.4	22.1	17.2	34.6	11.2	
37.2	23.5	8.1	13.4	52.1	39.6	48.3	69.1	
140.3	475.8	26.6	40.1	121.2	32.4	164.2	105.8	
40.6	159.8	53.5	81.7	96.0	78.4	49.2	61.2	
96.5	28.3	154.4	183.2	99.6	125.7	171.1	140.0	
34.4	24.7	12.2	77.5	41.0	98.7	52.6	58.4	
41.6	22.6	7.3	30.6	53.8	34.2	68.9	82.5	
104.1	57.6	19.8	25.4	34.1	43.8	33.1	57.4	
14.5	48.9	34.8	49.5	25.2	60.2	41.2	33.2	
14.0	7.6	7.0	18.5	29.8	9.5	22.9	32.9	
76.4	63.9	5.3	113.3	104.7	48.6	55.6	18.6	
1.0	2.2	1.3	4.0	5.0	6.3	2.5	0.1	
10.6	11.0	3.8	21.4	23.5	8.7	34.8	10.0	
86.0	57.4	33.8	161.2	70.9	138.9	217.7	110.7	
105.1	61.0	10.4	54.5	230.5	170.4	22.6	124.2	
84.0	11.1	38.0	102.1	25.3	23.9	170.4	52.8	
313.7	537.8	173.3	372.4	291.3	274.6	410.7	75.0	
273.0	61.6	488.1	643.3	13.8	134.4	162.9	178.0	
239.4	85.5	40.1	176.7	96.0	124.0	7.1	36.6	
114.6	43.9	74.5	275.5	46.5	322.2	60.6	4.5	
9.3	22.3	10.0	9.6	36.9	36.8	5.2	5.6	
2.8	8.5	4.0	6.6	0.9	15.6	7.4	11.1	
80.6	68.2	170.7	338.2	10.6	93.4	231.7	185.6	
46.8	66.8	7.5	43.3	4.3	29.4	43.0	56.6	
13.5	37.1	37.7	111.6	56.1	80.7	28.3	136.9	
39.8	71.1	150.7	389.0	113.1	160.3	223.8	229.9	
27.0	85.0	44.4	51.4	115.8	4.0	118.6	21.6	
126.6	122.6	147.0	265.6	188.0	166.7	86.4	149.3	
45.8	15.2	54.7	100.4	47.7	32.9	31.1	11.2	
136.0	106.6	93.9	102.6	129.6	204.6	126.7	113.2	
60.3	33.1	12.9	107.0	5.2	77.4	49.4	31.0	
30.9	61.0	18.1	64.5	58.4	104.9	19.6	22.7	
4.9	42.8	35.7	36.1	4.0	5.9	21.8	15.7	
130.8	30.2	35.5	97.5	85.2	70.1	259.1	112.0	
21.3	22.9	30.2	44.3	33.9	28.4	34.8	26.4	
101.7	37.9	85.9	200.7	229.9	47.9	74.4	401.0	
37.1	39.4	22.4	69.1	72.1	29.3	56.9	74.2	
34.8	51.1	12.0	62.5	97.9	67.4	54.9	79.8	
59.9	88.7	21.5	60.3	89.6	108.0	20.5	35.4	
84.5	19.9	21.9	68.7	23.9	28.4	71.8	10.7	
67.0	458.5	70.9	134.4	84.4	6.9	76.2	168.1	
18.7	41.9	11.5	14.3	79.1	164.8	80.8	99.0	
117.8	98.7	20.5	52.8	26.0	84.4	36.6	50.8	
227.2	33.2	228.1	308.6	131.1	505.7	92.7	48.3	
162.3	36.5	59.2	84.2	101.4	38.0	134.2	8.7	
113.4	36.6	108.1	114.1	62.7	167.9	13.7	32.2	
14.1	4.9	5.8	13.5	11.9	13.3	4.6	6.2	
26.7	39.9	29.3	87.4	8.7	14.4	22.9	38.4	
82.2	124.8	17.6	25.9	121.0	85.7	129.6	144.9	
349.6	251.3	40.9	342.3	173.3	55.7	156.0	265.4	
9.8	6.0	16.4	20.5	62.2	23.0	49.9	83.6	
51.7	41.7	13.4	61.2	41.0	24.7	61.6	6.0	
163.5	135.0	61.6	138.1	33.8	61.7	55.1	4.1	
6.8	53.4	26.0	42.4	22.3	19.7	58.6	49.3	
50.9	148.6	69.7	86.1	45.1	17.7	94.5	49.4	
5.7	65.1	17.9	18.5	13.9	10.8	11.3	5.7	
29.2	0.7	41.1	48.2	8.0	43.5	28.8	32.4	
97.2	92.9	47.1	86.1	96.5	42.3	74.3	25.2	
75.6	62.4	143.1	261.0	177.8	272.5	33.3	203.4	
84.0	20.8	13.2	90.9	14.1	20.0	54.4	18.4	
27.3	15.6	39.3	40.4	84.7	11.5	63.1	27.2	
3.2	8.1	8.3	10.6	6.0	3.2	0.6	12.0	
133.2	33.7	14.5	85.1	158.1	20.0	50.4	20.7	
114.2	66.9	27.4	57.9	32.4	26.5	37.2	46.1	
73.3	56.0	61.2	148.3	63.1	52.7	75.8	52.6	
424.1	215.5	44.1	133.2	84.1	4.9	250.9	168.0	
21.4	75.9	62.5	88.3	4.9	26.5	22.2	128.7	
144.6	132.3	68.4	76.9	112.4	198.0	429.2	70.1	
14.9	16.6	26.0	30.5	20.6	69.3	72.3	23.9	
9.2	15.4	15.9	24.1	6.2	12.0	14.7	13.0	
133.0	67.8	69.4	94.0	131.1	69.3	98.6	29.5	
20.2	39.3	4.8	9.3	12.3	20.3	39.0	19.9	
139.4	31.7	15.8	55.2	83.9	144.3	96.4	34.3	
25.2	74.0	7.2	50.1	24.1	42.5	135.5	6.6	
81.3	234.4	66.6	169.8	137.5	69.3	41.8	64.9	
151.1	9.6	278.2	319.7	103.0	41.2	251.4	128.4	
198.6	62.5	103.0	135.3	216.6	213.8	217.9	189.3	
22.6	46.3	31.8	84.2	90.8	37.6	82.9	278.2	
14.9	68.8	77.9	82.9	27.5	14.3	5.0	17.5	
80.3	22.9	32.2	47.7	49.3	77.6	21.7	11.2	
76.7	159.5	22.2	26.0	16.3	83.9	114.3	94.4	
132.0	128.4	85.0	611.3	19.4	98.9	46.4	51.7	
25.7	35.3	36.1	77.9	64.2	64.5	28.0	41.4	
8.8	16.2	6.7	11.5	6.6	8.8	19.3	9.2	
226.4	1177.9	465.8	1264.4	564.1	328.4	206.0	480.5	
37.9	31.6	107.1	121.8	25.9	16.2	88.2	81.4	
12.6	22.9	20.7	55.5	22.0	37.4	83.9	23.6	
120.1	47.3	32.7	162.0	77.6	187.7	94.1	12.9	
18.8	29.8	57.0	113.7	10.2	23.7	70.1	12.9	
64.9	72.5	27.9	168.9	40.0	63.1	74.6	73.8	
42.7	16.1	13.4	72.0	42.7	69.3	28.0	29.6	
6.3	136.6	40.8	46.7	214.6	14.8	63.8	37.5	
54.9	115.4	36.3	104.7	120.8	91.2	45.5	67.3	
64.2	204.8	207.3	305.8	50.7	168.3	174.2	78.8	
140.1	334.1	216.8	251.6	62.4	186.6	40.1	185.0	
400.1	83.5	173.8	307.3	598.8	124.0	212.1	270.3	
38.3	35.5	42.5	83.7	17.8	2.2	5.6	61.6	
17.9	11.8	15.6	23.5	4.8	12.8	4.7	14.6	
17.4	450.1	162.2	275.4	127.0	125.2	44.1	168.7	
56.7	118.3	75.5	264.2	51.9	190.6	109.9	312.0	
220.4	168.3	123.8	345.3	93.8	157.9	54.3	178.7	
83.7	36.6	49.8	100.4	58.8	103.4	97.6	93.5	
186.6	85.4	39.9	170.5	160.2	76.0	32.8	181.8	
16.6	91.3	9.3	18.1	39.6	43.5	5.8	21.5	
32.3	49.4	11.2	51.0	23.6	18.2	27.9	37.6	
40.5	33.4	67.0	191.1	42.2	34.5	201.3	36.1	
39.4	81.2	24.4	54.7	19.4	12.2	37.2	28.7	
127.2	121.7	70.2	179.5	83.4	45.3	250.0	62.1	
191.8	49.0	45.9	178.4	170.2	129.5	38.4	83.5	
7.3	3.9	1.4	14.6	16.4	11.5	17.7	14.9	
18.7	13.4	2.9	33.2	16.0	37.4	61.0	45.0	
203.5	29.2	168.2	302.2	165.9	208.8	125.9	108.2	
101.4	118.2	26.3	217.4	168.9	105.4	68.9	98.7	
2.5	1.8	1.9	4.4	5.4	3.2	1.5	5.8	
5.3	4.0	4.0	8.2	7.1	8.7	8.5	10.3	
121.0	64.7	15.5	32.0	32.0	97.9	39.4	32.9	
119.1	71.4	13.4	41.2	35.2	17.1	25.8	58.6	
216.9	77.5	182.6	225.8	152.1	191.5	65.7	112.1	
13.1	66.4	75.6	169.9	124.1	17.5	123.1	71.7	
26.9	33.7	11.9	18.8	26.3	39.3	99.2	32.3	
45.6	17.5	9.9	30.0	9.9	14.0	38.0	1.0	
52.1	70.0	241.6	497.4	271.2	100.0	140.3	114.8	
148.0	131.1	138.4	454.3	149.9	256.7	13.2	227.6	
23.6	17.0	10.0	35.9	43.9	41.1	41.9	18.9	
7.3	5.6	2.3	3.2	13.1	0.1	3.9	10.1	
26.2	150.4	6.7	79.1	148.9	98.3	110.2	117.0	
20.5	54.0	27.2	48.5	60.7	42.8	26.2	50.9	
34.7	116.7	38.1	92.9	37.1	50.1	13.7	65.2	
14.7	102.3	53.1	101.0	75.5	45.5	90.2	36.6	
79.5	5.0	39.4	46.4	15.4	37.9	12.6	69.7	
42.8	29.8	22.7	88.4	4.4	20.9	10.8	18.8	
137.2	236.8	95.3	117.1	41.0	198.6	84.5	179.7	
423.1	137.7	77.8	136.8	218.0	56.9	59.6	351.6	
24.6	30.6	4.4	32.4	24.7	37.8	18.5	10.8	
72.1	58.5	36.8	137.8	69.3	41.9	26.9	35.1	
60.0	21.2	20.2	42.1	57.1	19.9	67.2	25.4	
75.1	143.8	72.8	163.6	104.3	28.6	22.5	225.6	
166.9	100.0	55.1	120.7	30.4	37.6	95.8	63.9	
115.5	67.4	38.0	89.6	50.1	139.0	102.5	31.7	
182.2	324.8	32.6	348.2	339.1	76.4	295.0	90.7	
23.4	95.2	47.1	68.0	71.9	44.4	64.0	121.7	
75.8	11.9	119.8	157.4	14.9	44.5	80.5	37.5	
320.1	91.4	40.5	201.3	108.3	74.3	136.3	78.5	
129.9	48.6	92.3	170.2	65.1	19.5	22.3	13.4	
103.9	176.7	130.2	188.1	133.1	188.7	84.8	59.3	
45.0	35.8	18.5	39.6	51.8	13.1	40.3	70.6	
29.5	60.5	38.7	58.0	32.3	31.3	94.5	44.6	
218.8	179.0	283.8	35.0	94.0	336.5	155.5	380.2	
21.1	41.8	24.9	18.8	23.4	34.3	19.7	13.1	
35.0	3.3	65.7	5.5	18.3	15.2	25.7	1.1	
58.6	181.3	124.8	45.8	241.0	85.5	70.8	97.3	
16.2	22.6	17.7	45.8	19.9	60.2	26.7	52.3	
50.2	150.6	175.1	144.7	232.7	564.2	76.9	171.6	
19.3	8.1	69.1	24.5	24.0	24.9	41.3	35.2	
65.0	52.0	3.8	62.0	11.8	18.5	41.6	58.8	
8.3	2.1	16.0	17.3	5.9	3.8	64.0	18.5	
17.4	14.0	47.4	5.8	48.7	5.2	50.3	5.5	
57.1	91.6	18.1	88.8	42.5	118.3	12.2	56.5	
105.6	101.3	94.3	216.4	139.3	72.0	57.2	30.0	
69.1	123.5	29.2	21.0	21.3	17.2	66.1	64.5	
15.5	28.3	64.9	20.7	19.7	54.4	36.5	15.7	
23.3	10.4	49.1	19.0	51.2	56.7	24.9	9.4	
38.8	91.6	41.9	90.1	156.1	11.0	116.9	33.6	
55.5	160.8	98.1	282.0	49.4	98.5	81.6	49.0	
44.0	94.2	51.7	159.8	71.1	101.9	61.6	88.4	
33.7	320.6	177.8	22.5	484.7	98.7	294.6	122.3	
113.5	129.1	192.4	577.5	232.1	32.3	113.4	128.1	
24.2	25.6	20.8	30.3	3.2	7.0	40.9	28.1	
8.3	23.3	26.9	238.2	7.6	130.2	105.0	9.6	
49.2	47.3	79.4	43.2	61.0	71.7	32.1	58.1	
22.2	66.7	78.0	29.6	61.4	23.1	75.0	88.3	
89.9	77.7	69.1	8.0	93.7	141.5	65.3	78.4	
66.3	169.8	18.9	143.8	59.7	49.1	25.9	54.6	
70.5	22.0	28.8	67.9	60.9	48.4	175.7	26.2	
9.4	74.4	120.4	95.8	36.4	68.7	21.3	63.5	
40.3	65.2	13.1	404.7	294.6	31.0	142.3	27.0	
41.1	13.4	32.4	25.2	6.1	33.6	20.9	35.8	
90.4	604.1	196.7	83.7	142.3	207.4	93.1	537.6	
133.8	54.7	17.7	82.2	128.4	91.3	12.0	84.0	
172.5	106.2	149.5	262.2	240.8	125.2	147.5	65.7	
21.4	11.6	37.0	42.3	45.2	12.0	229.1	39.1	
508.3	156.7	67.6	114.6	47.9	111.3	69.9	54.4	
116.4	192.0	49.3	42.2	344.8	163.7	198.3	113.6	
6.4	5.9	9.3	30.4	52.2	23.7	20.6	19.3	
40.7	144.7	40.5	101.3	31.2	66.5	8.6	79.5	
327.8	62.7	539.6	382.4	174.6	414.1	127.2	439.2	
51.4	4.7	13.8	50.3	14.9	10.9	1.0	10.6	
110.5	47.1	8.9	128.1	10.6	111.4	66.5	37.2	
123.1	94.4	16.2	114.7	11.3	309.2	111.0	33.4	
50.5	38.5	69.6	18.2	37.7	91.7	51.8	13.3	
3.3	2.6	2.9	0.7	3.0	1.1	2.9	3.0	
50.3	67.3	77.3	24.0	224.4	42.7	94.0	63.3	
14.7	62.7	59.3	32.9	61.3	49.1	34.4	39.7	
23.6	3.3	31.1	36.1	19.6	17.2	18.4	47.3	
57.8	70.8	204.3	91.6	48.6	78.0	303.2	93.4	
90.0	179.0	84.4	46.0	62.9	37.8	54.9	139.8	
46.2	121.3	147.1	306.8	84.8	303.9	79.2	146.2	
276.7	148.3	42.0	185.6	427.6	298.8	280.3	155.5	
17.0	17.7	5.5	68.1	29.3	35.4	41.3	80.1	
104.0	31.6	128.7	88.1	111.7	16.8	13.7	166.6	
52.9	208.1	27.8	24.3	44.2	32.0	29.7	69.3	
27.0	40.9	15.7	20.1	32.4	8.7	6.8	11.4	
64.0	31.0	19.3	12.0	7.2	39.5	19.8	66.4	
36.1	28.1	32.5	27.9	39.4	20.5	45.9	35.5	
45.9	18.9	177.0	143.1	182.0	138.4	39.6	94.5	
55.3	46.4	212.5	380.3	290.0	184.6	48.9	13.3	
265.1	243.1	3.6	36.5	148.5	191.7	220.4	85.0	
28.7	36.9	42.1	40.6	39.0	22.4	10.8	18.4	
1.4	26.4	11.5	85.8	128.4	100.6	98.7	41.5	
14.6	58.7	56.9	9.8	84.4	92.0	129.3	22.8	
10.6	283.4	52.4	201.3	292.8	41.4	26.1	156.6	
73.2	37.7	61.4	13.3	26.6	13.5	22.0	127.6	
14.8	11.3	68.9	9.2	22.5	46.1	32.1	10.3	
25.1	121.4	149.5	51.0	99.9	6.0	78.1	75.0	
169.0	143.3	43.9	11.1	94.8	128.7	40.3	163.2	
340.6	257.1	153.4	275.2	371.8	294.6	187.4	137.9	
96.7	56.8	17.2	121.6	41.5	30.5	6.1	46.8	
51.1	238.1	78.1	104.4	106.9	172.5	167.0	155.7	
143.3	75.6	134.5	43.4	137.3	85.6	31.6	131.1	
62.6	147.0	121.2	79.5	16.4	19.5	60.3	116.7	
33.2	42.0	61.8	22.4	43.4	22.0	88.6	8.9	
44.8	34.1	52.2	54.4	67.6	400.3	34.0	75.1	
3.5	32.7	45.4	17.5	25.1	16.4	5.5	4.8	
36.3	34.8	21.4	6.9	4.4	14.0	26.2	43.7	
29.4	24.8	10.0	4.0	9.4	23.9	6.9	3.2	
1.7	10.0	8.4	15.6	7.7	17.4	4.4	5.8	
51.0	63.7	81.1	61.5	30.1	38.4	30.1	94.2	
375.5	41.6	98.5	232.9	73.6	81.7	228.9	248.2	
53.1	109.0	40.8	88.3	39.6	49.5	174.7	168.2	
35.2	14.2	12.5	34.2	64.1	41.2	20.1	9.7	
83.8	31.8	42.7	70.3	84.4	136.0	94.6	51.5	
52.1	63.7	6.4	7.1	59.5	37.2	53.4	40.8	
31.3	56.5	90.4	34.6	112.5	11.8	110.1	57.2	
239.8	103.5	233.7	126.7	52.2	53.7	92.9	43.5	
127.5	151.8	57.1	62.0	100.7	122.9	59.6	99.7	
88.9	197.2	116.4	42.4	7.6	77.1	39.0	173.5	
38.7	267.9	27.4	134.5	66.3	65.9	55.7	75.6	
85.4	30.1	83.8	119.6	37.9	16.9	45.3	66.0	
104.2	57.9	70.5	23.2	19.1	32.7	32.4	154.9	
45.9	11.0	182.8	39.5	48.0	29.7	65.4	70.4	
20.8	25.9	20.7	168.3	27.7	59.5	14.3	27.0	
34.4	8.0	21.0	58.3	23.2	22.0	45.2	22.7	
58.2	181.9	51.9	43.0	80.8	29.1	121.9	24.9	
10.2	142.6	204.2	118.2	84.7	44.2	41.2	27.9	
23.2	18.8	34.6	25.5	17.5	21.4	10.1	36.2	
109.6	117.6	141.8	93.9	135.7	113.1	72.4	69.5	
21.8	45.7	32.0	13.4	17.3	27.5	30.0	135.1	
117.7	390.9	164.8	51.8	159.2	131.9	76.7	248.7	
24.0	193.9	76.4	46.3	180.2	128.5	159.1	131.8	
187.0	59.5	92.5	17.2	49.7	136.8	57.8	17.1	
15.9	44.7	31.4	29.3	6.3	94.8	31.8	8.9	
100.3	34.9	215.7	76.8	19.2	7.9	210.9	121.6	
88.6	139.0	117.3	15.6	8.2	78.9	98.5	0.8	
51.7	32.0	8.6	9.8	25.3	38.8	4.5	11.4	
18.8	73.3	12.7	23.6	43.6	68.0	40.4	38.0	
4.8	18.6	8.7	35.2	9.6	11.5	29.0	13.5	
81.1	68.1	1.2	21.7	29.9	62.6	73.6	12.2	
14.1	13.5	28.2	16.7	45.5	3.6	12.0	14.6	
16.9	29.0	77.3	8.1	41.1	11.6	73.0	59.4	
19.9	29.2	15.7	18.2	19.3	13.7	8.9	14.6	
143.5	21.0	9.0	29.5	53.3	6.7	77.9	53.6	
30.2	103.1	106.1	88.7	110.1	76.4	56.2	40.7	
49.3	79.8	48.1	27.8	69.2	61.4	51.9	57.4	
15.7	44.1	3.9	19.5	15.8	18.0	45.9	51.4	
12.4	37.7	216.8	84.0	278.7	47.3	121.2	42.1	
20.0	3.2	5.7	8.8	13.5	29.7	24.4	14.1	
19.0	16.8	13.9	30.2	32.1	43.5	26.7	65.3	
72.3	9.1	46.8	37.2	48.1	40.6	117.1	9.7	
69.6	18.4	165.0	14.8	120.0	30.2	43.2	38.8	
25.9	6.8	19.5	2.8	43.3	36.5	48.7	32.1	
39.6	12.8	5.3	5.5	10.5	14.7	4.7	8.1	
13.6	108.3	147.2	50.2	59.3	112.1	57.6	54.6	
29.3	7.2	28.3	35.7	9.1	19.4	23.0	44.9	
46.2	37.1	58.3	56.3	96.9	141.2	156.9	32.0	
418.1	386.7	19.9	196.9	60.4	95.7	201.5	18.4	
52.9	89.2	220.2	136.5	234.2	121.0	47.4	147.7	
1.0	8.8	6.3	8.1	2.8	8.8	14.9	2.6	
115.0	94.0	134.1	250.0	45.5	20.4	32.0	405.9	
62.6	142.6	58.3	51.4	123.2	133.9	134.7	137.5	
119.3	153.3	277.9	70.5	33.1	58.0	73.6	133.1	
145.3	143.6	53.8	86.0	52.0	38.3	29.0	145.7	
75.9	22.5	17.5	62.9	90.5	120.4	30.5	9.1	
3.7	28.3	19.3	12.6	47.2	29.6	34.5	21.8	
145.2	141.7	94.2	28.7	74.9	157.9	217.9	38.3	
105.8	8.5	50.4	62.8	38.2	47.7	31.1	29.6	
13.7	13.3	24.9	25.9	24.4	26.5	11.7	53.1	
439.5	103.4	125.3	35.0	159.3	156.1	155.9	63.6	
145.8	16.1	109.2	181.6	184.6	31.1	62.2	75.4	
75.5	134.2	82.5	27.6	19.6	202.7	37.1	24.0	
31.5	28.6	68.4	47.5	34.0	72.1	11.7	40.3	
42.4	78.2	5.5	60.6	40.8	22.7	109.2	71.7	
24.4	90.5	13.2	98.6	297.3	46.8	41.0	50.1	
80.2	79.6	145.2	230.7	87.6	75.0	260.3	29.7	
49.6	89.8	64.3	98.1	22.6	98.6	115.8	61.7	
75.1	53.7	26.3	46.1	101.9	64.3	19.4	74.8	
9.0	18.9	39.1	35.2	8.5	26.2	44.7	8.0	
123.9	98.7	114.2	47.6	54.8	21.8	165.1	59.0	
74.5	12.5	33.1	21.2	80.1	19.3	35.4	56.8	
4.9	15.7	42.4	11.3	2.4	15.0	25.5	14.8	
23.6	29.6	35.1	24.2	37.2	10.7	59.7	16.0	
359.1	17.5	176.7	137.3	253.1	261.6	52.9	93.5	
105.8	51.7	33.2	221.8	38.2	83.1	146.2	116.7	
279.5	88.7	590.4	165.0	290.6	204.4	46.7	131.4	
252.1	31.0	21.2	234.9	145.7	163.8	139.2	405.9	
23.6	19.3	29.6	6.7	45.1	4.5	29.2	20.8	
28.7	60.3	23.1	57.6	5.2	25.9	26.0	62.8	
47.0	24.5	7.9	29.7	8.4	20.3	37.2	11.6	
113.3	23.0	110.1	7.4	26.8	59.9	75.7	79.9	
20.9	13.3	31.8	110.2	39.6	75.2	35.1	38.0	
10.0	5.6	18.5	23.4	4.3	13.0	3.1	21.5	
50.3	43.9	11.2	36.8	101.4	16.3	16.1	9.9	
53.0	7.6	41.9	14.4	36.2	31.6	2.5	30.3	
45.0	37.2	86.3	32.5	35.8	34.3	11.2	87.2	
10.8	29.9	30.2	15.9	23.6	126.9	3.9	32.0	
68.5	30.8	110.8	54.3	129.1	112.0	76.1	92.4	
18.2	20.6	32.5	34.2	1.6	11.5	3.1	28.9	
12.7	99.9	29.6	110.6	84.6	88.4	51.3	57.8	
52.9	59.1	34.1	28.0	23.2	24.3	29.9	135.4	
13.1	4.9	35.9	2.4	16.5	18.4	9.5	8.7	
12.8	21.3	60.7	19.7	9.8	21.9	43.2	13.6	
20.9	52.2	7.4	72.9	18.5	57.7	4.7	42.4	
390.1	204.2	54.8	237.6	155.5	106.2	162.1	49.3	
3.8	8.7	18.9	6.9	3.8	7.6	5.4	1.4	
107.0	77.1	40.2	157.9	108.7	29.3	76.6	63.2	
37.3	4.5	44.3	98.8	62.0	7.4	93.0	36.3	
39.7	26.2	22.2	68.5	9.5	39.3	36.2	21.0	
20.6	11.7	1.9	4.5	16.4	12.7	41.1	23.0	
137.0	133.9	94.3	108.5	53.5	128.5	53.2	31.9	
18.8	14.6	32.2	36.1	8.0	25.8	35.5	37.9	
49.4	209.7	111.0	70.2	95.0	123.3	79.7	20.0	
15.1	92.8	258.9	143.0	71.2	41.8	144.5	26.3	
70.5	8.4	228.0	135.8	38.6	98.6	174.4	116.7	
14.5	19.0	10.4	42.7	21.5	20.6	20.2	43.1	
7.9	38.3	69.2	57.1	36.4	78.9	81.5	138.3	
11.2	35.0	38.5	20.4	25.3	32.8	49.1	51.3	
245.7	73.5	54.3	88.5	130.6	271.4	205.6	348.0	
18.7	20.6	59.1	19.1	35.1	45.3	15.7	77.0	
21.3	5.0	8.8	9.6	16.0	20.1	10.3	16.7	
46.6	31.2	14.5	4.9	42.3	32.7	17.4	21.1	
69.4	229.1	153.3	28.4	16.9	19.8	48.4	79.9	
88.0	142.3	187.3	234.8	88.2	135.5	98.3	114.3	
58.6	41.0	16.7	38.4	45.5	43.8	27.8	27.0	
40.5	35.8	156.0	200.3	97.3	139.5	110.2	53.4	
18.0	50.8	39.3	148.4	103.0	196.4	37.7	70.4	
77.8	79.8	62.5	13.5	188.4	32.4	27.8	28.8	
44.7	48.6	40.9	17.0	62.5	17.1	1.0	118.0	
72.8	29.5	93.0	72.7	24.5	18.1	29.2	190.5	
193.3	73.4	29.7	125.9	74.6	79.5	50.1	73.4	
6.3	27.5	1.1	16.0	12.9	38.6	19.8	8.0	
380.1	260.2	323.2	369.5	83.7	271.9	198.1	159.5	
123.6	113.1	40.2	314.1	270.0	40.1	142.9	78.3	
58.8	19.9	35.6	56.6	34.6	92.0	33.9	39.4	
60.7	77.7	73.5	70.4	380.7	133.4	27.0	68.5	
87.5	15.1	90.2	197.7	215.5	132.6	213.6	70.3	
129.5	123.2	113.7	153.7	106.8	48.7	78.3	61.5	
277.6	253.7	174.0	366.3	128.8	305.0	104.1	662.2	
51.6	36.6	30.2	67.2	31.0	60.8	47.4	211.8	
195.7	182.4	338.2	97.0	32.6	507.9	175.4	23.5	
209.7	125.1	94.1	530.1	152.3	273.2	235.6	553.7	
73.8	17.6	127.4	10.9	34.4	29.3	54.3	20.0	
87.3	101.6	96.6	120.0	36.2	28.5	4.8	53.5	
1.6	10.8	7.3	24.5	7.6	1.6	7.9	8.4	
62.9	232.2	50.2	33.4	83.3	47.7	47.5	19.0	
18.7	10.8	2.6	11.5	20.3	4.2	4.9	11.1	
30.2	24.4	20.3	142.2	77.4	67.1	65.5	131.2	
10.8	190.9	197.5	130.6	95.6	57.6	40.5	43.0	
92.1	215.1	166.1	222.2	378.3	32.7	196.0	81.2	
257.8	25.6	385.6	249.9	130.8	132.6	171.9	43.9	
51.4	37.5	234.8	82.2	47.1	68.6	283.1	104.2	
19.7	31.8	81.7	88.4	8.3	75.9	53.3	20.1	
52.1	129.6	142.9	84.9	232.7	61.2	116.8	34.8	
367.0	92.0	145.3	313.3	37.6	51.0	150.0	235.4	
69.4	199.0	54.8	146.1	217.5	697.3	257.1	58.4	
242.0	328.3	89.8	510.7	238.4	122.1	166.8	47.8	
83.8	22.0	37.6	14.6	74.4	12.6	29.9	90.6	
211.6	63.5	349.9	141.4	223.0	62.7	103.9	181.4	
62.8	9.1	18.5	14.5	11.9	7.2	6.7	30.1	
6.4	167.5	92.6	95.3	319.5	175.9	237.3	101.5	
78.7	26.0	41.9	96.8	67.7	46.8	50.5	5.9	
48.8	88.1	108.1	121.7	29.1	30.5	65.4	38.9	
46.5	36.3	66.4	51.3	48.7	115.8	111.8	31.7	
178.6	32.7	27.2	47.4	18.9	20.8	152.5	8.8	
205.8	85.3	200.6	112.9	58.6	12.1	126.1	57.0	
13.2	74.7	78.9	25.3	43.4	113.1	116.3	146.8	
60.2	8.5	34.8	31.8	11.1	12.1	12.9	24.2	
517.9	166.0	318.5	52.1	229.3	131.9	395.6	73.3	
35.1	15.1	35.3	50.7	154.4	66.2	75.7	29.2	
112.1	69.7	71.8	86.7	63.3	150.2	153.3	46.2	
140.0	114.8	98.2	70.6	46.8	101.0	99.5	67.6	
98.5	9.3	90.5	148.4	183.3	47.9	68.6	151.8	
14.6	75.3	15.5	8.7	34.0	74.6	43.5	43.2	
61.3	41.1	138.8	28.9	87.4	58.6	32.0	25.8	
39.1	24.2	24.2	97.4	42.7	52.3	31.4	35.6	
79.1	16.6	111.3	57.2	126.3	232.5	60.3	185.0	
21.0	67.6	47.8	97.0	94.2	69.7	33.8	49.5	
51.1	15.5	17.7	89.3	16.6	5.4	12.6	52.7	
40.4	98.7	30.8	6.1	14.5	24.8	45.8	39.3	
70.9	148.0	264.2	110.2	58.9	90.6	48.4	110.8	
10.4	46.7	12.0	32.8	20.3	39.0	27.9	9.1	
80.1	34.3	1.9	12.2	29.9	10.8	71.7	48.9	
14.8	4.5	6.2	31.5	14.5	21.5	6.8	11.8	
9.7	1.7	20.8	5.0	20.8	6.3	10.7	15.6	
23.6	31.2	10.5	14.4	21.0	86.6	91.3	5.2	
5.8	15.4	3.8	11.5	12.9	16.1	6.5	31.0	
157.2	96.2	196.4	30.4	99.2	114.0	44.8	9.2	
50.5	35.3	28.9	47.2	59.0	75.6	50.4	33.9	
28.2	82.4	24.5	64.1	42.4	43.1	46.9	39.9	
25.8	123.0	68.1	123.6	20.4	159.7	87.9	57.9	
63.0	18.4	39.9	19.5	9.4	13.8	3.6	20.2	
8.8	27.4	162.1	151.9	86.1	71.0	67.0	46.0	
64.5	147.5	20.2	45.0	43.1	60.6	161.2	79.5	
32.9	52.0	21.0	28.3	53.0	227.5	30.0	42.6	
83.4	66.2	21.0	62.1	23.8	28.2	147.5	101.7	
3.6	5.2	4.1	1.3	2.1	1.0	2.1	2.9	
65.2	45.6	7.9	49.6	29.3	50.3	34.2	54.4	
88.1	137.8	121.1	9.5	29.8	163.9	115.1	108.2	
83.7	38.6	30.6	86.2	45.3	15.8	41.8	55.9	
50.7	24.8	55.0	50.2	26.7	143.0	41.7	11.2	
75.3	73.3	27.7	2.9	88.0	12.6	121.8	36.0	
24.3	58.2	22.9	39.6	22.2	42.3	68.1	25.7	
43.0	66.6	38.7	20.7	57.5	30.4	91.9	24.8	
81.4	89.5	24.1	129.9	53.4	162.5	102.8	169.5	
164.3	358.8	121.1	173.6	250.3	143.6	97.8	163.3	
67.1	26.9	16.7	0.8	15.2	46.0	19.4	40.0	
14.3	30.2	21.9	26.7	33.6	60.1	57.7	168.0	
197.6	133.7	31.8	207.9	327.4	131.2	307.8	245.7	
119.4	144.0	169.4	89.3	142.8	92.1	196.9	313.0	
4.3	258.5	101.0	93.0	135.8	110.7	93.5	143.6	
2.9	42.8	9.4	9.4	4.1	17.2	17.3	22.3	
80.8	29.7	50.0	23.2	122.8	124.5	145.7	137.3	
3.7	64.2	98.9	53.9	8.8	9.3	25.2	30.1	
26.2	30.4	6.7	23.0	21.7	9.7	8.1	32.3	
124.0	234.5	55.2	37.8	40.9	133.2	116.0	85.6	
43.0	40.7	134.2	54.7	60.1	93.3	231.8	145.1	
170.9	85.3	29.6	116.1	100.2	43.5	24.1	81.7	
340.7	45.8	250.5	49.9	15.8	374.2	14.6	140.2	
93.3	60.7	157.6	26.2	105.2	161.9	54.9	53.3	
66.7	22.4	41.7	74.0	268.3	131.7	93.3	316.0	
240.4	163.3	153.3	174.5	310.1	295.5	29.2	255.9	
16.2	9.7	18.2	26.0	11.3	23.3	38.3	26.2	
9.9	1.4	5.5	6.2	8.5	8.5	6.0	2.9	
137.0	40.5	37.6	31.7	23.0	124.2	26.8	157.0	
22.7	5.4	207.8	15.8	138.3	13.2	150.7	108.3	
43.9	78.5	53.8	93.1	121.2	117.6	43.7	63.0	
55.8	26.5	15.7	43.9	27.9	19.0	11.9	83.8	
40.6	42.0	23.2	32.2	18.2	15.1	64.7	9.2	
193.8	40.8	264.5	144.4	101.7	77.4	98.5	49.0	
36.7	14.0	48.9	7.5	25.4	26.7	51.3	60.4	
43.8	35.1	146.7	66.1	134.8	46.9	58.4	204.2	
6.5	64.7	56.9	31.2	145.8	75.7	175.9	32.9	
36.7	14.8	17.4	7.6	14.5	1.8	20.0	26.7	
180.8	28.9	332.8	162.5	208.7	40.7	217.2	119.0	
35.9	6.9	155.2	99.0	129.9	103.3	31.1	177.2	
55.1	54.3	26.6	12.0	95.2	110.4	10.2	43.6	
35.8	334.4	365.8	256.4	216.7	260.5	36.5	116.5	
86.2	59.7	53.0	95.1	176.8	97.9	102.9	155.5	
11.7	37.2	56.4	64.0	72.0	76.7	59.0	35.5	
134.1	49.2	151.7	84.8	89.0	112.1	79.5	68.3	
29.8	151.2	68.3	102.6	58.8	46.9	69.1	60.5	
189.8	83.1	141.0	12.2	376.1	115.6	139.9	249.9	
54.4	66.3	92.9	68.8	157.6	37.4	35.8	251.4	
143.1	34.9	72.2	427.4	71.8	92.9	135.7	76.2	
189.5	61.0	175.2	92.8	398.3	905.2	304.3	128.4	
99.8	44.8	288.2	138.2	48.8	35.8	184.5	65.6	
72.8	122.4	433.6	125.2	73.8	108.7	23.2	160.1	
101.8	209.6	158.4	32.0	20.5	47.7	112.2	10.4	
30.7	95.3	93.0	60.9	89.9	34.0	31.9	60.1	
120.3	111.1	109.0	135.7	135.6	61.5	71.0	83.9	
60.0	57.4	58.5	23.2	44.3	125.8	70.1	119.5	
18.1	17.3	15.5	18.7	11.2	44.6	15.1	53.4	
89.3	147.8	22.8	41.5	165.1	72.5	41.0	124.6	
5.9	15.2	17.2	19.4	13.3	10.4	43.0	16.1	
10.1	8.7	6.3	4.2	11.1	4.0	3.3	7.0	
24.8	10.9	5.3	4.8	88.8	38.2	8.3	75.1	
41.3	10.9	20.2	12.8	19.3	49.4	57.7	26.2	
41.3	16.8	13.0	3.1	13.6	37.5	106.5	16.9	
321.4	28.1	105.5	271.1	32.8	102.3	75.4	34.2	
99.4	48.9	17.2	33.4	14.9	60.2	32.3	10.2	
94.1	292.3	214.4	67.7	96.6	323.0	124.2	423.0	
138.5	272.7	204.2	103.0	42.4	559.2	17.6	26.6	
35.2	89.2	39.7	52.8	45.9	69.1	47.8	61.4	
88.2	134.9	66.2	36.4	132.6	25.2	36.3	24.4	
125.7	92.4	40.1	347.8	118.5	57.9	101.9	58.0	
43.6	32.8	20.2	46.3	73.2	199.9	107.6	36.2	
113.7	58.1	160.9	115.2	57.5	232.9	111.9	50.8	
58.7	132.7	26.4	31.7	30.6	17.4	42.0	24.1	
99.1	39.6	43.0	100.0	34.4	44.9	70.1	81.9	
53.5	67.1	72.0	67.8	110.4	59.0	99.6	108.0	
69.8	165.2	106.5	95.3	55.0	65.7	136.9	147.3	
52.1	163.7	21.3	41.8	37.8	21.1	30.0	18.1	
45.7	177.8	131.5	152.4	24.1	161.2	200.3	60.1	
1.8	7.4	10.2	15.3	13.4	6.8	20.1	6.0	
43.5	8.5	59.7	70.4	143.4	80.7	42.3	110.6	
1.7	21.7	7.1	1.5	20.9	11.4	0.7	20.4	
12.9	165.0	133.4	118.0	45.2	70.7	38.3	92.6	
67.8	102.2	19.0	15.5	25.1	28.1	26.1	119.6	
63.8	103.9	37.0	22.0	206.1	228.1	206.9	69.2	
6.3	31.8	55.7	66.3	54.6	26.0	58.7	47.0	
9.8	20.0	26.8	11.8	6.3	10.3	10.7	13.2	
22.1	33.5	62.6	103.1	12.1	73.2	111.9	66.4	
15.1	35.0	14.8	57.6	83.8	67.9	79.3	20.9	
16.4	7.0	71.3	4.9	12.9	13.0	20.0	23.3	
10.3	10.7	58.2	10.2	19.0	2.8	20.3	16.5	
149.5	37.3	14.1	251.3	115.6	59.4	29.4	205.1	
56.2	136.0	106.6	125.4	73.4	79.9	130.1	13.2	
7.1	11.8	17.9	15.9	22.9	8.2	5.0	4.8	
57.4	14.2	14.0	33.8	81.2	88.8	57.9	18.0	
36.8	15.5	6.3	22.2	130.0	20.2	29.8	38.7	
290.7	115.5	128.5	282.3	156.5	161.5	150.0	87.8	
25.0	29.1	35.4	24.8	24.9	32.8	11.9	4.0	
33.6	4.2	57.2	35.6	31.7	26.1	112.2	48.4	
42.7	16.6	100.8	17.6	7.1	57.1	93.9	123.7	
13.7	3.2	18.9	8.6	31.1	30.5	13.5	16.6	
78.7	85.6	30.3	12.0	22.9	54.2	24.6	42.8	
84.0	69.9	206.9	372.1	160.5	43.9	218.0	308.4	
186.5	100.2	229.6	34.1	36.5	337.7	134.6	87.7	
202.5	105.0	75.8	77.8	91.8	66.5	237.7	112.6	
179.5	34.6	18.0	41.3	29.9	98.8	61.9	93.8	
62.9	234.3	45.6	92.1	70.4	476.3	269.5	116.9	
42.7	14.0	19.8	39.5	4.4	17.7	15.1	3.0	
113.6	149.3	59.6	96.2	141.4	20.6	318.5	19.1	
19.0	44.8	7.7	16.9	26.0	35.8	30.1	30.0	
16.9	50.2	100.4	44.2	5.9	92.9	29.7	78.6	
45.8	22.6	13.8	12.7	27.0	10.0	33.9	4.1	
154.9	134.1	19.0	22.6	31.9	28.6	116.6	30.6	
137.4	27.9	43.7	103.1	160.5	59.0	139.0	43.1	
109.9	90.6	103.3	461.7	210.2	349.5	72.2	237.0	
149.8	31.3	61.3	57.3	323.5	182.1	67.2	149.9	
107.2	26.2	240.2	180.8	39.1	154.3	114.5	48.1	
122.5	62.4	42.0	92.0	100.9	38.4	115.7	23.4	
224.4	109.3	14.8	63.9	28.8	203.5	367.4	198.2	
114.5	154.5	173.7	10.0	159.7	35.3	133.8	100.1	
25.1	48.9	22.0	57.5	11.7	31.3	54.9	21.5	
49.1	41.2	83.5	65.1	104.5	81.5	56.0	80.4	
185.7	19.3	48.5	65.6	107.5	6.8	7.3	70.2	
56.5	4.2	6.5	75.5	34.4	40.7	15.5	68.6	
16.8	14.2	11.2	7.9	23.0	4.5	7.9	13.5	
46.9	35.1	29.6	45.8	57.1	37.5	95.2	111.7	
20.3	77.3	67.9	78.0	31.2	23.9	23.5	24.2	
12.0	24.8	7.2	60.7	35.5	67.3	16.8	23.5	
47.7	269.4	89.2	169.5	330.4	532.7	119.1	47.1	
4.3	39.0	4.6	1.1	10.8	4.9	1.9	5.6	
48.9	70.7	110.0	89.9	75.1	34.8	123.7	50.5	
51.9	129.6	178.3	91.0	163.6	111.5	110.7	88.1	
136.0	103.6	72.3	145.8	107.3	60.6	22.0	19.2	
28.3	44.5	22.3	37.6	31.2	23.4	77.6	8.3	
39.1	84.6	27.3	77.2	133.5	75.7	121.4	50.5	
73.8	74.9	63.2	18.1	13.6	38.9	36.3	17.3	
59.3	27.1	31.7	33.8	42.2	1.6	11.3	40.9	
67.8	28.4	46.2	77.8	31.6	34.4	84.0	26.4	
61.4	41.8	102.7	156.1	70.2	182.0	194.8	207.7	
13.5	19.5	86.5	7.2	97.1	59.3	67.9	41.8	
30.8	17.5	64.1	45.8	4.3	42.8	62.7	45.0	
6.8	45.8	27.9	23.6	73.5	24.2	10.4	44.7	
21.6	149.2	17.9	127.4	66.4	41.0	57.2	44.9	
38.4	61.7	13.4	100.7	12.2	63.7	75.1	38.4	
174.3	55.5	188.3	11.6	118.6	47.0	260.9	26.3	
3.2	10.7	12.3	7.1	3.6	33.0	4.0	14.5	
173.2	97.4	110.7	202.0	174.7	10.7	75.2	20.3	
35.7	45.6	39.0	28.5	118.1	80.7	24.5	149.7	
412.2	65.7	176.7	443.8	299.9	124.2	55.8	38.4	
2.2	6.9	12.4	2.3	33.1	18.1	23.3	54.1	
33.2	587.2	140.7	317.8	93.3	327.3	393.4	326.5	
120.2	243.8	50.4	21.4	93.3	75.6	70.3	199.1	
24.4	83.8	197.2	30.0	70.5	131.7	38.3	32.9	
64.9	70.7	110.3	142.6	86.8	45.9	75.2	108.2	
124.4	111.4	132.4	23.1	12.4	175.1	124.2	242.6	
2.7	3.0	8.8	22.2	6.2	15.7	5.0	6.6	
77.5	127.1	30.7	20.5	214.7	178.3	156.1	31.2	
90.6	49.7	81.5	76.9	154.1	32.3	112.0	145.2	
30.2	28.9	26.2	42.6	124.7	38.8	23.2	14.2	
101.1	109.8	81.2	92.5	102.5	149.7	49.5	64.6	
16.7	15.1	10.3	2.6	19.6	59.7	8.1	72.0	
37.4	31.4	10.1	7.6	148.6	92.1	63.3	39.8	
75.8	77.7	115.7	64.1	87.8	79.6	44.1	75.0	
99.4	37.8	143.5	33.5	87.2	223.9	24.7	101.3	
414.2	227.0	191.9	725.3	420.5	201.0	194.5	216.0	
11.1	9.4	52.2	27.6	31.1	46.4	15.0	4.4	
29.7	43.7	398.4	67.9	78.8	145.5	67.3	65.6	
132.8	164.4	37.9	18.0	62.0	213.0	126.7	181.8	
91.5	130.4	54.6	118.3	29.0	36.3	119.6	35.4	
66.4	51.3	15.7	29.0	70.8	21.1	101.9	51.5	
29.2	5.9	8.2	9.5	24.4	11.1	17.0	4.4	
393.8	81.0	268.5	94.8	189.4	221.3	217.1	891.1	
26.1	42.4	148.6	30.5	46.7	66.4	98.4	54.0	
2.3	32.8	13.0	32.8	6.3	57.4	24.5	11.1	
132.3	231.2	90.0	75.3	31.1	82.3	129.2	182.1	
79.1	164.7	15.7	163.2	92.9	76.6	42.8	15.3	
25.1	14.9	8.6	5.2	8.1	8.5	10.0	9.0	
2.7	12.4	15.6	52.7	11.8	1.7	19.4	25.5	
25.8	13.8	41.1	10.0	87.7	123.2	110.4	59.3	
11.0	38.4	44.2	71.3	44.6	20.0	25.6	75.2	
272.9	169.6	255.3	94.6	183.2	124.6	315.0	198.5	
30.8	161.3	63.2	74.5	55.0	84.1	4.6	22.4	
162.1	239.6	205.6	20.1	46.9	137.6	83.4	105.9	
183.1	156.1	103.9	121.7	154.7	290.2	255.6	135.1	
78.9	14.2	43.2	181.5	11.6	27.3	31.0	81.7	
54.2	47.9	76.1	124.9	15.6	44.8	66.7	5.3	
34.9	95.5	46.1	17.6	28.1	126.1	83.7	73.5	
21.2	98.3	35.6	34.5	34.1	208.7	8.0	17.5	
