209.2	88.7	77.2	102.8	52.2	52.4	89.5	196.8	
21.7	106.6	32.6	58.2	7.1	27.5	15.8	11.6	
26.8	15.9	24.4	13.9	17.7	32.7	54.6	35.7	
33.7	127.3	5.7	54.9	6.5	168.9	33.4	55.0	
95.7	7.6	21.4	43.7	87.6	51.5	12.5	70.5	
208.3	170.7	194.6	97.5	143.4	117.4	180.4	194.1	
25.6	79.9	44.4	119.5	56.6	110.0	192.6	23.5	
33.2	69.2	148.4	9.1	97.4	27.9	59.3	100.6	
263.1	34.8	368.0	97.3	115.1	145.5	373.3	217.0	
140.2	3.5	135.1	9.4	72.0	0.6	28.9	51.4	
87.7	26.1	55.3	15.6	71.4	47.2	31.8	11.9	
149.8	258.6	90.6	73.7	15.4	37.6	73.8	182.1	
46.9	33.2	132.9	17.8	38.4	88.5	152.4	52.8	
130.6	137.9	97.4	119.1	61.2	8.5	9.2	143.5	
15.4	34.8	71.5	15.9	79.4	31.1	3.9	18.7	
23.4	14.0	168.9	173.6	237.1	149.2	138.6	70.4	
260.5	716.1	47.1	322.1	286.4	1167.7	229.6	92.0	
38.0	56.1	25.8	9.7	28.8	3.8	3.2	17.3	
16.6	11.7	1.7	6.7	9.7	4.5	23.9	6.8	
7.0	21.4	34.4	30.9	15.5	10.1	98.1	26.3	
28.6	85.5	107.7	43.3	76.4	72.9	73.5	31.3	
428.3	406.0	345.9	496.1	190.7	140.7	329.9	362.8	
147.6	102.8	89.7	81.7	166.7	57.7	127.0	19.7	
12.7	22.1	16.8	13.3	22.6	26.4	8.4	21.9	
1.8	2.5	3.5	6.1	1.8	6.9	7.5	1.5	
59.9	188.2	101.4	173.4	112.5	66.5	37.0	40.3	
71.0	164.5	87.6	134.9	50.9	101.6	46.4	154.4	
48.3	41.3	45.6	58.0	18.1	8.0	29.6	63.2	
176.4	111.9	54.8	37.3	200.6	156.5	17.2	26.8	
77.2	45.5	11.4	78.7	54.9	89.4	69.5	4.4	
226.3	229.3	71.3	194.4	10.6	65.3	16.9	85.7	
14.6	41.8	61.6	5.5	28.3	56.1	8.4	79.9	
50.4	63.5	97.2	23.3	40.9	58.5	36.1	44.1	
17.7	13.2	34.0	28.1	7.7	6.9	22.6	16.7	
194.3	153.9	42.1	159.2	64.7	129.5	65.3	110.0	
29.9	46.9	43.9	56.4	220.6	77.3	145.8	49.8	
22.3	51.8	66.2	29.6	31.3	78.9	41.7	11.6	
10.4	85.9	89.4	129.3	60.0	248.4	98.6	90.2	
99.5	14.4	84.8	49.7	76.7	24.2	24.5	50.5	
20.4	23.4	22.9	38.9	23.2	37.4	31.4	8.3	
38.1	19.9	14.6	0.4	15.5	6.6	34.8	24.4	
16.0	33.4	23.8	42.1	45.5	27.0	19.9	8.6	
30.8	19.7	18.9	55.4	66.8	30.7	70.3	79.6	
44.8	101.8	42.7	86.7	196.3	72.8	67.5	134.1	
8.9	9.3	71.2	11.8	33.2	21.9	50.8	27.3	
99.6	112.8	209.6	34.4	148.1	227.8	229.3	125.8	
23.8	3.5	3.7	16.1	5.4	7.9	5.0	2.1	
63.6	46.5	27.0	21.6	186.0	33.3	77.9	35.5	
31.2	6.1	26.1	35.7	22.9	34.1	20.1	79.6	
88.5	133.3	216.6	99.1	215.6	103.9	338.5	150.6	
178.3	170.4	372.8	15.8	162.5	132.7	38.4	232.4	
213.7	224.7	320.4	69.3	32.0	133.5	267.3	156.3	
35.0	4.2	17.3	38.6	4.0	15.5	15.5	21.0	
79.3	41.6	28.4	49.8	41.0	20.6	23.4	49.1	
125.2	93.0	237.0	21.2	90.2	22.3	36.3	22.5	
69.2	23.2	11.7	6.1	22.9	74.1	38.6	57.8	
12.2	3.1	12.8	12.0	3.5	8.6	2.0	13.0	
115.4	60.6	48.8	146.9	11.9	77.5	117.6	44.3	
14.8	14.7	31.9	52.0	62.0	15.1	48.5	26.0	
37.3	108.2	82.7	88.8	20.8	1.5	15.7	26.4	
59.0	62.2	66.4	37.2	33.1	110.4	20.7	14.2	
36.7	28.0	63.8	81.2	103.6	76.7	149.8	47.3	
126.3	168.2	174.8	146.5	204.8	152.5	195.0	133.5	
141.4	45.1	158.3	126.9	35.8	47.1	38.3	146.8	
14.0	73.9	46.1	88.5	33.6	14.6	16.8	22.1	
80.7	102.4	64.9	93.6	102.7	129.9	48.9	98.1	
248.1	167.1	85.4	80.8	103.7	99.7	76.6	137.9	
31.6	22.1	39.1	40.3	32.5	47.0	36.0	38.5	
30.9	47.7	39.2	40.9	15.6	23.5	38.1	28.9	
39.3	46.3	21.8	202.9	86.2	16.6	63.4	6.1	
7.1	16.8	101.3	43.4	26.8	17.9	72.1	45.1	
44.3	46.2	133.2	83.3	64.2	106.4	90.5	14.9	
211.6	38.2	196.0	264.3	45.0	64.1	155.6	35.0	
75.2	50.4	65.8	24.6	40.9	13.0	97.4	73.4	
46.2	119.9	46.5	49.2	49.0	57.9	47.8	11.8	
32.4	60.7	238.3	63.2	98.3	9.3	230.4	118.2	
20.6	122.0	62.0	57.9	107.0	194.8	99.2	37.0	
8.3	44.8	21.5	96.7	29.7	35.1	12.1	4.9	
158.4	39.9	249.1	278.9	45.7	97.9	59.1	77.7	
117.8	11.6	3.7	85.9	34.2	7.4	23.8	70.8	
32.7	25.2	82.7	73.2	85.9	54.8	225.5	42.7	
325.1	202.5	121.0	77.7	252.9	96.8	103.8	91.0	
32.2	86.2	12.7	18.0	80.1	49.1	102.4	73.6	
155.2	51.8	113.2	37.0	83.2	64.5	122.5	107.4	
27.0	47.3	42.9	76.7	46.9	93.4	52.0	17.8	
152.4	120.0	210.5	107.9	182.6	129.4	19.9	47.4	
39.5	4.2	20.3	15.1	11.2	20.1	8.0	14.7	
6.7	19.9	12.8	19.9	25.3	8.6	10.5	19.3	
44.9	47.8	33.2	38.5	92.8	14.5	96.2	41.0	
29.8	116.7	70.3	372.5	114.2	194.6	536.4	57.8	
129.4	1.5	70.8	73.7	41.1	49.1	50.9	44.0	
48.1	50.8	84.6	15.2	44.3	64.3	10.0	26.1	
37.4	50.8	30.2	88.7	10.9	51.8	61.0	41.2	
42.8	84.7	65.6	28.6	14.1	20.2	11.4	38.0	
24.8	24.0	28.6	13.9	7.7	48.9	56.1	39.8	
82.5	33.2	76.7	63.7	37.8	3.1	112.4	81.5	
83.9	110.0	145.6	179.0	31.7	191.7	48.0	138.0	
1.8	4.2	1.3	4.7	8.4	3.3	4.5	11.7	
49.0	24.5	55.3	67.3	48.7	6.2	31.8	88.0	
128.2	64.8	130.9	68.0	135.1	51.7	62.8	201.9	
293.7	32.2	305.5	159.0	69.6	173.5	97.4	115.5	
15.7	4.2	23.5	36.3	58.2	5.9	30.4	5.4	
23.9	33.1	11.2	32.5	25.4	34.2	11.2	7.3	
3.7	6.3	2.8	4.1	7.1	2.6	4.3	2.5	
58.0	108.0	288.4	68.4	339.4	261.3	43.7	45.2	
44.5	32.9	53.7	83.8	70.8	12.4	40.8	12.1	
37.2	15.7	89.7	10.8	26.2	52.9	25.4	24.6	
253.9	62.3	151.0	424.1	249.7	279.2	312.9	229.3	
25.8	63.9	32.3	102.0	108.0	139.5	62.0	48.0	
89.9	145.5	9.8	38.6	96.7	102.6	255.7	145.0	
25.8	9.3	90.1	43.6	47.0	42.9	121.0	39.5	
18.4	18.1	7.8	5.1	12.9	34.1	12.0	3.7	
10.8	37.0	12.1	99.2	44.3	90.8	20.2	75.7	
30.5	16.0	14.3	26.6	8.8	73.4	23.2	29.6	
83.2	23.8	67.1	5.2	42.6	161.8	19.8	53.1	
154.2	194.5	124.2	283.8	99.2	154.5	110.0	257.0	
79.3	26.9	63.2	282.4	238.2	83.0	237.3	136.2	
10.7	5.8	1.6	10.5	9.2	4.7	1.9	7.5	
14.2	16.1	6.9	19.5	49.8	24.6	10.5	26.7	
24.0	54.4	34.4	26.5	25.3	29.5	7.8	45.7	
43.2	124.4	80.0	176.8	61.0	22.8	71.5	40.3	
124.0	63.6	39.7	132.2	138.3	170.8	467.2	209.5	
29.3	41.9	82.7	124.2	41.0	74.5	93.2	67.6	
113.0	39.8	57.3	55.8	139.7	19.5	31.9	46.9	
102.2	141.9	78.0	204.3	254.7	256.0	44.9	200.7	
103.3	121.5	156.1	169.5	52.1	45.8	113.1	18.6	
81.9	23.8	60.6	27.3	167.0	65.3	29.8	24.4	
9.6	11.5	6.7	11.4	18.1	5.0	5.5	27.9	
158.7	85.0	121.6	11.9	81.2	301.6	28.1	46.0	
51.0	24.3	45.6	144.2	44.5	41.7	6.7	32.7	
99.6	139.6	184.9	70.8	166.9	111.4	53.1	101.2	
98.5	182.4	43.4	86.1	282.1	103.3	24.1	139.9	
52.9	19.2	41.4	20.1	94.4	81.9	20.7	64.2	
47.0	7.9	8.2	36.0	22.6	11.7	12.1	8.8	
47.3	57.5	12.5	161.7	59.4	98.2	83.0	134.6	
58.9	31.8	201.4	24.1	70.9	245.3	18.7	149.7	
70.5	63.7	20.7	47.3	64.4	163.5	87.0	152.3	
167.4	77.9	88.3	93.0	105.3	54.2	69.0	377.2	
5.0	42.9	24.2	100.3	79.7	87.7	54.2	426.9	
24.2	64.2	122.8	62.1	39.9	55.6	18.9	23.5	
47.7	49.3	114.9	9.8	62.4	28.1	91.5	15.9	
341.0	172.5	329.7	144.4	182.1	175.2	78.6	330.6	
97.6	67.9	147.2	499.4	324.9	332.6	125.1	72.0	
11.1	35.7	36.5	56.2	5.5	29.8	36.0	63.0	
9.8	9.1	19.2	21.8	53.8	25.3	18.5	9.3	
9.7	11.8	58.0	55.7	35.5	2.6	43.9	10.2	
186.7	146.1	157.8	265.5	169.2	315.2	87.8	97.2	
72.1	37.5	85.9	29.1	45.2	112.4	531.8	59.0	
15.7	69.6	67.4	25.7	23.1	20.6	9.7	10.8	
202.6	172.9	37.7	46.7	19.1	54.7	180.5	71.7	
23.7	29.2	19.5	30.4	17.7	9.4	23.9	29.3	
76.4	24.5	58.6	83.2	26.9	107.3	162.5	250.8	
159.5	63.1	79.0	126.4	143.5	42.7	47.3	1.5	
13.0	14.1	50.6	63.9	91.3	114.7	84.8	8.5	
280.1	28.1	227.8	171.2	144.9	607.5	155.0	313.4	
168.1	168.2	62.8	174.3	99.1	62.2	168.2	345.8	
40.0	11.8	36.1	174.8	126.4	25.3	64.5	29.8	
71.7	91.4	78.2	118.1	102.3	273.1	10.2	140.8	
52.7	74.6	86.1	34.0	76.2	78.9	99.6	67.6	
53.0	15.2	16.8	60.1	33.2	15.1	38.4	39.9	
234.4	328.3	131.9	87.3	164.0	92.4	66.0	196.0	
44.8	46.7	29.6	27.9	73.3	35.4	43.7	80.1	
166.8	30.6	39.6	71.5	152.6	236.6	70.5	136.3	
25.1	69.1	36.9	91.1	70.3	126.4	43.6	33.7	
66.9	55.9	35.2	94.2	37.9	49.8	39.8	82.4	
212.4	116.3	4.5	76.6	14.4	12.8	33.0	29.4	
109.4	38.4	38.2	93.7	32.1	42.0	201.2	36.3	
98.3	284.1	400.1	164.1	316.1	121.2	35.0	163.0	
270.7	135.8	52.7	162.4	17.8	16.3	72.5	225.7	
80.6	4.4	17.5	26.2	12.8	13.3	31.5	18.2	
59.3	55.3	36.3	67.3	27.0	28.3	27.7	106.1	
21.5	39.7	58.7	75.2	129.4	60.3	89.2	85.9	
6.3	7.5	9.8	16.0	13.8	8.3	10.2	13.2	
3.3	1.5	2.7	3.3	4.7	2.7	4.6	0.6	
172.4	13.7	226.0	150.9	164.4	146.5	157.3	172.2	
18.7	71.0	45.6	58.3	22.3	52.3	75.3	48.8	
22.5	11.4	22.5	11.5	44.3	9.6	43.1	22.9	
123.0	168.0	146.0	100.7	22.6	221.2	49.4	58.1	
49.9	24.7	6.7	32.6	96.0	44.6	46.1	126.5	
25.3	8.4	33.6	31.9	14.9	21.9	27.6	45.2	
4.8	120.9	13.5	56.9	24.8	70.0	53.0	21.1	
27.6	192.0	87.7	34.3	78.2	138.1	130.0	48.0	
43.1	48.1	55.3	48.6	20.7	25.5	135.6	48.4	
107.6	161.8	56.0	174.7	42.9	63.1	81.8	99.9	
9.6	46.1	50.5	37.7	5.1	50.5	29.6	14.4	
17.4	15.6	13.7	11.5	22.4	55.4	13.7	21.7	
64.4	233.8	146.0	57.2	87.1	136.1	82.5	26.7	
481.1	102.9	166.3	182.6	168.9	798.2	16.1	197.4	
168.3	274.6	117.4	140.2	308.5	174.9	102.9	292.7	
31.6	45.0	81.7	249.6	24.2	45.6	131.8	83.8	
54.9	48.1	5.6	229.3	138.3	81.8	87.2	142.5	
47.7	71.4	129.3	94.9	102.4	171.8	86.0	104.9	
68.8	16.6	76.3	91.2	29.1	79.7	371.0	313.2	
98.1	77.9	67.6	14.0	109.1	69.5	17.2	109.2	
38.1	18.3	25.3	45.6	15.7	12.8	38.0	1.9	
5.2	9.2	11.4	0.9	24.0	33.2	28.0	8.6	
78.5	97.0	300.6	56.2	84.9	93.0	74.6	84.4	
105.2	86.8	10.8	273.4	386.5	14.2	112.6	146.0	
94.5	97.4	108.3	145.1	41.0	25.0	122.2	77.0	
36.0	117.3	13.7	26.8	66.0	39.7	56.0	6.6	
13.0	33.3	2.7	30.7	34.4	5.6	9.7	11.8	
12.6	6.0	1.2	4.8	4.8	8.2	7.8	5.3	
9.2	47.0	22.7	11.5	7.3	19.8	15.2	36.2	
35.4	77.8	19.6	41.1	184.2	2.6	71.0	110.4	
15.6	38.1	48.7	38.9	31.1	20.1	16.4	14.5	
22.1	25.6	15.3	20.5	56.0	21.1	42.0	44.4	
68.7	75.0	62.5	26.3	17.7	14.9	44.0	26.6	
19.5	16.1	8.1	8.1	20.9	24.1	5.7	11.6	
74.8	39.7	87.4	8.7	12.6	48.7	122.8	5.5	
29.7	50.0	75.6	9.3	32.0	6.1	18.1	60.6	
3.1	27.5	20.4	27.1	4.3	17.8	9.0	18.3	
66.4	37.2	73.1	49.1	56.1	80.4	76.5	192.2	
118.1	102.6	180.9	101.5	43.3	196.5	515.5	208.1	
16.0	178.7	86.7	70.7	35.3	202.0	151.1	95.5	
28.1	19.1	34.8	24.9	13.3	15.0	16.2	31.8	
114.7	24.0	100.9	51.2	125.9	49.3	111.3	32.6	
12.6	40.3	56.1	13.3	25.7	36.4	80.1	70.4	
144.6	71.2	96.8	115.0	23.9	20.0	88.5	39.4	
47.2	24.0	11.1	6.3	31.5	15.0	27.1	21.0	
128.5	32.2	84.3	119.8	107.8	85.2	105.4	65.8	
281.9	81.5	271.8	164.2	382.6	150.2	380.9	85.9	
58.9	23.0	13.1	140.7	62.1	29.9	56.9	73.2	
75.0	164.2	54.5	433.0	186.5	119.5	128.2	145.2	
61.8	67.8	24.2	31.3	50.3	139.2	86.9	67.4	
159.1	23.2	112.7	41.3	473.8	80.3	96.5	77.9	
106.6	126.1	96.7	26.2	155.2	105.8	57.7	41.3	
13.0	5.5	4.9	13.9	18.3	14.1	40.0	11.1	
5.3	14.8	10.1	29.3	41.2	90.1	18.4	62.4	
56.2	135.1	36.9	98.7	58.4	89.7	241.5	83.3	
126.7	214.4	94.9	164.2	85.4	172.5	81.7	51.1	
96.1	112.7	37.4	70.9	41.8	89.0	40.5	50.5	
49.6	66.1	72.1	32.7	28.1	48.0	32.4	38.1	
71.8	101.1	89.8	170.4	75.7	68.7	7.4	114.8	
16.7	14.8	16.0	2.0	2.4	19.7	9.9	9.5	
36.7	19.5	20.7	20.0	24.4	52.6	31.7	65.0	
16.0	62.7	135.9	53.4	18.3	26.2	73.9	48.8	
60.9	58.5	8.8	26.4	7.5	9.9	57.4	37.8	
157.9	197.0	105.2	280.4	63.2	145.0	121.8	318.6	
15.0	10.7	4.8	9.6	16.5	2.2	6.8	0.4	
113.3	109.2	167.2	61.0	123.3	135.0	59.2	24.2	
20.0	45.0	48.8	53.4	40.7	44.0	88.0	30.4	
25.8	14.2	29.8	38.3	56.3	3.5	27.5	25.7	
74.5	74.1	31.8	70.2	152.9	14.6	60.0	29.9	
61.4	14.2	54.6	103.6	77.8	57.4	150.0	190.3	
253.3	108.6	145.5	161.1	77.3	19.4	192.5	156.0	
75.7	131.6	69.6	60.2	5.5	94.9	17.3	73.7	
102.6	120.5	90.3	72.8	275.1	388.0	119.3	36.3	
41.2	90.5	156.1	133.6	75.2	21.8	33.6	138.4	
16.1	35.7	38.9	40.5	20.2	33.0	20.6	69.6	
53.0	22.1	11.1	13.9	38.6	10.1	3.2	36.8	
29.3	314.5	27.7	133.3	96.3	159.1	307.2	112.3	
133.2	64.8	155.1	62.0	80.6	41.8	38.6	40.3	
4.1	1.8	1.5	3.1	3.2	2.4	7.4	1.3	
80.4	14.5	10.5	69.2	15.2	35.6	96.0	87.7	
59.5	27.2	29.3	41.1	71.8	16.1	31.3	86.6	
342.8	97.5	61.5	110.0	103.3	134.7	38.2	91.4	
17.7	108.2	175.8	142.4	106.2	63.2	85.7	118.1	
114.4	25.2	20.5	173.6	79.0	67.7	44.7	27.7	
19.3	11.3	50.3	12.1	11.2	14.4	45.4	54.4	
16.8	26.2	56.1	30.8	26.5	29.6	16.1	19.5	
72.0	83.7	99.3	108.6	33.4	131.5	18.3	13.3	
15.5	108.4	23.2	194.2	208.3	96.9	48.5	66.5	
34.1	37.6	6.7	4.4	28.8	13.7	15.6	35.0	
4.2	12.7	1.6	2.9	2.6	11.1	3.7	3.5	
257.3	178.4	316.7	298.4	29.5	22.2	187.5	47.4	
206.3	292.8	11.5	136.1	180.9	39.8	247.7	226.3	
335.8	414.9	26.5	57.1	148.5	261.8	88.3	210.1	
58.7	32.3	48.2	71.3	45.2	71.5	50.2	112.3	
69.2	115.9	41.9	45.4	95.0	7.0	48.2	70.1	
19.1	25.2	34.0	33.7	94.9	45.5	46.4	71.8	
54.2	48.4	31.0	9.4	35.4	23.4	17.6	63.1	
23.8	26.0	145.4	172.4	115.0	58.9	59.6	164.3	
57.0	21.0	4.3	46.4	76.4	4.2	48.8	18.4	
8.3	9.5	5.3	10.5	9.5	11.3	11.2	13.5	
85.2	33.1	20.4	57.6	127.0	22.4	66.9	53.9	
35.0	17.8	54.0	66.0	23.1	77.5	26.7	27.9	
100.9	236.6	63.8	367.5	168.2	329.3	115.5	657.9	
5.1	1.9	7.2	10.6	12.1	9.5	6.0	6.2	
647.2	325.3	141.9	524.1	160.8	152.6	277.7	112.0	
47.3	26.8	54.7	78.2	43.5	10.1	28.6	8.6	
78.1	49.8	14.7	124.8	53.7	171.3	66.1	187.5	
28.4	19.4	22.8	55.8	138.9	143.0	196.6	127.8	
85.9	158.6	37.6	265.5	382.7	161.1	229.2	29.5	
57.4	65.5	42.4	56.5	183.5	68.6	183.5	87.3	
120.7	52.8	67.4	76.9	125.7	71.5	34.5	34.6	
5.7	21.0	1.4	89.8	45.7	30.1	13.1	57.7	
108.8	210.1	117.8	128.5	138.1	81.0	39.8	192.5	
81.1	115.1	39.6	66.2	40.7	48.1	58.1	19.7	
8.7	14.9	7.8	19.2	30.7	31.0	12.3	49.8	
7.4	40.3	25.1	24.6	46.4	3.5	21.9	63.3	
12.4	21.2	19.2	91.4	49.9	39.0	35.5	51.4	
39.5	24.5	5.4	24.1	32.5	34.9	13.3	34.0	
138.3	272.2	299.1	332.9	291.0	90.9	117.1	184.0	
72.9	148.7	62.2	77.4	194.5	192.1	42.9	271.4	
19.8	26.3	3.5	46.0	24.4	12.9	94.3	45.4	
118.0	49.9	21.5	32.9	88.3	93.7	61.4	36.4	
5.0	9.7	7.0	45.5	12.6	26.4	15.0	8.0	
77.9	24.0	18.8	53.7	17.0	33.8	48.8	13.7	
36.6	69.3	9.8	41.0	46.4	91.5	47.9	13.7	
50.5	98.6	73.3	126.9	470.0	216.9	65.0	239.8	
41.6	34.1	15.7	96.0	81.3	26.0	8.8	37.8	
27.9	1.8	8.8	12.4	35.1	3.3	5.1	13.8	
10.5	31.9	123.0	217.3	84.4	86.2	200.0	22.2	
65.9	50.2	103.6	104.0	16.4	67.1	28.0	5.8	
60.4	70.1	37.0	81.5	153.5	23.1	199.3	72.2	
58.1	31.7	31.0	51.6	71.1	24.8	2.8	40.0	
61.1	34.4	16.5	41.1	20.5	13.7	14.9	63.7	
13.5	10.2	12.4	19.3	5.1	8.9	4.9	0.5	
16.9	10.2	28.9	67.1	7.5	46.6	100.6	7.6	
55.5	89.0	34.8	55.8	78.4	28.7	105.4	15.8	
5.0	4.0	1.1	9.4	15.3	4.3	1.9	13.1	
18.1	38.6	2.4	71.0	31.8	27.0	114.2	179.4	
10.2	7.1	22.2	26.8	62.7	24.6	44.4	41.3	
354.0	209.1	191.9	668.9	604.6	95.3	74.5	93.7	
78.4	35.0	67.2	73.3	67.7	147.9	54.1	33.9	
81.8	60.7	83.1	338.1	70.5	86.2	120.1	46.2	
3.6	46.5	88.6	162.9	17.0	174.2	106.5	120.2	
61.0	43.1	5.1	15.8	30.9	55.8	24.3	27.5	
40.3	25.4	12.6	37.9	73.9	74.1	41.6	13.6	
38.1	53.3	24.1	26.1	11.3	100.9	111.2	58.0	
32.9	4.7	16.3	33.8	16.3	11.5	80.6	51.0	
53.1	6.2	34.1	47.9	26.3	20.4	70.6	4.8	
497.2	155.6	54.1	69.8	146.2	351.5	257.2	106.8	
75.5	93.7	29.1	50.4	2.2	75.3	30.0	46.4	
149.4	182.9	42.8	161.1	21.3	29.6	52.6	155.8	
26.8	10.3	53.0	104.4	84.7	84.1	59.1	8.3	
51.0	17.4	74.0	82.7	15.6	6.6	13.5	127.6	
70.9	216.3	60.1	87.7	37.9	8.2	23.7	23.1	
121.5	179.8	47.1	216.1	58.6	77.9	191.9	254.5	
30.9	52.3	26.9	98.3	77.9	74.1	9.1	98.1	
4.3	9.7	2.6	8.3	5.2	15.5	8.9	9.6	
42.8	148.2	43.3	56.1	199.7	88.0	40.5	65.0	
23.6	33.0	8.4	116.5	5.8	13.6	51.7	45.8	
97.3	268.4	146.7	303.5	243.2	572.8	90.8	339.2	
4.7	6.7	0.7	3.6	7.6	2.1	1.6	1.4	
63.4	186.1	93.2	203.3	313.7	84.4	176.9	163.6	
58.6	56.4	59.8	67.1	7.0	79.9	74.6	3.9	
54.8	113.6	69.7	102.9	92.3	57.5	57.1	92.5	
34.1	54.4	16.9	22.0	5.6	7.3	12.5	14.7	
72.8	43.7	30.4	86.7	189.0	81.4	85.6	74.4	
102.8	57.1	83.3	174.6	41.1	2.1	62.9	24.8	
52.1	46.5	15.8	120.9	20.7	14.5	25.0	42.8	
190.4	31.2	11.8	160.7	41.6	117.3	112.3	70.8	
141.1	83.0	44.3	130.6	132.8	197.9	55.2	20.2	
45.7	103.1	3.2	145.8	19.2	45.4	51.0	23.5	
103.3	40.7	29.0	75.7	47.8	36.0	13.3	83.1	
51.0	46.3	36.7	100.0	64.3	43.1	3.6	45.6	
59.9	35.7	15.9	100.3	18.3	211.4	12.9	44.0	
56.4	20.8	12.9	87.0	8.9	193.7	65.6	73.3	
21.2	52.0	20.0	39.0	21.5	51.6	77.7	29.7	
48.1	29.1	12.5	23.2	7.4	15.2	35.1	20.5	
286.8	76.0	280.1	594.5	187.1	45.2	150.9	185.4	
104.2	121.3	120.9	138.7	172.7	329.7	45.4	243.8	
89.7	32.2	15.0	39.1	78.9	101.8	30.0	46.2	
7.9	6.7	9.8	38.6	22.5	9.9	22.3	22.4	
621.2	224.0	32.5	250.5	156.8	87.7	304.9	413.6	
63.2	138.9	104.8	106.2	138.6	94.0	111.8	55.5	
49.0	165.3	43.8	243.2	355.6	149.5	213.4	70.3	
320.7	175.8	314.0	350.4	67.9	57.2	69.2	269.1	
40.3	81.4	37.1	39.5	34.4	32.0	87.1	16.5	
83.2	30.4	32.7	40.3	70.5	32.6	46.9	43.2	
298.5	142.7	157.4	177.2	113.6	144.2	356.5	498.7	
121.6	375.4	197.8	359.8	547.5	398.5	187.0	228.8	
123.7	68.7	88.6	95.2	121.4	317.2	104.5	111.9	
22.0	31.2	63.2	210.2	7.9	139.9	124.3	89.4	
47.2	3.4	10.6	25.6	32.9	36.0	7.7	32.9	
30.8	131.1	43.2	128.9	183.2	100.5	83.5	46.0	
61.1	98.8	73.2	133.3	97.5	9.2	61.4	63.2	
41.8	155.8	17.5	32.5	71.0	110.8	87.7	25.1	
45.6	92.5	18.5	24.7	71.9	16.8	12.3	18.2	
6.7	18.8	52.5	92.1	8.5	16.7	42.5	21.1	
19.0	119.3	18.8	175.8	144.5	324.2	18.2	22.0	
11.1	48.4	40.2	131.3	42.1	97.6	104.0	30.4	
21.2	153.4	18.6	29.3	18.3	28.5	22.0	129.4	
11.0	180.5	31.4	67.6	146.9	112.5	51.4	85.5	
13.3	21.9	21.4	31.2	19.9	31.6	59.7	61.8	
37.7	30.1	4.7	38.5	37.9	47.0	50.6	9.3	
73.1	56.7	20.6	36.4	31.7	7.3	25.9	33.5	
32.7	184.3	17.1	262.9	6.6	42.4	189.6	279.4	
14.7	42.3	44.2	77.2	13.6	10.7	76.0	8.0	
235.9	270.1	121.2	145.3	50.2	141.0	179.4	185.7	
85.6	18.6	33.5	74.1	64.9	50.9	24.9	61.2	
14.4	22.8	20.7	58.4	21.3	36.8	19.7	19.6	
154.6	137.9	45.3	148.4	155.1	40.7	261.7	55.1	
59.2	71.2	44.3	69.8	149.9	96.3	33.0	42.8	
69.8	90.9	22.9	37.8	36.1	4.1	7.6	45.1	
31.0	87.3	18.2	51.7	11.4	36.7	68.7	38.3	
25.5	73.8	4.6	103.1	121.6	42.9	21.9	122.6	
600.8	104.8	259.1	624.4	183.9	262.4	226.6	393.8	
37.6	28.0	33.3	104.4	44.0	7.4	35.0	10.7	
12.7	15.0	43.0	82.4	60.0	51.5	19.7	27.4	
91.6	19.6	2.3	59.8	52.7	22.4	54.5	37.5	
35.5	51.9	42.2	49.4	103.5	16.7	36.1	48.6	
68.3	18.6	16.2	52.2	56.0	78.2	64.3	35.0	
55.5	98.5	31.6	174.7	108.5	47.9	127.5	130.2	
16.6	34.8	13.9	24.0	2.0	28.7	26.2	21.0	
39.6	58.8	52.1	147.7	18.8	16.7	39.2	72.1	
11.8	11.8	17.0	54.9	45.3	47.9	9.2	16.2	
65.4	105.8	93.4	153.8	154.2	160.5	101.2	82.1	
30.6	79.8	25.5	67.0	148.0	339.9	78.3	258.9	
81.5	68.4	97.2	175.4	101.6	91.5	202.3	78.3	
49.9	22.3	21.8	40.9	50.2	6.8	54.9	40.6	
29.1	56.7	45.6	54.4	7.9	45.0	36.2	23.0	
145.3	49.7	54.4	74.5	174.7	41.5	14.0	188.6	
38.7	68.9	32.0	86.4	150.4	37.6	69.4	126.8	
30.9	43.2	21.5	118.2	18.6	50.5	38.2	18.0	
118.0	31.2	222.6	250.9	103.6	141.2	110.4	135.3	
104.1	35.7	72.6	159.7	88.5	4.4	82.0	19.1	
4.5	17.6	10.8	23.1	0.4	2.7	2.5	7.4	
142.5	292.7	32.2	271.8	70.5	132.3	161.1	101.7	
131.6	17.9	20.6	42.4	52.8	118.3	217.8	127.9	
140.0	4.5	25.0	139.9	24.4	16.6	41.0	68.5	
107.1	24.5	14.8	18.0	36.2	118.7	25.8	83.4	
115.6	60.6	28.4	36.9	30.1	13.4	21.4	21.8	
62.7	311.6	102.4	136.4	108.1	52.8	25.2	148.7	
37.0	47.0	59.0	365.6	136.2	91.6	316.3	149.0	
51.3	22.6	85.5	86.9	74.7	44.0	103.9	32.8	
75.9	34.3	181.4	421.3	373.1	82.4	269.1	61.1	
50.9	13.2	11.2	71.0	8.5	63.4	31.1	11.7	
2.2	49.2	13.7	18.2	17.5	1.5	33.3	7.1	
19.1	27.5	11.3	18.4	22.5	75.8	39.8	44.2	
87.9	62.6	50.1	63.3	49.9	146.4	31.3	97.2	
13.6	19.4	4.9	15.7	20.2	8.8	8.4	14.4	
136.9	157.4	29.3	116.5	238.2	19.8	183.0	42.1	
71.8	75.6	131.8	150.1	30.1	81.4	35.8	45.5	
3.8	10.5	6.8	9.0	24.9	11.5	16.2	0.7	
319.1	158.6	72.0	95.5	423.8	347.4	212.9	65.6	
166.8	160.7	27.7	211.5	81.3	172.5	125.1	140.3	
124.1	11.7	3.1	37.4	59.1	47.9	78.5	54.7	
142.4	54.4	65.5	97.2	191.1	34.0	305.7	42.7	
113.4	138.8	51.8	56.5	17.8	54.1	118.4	35.2	
6.5	1.1	4.3	12.6	14.6	7.3	6.5	10.0	
48.9	73.8	32.6	177.6	101.8	75.0	27.2	72.6	
2.7	29.8	3.3	16.1	23.1	5.1	51.7	17.7	
25.6	11.5	32.0	68.9	28.9	81.9	69.5	7.2	
10.1	55.8	4.2	32.6	27.9	48.8	56.8	28.7	
107.9	63.8	170.7	188.0	44.7	160.2	254.9	65.3	
62.2	51.9	53.9	149.8	177.0	400.1	17.4	131.7	
26.8	89.2	36.7	74.9	49.3	6.6	49.4	54.5	
14.0	51.4	11.6	108.9	17.8	45.7	22.7	42.1	
165.9	53.9	70.3	301.0	79.2	181.5	268.4	119.6	
122.1	87.0	54.7	216.3	52.7	97.3	61.6	299.4	
39.4	105.3	25.9	198.0	81.8	41.4	12.8	43.1	
90.5	49.5	47.3	129.1	34.8	20.6	23.4	24.4	
64.9	38.6	27.3	253.3	89.3	36.7	203.0	5.6	
60.8	90.9	108.7	189.2	35.7	211.2	38.2	129.2	
14.9	14.4	13.0	24.0	45.7	22.4	21.6	70.4	
42.1	33.0	17.0	303.4	176.4	94.2	238.7	259.1	
38.2	23.3	31.0	75.8	54.1	6.6	63.3	47.2	
89.1	79.9	24.7	104.3	248.9	54.7	95.2	164.8	
86.5	48.4	22.5	65.4	130.2	89.2	34.8	94.3	
5.4	12.2	2.6	6.0	29.2	15.6	5.1	10.6	
104.4	91.8	48.1	76.4	168.6	246.6	115.0	60.1	
63.3	24.3	12.9	54.4	79.2	21.0	4.1	24.5	
84.3	147.5	62.4	116.1	211.1	215.3	9.7	55.1	
4.7	65.2	14.9	15.3	19.5	44.3	54.9	53.6	
1.1	22.2	16.1	77.7	23.9	17.4	21.5	36.3	
306.7	42.0	101.5	151.1	29.7	177.7	15.5	132.7	
1.1	8.7	10.1	38.1	10.0	3.0	10.3	10.0	
154.1	55.1	42.5	82.7	123.7	118.5	153.2	49.2	
4.9	45.8	8.3	12.6	38.6	13.9	9.3	54.9	
128.0	12.6	26.1	125.3	111.4	177.8	206.9	444.5	
46.3	19.6	20.4	55.5	14.2	6.2	32.6	26.1	
132.8	38.9	29.9	34.3	51.3	72.4	38.7	12.9	
72.8	65.9	46.9	55.0	134.0	42.2	23.3	69.6	
38.0	97.6	28.5	94.0	16.7	42.6	21.4	56.8	
59.3	73.0	25.5	48.6	40.0	45.1	69.7	72.2	
8.1	1.8	22.0	55.8	7.7	11.1	15.5	39.7	
53.7	40.2	42.6	135.3	99.0	22.6	13.9	31.8	
42.7	60.5	4.3	28.7	55.8	63.6	10.3	10.9	
192.5	118.5	49.2	180.3	173.0	11.7	53.3	35.1	
10.7	9.3	20.2	24.5	15.8	6.3	9.8	23.3	
25.3	29.7	36.9	64.5	26.0	129.7	92.1	32.8	
53.0	3.4	13.8	21.4	16.2	34.7	19.1	17.7	
88.6	46.0	84.3	135.3	79.4	82.2	21.3	90.5	
10.4	32.6	22.7	74.3	146.5	156.5	66.3	47.6	
43.2	50.9	16.3	172.5	33.6	24.7	15.6	34.3	
51.6	121.6	85.2	108.0	115.7	64.7	134.9	92.6	
22.3	6.9	5.0	14.5	9.9	7.1	10.9	10.3	
46.3	38.9	50.7	54.3	47.5	39.8	71.5	36.3	
102.1	49.0	45.0	135.9	254.9	38.8	16.7	58.5	
196.5	173.2	69.2	119.3	151.8	176.7	277.6	237.8	
11.5	43.5	11.4	19.1	15.7	28.2	103.1	31.0	
24.4	17.8	27.6	223.3	294.1	165.3	183.3	115.6	
51.2	18.8	214.3	228.4	36.1	97.3	21.5	404.7	
42.9	118.0	11.3	29.8	44.9	15.6	41.1	7.3	
9.7	4.0	7.4	6.9	8.4	8.7	6.7	2.8	
17.0	38.6	38.6	54.2	125.7	72.1	51.5	68.1	
73.2	196.3	29.4	78.8	98.7	81.3	59.8	47.5	
12.9	74.8	23.2	54.1	6.3	57.9	57.3	4.7	
5.2	36.5	20.9	28.3	7.6	20.4	12.5	29.9	
32.3	56.5	112.1	116.1	86.6	25.2	84.6	148.4	
56.2	187.0	147.1	227.7	161.5	63.2	244.1	322.1	
13.7	23.4	7.2	62.5	4.4	24.9	8.1	25.7	
5.9	6.5	10.1	48.6	19.6	44.5	7.4	3.0	
9.4	28.5	1.9	11.8	7.8	7.1	9.6	6.5	
190.7	107.3	35.8	51.0	45.6	278.5	176.2	43.5	
15.2	74.2	18.7	491.3	219.5	116.9	105.7	186.8	
13.2	7.5	1.5	13.7	8.8	5.8	9.5	14.8	
132.3	209.4	146.0	207.5	210.2	76.2	336.6	192.5	
212.8	121.8	159.1	241.0	178.7	266.4	198.2	108.0	
313.1	94.7	23.5	25.2	59.5	7.6	74.5	109.2	
44.5	99.5	81.0	173.3	228.8	90.2	218.8	80.4	
362.2	118.8	142.8	467.3	68.2	99.3	81.6	145.2	
16.1	38.8	31.8	67.5	30.4	18.2	34.5	53.8	
21.3	25.5	21.9	34.2	15.4	20.7	66.0	11.4	
145.9	111.1	161.6	433.8	45.7	82.0	75.1	716.2	
35.8	81.5	127.0	146.7	223.0	25.3	194.8	386.3	
93.0	40.5	63.7	233.8	13.0	338.8	26.8	338.3	
32.9	106.4	43.3	92.3	35.7	41.5	60.5	51.0	
16.8	28.3	36.7	56.2	49.9	6.0	96.6	9.6	
149.2	104.3	66.2	144.7	232.6	49.7	48.5	78.8	
71.6	24.0	110.4	160.7	74.5	86.2	100.1	73.0	
69.6	278.2	126.0	127.6	50.9	192.4	229.4	215.2	
309.2	176.2	81.6	115.8	154.6	102.8	63.7	255.1	
20.6	21.5	10.0	25.7	31.6	27.1	24.5	16.4	
40.6	27.8	7.1	13.0	58.8	66.9	45.0	5.5	
41.4	14.8	32.8	47.2	32.9	75.9	14.4	12.1	
8.3	19.8	5.8	35.6	97.9	53.4	27.9	22.1	
11.8	1.1	1.5	15.9	12.3	18.8	25.2	6.7	
64.4	145.9	21.0	201.1	57.2	96.3	43.6	146.5	
26.3	89.1	46.3	58.5	95.3	110.8	104.6	18.5	
110.8	191.3	76.0	81.4	88.7	45.3	30.8	147.2	
8.6	52.6	5.9	59.4	3.2	22.4	14.3	21.8	
47.3	21.2	34.2	47.4	42.2	37.9	60.7	36.6	
98.2	99.0	143.3	254.2	15.5	210.5	49.2	127.4	
82.0	132.6	84.3	173.4	112.9	87.1	95.1	24.6	
14.9	8.4	8.1	9.9	102.1	23.0	12.3	11.2	
34.3	16.2	3.6	9.1	21.3	12.8	22.5	12.1	
11.4	11.7	4.6	20.6	28.8	17.1	2.1	15.6	
19.4	20.6	35.4	36.9	13.6	18.8	0.9	28.3	
127.9	15.4	38.8	81.4	34.3	14.4	14.0	35.5	
55.3	82.1	12.7	40.5	39.9	50.9	25.9	57.5	
21.6	21.2	3.2	34.6	59.6	27.1	10.7	86.5	
13.9	61.9	105.2	113.0	146.8	31.1	102.0	101.3	
40.2	150.0	89.0	204.8	122.9	8.2	163.0	149.2	
17.1	30.6	6.9	71.8	64.0	70.5	72.2	58.9	
36.4	69.2	75.6	198.3	160.2	62.7	237.9	101.0	
17.5	54.5	13.5	31.8	35.1	90.1	43.6	157.1	
33.4	53.3	11.7	25.6	29.9	11.5	26.0	65.3	
25.7	20.2	53.5	68.2	61.9	18.8	8.5	55.0	
93.7	123.6	51.6	109.7	89.6	54.8	38.3	118.6	
8.9	30.8	5.7	39.3	49.8	57.4	48.1	31.2	
68.0	109.6	142.0	325.4	59.6	106.2	6.1	22.0	
24.1	54.6	14.4	30.5	37.9	3.6	27.7	10.8	
14.5	54.2	48.2	116.5	34.9	76.6	67.8	47.8	
134.9	4.9	38.8	42.0	2.9	62.9	35.0	99.4	
129.0	41.6	28.1	95.2	159.1	153.3	98.4	108.7	
34.2	16.7	38.2	9.8	149.3	3.6	56.1	79.0	
383.8	104.0	147.9	253.4	24.8	561.4	160.5	42.0	
35.9	57.1	1.7	68.9	91.1	64.4	33.3	35.3	
50.9	26.7	30.2	30.1	69.0	59.3	77.5	12.1	
162.6	37.9	92.1	229.7	15.9	121.1	53.5	46.4	
98.9	31.1	58.7	13.3	21.5	27.5	40.8	27.1	
88.6	23.3	30.0	4.2	18.9	4.2	74.6	31.0	
176.2	18.2	176.0	22.1	124.1	32.9	60.8	25.1	
38.3	105.8	62.3	120.3	75.8	25.8	53.4	229.2	
45.9	158.7	49.3	20.9	66.7	295.1	49.6	53.7	
12.7	17.0	19.5	7.3	11.0	40.6	9.7	7.8	
110.9	31.4	27.7	3.7	79.8	7.9	44.0	113.4	
117.3	64.6	301.8	190.6	114.5	68.0	123.3	42.2	
8.6	42.3	13.1	4.1	24.0	37.1	27.9	5.8	
180.2	22.6	24.9	121.8	71.2	22.1	202.7	42.4	
97.4	75.5	88.6	64.1	40.6	76.3	204.8	117.7	
24.1	146.6	129.0	38.0	83.9	122.9	124.9	141.7	
103.3	189.6	21.2	355.6	268.6	140.5	24.8	129.3	
67.7	91.3	184.3	293.5	145.8	57.0	101.5	116.8	
29.5	67.7	71.6	24.0	55.5	54.6	79.0	84.8	
262.1	397.8	229.7	529.8	271.6	118.7	64.9	181.3	
17.7	20.2	16.8	13.9	7.2	28.8	40.4	13.1	
39.5	48.0	31.7	48.2	36.3	73.0	46.4	61.8	
48.2	54.7	24.3	1.3	14.5	31.3	18.7	13.5	
142.6	88.7	359.0	163.0	247.5	101.5	113.0	29.9	
12.6	60.2	101.3	213.5	101.8	56.0	51.1	24.0	
38.4	13.0	119.7	9.7	29.7	107.4	31.0	38.8	
12.2	138.5	10.4	116.1	18.6	87.4	6.0	15.2	
152.1	419.5	27.2	232.7	101.0	89.0	404.8	256.7	
177.8	104.9	161.0	124.3	167.4	159.9	748.4	280.2	
158.6	116.8	78.5	76.9	78.4	12.3	96.5	37.4	
56.9	61.0	42.4	31.5	106.2	20.0	35.7	11.2	
51.4	59.3	26.5	58.9	28.6	105.3	43.4	48.1	
115.8	20.2	62.7	39.4	29.6	25.0	21.3	24.0	
63.7	19.2	217.7	436.8	425.8	94.3	146.6	339.1	
38.9	17.1	11.3	11.1	10.2	13.1	61.7	29.3	
8.8	60.5	173.4	155.1	73.2	253.2	51.4	25.6	
104.5	224.3	187.6	118.0	189.3	137.7	123.3	307.8	
27.2	81.9	51.7	17.8	64.2	27.9	33.5	42.4	
35.6	23.6	11.2	15.7	18.3	32.5	62.0	24.1	
12.0	46.6	74.4	22.3	37.7	15.1	39.0	8.8	
198.3	154.7	22.4	81.3	31.2	98.2	64.4	15.5	
96.0	34.5	9.1	240.0	19.0	24.1	23.2	58.5	
39.0	18.2	95.3	26.4	103.0	84.8	18.7	52.3	
78.7	59.2	108.1	111.1	30.4	78.2	24.9	14.5	
1232.5	590.8	183.1	1126.3	118.5	641.7	279.6	231.6	
136.4	56.1	69.8	72.5	184.2	74.6	15.7	112.7	
130.7	32.1	109.7	57.0	65.2	75.3	75.5	35.9	
20.1	73.6	34.0	17.6	57.7	21.0	26.2	16.0	
69.8	111.0	43.0	109.9	36.2	104.6	46.7	95.1	
69.8	15.4	14.8	25.1	33.8	23.0	25.2	50.3	
20.2	9.6	70.0	63.6	26.9	22.4	26.2	11.8	
256.7	30.8	54.7	31.8	102.7	104.5	143.9	195.9	
17.8	68.0	179.9	51.3	53.4	35.5	20.9	145.0	
64.5	104.8	52.5	93.6	67.5	56.3	19.9	20.1	
46.3	10.1	18.1	54.6	13.8	17.8	11.4	35.3	
191.4	45.2	104.9	38.2	115.9	67.0	72.1	131.7	
497.2	140.4	220.6	145.0	373.4	125.4	731.7	326.1	
11.4	33.7	7.4	52.7	24.3	18.0	20.7	95.7	
31.7	56.9	26.6	62.8	26.2	99.6	74.3	49.7	
8.0	106.9	61.9	71.4	45.9	192.3	152.9	37.2	
99.0	92.8	39.1	95.4	44.5	96.0	160.5	50.6	
198.4	221.3	140.9	175.1	177.6	226.4	140.1	200.1	
12.0	59.3	18.9	25.3	7.8	56.2	36.9	30.0	
3.5	23.0	15.2	8.4	29.2	20.9	11.5	20.1	
143.3	209.8	188.5	120.8	177.9	182.2	165.2	159.6	
288.3	26.1	60.3	158.1	5.5	83.5	95.3	133.6	
239.7	10.1	110.8	274.6	78.9	150.2	12.3	124.7	
67.0	5.9	35.6	19.4	15.8	14.3	68.5	13.1	
14.2	30.0	92.8	86.2	59.1	23.9	53.6	44.0	
3.6	41.1	39.9	14.3	18.0	37.9	4.6	5.3	
36.6	9.9	39.9	35.2	24.1	8.7	40.8	33.4	
88.6	260.7	155.0	259.5	278.2	14.5	74.7	114.7	
112.0	81.6	31.5	11.4	70.3	35.1	49.4	103.6	
68.3	78.4	56.6	59.7	44.7	60.7	42.8	27.4	
34.9	53.3	77.9	2.0	22.0	30.4	107.5	68.7	
29.1	28.8	23.3	94.8	41.7	23.4	40.8	86.1	
176.1	189.7	51.3	79.8	177.7	143.6	57.6	125.6	
16.1	7.6	20.7	51.5	15.0	102.0	25.2	5.1	
52.4	64.5	17.2	20.8	30.9	30.4	21.9	6.8	
64.4	15.2	142.9	41.2	39.5	6.2	41.2	50.5	
4.5	4.4	20.6	2.0	2.0	43.6	17.3	13.4	
30.9	122.9	26.5	7.6	128.7	31.1	59.6	223.3	
62.8	6.2	194.8	11.2	31.2	64.1	52.6	14.0	
75.5	22.8	49.1	21.4	26.6	130.7	40.1	85.6	
77.2	188.7	134.8	106.6	290.5	279.2	18.7	111.3	
166.2	44.1	40.1	9.6	96.2	79.3	71.2	139.7	
31.5	68.5	120.2	131.8	63.8	101.8	193.3	28.6	
394.7	12.7	183.0	52.1	222.1	93.8	153.8	28.3	
30.1	29.0	74.1	30.8	21.4	24.0	29.6	61.0	
162.9	121.4	28.9	356.8	61.2	208.1	276.4	76.8	
13.7	34.4	109.0	100.9	48.3	30.7	95.3	9.4	
51.6	47.9	19.1	4.9	39.1	80.4	31.8	15.0	
47.7	10.4	78.1	42.5	290.8	33.1	62.6	62.8	
61.4	16.9	62.9	26.0	4.9	19.5	79.7	170.5	
97.5	25.5	227.8	228.4	236.3	257.0	246.1	333.6	
75.2	130.1	56.3	42.4	98.6	195.5	115.8	92.0	
6.7	24.1	22.5	2.3	37.1	1.6	9.0	23.9	
67.9	243.3	124.4	243.4	175.7	311.8	160.8	43.6	
34.3	48.0	186.9	150.0	194.0	120.1	32.8	178.1	
516.2	582.8	207.3	189.3	1159.3	298.2	479.9	136.1	
14.6	152.3	61.0	29.0	53.5	41.9	83.1	45.3	
38.8	40.2	65.2	29.4	45.4	31.4	26.9	36.2	
14.6	61.2	17.8	5.7	25.4	33.5	15.9	20.8	
21.1	30.6	36.4	68.2	12.3	37.0	34.1	102.7	
64.0	8.2	85.4	55.0	48.6	22.1	86.2	70.9	
58.6	59.8	31.4	91.2	50.8	36.2	89.4	77.2	
21.0	87.5	60.4	7.2	4.8	41.9	41.8	23.2	
23.4	57.1	10.3	18.5	35.5	23.5	17.0	28.5	
131.9	22.7	45.4	86.6	32.6	106.9	249.2	122.7	
13.2	63.3	85.0	10.4	26.0	26.9	66.2	38.0	
78.6	199.2	97.7	114.4	48.0	103.1	196.4	378.0	
50.3	33.9	42.1	89.7	108.8	58.8	34.9	6.5	
17.7	33.7	8.8	12.0	3.0	4.8	2.5	13.8	
104.8	110.0	60.3	441.4	179.9	184.8	86.1	291.0	
13.7	21.8	13.2	323.6	117.2	143.0	182.1	64.9	
88.9	12.0	52.7	41.8	33.1	21.1	29.0	4.6	
75.1	95.3	30.1	20.0	5.6	19.5	35.3	70.2	
60.5	118.0	34.7	50.2	37.4	64.3	9.6	44.3	
7.0	22.2	69.9	19.4	104.1	134.8	35.3	26.8	
77.2	20.7	57.7	17.7	7.7	75.8	73.7	35.7	
46.8	51.6	49.2	22.8	152.1	41.6	109.0	80.3	
3.7	8.0	1.9	2.7	1.6	4.8	4.1	9.7	
14.3	52.5	23.2	13.0	30.8	94.9	8.8	24.8	
72.1	17.3	191.5	93.4	76.4	75.9	51.0	56.8	
141.2	60.9	33.4	51.2	173.9	13.8	67.6	226.0	
18.7	36.8	9.6	3.2	19.1	38.6	27.1	48.1	
73.2	63.2	62.8	55.7	16.1	13.2	53.7	48.4	
16.3	76.9	134.0	105.9	170.6	7.7	88.7	30.7	
140.1	5.9	7.4	17.1	66.1	72.7	112.8	12.3	
18.1	25.1	27.2	23.6	49.3	19.1	9.2	17.6	
23.3	10.1	45.4	30.6	44.8	18.8	22.2	2.6	
4.3	6.4	12.9	9.9	4.7	7.6	16.5	8.3	
38.8	76.6	34.0	40.8	78.9	15.7	3.2	16.6	
32.9	32.2	20.0	11.1	11.9	15.3	4.5	77.0	
36.7	7.5	7.4	24.0	54.9	53.9	40.5	24.3	
42.6	45.3	64.8	41.9	52.8	24.4	72.1	45.7	
7.1	4.9	3.9	7.4	5.7	15.3	60.4	11.5	
48.9	52.8	48.1	7.9	38.7	51.4	4.6	9.7	
46.0	25.5	17.0	29.5	21.0	10.0	29.6	25.7	
37.6	265.2	61.3	169.2	71.3	23.4	91.6	27.7	
42.4	61.4	102.6	88.8	192.1	38.5	139.0	47.5	
3.5	5.3	5.7	6.2	25.0	9.5	19.8	1.6	
19.8	8.0	10.9	8.3	42.9	27.1	5.3	14.7	
20.6	10.4	65.6	30.0	26.0	38.6	29.3	33.2	
19.2	73.2	11.0	30.3	60.4	35.5	5.5	79.5	
25.6	47.2	24.4	88.1	13.2	58.6	57.7	31.5	
16.6	26.4	34.2	51.6	10.3	5.2	145.1	33.0	
23.9	24.9	45.5	66.4	14.1	77.7	40.8	55.8	
238.0	264.9	240.3	206.4	290.5	56.8	55.4	168.3	
185.9	74.6	119.3	111.5	100.0	8.7	57.3	78.2	
362.4	78.1	27.3	96.5	141.0	174.4	68.3	37.9	
61.8	19.0	2.9	20.3	26.5	14.8	11.1	21.3	
14.6	7.5	11.8	10.8	9.1	10.6	25.9	6.1	
11.0	25.1	79.3	26.4	20.4	7.2	55.3	44.1	
74.6	57.3	2.2	28.8	65.2	104.0	118.8	77.8	
4.1	4.9	10.2	7.9	17.1	13.5	3.1	12.4	
47.2	97.6	22.0	36.4	28.2	29.6	26.9	24.2	
10.1	29.8	31.5	10.0	27.5	4.8	45.1	73.4	
35.6	32.7	42.5	11.7	41.5	16.0	56.2	111.8	
274.6	134.6	140.5	187.8	78.0	91.9	54.0	138.0	
2.3	8.7	11.7	32.2	9.1	17.9	3.0	4.3	
105.7	295.0	148.0	271.5	171.4	129.8	182.7	108.9	
61.3	71.9	152.2	255.7	156.4	329.2	202.3	111.8	
38.3	38.1	7.2	103.5	31.7	48.8	110.8	30.1	
191.9	45.1	44.4	9.9	138.1	35.5	136.6	280.9	
95.0	16.9	42.6	68.9	90.6	48.8	84.7	47.1	
4.3	44.8	68.9	72.6	57.4	85.1	123.8	152.4	
52.9	30.0	105.5	71.8	32.0	214.1	334.9	129.1	
223.2	90.1	214.1	102.6	12.3	68.1	93.6	66.5	
6.8	57.8	75.3	484.2	29.4	98.9	200.4	199.2	
36.0	176.6	75.9	188.0	56.8	54.9	81.5	65.9	
125.8	27.2	56.6	66.1	75.9	39.4	78.2	24.6	
4.3	41.2	11.7	23.7	2.3	2.9	22.1	20.3	
416.2	168.2	849.3	218.3	305.6	258.0	306.6	373.4	
27.6	191.1	145.3	23.4	169.0	189.0	70.7	61.5	
41.5	60.8	46.9	85.1	20.1	251.2	177.4	43.0	
11.7	45.2	9.6	33.5	12.5	37.0	32.1	12.0	
30.5	51.5	57.6	40.3	81.3	99.8	102.5	80.2	
36.6	43.8	60.5	23.1	86.1	48.7	124.3	22.4	
62.8	66.5	30.1	114.1	74.2	43.4	22.5	28.2	
147.9	43.7	57.3	17.9	164.1	93.4	24.9	20.7	
48.2	108.2	95.0	58.2	46.3	46.3	39.4	50.9	
19.0	47.5	56.1	44.8	62.9	126.6	50.0	93.0	
117.3	11.0	103.3	38.5	94.4	121.8	66.2	57.6	
93.7	14.3	7.8	116.9	25.4	30.7	120.9	61.5	
19.6	45.9	8.4	6.6	16.6	41.0	14.9	13.6	
18.9	3.5	47.5	10.8	102.0	27.7	58.7	100.8	
18.4	4.3	3.0	12.7	22.5	18.5	24.4	26.7	
90.3	120.7	25.5	38.0	41.5	38.8	35.0	89.7	
49.3	7.7	28.6	19.3	10.2	28.1	13.0	26.2	
68.4	72.5	52.5	5.3	195.3	161.1	39.5	19.7	
21.7	17.1	9.4	6.8	2.7	4.9	2.8	3.2	
155.8	87.7	41.7	158.5	64.2	37.9	163.7	188.8	
7.6	14.8	8.5	5.2	9.7	15.3	10.8	14.1	
160.3	12.3	15.1	126.4	9.4	75.7	157.9	23.9	
1206.3	72.1	264.6	232.0	622.2	120.6	82.4	37.8	
171.9	81.0	20.2	164.7	32.0	257.5	77.0	42.8	
94.0	38.9	392.9	342.3	67.5	133.5	245.8	31.4	
130.8	74.1	206.0	74.8	133.9	45.9	40.2	51.1	
43.8	141.7	117.2	284.4	143.7	92.0	203.9	91.9	
14.4	13.0	7.9	8.9	2.1	7.4	2.6	10.1	
16.7	10.8	40.2	33.7	49.4	13.1	71.3	50.2	
28.5	68.0	43.2	39.6	144.0	26.3	31.1	54.5	
89.6	22.0	23.1	82.7	107.2	139.9	8.7	29.7	
115.4	62.0	25.9	28.3	71.4	23.7	10.5	24.4	
121.3	20.2	73.1	24.9	51.3	75.9	20.8	29.2	
74.1	37.6	5.8	35.9	37.1	22.0	28.9	8.7	
129.8	49.6	113.2	119.7	19.7	65.0	18.3	81.4	
36.5	55.9	16.1	16.6	13.7	73.2	116.6	18.4	
44.1	118.9	77.1	32.8	69.7	193.3	24.7	37.5	
70.5	78.5	32.2	114.7	18.8	49.3	22.8	66.1	
19.6	221.2	79.9	96.0	43.4	24.2	176.9	81.6	
75.7	29.7	101.7	82.2	14.6	113.3	49.1	268.7	
18.8	10.3	6.8	27.8	3.4	11.0	34.4	21.3	
11.6	9.0	2.7	3.7	6.7	7.8	8.1	8.2	
68.0	47.5	16.8	23.8	13.2	29.3	13.0	59.5	
12.6	29.4	65.0	8.3	30.6	9.8	25.2	45.3	
73.4	180.0	145.4	173.7	160.5	211.0	90.1	198.1	
375.0	670.2	352.4	63.5	143.4	536.8	121.8	891.1	
104.2	9.4	119.9	82.5	125.3	82.5	75.5	135.4	
24.7	48.1	5.9	28.9	35.2	33.7	10.5	21.0	
67.4	9.8	96.1	124.3	41.2	33.5	64.7	155.0	
52.4	67.6	98.7	328.8	64.1	145.6	306.4	71.1	
24.2	56.2	114.3	53.6	75.1	25.4	52.1	63.3	
296.0	211.4	15.5	105.9	51.2	19.4	81.5	189.8	
30.6	67.5	64.1	97.9	37.1	58.2	201.5	154.6	
548.4	222.5	101.1	255.6	392.5	204.5	181.0	44.1	
45.2	13.4	60.0	118.0	29.6	45.8	293.2	32.3	
12.7	18.9	15.4	37.4	29.6	34.3	6.6	14.7	
40.9	225.4	60.8	35.8	41.5	13.1	47.3	96.1	
44.8	120.4	154.8	201.3	130.8	323.3	305.9	129.8	
96.1	62.2	19.1	4.8	41.8	59.0	31.5	18.3	
3.3	4.6	2.4	2.0	3.4	4.8	7.6	9.8	
494.6	112.5	209.7	138.6	215.3	106.4	252.3	137.4	
31.2	108.6	131.4	34.0	86.2	271.6	145.8	58.3	
35.6	20.7	113.7	16.0	36.3	23.1	18.0	15.7	
109.0	33.1	51.6	5.6	85.7	30.7	10.2	16.6	
15.9	62.6	35.4	100.6	69.4	13.5	150.6	83.9	
40.9	84.5	30.8	244.6	23.2	247.0	31.4	179.5	
13.9	32.6	27.8	15.3	24.7	45.0	13.6	82.0	
78.1	41.8	31.9	5.4	13.5	22.6	25.8	15.4	
39.7	76.1	85.2	33.7	52.6	247.4	48.1	55.1	
49.4	57.2	100.6	172.0	48.9	162.5	66.9	46.0	
20.4	46.1	25.8	5.7	48.4	92.2	9.2	50.3	
113.5	80.6	35.2	22.5	81.8	66.9	37.1	11.1	
4.9	3.0	0.9	1.4	7.7	2.6	6.6	6.6	
36.9	26.6	2.6	64.9	14.5	18.9	68.0	47.4	
95.9	228.9	61.1	66.4	12.7	106.5	58.9	55.4	
170.6	26.6	215.3	111.8	44.0	44.5	111.3	59.5	
12.9	7.6	18.8	15.9	9.6	3.7	9.3	31.2	
59.8	64.4	48.0	112.6	153.4	51.3	152.3	36.9	
4.7	78.0	13.1	73.4	77.0	74.7	92.1	64.1	
99.6	95.3	8.1	24.2	50.7	28.4	71.4	16.6	
11.4	13.6	8.0	14.3	7.9	7.6	7.0	11.3	
204.3	370.1	253.0	102.0	41.7	194.2	217.0	117.6	
60.2	37.3	90.9	59.4	77.7	26.6	197.8	151.0	
59.2	159.3	34.2	107.4	119.5	75.8	44.0	46.5	
28.7	14.3	51.1	12.1	8.6	5.4	84.5	17.8	
47.2	25.1	114.5	114.3	172.4	93.9	34.0	97.4	
9.7	2.7	4.8	4.9	5.1	8.8	7.9	29.5	
28.2	27.7	40.1	25.3	118.7	43.1	31.4	9.3	
123.1	172.8	54.5	49.0	115.3	4.6	12.1	133.8	
33.3	37.9	110.2	9.5	45.9	163.3	109.0	95.3	
41.3	49.7	131.7	94.4	35.4	41.4	45.1	7.8	
82.4	273.4	80.6	155.1	113.6	9.6	29.8	10.6	
75.8	280.7	60.7	212.2	78.4	134.0	123.3	482.7	
31.5	45.4	18.3	92.5	118.8	24.5	58.6	229.7	
2.4	23.2	33.6	18.6	13.9	15.4	24.8	7.8	
4.2	6.0	11.8	15.3	15.9	55.3	13.2	20.4	
126.9	82.4	19.0	3.1	46.2	32.8	9.1	39.3	
30.7	28.9	17.6	11.1	46.0	46.7	21.4	8.7	
73.5	27.8	15.4	75.8	55.7	67.9	91.1	41.0	
70.4	44.6	23.4	36.5	17.3	42.0	16.5	32.4	
15.1	34.0	74.9	95.1	195.9	121.2	229.3	304.0	
104.2	125.3	279.5	78.6	47.2	80.5	101.3	89.8	
48.4	21.5	55.5	34.9	85.7	88.3	98.6	118.9	
13.7	29.3	127.7	112.0	197.7	202.7	15.3	140.4	
121.7	90.4	84.9	111.9	92.1	110.1	36.8	166.6	
171.5	57.8	88.7	142.6	13.9	224.6	100.7	54.0	
43.5	71.1	38.3	50.5	68.7	46.2	100.1	97.0	
102.7	130.5	65.0	279.9	13.6	84.9	116.1	37.3	
96.7	25.3	21.4	101.0	88.5	37.7	65.7	229.1	
48.3	87.2	81.1	99.6	48.6	84.3	57.1	173.4	
55.5	29.0	74.0	26.7	94.8	13.3	21.1	57.2	
155.5	70.0	219.9	128.0	281.7	85.5	80.1	285.3	
127.6	52.0	48.0	89.8	53.8	2.0	14.5	129.4	
67.5	6.9	91.9	15.0	60.7	33.6	49.7	33.8	
11.0	25.4	16.0	98.8	10.5	6.4	22.4	12.2	
33.8	15.0	50.4	47.6	105.8	26.2	107.0	28.8	
32.0	70.8	50.3	24.5	102.0	30.0	210.9	139.7	
33.0	77.9	213.3	95.6	36.8	233.5	131.2	19.5	
6.8	73.0	32.6	23.1	10.9	47.8	154.2	55.6	
197.0	188.8	90.5	255.1	2.3	132.4	37.7	12.7	
25.5	95.1	147.0	86.3	139.5	113.0	120.8	298.7	
36.2	18.4	40.2	28.3	17.9	39.4	19.4	40.0	
22.1	24.3	24.6	58.4	20.2	44.0	90.3	30.4	
21.1	274.6	98.1	85.9	12.3	206.1	262.6	239.5	
2.3	2.2	6.9	3.4	2.1	12.2	12.9	12.1	
143.3	45.5	45.1	70.8	41.5	48.6	207.6	124.2	
60.6	80.5	24.4	5.5	41.5	23.0	28.7	78.6	
53.1	68.9	13.5	37.8	144.3	85.2	84.1	35.5	
42.6	76.3	55.7	36.0	28.1	35.2	61.6	97.1	
73.4	20.5	44.8	36.3	158.3	33.1	74.8	55.1	
74.3	34.4	27.6	8.0	19.2	56.9	25.5	10.6	
50.9	6.7	289.5	161.7	49.4	7.7	223.4	151.8	
159.8	31.4	228.7	245.5	228.3	351.0	110.4	313.2	
70.4	12.7	114.7	85.2	13.7	24.2	23.8	27.5	
87.2	126.2	85.1	35.5	158.1	46.6	323.7	118.8	
29.3	22.6	15.7	10.1	23.3	11.0	43.6	13.6	
9.3	55.9	13.7	8.4	21.4	34.0	18.8	24.3	
174.4	44.5	30.4	112.5	90.9	24.9	116.6	133.0	
19.4	38.8	21.1	61.1	46.4	125.5	110.5	25.8	
60.2	94.3	22.0	93.0	17.5	37.0	26.3	45.1	
97.1	120.9	106.6	397.5	52.9	114.3	62.4	39.7	
265.6	81.5	275.4	71.0	65.1	53.7	168.0	26.7	
149.5	40.5	259.5	103.4	87.6	401.0	296.0	39.9	
22.9	93.7	132.3	168.1	15.2	59.1	42.5	59.7	
136.7	288.2	79.4	136.7	110.2	364.4	197.6	48.0	
17.2	21.0	117.4	287.3	116.3	214.8	125.7	109.3	
28.0	44.6	59.2	92.1	17.6	52.9	5.7	44.3	
56.6	29.9	49.4	11.2	25.6	9.3	28.1	66.1	
12.0	21.2	4.4	10.8	46.7	17.5	8.3	33.2	
67.3	88.5	18.6	26.1	28.9	168.3	40.4	29.2	
159.6	11.8	248.9	77.2	56.9	25.5	54.3	256.1	
88.8	85.3	43.3	16.9	99.4	104.5	104.0	117.4	
30.5	69.2	11.2	24.8	9.1	93.1	58.7	92.3	
26.5	67.5	16.8	33.0	48.4	7.8	36.6	20.6	
145.0	97.0	149.9	124.3	94.9	47.9	45.5	134.6	
340.5	145.5	150.8	199.9	84.4	139.2	78.4	69.0	
66.1	266.2	158.9	129.1	54.7	58.8	36.7	108.1	
152.3	53.2	12.0	64.0	64.9	60.1	137.7	163.1	
415.2	221.5	381.7	147.1	143.8	126.4	272.0	85.6	
15.1	11.0	5.2	9.2	6.0	16.5	16.3	5.7	
75.0	44.3	32.4	12.0	3.8	24.8	10.4	58.2	
80.6	38.4	52.5	17.4	57.5	46.9	64.2	161.9	
175.6	77.0	65.2	159.2	48.3	96.5	155.8	132.6	
102.7	2.5	233.2	85.6	99.4	78.8	89.8	60.1	
28.1	68.1	73.9	52.3	90.3	81.3	51.4	21.8	
39.5	27.9	102.9	41.5	43.2	12.5	24.4	159.0	
3.9	5.7	21.8	14.2	23.3	24.9	16.3	14.3	
141.8	557.4	126.1	101.7	187.6	313.7	33.4	184.6	
92.8	117.2	115.5	105.8	63.2	50.1	13.4	27.4	
24.9	52.1	45.4	3.3	83.9	16.5	11.4	70.2	
22.9	60.7	30.8	86.4	34.8	53.0	112.9	40.2	
1.2	10.5	9.7	5.6	2.1	7.1	2.1	3.8	
243.1	8.9	119.2	409.0	233.4	69.3	19.0	49.8	
320.1	64.7	87.0	76.8	37.3	237.0	125.8	270.7	
26.6	70.9	80.7	90.0	18.3	53.2	57.1	63.0	
41.1	18.6	13.0	18.0	2.3	19.6	2.2	8.0	
124.5	185.0	100.7	165.0	98.3	114.7	56.3	402.2	
18.1	52.3	43.2	2.5	44.3	49.1	14.5	49.4	
91.6	41.2	67.9	78.7	48.0	87.4	71.8	84.9	
81.9	110.9	120.0	62.6	128.6	214.9	87.7	262.5	
97.0	144.7	166.4	118.3	310.2	194.4	526.9	215.0	
137.5	60.0	5.0	21.8	71.1	24.8	117.2	11.2	
79.8	39.2	114.3	11.3	37.2	89.3	37.1	57.7	
29.7	7.2	51.5	100.6	6.4	46.1	13.4	37.3	
131.9	85.2	21.3	116.8	211.1	270.7	93.2	116.2	
8.0	74.3	75.0	54.3	15.7	28.5	56.1	52.4	
141.1	269.1	87.1	21.9	338.4	218.4	320.5	258.0	
204.2	105.3	244.7	16.1	60.8	232.6	272.9	466.7	
28.7	53.2	10.6	45.6	73.8	92.2	136.4	48.2	
342.2	104.1	139.6	132.0	291.4	78.0	85.8	65.6	
36.3	142.8	199.9	146.4	280.9	244.6	88.8	98.8	
74.7	43.0	46.0	14.5	39.7	83.6	17.6	88.3	
2.9	17.8	24.1	28.8	57.7	34.6	30.3	12.0	
195.4	47.7	188.0	192.7	56.5	466.6	47.8	47.2	
113.8	29.0	29.9	102.3	144.1	76.9	105.5	15.9	
212.6	71.8	75.1	122.6	127.6	114.7	30.7	176.2	
150.3	101.7	63.6	367.6	150.6	49.2	272.8	266.0	
80.6	48.9	163.9	246.6	170.0	109.3	129.8	85.6	
62.0	68.8	109.4	116.0	34.5	124.0	48.4	62.2	
80.2	151.6	105.5	95.8	63.6	86.4	152.9	88.1	
44.9	109.6	76.3	21.7	38.5	107.3	73.8	84.7	
12.8	61.2	73.3	23.4	48.1	50.3	28.1	10.5	
230.4	28.3	168.4	83.8	76.2	111.2	34.2	60.7	
276.0	409.6	147.3	504.2	378.6	72.0	74.7	115.8	
8.6	52.0	17.9	12.2	28.6	42.6	31.0	30.0	
73.9	96.3	30.4	99.4	34.3	14.2	34.0	67.1	
32.5	13.9	51.0	126.6	109.6	36.1	38.3	99.9	
43.2	84.3	212.2	59.7	88.5	52.5	225.1	163.1	
22.7	57.3	125.5	48.0	87.2	207.5	81.3	18.9	
72.0	57.0	59.2	27.3	22.1	92.1	64.7	93.0	
58.6	21.2	26.7	20.6	31.4	156.6	17.0	25.4	
447.7	397.8	484.9	154.1	166.4	255.5	195.2	42.7	
23.6	24.6	28.3	34.0	22.0	36.8	12.5	14.2	
183.2	82.7	19.5	219.7	82.9	67.9	298.6	131.5	
79.4	62.7	61.8	74.5	42.0	16.0	41.0	73.5	
12.6	184.9	129.2	102.9	97.6	46.3	51.1	83.5	
58.7	23.3	55.5	28.4	29.9	26.6	11.7	7.1	
73.1	25.8	12.0	38.0	193.2	36.6	44.5	18.5	
186.1	125.8	125.4	392.4	162.9	157.4	140.5	66.6	
6.0	130.0	105.5	152.3	34.4	36.3	131.2	49.2	
161.6	45.0	80.1	12.4	11.5	99.6	20.1	111.9	
46.5	22.1	9.0	33.2	36.7	24.6	4.0	28.0	
7.9	3.0	19.9	2.5	1.9	9.1	10.0	4.7	
163.1	153.4	46.8	47.7	17.1	54.8	91.7	102.0	
17.5	26.6	10.2	45.5	5.8	15.9	15.7	28.5	
22.0	4.7	3.1	6.9	3.0	21.5	8.7	4.4	
38.7	93.9	41.9	203.9	132.9	109.1	27.4	50.4	
12.9	11.2	16.7	8.7	4.0	7.2	4.2	2.2	
189.5	75.5	204.5	136.4	153.3	67.8	247.8	188.1	
108.7	75.8	130.6	143.9	107.2	49.1	25.9	50.8	
14.2	93.0	21.6	59.2	30.9	130.0	194.6	66.8	
4.1	4.7	3.9	3.4	6.4	8.2	7.9	3.4	
67.2	39.1	38.6	62.5	48.7	27.2	40.1	48.5	
41.3	39.8	13.5	20.7	63.8	16.8	44.8	24.6	
29.5	141.6	92.0	35.0	35.8	27.3	46.5	26.7	
26.9	34.5	7.0	13.1	22.9	32.6	31.5	21.4	
77.7	54.3	28.0	128.5	87.3	272.2	77.6	71.5	
125.6	252.3	270.0	130.7	364.2	305.2	429.7	220.8	
43.6	22.2	157.1	27.3	43.7	55.3	167.6	78.7	
115.2	44.0	103.3	24.1	221.5	119.8	79.2	143.5	
63.7	33.1	101.4	123.1	299.0	131.3	86.1	61.1	
38.4	87.3	135.0	78.4	59.5	69.1	98.2	61.1	
21.3	5.0	26.0	45.2	26.5	13.1	17.6	32.9	
31.6	97.8	170.1	23.9	84.6	39.5	84.8	29.3	
283.7	46.6	233.6	137.5	156.5	144.1	33.7	247.6	
89.1	94.8	52.6	167.1	68.5	266.5	114.7	82.3	
51.8	35.1	44.1	240.6	116.0	249.5	41.5	10.3	
23.3	18.5	22.3	22.9	4.7	52.6	15.2	25.9	
63.8	160.9	163.6	92.2	84.0	65.6	186.4	25.4	
214.6	240.9	42.2	110.1	17.1	152.1	151.9	131.0	
10.5	169.0	25.7	88.2	233.6	215.3	178.3	81.0	
111.6	145.6	149.0	23.4	11.6	169.5	21.6	361.4	
130.6	19.9	31.6	94.8	539.8	25.8	276.2	63.0	
208.0	301.6	62.3	117.0	147.6	255.0	154.4	123.0	
113.7	110.2	46.3	76.0	45.3	116.2	399.7	81.1	
170.0	82.0	118.6	69.0	94.3	233.4	14.9	272.6	
49.9	31.9	30.9	34.9	5.4	36.0	13.1	17.1	
95.4	16.3	125.3	16.0	101.4	138.3	111.0	71.6	
42.3	45.7	15.3	39.2	14.1	51.3	40.8	11.1	
99.7	8.9	47.0	71.6	14.2	52.6	56.2	142.9	
30.6	250.6	155.3	194.9	21.4	129.8	126.0	287.1	
31.2	30.5	10.6	36.3	31.9	4.3	11.4	20.8	
44.0	300.9	217.4	126.2	145.9	36.5	44.3	316.8	
1.9	5.9	1.0	10.3	28.5	4.2	25.2	7.2	
28.7	20.2	29.6	29.5	8.3	9.0	1.3	50.2	
282.0	72.0	54.5	21.9	54.3	35.1	54.8	161.9	
15.3	52.5	6.3	64.2	20.8	44.2	39.0	15.1	
48.6	112.4	61.8	205.5	67.9	212.2	39.6	140.7	
39.3	39.6	57.4	73.8	141.5	230.8	115.9	30.6	
41.7	60.6	91.3	17.7	26.5	7.6	21.4	38.5	
2.9	39.7	86.3	11.9	28.4	13.7	12.2	28.0	
22.9	8.2	4.6	4.7	9.5	4.5	19.0	3.3	
13.9	12.0	18.6	14.9	41.5	3.7	14.5	16.6	
73.5	161.7	129.6	44.0	143.1	79.4	32.5	83.9	
28.7	66.7	8.7	21.5	45.4	30.5	14.4	95.9	
17.7	45.8	20.1	96.1	89.7	167.4	170.1	39.1	
13.9	26.7	20.5	37.4	27.3	30.5	9.7	16.9	
3.1	59.1	105.6	92.5	343.2	80.5	28.2	11.2	
38.4	19.9	49.9	40.5	29.5	33.6	55.5	34.2	
17.2	2.3	25.0	21.9	17.0	41.6	23.9	27.0	
31.8	1.1	28.0	63.4	28.8	8.1	10.0	24.9	
175.8	261.8	28.4	143.0	60.1	229.1	25.9	183.7	
59.9	22.9	115.4	90.5	40.0	22.8	72.5	37.6	
73.6	20.8	36.1	5.6	19.7	42.4	14.6	19.3	
292.7	291.2	179.7	263.2	108.0	250.4	108.5	142.8	
87.4	105.7	384.7	245.0	66.0	105.6	214.0	167.3	
20.4	95.4	36.6	10.4	37.4	5.0	39.2	60.7	
517.6	151.4	209.7	237.5	82.9	121.8	66.6	290.7	
293.1	65.4	121.4	36.7	30.7	169.1	265.5	131.7	
115.6	12.0	84.5	5.0	39.4	12.5	29.8	36.8	
9.6	14.8	8.5	9.2	9.3	11.5	4.4	7.9	
36.4	38.9	27.6	23.2	9.7	58.8	64.2	34.4	
48.2	177.5	250.6	37.5	95.0	24.2	116.7	150.1	
125.7	19.0	33.5	51.1	33.9	88.0	19.0	64.5	
22.6	88.9	25.8	3.7	2.8	5.3	8.0	73.0	
33.7	87.4	9.8	65.7	28.2	118.8	14.1	20.7	
54.6	24.2	12.3	82.3	32.4	37.3	12.8	27.7	
12.3	8.6	17.7	16.7	11.5	19.9	19.5	39.1	
31.7	111.1	27.8	52.7	50.6	36.3	49.6	14.2	
60.8	140.5	71.9	79.7	9.4	29.8	42.0	42.8	
175.9	29.7	129.5	132.0	111.7	113.3	135.6	114.3	
26.4	11.1	7.2	15.4	13.4	44.1	27.5	10.3	
