10.1	5.4	14.9	43.9	14.2	15.5	4.7	67.1	
70.9	133.0	63.9	122.1	213.8	155.0	59.2	112.1	
65.3	75.6	121.3	13.9	76.4	64.0	150.7	66.2	
21.0	108.9	36.4	231.5	82.8	112.0	79.4	199.5	
179.7	147.8	223.5	262.4	51.4	60.5	60.3	24.3	
78.1	87.7	16.0	47.8	35.5	89.8	10.7	132.8	
57.8	25.5	28.4	46.3	31.1	9.3	14.9	20.9	
146.3	113.9	115.6	120.0	86.2	36.5	326.5	139.9	
132.8	133.7	52.4	175.5	158.2	203.8	164.0	104.6	
14.6	120.3	160.8	169.3	146.8	38.9	48.7	58.1	
201.3	171.2	294.6	234.7	171.7	463.9	149.3	54.5	
70.5	117.8	181.0	3.7	11.3	159.6	104.7	154.2	
42.9	79.5	37.4	138.7	84.0	40.0	105.1	97.1	
16.5	6.2	13.8	6.0	12.7	15.0	5.0	52.5	
19.3	19.6	36.2	69.0	77.0	38.4	5.5	33.3	
22.0	25.8	10.9	5.8	11.3	14.4	7.6	35.3	
30.1	59.4	14.7	29.2	43.2	70.9	2.0	6.1	
92.5	47.3	64.2	21.0	97.8	16.0	244.5	99.5	
18.6	33.0	20.5	102.1	25.8	77.2	75.8	8.0	
131.0	20.1	182.5	209.2	167.3	28.0	202.8	379.5	
13.6	60.2	11.9	32.8	29.9	70.8	20.8	34.6	
83.8	13.2	99.2	42.7	44.7	162.9	50.9	33.7	
18.3	44.6	53.6	38.6	70.9	5.1	23.9	9.9	
13.5	141.8	130.5	13.6	131.3	221.2	82.2	95.3	
19.4	46.8	148.7	32.7	108.5	40.3	34.1	4.9	
13.9	9.8	8.3	18.1	7.8	7.9	28.5	19.1	
171.8	111.5	100.5	130.5	110.8	170.0	63.1	44.7	
14.5	55.5	26.8	43.4	9.8	21.2	73.6	6.2	
31.0	46.8	64.2	139.3	55.0	62.5	23.1	11.9	
47.5	61.5	8.0	34.9	12.8	25.4	47.9	53.1	
22.6	56.9	121.4	18.1	49.7	29.4	61.4	112.5	
293.5	313.3	247.4	129.6	145.2	89.0	112.2	892.0	
47.3	24.2	24.6	57.9	79.5	20.8	56.2	12.1	
17.4	121.2	60.4	51.2	45.1	59.5	60.2	48.6	
10.2	9.0	3.2	9.5	3.4	4.5	3.0	6.9	
24.6	77.0	34.5	81.5	53.3	84.1	25.6	172.8	
44.8	70.2	75.5	34.9	85.2	80.1	53.1	26.1	
290.9	40.7	10.0	89.9	147.1	255.3	23.8	95.9	
88.4	47.9	146.0	96.0	42.4	42.9	100.3	30.9	
48.6	17.0	59.6	73.5	118.7	68.7	75.8	55.8	
38.9	28.0	12.2	36.6	20.5	28.8	9.2	18.1	
271.3	24.3	19.2	323.4	126.2	44.0	78.0	37.7	
146.7	76.0	257.2	77.6	70.8	174.7	233.4	103.6	
36.0	12.7	47.5	28.6	65.4	25.2	29.2	20.3	
71.7	7.7	66.8	71.5	79.9	29.7	112.8	58.4	
69.8	24.5	57.2	31.9	17.6	4.9	42.1	3.7	
325.4	75.3	237.8	160.8	68.1	182.2	362.5	351.2	
412.5	163.7	215.5	140.7	25.7	158.8	20.2	154.6	
58.7	86.1	11.6	58.4	297.7	127.4	34.0	169.5	
7.8	17.7	13.7	32.1	23.2	2.6	10.7	33.6	
78.2	21.0	19.7	59.5	43.0	126.8	19.8	46.2	
4.9	6.0	14.7	76.7	45.2	5.4	9.5	74.8	
182.2	87.5	77.9	34.2	103.8	207.7	60.2	70.7	
94.7	7.4	66.5	119.0	30.1	96.4	68.9	61.9	
167.8	30.8	64.9	190.9	16.8	108.6	226.6	45.5	
36.3	12.6	52.4	7.5	9.3	33.9	35.0	54.4	
78.7	73.7	27.5	43.6	126.3	70.7	99.7	31.0	
29.2	2.9	2.9	33.1	20.7	7.8	20.2	38.6	
50.5	59.5	426.7	194.3	165.7	165.9	449.3	245.0	
51.8	157.1	84.5	128.2	29.4	189.7	221.5	225.5	
53.9	60.8	35.1	39.5	27.9	118.7	25.3	14.8	
21.9	116.8	99.4	7.5	52.1	21.1	34.1	41.3	
49.5	30.2	36.2	13.4	89.5	19.1	57.4	28.1	
5.8	69.2	79.8	382.5	57.7	16.1	31.9	33.7	
219.4	41.0	58.5	219.9	97.0	44.9	141.5	216.5	
260.0	333.8	50.9	285.6	635.0	227.5	470.8	158.8	
28.6	107.1	177.6	81.4	36.8	315.2	282.0	115.6	
19.9	42.8	75.5	150.9	41.5	38.8	16.8	59.7	
35.2	53.5	16.6	64.9	13.5	112.0	59.2	19.6	
57.4	52.9	131.7	38.1	81.9	84.7	17.9	33.9	
37.6	72.6	12.4	11.0	10.6	25.2	36.1	21.4	
55.6	127.3	46.1	245.9	99.9	151.8	29.3	138.0	
93.6	134.4	270.6	27.9	41.8	98.6	44.2	274.6	
3.3	6.6	31.2	29.8	20.2	28.5	4.5	10.6	
194.3	131.7	228.6	189.9	240.7	88.3	590.4	134.7	
20.4	14.0	18.3	18.1	27.1	16.5	35.2	5.1	
8.5	161.3	25.6	36.8	28.2	24.1	39.6	53.2	
270.3	613.3	226.9	83.0	41.7	75.5	269.3	456.0	
97.4	42.3	41.3	33.0	22.3	2.8	125.7	204.5	
12.6	50.9	52.9	35.1	44.5	14.5	4.8	21.2	
37.6	67.4	18.6	26.2	20.2	11.9	28.0	38.4	
90.3	93.8	264.1	50.6	50.4	64.4	123.4	31.7	
93.6	354.5	209.0	45.6	57.7	52.3	118.1	150.1	
270.4	194.9	68.6	114.8	19.7	57.4	221.4	18.5	
57.2	120.3	112.2	19.5	64.1	63.3	102.5	364.7	
14.4	17.6	54.2	14.8	40.2	156.3	57.9	54.9	
71.6	74.2	31.8	176.5	24.3	87.2	21.7	81.1	
38.6	50.9	40.8	11.5	4.5	23.6	25.8	30.7	
37.6	89.6	64.8	97.0	111.6	36.3	121.7	9.8	
59.5	57.2	74.2	67.4	39.0	61.5	89.1	43.9	
126.0	85.5	113.6	42.7	146.4	89.7	193.1	77.3	
474.6	111.0	248.6	350.1	194.6	439.7	201.5	401.0	
7.3	24.3	17.9	30.0	127.0	39.7	48.5	32.9	
34.9	109.2	68.6	113.5	200.9	67.6	142.1	96.1	
21.1	11.7	31.2	33.1	42.2	21.5	68.3	45.6	
23.4	12.0	24.2	22.0	33.2	10.9	21.5	40.8	
21.9	11.0	35.3	14.1	35.8	28.7	19.9	6.2	
58.6	25.6	300.0	146.4	92.6	145.7	82.9	170.0	
666.2	179.6	293.3	103.0	124.0	108.4	311.3	215.4	
56.1	113.8	124.8	33.2	51.9	82.9	16.0	80.8	
32.1	15.3	12.4	20.8	45.2	26.7	13.7	48.0	
87.2	72.0	67.0	82.4	131.6	80.7	42.7	27.2	
43.2	75.5	30.5	11.3	15.0	3.7	32.1	15.2	
133.0	310.5	719.5	154.1	65.2	214.0	105.7	157.3	
90.4	94.9	148.6	298.0	125.9	38.0	163.1	122.6	
223.6	118.5	39.7	198.7	65.4	235.2	170.0	152.9	
149.5	68.8	41.8	98.7	100.1	17.1	33.5	24.5	
132.5	82.7	53.2	15.7	79.6	18.9	41.6	38.3	
91.0	123.0	33.7	252.0	175.8	96.9	41.0	152.6	
20.1	14.1	17.7	12.7	8.6	42.0	0.6	28.9	
125.9	118.3	128.1	64.0	112.6	92.4	277.5	320.3	
882.7	220.7	252.5	64.3	352.7	280.8	130.4	118.4	
45.9	23.4	41.0	21.5	93.1	52.0	22.8	41.2	
11.0	47.7	62.2	45.5	53.5	23.3	3.4	30.5	
76.8	389.1	228.7	129.9	223.7	58.1	93.3	288.2	
98.9	154.6	66.3	25.2	35.7	100.4	134.7	187.8	
118.2	125.0	110.7	148.6	28.1	16.8	102.7	116.4	
31.3	30.4	48.5	21.2	43.7	43.3	8.3	27.8	
25.4	143.4	14.4	71.3	168.8	122.7	7.9	267.8	
41.1	99.5	25.9	113.1	88.2	96.8	49.0	120.3	
241.4	221.0	51.1	93.0	109.6	294.3	342.1	41.1	
69.4	92.3	40.7	24.6	28.3	42.7	38.6	153.2	
103.6	15.5	179.5	39.0	151.0	137.4	100.9	29.2	
86.3	38.3	37.7	43.8	12.7	30.4	14.8	14.5	
59.0	20.7	18.6	23.6	37.6	26.2	32.4	15.6	
182.8	16.2	250.0	61.4	68.2	38.0	181.5	153.7	
2.1	4.2	1.6	3.9	7.5	10.9	6.4	22.8	
54.2	107.3	74.7	86.4	96.1	257.5	131.7	175.5	
18.5	0.3	28.8	70.5	40.4	13.5	26.6	42.4	
34.7	53.8	27.3	76.5	20.9	33.5	24.9	113.9	
36.6	10.2	40.9	96.1	21.7	40.4	46.3	34.8	
20.5	17.3	42.7	21.7	37.9	1.0	9.0	19.0	
50.5	5.3	14.5	15.4	72.2	20.9	22.6	56.3	
26.7	13.7	8.2	136.2	22.2	56.5	97.3	34.2	
1.0	8.7	7.3	2.8	2.2	9.2	9.4	2.3	
69.3	237.9	51.1	39.1	36.0	25.5	20.4	28.7	
184.4	118.7	53.3	166.7	79.5	187.7	101.3	74.4	
197.6	195.5	8.3	180.6	87.7	33.2	125.3	45.1	
9.1	19.3	41.7	6.1	17.1	44.5	59.7	40.8	
27.4	44.3	167.2	137.1	165.5	94.3	106.3	44.8	
26.9	18.5	34.6	33.2	24.6	38.8	21.5	24.2	
50.2	33.4	63.4	14.7	80.8	42.8	135.7	20.0	
31.3	9.9	26.2	11.6	24.3	14.0	21.6	7.1	
17.7	64.9	151.3	116.3	164.7	37.2	361.0	99.3	
17.7	123.9	21.4	79.8	62.8	35.4	44.0	27.0	
11.4	56.6	9.6	61.5	77.9	16.3	5.2	23.6	
37.1	32.0	31.0	50.6	20.9	34.8	36.6	45.2	
177.1	86.0	155.5	75.1	47.6	63.4	273.1	27.7	
26.9	18.1	8.2	17.0	17.6	2.3	7.9	8.4	
117.4	50.5	50.9	144.6	113.1	47.1	46.6	91.7	
19.5	40.4	27.9	25.1	11.4	35.6	5.2	24.8	
97.5	52.2	27.7	26.9	95.0	34.5	13.1	63.3	
11.4	40.2	8.6	33.9	1.7	30.9	55.1	56.4	
71.2	96.6	139.6	28.4	21.2	52.2	10.9	57.4	
4.1	5.6	7.2	6.6	9.9	5.3	3.1	5.4	
370.7	205.9	67.2	254.1	238.2	235.7	92.8	232.7	
47.1	95.2	13.0	48.5	133.0	48.0	169.8	70.6	
59.9	83.0	64.1	75.7	35.7	63.9	105.8	77.4	
59.3	89.6	34.1	288.3	9.6	24.1	48.9	56.0	
5.1	8.7	18.6	15.4	1.9	22.0	22.8	32.5	
16.0	14.0	53.1	12.8	9.9	70.4	27.3	37.2	
26.5	4.3	16.2	23.9	68.8	11.2	45.0	22.9	
14.8	24.6	3.4	16.3	18.4	40.8	13.3	26.2	
15.1	4.5	8.8	22.2	10.7	15.3	7.5	3.0	
7.7	4.4	18.6	4.6	15.8	34.3	4.5	6.1	
34.2	95.9	28.7	45.9	62.5	92.6	14.3	67.5	
49.8	19.4	76.5	38.9	9.1	74.4	51.5	4.3	
80.7	42.1	175.1	23.3	10.6	131.2	79.9	171.6	
54.5	32.1	12.8	110.7	53.0	53.9	107.1	140.5	
74.0	89.8	153.8	72.8	103.0	135.0	29.2	92.9	
83.8	67.8	21.8	88.2	36.3	36.4	65.6	18.0	
39.8	158.5	308.7	125.1	101.0	254.3	345.2	158.7	
11.8	93.6	19.0	17.8	17.0	45.0	17.5	124.1	
14.6	18.6	19.3	11.3	60.3	1.2	8.3	46.2	
18.5	43.5	160.8	34.2	60.4	95.5	19.2	112.2	
138.7	98.5	260.1	40.5	306.3	188.0	173.0	209.3	
34.6	144.3	55.9	32.0	60.7	39.1	154.1	96.1	
3.5	8.9	32.0	5.0	3.4	18.5	14.1	11.6	
154.4	400.3	236.5	146.9	444.1	177.9	151.1	177.9	
191.7	34.8	154.3	292.9	132.8	210.4	293.9	198.9	
1.2	1.1	1.7	1.0	0.6	6.3	3.0	1.5	
10.8	387.7	154.4	89.0	105.9	101.6	1.1	243.1	
34.2	7.3	16.7	12.7	40.8	16.8	19.2	9.5	
65.7	49.8	69.3	37.1	51.3	43.0	19.8	56.1	
73.7	52.7	157.4	93.6	54.8	11.3	25.7	161.6	
5.9	5.1	5.4	9.5	7.1	1.5	5.5	4.9	
6.5	47.9	3.3	48.0	50.9	55.5	60.1	29.1	
198.0	100.2	96.4	117.6	40.2	88.5	80.9	74.2	
10.2	19.6	183.3	87.5	307.4	125.7	61.6	168.7	
98.8	40.7	19.0	21.5	22.0	13.3	152.6	26.5	
12.6	75.0	29.1	135.4	131.3	58.4	49.0	42.7	
278.6	77.3	177.2	99.9	46.4	3.9	29.7	11.5	
36.2	218.8	25.5	25.8	67.7	182.7	50.7	171.9	
25.0	59.7	19.5	89.1	24.1	158.8	30.5	87.2	
106.8	91.5	45.1	10.4	106.0	218.9	124.7	59.9	
94.5	93.3	47.0	115.6	95.8	155.1	112.8	164.9	
24.3	36.7	14.4	39.0	90.3	55.9	61.2	21.2	
176.6	81.2	47.0	32.3	19.5	71.0	62.2	46.6	
237.4	314.7	116.6	165.5	21.3	23.5	166.1	80.3	
189.1	35.8	204.3	133.2	92.5	83.3	150.5	147.5	
30.0	69.3	32.8	102.6	3.4	97.1	192.1	107.1	
19.9	40.1	38.9	14.3	22.9	29.4	69.3	18.6	
48.6	16.0	44.9	45.1	130.5	7.9	72.1	34.3	
72.4	321.8	59.8	54.0	259.5	167.9	70.6	80.7	
181.1	184.8	213.7	98.6	220.7	215.4	352.4	291.1	
11.9	11.7	13.5	7.7	3.1	14.2	39.4	18.6	
108.4	111.1	30.8	68.9	132.5	220.2	159.4	818.3	
84.6	166.1	322.4	48.6	583.1	279.1	351.5	39.2	
270.8	32.8	126.9	273.7	175.8	76.6	40.9	92.7	
40.2	19.4	24.0	118.6	143.0	25.4	70.8	108.5	
74.7	36.3	71.5	0.9	56.5	46.4	93.8	156.3	
159.2	97.5	95.7	102.8	202.2	215.4	133.1	53.7	
79.2	142.7	134.1	142.2	82.6	38.0	38.4	151.3	
104.3	46.7	129.1	57.5	46.5	290.4	38.3	55.6	
328.3	126.4	254.8	50.5	593.0	373.6	587.8	564.2	
51.3	17.7	30.9	95.9	42.5	69.7	51.7	0.5	
136.8	39.3	8.7	59.7	66.3	17.4	26.4	80.7	
83.8	75.0	29.3	21.2	112.6	46.4	44.3	25.9	
108.3	77.3	152.2	110.2	277.2	59.8	187.0	61.1	
91.4	129.1	47.2	56.8	193.3	30.3	93.2	275.6	
13.7	69.3	62.5	2.2	79.2	0.4	58.9	83.8	
85.5	98.2	61.3	63.8	38.4	48.6	77.7	61.8	
12.1	9.1	77.4	14.3	199.1	83.1	13.0	63.9	
25.9	5.1	16.2	62.6	11.8	30.3	29.4	52.6	
20.9	38.0	10.7	84.9	35.9	73.1	5.4	30.8	
69.7	76.9	66.1	7.2	172.6	31.4	107.1	20.2	
178.4	427.1	121.7	32.8	271.7	97.0	249.8	169.4	
175.9	503.9	386.5	389.8	280.1	176.7	229.8	222.7	
47.3	8.8	84.7	23.2	73.4	40.5	20.2	206.4	
87.2	49.9	156.2	210.6	74.0	102.5	233.3	417.3	
62.3	38.9	113.2	42.0	196.8	59.2	171.8	29.3	
37.0	15.4	45.6	29.8	38.2	15.6	19.5	93.3	
17.3	156.9	64.5	353.1	536.4	58.4	52.2	32.1	
60.1	89.9	476.7	86.4	85.7	174.8	139.7	93.3	
4.0	6.5	4.6	2.0	4.0	5.5	6.6	5.3	
439.1	53.4	218.0	234.3	432.6	74.4	28.6	279.5	
8.3	78.5	10.3	29.9	164.5	67.8	199.2	42.5	
64.4	26.3	66.6	35.2	39.4	186.1	136.5	91.4	
25.5	76.3	11.1	27.6	13.6	12.2	15.7	7.9	
80.4	71.8	36.8	81.0	33.6	109.2	58.8	199.4	
10.8	4.9	19.5	9.2	17.6	11.0	10.8	12.7	
48.3	5.3	58.0	49.4	50.5	12.3	49.3	9.4	
85.1	178.2	23.4	47.8	67.3	119.9	77.3	66.0	
7.7	2.0	4.1	32.2	19.6	1.6	25.2	12.8	
19.7	46.8	55.4	80.6	61.3	75.6	22.0	84.7	
17.0	28.4	3.6	16.7	43.2	46.2	41.7	55.7	
266.3	269.7	86.7	138.4	437.7	181.8	349.9	177.2	
6.3	14.0	97.5	20.5	6.8	24.8	19.2	10.5	
57.9	108.3	34.8	8.9	35.8	104.1	104.8	53.5	
131.4	14.2	36.4	61.5	31.6	84.5	38.5	14.3	
6.2	39.4	108.3	95.5	113.6	27.1	97.5	130.8	
366.2	124.8	445.6	440.2	613.5	140.9	449.1	241.8	
14.6	41.0	76.2	64.6	54.4	16.1	14.6	21.5	
19.6	7.7	25.1	10.3	110.2	20.1	45.2	9.2	
46.9	17.7	98.4	73.5	30.7	54.0	102.7	41.3	
110.4	176.3	35.5	18.1	59.0	22.2	194.2	80.3	
106.3	56.1	54.6	79.9	54.6	68.1	13.9	2.6	
226.2	100.3	253.0	184.3	43.8	219.5	162.1	718.4	
8.4	7.9	7.5	24.6	29.3	15.1	17.4	11.6	
11.1	43.3	206.3	21.5	74.4	72.8	72.7	43.8	
53.9	71.8	41.5	86.7	80.0	59.1	118.9	69.8	
57.6	52.0	25.7	92.7	66.4	6.4	26.3	32.6	
161.5	10.0	60.6	43.0	149.9	12.0	87.3	138.6	
55.9	129.9	125.3	71.0	68.8	76.9	65.4	52.7	
365.7	66.3	107.9	153.3	71.5	93.8	138.1	227.9	
111.2	147.9	197.0	289.0	90.6	187.1	118.4	77.5	
16.9	259.5	62.7	57.9	62.7	156.3	28.2	124.3	
42.4	30.4	63.4	44.8	110.6	35.6	20.7	232.1	
145.0	461.0	116.8	108.5	5.6	11.8	92.5	185.2	
56.8	101.9	149.4	71.9	34.1	31.3	49.0	248.1	
28.5	43.7	10.4	14.3	60.7	126.5	44.4	119.8	
42.9	27.7	29.3	49.3	49.7	11.8	24.7	32.2	
32.4	29.2	33.1	57.5	35.1	38.1	127.4	45.3	
4.1	76.3	90.9	90.9	37.0	44.5	47.9	132.2	
106.3	39.8	18.3	40.0	36.4	6.5	29.8	77.7	
245.7	53.8	185.9	73.9	56.8	23.0	30.1	116.0	
6.8	1.7	10.8	4.0	6.0	5.9	2.6	2.0	
50.3	145.3	81.4	214.1	47.8	33.9	78.0	119.3	
7.3	2.1	13.3	20.7	29.4	20.5	24.9	14.2	
44.4	44.3	44.2	61.4	18.6	33.6	84.5	87.7	
45.1	33.6	14.1	35.8	43.6	84.6	129.1	31.4	
164.3	93.3	156.5	190.3	144.6	237.1	96.4	311.5	
128.1	173.4	35.8	132.7	112.1	86.9	22.4	158.3	
107.8	29.4	30.4	38.4	165.5	41.0	26.2	92.1	
166.0	156.9	8.3	33.7	50.6	61.1	39.7	17.7	
18.6	43.6	11.5	66.8	43.9	19.9	17.2	38.5	
165.4	112.5	93.3	110.8	22.6	153.5	156.5	70.4	
55.6	41.6	13.9	35.8	84.2	73.4	26.9	149.0	
22.3	27.3	55.7	73.6	32.1	9.5	29.6	6.9	
85.9	273.6	166.5	184.5	217.1	651.0	188.2	188.5	
22.7	15.7	25.7	25.7	27.4	11.2	47.4	25.9	
109.3	68.5	40.6	183.5	62.3	69.8	57.6	77.9	
413.7	66.5	167.6	220.9	208.6	38.3	177.6	45.7	
52.7	43.8	13.5	68.4	72.1	12.9	33.2	39.1	
25.0	90.8	28.9	141.5	51.0	84.2	160.0	181.5	
208.5	83.4	69.6	84.9	278.5	180.0	222.8	118.1	
259.6	52.3	153.4	193.4	102.0	183.0	49.2	126.0	
198.3	175.7	24.2	86.4	117.5	53.6	81.5	289.9	
144.2	224.3	179.0	188.5	63.1	49.5	132.4	181.0	
12.0	97.8	23.5	36.8	43.3	27.8	31.5	22.0	
389.5	300.6	173.5	371.4	124.4	83.4	407.4	123.7	
5.4	52.4	17.6	32.0	20.6	19.1	15.3	16.8	
20.2	20.0	8.9	56.9	23.4	40.4	14.6	50.8	
507.4	120.7	76.5	188.8	58.4	45.9	91.1	96.1	
54.2	2.6	39.7	61.4	18.0	12.2	50.9	60.3	
47.9	4.9	22.9	38.7	4.4	149.4	89.3	138.7	
162.7	85.9	54.0	129.0	200.0	323.8	287.4	210.2	
1.5	14.2	34.3	70.7	4.7	15.5	62.3	22.2	
28.5	60.8	11.8	40.7	19.4	32.0	60.1	48.3	
12.9	61.5	13.3	44.3	135.1	44.4	26.2	27.6	
156.8	69.5	5.5	52.1	99.2	121.0	235.9	30.4	
120.8	13.2	45.4	99.7	54.1	70.8	76.3	84.7	
26.8	57.7	43.2	77.6	62.8	85.7	109.1	94.3	
9.4	29.9	22.0	28.3	30.3	13.7	49.0	22.5	
286.5	16.7	150.5	353.0	234.6	204.5	63.4	92.9	
4.1	4.7	1.6	29.7	19.1	5.0	15.7	6.8	
48.3	93.5	15.6	70.6	28.7	149.5	136.2	50.9	
45.9	21.0	23.1	50.1	51.0	28.1	38.1	63.6	
101.8	141.4	31.6	32.3	42.0	54.1	33.4	256.9	
20.7	17.8	45.1	91.5	18.6	21.4	19.9	63.2	
39.5	17.3	75.9	119.6	73.3	54.6	155.8	52.5	
24.9	16.9	68.3	104.7	16.5	143.0	47.8	14.9	
195.5	65.6	93.0	121.3	111.6	226.7	415.1	208.9	
118.5	31.3	87.0	564.1	316.3	30.1	80.9	87.4	
22.6	89.5	46.8	65.9	79.2	35.9	17.4	48.1	
240.2	80.0	20.9	21.0	220.6	19.7	156.6	189.6	
251.7	150.0	45.2	441.3	96.3	124.6	1.3	147.3	
93.1	71.2	70.9	217.7	95.3	46.6	94.3	95.7	
1.0	0.4	1.2	3.8	1.6	1.5	1.3	2.7	
161.8	20.3	50.2	161.1	322.6	95.9	83.9	105.2	
54.4	326.7	56.5	257.4	631.2	239.8	134.9	156.3	
78.5	528.0	25.0	630.4	47.0	144.4	299.2	89.4	
105.7	54.6	22.6	91.4	48.1	86.8	32.2	69.6	
44.5	90.5	148.7	178.7	85.3	236.8	105.9	312.3	
10.9	10.8	18.9	34.1	11.3	5.4	16.3	27.8	
21.4	15.4	20.5	29.1	15.0	18.7	25.6	2.3	
10.9	17.3	3.6	35.6	21.7	10.7	33.1	29.5	
32.6	87.6	0.6	26.2	13.1	85.7	20.4	23.4	
22.9	59.0	16.4	62.5	37.8	5.1	41.7	12.3	
16.7	92.3	26.1	39.8	11.5	16.0	31.3	9.1	
100.6	59.2	86.2	288.2	136.9	87.4	34.7	28.9	
42.2	34.4	30.6	61.6	59.6	37.8	13.4	13.2	
80.0	152.0	37.6	246.8	385.5	98.1	266.2	80.6	
75.1	243.2	174.1	226.6	86.6	182.6	87.5	228.1	
15.2	31.5	6.4	60.0	6.6	74.6	100.0	35.8	
192.6	34.1	52.7	162.2	134.4	105.0	91.8	135.3	
42.0	162.0	30.2	69.8	78.7	73.9	74.3	57.9	
6.3	10.2	62.8	62.9	33.9	20.8	22.0	57.9	
211.7	177.8	43.8	86.9	21.8	89.8	77.3	7.1	
65.4	33.8	55.8	123.4	123.0	69.3	37.0	156.4	
82.8	14.8	35.7	53.6	106.3	28.8	57.5	25.6	
33.8	180.0	11.3	117.2	183.2	39.5	117.2	33.9	
65.8	9.0	70.0	259.0	25.2	22.2	22.0	20.3	
46.9	201.7	74.4	275.7	21.2	50.0	136.0	49.3	
4.1	284.8	68.8	157.6	78.1	68.8	159.5	262.4	
14.1	9.5	21.8	31.5	6.5	24.4	26.1	8.3	
20.8	25.6	50.3	118.8	130.6	17.4	33.2	21.3	
73.6	136.5	29.6	195.6	32.4	147.4	128.4	99.2	
85.6	21.7	5.3	57.9	17.0	143.6	145.0	44.6	
307.6	130.1	51.0	166.0	119.9	75.9	157.1	16.0	
80.8	78.5	37.3	99.0	79.8	19.2	138.8	72.5	
109.0	12.8	9.4	41.3	14.6	40.7	56.8	91.2	
63.3	121.7	80.0	220.8	25.2	118.1	60.8	74.9	
6.1	13.8	15.6	55.9	35.7	29.1	42.5	1.9	
10.1	28.1	9.9	27.2	5.5	58.4	38.4	19.3	
8.5	12.6	4.7	14.4	45.0	13.7	21.9	60.3	
128.7	102.3	135.7	346.4	101.8	57.6	48.9	58.9	
56.7	13.4	28.6	52.6	98.7	58.3	115.0	17.8	
49.4	99.5	40.6	161.9	124.9	51.4	38.2	27.5	
23.3	5.0	23.2	73.3	49.7	22.5	9.1	17.8	
851.0	249.3	97.2	248.5	287.0	305.2	268.1	292.3	
136.8	35.6	11.8	34.5	18.4	82.1	49.4	10.1	
120.5	226.0	35.2	163.4	152.0	194.5	104.8	104.5	
16.4	9.1	3.6	6.6	9.0	18.5	8.1	28.4	
70.7	39.8	45.4	66.2	70.3	96.7	60.0	42.8	
50.7	57.4	52.5	123.0	99.6	103.5	89.3	10.6	
109.9	126.1	46.7	80.1	170.5	14.8	61.0	44.0	
54.1	5.3	77.7	181.0	25.0	27.8	58.6	46.4	
38.3	388.5	61.8	94.4	243.8	187.0	335.4	64.8	
144.3	300.3	24.1	260.9	118.2	156.4	59.2	231.0	
234.1	98.6	88.5	112.1	89.8	359.9	30.0	359.4	
28.8	17.1	9.1	80.5	13.5	45.0	47.4	63.4	
51.6	33.4	15.6	32.7	45.7	46.7	27.2	14.6	
55.3	288.8	143.0	311.1	130.3	355.4	205.8	310.7	
17.8	29.2	37.5	51.5	103.5	87.5	60.4	32.9	
53.1	103.8	22.3	26.7	74.1	57.5	262.5	21.3	
90.8	78.5	61.0	167.0	41.4	35.6	155.0	172.8	
5.8	43.1	2.7	7.1	4.9	11.5	6.7	2.9	
14.6	18.8	63.3	67.7	45.6	34.0	114.4	114.3	
154.0	76.8	124.7	258.0	316.0	48.3	156.5	232.9	
54.0	21.2	78.3	221.1	3.7	129.4	223.4	223.2	
98.2	22.2	62.9	68.6	160.5	81.1	258.0	85.7	
19.7	53.6	116.2	143.1	176.9	245.1	47.9	115.0	
124.0	49.7	35.0	257.8	41.0	80.9	91.2	151.8	
40.1	42.9	39.1	195.0	121.4	24.2	88.7	143.8	
38.1	38.9	18.1	30.0	62.6	44.6	38.0	41.8	
19.2	14.7	2.3	5.1	7.3	4.1	45.8	9.9	
312.8	25.7	13.5	83.9	32.1	14.7	62.6	151.6	
85.3	3.8	30.8	44.3	20.8	43.1	113.7	73.7	
39.1	22.2	11.1	17.9	2.8	39.1	26.4	28.8	
9.9	31.1	85.5	92.1	69.4	26.0	88.6	28.8	
15.6	10.2	14.3	47.7	9.0	44.8	33.1	8.9	
97.6	7.8	11.3	82.3	32.6	111.0	68.6	12.8	
75.5	14.5	50.7	192.9	158.7	150.9	72.7	54.9	
201.4	80.8	41.5	84.7	49.3	562.8	210.9	163.1	
45.0	28.3	56.5	69.3	165.6	156.1	77.0	20.9	
16.2	26.2	7.2	10.7	4.1	10.8	6.4	10.0	
19.0	59.8	32.7	64.4	34.2	15.8	61.9	7.7	
44.6	61.4	133.5	173.9	72.2	49.0	161.2	67.9	
113.8	91.4	103.4	207.5	146.9	27.8	49.3	377.6	
301.2	111.8	134.3	175.5	140.9	170.7	136.7	180.2	
25.2	69.7	27.6	56.3	26.0	28.1	24.9	11.2	
24.7	99.4	21.9	36.7	38.4	24.5	90.4	29.3	
247.9	51.3	167.1	222.2	116.5	139.3	320.1	64.0	
130.9	193.0	125.4	140.9	162.0	379.5	45.0	47.0	
125.5	164.2	103.6	131.2	141.8	125.7	15.7	17.1	
58.3	94.5	28.7	55.1	150.4	103.0	180.0	69.9	
83.1	5.5	162.0	267.9	81.5	49.3	256.6	105.6	
27.3	27.0	45.1	56.9	238.9	179.5	36.8	47.3	
106.9	60.1	95.6	190.3	24.7	102.7	69.5	41.8	
15.2	7.2	4.2	15.2	7.6	5.5	2.8	9.2	
158.1	234.2	72.9	107.8	533.8	190.4	501.8	394.0	
102.8	95.2	33.2	67.1	30.5	82.1	68.9	90.3	
107.7	26.3	76.9	94.0	46.3	26.4	9.9	73.3	
12.3	25.5	19.3	29.0	20.5	44.3	21.3	23.7	
125.0	56.7	13.2	56.5	123.5	43.0	22.9	57.7	
23.2	31.4	11.8	43.9	17.8	44.1	18.8	181.7	
112.8	95.5	90.3	359.1	771.3	367.3	92.1	465.0	
18.3	72.2	10.9	12.3	89.0	40.1	67.3	44.7	
26.4	79.5	16.2	116.7	16.0	22.5	55.5	29.8	
47.4	64.6	17.9	28.4	90.4	102.6	98.1	71.7	
2.9	18.9	15.4	55.3	10.6	144.5	42.5	60.3	
129.4	62.7	30.0	84.2	162.5	45.6	63.8	12.6	
24.9	31.6	1.6	17.9	31.1	18.9	67.8	3.8	
22.9	8.5	9.0	18.6	15.4	29.6	3.3	6.5	
42.8	90.2	23.5	48.8	14.1	42.9	56.0	151.5	
64.9	186.5	32.1	42.7	16.3	182.4	159.7	115.8	
34.2	35.3	27.0	39.6	16.9	22.9	8.7	30.5	
37.1	113.2	41.2	71.3	92.5	59.6	174.7	19.2	
9.8	6.5	14.9	44.2	6.6	46.5	106.3	13.0	
23.9	65.9	46.3	62.6	37.6	16.6	80.1	8.4	
5.4	98.5	21.8	64.3	20.8	13.9	35.9	75.9	
39.1	43.1	104.5	221.9	7.3	29.4	164.9	94.5	
25.6	48.3	24.8	64.3	32.2	181.3	64.3	16.0	
22.9	13.2	29.5	45.0	62.7	6.5	65.0	8.9	
27.5	130.0	57.9	60.2	47.9	17.9	80.5	93.4	
570.0	100.0	173.2	265.2	92.0	232.9	221.0	273.6	
33.5	31.7	18.2	32.6	24.7	17.6	29.1	20.7	
14.8	41.5	1.0	37.2	5.9	7.0	30.0	18.7	
56.5	29.1	5.0	22.8	6.7	24.3	6.6	9.2	
113.1	124.9	159.4	289.9	96.0	147.9	155.9	46.4	
26.1	45.6	31.7	109.5	120.0	89.2	85.8	70.4	
67.5	218.7	53.8	71.8	141.0	77.0	294.6	101.9	
374.2	375.8	123.0	179.6	380.1	81.4	122.2	575.9	
63.5	52.2	55.7	86.6	116.0	29.9	68.1	120.6	
261.5	98.1	97.3	449.1	47.4	118.6	56.2	81.9	
210.4	56.4	43.0	141.5	76.9	118.0	603.0	35.2	
274.5	129.2	130.5	163.3	90.2	68.2	86.0	48.0	
67.7	125.3	37.4	90.3	360.8	121.8	159.5	84.8	
18.5	13.8	15.3	29.2	13.3	16.5	73.0	6.9	
11.9	11.0	21.0	62.7	12.0	16.4	1.7	23.2	
199.0	121.8	30.2	50.1	197.0	169.6	264.8	206.6	
142.6	319.4	198.4	293.0	198.2	210.1	642.1	129.2	
112.4	36.7	64.5	76.3	69.7	21.8	48.2	16.8	
158.9	36.3	92.4	178.4	77.1	30.9	176.2	342.0	
156.1	123.4	79.2	121.8	62.4	50.1	36.8	83.3	
88.4	71.7	22.5	24.5	44.9	29.6	99.8	137.6	
131.6	3.3	33.9	113.2	83.5	33.3	122.8	14.6	
2.6	76.3	14.6	50.0	7.4	43.8	31.2	32.0	
94.5	21.5	193.0	331.5	304.1	59.3	145.6	79.9	
48.4	14.2	6.2	7.7	12.5	55.5	40.2	15.0	
8.6	23.3	13.8	36.6	22.9	18.6	35.5	12.3	
16.0	28.1	70.5	390.3	11.1	123.3	62.2	135.9	
108.6	47.6	57.8	128.6	210.7	59.3	103.8	92.0	
94.9	187.3	110.3	127.2	35.8	11.4	26.9	24.4	
24.6	28.6	32.3	100.1	23.5	89.2	103.1	150.7	
90.6	27.5	34.3	51.2	83.8	45.8	52.1	100.1	
25.0	6.9	23.2	42.6	36.7	11.6	18.0	21.9	
55.2	68.0	33.9	117.4	158.2	28.3	78.3	206.9	
102.4	37.9	89.4	92.5	133.6	153.9	53.1	36.5	
13.9	37.2	50.6	116.4	29.4	34.4	98.5	74.1	
196.7	92.6	21.9	68.3	59.4	212.7	96.3	282.7	
141.6	76.0	82.4	86.3	30.7	312.5	241.6	252.7	
35.6	181.9	87.9	160.2	364.3	238.8	201.1	264.7	
310.0	48.5	112.1	256.2	284.9	109.4	19.3	234.1	
35.6	160.6	55.7	185.2	58.2	30.0	36.8	98.5	
416.1	72.7	61.1	83.3	254.9	189.9	72.3	240.8	
33.0	9.2	1.3	35.4	27.1	59.0	40.6	42.6	
11.3	10.0	166.2	390.4	146.6	31.3	55.1	79.4	
50.5	184.3	166.2	435.8	64.1	127.9	219.4	261.8	
5.2	70.5	15.3	37.2	27.0	28.7	15.9	52.3	
69.1	41.0	17.8	111.6	76.9	29.6	39.6	127.7	
1.2	8.8	3.6	4.7	5.6	3.4	4.7	1.3	
84.7	50.5	11.2	31.0	19.5	18.5	30.0	62.8	
2.5	11.6	17.9	81.0	53.7	53.8	83.2	72.9	
35.2	22.3	8.0	15.1	66.8	31.8	35.5	54.8	
5.1	1.9	3.4	5.7	5.7	9.6	6.9	6.2	
56.9	36.8	15.1	54.7	65.9	81.4	84.1	68.0	
246.9	154.0	94.1	109.4	27.7	102.7	64.6	199.8	
57.1	65.6	7.4	52.4	122.1	54.4	173.8	161.4	
15.7	163.3	52.0	102.2	43.4	78.0	95.6	133.5	
115.4	195.4	157.6	287.1	190.6	13.0	128.8	298.0	
35.6	44.7	14.6	193.8	203.2	126.0	79.0	105.3	
44.4	62.5	6.4	57.2	77.2	47.6	16.9	298.6	
49.9	46.4	2.2	9.2	43.6	84.5	72.7	53.0	
19.4	26.2	80.6	86.9	73.0	170.2	32.8	98.2	
160.8	69.3	59.1	107.8	2.8	58.5	76.4	49.4	
92.6	29.5	4.7	62.7	14.5	34.6	16.2	63.2	
47.9	23.0	19.9	60.3	160.2	66.1	39.4	88.3	
69.8	99.9	22.4	78.2	29.2	112.3	41.8	109.9	
63.0	26.1	28.1	96.6	103.3	31.4	31.8	45.4	
145.7	397.4	40.1	43.9	67.3	23.5	46.8	8.6	
61.9	96.9	39.6	43.9	86.5	25.5	58.7	89.5	
50.3	68.9	12.6	49.5	57.4	97.6	107.4	13.4	
55.3	12.2	2.1	15.1	34.7	6.2	15.3	49.5	
132.9	9.5	38.9	47.8	13.4	8.9	62.9	34.3	
166.9	83.8	30.2	109.4	78.5	187.8	38.8	63.3	
86.2	54.8	80.2	187.9	20.0	39.3	76.4	158.2	
86.2	81.5	46.2	85.5	112.4	105.5	167.6	73.0	
135.4	19.7	90.1	94.3	155.5	8.6	58.0	38.3	
176.5	102.4	57.0	143.3	124.7	238.1	179.6	242.5	
70.8	56.7	73.8	104.2	77.2	12.6	67.0	104.1	
254.3	134.1	71.8	78.2	22.8	99.6	87.1	20.1	
41.3	25.7	28.0	56.7	74.0	64.3	28.1	65.7	
16.5	31.6	12.7	46.0	77.2	23.6	23.0	14.0	
87.6	96.8	74.9	113.8	50.6	74.7	43.3	36.2	
173.7	132.7	104.0	168.1	98.6	102.4	148.9	188.0	
4.5	9.3	8.5	48.3	19.3	13.6	3.8	33.8	
66.3	69.4	54.6	227.9	51.9	70.5	145.9	118.3	
124.1	26.7	34.3	129.9	9.5	43.0	40.2	44.6	
18.5	18.7	5.7	8.3	18.1	32.4	2.6	5.2	
9.9	36.3	16.6	19.0	38.7	7.8	17.2	31.1	
19.7	8.4	5.1	65.9	5.2	18.7	6.1	18.6	
90.3	13.7	59.9	101.8	20.1	95.2	42.1	27.5	
49.7	24.7	30.0	42.1	43.7	150.7	92.6	53.3	
13.8	14.6	24.3	120.5	62.8	88.4	13.8	33.2	
261.6	207.5	124.2	652.1	107.4	562.0	409.1	221.6	
86.3	26.6	23.6	56.8	24.7	42.5	64.6	49.6	
53.8	27.4	24.4	100.1	32.8	76.8	32.6	155.1	
12.6	95.3	41.1	90.2	96.0	23.7	140.6	27.4	
95.4	174.5	113.9	116.2	137.0	190.8	104.0	278.1	
55.1	93.8	46.4	123.8	84.0	153.4	38.1	56.0	
8.0	10.0	12.1	45.2	7.3	18.7	3.5	4.4	
191.5	121.0	224.3	261.1	406.1	64.3	340.9	174.4	
35.9	61.2	15.2	15.0	30.4	48.5	23.3	27.0	
31.6	28.3	9.6	29.4	48.3	13.8	16.0	8.3	
89.2	138.3	40.7	109.6	51.3	101.0	76.5	240.2	
416.9	126.8	178.6	247.3	180.2	100.7	192.0	56.3	
23.8	36.1	11.3	24.9	45.7	39.8	37.9	30.6	
225.0	178.8	91.5	98.8	50.8	92.8	215.7	39.1	
71.3	14.3	21.5	66.3	11.0	49.9	25.3	28.6	
12.4	11.8	19.5	47.6	55.9	70.3	75.4	25.4	
59.0	139.3	79.3	99.8	19.6	91.7	23.9	69.9	
37.8	10.5	22.2	90.6	33.3	62.3	7.2	147.6	
22.1	35.5	26.3	56.8	10.0	55.0	15.4	43.2	
220.6	435.4	77.6	232.9	69.9	122.2	143.0	56.4	
34.6	24.6	37.2	275.4	108.8	48.8	140.3	209.2	
64.8	31.0	143.3	20.9	18.4	103.0	23.1	93.9	
49.5	3.4	26.3	37.3	37.9	8.3	22.1	84.2	
58.7	30.1	57.3	315.6	9.2	29.8	18.5	81.4	
1.8	9.7	15.9	11.5	18.0	5.9	6.8	10.9	
33.4	286.6	123.6	185.2	119.0	39.9	232.2	79.0	
4.3	21.4	2.1	14.4	8.4	35.5	14.7	23.2	
461.2	229.4	569.8	32.6	544.3	138.4	410.0	552.2	
6.8	2.7	17.2	2.1	8.4	11.7	18.3	12.4	
62.4	95.7	107.0	49.5	111.1	38.0	89.4	53.0	
22.9	31.0	124.9	21.9	39.7	77.9	46.9	27.2	
56.3	53.6	27.9	56.9	130.2	160.4	93.1	108.3	
7.5	37.0	21.3	43.2	18.8	22.2	27.0	30.2	
9.8	11.0	45.5	45.5	64.4	35.1	65.7	9.0	
362.2	566.6	161.3	441.6	281.9	18.2	79.0	99.1	
93.2	55.9	134.4	11.4	151.0	125.7	162.2	201.9	
139.4	84.6	143.6	197.0	74.4	509.7	246.5	172.5	
59.4	72.0	85.6	57.3	2.8	21.9	15.6	92.6	
66.2	66.2	37.6	79.8	78.5	58.3	13.1	62.7	
41.6	83.6	7.2	20.9	28.6	36.5	77.0	104.3	
132.4	89.5	59.7	80.4	63.1	28.0	8.3	90.0	
58.3	118.5	9.6	48.5	53.8	22.1	3.2	96.1	
85.8	101.8	10.1	23.6	66.8	10.9	58.0	123.9	
35.5	83.3	36.2	44.6	40.1	58.7	16.4	29.2	
66.7	56.8	161.9	58.2	103.4	57.2	30.4	96.8	
12.9	29.8	43.2	64.1	10.3	10.4	64.6	44.7	
65.0	35.4	87.5	18.3	49.9	68.5	14.6	106.3	
145.1	218.3	134.2	187.2	43.9	30.5	103.8	45.3	
25.1	45.2	5.7	29.7	36.8	31.6	24.8	19.8	
124.6	36.8	121.3	147.4	102.7	149.0	131.8	5.3	
37.8	77.2	132.0	159.6	33.4	116.7	75.6	61.4	
8.3	42.1	40.1	50.8	137.1	78.3	18.8	16.4	
22.9	60.1	32.0	38.8	31.5	21.1	13.1	35.4	
88.2	186.5	72.3	122.6	48.5	324.1	203.0	40.6	
43.6	18.2	20.4	23.9	7.8	21.3	56.1	45.4	
50.2	204.8	111.2	61.9	231.5	63.2	143.5	135.6	
18.9	20.5	10.5	29.4	12.3	13.9	36.1	23.2	
156.3	48.8	11.3	123.7	112.6	46.4	222.3	73.2	
81.5	126.2	112.0	100.1	22.1	157.0	150.2	61.2	
2.5	36.0	5.1	13.7	6.0	11.8	5.2	6.5	
65.9	23.3	121.0	114.3	28.0	46.3	133.3	184.2	
60.8	21.2	8.0	32.0	43.6	12.3	4.2	23.2	
15.8	64.1	34.9	105.1	102.3	160.1	30.9	68.4	
104.6	27.1	99.9	74.8	70.4	71.3	46.4	15.6	
25.9	10.6	38.3	122.6	194.0	48.5	185.3	30.4	
43.4	57.0	16.3	39.4	25.1	28.2	42.3	60.8	
31.2	113.5	21.1	19.7	34.2	39.7	18.0	52.9	
221.9	65.0	98.9	194.7	64.6	384.0	584.2	106.1	
57.9	219.2	194.7	58.7	104.9	305.1	139.6	62.1	
49.0	4.2	26.1	28.9	37.5	24.2	64.5	26.1	
310.5	189.0	442.5	39.6	7.5	26.5	115.1	170.9	
68.5	40.3	43.3	49.2	111.5	100.2	137.6	125.0	
91.8	55.0	185.8	367.9	77.1	283.8	54.1	136.7	
16.9	24.6	19.6	0.2	4.0	14.1	8.6	22.7	
77.0	102.3	82.4	49.2	101.8	101.7	18.8	151.9	
106.3	120.2	64.9	42.3	27.4	59.8	61.1	131.6	
22.2	23.2	14.2	25.9	38.3	5.2	13.4	32.5	
47.6	311.1	707.1	180.0	195.9	143.7	156.5	113.0	
12.3	40.6	42.2	73.5	30.2	5.9	1.4	11.6	
99.3	66.0	42.9	127.1	46.9	12.6	32.8	55.0	
8.4	30.8	19.7	46.7	43.4	50.2	61.8	45.7	
99.5	39.0	79.5	44.6	28.5	39.7	65.4	26.4	
26.7	221.0	77.9	26.5	26.5	37.1	71.9	57.8	
139.4	247.6	263.2	127.9	110.1	150.8	12.1	41.6	
65.3	78.4	117.2	8.3	54.4	29.7	70.2	81.6	
16.8	11.6	22.5	13.9	20.8	8.3	30.7	20.8	
126.0	120.1	82.5	117.3	207.1	63.7	86.0	35.2	
199.4	195.4	220.4	62.5	66.4	115.4	84.2	207.8	
14.2	9.4	144.7	51.3	50.2	26.3	56.7	36.7	
69.4	36.9	30.3	62.0	34.4	70.7	70.7	122.4	
39.2	18.4	12.6	26.3	34.5	17.9	64.1	76.4	
11.7	58.1	9.1	52.7	76.2	67.5	69.1	167.0	
8.0	304.9	36.7	90.6	88.1	124.5	258.4	141.4	
227.9	46.5	19.7	75.1	414.7	84.1	84.3	471.6	
75.6	28.5	69.8	53.3	180.9	72.3	63.2	184.2	
47.9	9.9	11.3	49.7	64.1	65.9	22.2	18.1	
179.5	77.9	208.5	29.4	126.5	144.9	32.9	61.0	
4.8	45.2	86.6	76.7	56.4	54.1	87.2	142.9	
35.5	59.7	119.5	25.7	82.3	9.1	78.9	41.0	
24.6	31.7	54.9	51.3	15.8	24.0	46.4	46.2	
278.5	107.8	367.7	81.9	188.5	586.4	451.4	174.8	
55.9	59.3	35.4	46.8	19.6	69.1	242.8	53.2	
107.1	162.5	429.0	243.8	22.8	162.8	86.6	99.1	
171.1	32.0	89.1	60.5	138.3	162.6	181.3	44.9	
130.1	82.4	25.3	53.4	164.4	17.7	79.7	76.1	
32.5	42.4	30.5	9.8	47.9	68.8	30.4	60.8	
63.9	119.1	102.3	153.8	154.5	70.1	138.2	173.9	
150.9	73.5	20.9	169.3	153.7	182.6	22.7	69.9	
31.9	15.4	23.4	35.1	15.7	19.0	26.8	67.8	
296.3	116.7	161.8	86.3	28.5	149.4	50.8	93.6	
81.5	102.3	111.0	141.8	28.2	140.2	54.0	106.6	
21.7	19.4	10.3	26.8	17.2	11.1	52.1	10.3	
18.2	14.6	37.2	21.3	14.2	34.7	38.7	12.9	
134.8	79.9	208.3	249.4	56.4	18.4	164.7	144.4	
199.4	118.3	78.6	288.2	290.2	136.1	200.3	179.8	
246.1	56.7	74.8	194.8	41.9	66.5	46.4	289.6	
10.8	9.7	9.0	38.4	37.4	10.5	8.2	41.7	
16.0	10.1	17.0	5.9	7.5	33.4	12.1	28.7	
31.6	3.7	27.8	43.1	38.1	7.7	36.4	12.6	
34.1	12.7	205.8	98.6	99.1	24.8	100.8	42.3	
76.8	17.3	22.6	14.7	51.2	55.7	58.4	66.2	
3.8	13.9	44.0	7.9	2.4	22.0	4.7	18.1	
165.5	92.7	197.3	135.3	90.8	28.9	93.6	53.9	
10.1	17.0	88.9	77.5	22.8	36.3	27.1	21.5	
109.8	279.2	306.3	229.7	297.0	843.9	384.8	150.2	
66.7	17.6	54.7	86.2	89.8	72.8	48.0	22.3	
86.5	288.2	26.4	29.2	45.1	156.9	73.4	61.4	
70.0	122.2	176.6	142.6	70.6	76.1	110.9	38.6	
20.7	12.1	53.5	17.1	16.3	84.8	32.1	15.6	
22.6	7.1	36.6	38.9	22.1	33.2	14.7	8.4	
51.7	118.6	24.4	94.5	28.7	63.9	107.1	49.8	
147.7	229.6	113.3	194.6	39.7	129.1	71.5	126.3	
68.2	122.3	30.2	113.9	133.8	70.5	60.0	58.3	
11.5	35.5	9.8	20.8	34.9	18.4	9.9	52.8	
163.1	107.0	62.2	12.0	3.0	41.0	91.6	104.5	
89.0	161.5	225.8	341.6	149.5	324.6	198.1	109.8	
60.3	81.6	328.0	80.3	91.4	420.3	196.1	131.3	
23.8	83.1	80.5	55.7	64.2	165.0	72.8	49.1	
20.2	10.8	31.7	42.3	21.5	5.5	36.9	10.1	
56.4	33.7	56.3	124.3	10.4	18.7	55.7	46.1	
45.7	51.1	71.1	48.4	41.6	38.4	21.7	58.0	
208.8	39.5	64.5	201.8	32.3	106.0	91.1	148.5	
81.5	135.6	90.5	175.4	181.7	42.5	307.8	103.1	
125.7	110.3	30.0	74.9	118.0	205.3	157.0	102.7	
112.8	20.9	95.1	180.9	193.2	100.0	203.8	81.0	
5.4	31.2	14.6	17.7	25.6	37.7	13.5	9.6	
33.4	67.8	30.1	107.1	100.4	66.2	93.5	176.2	
13.3	27.2	12.7	5.2	9.5	7.6	17.2	17.5	
1.3	0.7	1.3	7.8	2.9	0.9	1.6	4.0	
190.0	56.5	123.2	64.6	162.5	50.2	53.6	153.0	
68.4	7.8	12.2	80.9	25.9	68.0	23.2	29.6	
29.6	22.3	128.6	118.7	256.7	126.3	72.0	61.4	
68.3	117.4	85.3	41.5	37.1	53.7	52.0	67.0	
4.4	44.7	83.2	30.2	4.4	160.1	59.2	91.0	
20.9	40.8	30.7	18.7	9.4	32.7	30.9	28.1	
30.1	57.6	118.9	24.8	36.5	5.1	31.6	43.8	
129.7	126.6	284.1	63.4	475.0	288.5	127.1	81.0	
22.7	4.3	31.6	18.3	86.9	41.2	24.3	17.8	
10.3	10.9	33.1	41.1	21.9	18.4	10.9	18.7	
94.3	256.5	111.4	39.8	22.1	53.0	194.8	4.5	
86.3	136.5	138.3	69.1	35.0	93.8	196.3	99.7	
38.3	60.2	30.1	75.3	75.4	21.4	31.9	49.1	
35.5	26.0	124.1	87.6	36.2	144.1	108.4	73.6	
230.4	199.9	295.7	183.9	196.8	130.7	430.6	212.3	
55.9	80.5	26.1	26.5	38.5	70.7	43.6	52.4	
181.8	47.2	84.5	119.6	40.5	85.7	82.7	153.6	
104.6	61.2	24.4	29.8	20.7	96.9	61.6	163.9	
110.0	131.6	273.0	58.7	299.8	71.3	320.4	299.2	
207.2	216.1	216.3	107.8	207.0	182.5	102.6	786.1	
41.3	169.9	33.3	227.9	49.9	49.9	131.2	252.7	
12.3	37.4	36.1	120.5	66.6	164.7	29.6	166.8	
16.7	57.6	44.9	31.4	125.6	66.8	8.4	9.4	
29.5	12.2	39.4	5.8	70.2	18.2	3.0	8.1	
7.7	9.2	14.1	10.1	16.0	17.1	4.7	7.6	
42.1	55.4	36.7	20.5	14.8	42.9	35.2	54.0	
13.0	14.6	30.6	19.6	11.1	41.8	16.0	25.2	
23.2	14.6	186.0	74.9	131.1	18.5	38.8	47.4	
36.5	17.5	10.8	23.8	35.8	33.7	59.2	59.0	
202.1	48.9	129.9	162.6	73.4	161.2	106.4	241.7	
49.7	101.5	43.6	205.5	67.9	51.9	51.6	12.7	
34.7	36.0	31.6	54.0	179.9	109.8	38.3	75.7	
43.0	72.3	138.4	124.5	32.3	181.6	40.7	78.4	
195.2	104.4	96.9	83.4	137.8	247.1	207.4	24.8	
31.7	21.6	10.2	63.5	81.3	64.7	48.1	68.0	
130.7	72.3	55.7	244.5	26.9	197.3	245.9	65.0	
9.9	13.6	6.1	11.5	3.2	17.4	21.9	14.1	
2.3	5.3	9.7	12.5	30.5	18.1	3.6	16.4	
128.2	106.2	111.1	17.8	35.3	49.1	43.3	44.8	
100.7	219.2	126.7	113.1	162.2	194.5	248.6	293.2	
48.7	145.1	135.3	120.8	83.1	32.8	49.2	91.4	
145.4	31.6	128.3	70.9	55.4	156.0	419.5	66.2	
33.9	43.1	56.2	59.6	52.7	281.5	37.4	48.5	
71.2	13.4	76.3	45.1	4.6	22.2	32.5	111.8	
209.7	144.9	113.2	114.2	121.2	330.1	424.8	116.2	
44.8	22.2	41.7	63.4	39.1	52.9	26.4	86.6	
116.6	65.3	81.8	26.4	170.0	45.6	38.9	48.4	
93.9	52.2	177.0	29.9	22.3	48.0	83.2	21.2	
58.8	13.5	25.1	21.7	16.1	17.9	30.5	4.9	
2.4	12.7	14.0	15.6	31.5	6.9	2.0	12.1	
62.7	36.9	178.1	113.8	139.7	64.4	28.6	69.1	
157.4	329.0	155.6	64.3	197.3	137.7	218.9	190.2	
227.9	87.2	44.3	34.6	39.0	17.3	53.8	152.5	
119.6	77.8	104.2	129.4	52.9	129.7	26.2	113.1	
214.1	58.2	137.9	416.7	64.1	365.1	25.0	392.4	
44.9	68.4	26.8	182.1	24.4	387.7	29.4	97.0	
12.9	26.6	110.3	21.6	31.3	15.0	49.0	54.4	
27.2	26.2	19.1	18.4	5.7	18.7	72.3	26.6	
60.9	126.5	53.1	76.9	78.3	88.0	27.6	23.2	
50.7	219.4	134.8	43.6	173.4	125.4	178.4	22.3	
7.5	9.6	4.3	19.3	35.4	10.4	19.8	11.0	
20.5	15.3	13.4	5.1	13.5	29.5	12.7	27.0	
68.8	33.9	140.8	22.3	20.2	32.2	65.0	24.8	
44.3	14.5	26.1	57.3	23.3	48.0	16.8	52.2	
216.5	122.4	163.0	46.7	163.6	7.4	108.7	46.7	
0.9	53.2	28.9	32.0	21.6	294.6	68.4	132.3	
23.8	45.7	9.2	9.7	18.7	50.8	8.9	13.1	
30.8	98.8	280.7	122.6	131.8	144.2	75.2	115.6	
26.1	59.1	54.5	36.5	100.8	50.0	41.8	34.7	
70.1	104.4	81.9	55.8	34.0	115.2	255.1	105.6	
87.2	102.6	30.7	79.3	13.1	157.6	126.2	27.8	
39.9	76.1	20.6	98.2	16.6	44.9	119.8	111.1	
33.8	234.2	10.8	98.6	67.9	83.3	70.1	38.7	
58.6	99.5	143.1	53.3	64.8	22.1	94.5	199.6	
124.1	195.5	311.4	214.4	61.4	162.9	354.8	540.4	
105.6	36.5	80.8	82.4	113.1	37.4	195.7	102.1	
442.4	239.6	93.2	120.9	308.4	227.3	261.1	59.4	
111.5	180.7	116.2	130.1	183.0	182.1	219.3	66.8	
283.9	132.0	22.1	45.5	66.7	62.3	166.9	11.8	
22.1	17.6	21.5	21.6	40.9	26.5	1.6	14.9	
137.9	131.8	98.3	29.7	165.8	154.5	51.0	50.8	
72.6	4.6	25.5	39.5	17.7	47.2	43.0	57.9	
632.0	553.8	77.9	575.8	136.8	235.9	233.6	281.9	
13.7	181.8	10.0	71.2	12.7	8.3	41.6	57.8	
3.7	362.6	540.0	254.8	304.1	129.2	90.6	134.8	
3.5	67.1	41.1	35.6	26.3	20.8	13.2	48.3	
86.9	79.8	108.8	55.8	9.1	20.3	44.8	10.0	
57.4	33.8	1.2	34.0	29.0	25.6	24.5	29.2	
59.4	145.2	26.0	165.7	80.4	6.4	52.3	14.2	
409.1	150.4	87.5	86.9	198.5	12.3	78.0	506.7	
117.2	8.9	88.1	85.9	130.1	65.9	89.1	40.4	
103.1	88.7	193.2	87.9	98.7	149.6	73.2	113.2	
173.3	47.6	140.9	122.5	11.1	250.7	45.1	63.9	
214.2	187.6	83.5	273.0	74.4	117.0	72.4	16.5	
128.0	67.8	73.7	36.6	122.6	87.7	58.1	23.4	
64.0	35.4	38.0	65.5	66.4	55.1	29.2	154.9	
145.3	180.1	36.2	150.5	27.3	53.9	44.7	105.2	
557.0	287.7	73.0	486.1	32.0	9.9	216.3	168.6	
102.5	33.9	115.3	38.9	53.6	303.8	7.8	97.0	
12.8	5.1	3.3	5.0	9.9	20.1	7.5	2.8	
144.7	56.8	26.7	27.7	37.7	105.2	27.9	210.2	
5.3	2.5	7.3	3.4	2.3	2.4	4.2	10.2	
311.0	187.2	77.9	392.5	370.6	160.0	665.3	498.5	
38.8	25.2	73.2	46.2	76.2	198.2	44.0	107.0	
30.2	48.6	28.0	64.4	87.0	37.4	16.5	26.8	
73.2	52.6	17.3	197.3	131.4	48.3	69.1	59.2	
140.7	68.9	73.9	19.5	208.4	211.1	33.6	49.6	
42.6	66.0	16.8	24.5	14.0	22.9	26.2	17.3	
177.3	20.2	97.6	11.9	66.4	97.1	95.7	47.6	
251.3	134.2	245.5	123.0	184.4	200.4	195.1	65.3	
8.9	71.1	65.7	90.4	15.9	83.2	127.4	3.9	
15.1	10.6	13.9	11.1	57.7	33.8	13.3	16.9	
83.1	26.3	28.9	21.2	11.9	67.3	36.3	24.7	
90.8	14.6	56.9	96.6	82.4	58.0	14.0	68.1	
316.2	167.2	176.5	149.8	74.9	230.2	48.3	106.0	
36.6	67.3	71.3	18.8	46.2	39.9	254.7	52.9	
49.8	52.0	37.1	16.7	12.5	11.5	25.9	18.7	
52.7	716.7	45.9	50.1	86.4	492.5	204.4	185.2	
207.5	100.2	298.6	106.6	52.7	92.5	177.9	120.6	
9.3	9.4	9.2	13.4	27.2	1.8	28.3	6.6	
12.7	88.8	120.3	54.2	41.3	37.7	32.0	54.1	
32.1	273.9	202.4	229.0	60.5	157.6	136.4	131.6	
21.8	140.7	21.1	262.7	8.6	75.8	80.0	39.2	
55.5	152.2	97.5	54.2	18.3	65.0	66.8	102.4	
79.3	65.1	12.6	9.6	75.2	23.9	78.5	19.5	
53.6	99.3	92.3	119.1	139.6	79.1	130.4	13.5	
9.3	84.0	29.7	102.7	9.4	56.2	58.3	46.1	
92.0	58.9	66.7	32.7	119.6	15.9	44.9	36.0	
75.6	59.1	92.2	7.3	14.7	8.7	18.1	137.4	
1.6	1.8	4.6	0.4	2.3	5.2	5.3	4.2	
5.2	5.3	9.6	7.6	129.9	44.7	40.7	13.6	
36.1	66.7	51.1	47.5	163.1	44.9	182.0	264.8	
54.0	346.9	183.2	110.3	74.7	84.6	202.2	211.1	
43.6	180.5	91.0	114.7	59.1	17.5	130.8	38.8	
15.3	16.5	25.9	15.1	4.2	18.6	31.2	31.2	
116.5	214.1	266.0	214.3	77.3	242.7	130.7	117.4	
128.0	42.3	35.8	26.1	100.5	31.5	43.1	10.0	
11.3	2.0	12.3	27.9	5.8	21.3	13.2	26.4	
81.8	182.4	143.9	79.8	132.1	184.1	325.6	139.2	
8.9	8.5	2.2	12.0	4.4	9.0	6.9	3.7	
44.3	32.0	99.7	131.4	37.5	156.3	40.5	97.2	
95.3	73.4	188.9	63.0	135.0	61.5	35.0	24.5	
11.2	25.7	12.5	6.3	5.2	13.4	16.7	8.5	
406.2	61.8	89.9	194.0	97.0	38.7	76.6	151.1	
38.5	19.7	28.2	61.5	101.6	40.5	51.2	70.3	
125.9	40.3	17.6	142.6	15.0	54.1	28.4	121.3	
22.8	37.5	19.6	49.2	3.7	16.3	10.5	22.2	
72.6	115.8	104.4	182.4	9.0	236.2	74.1	91.8	
262.6	104.8	162.6	44.7	211.8	83.4	77.8	212.1	
30.9	27.8	16.8	18.2	4.1	15.8	52.2	7.9	
72.7	117.3	111.3	135.7	130.1	440.0	62.2	51.4	
60.6	31.5	30.6	38.7	11.0	86.5	70.3	83.0	
144.9	96.6	14.3	33.9	48.3	15.0	45.1	53.4	
37.6	10.0	34.2	14.4	12.3	6.3	26.2	36.0	
23.0	312.9	52.8	78.4	188.4	64.8	158.7	54.3	
269.3	212.7	233.1	257.4	297.1	35.0	165.8	202.4	
9.3	8.4	50.8	15.1	33.0	13.4	21.6	22.2	
22.7	21.8	12.2	28.5	23.0	15.5	89.7	68.2	
17.5	65.2	7.0	22.9	16.5	96.7	34.1	47.2	
38.2	24.6	17.4	54.7	62.0	29.3	37.3	13.4	
36.4	24.4	9.8	5.9	17.6	23.7	38.3	22.1	
21.8	5.1	8.9	16.1	9.4	2.8	34.8	33.0	
5.9	55.1	8.3	28.7	55.8	12.5	59.0	46.1	
124.8	171.1	25.0	16.7	103.1	17.5	76.7	20.1	
227.7	40.7	218.1	80.6	51.7	109.5	52.6	174.9	
35.2	18.3	133.8	21.3	7.8	68.1	31.2	39.4	
9.9	17.3	25.8	82.9	25.6	12.8	27.5	31.8	
134.3	11.2	54.7	60.2	74.7	36.0	97.1	35.7	
44.9	15.1	92.1	46.4	10.2	64.6	11.3	93.5	
353.6	159.0	97.1	15.6	41.0	195.1	115.6	1.7	
8.2	6.3	33.9	46.1	68.7	36.5	46.1	129.4	
294.5	71.7	158.4	142.0	85.9	80.4	76.1	46.5	
17.9	37.3	82.1	20.7	74.6	50.5	52.0	2.5	
199.4	34.5	69.0	109.2	152.9	52.6	89.6	127.6	
79.1	134.4	4.9	38.9	20.5	136.9	149.6	86.2	
110.3	85.7	162.6	75.9	104.8	56.8	31.4	60.8	
23.9	28.6	39.9	14.1	14.5	34.9	22.7	53.0	
448.8	87.3	547.0	523.5	33.9	127.3	153.3	293.7	
23.6	3.4	13.1	8.2	14.4	7.2	21.1	13.5	
69.1	32.7	55.4	70.5	38.2	14.0	123.4	67.1	
234.5	47.9	21.5	65.6	80.4	170.1	181.2	214.4	
74.4	52.1	21.3	25.9	55.2	14.8	57.3	91.6	
92.2	8.6	4.6	9.4	13.4	18.1	9.4	13.0	
362.9	112.8	228.4	140.1	39.0	108.0	33.0	62.5	
99.5	31.5	47.2	101.1	33.0	90.2	183.5	65.5	
95.6	42.1	53.3	41.9	60.5	211.6	11.7	40.3	
2.3	4.1	14.7	2.7	14.4	14.4	31.6	8.4	
44.1	170.5	55.6	107.0	116.5	139.9	34.1	24.4	
20.9	8.5	7.4	11.3	22.2	14.0	9.5	15.2	
29.1	31.0	16.9	45.6	90.5	110.4	60.8	33.5	
58.0	92.8	23.7	8.4	59.7	38.6	120.0	45.5	
99.3	434.9	121.5	941.6	233.5	256.6	429.7	36.5	
123.4	32.6	202.9	71.5	134.9	160.2	146.5	234.2	
63.6	281.0	21.2	77.1	9.2	91.2	115.2	103.6	
104.4	63.7	67.1	55.0	26.5	58.8	46.7	151.0	
21.3	26.4	6.9	57.5	33.0	48.9	89.7	33.6	
35.0	32.5	51.8	52.5	22.3	139.9	70.4	20.0	
125.4	71.0	107.5	123.5	263.9	155.2	65.9	220.0	
18.7	6.7	9.6	46.1	10.1	90.3	10.8	25.8	
7.0	3.4	24.9	47.1	5.9	12.3	24.2	15.5	
46.2	69.5	36.1	66.8	27.9	8.6	2.6	33.3	
12.6	32.2	231.5	54.3	79.5	96.2	177.7	49.3	
142.0	39.3	37.4	55.6	151.7	113.7	26.6	17.7	
119.1	62.2	99.7	66.3	153.8	46.0	102.6	25.4	
191.2	61.5	126.3	111.2	74.7	52.5	92.4	42.8	
50.5	30.3	30.8	32.9	88.7	106.7	18.7	88.1	
12.5	96.4	7.1	45.1	21.5	19.6	50.0	15.6	
52.2	34.1	56.4	47.4	42.1	27.4	11.6	24.2	
62.6	195.6	55.3	49.4	179.3	49.1	231.9	203.1	
44.3	37.8	276.5	11.6	106.2	143.9	73.0	119.6	
69.7	307.9	94.9	102.4	58.2	114.9	169.4	112.9	
14.7	13.2	3.7	8.3	32.6	27.4	32.5	16.4	
38.5	73.7	30.0	195.1	93.0	23.4	83.6	115.4	
41.8	110.7	86.6	172.2	131.2	338.8	346.2	145.8	
31.9	63.7	91.0	10.4	31.5	155.3	49.0	28.9	
131.2	154.9	96.5	91.6	8.0	89.1	64.3	12.2	
82.6	21.6	54.1	19.9	7.0	52.7	85.9	55.5	
74.9	48.4	387.8	89.2	20.5	126.8	79.6	103.8	
429.2	321.8	402.1	155.0	10.7	66.4	160.6	379.7	
31.2	22.7	17.5	47.2	36.2	16.8	16.5	27.1	
57.8	6.5	51.2	28.1	18.0	5.7	12.0	37.0	
47.9	96.0	43.1	150.0	139.0	99.8	68.3	468.8	
45.7	9.3	15.7	20.9	142.0	27.8	14.3	17.6	
122.7	120.7	40.2	46.4	75.1	31.0	3.4	61.6	
18.6	18.5	11.8	13.0	14.2	0.9	1.0	19.2	
29.3	28.9	43.4	39.8	43.1	217.0	34.6	123.2	
59.7	36.7	133.0	163.6	124.8	75.0	31.1	58.3	
51.3	29.4	31.5	22.8	13.1	78.4	37.8	18.5	
109.3	65.9	10.4	46.3	85.1	92.6	49.0	32.0	
227.4	40.6	185.1	253.0	58.4	274.6	49.9	135.6	
12.0	9.6	7.0	6.2	38.3	52.8	23.3	4.9	
31.6	23.2	9.0	32.0	24.3	8.9	7.5	13.5	
43.1	9.9	26.3	9.6	44.0	10.2	7.7	36.7	
8.6	43.8	1.0	42.6	15.9	23.4	60.8	19.2	
31.7	28.2	24.3	8.3	16.7	21.5	17.7	10.5	
60.5	25.1	62.7	38.7	8.7	15.2	236.2	65.7	
99.1	7.9	19.9	56.9	16.8	29.4	39.9	26.0	
14.8	10.8	1.4	33.3	5.4	38.1	16.4	14.5	
0.3	76.0	44.7	63.8	80.6	75.2	25.5	179.3	
72.9	2.9	6.0	32.2	65.8	52.7	32.6	68.3	
17.7	55.9	174.7	109.1	80.2	114.4	40.1	130.2	
21.3	23.1	12.2	12.1	8.1	75.2	29.4	66.1	
49.6	19.5	15.5	46.4	65.9	42.2	65.7	47.5	
73.6	30.3	24.0	28.5	5.9	33.8	20.1	73.3	
76.4	52.9	49.6	105.3	81.6	73.1	115.5	14.8	
55.6	43.5	199.7	80.1	153.9	43.5	129.9	49.7	
32.6	64.0	102.3	164.3	111.4	125.7	211.5	50.5	
117.6	86.0	83.3	420.6	66.1	108.3	10.4	53.6	
48.3	24.8	169.8	9.3	124.0	98.9	43.4	281.8	
11.7	55.4	37.0	47.1	12.3	68.8	62.0	37.0	
6.2	11.3	1.2	4.1	6.6	51.6	12.0	10.4	
142.9	37.3	24.2	120.3	16.5	34.4	136.0	81.6	
3.7	16.2	28.6	27.4	10.3	28.8	38.4	35.6	
20.1	6.3	21.4	29.9	30.0	8.5	19.0	23.0	
13.5	137.4	27.8	48.3	92.8	37.0	89.5	28.9	
20.0	36.1	7.0	39.1	17.6	25.4	29.5	29.4	
137.4	169.7	42.7	135.3	59.0	187.6	14.5	54.3	
34.1	121.2	29.5	59.4	125.1	20.5	12.1	9.9	
12.7	15.7	32.3	95.4	59.9	45.4	19.4	69.2	
73.4	215.4	348.9	207.0	53.9	50.8	247.3	58.8	
92.1	85.6	18.5	252.5	235.2	75.0	54.2	200.8	
12.5	88.1	35.4	7.1	33.8	57.0	82.7	12.1	
79.1	38.5	39.5	58.9	24.5	43.2	52.0	118.0	
335.8	169.3	252.4	276.4	383.5	67.2	231.9	325.5	
24.9	48.8	27.4	40.4	118.5	13.3	23.5	21.2	
96.0	233.4	230.0	62.6	146.6	165.1	230.0	156.8	
30.5	23.6	12.4	17.3	11.1	16.8	31.4	19.0	
190.1	53.1	68.8	32.5	166.2	78.8	51.4	16.6	
13.7	77.3	63.1	101.8	43.6	22.0	116.7	72.0	
237.0	282.7	27.6	156.8	113.6	91.1	85.8	101.1	
34.7	58.0	12.8	32.8	47.3	15.0	17.6	71.9	
66.6	5.2	138.1	171.1	81.2	25.4	154.9	35.8	
28.9	6.5	79.0	75.9	32.9	60.5	44.2	84.5	
6.7	9.5	81.8	8.1	23.2	77.1	89.1	10.6	
24.8	40.1	41.4	17.5	6.2	6.3	96.3	51.5	
19.2	11.6	33.7	101.8	62.2	75.7	177.2	17.8	
61.6	340.8	73.0	28.7	284.1	97.9	103.8	749.9	
30.6	9.6	17.6	20.3	66.7	23.0	6.8	30.1	
31.8	3.0	18.6	19.9	21.5	13.7	12.4	6.6	
21.4	5.3	30.6	17.8	20.3	29.0	45.3	5.0	
70.4	31.9	150.3	34.5	77.9	24.9	49.1	39.5	
74.4	99.2	151.1	83.1	95.2	196.8	43.8	52.6	
72.5	42.4	40.7	76.0	24.5	60.8	14.9	28.8	
70.5	93.3	67.0	41.3	7.1	55.0	112.7	48.2	
3.9	22.9	23.4	15.7	20.9	61.3	19.0	2.5	
82.9	45.3	127.7	33.8	107.9	62.0	97.1	163.9	
216.3	224.6	278.3	106.8	81.2	211.5	304.3	84.3	
468.8	511.2	806.4	164.6	107.7	209.2	246.6	66.4	
188.3	32.9	93.1	65.7	39.5	101.2	184.6	72.2	
86.3	114.1	38.1	94.4	27.8	53.0	32.3	86.2	
6.9	42.9	8.7	31.4	39.2	2.6	30.7	46.5	
181.3	86.0	120.9	45.6	52.8	48.8	38.5	41.9	
54.3	252.5	76.3	55.6	258.2	77.8	103.2	146.8	
38.5	6.4	8.8	27.0	42.7	6.8	17.5	7.7	
27.7	41.1	223.5	127.5	34.3	43.7	124.9	75.9	
84.4	63.0	88.4	84.1	286.3	147.8	63.6	34.0	
30.6	9.6	21.2	45.2	28.4	34.1	19.6	28.6	
81.4	172.3	137.0	205.7	45.0	422.1	77.6	41.0	
11.1	17.0	17.5	10.6	18.6	20.4	18.3	11.0	
47.4	51.9	138.8	62.8	31.4	27.0	66.3	152.9	
41.0	134.3	7.1	150.4	49.3	30.0	85.3	27.8	
100.3	131.9	12.6	25.8	77.8	41.6	65.5	36.1	
13.2	40.8	179.3	48.6	81.8	88.7	118.5	104.0	
49.7	2.6	35.5	5.2	27.4	20.7	22.3	26.2	
245.8	24.2	61.7	55.7	189.3	205.9	20.2	11.9	
87.2	45.6	44.9	37.9	15.0	140.5	22.5	61.6	
5.3	9.3	4.1	26.8	4.8	14.7	5.5	3.8	
173.4	69.7	58.1	17.2	99.9	79.3	88.4	33.4	
137.4	38.6	256.2	196.8	120.2	208.6	127.9	293.1	
41.9	21.4	31.4	28.5	7.3	63.4	5.9	0.4	
28.8	14.4	251.7	298.7	102.5	33.3	40.4	161.3	
10.0	24.7	45.5	46.2	58.2	10.0	12.4	10.3	
6.5	91.4	26.4	132.4	71.7	36.8	70.5	64.0	
37.2	39.1	54.2	48.9	33.8	34.1	24.1	55.8	
8.7	58.3	19.6	34.8	42.9	32.3	191.7	19.3	
29.2	304.6	36.5	153.6	28.1	5.8	38.7	182.8	
45.6	25.2	30.7	3.1	33.4	117.7	46.5	43.7	
58.0	5.1	90.3	21.7	82.0	44.9	68.2	23.2	
4.3	6.6	4.3	6.7	13.7	14.0	12.0	25.1	
14.3	29.2	3.3	2.7	13.9	0.5	25.2	1.3	
174.4	84.7	148.5	73.5	60.7	86.7	175.2	61.4	
92.9	145.4	132.2	32.3	72.1	25.3	38.2	81.0	
128.6	63.0	77.7	32.5	75.8	29.1	38.1	46.0	
43.8	16.2	46.7	82.6	15.2	188.6	530.0	47.1	
183.0	224.1	289.3	202.1	61.8	78.5	271.2	562.7	
123.9	89.1	36.2	30.7	45.6	140.7	10.5	115.4	
45.2	39.7	35.8	339.2	170.6	47.0	123.6	55.3	
5.7	4.0	9.6	4.8	14.5	22.0	6.4	25.8	
91.8	24.4	22.9	26.2	23.1	35.6	106.6	12.7	
43.6	194.2	50.2	104.7	97.7	36.4	32.6	123.0	
12.5	10.8	14.7	66.4	59.3	29.0	30.8	17.7	
58.9	39.4	13.2	79.7	87.1	167.7	25.9	77.6	
16.8	13.2	8.2	5.0	14.1	31.6	10.9	10.8	
76.9	24.3	40.5	27.7	70.0	29.5	35.1	51.9	
33.5	143.2	77.5	47.2	102.7	37.0	71.4	116.4	
231.0	59.6	103.9	135.7	58.6	172.6	184.5	45.3	
26.4	66.5	82.4	39.5	58.0	12.6	66.9	8.2	
65.4	25.1	50.8	43.4	21.8	16.0	6.3	2.1	
47.1	86.4	85.4	40.9	104.4	134.1	42.5	22.1	
