59.8	44.6	11.2	273.0	91.0	341.7	266.0	35.2	
28.4	40.3	27.1	4.1	23.1	110.5	57.5	45.0	
91.4	26.4	37.8	74.1	16.9	33.6	63.1	30.4	
72.4	15.1	17.4	17.4	4.0	26.0	5.9	34.1	
42.3	111.4	150.7	32.6	91.1	90.1	74.5	149.6	
15.5	4.8	18.3	20.1	7.4	15.7	12.9	4.4	
14.8	10.9	38.1	4.4	20.8	39.0	27.3	17.0	
62.5	111.5	37.7	5.3	22.8	34.6	31.8	78.2	
68.0	5.1	27.0	11.9	20.9	23.7	60.9	4.3	
55.1	43.1	10.3	7.2	24.5	53.7	50.9	36.2	
76.7	39.3	29.3	105.2	47.9	42.0	43.2	279.1	
106.6	11.9	116.8	52.3	138.0	62.8	42.7	158.4	
13.7	36.9	21.2	20.1	18.1	58.0	13.1	23.2	
4.5	2.5	3.6	8.8	4.1	2.5	3.1	10.2	
167.3	93.9	77.7	283.5	199.6	390.9	262.0	218.5	
522.1	542.5	188.9	272.9	300.6	118.2	408.8	441.8	
329.3	79.1	258.2	179.6	340.1	29.1	84.3	92.3	
46.7	68.2	29.0	69.6	4.4	36.4	83.7	42.8	
356.8	194.4	84.3	138.2	72.5	180.7	85.1	82.8	
78.0	136.5	80.6	97.1	98.5	272.4	69.0	111.7	
51.5	44.1	16.0	117.0	59.0	87.5	37.3	27.5	
25.9	106.3	62.1	79.9	25.0	58.4	30.4	81.2	
130.5	180.4	21.8	110.2	164.1	140.4	72.5	84.5	
8.9	34.1	46.1	13.2	8.7	4.1	3.5	33.2	
20.0	3.8	21.7	24.6	28.3	20.1	13.0	28.4	
53.0	89.4	19.5	28.4	67.7	123.0	53.7	25.9	
12.8	85.2	28.1	33.2	31.9	16.5	33.7	112.1	
23.6	35.1	101.4	60.1	64.3	42.0	38.0	97.9	
154.2	94.2	162.6	33.1	107.9	68.8	113.2	109.2	
41.9	65.0	186.0	29.0	8.3	30.2	105.7	64.2	
40.7	23.6	20.8	29.9	34.0	25.5	71.6	2.0	
214.6	101.8	307.6	21.4	46.4	69.0	21.4	143.2	
41.6	14.8	18.3	47.7	17.4	17.0	60.0	49.4	
101.0	76.7	87.1	95.9	219.3	9.5	64.7	195.4	
144.5	200.5	176.2	126.5	132.9	152.7	66.2	129.1	
32.0	56.9	37.9	35.1	15.9	43.2	81.0	44.3	
5.6	57.4	28.1	21.5	23.0	36.6	9.6	5.6	
129.2	21.7	96.7	15.1	80.6	37.3	16.8	33.7	
52.4	85.5	29.8	45.5	24.4	21.6	11.4	18.3	
86.3	56.9	411.3	80.2	107.1	191.8	366.6	237.2	
15.5	131.1	141.6	54.0	273.5	41.2	74.8	34.9	
105.4	59.1	270.6	2.9	146.4	39.9	26.0	80.0	
202.7	37.9	118.3	87.7	19.9	28.7	75.3	60.8	
23.6	36.2	67.9	53.3	50.0	70.4	48.6	46.6	
21.5	34.9	57.3	79.0	62.6	0.7	47.2	62.2	
76.2	62.2	33.7	68.1	14.9	41.3	9.9	123.4	
54.6	17.4	21.4	26.7	164.1	109.7	43.4	109.6	
20.1	43.2	35.1	51.5	22.7	21.2	108.1	50.2	
42.6	55.6	22.1	41.7	17.5	155.6	106.4	19.0	
230.8	308.8	172.4	146.7	83.8	34.4	631.0	97.0	
46.6	9.2	29.6	28.7	32.4	12.9	40.9	4.2	
195.4	70.5	170.8	265.1	169.4	22.4	45.2	188.6	
23.2	15.3	21.4	32.7	32.2	21.2	10.9	10.9	
17.6	13.0	26.6	14.1	36.2	56.7	9.9	41.6	
30.5	77.8	115.5	78.9	65.8	176.9	86.5	249.7	
147.5	108.0	39.2	62.2	45.4	127.6	53.3	108.3	
147.4	56.8	66.3	43.2	123.8	70.6	72.3	124.1	
34.6	17.3	11.1	19.8	26.9	42.1	36.9	38.6	
50.2	75.2	3.7	45.3	54.7	123.0	22.8	46.6	
138.0	276.1	140.5	98.4	209.4	221.9	222.3	221.6	
148.0	233.1	44.3	46.2	55.4	81.2	385.7	208.9	
196.8	226.6	128.5	119.7	79.0	107.6	20.1	192.5	
8.0	81.7	83.8	175.7	4.5	101.1	73.2	103.3	
3.1	16.8	4.6	1.6	48.9	24.9	11.1	18.8	
92.6	34.3	208.2	6.6	17.9	136.6	14.7	45.0	
146.6	213.4	35.3	60.8	433.4	65.5	67.9	82.9	
38.5	113.4	11.9	27.8	61.0	196.3	9.2	78.3	
114.6	60.9	114.7	30.3	138.4	59.8	132.9	225.3	
25.8	99.6	53.2	62.6	28.2	55.1	73.7	89.1	
77.4	178.9	8.6	43.3	61.6	133.5	55.1	51.1	
191.6	131.8	112.1	92.0	107.3	92.9	51.4	81.0	
36.5	236.4	149.7	314.1	235.5	387.4	314.8	123.1	
66.1	12.3	13.5	4.8	16.2	116.6	52.3	36.9	
75.3	93.6	71.5	119.9	56.1	161.3	101.7	19.2	
20.2	25.7	63.1	225.7	113.3	82.9	89.7	210.4	
30.5	40.7	174.2	54.5	47.9	49.7	74.5	98.9	
159.6	113.5	96.5	113.4	20.8	26.6	94.1	40.3	
6.2	55.6	5.6	125.8	17.0	4.3	22.8	7.1	
28.4	5.1	140.4	224.9	38.0	77.7	99.5	105.2	
93.6	89.5	52.7	78.0	150.9	57.5	33.5	27.1	
314.2	36.5	72.3	37.2	176.7	73.9	616.0	116.2	
2.4	8.1	29.5	20.1	25.4	22.5	69.8	15.9	
158.2	83.0	24.3	266.6	79.9	147.6	9.8	185.7	
75.4	5.2	35.0	8.2	46.0	46.6	52.7	45.9	
25.9	41.2	27.4	24.0	10.8	45.2	60.2	20.6	
6.4	3.1	6.0	1.3	1.2	4.5	8.2	2.5	
32.9	62.1	23.5	19.9	48.9	111.6	119.3	42.1	
9.2	43.2	23.0	21.9	10.7	5.8	21.0	21.3	
191.9	47.4	88.8	22.1	45.0	90.8	281.1	79.8	
11.0	45.2	40.3	123.7	11.4	30.4	7.2	57.1	
12.5	76.6	20.5	30.6	22.2	46.1	13.1	100.2	
13.0	7.8	12.5	3.2	7.4	21.0	1.7	1.9	
56.5	92.5	20.8	41.3	19.3	27.7	27.4	37.1	
285.7	175.6	108.2	61.6	71.7	106.4	151.8	245.3	
18.8	8.9	33.0	6.0	9.2	4.8	19.6	8.3	
12.3	56.7	0.9	4.8	14.5	10.7	16.0	43.0	
4.8	32.3	11.7	18.1	62.7	4.0	9.5	37.3	
18.0	44.2	27.0	24.5	3.2	12.9	53.4	19.2	
48.4	57.7	215.3	118.7	71.5	71.7	67.2	58.5	
30.4	114.7	46.7	108.6	69.9	89.2	82.3	111.0	
55.2	10.5	38.4	46.4	115.5	106.5	12.9	8.2	
22.7	10.9	28.1	16.5	29.7	29.1	8.1	7.5	
16.5	48.2	59.2	145.1	45.5	220.2	141.0	70.4	
184.0	23.5	219.0	84.6	79.4	141.2	138.3	171.0	
19.2	3.5	9.3	30.5	14.6	7.6	10.0	5.6	
51.9	300.4	64.0	309.1	9.8	221.9	389.1	178.9	
63.8	117.2	252.6	170.4	136.4	116.1	173.2	229.1	
22.5	143.3	25.2	85.3	11.5	36.3	121.3	44.8	
61.7	105.6	146.2	32.3	65.2	15.7	39.8	45.7	
10.5	4.9	24.8	37.1	12.5	26.5	6.3	65.6	
48.2	3.2	23.2	31.7	83.9	84.8	300.8	74.5	
31.1	24.6	41.9	195.0	27.5	118.6	48.3	115.7	
72.7	9.0	69.2	224.4	63.3	72.9	129.7	77.5	
35.1	44.4	39.2	10.3	72.6	38.1	19.0	69.3	
30.3	98.0	106.1	69.9	39.0	135.6	214.0	138.9	
72.1	67.8	176.9	27.2	40.1	267.0	309.4	110.8	
43.3	40.7	105.6	121.7	39.1	119.8	36.5	157.7	
49.3	56.5	98.2	62.1	61.9	106.3	124.1	37.9	
15.1	10.6	36.2	30.6	16.3	10.0	29.4	34.8	
112.3	81.9	304.0	48.7	110.5	62.1	292.9	101.5	
21.4	9.7	4.9	26.3	25.7	40.0	16.8	15.3	
57.7	291.2	10.0	671.0	48.9	26.5	119.7	184.9	
176.3	24.7	16.4	38.8	61.1	54.0	9.4	42.3	
56.1	286.7	113.6	26.2	48.8	29.4	29.2	143.6	
245.9	68.0	153.9	13.0	147.6	65.4	75.7	7.3	
112.1	14.8	105.8	9.1	261.6	60.6	170.1	95.6	
75.7	13.2	54.6	162.3	32.9	110.1	20.9	30.7	
53.3	5.6	19.7	76.6	95.1	20.4	251.1	24.0	
69.6	106.9	64.6	192.8	166.7	170.6	57.4	124.6	
15.3	0.8	4.1	8.2	9.9	21.1	15.9	9.0	
147.7	174.8	158.0	17.9	100.2	11.1	53.9	277.7	
334.2	43.1	87.4	153.7	63.4	246.3	185.9	58.0	
138.5	27.3	250.8	95.7	59.3	61.6	108.1	67.7	
0.8	3.1	4.6	1.1	9.6	4.1	6.2	5.3	
1.3	26.8	3.0	13.5	31.5	10.6	11.7	2.6	
158.9	78.4	224.0	83.9	50.4	59.9	111.0	72.4	
34.5	48.8	31.5	24.4	74.0	76.4	29.7	126.9	
94.6	159.2	62.1	87.6	23.1	11.8	85.4	43.0	
68.0	149.6	59.8	83.9	99.0	200.1	102.2	149.2	
119.4	131.9	42.6	85.6	274.7	359.8	127.6	55.1	
77.3	83.5	154.4	228.1	963.7	154.3	81.6	187.7	
67.9	15.5	224.0	244.2	255.9	183.8	245.2	32.2	
31.4	4.7	17.6	31.5	23.1	3.2	7.1	4.6	
18.8	19.2	26.3	12.8	63.5	55.7	29.1	18.7	
24.0	62.5	71.5	23.3	61.3	25.5	101.5	166.3	
513.9	439.8	131.3	78.3	167.5	140.7	55.8	287.0	
11.1	18.7	17.9	16.4	23.2	36.3	8.2	18.4	
131.7	81.7	53.6	107.8	71.4	73.0	11.1	146.9	
16.4	12.7	20.4	85.1	27.6	132.6	49.4	95.1	
154.0	70.4	600.5	48.6	328.5	174.3	71.3	166.8	
189.4	7.6	37.1	69.6	119.4	129.2	17.5	13.2	
73.6	31.1	24.3	43.1	8.4	45.7	5.3	17.2	
9.1	21.1	21.4	24.7	61.9	19.6	34.4	7.0	
111.2	58.1	319.2	129.7	191.3	158.8	111.0	164.7	
30.9	15.5	351.8	264.4	212.6	59.7	270.0	91.6	
82.3	232.6	54.8	40.3	51.8	55.2	102.8	74.3	
49.3	47.1	102.0	110.2	155.4	64.9	103.6	157.3	
42.7	17.4	21.6	17.6	75.5	26.9	9.3	24.1	
26.4	5.3	27.2	11.3	0.7	10.8	17.0	23.3	
11.1	5.0	6.3	16.8	8.5	11.2	2.5	6.5	
58.9	83.2	256.5	209.4	106.9	70.5	167.8	74.5	
8.6	35.2	20.4	22.1	17.8	17.4	15.9	68.2	
24.6	40.1	2.5	36.5	10.4	20.0	31.7	14.3	
25.6	47.8	36.9	26.5	15.0	3.3	54.8	4.2	
2.1	1.1	1.8	2.7	10.0	0.7	1.4	1.3	
17.8	9.4	11.5	15.9	10.0	72.7	4.4	10.3	
255.2	21.7	86.7	100.2	49.3	52.7	44.7	71.3	
21.8	14.3	20.7	16.1	12.6	1.0	1.7	33.7	
195.6	28.1	89.5	11.7	7.8	44.0	77.5	171.2	
12.4	26.1	12.3	3.2	1.9	2.8	5.0	7.9	
78.5	189.6	54.6	5.3	20.8	45.9	14.0	37.0	
30.7	48.7	128.5	119.8	43.9	61.1	67.4	60.4	
9.6	14.6	33.4	52.8	46.7	54.1	134.9	45.0	
27.5	56.7	15.1	81.2	53.0	72.9	89.1	54.6	
172.2	280.7	85.5	128.2	110.4	182.5	504.9	178.3	
0.4	2.7	4.5	9.4	7.7	5.9	8.7	9.8	
34.7	29.2	38.0	47.5	134.9	43.0	127.4	35.7	
11.6	5.2	11.2	2.8	17.6	0.7	15.4	9.2	
51.4	45.2	144.8	230.1	30.9	13.8	326.7	138.2	
59.8	51.5	39.6	42.1	253.4	38.7	35.3	46.5	
316.6	63.1	18.8	66.7	21.2	53.9	152.2	128.6	
96.4	50.1	71.3	90.4	75.1	74.6	64.7	185.4	
93.9	178.8	83.7	290.6	81.6	104.6	150.0	108.8	
3.5	16.4	80.5	80.4	24.9	152.0	89.3	62.2	
99.2	7.1	113.9	169.3	286.8	70.2	105.0	148.8	
30.4	43.7	15.8	30.0	34.2	62.8	25.8	11.2	
63.7	47.7	55.4	51.9	31.7	27.0	142.2	3.7	
53.7	201.8	12.5	13.7	16.8	44.6	58.2	130.7	
139.6	39.2	17.1	49.0	33.4	130.0	42.9	38.3	
23.3	34.7	79.6	126.8	18.4	10.1	40.9	158.4	
4.0	3.3	26.2	96.7	181.8	14.4	54.5	8.1	
32.2	12.5	29.3	3.3	74.5	20.8	33.4	40.2	
9.5	111.3	5.3	66.6	31.0	25.3	45.6	35.5	
42.9	226.0	111.2	46.9	208.8	48.9	116.8	97.3	
136.7	117.6	139.9	25.1	156.2	260.7	130.5	127.4	
27.6	41.7	15.0	8.2	21.9	64.0	12.0	67.6	
21.0	32.6	14.9	59.1	5.9	13.4	26.1	49.0	
60.7	4.9	101.7	173.6	183.6	102.4	120.9	65.5	
20.9	0.8	43.8	11.2	78.1	66.5	25.3	35.6	
15.9	51.0	128.4	31.1	14.5	61.4	11.2	104.5	
74.1	102.2	29.2	150.6	268.7	255.7	21.1	235.3	
84.5	28.4	135.8	135.7	303.7	6.7	20.4	57.4	
94.9	34.6	99.0	48.2	42.1	40.5	19.7	14.4	
121.3	28.1	103.6	40.4	84.1	139.6	68.3	77.0	
5.7	4.4	34.6	16.1	9.1	35.1	2.8	16.5	
35.6	33.1	23.1	12.2	27.3	28.2	17.5	5.8	
127.3	216.7	114.4	8.7	164.0	119.1	257.7	118.2	
459.0	192.6	191.5	92.3	285.2	21.1	343.6	319.6	
41.7	157.5	123.7	83.0	286.5	109.5	187.5	245.6	
467.7	65.9	170.4	46.5	23.9	68.8	282.4	324.0	
12.8	24.8	23.8	14.5	7.6	3.2	8.7	6.6	
441.0	293.6	348.4	161.4	309.0	535.3	129.6	103.7	
15.1	3.0	2.9	42.7	5.9	10.1	1.2	3.7	
103.2	336.3	49.7	50.0	61.9	71.7	64.3	49.3	
100.8	59.1	122.1	96.4	54.1	101.4	52.7	114.7	
6.5	5.5	18.5	15.1	16.5	5.4	18.5	9.6	
158.3	22.6	108.7	151.3	276.9	17.5	71.2	41.4	
87.2	5.2	11.2	13.4	55.3	48.2	23.1	98.5	
188.0	215.6	114.6	125.2	225.4	291.1	209.1	45.1	
38.3	49.6	63.3	29.5	81.1	21.7	5.3	79.6	
190.2	106.9	34.8	63.7	47.8	62.7	114.8	78.7	
8.7	4.0	8.5	2.2	13.6	16.6	2.7	41.0	
4.3	4.7	9.3	2.2	7.0	6.7	14.5	0.5	
41.5	22.1	20.0	33.7	26.1	2.5	22.5	52.0	
169.6	18.4	80.5	22.2	86.5	161.3	112.5	55.3	
54.7	112.1	104.8	75.6	23.7	51.9	141.8	27.0	
17.1	21.6	90.0	18.5	12.5	8.4	5.4	18.2	
79.2	11.1	93.0	42.1	78.5	91.1	19.1	76.5	
53.3	24.7	25.7	21.0	88.4	69.4	17.0	66.3	
14.7	22.9	8.7	29.1	2.6	44.5	32.8	57.1	
337.1	89.4	92.5	193.5	15.3	599.1	63.6	82.0	
62.3	26.0	14.5	15.2	38.9	11.2	10.6	11.3	
39.9	135.4	140.1	136.3	128.2	95.4	78.0	54.4	
54.4	54.7	209.4	121.6	42.4	106.9	63.1	86.5	
27.3	23.1	16.0	1.0	20.7	15.7	19.2	16.4	
15.0	18.2	26.2	22.3	47.7	24.9	34.9	2.8	
42.3	79.6	64.1	56.4	63.3	179.3	60.4	35.0	
45.8	116.6	115.5	16.7	76.0	145.4	46.0	64.1	
292.1	170.9	172.7	41.1	22.5	200.7	127.2	241.9	
232.0	130.6	85.2	284.5	72.6	121.3	131.2	33.3	
12.2	9.3	15.8	46.0	69.1	31.9	25.9	9.4	
76.6	13.7	33.2	28.1	54.4	22.4	10.8	32.0	
66.0	14.0	70.4	4.4	20.5	11.9	39.4	20.2	
10.0	10.5	3.5	19.0	1.8	31.8	13.8	6.7	
123.2	80.9	156.1	188.9	87.5	13.0	51.1	81.1	
2.8	5.9	1.7	5.2	6.7	7.1	3.7	5.8	
248.6	311.0	88.3	381.2	234.0	371.0	183.7	102.2	
64.2	77.9	156.3	67.4	118.8	145.2	81.1	182.1	
147.3	93.6	467.8	195.5	118.2	218.6	186.6	65.9	
9.6	9.6	6.1	3.8	11.6	45.9	12.9	17.5	
5.3	124.4	37.0	30.2	14.6	50.0	43.4	23.9	
8.9	4.6	6.2	2.7	17.3	12.2	3.8	12.4	
66.2	35.7	88.8	144.7	17.8	45.4	93.4	146.2	
10.6	1.8	34.4	29.1	40.9	80.6	40.3	23.2	
99.5	53.7	102.6	16.3	53.5	80.7	67.1	147.8	
130.2	134.6	41.0	80.8	37.4	27.1	121.1	151.5	
75.1	176.0	61.4	59.9	140.3	166.0	43.5	58.0	
77.8	144.5	46.1	178.5	49.5	183.9	56.5	240.1	
47.3	42.1	13.0	162.2	154.5	13.1	108.0	60.8	
63.0	8.1	10.2	58.7	70.9	63.8	114.4	128.5	
25.0	2.8	6.4	17.1	29.1	60.0	63.8	15.2	
64.8	19.1	25.8	36.8	13.0	82.3	23.6	36.8	
28.3	69.8	60.6	74.6	22.8	32.1	45.4	4.8	
20.7	94.4	101.5	20.2	31.6	35.1	158.3	122.4	
84.0	47.5	224.7	84.2	58.0	67.9	161.7	130.8	
36.2	91.4	106.0	130.9	130.1	110.0	47.2	105.2	
71.1	132.1	106.1	43.3	84.4	30.7	13.3	86.3	
11.7	90.5	7.5	17.0	20.8	40.5	9.3	60.5	
100.1	17.4	76.8	17.2	20.2	64.3	27.2	15.4	
71.5	110.7	91.9	54.9	144.2	80.5	104.9	79.1	
37.7	83.8	131.7	100.6	24.3	30.3	113.1	33.6	
264.0	315.0	25.3	170.3	500.0	377.2	146.6	318.3	
11.0	24.5	45.7	16.6	27.3	50.4	23.4	14.8	
8.4	15.7	1.4	1.1	12.7	7.5	10.5	2.5	
71.6	10.9	81.2	57.4	26.0	31.6	56.8	18.2	
1.7	23.8	2.2	8.8	1.3	1.5	0.8	0.8	
76.3	87.0	96.2	72.1	201.6	60.9	69.7	4.2	
5.6	103.4	38.9	35.2	37.1	7.9	20.2	9.8	
38.5	25.5	36.0	86.4	17.7	34.5	88.3	81.0	
104.4	149.7	23.9	25.5	122.7	33.3	75.3	66.5	
26.2	36.3	15.7	16.1	10.9	7.3	23.9	7.4	
28.3	23.1	6.0	8.8	5.4	9.4	25.3	44.7	
179.3	182.5	8.9	55.0	307.5	175.5	95.8	126.1	
16.4	3.5	3.4	13.7	13.8	8.2	23.0	5.0	
20.7	34.1	15.0	23.8	30.8	26.8	9.8	60.4	
9.3	2.9	12.2	15.0	8.7	36.4	6.7	5.0	
77.0	120.1	29.6	80.9	45.4	25.0	50.8	136.1	
59.4	135.7	93.0	112.7	8.1	185.2	197.3	107.5	
189.4	56.6	47.0	233.1	286.6	63.5	45.7	64.7	
51.4	118.9	52.8	56.5	255.1	457.0	255.2	145.6	
0.6	8.3	1.6	13.5	21.4	17.0	13.6	14.6	
200.5	157.5	71.4	99.3	166.9	114.9	7.1	358.2	
62.5	25.9	15.6	259.7	112.6	113.6	29.6	42.8	
20.9	29.1	7.4	24.8	24.9	70.6	204.8	74.6	
35.4	270.0	83.2	128.1	176.3	21.3	167.5	147.5	
42.7	51.3	83.7	173.5	24.2	55.4	49.3	27.2	
610.5	125.6	74.3	145.5	385.6	231.6	49.5	76.6	
36.6	36.6	11.2	13.8	32.4	5.7	37.2	22.9	
176.7	73.0	50.9	300.9	144.7	63.2	18.9	40.1	
108.8	48.1	8.6	149.3	25.2	21.2	56.0	33.5	
170.9	141.3	90.9	119.1	105.4	38.8	47.2	57.2	
15.2	21.3	5.2	43.9	53.1	60.4	25.0	31.8	
68.5	79.4	141.5	229.5	144.4	141.7	279.9	26.7	
149.8	76.6	101.5	127.1	311.3	30.4	22.4	190.5	
214.2	24.7	45.4	146.3	114.6	87.3	15.6	31.1	
174.8	33.1	24.4	114.4	90.5	35.0	36.1	93.1	
199.4	244.3	147.1	258.8	202.9	333.0	89.9	76.1	
78.9	106.5	17.3	167.1	129.2	39.7	161.5	143.7	
51.9	13.7	105.8	108.4	188.7	103.5	118.1	102.2	
30.9	8.8	84.7	90.4	27.6	39.4	54.9	65.0	
137.3	58.1	53.6	141.4	11.4	39.9	14.9	79.3	
7.0	29.2	11.9	27.8	8.6	7.1	13.6	7.2	
130.7	80.1	22.4	132.0	105.8	75.0	102.6	22.4	
81.4	28.1	17.5	29.6	104.8	33.5	55.6	39.1	
17.7	4.3	17.3	32.3	13.6	18.8	10.5	12.1	
110.3	67.4	102.6	107.9	43.5	59.2	13.3	42.4	
32.5	13.8	25.1	50.7	24.9	56.3	72.0	31.1	
5.1	44.5	16.7	23.7	3.1	37.3	25.1	23.4	
33.8	17.1	6.8	17.5	14.5	15.6	22.4	24.3	
173.7	59.6	60.3	91.4	69.4	25.9	155.3	73.4	
34.2	32.2	41.2	79.6	79.2	74.7	94.3	66.9	
68.4	38.5	77.8	98.4	50.1	43.6	53.9	100.0	
61.1	24.7	4.5	16.4	21.2	9.8	9.8	20.6	
89.8	62.5	15.7	91.9	83.8	31.1	22.8	78.7	
42.7	25.2	47.7	83.1	38.7	23.1	11.5	9.7	
62.8	52.8	21.8	48.7	44.4	65.2	49.1	56.1	
65.6	27.9	103.7	175.4	48.2	230.7	67.1	197.9	
33.6	102.2	82.8	120.5	112.6	132.4	65.2	216.1	
50.3	25.3	30.5	35.2	51.5	67.7	33.5	31.0	
42.8	14.3	10.4	93.9	81.7	37.0	24.4	19.8	
18.1	47.1	6.4	23.6	44.9	14.8	25.6	79.6	
17.6	83.5	13.3	71.8	58.3	111.4	110.7	137.5	
42.9	105.5	263.7	408.6	49.9	350.8	301.6	23.6	
12.7	3.6	1.6	14.1	2.9	6.4	4.4	3.0	
5.4	60.3	14.3	126.6	216.8	132.2	43.1	146.8	
9.7	44.9	59.7	63.7	11.8	27.2	201.3	64.6	
43.3	61.4	55.3	90.8	91.6	34.5	239.5	95.6	
239.6	248.9	54.1	75.3	49.5	71.8	80.8	164.9	
10.4	17.9	21.6	25.9	9.4	24.7	74.7	57.8	
11.9	17.5	10.6	21.9	7.6	56.9	15.6	8.4	
140.1	43.3	68.3	97.0	31.8	132.8	41.1	68.0	
5.6	14.5	5.4	12.9	6.3	23.2	15.1	3.0	
11.9	48.4	80.6	91.4	23.3	30.8	11.7	4.1	
25.5	8.7	41.4	40.9	21.7	11.7	20.6	22.9	
69.5	123.7	32.4	35.7	69.6	27.0	44.8	19.8	
99.4	142.6	50.7	97.8	51.2	32.7	62.9	31.0	
71.3	67.4	68.7	123.4	62.9	138.9	45.5	119.1	
25.7	207.7	234.3	294.3	134.4	42.5	108.3	145.4	
113.3	175.4	87.4	154.3	23.1	139.2	32.7	21.0	
33.9	1.6	8.0	46.7	38.6	11.9	33.7	15.6	
101.5	36.9	221.6	223.1	301.2	61.9	86.0	75.8	
10.8	133.7	137.8	379.9	386.6	175.2	246.7	148.8	
12.1	39.5	12.5	15.3	22.6	4.2	8.5	53.8	
26.2	108.2	9.7	60.4	76.8	19.8	131.1	150.6	
85.4	11.1	58.2	95.4	79.5	47.0	28.2	106.1	
425.6	76.5	115.4	290.2	232.0	189.6	298.3	260.3	
229.7	169.8	172.4	287.7	184.3	136.3	70.9	73.6	
54.2	33.4	74.9	93.5	192.2	16.2	66.8	31.4	
22.0	89.5	50.7	187.2	58.2	60.8	72.8	141.7	
43.8	251.0	68.6	161.7	183.0	40.7	133.7	131.3	
76.7	150.5	26.8	152.9	112.9	78.4	49.7	17.4	
52.6	163.2	5.6	25.9	45.6	32.0	12.8	99.8	
16.9	21.0	40.9	171.0	76.2	30.8	72.5	9.4	
99.2	77.0	34.6	219.8	53.1	21.5	60.3	45.4	
88.3	33.8	61.5	101.5	69.5	31.7	84.4	194.8	
91.5	113.4	10.4	17.6	89.3	232.3	41.4	42.3	
45.3	40.7	20.7	21.3	45.0	58.3	38.8	16.6	
13.6	9.0	20.9	24.6	12.6	29.3	16.9	11.2	
154.4	129.4	57.5	90.9	173.4	104.0	142.1	77.6	
78.0	65.7	1.3	33.0	25.3	195.8	171.1	11.0	
38.4	17.9	37.1	64.0	26.8	102.5	51.4	64.3	
11.6	23.7	49.4	54.6	44.8	40.3	29.2	6.9	
17.5	14.0	13.8	18.9	16.9	19.4	19.6	32.8	
116.9	62.7	22.4	67.6	149.7	89.4	68.5	124.5	
177.6	174.3	100.4	201.4	6.6	146.4	70.2	76.9	
22.1	7.2	18.2	41.1	10.0	43.5	15.5	51.4	
111.3	12.1	115.8	122.1	234.0	204.9	12.0	132.1	
190.0	3.3	70.3	75.9	29.4	91.4	68.5	93.8	
77.3	135.5	28.3	164.2	3.5	65.4	99.9	27.4	
17.5	75.7	19.3	128.2	23.8	105.2	46.7	57.5	
60.4	172.7	82.0	630.4	223.9	36.8	119.8	49.0	
3.5	31.9	8.0	9.0	4.7	5.6	15.5	7.9	
30.7	0.8	15.1	23.2	9.4	28.0	10.2	19.8	
95.8	190.9	86.5	162.5	182.8	174.4	162.1	168.5	
3.8	31.2	1.4	5.1	11.5	21.0	34.8	34.0	
23.0	25.5	27.4	41.7	26.0	43.5	27.1	38.0	
26.6	70.2	29.5	64.2	35.1	52.2	66.1	13.9	
62.0	2.1	11.2	44.0	6.0	16.1	21.4	33.3	
32.8	47.6	21.9	22.0	35.8	8.0	29.0	40.8	
101.4	389.8	45.7	51.6	281.8	59.3	253.4	98.7	
15.9	6.2	2.7	3.2	15.4	16.8	8.1	3.9	
71.7	32.3	46.9	54.2	42.8	15.0	90.8	107.4	
8.9	70.9	27.6	32.3	31.8	45.4	27.6	42.5	
19.8	2.6	2.0	14.1	8.0	16.1	0.9	2.1	
250.9	241.3	137.8	499.6	215.3	404.0	169.7	41.7	
155.0	310.4	84.7	206.4	195.9	196.6	134.2	27.6	
19.9	39.1	9.9	20.3	20.0	37.5	35.2	37.8	
120.9	126.2	170.3	209.7	198.5	637.7	178.4	294.4	
90.6	19.0	49.6	103.9	140.8	133.6	104.2	88.9	
13.6	54.4	9.2	29.9	17.4	16.0	4.7	13.7	
17.8	38.2	5.1	27.0	98.2	45.4	27.2	41.9	
77.8	135.8	20.8	133.7	19.5	163.7	84.1	63.6	
16.2	138.2	13.3	157.0	45.5	88.8	29.7	13.2	
27.2	59.5	26.7	41.5	42.6	12.8	41.7	11.1	
6.4	32.6	49.7	74.5	90.9	27.7	15.0	37.8	
5.2	4.8	13.3	26.7	22.1	22.4	19.8	17.3	
165.1	57.4	78.6	104.4	196.5	57.2	180.9	76.2	
52.6	133.8	43.9	51.8	111.5	48.5	52.3	98.1	
106.4	194.7	29.8	34.7	129.3	15.6	134.4	89.1	
20.9	16.0	4.4	29.2	5.4	40.4	72.4	83.8	
8.2	66.3	15.2	18.2	38.8	60.1	29.7	12.6	
8.1	25.6	10.8	28.6	12.2	15.7	2.7	15.8	
56.5	154.1	77.2	81.3	34.6	205.2	146.7	23.6	
25.9	41.9	18.4	21.6	28.7	5.4	8.5	59.3	
127.3	95.1	125.3	136.8	220.5	276.3	217.6	169.8	
61.8	86.1	10.4	69.3	140.8	77.6	89.1	150.3	
51.4	46.0	115.7	237.5	41.2	12.5	488.2	366.1	
468.5	307.1	217.1	351.7	142.6	176.5	166.4	257.1	
90.1	90.2	26.6	47.9	359.4	163.2	85.2	3.5	
15.1	78.4	74.9	98.9	39.0	59.0	26.6	19.1	
15.4	124.9	9.0	118.4	30.5	60.1	170.7	50.2	
45.6	1.3	17.1	31.5	61.1	20.9	56.3	31.3	
68.7	7.7	63.7	63.9	37.0	83.7	69.9	61.0	
233.0	21.8	28.8	148.6	117.6	60.9	124.0	10.9	
73.5	78.7	161.6	658.4	67.4	315.1	156.5	216.7	
111.1	33.4	6.2	15.4	46.8	433.4	165.0	27.4	
41.2	13.9	70.3	71.8	23.5	8.1	74.5	21.8	
138.8	17.6	97.6	99.1	45.8	186.5	38.1	42.2	
65.6	4.1	23.8	39.3	11.7	65.7	28.1	59.1	
40.9	78.1	47.4	51.4	49.9	50.0	20.0	4.8	
89.6	143.2	2.4	165.1	66.2	48.4	37.1	152.7	
28.0	33.1	21.0	105.8	11.3	69.2	38.4	8.7	
182.5	113.3	171.1	345.4	79.6	327.0	73.6	15.2	
7.0	22.3	3.7	9.1	2.2	11.6	16.0	2.5	
329.2	315.0	177.3	220.9	315.7	90.1	154.5	270.5	
15.3	47.6	9.6	64.7	32.3	66.2	3.1	28.7	
19.6	141.8	71.2	113.3	49.6	33.1	48.6	75.8	
138.9	96.9	97.1	155.4	145.9	140.1	189.2	220.4	
28.8	2.9	25.7	32.9	22.9	37.0	19.7	22.1	
62.0	20.0	52.1	81.5	18.5	36.8	52.2	25.6	
42.8	19.6	85.5	123.8	86.8	51.2	58.3	78.8	
19.9	76.2	21.6	41.7	14.3	70.0	40.0	51.2	
39.3	71.4	26.0	57.2	51.1	43.7	24.3	12.8	
169.4	42.0	3.7	18.2	24.7	11.3	54.5	39.9	
29.6	21.3	17.2	211.4	41.3	243.8	61.0	119.7	
26.0	54.8	9.4	40.7	12.9	10.4	25.4	44.8	
17.1	73.6	4.9	157.6	185.6	110.2	59.5	62.9	
79.2	81.9	38.4	94.6	29.2	119.9	50.7	86.5	
2.1	1.1	2.9	3.1	3.6	1.7	3.0	2.0	
359.5	47.9	67.2	88.3	192.0	93.1	50.1	102.3	
73.0	111.1	91.1	125.1	67.3	52.0	46.4	71.0	
585.5	82.8	255.7	289.5	83.1	148.9	532.2	214.6	
219.2	79.5	65.1	234.1	291.4	102.8	108.7	66.1	
209.1	71.5	109.9	215.4	173.1	356.1	137.2	95.5	
34.2	54.4	4.4	39.1	32.7	53.1	23.4	5.1	
24.8	145.3	41.8	126.9	139.8	100.4	5.8	83.5	
62.2	202.2	254.1	329.5	198.2	248.5	111.2	52.4	
94.6	227.7	47.7	50.8	135.8	22.3	185.9	204.4	
223.8	85.3	61.4	544.0	314.6	49.2	510.6	243.1	
231.9	67.2	104.2	380.6	102.7	146.5	16.5	93.7	
24.2	44.9	42.0	137.7	27.1	155.6	169.8	90.5	
510.0	77.2	36.0	71.3	672.0	288.8	134.8	73.1	
33.7	54.1	56.1	84.8	70.3	45.5	14.1	19.7	
140.0	121.0	21.5	29.7	36.9	165.3	212.7	119.1	
13.1	102.8	14.9	28.8	89.5	22.5	49.8	14.6	
9.4	31.4	33.7	42.8	15.6	58.0	57.7	95.1	
78.3	62.9	28.8	150.8	61.8	110.9	176.4	222.2	
27.8	27.4	6.5	11.5	8.7	14.4	8.0	21.8	
51.6	172.8	12.4	125.0	123.4	120.7	66.5	119.5	
90.2	57.9	64.5	220.6	199.5	263.6	233.8	86.8	
28.6	25.4	38.5	71.6	106.0	28.0	93.2	71.6	
40.6	85.3	19.5	70.0	10.2	89.9	138.2	52.4	
8.7	14.5	6.9	15.7	4.6	5.3	15.0	19.6	
3.9	14.5	50.4	122.2	64.9	36.6	27.9	22.8	
351.7	208.8	53.0	161.3	229.7	70.6	399.1	61.4	
120.0	60.0	42.8	91.8	236.4	10.8	58.1	77.6	
66.9	75.3	44.1	86.2	22.2	140.8	37.3	94.5	
108.1	41.2	21.3	31.3	64.1	14.0	95.3	19.1	
45.2	44.3	34.3	73.0	58.6	146.5	112.9	79.0	
188.7	53.9	44.6	58.7	47.9	78.8	68.5	56.7	
112.8	251.1	100.2	400.2	143.9	420.1	53.4	333.6	
98.2	72.9	60.6	60.9	79.3	40.0	33.6	27.3	
16.3	15.7	42.8	51.9	35.6	34.3	67.8	47.9	
44.3	21.3	10.1	20.0	23.4	23.4	87.0	14.8	
36.1	136.7	82.5	108.3	39.7	103.7	69.2	87.5	
13.6	75.9	51.8	86.7	143.2	36.6	141.4	11.0	
46.9	143.0	63.7	167.1	48.5	43.5	31.0	134.6	
35.8	94.4	8.1	17.1	32.8	85.8	28.3	6.0	
13.7	85.5	10.9	26.0	13.5	10.9	26.9	25.9	
184.8	236.7	135.1	238.2	309.4	216.2	178.5	557.9	
11.8	86.3	77.7	103.1	80.1	87.4	76.2	116.5	
10.7	133.9	59.0	81.2	64.7	67.0	67.4	73.3	
442.5	353.3	298.1	394.2	219.0	236.4	26.6	298.4	
170.9	82.0	62.9	92.3	212.0	109.4	134.6	182.7	
47.3	456.0	62.2	158.3	915.3	155.3	46.3	101.0	
72.3	161.0	27.9	112.2	113.9	140.1	9.4	59.6	
102.6	109.2	7.7	99.3	229.4	81.1	119.9	184.7	
78.8	88.0	37.0	53.8	231.3	18.6	49.8	86.4	
55.5	15.7	32.9	75.7	16.4	78.9	27.6	39.9	
306.7	354.0	241.1	248.7	231.3	40.3	19.2	98.6	
43.4	34.0	169.5	183.4	150.2	70.9	32.6	78.5	
33.8	69.4	19.5	344.4	22.8	51.3	36.3	72.5	
150.7	46.1	22.6	36.6	169.2	85.5	22.2	148.9	
102.0	60.7	42.6	50.2	9.3	139.6	8.0	109.4	
57.8	83.3	74.9	125.3	16.1	114.2	97.9	109.5	
105.9	142.0	15.1	66.8	55.9	59.3	73.5	124.9	
39.0	39.1	120.2	134.0	104.4	41.1	25.5	50.2	
138.6	283.4	161.4	164.7	492.0	140.5	295.4	102.7	
48.2	141.3	83.4	349.8	186.9	210.8	351.0	857.8	
70.0	15.7	21.3	35.7	50.0	28.7	56.5	12.1	
58.0	13.6	15.9	51.1	110.2	41.4	31.8	42.6	
71.7	268.3	142.7	256.5	151.3	187.4	78.5	52.6	
31.5	23.6	16.5	24.7	12.1	10.8	58.2	17.4	
67.8	87.5	48.2	48.5	19.7	38.4	46.0	3.5	
45.9	38.2	12.3	36.1	54.9	31.0	12.9	41.5	
32.9	86.9	35.0	48.9	66.5	18.9	85.2	22.1	
50.1	63.0	4.3	72.5	66.6	175.6	55.8	115.6	
14.3	45.9	16.9	23.2	13.2	4.4	153.9	8.7	
32.8	110.4	26.6	37.0	46.2	39.2	77.7	40.8	
50.8	58.0	23.0	36.6	28.6	30.8	49.5	15.7	
2.3	6.1	5.2	6.5	10.8	11.3	2.6	4.1	
57.5	90.2	242.0	872.5	135.9	164.5	154.5	37.9	
29.8	133.0	95.6	157.2	60.6	53.5	71.1	67.0	
74.8	71.9	34.7	192.1	108.8	25.3	61.0	57.0	
57.8	19.1	34.7	94.1	9.6	44.8	71.7	25.7	
77.1	38.3	15.8	27.9	97.1	37.3	50.2	23.7	
85.6	118.4	33.4	221.7	26.0	46.0	22.3	199.7	
139.3	70.4	16.3	102.4	76.0	139.8	217.4	93.5	
59.3	50.1	10.7	20.0	41.0	32.6	50.9	30.2	
273.6	29.7	134.1	237.7	43.3	107.5	41.5	114.8	
32.7	176.6	32.9	51.9	26.3	112.3	27.5	7.7	
202.6	31.8	61.0	93.6	205.7	73.8	5.7	70.6	
15.4	5.8	4.8	20.6	11.4	40.5	15.5	24.8	
112.8	41.3	23.9	40.3	26.7	41.7	117.6	11.0	
112.0	16.2	43.5	55.1	23.7	76.7	16.5	66.6	
20.2	114.5	19.9	118.2	228.5	122.5	33.4	128.2	
14.0	17.1	32.5	46.1	31.7	52.4	131.7	32.1	
21.4	13.1	13.9	37.6	27.8	19.2	32.5	55.7	
162.6	132.0	47.0	326.6	86.5	92.7	119.7	29.7	
85.3	53.6	35.0	50.2	148.8	70.4	172.7	94.2	
100.1	119.3	43.4	294.8	37.7	102.9	6.7	135.1	
252.1	32.8	78.5	86.0	193.9	169.8	167.3	45.1	
128.9	186.6	55.0	58.1	77.8	117.7	107.5	185.6	
65.6	11.5	69.0	93.9	282.2	158.7	6.7	46.5	
59.5	97.5	37.5	50.5	47.7	206.4	44.1	41.2	
27.8	54.9	7.5	26.0	40.7	34.9	52.1	70.9	
11.4	26.7	3.5	26.9	17.5	30.5	16.0	19.7	
189.2	24.0	20.6	280.3	167.7	282.7	77.9	157.0	
72.8	63.9	6.1	53.0	69.9	104.4	23.0	49.2	
79.0	40.7	48.5	183.3	121.9	87.2	51.6	31.6	
0.3	0.8	0.6	1.6	3.5	2.0	1.5	1.6	
7.7	117.6	15.2	143.4	63.6	45.1	29.2	41.4	
35.9	17.1	20.8	27.0	11.5	66.8	80.6	34.4	
21.1	123.3	55.3	71.6	48.4	159.6	40.9	37.6	
105.4	115.2	54.2	55.1	43.7	24.7	196.3	95.4	
39.4	58.0	79.1	91.5	23.6	80.0	28.7	78.1	
37.5	135.2	37.1	85.1	102.5	65.7	61.5	105.7	
21.0	3.8	9.0	27.9	23.1	18.4	26.7	28.3	
83.4	163.6	178.1	273.6	57.9	20.5	112.9	70.4	
14.5	37.5	11.1	42.3	32.0	41.0	53.5	6.0	
54.1	29.7	6.6	31.7	30.7	21.5	45.5	83.3	
86.9	47.7	232.2	86.7	177.6	207.3	28.3	64.7	
62.3	46.9	95.9	23.2	31.6	42.5	45.2	191.4	
37.9	21.7	2.4	11.1	6.7	9.8	36.5	23.3	
15.0	118.5	42.3	55.5	80.2	29.6	82.8	101.5	
49.0	94.9	105.8	67.4	43.4	29.4	90.0	15.0	
105.2	14.3	40.9	65.3	26.8	27.1	153.5	18.8	
49.7	188.1	186.0	59.7	113.1	148.4	79.5	159.8	
20.4	9.3	8.9	24.3	14.5	11.1	38.2	19.4	
25.4	14.0	19.0	28.9	28.1	3.7	10.8	70.9	
10.4	39.3	24.5	35.5	13.6	41.4	44.5	3.3	
67.0	8.2	49.1	100.6	55.7	52.8	38.2	47.8	
187.9	390.1	122.7	574.3	355.5	42.9	222.6	161.1	
106.1	40.4	61.4	31.4	6.4	52.9	25.3	112.1	
58.9	76.4	45.8	79.7	37.1	43.5	54.2	45.7	
43.3	61.8	61.8	24.3	95.1	71.8	138.5	146.5	
161.3	46.7	73.9	19.2	48.5	83.4	145.7	67.4	
27.5	52.6	12.6	48.8	24.6	70.1	36.2	25.6	
26.8	17.8	11.3	0.5	1.9	4.2	18.7	5.3	
111.4	92.2	24.2	50.4	39.9	103.2	53.5	33.5	
26.8	36.7	13.6	16.9	18.9	14.6	34.3	55.8	
160.9	79.0	171.4	51.5	51.9	129.6	107.4	108.3	
81.4	23.3	29.2	33.1	98.6	40.5	28.4	9.4	
35.6	44.4	45.0	38.4	24.7	182.5	102.9	14.4	
31.0	20.7	25.3	25.3	96.4	47.7	70.1	37.0	
57.2	25.2	36.3	45.6	17.4	47.9	49.3	72.2	
64.8	11.1	56.8	127.6	55.1	32.5	14.0	141.4	
61.1	28.5	174.9	14.2	83.2	118.9	298.2	68.7	
110.0	49.0	76.1	72.0	60.4	22.9	21.3	147.5	
58.9	106.5	56.7	135.2	131.2	77.9	209.9	97.3	
21.3	29.7	5.4	13.4	10.8	49.0	11.7	13.9	
49.8	25.5	48.5	19.4	46.7	12.9	55.0	43.4	
13.4	83.1	51.3	58.1	107.7	109.8	60.3	75.5	
64.4	59.6	67.0	117.6	95.8	4.5	118.4	101.2	
148.6	112.7	30.1	8.6	40.5	128.9	114.3	146.0	
39.1	12.3	19.5	18.5	13.4	41.9	25.1	54.9	
27.4	91.3	86.5	40.4	41.0	57.1	78.4	152.2	
283.9	260.8	184.9	13.9	192.6	96.5	136.9	183.1	
3.9	40.6	32.3	11.4	107.6	26.1	14.7	42.3	
20.8	31.7	14.5	4.2	21.9	26.3	28.5	64.2	
14.2	37.4	9.3	8.5	84.4	20.6	11.9	27.5	
18.2	11.0	152.4	107.9	78.2	15.4	18.7	160.8	
10.0	41.1	25.4	10.5	13.2	19.5	30.4	9.3	
39.6	55.1	208.4	43.0	47.7	10.3	45.8	131.3	
120.2	92.8	31.9	76.3	78.4	37.0	26.3	21.7	
117.9	23.9	29.7	24.7	130.9	33.2	141.4	47.5	
25.3	14.2	130.8	7.6	15.6	50.2	154.1	21.9	
80.0	67.8	42.6	42.6	95.3	23.0	20.5	3.3	
25.2	76.4	50.5	12.6	22.3	30.5	50.9	61.2	
32.5	0.9	28.1	12.1	6.0	41.3	16.2	28.7	
20.5	10.0	4.5	4.5	10.8	14.5	14.9	15.9	
120.6	243.2	322.7	195.4	128.6	187.4	56.5	129.5	
57.5	47.3	12.8	9.0	36.6	66.7	71.4	97.2	
8.4	65.3	38.0	28.1	51.5	96.1	53.9	42.3	
210.2	46.6	161.7	145.0	81.1	9.9	54.4	316.4	
20.1	117.2	51.8	56.5	30.7	49.9	36.3	51.9	
127.7	7.3	59.9	5.8	86.5	233.4	202.7	8.7	
59.7	143.9	33.8	6.8	68.3	75.8	175.0	30.8	
26.9	12.0	8.4	23.2	24.9	47.6	18.5	10.5	
121.1	95.2	49.4	78.9	22.3	56.3	65.4	96.0	
83.5	58.3	96.7	33.7	52.6	11.6	82.1	74.5	
29.8	13.9	18.4	80.3	16.4	34.0	14.2	7.0	
30.2	29.4	8.9	17.7	7.9	52.7	35.9	37.6	
186.3	32.7	38.8	45.7	68.8	62.2	85.0	106.1	
80.6	47.4	39.5	41.4	29.8	65.9	40.1	54.8	
218.5	28.5	50.4	82.4	44.1	86.9	150.4	3.0	
10.4	13.8	1.0	10.5	3.4	4.2	6.4	16.4	
87.4	551.5	154.9	275.5	153.1	83.8	247.8	373.7	
44.1	26.5	70.4	28.4	32.5	21.5	120.0	17.9	
75.4	25.3	19.4	7.8	31.0	18.6	45.5	47.2	
22.8	26.6	52.7	31.5	35.0	8.6	102.9	39.4	
101.2	17.0	87.6	11.9	133.7	35.2	13.3	66.7	
52.3	23.0	52.2	16.4	70.5	49.5	80.1	14.0	
23.5	36.6	15.8	7.5	32.8	12.8	12.1	7.2	
4.3	44.0	1.9	37.2	17.9	15.2	67.5	42.3	
16.3	173.7	91.0	215.2	119.7	289.2	129.6	143.5	
88.8	61.7	236.7	204.7	48.1	184.5	99.1	13.6	
111.9	41.5	113.8	20.2	11.0	49.0	20.0	6.8	
16.1	0.3	8.8	6.4	4.8	14.6	33.5	12.7	
260.2	186.1	97.6	77.7	153.5	68.3	20.9	34.1	
45.5	14.3	25.9	39.7	21.5	39.8	102.4	61.2	
14.8	3.2	5.9	3.6	8.4	11.2	6.9	20.2	
41.7	73.7	4.4	45.9	22.1	32.6	24.3	22.4	
19.3	53.0	113.8	63.5	59.0	31.9	16.5	83.5	
36.1	10.0	15.6	20.8	35.4	47.5	55.3	3.6	
52.5	41.3	20.5	26.2	116.3	146.1	18.7	154.8	
30.1	37.5	12.8	9.5	24.4	12.4	34.2	6.8	
74.4	11.8	67.4	29.0	19.1	87.1	150.8	26.4	
48.4	332.4	83.1	192.1	137.3	313.9	39.7	21.1	
36.0	33.9	97.1	46.6	31.9	52.1	39.1	37.3	
9.4	1.7	0.7	5.4	2.1	1.9	1.6	4.6	
155.0	26.9	92.0	242.9	78.5	239.1	173.0	107.8	
251.8	69.1	112.4	26.9	112.7	12.7	100.5	181.4	
78.7	31.1	280.3	325.8	118.5	86.3	62.8	180.3	
54.2	93.3	159.3	9.9	22.6	69.7	5.9	117.6	
89.5	21.0	161.7	137.1	64.2	51.2	124.7	88.2	
19.6	10.5	35.1	105.5	27.3	51.1	69.8	58.9	
27.1	58.3	39.3	69.2	47.7	130.7	115.7	53.0	
81.1	66.2	31.9	66.0	32.7	100.5	72.0	120.8	
11.4	174.0	20.5	150.6	122.7	39.9	95.1	168.0	
33.9	299.5	43.8	45.1	126.2	12.4	62.0	26.9	
126.9	6.3	78.3	88.4	45.9	16.5	6.6	41.9	
75.6	42.7	5.2	39.8	10.5	7.2	47.3	20.5	
86.2	124.4	32.7	264.2	143.8	51.1	20.0	8.4	
80.3	9.2	49.6	2.0	40.2	11.6	21.6	40.0	
56.9	30.9	20.2	80.7	52.6	23.2	65.9	104.1	
17.9	8.5	6.8	28.1	52.7	33.8	6.0	21.9	
280.3	61.4	294.9	250.7	77.0	45.3	68.1	185.6	
128.1	50.5	17.2	14.8	97.7	53.2	41.7	13.7	
187.2	41.1	162.7	88.4	137.6	84.2	61.0	64.8	
54.5	77.7	145.1	63.8	143.6	124.6	109.3	35.2	
6.7	18.8	27.1	33.4	49.4	4.7	101.5	16.9	
98.5	38.4	48.4	33.6	20.7	21.5	134.1	35.1	
31.0	36.9	4.5	53.9	50.1	39.7	29.4	45.3	
38.0	44.3	29.3	46.7	14.3	39.8	42.6	90.5	
10.5	21.7	66.6	23.5	38.7	67.1	9.4	22.2	
272.2	83.2	141.4	469.7	128.9	363.6	162.0	168.0	
36.1	10.2	23.1	47.7	28.0	45.5	15.2	13.6	
51.6	35.0	125.1	75.8	57.3	12.6	143.4	137.5	
149.6	263.8	487.1	53.3	67.6	101.8	150.1	93.7	
5.6	15.4	15.6	32.7	25.2	3.6	5.0	10.1	
47.0	65.5	104.5	49.5	32.2	223.8	113.3	54.6	
74.3	20.7	141.2	106.7	29.7	167.3	241.4	139.6	
66.3	161.3	30.7	384.5	210.7	216.2	171.3	37.6	
117.5	105.4	179.9	326.8	416.9	247.5	65.2	315.3	
10.5	22.8	41.4	45.5	23.0	13.6	23.0	14.5	
97.2	39.6	48.4	6.1	22.3	23.7	21.8	16.4	
33.8	15.7	15.7	29.0	18.6	21.8	8.1	6.7	
22.2	71.3	240.3	108.4	126.8	54.7	258.9	112.7	
43.7	108.7	473.2	153.8	236.3	171.9	156.6	50.4	
35.1	5.9	17.8	9.4	5.7	21.9	29.6	2.1	
3.4	10.5	15.2	28.8	25.1	6.8	31.0	3.2	
108.0	32.6	27.3	31.1	21.7	38.6	38.5	19.3	
90.7	46.0	52.1	24.0	135.2	29.1	29.0	28.8	
4.8	34.6	169.8	83.3	49.7	66.0	38.4	32.8	
25.5	58.9	5.1	9.3	48.1	22.1	79.9	79.2	
45.0	15.3	69.1	146.6	205.3	219.5	71.2	194.0	
228.3	97.2	19.5	28.8	13.7	99.0	8.6	9.9	
26.5	42.5	88.9	43.8	54.2	32.9	72.5	30.4	
73.8	124.7	82.1	82.7	38.9	107.6	81.4	87.3	
157.1	45.2	88.3	123.2	40.3	6.8	99.9	89.1	
57.8	106.9	74.5	14.8	68.3	236.7	89.5	225.1	
26.1	24.8	53.3	11.7	27.9	32.2	17.9	8.1	
6.1	10.9	33.4	35.2	8.3	4.5	33.2	20.8	
93.8	185.0	263.2	238.0	66.1	22.7	328.1	189.6	
41.2	21.8	16.3	24.5	3.0	37.3	8.4	31.2	
88.1	5.4	43.6	78.3	7.6	52.7	10.4	44.0	
52.9	38.4	17.1	47.5	117.7	107.8	70.7	39.2	
17.6	58.5	191.8	41.0	37.7	128.8	92.9	46.4	
116.8	19.7	61.0	22.5	32.6	37.1	33.8	29.8	
41.6	11.9	20.9	27.3	38.9	61.7	6.6	47.4	
21.7	68.6	56.2	71.3	95.6	43.0	68.4	30.4	
12.8	104.2	65.4	32.6	72.7	115.1	108.3	91.4	
33.0	80.8	89.9	54.3	34.9	55.8	122.3	71.5	
148.9	130.8	64.6	127.0	3.1	148.0	143.4	82.9	
49.1	3.0	3.7	39.2	26.9	38.5	63.1	27.7	
92.2	22.1	28.1	77.4	32.5	11.8	37.7	10.6	
44.5	64.4	36.1	54.6	29.2	88.2	103.6	19.7	
4.7	39.1	14.2	3.6	4.9	6.5	29.5	24.1	
99.8	234.0	188.9	52.9	139.8	97.0	72.1	202.9	
29.0	64.1	13.9	36.7	37.3	38.8	48.1	59.0	
76.7	52.9	54.0	69.2	16.5	45.9	27.8	42.9	
58.9	57.1	39.1	46.7	125.4	169.7	58.4	54.1	
89.1	185.5	85.6	48.4	122.6	144.1	18.4	28.9	
17.3	20.2	23.2	15.3	42.3	79.0	32.2	55.6	
20.5	17.6	62.3	15.9	55.7	64.6	25.4	83.9	
17.9	23.1	19.2	36.7	61.2	6.3	25.0	2.5	
14.3	41.5	63.2	91.6	19.1	214.7	112.0	103.4	
60.0	31.3	96.3	6.0	13.8	27.9	108.9	19.5	
94.7	22.2	12.4	65.0	117.8	48.2	72.7	71.4	
114.0	68.0	13.6	135.7	60.5	82.3	31.1	58.7	
31.4	63.2	27.7	83.2	90.7	143.7	79.1	107.9	
6.0	36.8	25.0	34.5	14.7	17.7	10.6	36.1	
60.8	231.5	28.7	70.9	7.9	15.8	56.0	35.0	
29.7	10.6	150.6	129.6	69.0	109.8	152.5	90.1	
17.4	11.7	18.2	14.7	14.0	9.3	39.5	19.9	
28.5	152.6	63.2	48.7	50.3	55.0	38.2	56.0	
173.7	30.3	129.0	427.7	50.4	147.2	26.7	92.6	
32.9	8.7	15.8	23.7	27.8	34.6	55.5	11.8	
7.1	6.3	14.8	17.3	12.3	35.0	9.2	11.5	
70.2	80.4	146.7	104.0	91.1	104.6	30.8	11.5	
180.2	15.9	65.8	51.5	34.0	8.2	40.8	39.1	
104.6	100.7	112.6	159.3	77.4	243.5	16.5	243.2	
5.3	26.3	44.7	3.9	12.6	5.1	12.0	12.6	
8.6	22.6	60.0	1.7	10.7	31.6	3.0	37.7	
54.2	114.5	89.3	208.0	362.3	117.6	96.6	127.8	
288.0	275.0	167.3	95.9	137.6	102.4	112.6	111.3	
12.0	3.5	52.5	7.2	10.9	8.8	27.9	6.6	
158.3	133.5	172.0	149.8	106.0	173.7	182.9	74.8	
91.7	15.7	38.4	94.7	149.1	78.6	149.1	88.1	
276.8	158.3	40.8	9.4	93.7	106.0	63.8	114.6	
121.1	36.1	9.4	35.6	101.9	42.2	23.4	94.4	
8.4	87.4	93.5	73.1	20.3	6.0	72.0	94.9	
4.4	12.2	1.8	14.3	5.7	4.7	22.5	1.0	
44.7	36.9	29.9	37.3	43.9	12.1	30.9	49.1	
49.0	173.5	44.9	41.7	86.7	55.2	153.7	37.2	
338.6	16.5	270.5	81.3	128.4	79.0	181.0	108.4	
21.9	9.1	7.2	10.3	7.5	14.0	3.0	7.1	
32.1	93.3	43.6	62.2	36.0	254.6	119.0	31.7	
35.9	42.7	24.8	52.3	22.1	17.1	14.1	59.7	
11.4	32.4	80.3	57.5	12.1	82.5	73.4	55.7	
6.6	3.2	16.9	11.2	12.3	16.0	6.8	15.1	
89.8	56.1	11.6	35.2	76.0	46.5	13.8	117.1	
80.1	109.0	50.4	36.2	37.3	41.3	36.7	82.1	
61.1	75.3	46.5	52.1	102.8	89.1	50.3	61.6	
135.0	154.2	156.1	107.9	214.2	199.8	52.3	151.7	
7.7	32.2	16.1	9.4	67.8	8.2	23.6	35.9	
50.2	40.9	61.0	60.8	25.6	38.2	52.6	107.1	
190.1	44.3	273.0	39.6	83.0	124.0	265.0	54.5	
46.1	64.5	33.1	23.6	39.7	22.9	3.3	96.8	
3.3	3.0	3.6	21.1	7.5	3.0	43.2	25.4	
37.2	178.3	260.3	511.0	63.3	63.6	94.8	181.0	
74.2	54.8	42.8	85.3	103.6	29.4	98.8	161.5	
26.1	44.4	113.3	73.8	215.6	82.1	35.1	67.7	
9.0	23.5	98.1	13.7	35.7	59.6	124.1	75.5	
78.3	69.4	261.4	106.3	87.3	42.4	48.7	168.9	
16.4	6.0	21.9	5.6	13.9	14.8	16.1	38.4	
48.9	59.2	21.1	17.2	11.0	30.9	15.3	18.7	
29.3	35.2	100.2	6.4	34.8	39.4	29.1	70.0	
70.0	169.3	209.0	83.6	31.4	99.0	144.1	135.9	
62.6	64.6	86.0	151.9	310.9	175.0	81.2	107.6	
0.6	1.1	6.4	2.8	8.0	16.4	9.6	6.1	
29.1	70.3	24.9	64.8	29.1	67.0	21.6	65.0	
38.0	64.3	106.4	64.9	19.6	48.6	69.3	49.5	
275.1	51.0	270.5	99.0	651.6	168.7	290.8	72.2	
71.7	59.3	40.4	25.7	21.5	39.4	23.2	33.5	
21.8	26.0	104.9	30.6	23.1	53.0	31.6	85.9	
21.4	10.2	31.3	85.1	60.8	78.5	21.2	56.0	
36.5	21.4	32.7	13.7	27.7	127.5	32.4	14.1	
110.7	59.1	24.7	34.3	55.7	61.6	10.8	11.5	
54.7	150.9	325.6	277.8	145.6	646.1	192.1	262.4	
0.4	0.3	0.3	0.6	0.8	0.7	1.5	3.6	
22.3	104.6	61.4	3.0	34.2	31.6	46.4	48.4	
197.8	465.7	79.0	70.8	56.6	432.6	73.9	79.6	
5.9	23.2	40.8	33.0	30.0	30.4	61.7	40.7	
144.1	8.4	315.8	29.0	43.4	65.8	174.8	86.7	
23.2	49.8	94.9	106.6	203.5	132.0	3.9	30.2	
15.5	79.0	97.7	121.7	111.8	182.6	68.0	115.9	
42.3	11.7	45.4	22.6	19.6	14.0	14.2	32.1	
26.1	17.9	26.3	23.3	13.6	36.5	25.1	55.3	
18.5	62.1	68.6	217.1	66.7	71.6	54.5	112.8	
35.2	39.9	83.8	35.3	32.6	221.5	144.4	70.9	
14.6	48.4	59.4	49.8	2.2	10.3	58.4	97.5	
72.0	15.6	41.5	29.1	66.4	31.6	8.1	28.3	
92.8	126.0	144.2	141.6	78.6	80.1	225.0	128.7	
84.1	179.6	148.7	159.6	160.6	53.6	300.9	167.1	
75.7	56.9	22.0	30.2	158.5	72.5	28.4	68.4	
20.9	106.3	10.8	74.6	26.5	10.3	60.4	112.6	
130.8	40.9	135.9	30.8	46.0	98.9	31.3	15.9	
11.4	29.4	4.9	10.3	39.6	8.6	6.4	20.2	
35.7	107.0	47.3	66.1	23.6	29.3	52.7	47.7	
5.5	80.0	23.6	43.1	81.0	35.5	76.1	71.0	
52.6	40.2	63.0	179.5	146.9	52.1	80.5	60.3	
1.4	26.9	11.0	15.3	74.3	23.9	12.6	10.8	
67.4	75.9	69.9	103.5	154.9	14.5	126.7	62.4	
78.8	49.0	12.7	31.9	7.7	100.9	102.0	37.3	
41.7	169.3	15.6	11.8	22.4	103.0	77.8	42.2	
9.6	30.4	48.8	42.9	35.4	32.4	54.6	15.3	
97.4	186.8	200.9	183.6	92.4	156.2	276.0	38.7	
86.8	151.0	90.5	91.2	139.9	58.0	39.3	25.9	
34.7	149.9	212.5	81.7	124.0	391.0	465.0	259.5	
64.5	22.6	33.0	6.5	58.3	70.3	28.0	55.6	
1.7	18.3	13.9	8.2	4.9	4.7	5.3	11.2	
125.6	19.0	44.6	130.3	32.8	64.5	51.3	80.8	
2.7	32.0	40.2	20.6	30.3	31.3	101.5	26.1	
266.5	172.2	150.2	115.5	169.8	89.6	53.8	72.2	
13.2	128.9	31.1	26.0	237.6	18.5	58.2	64.4	
59.9	15.8	31.2	27.2	29.3	9.9	57.8	13.8	
23.6	13.6	22.5	5.2	17.0	39.3	21.2	15.4	
143.2	50.3	75.0	59.1	148.3	78.7	234.8	160.2	
80.2	34.1	78.1	51.6	97.0	62.6	37.5	10.3	
20.5	5.8	107.1	177.4	245.2	139.7	233.2	322.4	
99.3	45.1	76.5	37.2	75.2	133.4	15.9	84.2	
8.8	60.6	58.2	7.8	15.4	13.4	17.0	8.8	
43.5	11.8	60.6	89.9	21.4	41.7	91.0	11.0	
36.5	432.4	140.9	62.1	90.1	41.3	77.9	189.4	
24.1	67.0	89.9	25.0	43.3	19.6	131.5	135.2	
43.0	35.7	43.3	29.2	79.3	146.6	98.2	25.7	
150.0	43.0	218.8	95.7	149.9	74.4	267.5	172.2	
439.2	213.7	288.3	219.4	105.7	133.7	451.5	133.7	
10.0	152.4	6.7	95.4	51.6	31.7	17.5	54.8	
10.7	121.8	59.5	30.6	184.9	79.7	83.7	113.3	
70.4	60.1	70.3	17.6	74.9	38.0	35.2	20.3	
113.5	17.9	37.1	19.7	198.7	114.4	140.1	47.6	
12.7	5.6	178.4	49.5	22.0	17.4	31.2	20.0	
81.5	230.9	76.7	64.6	382.0	112.4	147.7	54.7	
27.8	3.4	43.4	7.0	6.5	23.0	14.4	3.1	
149.1	38.1	58.0	102.7	88.0	94.0	272.6	179.1	
272.4	35.8	114.9	247.3	142.8	140.0	94.7	210.9	
46.0	5.4	68.6	28.0	18.7	46.6	25.3	95.2	
55.9	169.6	849.7	125.0	364.2	50.6	71.0	187.9	
18.2	15.5	4.3	44.1	15.0	22.4	43.4	24.7	
47.9	82.7	124.6	60.4	74.1	6.6	64.7	10.7	
96.0	88.7	47.3	36.9	23.8	131.7	42.4	74.3	
72.3	44.7	51.1	90.2	69.9	31.1	57.0	16.1	
8.4	1.8	9.4	9.0	7.8	1.5	5.8	1.7	
52.9	33.7	63.2	125.9	51.6	14.8	120.3	156.0	
74.2	47.8	12.8	21.7	100.1	27.7	7.9	45.0	
55.6	35.0	63.1	26.4	41.1	18.2	3.8	51.3	
26.3	17.1	26.3	35.0	21.8	17.5	13.4	75.5	
56.2	98.0	31.2	253.4	123.2	84.2	124.2	191.9	
119.8	58.9	16.8	8.1	5.9	73.3	65.2	28.9	
43.2	11.1	38.0	9.9	32.6	16.5	105.2	36.5	
3.3	34.2	4.6	27.4	8.5	29.2	32.0	13.8	
4.6	75.2	82.8	19.3	44.6	52.0	61.1	21.5	
634.4	205.3	67.7	243.5	60.2	225.7	237.1	127.8	
22.7	5.6	18.7	8.6	9.8	27.9	8.3	3.7	
192.4	70.2	58.9	182.0	108.7	200.7	62.8	63.9	
17.9	19.4	36.2	25.1	18.8	22.4	70.1	14.2	
40.2	94.8	722.4	71.3	177.9	62.7	318.3	29.6	
18.0	72.3	33.4	24.7	40.1	4.4	66.7	18.2	
95.9	50.9	68.8	108.6	91.0	117.5	54.3	60.7	
21.0	57.2	48.5	9.0	29.5	27.1	29.8	14.1	
18.9	33.9	12.1	51.5	14.0	68.9	54.4	112.4	
43.8	66.9	30.0	14.1	69.6	7.6	22.0	15.4	
64.7	15.5	113.4	53.4	5.4	12.2	52.3	46.1	
88.7	309.8	371.4	209.1	459.9	145.9	156.4	120.7	
77.4	16.1	21.4	13.8	29.1	123.5	25.7	37.8	
55.9	193.8	60.6	19.6	34.6	57.0	77.3	47.7	
33.5	199.0	9.0	173.5	458.0	63.0	158.4	129.9	
6.9	110.9	60.7	12.0	25.1	28.9	133.6	38.6	
45.1	17.0	8.1	11.8	34.2	32.4	55.4	7.7	
49.2	100.1	27.2	136.0	61.7	86.8	123.2	226.5	
11.0	2.9	1.6	7.1	5.5	6.1	6.3	2.7	
42.9	113.6	38.5	270.1	52.0	49.6	108.4	248.7	
178.5	54.4	370.9	138.6	227.4	69.9	168.4	50.6	
216.9	134.0	143.1	257.3	56.6	15.0	192.0	142.1	
300.7	195.2	402.7	135.9	67.0	65.0	363.9	329.4	
21.1	19.9	35.7	11.2	42.5	9.9	69.8	37.0	
65.9	9.4	65.1	80.9	36.0	85.0	55.0	146.6	
72.8	197.6	86.1	40.0	267.9	52.5	41.5	181.0	
5.0	10.1	38.6	13.3	36.6	3.5	24.0	75.8	
186.7	83.5	319.7	71.2	141.3	202.7	198.8	122.0	
188.3	90.7	88.0	160.9	128.0	89.3	193.5	158.3	
261.7	46.4	146.0	201.0	370.2	252.8	426.6	63.2	
42.4	36.0	31.3	32.5	23.7	35.6	44.8	27.4	
113.9	122.8	58.3	58.4	4.9	105.6	252.5	162.9	
42.0	124.0	67.3	56.2	20.3	27.9	38.2	26.1	
75.7	84.4	37.2	225.9	9.4	26.6	61.3	90.5	
47.3	58.2	56.7	60.8	57.3	171.9	250.6	21.3	
15.6	35.4	123.8	206.6	148.5	205.4	102.4	114.6	
135.3	60.1	26.9	83.3	222.9	81.2	52.9	93.5	
28.0	28.7	33.8	5.6	15.6	4.2	4.5	12.4	
56.3	135.5	73.8	130.3	42.9	69.2	24.4	46.1	
121.7	143.5	175.3	133.2	126.9	135.6	255.6	104.4	
36.2	327.7	121.6	99.0	71.0	58.2	73.9	51.6	
30.9	28.6	2.7	100.5	4.4	23.4	25.0	41.0	
80.8	80.5	20.7	6.3	26.1	51.4	60.8	55.5	
89.8	89.5	104.6	25.2	83.1	9.7	26.2	52.3	
107.8	134.4	222.2	58.2	99.3	137.4	172.8	266.2	
99.9	69.4	48.2	86.2	137.3	209.1	24.3	153.7	
47.2	20.4	91.4	73.7	50.3	55.1	51.3	81.4	
26.8	14.2	51.7	179.0	109.3	42.0	173.0	12.8	
42.8	84.0	11.5	18.6	22.7	4.5	38.7	27.5	
99.4	59.4	37.4	55.2	190.9	88.3	122.3	71.4	
42.1	1.2	29.4	12.4	7.5	5.3	13.7	20.6	
31.0	30.1	47.1	32.5	14.2	21.5	8.7	4.5	
336.9	69.2	56.6	59.5	258.4	175.8	66.7	192.1	
28.2	4.5	5.0	20.6	39.8	27.9	6.4	41.9	
18.3	73.6	31.8	32.1	43.9	26.9	6.0	35.1	
50.4	31.8	60.9	27.9	56.3	37.5	43.4	109.8	
15.8	87.6	62.9	84.8	45.8	36.5	14.2	34.4	
262.6	41.7	216.8	576.8	64.5	37.3	91.6	147.1	
6.1	0.6	10.9	1.8	1.7	2.8	22.4	2.2	
141.7	70.3	26.4	68.4	55.9	68.9	12.1	71.3	
194.9	146.3	34.4	31.2	50.5	342.8	85.3	128.0	
66.2	56.0	64.4	31.2	50.9	32.5	193.5	64.5	
39.5	24.4	140.3	238.6	58.7	87.8	35.5	37.4	
41.0	35.8	21.0	28.7	32.2	86.2	26.7	55.9	
10.2	5.0	1.6	2.8	14.4	6.9	2.2	3.4	
109.5	53.0	30.5	54.3	58.2	73.2	21.7	78.7	
95.3	111.0	176.2	146.8	61.5	126.7	111.4	7.3	
88.0	173.3	89.0	124.4	174.4	442.2	42.4	191.6	
25.0	35.7	33.9	16.7	20.5	54.7	50.3	41.8	
148.3	480.0	123.5	206.5	125.2	40.8	61.5	202.5	
5.7	21.2	59.2	95.4	39.5	49.0	21.6	30.3	
11.3	47.5	19.5	103.6	31.7	24.6	59.5	52.2	
138.1	74.6	59.6	21.3	313.1	201.7	332.5	128.3	
395.4	182.9	88.3	167.5	136.8	135.1	82.6	357.4	
40.0	7.4	53.5	101.2	119.3	32.8	64.0	57.6	
53.7	6.3	25.5	36.0	37.8	44.4	2.8	165.6	
60.1	70.2	47.5	33.9	98.0	29.5	8.3	18.0	
112.1	29.9	68.7	35.9	14.6	76.7	76.7	21.5	
31.9	30.6	19.2	25.9	16.2	22.6	33.8	21.6	
68.9	104.3	45.8	73.8	196.4	15.6	17.6	8.9	
375.7	349.0	55.7	68.5	328.6	232.1	299.6	114.2	
179.1	102.1	104.7	110.7	47.4	52.1	260.8	141.9	
90.2	68.4	10.0	27.3	40.8	11.1	17.1	43.1	
12.9	28.6	31.8	48.6	72.1	11.2	21.1	30.5	
97.4	144.5	112.8	56.7	76.1	223.7	220.5	22.8	
143.8	8.0	120.4	185.8	3.6	166.6	35.9	60.7	
24.0	8.1	16.6	46.2	2.5	67.1	39.7	8.5	
161.2	129.8	46.3	87.1	58.4	248.0	56.3	183.7	
166.8	30.4	313.6	49.5	77.8	57.7	61.4	7.8	
43.6	100.8	47.6	57.7	106.4	77.9	44.8	19.8	
144.7	180.3	92.3	32.3	49.7	157.1	85.5	224.6	
48.6	19.3	3.4	18.9	2.3	6.8	0.8	14.8	
176.6	35.9	139.8	88.7	59.9	105.2	58.7	16.7	
32.1	84.2	197.6	17.9	39.6	46.2	145.2	349.5	
9.4	36.8	50.1	18.5	51.6	28.0	47.4	14.3	
77.0	70.2	10.6	13.2	20.9	11.2	69.6	78.0	
21.0	48.3	42.1	5.0	8.8	15.0	25.2	44.8	
96.4	169.9	72.0	37.9	107.8	116.8	70.3	391.4	
48.8	13.8	33.8	14.8	50.1	10.6	43.4	86.4	
5.3	10.7	36.7	5.0	54.6	31.1	21.8	31.0	
27.2	71.0	100.2	12.5	8.8	17.0	16.0	236.4	
102.8	35.0	52.7	40.3	7.7	38.2	70.7	128.9	
11.9	21.4	51.3	48.4	13.3	35.9	20.9	13.3	
52.7	141.2	11.8	12.5	76.1	46.7	28.5	28.7	
12.9	56.7	36.3	25.0	4.3	11.9	40.3	26.4	
54.9	56.4	57.3	115.2	56.5	49.6	169.0	127.6	
25.1	42.1	24.7	107.1	28.1	11.2	5.6	41.0	
25.0	62.2	46.5	37.8	36.1	35.6	68.6	49.1	
151.2	112.7	142.0	84.6	57.5	97.5	152.2	218.1	
77.9	33.4	133.9	108.7	95.9	85.8	16.1	107.8	
483.2	108.1	30.0	127.0	32.0	97.2	169.8	110.8	
22.6	23.3	85.9	18.6	71.9	61.7	77.0	11.8	
134.7	94.9	106.8	100.7	30.9	98.7	169.8	8.2	
15.9	14.9	20.3	11.3	92.3	9.7	2.1	16.7	
0.9	26.5	61.6	25.6	126.8	43.5	82.8	38.9	
58.9	99.6	30.0	178.1	190.0	27.7	166.3	52.4	
63.1	137.0	12.4	48.7	85.2	45.2	319.3	86.2	
23.5	28.7	41.3	21.5	8.0	70.9	21.0	14.2	
214.4	63.4	63.8	183.6	39.3	137.6	92.9	215.3	
5.2	13.0	0.6	4.2	4.7	7.1	9.5	5.9	
37.1	37.9	45.8	24.0	110.2	60.2	100.5	117.1	
43.8	4.4	33.6	10.0	8.2	16.0	9.2	19.7	
38.7	19.8	2.8	16.7	42.1	59.1	38.9	32.2	
44.4	7.9	45.0	59.6	16.5	66.7	57.5	22.0	
198.0	23.8	127.0	194.0	118.0	10.6	68.3	88.6	
132.0	37.5	52.7	43.2	44.9	13.0	81.2	30.1	
100.0	265.1	107.2	26.8	152.2	66.4	89.6	36.9	
49.7	23.0	13.6	134.4	52.5	76.7	122.6	24.7	
59.5	42.0	62.5	108.8	76.5	144.4	30.7	38.1	
152.3	135.0	108.2	12.4	88.0	161.5	23.0	155.6	
47.5	36.2	45.2	324.9	72.9	455.9	21.4	240.6	
22.5	12.4	5.8	10.7	10.1	8.1	4.3	6.1	
119.0	146.4	96.7	115.5	511.2	48.0	113.0	420.7	
16.3	189.9	64.0	135.8	151.8	21.2	177.7	22.2	
70.7	7.6	37.5	13.0	32.2	70.3	117.5	8.4	
8.7	16.2	15.4	14.2	16.5	19.6	21.9	9.7	
528.3	66.3	175.6	65.1	100.1	105.1	60.9	47.1	
17.8	21.1	9.5	23.9	9.0	1.8	29.5	13.1	
64.7	194.0	184.7	324.2	81.1	248.4	97.0	218.1	
11.1	9.0	66.5	37.5	25.5	4.8	53.3	24.5	
13.3	20.1	7.4	4.9	18.0	16.5	2.2	13.4	
347.1	100.2	244.1	118.7	220.5	186.4	48.3	113.5	
149.2	270.1	251.5	109.7	85.1	288.2	39.0	252.4	
86.2	45.5	51.0	97.7	63.0	20.5	95.1	15.0	
9.2	89.0	22.5	67.5	159.9	36.8	50.0	61.3	
13.5	72.8	12.2	48.3	83.1	76.0	40.1	104.1	
31.4	60.5	151.9	47.5	100.6	91.7	113.5	55.8	
229.0	188.9	50.2	141.4	63.0	52.5	165.5	249.5	
106.9	76.5	212.8	230.5	52.8	108.1	18.7	304.9	
2.4	44.6	80.0	95.7	49.4	99.2	94.7	32.9	
52.3	16.8	132.3	105.9	122.0	197.2	278.1	374.1	
223.6	68.0	10.2	272.2	146.6	38.8	164.9	136.0	
13.6	98.0	133.0	81.5	37.9	21.3	25.0	102.8	
162.5	73.4	134.8	51.2	68.0	377.5	90.6	186.0	
163.3	250.4	543.4	318.5	356.7	566.6	145.9	170.5	
96.1	101.6	117.9	44.3	34.7	63.8	69.2	85.7	
132.0	261.4	167.7	80.3	85.4	44.8	102.1	21.1	
162.2	24.1	87.0	15.9	79.6	68.1	39.6	48.2	
15.5	47.1	36.5	14.7	9.0	47.9	2.3	21.4	
