80.1	178.8	357.8	119.6	100.8	81.2	90.9	330.1	
346.2	87.1	216.8	224.2	227.7	107.0	20.1	196.9	
3.8	49.8	19.5	6.9	57.6	19.6	80.6	20.6	
72.1	47.3	9.8	11.5	36.8	49.4	34.6	11.9	
42.5	40.6	22.9	43.5	30.9	64.6	26.2	9.4	
92.3	43.0	199.0	115.4	134.9	57.5	40.7	267.7	
37.2	65.3	16.9	56.3	64.2	20.8	38.7	16.6	
186.1	285.9	259.5	45.6	53.2	107.3	100.9	72.3	
58.5	23.0	52.2	33.6	130.5	81.9	71.7	46.8	
45.8	32.0	66.9	43.8	42.1	8.8	73.5	24.4	
82.8	39.3	28.7	12.8	104.6	96.3	45.9	33.9	
26.7	45.0	25.5	8.6	11.5	75.2	8.0	63.7	
92.3	53.7	108.0	34.9	60.4	37.9	85.3	55.6	
40.4	56.2	79.0	162.8	29.6	144.6	42.6	46.3	
132.8	317.1	115.9	105.4	836.2	116.4	638.0	553.4	
71.1	5.0	65.0	151.0	20.5	70.3	140.7	21.2	
100.1	272.1	62.4	113.7	76.5	49.1	73.8	82.8	
66.2	322.7	261.9	73.3	91.3	132.6	94.7	91.0	
23.3	16.1	14.9	4.9	62.3	38.9	68.1	33.2	
69.0	14.8	17.2	11.9	16.5	46.1	15.1	53.2	
35.5	14.4	16.1	21.1	4.1	46.2	58.6	26.6	
235.5	100.3	78.5	162.3	98.7	20.2	197.4	41.2	
11.9	86.3	60.2	85.2	116.7	84.9	71.9	7.6	
2.9	67.5	109.9	192.2	25.5	62.8	47.1	52.2	
95.2	305.5	54.8	382.4	47.7	104.2	114.8	17.5	
42.6	65.4	47.2	6.0	33.4	90.1	82.4	15.8	
179.1	116.7	78.3	328.7	208.9	221.4	101.7	326.9	
16.0	43.3	9.5	28.6	24.8	48.3	37.2	7.2	
11.2	21.1	17.7	20.4	18.1	18.9	56.1	6.3	
51.2	82.1	21.8	30.4	82.5	41.7	20.9	45.6	
93.2	77.7	174.0	118.7	33.1	101.8	88.4	97.5	
6.5	20.3	22.2	22.7	12.5	11.2	13.4	5.2	
16.4	21.8	30.9	41.7	38.7	59.4	34.8	78.7	
84.9	133.0	46.6	67.5	110.7	227.6	42.3	388.7	
12.4	44.2	20.3	26.0	49.9	11.9	65.6	7.9	
8.6	48.5	173.8	153.9	35.2	216.8	62.1	86.7	
4.8	6.1	5.9	13.4	10.6	4.6	3.6	11.2	
21.4	19.2	20.7	22.5	60.7	4.1	18.5	9.3	
297.9	279.9	335.5	193.7	19.1	40.5	83.4	147.3	
9.7	31.1	13.2	9.9	3.9	8.1	7.6	5.3	
4.0	12.5	4.6	1.6	3.4	1.8	9.6	0.2	
28.0	17.3	38.5	58.3	43.4	79.9	52.1	17.0	
12.1	4.4	9.0	21.0	10.7	15.0	12.2	44.9	
13.4	30.3	58.8	52.3	51.1	225.0	6.8	35.0	
4.0	23.8	44.1	114.7	221.3	27.4	40.7	29.3	
70.8	20.5	18.5	13.2	43.7	27.4	141.4	31.6	
22.7	12.6	194.5	73.4	72.6	94.7	88.3	43.1	
36.9	10.5	20.6	84.9	48.0	44.2	49.8	33.8	
75.1	14.1	12.7	9.1	9.8	35.2	31.5	61.1	
98.7	11.9	9.9	81.9	114.9	47.9	22.3	63.8	
74.5	17.6	31.6	33.7	58.1	132.9	18.8	19.5	
207.1	165.6	19.8	39.3	154.9	58.5	78.8	29.6	
227.7	130.6	93.1	186.8	236.2	82.3	275.0	98.5	
68.4	60.5	38.2	115.8	84.0	34.7	56.2	99.9	
113.4	66.2	9.1	15.6	54.7	38.3	17.4	28.1	
331.4	98.5	590.0	299.3	162.7	283.9	269.6	243.0	
36.1	65.5	69.1	208.4	103.4	150.0	237.5	41.2	
190.9	274.5	139.0	124.2	46.5	51.9	52.1	130.1	
93.9	89.4	56.1	184.1	126.3	39.6	178.7	86.1	
117.0	159.4	52.3	147.0	21.0	206.0	39.3	178.5	
324.4	95.8	274.3	270.7	494.0	211.6	122.0	378.5	
29.0	126.4	136.2	86.5	83.4	24.3	97.8	19.0	
7.3	25.5	57.1	42.8	8.6	74.8	2.4	2.9	
51.3	40.3	29.0	22.7	33.1	84.7	8.9	52.4	
73.1	79.0	53.0	41.6	55.1	75.3	138.2	70.4	
234.3	465.5	358.9	72.0	316.8	37.7	33.3	73.5	
195.6	11.8	38.7	31.9	20.8	4.2	180.9	21.0	
90.7	15.1	21.9	29.7	33.2	27.2	42.9	41.4	
189.5	38.7	79.5	85.8	103.5	316.0	91.8	22.5	
25.9	328.6	109.5	202.0	56.1	100.4	82.9	545.6	
83.4	77.2	61.1	38.5	18.8	57.0	67.3	64.9	
73.6	30.4	242.4	29.5	34.2	116.4	119.0	166.7	
31.9	38.8	42.5	10.1	56.1	19.3	38.3	7.5	
49.1	7.0	36.9	22.7	8.5	28.4	24.4	3.9	
48.7	107.5	86.2	112.0	33.0	54.2	98.2	36.3	
69.9	41.9	52.5	146.2	250.4	166.1	64.6	92.6	
123.1	4.1	73.2	44.8	5.3	38.8	103.6	61.9	
13.7	33.2	37.9	19.0	18.3	35.9	14.2	20.9	
28.3	48.1	24.6	5.4	10.0	31.3	11.1	15.2	
31.2	121.8	24.9	161.6	18.8	144.4	66.6	40.0	
27.7	42.4	26.1	24.8	43.1	40.5	32.4	13.3	
107.9	129.4	204.9	86.8	116.3	114.5	65.1	423.1	
35.7	122.3	27.8	72.7	109.9	21.6	137.4	59.5	
46.4	27.2	14.5	9.1	14.7	17.6	26.0	21.4	
3.7	28.3	16.9	2.0	52.3	10.5	8.6	16.1	
38.1	163.0	171.6	53.3	90.7	136.6	89.8	123.8	
83.6	14.2	51.3	54.6	70.3	48.2	40.8	19.1	
26.6	13.7	13.8	4.2	12.1	59.7	30.3	36.8	
15.0	9.0	7.3	16.2	9.1	24.3	12.7	3.4	
82.4	115.7	45.5	134.1	86.4	88.5	158.4	85.3	
14.0	4.0	24.9	38.1	9.6	17.7	11.9	2.9	
74.4	19.3	62.1	51.6	99.9	59.9	15.8	14.0	
3.9	4.9	3.1	3.7	25.0	44.3	5.5	45.1	
105.3	179.2	115.4	150.4	24.3	180.6	82.1	52.2	
47.5	29.0	23.9	42.0	36.7	4.0	5.4	75.6	
37.5	132.6	72.0	130.0	143.8	50.5	188.2	276.6	
77.2	7.3	83.3	95.2	79.8	151.3	43.2	76.0	
16.7	2.8	5.4	24.0	11.9	20.2	21.3	11.1	
63.7	22.8	1.4	5.9	53.9	45.0	6.8	24.9	
31.8	101.9	57.3	16.6	54.5	109.9	16.7	160.5	
15.9	33.8	24.1	104.9	19.7	51.1	75.0	55.0	
48.5	18.8	30.5	47.8	20.2	25.4	21.2	28.2	
8.2	33.2	8.5	33.1	18.6	9.6	9.5	18.2	
70.6	9.9	89.7	32.1	78.2	41.7	78.7	51.7	
17.5	13.6	2.7	9.2	11.3	6.9	3.0	30.4	
579.6	19.9	75.7	54.5	144.9	145.7	256.6	255.5	
5.3	3.1	1.5	5.3	14.6	1.4	3.7	3.8	
24.6	6.3	26.3	103.5	110.1	211.3	12.6	34.0	
92.4	109.8	240.8	69.3	181.2	135.5	226.1	508.4	
42.7	44.5	19.3	75.6	27.3	63.7	34.6	16.2	
14.2	22.4	8.0	1.7	4.0	3.4	5.1	29.4	
109.5	227.0	39.9	26.7	12.4	38.5	401.6	126.3	
207.1	59.6	31.4	105.8	47.3	264.4	30.7	18.5	
36.8	37.6	42.9	36.6	29.6	39.9	20.1	54.6	
10.5	29.2	15.5	34.5	6.1	8.0	13.3	25.8	
28.4	295.4	95.9	132.2	184.2	70.8	8.9	44.3	
120.8	50.8	31.1	44.5	79.0	97.6	4.5	85.0	
98.7	65.9	102.7	129.1	98.3	194.0	112.8	37.3	
35.2	162.3	136.1	109.4	50.3	21.9	82.0	280.1	
52.1	133.1	304.9	12.6	319.4	39.2	146.8	96.1	
10.4	17.0	16.7	13.5	4.1	32.7	8.3	5.1	
29.3	36.0	46.3	77.7	163.2	117.7	55.8	113.0	
215.4	93.2	347.8	448.2	277.0	396.5	103.3	176.3	
19.2	45.0	35.8	60.4	42.5	58.3	70.0	15.4	
28.8	24.7	11.7	42.8	53.2	9.0	53.7	24.0	
41.2	43.0	49.9	29.6	69.4	20.8	147.9	41.9	
73.0	141.2	129.4	177.4	31.1	74.1	19.1	216.3	
7.3	25.9	33.2	20.5	12.4	38.7	24.1	49.7	
31.5	17.7	30.7	15.0	43.6	139.5	45.8	19.0	
21.3	23.1	41.9	42.6	45.4	38.6	102.8	40.9	
153.1	57.9	119.1	51.8	55.7	96.1	44.4	24.0	
137.7	88.1	41.6	110.4	81.1	250.3	77.5	78.6	
13.7	90.9	64.6	192.8	30.2	138.5	167.3	29.5	
28.6	133.5	8.7	26.2	21.3	23.3	87.9	30.9	
45.5	240.0	35.6	24.7	124.6	104.4	190.9	128.0	
5.3	7.3	15.6	14.9	37.1	16.5	18.5	17.0	
30.2	18.9	17.4	27.5	25.6	41.8	10.7	65.4	
108.1	119.8	62.6	71.6	278.5	198.6	662.2	375.9	
7.7	14.2	7.4	7.2	7.6	8.0	5.6	8.3	
14.7	96.2	45.2	4.5	111.4	63.4	22.7	45.2	
74.8	37.5	66.9	16.5	2.7	32.9	31.3	54.9	
271.3	123.0	78.3	291.7	152.4	75.8	110.4	200.3	
36.8	100.6	58.6	40.6	171.8	41.6	119.0	31.6	
58.4	62.2	22.8	48.1	28.7	72.3	107.7	19.0	
46.1	44.4	15.3	32.9	64.4	15.9	71.5	28.0	
10.3	12.2	47.6	43.1	48.0	65.3	9.6	18.2	
166.5	40.9	170.3	123.0	66.4	273.0	125.1	263.0	
92.5	105.2	18.2	155.9	64.6	78.9	61.9	39.4	
2.1	20.5	8.9	12.4	10.2	33.9	40.2	18.9	
14.4	10.1	30.6	16.8	1.7	16.7	6.3	13.0	
28.3	20.9	151.9	82.4	61.9	54.8	239.8	46.1	
43.1	126.5	192.0	109.1	145.4	66.7	65.8	230.7	
58.1	7.2	87.0	86.3	36.4	86.2	9.6	38.5	
19.3	20.9	21.8	22.3	70.7	58.4	30.5	25.8	
148.7	112.1	71.0	218.7	62.6	215.7	185.3	138.9	
220.0	50.8	14.3	51.7	37.0	177.9	3.9	41.7	
90.4	278.0	144.7	332.4	304.2	127.1	112.2	196.0	
38.6	395.8	766.9	89.5	145.3	43.1	73.2	293.5	
113.9	139.5	70.2	46.1	323.4	73.8	26.4	24.9	
6.7	46.2	85.8	29.5	30.9	74.7	19.1	38.6	
33.3	136.1	513.0	368.8	169.5	92.7	139.4	489.2	
45.0	88.6	75.9	33.5	28.1	31.8	81.8	21.8	
40.5	98.0	77.1	36.6	32.6	51.5	35.4	78.4	
21.0	46.9	23.6	57.1	17.5	66.2	28.8	23.0	
433.5	79.5	37.7	77.0	132.8	201.7	58.2	67.4	
50.0	51.9	167.2	61.7	30.3	77.9	94.3	246.7	
16.3	30.5	54.5	48.8	97.2	22.6	55.3	17.9	
186.2	664.7	289.7	575.1	242.5	281.5	106.4	85.8	
187.0	143.5	128.2	143.8	75.4	45.9	165.7	109.1	
65.2	167.8	20.6	99.6	24.5	91.5	39.6	223.7	
74.1	36.4	305.5	61.2	165.5	100.7	24.6	81.6	
14.8	27.7	56.3	38.6	27.3	13.1	37.0	29.7	
11.8	19.1	18.9	27.1	6.2	1.6	12.6	13.8	
72.1	58.7	151.2	26.8	29.8	35.9	97.9	8.4	
17.0	23.1	17.2	55.5	18.0	121.7	42.3	36.2	
22.9	51.5	32.5	21.8	29.3	42.5	36.7	10.6	
30.1	31.9	11.8	8.5	47.5	3.5	18.2	9.2	
24.5	54.7	34.5	27.2	83.8	13.4	107.8	32.0	
109.3	152.0	186.2	269.4	110.5	58.0	79.9	344.9	
62.5	42.5	44.9	57.1	15.4	26.5	36.7	42.0	
46.4	28.4	60.8	41.1	6.7	22.9	73.0	36.8	
6.2	22.3	38.0	23.4	51.5	15.8	28.5	17.5	
294.7	55.9	122.4	145.9	80.3	40.3	111.2	241.8	
46.2	80.4	23.1	45.2	38.1	20.9	26.5	29.3	
13.8	55.8	16.0	29.4	56.5	10.4	5.3	69.7	
208.1	48.8	27.3	31.6	64.2	115.6	36.2	117.0	
26.7	25.0	8.7	15.8	41.9	24.3	3.8	23.5	
124.9	98.7	165.8	152.6	153.5	40.2	66.9	100.8	
111.0	104.6	129.6	15.4	71.5	42.5	105.7	70.5	
23.1	281.2	121.2	146.5	85.3	21.3	39.8	69.3	
18.4	30.0	37.5	51.2	9.9	95.2	70.1	102.0	
23.1	17.4	17.1	71.3	77.2	48.6	14.6	29.7	
11.3	10.3	4.8	18.5	13.9	18.6	9.4	5.5	
4.5	1.2	3.7	6.4	2.5	3.8	10.2	2.7	
50.4	43.4	51.2	42.4	40.2	118.6	60.1	15.3	
98.8	80.1	76.2	36.6	193.4	136.2	161.0	229.6	
255.9	89.5	72.4	171.7	30.0	128.4	42.8	137.0	
52.7	34.6	19.0	69.2	14.9	51.3	95.2	18.3	
118.5	107.0	48.8	139.7	213.3	134.2	37.2	107.7	
70.0	37.6	56.3	91.0	22.9	35.0	45.7	88.7	
87.2	178.2	202.2	102.9	29.7	13.0	47.8	107.5	
17.8	77.4	38.6	40.6	26.0	41.5	25.5	18.1	
46.9	157.7	414.6	197.0	22.6	211.8	213.0	72.6	
78.1	23.3	23.8	91.1	35.7	41.3	40.6	90.2	
62.0	12.4	36.1	27.3	15.8	33.7	54.9	13.8	
385.1	191.3	38.9	97.3	200.0	299.9	102.5	174.4	
19.4	22.0	36.5	22.4	79.2	6.9	22.1	24.8	
23.0	83.2	68.5	29.0	24.5	74.3	180.5	25.7	
46.6	99.1	49.2	17.4	13.6	61.8	76.3	31.1	
66.0	148.0	71.6	11.8	5.6	13.0	140.6	117.9	
191.8	84.3	226.0	293.0	162.2	207.3	617.9	123.3	
143.8	113.3	277.4	80.8	270.0	63.9	206.1	127.1	
27.1	17.3	131.3	30.4	3.8	81.0	21.8	22.0	
73.7	67.1	17.8	20.4	82.0	89.9	80.2	102.2	
1.6	111.6	97.4	22.1	134.0	35.2	21.0	14.4	
173.4	59.1	133.0	39.5	13.8	104.8	38.6	181.2	
117.7	24.3	85.6	64.3	134.6	117.4	69.8	148.5	
19.5	24.5	152.9	63.0	38.5	116.4	22.8	32.1	
148.6	247.6	349.6	101.9	166.1	298.9	518.9	276.5	
15.9	18.8	13.3	22.1	25.6	16.3	44.5	26.5	
17.8	41.3	114.7	25.1	7.7	43.2	28.5	23.3	
187.8	117.5	129.0	58.9	102.7	79.3	223.1	33.4	
24.0	49.3	3.5	25.5	25.3	15.4	44.8	17.2	
20.1	15.7	3.7	25.5	40.7	21.1	18.5	28.3	
32.3	38.7	68.8	25.8	36.6	31.9	30.3	30.6	
36.0	118.0	40.1	43.0	8.6	82.2	79.2	49.0	
208.9	296.4	173.3	18.3	184.7	73.7	47.1	40.8	
60.0	135.1	108.8	91.3	74.6	147.0	151.4	78.4	
21.9	48.4	62.8	11.4	66.2	124.4	69.6	55.9	
284.3	129.1	67.0	124.0	132.3	98.6	81.4	68.4	
34.1	121.9	74.3	91.7	23.1	138.7	37.8	12.7	
77.9	78.9	188.2	27.5	70.1	7.3	93.6	195.2	
45.3	58.4	124.9	36.8	89.2	226.7	41.0	135.5	
93.2	95.5	87.0	122.1	183.6	38.1	45.9	60.3	
110.0	30.4	9.6	12.3	13.1	22.8	0.8	7.2	
77.7	228.6	319.3	132.7	226.3	195.4	79.2	237.7	
279.3	127.4	173.5	207.5	41.4	415.2	77.9	100.0	
6.0	42.5	22.5	8.8	35.5	14.0	41.5	11.2	
153.0	128.0	162.1	80.9	91.2	204.0	42.5	37.1	
355.5	23.9	40.8	78.9	33.2	148.3	213.9	126.3	
83.8	107.6	114.2	78.9	111.6	12.6	103.8	42.6	
15.9	43.4	23.0	18.9	28.8	19.1	48.6	84.7	
74.0	156.9	31.5	131.0	57.3	126.7	25.5	39.5	
99.5	68.0	218.6	10.5	23.0	45.5	42.5	191.3	
25.6	32.3	21.8	66.2	2.3	28.2	30.5	22.0	
22.6	17.0	57.7	55.7	35.4	7.5	42.6	221.0	
173.7	162.5	176.7	33.9	202.6	52.5	34.0	119.9	
56.0	15.0	13.1	17.1	24.8	60.4	59.2	13.5	
130.6	145.3	140.0	241.7	187.5	127.4	174.3	377.5	
84.6	4.5	21.5	46.2	25.7	21.2	10.3	41.3	
41.6	93.2	37.3	93.2	42.8	99.2	75.7	107.0	
12.0	10.2	4.8	6.7	15.2	33.0	10.8	11.4	
40.0	8.5	65.4	58.9	24.9	31.2	69.7	29.2	
119.1	149.6	121.4	154.7	178.9	59.8	25.2	250.9	
57.0	81.9	179.7	62.7	31.3	91.4	47.4	4.6	
248.3	142.8	17.3	94.6	87.5	124.7	53.3	176.0	
28.9	23.3	332.8	36.7	111.1	15.0	46.1	48.2	
468.2	172.6	430.0	139.6	607.5	561.9	140.9	191.3	
108.2	84.2	133.1	46.3	18.8	44.1	10.7	196.7	
80.5	103.3	48.8	79.1	41.5	119.3	16.3	52.1	
22.6	66.1	74.4	288.2	41.4	179.1	84.2	98.8	
105.3	66.6	306.4	140.3	238.1	113.2	158.5	200.3	
296.4	68.4	113.8	83.2	11.3	153.5	449.6	60.8	
49.8	67.2	34.8	29.2	57.9	8.1	16.6	43.7	
52.0	21.9	19.5	47.1	22.1	41.0	64.8	39.9	
6.3	12.2	22.6	9.2	19.0	12.5	2.1	14.1	
205.6	62.8	109.4	152.3	67.4	133.9	14.7	60.1	
36.4	233.9	476.6	148.7	75.9	168.7	100.6	69.9	
26.3	27.4	75.3	8.2	28.8	12.4	49.7	29.5	
24.2	8.2	15.0	8.0	10.7	7.5	50.9	30.0	
79.6	157.0	72.6	29.5	217.4	207.5	46.4	50.1	
23.0	20.6	7.7	24.6	52.2	41.0	21.7	62.5	
25.5	107.9	20.4	36.5	27.7	144.9	68.3	45.6	
81.8	24.6	66.3	21.5	102.3	13.7	57.1	90.3	
42.9	61.9	10.7	134.1	109.3	173.7	13.8	118.3	
60.9	32.5	22.4	76.3	21.8	123.7	64.3	68.2	
171.0	207.6	121.7	670.1	333.1	146.9	47.1	252.8	
118.2	223.8	184.2	298.2	16.5	146.9	100.2	54.1	
8.6	20.5	23.0	29.8	4.9	69.9	16.6	41.0	
10.7	45.4	26.5	29.1	243.7	72.7	38.4	222.5	
53.2	23.9	3.2	58.0	6.0	25.6	38.7	24.3	
152.6	45.9	53.3	160.6	87.4	76.2	60.3	154.7	
21.6	18.3	15.4	41.5	28.0	0.9	15.9	34.6	
32.5	38.1	5.6	12.3	12.9	12.6	5.7	1.3	
73.2	118.2	39.7	87.1	86.5	49.4	4.7	87.5	
33.4	148.3	91.7	120.1	102.5	14.5	42.8	227.7	
12.4	40.6	15.3	29.7	36.9	36.6	34.1	38.7	
12.7	43.2	31.5	30.9	60.1	32.7	104.9	115.8	
40.0	9.8	4.7	6.5	4.4	18.3	3.3	24.8	
97.6	153.8	86.8	101.6	398.0	104.0	65.8	167.1	
20.8	69.2	7.5	12.8	47.2	20.9	52.7	24.2	
2.9	5.0	11.8	115.1	15.7	12.5	20.7	19.5	
44.8	12.7	53.8	141.4	46.4	39.6	81.2	117.6	
59.4	180.7	62.0	130.0	24.5	75.7	94.2	48.6	
29.8	46.8	24.7	104.4	94.7	166.3	20.5	53.9	
101.9	121.2	45.7	55.1	99.6	33.5	64.6	50.1	
51.6	71.5	103.9	128.0	108.3	16.9	117.6	52.3	
42.7	63.2	94.2	146.0	188.0	62.7	252.1	72.2	
118.9	25.0	45.3	100.1	70.8	21.7	12.7	26.5	
122.4	380.6	58.7	87.2	213.5	115.3	140.8	4.1	
69.5	95.7	10.5	13.2	60.4	26.6	41.8	146.2	
25.3	12.7	5.8	43.5	29.0	41.9	17.4	34.9	
25.6	47.7	20.6	64.9	124.1	21.2	112.7	137.9	
56.1	28.4	23.0	92.6	12.7	3.6	20.6	94.0	
164.0	49.8	17.4	22.5	51.1	31.5	98.7	43.5	
191.0	103.2	302.6	305.9	99.5	515.7	28.9	84.7	
124.3	39.1	58.3	88.2	11.5	24.4	76.2	39.1	
1.2	7.4	3.6	5.7	2.2	7.2	3.8	7.4	
17.9	8.7	8.7	18.6	22.2	37.2	13.8	13.1	
46.6	126.9	109.5	115.0	181.7	83.6	128.5	43.6	
16.8	20.9	18.8	27.8	16.1	18.0	16.7	19.3	
102.5	124.0	22.4	45.5	136.3	44.2	42.2	28.4	
1229.5	420.6	129.8	286.2	183.1	78.3	173.9	798.7	
100.3	226.2	21.2	246.5	337.0	290.2	37.4	93.1	
30.7	9.3	68.2	138.9	43.5	23.4	64.1	51.3	
27.1	44.7	21.2	24.4	63.3	26.5	8.9	55.9	
32.1	11.0	22.3	28.9	43.2	42.1	31.0	43.2	
115.6	107.7	74.6	144.2	210.2	240.6	63.9	191.3	
204.1	73.6	218.6	461.8	48.1	26.9	79.0	18.1	
171.9	365.4	36.3	414.5	246.8	194.4	56.0	240.7	
52.4	30.8	31.1	46.6	34.9	48.3	12.1	21.6	
52.2	51.1	37.6	90.1	45.4	61.3	30.2	22.4	
200.3	72.8	12.2	87.8	25.4	57.7	66.4	106.9	
34.2	20.8	11.9	54.3	10.5	22.3	6.9	118.5	
44.7	163.4	40.1	295.3	34.9	48.3	84.1	126.3	
51.7	108.8	39.2	142.4	13.4	122.3	117.4	208.9	
31.3	20.5	18.0	130.7	207.9	54.5	16.9	103.0	
22.7	6.8	9.3	13.5	3.8	12.5	6.9	7.4	
7.7	5.6	1.6	4.9	22.0	49.9	36.6	3.2	
15.9	22.0	12.0	87.2	49.6	49.4	114.5	26.9	
30.4	32.8	6.4	8.4	50.6	45.4	18.0	26.7	
131.3	33.6	91.2	109.5	15.5	64.4	58.5	121.6	
136.1	187.5	5.7	179.2	247.0	645.8	79.4	53.2	
5.2	5.7	26.8	28.2	35.9	55.1	56.4	55.7	
72.8	43.2	31.4	61.0	59.9	62.2	23.0	23.1	
1.5	42.1	22.9	48.7	41.2	23.5	66.2	73.5	
74.1	76.7	19.9	82.4	82.5	157.9	26.9	27.7	
77.9	35.6	37.9	57.6	22.1	89.2	79.7	54.7	
114.5	30.2	97.5	183.2	127.7	45.9	39.0	73.1	
21.6	5.8	7.5	7.4	17.3	13.4	20.8	20.1	
39.2	46.9	13.4	17.6	42.3	7.1	5.3	64.7	
46.6	59.5	49.7	68.0	22.4	51.8	52.6	113.6	
49.9	24.0	19.1	29.4	27.1	4.9	92.5	43.2	
108.2	31.4	15.6	62.9	69.6	40.4	32.7	2.5	
150.9	192.9	138.3	206.5	116.0	164.9	76.8	113.4	
278.4	236.9	305.7	330.6	81.9	188.6	273.9	379.0	
144.1	152.7	94.4	258.0	193.1	141.5	120.1	101.4	
82.0	61.2	42.1	185.1	34.7	94.0	61.8	253.0	
53.5	13.5	9.9	32.2	22.6	19.5	21.5	9.6	
62.0	40.7	64.6	231.4	26.3	76.8	26.8	64.6	
8.2	32.2	5.3	10.5	4.6	12.8	19.7	10.4	
59.4	116.1	88.4	110.9	64.3	236.4	78.8	302.5	
15.6	43.5	24.6	67.8	201.5	17.5	68.2	67.9	
10.9	31.7	10.2	34.2	22.9	12.8	49.2	8.8	
39.8	83.8	57.9	264.9	48.9	42.4	243.6	205.0	
63.5	23.0	12.5	173.2	21.9	65.4	76.7	74.5	
69.9	39.7	126.5	176.8	40.4	364.3	199.5	75.4	
94.1	43.4	106.9	168.5	7.7	36.2	77.4	61.1	
45.3	20.5	5.9	12.6	21.1	11.6	52.7	11.9	
100.0	268.7	108.7	130.6	121.0	57.6	25.6	35.3	
10.9	23.1	15.9	17.4	17.9	23.9	7.2	18.2	
3.5	81.1	43.0	55.7	41.4	17.3	26.0	64.2	
127.6	80.7	23.3	116.4	5.1	25.7	104.2	127.1	
27.3	131.9	30.7	100.0	106.7	116.8	33.2	104.4	
57.5	5.2	47.2	65.9	10.4	24.4	17.3	6.2	
170.3	232.1	28.9	115.1	83.3	32.7	176.9	204.6	
25.8	36.8	57.1	77.0	2.0	34.0	65.6	8.3	
51.7	16.7	91.4	90.7	31.4	82.0	196.9	103.0	
6.2	27.0	10.8	13.9	8.2	29.0	11.3	20.3	
95.1	40.4	20.7	39.1	204.5	28.4	15.8	70.5	
44.9	17.4	13.0	24.6	24.5	26.9	62.3	13.7	
6.4	67.4	71.8	109.7	60.5	21.0	131.8	37.2	
64.9	33.8	29.4	66.8	56.7	59.7	37.1	43.3	
1.3	22.9	44.0	123.5	33.0	56.5	19.0	61.6	
55.0	95.1	29.4	36.2	247.5	134.5	46.8	167.7	
11.0	20.8	14.6	24.2	24.8	30.8	3.9	34.7	
5.2	26.3	4.4	50.8	53.1	27.4	4.2	4.2	
89.2	312.3	38.0	221.0	129.7	121.7	99.3	58.9	
18.0	22.4	7.1	14.7	8.8	8.8	8.0	3.9	
84.9	27.3	70.6	138.7	19.8	17.3	34.7	9.8	
153.9	116.9	94.7	283.9	66.3	156.8	145.4	148.9	
71.4	242.8	134.0	171.2	193.5	178.0	56.5	93.0	
18.3	11.2	29.8	96.6	32.5	24.3	59.3	56.0	
49.2	41.0	8.2	103.6	51.7	21.3	58.7	84.6	
112.3	15.6	91.2	97.9	71.6	91.2	12.1	30.3	
140.6	238.7	26.8	61.0	47.6	145.5	160.8	77.7	
21.3	10.6	40.4	115.4	32.9	144.8	61.3	67.7	
227.0	44.6	9.4	82.6	147.7	111.0	20.8	134.3	
28.4	81.3	66.4	114.4	13.2	67.8	6.3	123.5	
334.4	75.4	168.6	202.6	49.3	117.1	50.7	35.4	
27.9	116.2	103.6	141.8	52.9	145.2	74.2	46.3	
41.5	60.4	10.4	29.6	24.6	1.2	58.9	117.1	
45.5	139.3	62.6	299.2	22.7	147.5	146.9	51.2	
36.6	86.1	9.7	26.4	10.7	30.2	51.9	31.8	
34.9	23.1	94.5	193.4	74.2	65.7	78.9	165.2	
105.5	90.6	52.1	111.7	14.1	2.5	13.4	36.2	
166.4	29.8	60.3	163.3	251.5	111.3	60.6	86.5	
238.9	341.0	69.8	197.6	31.5	166.9	202.1	13.8	
4.2	6.9	9.0	23.8	9.0	8.6	13.4	15.1	
5.9	11.0	8.7	13.2	14.9	15.6	14.5	13.2	
143.0	60.6	47.3	251.0	59.5	136.2	75.5	10.6	
176.2	55.5	44.3	179.4	412.1	142.8	238.3	118.7	
241.0	147.6	87.6	429.4	70.0	457.5	62.3	115.3	
186.2	206.0	62.6	66.4	59.4	35.6	129.2	10.8	
157.5	44.1	28.9	103.0	109.9	92.4	53.9	88.6	
306.9	215.8	235.3	423.6	180.8	55.6	390.9	104.9	
194.7	94.4	25.7	181.3	73.2	81.7	137.8	85.1	
78.4	160.2	32.0	41.3	92.9	95.2	25.6	15.0	
74.7	23.9	22.4	61.6	24.0	7.8	50.3	10.1	
111.0	10.6	29.1	38.7	10.4	48.1	55.7	81.6	
71.8	8.0	20.9	111.3	60.0	133.2	145.0	75.1	
11.1	48.7	19.1	76.1	51.1	18.1	114.4	42.2	
92.9	141.6	33.7	38.0	126.2	140.1	17.9	37.5	
36.2	22.2	52.2	76.7	102.1	150.1	32.0	115.0	
10.3	100.6	15.9	146.6	109.5	22.0	111.8	25.7	
15.0	9.2	37.6	99.0	49.7	51.2	19.4	24.3	
73.0	101.7	47.1	64.4	154.6	110.5	42.4	11.7	
6.9	20.7	7.5	13.6	7.7	16.8	11.6	14.6	
46.5	54.3	79.0	104.9	75.9	72.2	49.7	116.4	
33.7	140.1	5.9	60.8	66.7	36.4	183.1	16.7	
108.3	56.9	199.9	301.1	154.1	100.2	85.3	228.6	
221.2	179.6	39.3	93.8	35.3	73.8	100.9	64.2	
62.8	108.5	28.1	66.6	11.8	3.3	146.6	128.9	
14.4	89.5	30.8	76.2	81.5	9.5	21.8	145.3	
28.2	11.0	26.6	54.3	28.7	52.0	20.9	34.1	
70.6	17.2	16.4	34.5	105.9	33.2	43.2	19.7	
112.4	2.3	50.3	100.0	53.6	65.3	77.7	125.1	
186.4	292.2	26.6	66.4	64.9	216.1	104.6	17.3	
7.1	100.4	11.7	28.1	30.9	81.2	11.6	28.1	
25.5	117.0	17.1	39.4	23.3	37.3	128.3	69.8	
20.4	6.1	3.9	27.7	7.5	10.6	25.6	13.5	
63.0	92.1	134.1	213.9	34.7	51.2	148.6	122.7	
80.6	84.1	37.1	70.7	53.8	183.5	19.2	232.6	
78.8	24.4	20.9	118.2	162.6	73.4	58.9	77.3	
69.8	19.6	23.5	41.5	11.7	56.9	19.6	54.4	
26.5	9.7	30.2	44.3	30.4	4.1	6.4	18.6	
116.5	650.9	154.2	158.0	98.0	194.2	34.1	180.2	
162.3	76.6	19.2	33.1	258.7	113.7	158.7	90.5	
125.1	3.7	42.1	70.0	7.6	39.4	36.5	80.1	
60.8	106.8	36.4	65.1	168.0	44.0	32.5	150.5	
95.6	40.3	9.0	20.0	67.1	30.3	28.6	23.0	
94.9	72.4	17.0	49.5	93.3	68.9	60.7	42.7	
52.2	29.0	27.3	37.7	39.6	25.7	26.8	18.7	
54.6	87.4	35.6	82.1	50.8	20.7	210.9	80.5	
61.0	29.7	21.9	63.8	44.3	80.0	31.4	146.4	
20.6	25.5	60.4	108.8	90.8	208.9	52.0	1.1	
32.1	38.6	24.5	27.8	46.3	15.7	95.1	24.4	
156.3	398.7	91.9	162.1	123.2	442.2	112.7	29.8	
80.4	11.7	53.4	113.0	45.7	39.6	40.2	156.7	
19.6	22.8	20.8	23.7	7.3	11.3	20.7	4.9	
17.7	45.7	17.8	27.0	74.6	65.5	93.2	10.8	
14.0	87.0	30.4	95.6	29.0	75.4	71.7	21.0	
57.8	84.1	7.5	52.8	120.3	42.8	127.9	52.1	
9.4	54.0	63.2	78.2	6.2	36.0	31.4	28.6	
25.8	52.2	10.7	21.1	10.5	8.6	2.0	21.3	
52.1	95.2	36.7	307.5	23.8	6.0	14.2	139.0	
72.5	66.8	15.9	21.9	24.5	63.0	37.9	146.9	
42.4	18.5	12.5	28.0	12.6	18.2	12.6	21.3	
138.0	13.4	40.7	62.3	158.8	47.2	38.7	22.6	
121.6	188.5	16.9	94.8	136.1	127.8	18.1	197.8	
21.1	65.0	8.6	137.6	6.6	38.4	33.5	20.4	
16.9	12.5	9.4	11.1	7.6	6.4	17.4	9.6	
47.3	24.7	8.9	69.0	35.7	43.1	18.6	159.8	
442.5	29.8	94.0	187.1	114.6	21.6	155.3	108.1	
150.0	61.8	14.8	156.6	46.7	131.8	215.5	153.5	
71.5	49.8	16.4	17.0	72.4	79.3	123.7	20.3	
20.1	23.1	8.9	60.1	22.2	22.6	14.4	19.7	
202.4	93.3	15.9	116.9	125.2	85.4	148.2	114.6	
49.8	74.5	57.3	108.4	46.5	7.2	16.0	121.4	
95.8	51.2	21.4	81.5	26.6	54.8	256.1	171.3	
69.8	27.9	8.9	15.9	10.4	64.5	4.8	94.6	
48.4	43.6	5.0	19.1	56.0	29.6	61.0	85.8	
53.8	53.5	22.5	121.9	89.4	22.1	34.5	54.1	
10.9	23.1	31.9	34.2	14.8	7.4	100.0	57.1	
100.6	76.9	17.3	108.0	239.1	53.7	195.1	104.5	
343.5	35.2	25.1	259.9	65.0	124.2	398.4	146.5	
60.7	28.1	52.5	55.8	48.5	50.2	95.2	138.3	
268.4	43.5	102.0	120.7	122.7	473.6	35.9	159.6	
179.0	302.9	127.6	347.7	12.8	283.2	115.1	193.8	
62.0	93.5	73.1	121.7	78.6	53.4	15.8	20.4	
12.2	19.2	8.3	21.1	48.5	8.3	37.7	4.4	
52.8	83.2	48.9	124.1	15.1	57.9	90.9	38.1	
109.2	68.3	66.3	93.5	40.4	89.3	75.7	44.2	
106.4	105.1	88.3	200.6	224.2	513.1	148.1	159.7	
10.5	10.3	16.3	27.1	18.0	22.7	8.5	25.1	
140.4	167.9	177.6	183.4	77.1	115.9	122.2	63.8	
6.2	37.5	27.6	46.5	69.2	29.0	33.3	13.7	
134.0	41.1	20.4	71.4	54.0	35.0	84.5	73.1	
73.9	68.7	112.5	242.7	53.7	80.8	143.6	74.9	
54.3	165.4	199.1	248.3	67.6	132.7	14.3	230.1	
7.1	43.7	25.0	72.2	37.9	33.3	52.4	29.0	
184.8	32.9	76.4	116.9	106.4	93.1	104.4	171.1	
76.2	71.2	15.2	47.7	214.5	114.2	92.2	248.0	
66.3	100.7	27.5	192.1	48.1	99.1	139.0	178.1	
384.3	31.2	35.4	136.3	58.1	35.4	72.4	17.9	
147.3	160.3	137.2	335.8	275.4	200.0	86.3	186.4	
247.6	46.7	65.4	106.4	92.5	61.0	60.0	81.1	
35.4	35.3	18.5	56.3	78.9	49.6	105.0	36.2	
54.5	111.4	21.9	149.0	99.6	58.5	25.7	32.6	
18.4	151.9	78.4	193.0	100.3	100.2	15.8	81.6	
57.8	114.3	177.3	225.8	64.8	128.9	276.8	274.8	
8.3	9.3	8.4	17.8	8.3	5.8	3.4	0.4	
26.4	44.1	30.7	43.0	71.4	115.8	47.8	26.2	
14.1	24.3	8.1	81.4	16.8	60.7	16.2	11.5	
45.8	142.4	10.2	36.2	25.2	92.5	10.2	76.3	
46.4	56.4	28.8	64.0	58.6	135.1	93.5	147.9	
265.4	321.0	197.1	223.6	66.0	215.2	185.0	219.4	
87.5	47.6	95.6	112.2	83.1	41.3	26.1	41.9	
10.1	55.7	31.7	97.3	5.8	28.6	26.8	3.3	
78.0	22.5	21.0	22.3	26.2	81.2	58.1	34.0	
37.2	51.1	91.2	150.2	12.1	82.3	142.1	131.9	
180.2	260.3	41.2	115.4	204.2	95.7	134.0	216.1	
20.6	3.4	49.9	57.6	52.2	35.5	37.9	25.7	
34.8	12.2	9.5	15.5	15.0	8.0	28.4	38.9	
87.3	62.5	46.8	126.6	52.8	67.1	28.2	23.7	
19.4	25.4	17.6	36.9	40.0	6.2	7.6	5.7	
57.1	35.0	12.6	67.7	61.2	43.1	16.6	23.7	
331.1	135.0	144.8	215.9	34.8	168.3	117.7	110.4	
60.5	142.6	48.1	57.2	76.9	106.2	72.8	80.0	
64.7	17.6	11.5	15.3	26.5	143.8	38.2	20.9	
3.9	15.1	4.0	24.0	38.1	34.8	26.7	18.0	
79.0	13.1	19.0	30.1	26.2	13.0	1.9	34.5	
34.1	67.2	8.7	66.9	27.6	17.2	106.3	15.4	
2.6	41.2	39.3	51.0	7.7	32.4	27.7	2.4	
5.9	58.2	22.8	51.1	38.7	71.1	12.5	14.9	
102.0	55.0	19.2	383.8	172.6	151.7	196.9	58.3	
99.8	246.3	57.2	211.6	291.4	90.7	45.3	86.9	
61.2	98.6	30.5	40.3	17.6	31.1	7.6	129.4	
142.4	41.6	42.8	123.4	57.2	128.4	250.9	20.8	
300.5	36.2	112.0	153.7	25.3	51.9	253.4	85.9	
213.6	97.0	41.7	269.3	194.3	155.0	438.0	110.4	
103.6	58.3	68.7	86.7	233.5	32.9	191.6	110.3	
92.0	19.9	65.9	179.0	72.0	23.6	9.1	18.8	
18.4	40.5	4.3	26.4	52.4	85.4	19.6	24.8	
2.5	12.7	13.5	19.2	36.6	14.1	12.3	7.8	
471.0	471.5	219.7	443.7	320.2	848.5	242.4	36.2	
45.1	4.5	36.9	57.7	20.5	15.4	12.3	41.5	
17.0	23.9	6.3	9.9	0.8	29.8	14.2	13.9	
16.9	1.9	14.4	54.5	7.3	25.8	4.5	18.3	
87.7	238.8	179.3	223.9	203.7	154.7	51.1	371.6	
16.3	29.7	4.3	10.1	19.5	7.0	23.4	9.2	
247.7	146.1	108.0	114.7	62.3	67.2	375.9	109.6	
18.9	26.1	5.1	57.2	15.2	29.1	8.3	14.0	
107.2	148.4	11.6	26.1	116.2	36.4	125.0	102.9	
92.5	29.8	14.4	37.2	136.3	49.4	64.0	60.6	
44.9	84.1	55.0	67.3	34.4	46.0	56.0	12.9	
73.5	85.0	71.3	144.4	43.2	198.5	100.9	69.5	
35.2	18.5	49.9	71.1	10.5	74.3	23.5	39.0	
30.3	6.9	21.2	31.0	17.7	15.2	19.5	34.9	
68.6	78.5	96.3	147.3	154.3	75.4	209.8	224.4	
39.5	36.6	15.7	96.8	23.8	22.2	13.3	26.0	
128.3	67.2	28.3	77.3	45.4	0.8	81.4	83.9	
11.3	31.9	8.9	32.7	36.5	11.3	16.7	25.7	
18.5	1.0	29.5	14.9	35.6	18.6	31.2	30.8	
21.6	32.5	24.2	4.5	12.9	5.0	32.6	15.4	
19.1	38.0	175.4	31.3	22.1	65.3	28.4	16.2	
23.1	9.0	23.6	33.6	7.7	56.5	31.4	71.4	
36.1	10.2	31.6	8.5	33.1	106.0	58.0	24.5	
33.4	122.4	123.5	25.8	134.0	138.2	133.4	81.1	
226.9	82.3	26.0	42.6	153.4	249.7	23.8	218.5	
104.3	75.8	160.5	145.7	65.4	50.5	94.5	39.4	
2.5	6.9	5.9	6.9	1.5	4.7	5.4	8.9	
207.2	133.3	73.3	99.3	257.0	21.8	141.7	49.4	
88.4	37.1	126.5	75.0	50.4	32.1	14.6	31.7	
19.0	9.5	45.4	26.0	8.3	17.6	11.4	5.3	
83.6	6.0	44.6	135.8	56.8	109.2	91.7	6.8	
45.9	48.2	11.3	155.4	108.4	188.8	50.3	186.7	
45.4	37.4	46.2	154.8	188.5	33.9	86.3	122.2	
148.4	164.2	59.2	43.6	171.4	98.8	51.3	35.1	
86.7	79.2	11.3	99.5	30.5	24.1	44.1	57.8	
90.6	18.2	114.2	117.9	110.4	109.2	252.8	35.4	
107.8	22.7	406.9	106.4	143.7	237.8	15.8	179.3	
67.7	5.8	39.2	27.8	21.6	8.9	1.9	22.8	
186.9	293.8	54.8	197.1	114.6	185.9	24.4	139.2	
307.6	65.9	92.2	37.0	111.1	64.3	241.7	188.4	
156.5	48.0	85.1	12.9	31.4	283.4	45.8	48.7	
24.8	13.8	43.9	8.0	8.3	16.3	7.4	8.6	
43.7	45.1	98.7	193.4	88.6	81.1	185.3	372.4	
134.6	29.7	4.0	65.5	35.6	66.6	152.4	28.8	
161.9	57.1	106.5	199.1	507.4	420.6	664.9	180.4	
25.7	15.1	19.4	22.9	2.8	33.6	41.7	43.2	
222.0	59.3	73.7	131.6	30.3	151.9	90.5	65.3	
34.1	164.8	81.6	99.3	90.6	189.8	141.8	23.5	
92.5	185.1	120.9	76.4	168.1	12.4	48.4	76.4	
5.8	51.0	85.0	24.4	92.4	16.0	37.6	21.0	
11.1	41.8	42.2	48.0	23.6	27.8	9.3	19.1	
2.3	20.3	10.5	19.3	18.7	39.3	16.5	12.9	
67.4	346.4	41.2	32.2	70.9	47.7	36.7	127.6	
12.6	35.9	30.5	51.6	38.9	40.3	251.3	105.7	
12.7	30.5	7.9	28.5	4.5	19.8	6.4	12.2	
22.4	19.5	26.7	36.8	1.0	16.8	19.4	42.8	
38.3	15.1	15.6	20.6	6.2	19.3	12.1	12.9	
27.6	72.4	49.7	60.1	153.2	47.1	303.3	238.8	
21.0	56.9	10.5	7.8	25.3	10.7	37.4	51.5	
3.2	44.7	58.7	44.0	36.2	17.2	10.4	48.5	
117.9	56.2	236.5	168.6	140.8	146.2	49.1	201.5	
113.8	40.8	32.1	15.0	14.2	43.4	52.3	32.7	
31.8	30.8	23.2	44.1	13.4	33.6	35.9	20.6	
248.6	458.8	209.0	311.5	423.8	162.8	248.3	486.9	
17.9	19.4	96.3	144.3	92.0	13.8	74.0	32.6	
1.3	0.7	10.2	37.5	21.4	28.1	47.2	60.5	
149.4	65.6	58.3	9.4	115.7	57.6	31.4	20.7	
62.0	122.3	118.1	42.9	20.4	115.1	92.6	16.8	
229.5	196.0	224.4	167.5	80.7	141.2	154.9	113.7	
84.9	74.1	235.4	80.9	26.0	149.4	81.1	81.7	
114.3	109.4	136.6	65.9	44.0	27.9	47.1	118.6	
15.3	57.2	28.6	99.7	146.2	65.4	70.6	36.7	
31.9	38.2	56.4	14.7	88.7	66.4	12.7	148.8	
53.7	32.9	54.2	27.3	11.5	85.6	58.5	163.3	
47.3	33.9	78.7	21.3	26.4	84.8	29.0	41.4	
233.9	124.0	102.7	222.2	178.3	30.9	102.6	89.1	
5.1	4.9	1.2	6.6	2.7	2.9	3.7	3.7	
25.9	16.4	38.6	31.9	82.1	76.2	61.3	13.8	
18.4	23.1	68.7	78.5	37.4	30.9	109.1	19.5	
26.7	26.8	16.7	20.8	12.9	19.7	39.2	18.6	
50.2	20.4	10.8	11.9	12.8	29.2	12.3	47.0	
38.6	5.7	5.3	22.0	23.3	9.5	24.0	37.8	
295.3	58.6	137.9	267.0	175.4	135.4	14.0	120.9	
37.3	32.5	14.1	58.5	90.9	42.8	52.5	118.4	
125.4	116.3	34.0	87.8	50.0	217.6	95.0	79.0	
19.1	25.8	17.2	22.1	5.7	12.3	4.7	15.7	
52.0	116.0	42.1	131.8	97.8	126.8	146.3	37.2	
52.7	79.1	24.5	44.5	35.5	35.6	59.5	28.7	
8.4	29.2	74.1	22.1	48.2	12.6	35.7	37.1	
89.9	47.7	136.7	51.7	172.1	40.7	13.3	89.8	
32.0	70.9	26.2	13.9	38.9	65.7	73.6	84.3	
19.9	11.6	29.5	3.9	8.6	5.6	6.6	8.7	
33.3	25.3	64.4	51.5	26.1	71.5	21.3	51.1	
44.2	94.0	31.5	14.6	14.5	63.9	7.1	59.0	
126.7	23.3	38.8	89.6	98.0	117.5	54.6	37.6	
92.4	38.5	64.0	80.3	30.8	26.1	132.6	105.7	
82.8	25.3	90.1	117.3	27.3	24.9	111.8	135.6	
71.8	32.7	7.5	10.7	27.3	11.9	17.0	7.2	
200.3	268.3	113.3	170.3	132.1	147.6	131.8	142.1	
37.0	60.5	261.1	188.1	96.6	60.0	46.4	60.8	
228.0	229.4	114.6	286.5	260.5	74.5	74.4	36.2	
73.0	34.3	89.9	7.4	35.1	35.6	33.8	93.7	
109.4	39.8	25.8	12.8	57.8	106.5	51.7	58.7	
12.3	81.9	36.2	56.4	4.7	27.4	34.8	73.2	
4.1	49.4	26.1	22.7	30.3	52.8	6.7	40.4	
56.3	23.0	49.8	71.1	5.9	82.3	34.1	9.7	
36.3	29.1	33.9	14.1	62.8	26.3	2.6	4.7	
158.2	203.6	60.5	102.5	257.4	293.8	139.0	728.9	
6.0	24.4	41.5	18.7	74.9	18.9	38.6	29.3	
21.0	5.4	27.8	58.4	29.6	73.8	23.3	1.1	
67.6	23.7	84.0	75.3	19.0	136.2	48.1	118.0	
29.4	34.2	157.6	51.0	23.9	35.4	83.8	76.2	
183.4	192.1	96.7	96.9	103.9	93.8	143.8	65.5	
31.1	88.9	212.8	60.6	123.0	32.0	59.4	116.3	
88.4	16.8	13.1	62.2	31.5	22.3	36.9	49.9	
37.2	57.8	53.8	80.4	101.7	33.4	19.7	80.9	
184.1	77.8	275.0	116.0	213.1	179.9	226.3	189.6	
25.1	46.1	35.6	66.8	22.9	31.8	36.5	58.1	
94.4	101.9	60.8	157.6	34.8	181.4	144.2	249.9	
78.1	236.6	24.5	97.3	114.4	70.2	129.6	34.0	
30.1	29.8	47.7	47.2	68.4	42.6	84.1	35.2	
108.7	257.2	114.7	89.4	59.6	66.5	64.4	179.1	
23.2	12.6	6.9	38.0	36.5	32.6	17.6	6.5	
25.0	5.3	12.8	5.0	8.6	21.1	1.5	8.0	
285.0	78.8	6.8	95.8	36.8	78.7	27.5	82.5	
62.8	14.3	14.5	5.9	32.5	45.0	114.4	21.1	
42.0	66.5	205.1	123.4	235.6	63.7	176.1	231.9	
38.4	110.5	103.7	61.8	14.5	101.1	52.5	100.8	
136.4	21.1	72.1	52.3	135.9	127.0	11.8	90.7	
216.6	33.7	137.8	18.4	29.1	72.6	75.5	50.0	
85.6	58.4	28.9	26.3	61.5	12.3	82.3	29.2	
45.9	210.3	81.1	81.8	32.9	90.2	110.4	39.9	
354.1	229.2	155.9	153.9	21.5	173.5	460.3	105.3	
60.8	95.3	38.8	190.5	82.6	174.1	43.2	91.3	
29.0	58.8	60.6	73.6	34.8	18.8	75.3	81.9	
100.4	72.5	159.3	36.7	141.9	37.0	84.5	50.6	
226.9	34.8	101.2	42.8	144.3	88.7	271.5	133.2	
100.7	108.3	78.8	57.9	99.1	148.9	176.9	14.5	
193.9	105.0	96.6	163.6	65.9	14.6	160.2	70.6	
108.1	115.0	58.2	29.3	60.0	79.9	45.3	184.7	
131.8	6.8	29.7	40.6	43.1	71.8	109.8	15.8	
36.8	14.5	114.0	183.8	61.4	33.8	54.5	58.2	
77.4	9.3	58.0	47.6	48.6	38.3	52.0	45.6	
150.7	257.6	388.6	110.4	79.6	104.9	354.6	41.2	
5.8	13.3	3.6	2.6	1.8	3.7	2.2	2.2	
32.8	79.3	13.3	132.2	51.8	47.8	45.7	15.1	
134.4	45.4	63.2	27.8	28.7	24.0	55.6	47.7	
226.7	231.1	28.4	28.9	43.2	102.2	60.5	245.3	
11.6	19.4	6.4	44.1	38.3	4.6	26.3	98.0	
74.7	136.7	127.7	139.3	362.3	120.6	241.1	191.2	
31.2	37.4	27.6	31.1	18.8	24.0	34.9	36.5	
10.0	244.8	203.8	55.8	159.1	272.7	205.3	195.0	
80.9	101.7	22.9	9.2	70.8	93.6	113.4	171.6	
259.7	63.6	136.9	236.2	180.9	127.7	87.3	121.5	
1.3	18.2	12.1	6.8	20.8	1.7	31.7	24.7	
12.3	33.7	29.9	32.0	28.4	22.6	44.7	54.8	
45.5	90.6	157.3	435.9	125.7	275.2	187.0	78.5	
58.3	127.9	7.7	95.1	102.3	110.5	47.2	69.0	
180.6	160.4	127.6	350.3	74.6	174.3	383.7	301.4	
158.7	116.8	120.9	223.8	108.0	57.2	106.0	50.7	
30.9	97.6	85.7	38.1	64.4	166.1	118.1	45.5	
179.3	17.8	45.3	277.6	207.5	552.4	71.6	116.6	
7.2	1.5	8.8	3.1	18.7	2.2	9.4	7.8	
40.8	10.5	93.9	72.9	6.2	46.4	42.3	28.8	
171.5	148.9	196.3	81.8	107.2	66.5	121.1	71.9	
29.5	55.0	12.9	2.1	6.2	5.3	32.2	37.7	
245.5	100.7	11.9	107.1	491.8	86.8	88.5	116.3	
180.3	411.9	51.3	106.5	52.6	245.6	116.7	245.5	
55.9	13.2	6.8	13.0	32.4	6.2	14.3	44.1	
29.0	24.8	43.7	90.7	41.9	123.4	37.7	66.9	
135.2	14.0	74.5	71.9	22.4	84.7	237.8	73.7	
45.6	77.2	61.9	31.4	22.8	96.2	50.5	188.3	
183.9	248.5	370.9	146.0	151.8	56.2	92.7	67.9	
41.6	19.9	76.5	64.8	70.1	11.2	57.8	11.5	
34.8	139.3	68.3	49.3	39.1	27.5	54.5	147.1	
16.5	26.9	126.3	20.9	28.6	55.5	69.5	9.1	
32.6	25.5	207.7	116.7	37.9	23.2	95.2	130.4	
31.3	7.3	131.6	113.9	94.4	267.7	135.9	109.7	
14.9	64.9	26.5	51.7	40.4	31.7	5.5	45.1	
69.1	59.5	22.8	16.1	47.7	16.9	52.5	74.3	
23.9	18.6	81.8	120.6	9.8	105.9	139.1	69.2	
128.8	28.3	134.0	53.5	45.4	29.1	27.7	136.5	
304.7	82.5	114.5	209.7	138.7	181.5	50.3	190.1	
27.3	83.7	34.9	21.1	79.2	63.1	25.1	25.5	
48.5	34.6	44.5	13.4	127.1	37.0	53.7	97.7	
45.6	84.9	90.6	4.5	92.5	21.4	34.0	69.9	
125.8	15.8	167.9	127.3	162.6	66.7	56.3	114.1	
30.6	25.5	60.7	49.7	34.5	16.1	39.1	26.3	
45.4	3.6	79.8	29.4	14.0	24.6	13.7	57.7	
149.0	381.2	106.9	370.5	433.8	579.7	47.4	554.3	
30.8	132.5	47.9	42.3	62.7	42.2	34.4	20.2	
71.5	16.8	208.6	82.7	92.2	99.2	29.4	84.4	
116.3	105.8	19.0	72.2	86.4	61.5	70.9	55.5	
31.5	102.8	46.5	34.4	84.4	27.8	72.8	20.6	
182.4	200.3	114.4	98.9	18.0	151.4	121.6	173.0	
3.3	18.7	14.8	25.2	25.6	44.7	14.8	18.4	
6.3	144.6	125.9	160.4	31.2	191.2	138.0	165.8	
115.3	49.3	103.5	47.3	96.1	59.3	44.3	37.1	
30.3	27.6	31.1	26.2	40.1	10.0	18.5	42.0	
47.3	39.6	155.1	342.6	77.7	151.1	79.7	82.5	
309.2	152.4	71.2	419.5	296.6	225.1	48.9	144.8	
127.4	85.7	84.3	132.3	52.8	319.5	169.8	39.1	
68.3	139.7	84.7	87.7	83.3	122.7	23.8	38.9	
66.8	93.0	31.4	44.7	54.0	94.8	67.9	25.6	
322.6	483.2	198.4	285.6	184.2	211.6	101.6	190.1	
31.1	7.4	6.7	22.6	111.8	19.6	25.0	80.2	
45.2	6.5	7.1	24.0	17.0	78.9	63.6	39.1	
119.4	34.8	29.6	16.1	47.3	76.9	26.8	46.9	
34.5	13.7	180.6	107.4	235.1	181.6	57.7	119.9	
133.3	62.1	95.5	273.0	50.6	93.6	39.0	115.6	
26.1	10.7	22.8	10.4	22.9	51.2	40.6	13.5	
29.3	13.5	37.1	161.7	87.8	60.8	19.1	80.9	
7.1	48.9	15.2	52.0	46.2	17.5	18.4	21.9	
150.6	92.8	50.8	183.1	227.9	49.8	155.8	78.1	
431.5	108.9	76.1	31.0	104.9	117.2	467.6	110.9	
7.4	49.7	27.0	66.4	56.5	90.3	32.8	34.4	
364.1	77.9	122.3	103.6	110.6	259.6	38.6	59.0	
12.3	34.5	60.6	28.3	68.6	124.2	24.0	74.0	
27.7	48.2	20.4	285.8	99.2	39.6	114.5	57.8	
130.2	145.5	38.9	47.1	157.8	298.6	90.4	210.7	
26.1	48.1	86.5	133.7	83.7	90.1	114.2	41.8	
151.8	161.5	244.4	337.4	38.7	48.3	57.2	47.7	
13.8	29.6	32.0	15.6	9.5	17.6	27.7	39.6	
24.7	650.1	22.4	81.3	234.9	194.8	145.0	197.2	
44.7	105.4	97.7	19.5	243.0	76.1	60.4	203.3	
10.3	8.1	6.1	13.9	12.8	8.3	13.7	7.0	
48.7	22.7	18.0	24.2	2.9	36.4	10.7	5.8	
96.9	62.2	138.7	29.5	195.4	72.1	27.7	103.6	
18.1	158.9	19.8	5.5	38.6	32.8	9.3	34.5	
148.8	173.5	113.0	17.9	43.6	44.8	155.8	54.6	
80.0	58.2	49.4	18.1	34.9	45.0	17.6	28.6	
100.2	32.1	19.4	10.4	20.5	94.5	84.4	32.3	
7.5	16.9	7.8	10.5	15.5	13.8	13.5	8.4	
55.8	28.6	167.9	99.6	221.0	49.1	39.3	42.6	
109.5	208.0	83.6	113.7	52.8	178.0	64.6	27.8	
67.2	65.1	69.0	8.4	79.5	85.0	141.3	81.0	
26.3	91.5	210.4	174.0	572.5	199.6	240.5	129.6	
55.0	59.9	63.1	126.8	137.2	235.5	50.2	101.2	
51.5	40.6	113.6	100.5	130.8	17.4	135.0	232.4	
48.6	135.5	139.7	55.7	49.6	51.6	206.0	66.3	
42.0	70.4	6.2	36.2	86.7	135.6	49.4	13.6	
30.4	55.4	31.7	45.1	61.9	41.7	24.3	15.3	
36.1	14.2	12.6	49.9	31.8	7.4	29.1	19.4	
28.0	36.0	63.0	25.7	37.8	28.1	44.6	29.2	
7.3	11.5	49.9	6.6	48.5	38.9	15.5	52.1	
175.9	8.1	194.5	35.1	71.8	237.9	167.6	53.2	
51.7	73.2	56.9	52.1	32.8	130.0	33.2	63.4	
23.0	31.8	99.3	22.5	13.6	4.8	89.2	17.9	
109.4	42.6	15.9	17.5	105.4	19.4	36.6	109.8	
55.6	92.3	33.8	4.7	66.8	18.5	17.1	46.8	
72.6	191.5	211.7	129.8	159.2	54.6	35.5	72.2	
47.7	106.3	86.6	18.2	90.6	171.6	206.4	18.4	
148.1	94.5	423.6	36.1	110.1	121.3	217.0	207.1	
170.0	105.4	166.6	83.8	23.9	178.3	95.5	20.7	
383.8	60.9	394.5	124.6	280.7	161.9	280.8	52.9	
51.4	46.7	85.2	64.0	35.8	40.8	266.3	94.3	
58.7	15.5	7.1	19.3	43.6	41.8	65.5	50.8	
123.5	145.1	24.7	21.2	69.0	30.9	197.0	94.8	
13.0	49.4	10.2	20.7	8.5	11.5	36.2	55.9	
191.4	127.3	122.5	157.7	356.3	62.9	150.3	239.6	
70.5	156.5	42.1	78.8	194.4	66.4	62.7	81.7	
94.8	254.2	51.9	59.4	37.6	35.0	15.6	60.5	
29.0	27.7	12.2	42.0	61.4	42.7	17.5	24.9	
12.3	31.0	44.7	8.1	19.5	34.4	14.1	44.3	
2.7	36.2	12.0	0.1	1.1	22.5	25.6	25.3	
37.6	57.2	28.1	52.9	79.3	42.4	21.6	11.8	
52.7	19.6	24.6	23.1	24.1	15.9	14.2	54.8	
147.0	84.6	124.8	43.7	102.6	268.8	182.8	515.8	
105.8	39.6	150.2	64.8	56.1	99.7	43.2	181.3	
12.5	64.6	19.7	12.7	4.2	11.2	12.2	33.7	
7.6	7.8	36.2	24.2	16.7	13.6	9.7	15.1	
4.7	59.3	175.4	2.1	72.4	3.4	25.4	11.0	
68.8	3.4	7.7	130.7	306.5	111.9	149.4	28.5	
67.9	18.6	167.2	35.0	17.4	284.2	39.0	144.7	
23.0	26.3	29.6	17.2	62.0	7.7	17.0	11.6	
22.0	11.0	3.7	7.5	44.6	14.3	21.0	18.9	
631.8	874.6	129.7	176.2	471.5	298.3	201.3	53.6	
12.9	43.3	6.4	25.0	18.8	30.4	11.3	3.9	
9.7	45.0	19.8	42.1	23.5	66.5	24.9	11.7	
278.3	37.1	61.6	187.0	108.5	36.9	324.6	99.7	
253.4	295.5	78.4	40.2	47.4	34.4	122.0	34.6	
33.0	46.3	36.8	13.3	89.8	104.6	62.5	143.6	
8.4	14.7	2.7	7.2	7.6	4.4	6.8	5.3	
64.9	54.1	141.4	87.4	70.4	164.2	104.3	164.3	
130.7	363.9	99.0	87.6	353.6	117.5	87.5	18.9	
90.7	90.6	33.6	38.0	87.0	30.2	63.0	12.5	
12.6	58.4	6.3	15.6	11.7	2.3	83.0	12.7	
63.0	83.2	24.5	105.1	46.0	74.8	55.5	177.4	
286.8	39.8	373.9	84.0	157.5	91.8	72.2	369.1	
39.6	63.9	68.1	73.6	111.9	34.7	164.1	45.7	
171.3	209.4	192.1	87.6	177.4	58.9	179.3	16.9	
10.8	8.9	59.4	81.8	81.7	33.5	54.4	50.8	
106.5	20.3	117.2	173.0	68.8	88.8	26.9	41.7	
34.8	29.1	40.0	18.0	75.3	56.6	29.8	48.3	
226.4	208.1	29.0	92.2	15.6	67.2	69.6	70.7	
43.8	12.8	26.5	15.1	17.6	57.2	47.4	9.7	
22.4	62.6	43.4	56.5	146.8	49.2	67.9	103.0	
21.0	62.9	54.7	36.7	43.8	124.2	96.7	61.2	
199.3	116.6	80.9	165.8	99.0	24.5	34.9	129.2	
256.9	52.8	167.2	60.9	609.2	289.2	66.1	188.8	
78.7	39.8	39.1	29.3	51.9	37.1	74.4	95.1	
89.6	62.1	54.1	88.8	55.2	45.6	102.6	38.9	
147.7	79.1	104.1	60.0	161.1	190.4	345.0	244.9	
17.8	25.9	119.4	459.4	190.8	222.2	89.0	132.2	
158.6	8.1	267.1	55.4	101.7	164.3	21.7	209.8	
98.0	287.0	31.2	74.1	555.0	170.3	370.9	94.2	
68.5	86.9	27.3	50.2	71.0	59.2	11.5	29.2	
36.6	18.8	4.2	7.1	38.7	5.6	7.2	12.9	
20.6	13.7	38.9	86.4	50.9	98.1	34.0	14.7	
174.0	55.2	72.3	74.4	118.8	74.7	70.9	92.8	
36.3	10.7	28.6	7.6	11.1	40.9	24.1	16.2	
49.4	68.2	35.7	37.8	88.8	58.0	7.7	96.5	
236.5	26.8	16.9	202.0	14.6	65.3	6.0	266.5	
7.4	64.9	46.4	38.7	11.2	6.2	8.1	8.2	
4.5	55.4	26.3	137.2	4.8	27.6	10.9	44.2	
79.9	31.9	51.5	172.8	33.5	28.2	27.5	206.9	
11.2	18.0	6.9	11.8	17.1	8.0	23.3	21.5	
27.9	18.6	5.7	6.4	5.8	7.1	5.5	21.5	
78.5	182.7	145.1	311.6	164.0	119.6	282.1	108.2	
71.7	24.9	38.1	54.4	46.3	51.0	95.4	99.1	
39.6	90.4	80.5	162.0	26.4	59.0	85.0	15.4	
7.5	102.8	45.1	75.5	51.8	31.8	41.4	98.6	
41.1	23.0	16.1	36.2	18.6	5.3	32.8	26.6	
67.3	54.2	66.0	127.5	90.4	107.7	35.2	73.4	
195.4	55.4	200.6	52.2	267.0	165.0	61.3	157.4	
124.5	170.7	202.6	79.0	55.0	72.9	174.5	93.7	
87.3	78.2	93.4	180.5	119.8	91.1	380.2	103.4	
36.1	46.3	209.0	112.2	235.7	70.4	182.2	37.1	
131.8	251.4	122.6	106.7	65.2	220.4	120.3	468.0	
61.8	316.3	22.7	52.5	284.1	24.9	72.7	117.6	
64.0	81.3	37.0	134.0	78.3	237.3	64.4	167.1	
40.9	33.4	25.4	70.8	152.0	1.9	40.5	26.1	
133.7	157.7	383.5	64.8	42.9	67.6	240.0	45.1	
292.3	86.4	126.5	94.2	142.2	151.4	51.0	80.0	
32.5	145.7	68.1	96.1	115.8	29.0	21.4	126.1	
69.0	249.2	197.4	153.1	87.0	55.8	43.9	110.6	
78.1	15.6	27.2	6.8	24.6	27.0	27.5	34.4	
26.8	37.3	13.4	40.9	62.6	113.0	36.0	48.8	
113.4	327.9	140.2	118.5	20.0	55.4	41.5	81.4	
49.2	83.4	94.6	45.2	162.0	73.4	175.1	96.2	
18.1	77.3	111.4	64.9	80.2	34.8	89.0	72.5	
76.5	61.3	5.1	56.3	11.9	7.8	6.3	9.5	
36.8	44.2	43.0	36.4	93.7	24.7	23.2	103.0	
30.9	126.5	163.9	351.9	409.9	208.8	269.3	193.9	
31.6	168.3	73.2	232.5	106.0	125.5	48.1	299.9	
10.1	40.5	33.2	23.9	6.4	16.0	66.0	23.0	
111.8	252.0	242.3	92.4	127.0	105.9	218.6	200.7	
2.8	9.7	8.9	8.7	6.0	2.4	9.1	3.0	
17.1	18.2	18.2	50.6	30.5	122.6	13.7	20.1	
52.5	37.7	91.4	92.2	54.3	132.2	69.5	85.8	
28.2	246.4	114.3	134.3	442.6	188.9	126.2	384.0	
77.2	76.7	178.8	324.3	529.8	371.2	168.6	209.6	
15.7	18.7	32.9	34.0	8.8	21.0	18.3	10.4	
123.6	52.7	191.5	59.3	31.6	27.4	19.6	15.9	
40.8	43.8	36.8	42.3	23.9	53.9	21.1	122.1	
69.6	47.1	113.8	36.6	121.1	20.5	82.2	146.6	
109.4	63.0	159.4	122.3	35.5	150.5	50.0	119.8	
309.7	356.4	112.2	44.4	81.1	205.6	46.6	93.8	
38.7	79.6	30.2	68.7	9.4	39.8	34.4	12.6	
10.4	99.9	115.3	79.4	74.5	144.5	83.4	57.3	
15.7	20.4	15.4	3.3	16.6	17.3	8.8	21.9	
46.8	122.7	141.2	214.2	86.2	150.3	95.2	32.9	
30.0	16.8	135.9	80.8	33.8	64.6	11.5	66.8	
78.0	142.0	91.0	61.4	51.0	174.2	96.7	188.3	
53.6	17.0	20.4	31.5	36.5	12.1	18.5	54.6	
1.5	8.6	9.4	5.1	10.0	3.0	8.4	2.3	
4.2	33.0	24.0	46.9	89.9	10.2	26.4	13.4	
33.8	53.2	16.9	39.2	44.8	99.3	183.0	31.8	
86.7	110.2	67.6	83.2	16.3	30.2	28.3	14.2	
7.0	7.3	7.6	15.4	0.6	3.2	9.5	4.3	
201.7	73.5	70.7	29.3	56.6	65.4	112.6	21.6	
4.3	7.8	40.7	19.7	14.8	40.1	45.0	86.8	
8.4	29.3	22.5	16.0	46.8	66.4	2.9	33.2	
92.3	139.6	103.1	42.1	22.6	39.6	84.7	70.7	
6.8	6.9	20.6	25.5	9.0	4.8	8.2	3.2	
103.7	192.3	108.8	169.7	125.2	122.4	23.1	76.4	
3.1	13.4	16.1	10.3	8.8	11.2	15.6	5.0	
31.5	64.6	8.2	90.5	18.7	48.5	62.4	90.1	
38.8	81.6	145.1	36.9	32.0	48.0	46.7	18.6	
48.8	120.6	54.3	90.8	32.1	35.9	24.3	46.4	
145.4	54.7	60.9	100.9	337.1	276.9	312.4	167.8	
51.8	13.6	169.8	96.1	115.2	97.3	39.5	76.4	
122.7	219.0	329.6	53.6	263.5	62.4	176.1	125.9	
77.4	54.5	65.8	23.8	106.9	50.3	133.5	17.0	
25.6	33.3	20.8	66.9	70.7	48.0	13.1	17.9	
16.2	39.1	49.0	10.2	84.9	100.3	32.0	31.4	
96.4	204.8	35.6	93.2	64.0	100.7	22.8	127.4	
42.2	16.1	52.4	34.1	22.5	25.5	51.7	58.2	
37.9	29.1	15.1	16.5	66.1	20.4	55.4	55.0	
51.7	44.4	16.6	92.3	38.0	49.6	38.9	27.9	
18.0	49.0	7.1	2.4	5.2	49.2	66.9	16.1	
18.1	150.9	73.9	44.6	24.3	37.7	55.9	68.9	
83.7	31.5	73.1	64.2	28.4	59.3	8.0	48.8	
47.7	51.5	2.2	65.9	64.4	5.3	57.9	14.1	
27.8	56.4	77.4	99.7	48.4	43.1	18.9	30.2	
30.8	46.6	72.0	16.0	34.8	60.3	32.9	28.7	
56.3	68.1	85.8	83.8	165.3	84.5	1.4	39.8	
34.7	124.9	12.1	17.4	130.4	75.2	44.2	110.2	
73.4	33.0	4.2	5.4	53.8	11.8	60.6	59.9	
24.6	23.1	89.3	59.5	43.7	11.4	34.6	15.8	
362.1	333.9	263.4	496.0	224.1	516.8	199.4	236.3	
45.7	62.9	18.6	229.1	70.8	102.7	52.8	39.7	
8.1	2.3	9.0	41.0	13.9	6.5	1.9	26.8	
160.9	77.1	25.4	12.2	66.1	52.2	26.4	7.3	
2.7	1.6	0.6	3.7	1.5	2.9	6.7	0.3	
24.3	122.1	32.3	141.3	79.5	10.4	134.1	98.7	
47.0	71.2	36.2	6.7	71.0	36.9	160.1	78.8	
61.6	17.5	27.5	22.7	36.2	34.8	64.8	35.3	
51.8	22.2	101.6	50.3	101.3	34.2	69.0	156.8	
151.6	94.2	66.5	117.7	67.5	12.6	24.9	36.0	
151.0	53.4	69.1	452.1	283.1	102.1	214.9	45.1	
68.8	18.9	77.5	39.7	54.1	50.8	42.3	32.7	
4.7	8.8	16.7	5.8	8.6	15.6	6.5	11.1	
97.7	21.4	58.9	104.6	49.3	42.6	73.3	30.8	
128.9	109.2	228.7	237.4	104.8	137.5	81.4	42.9	
39.5	56.0	106.8	17.8	50.7	27.3	71.2	25.5	
87.0	175.8	45.7	71.9	14.9	111.1	155.5	17.2	
7.6	5.9	6.3	10.6	1.3	1.4	9.9	5.3	
36.0	37.0	34.9	33.8	37.7	34.2	11.6	38.2	
10.5	34.0	31.2	7.5	39.0	7.2	59.1	16.1	
105.9	69.5	291.7	76.0	50.5	245.7	51.3	413.1	
51.0	90.3	251.8	545.3	83.8	123.5	44.9	101.0	
109.1	68.8	39.2	86.4	196.9	48.2	50.3	123.5	
27.9	10.8	31.0	113.2	41.8	34.3	18.7	64.7	
36.8	34.8	21.2	36.5	35.2	63.3	32.3	34.9	
157.2	109.8	193.8	225.4	19.1	88.2	68.1	203.0	
329.1	45.7	50.1	271.3	174.8	143.1	269.6	103.1	
93.3	61.9	79.7	43.0	43.6	9.2	26.7	66.7	
92.7	93.5	52.7	68.9	30.5	66.3	14.7	41.8	
45.3	26.5	13.8	26.2	1.6	25.2	18.0	8.0	
237.0	474.4	134.7	618.8	50.4	92.6	51.3	243.1	
43.5	7.0	12.1	24.0	25.4	46.1	89.9	23.4	
20.4	50.2	62.3	14.0	21.8	115.8	64.8	83.0	
71.0	56.9	84.5	27.4	38.9	142.3	127.4	269.7	
100.7	17.4	359.5	53.6	49.5	50.3	80.9	88.0	
16.6	47.9	49.8	64.4	20.5	28.8	235.4	25.3	
100.8	27.9	91.5	87.9	52.7	69.1	50.8	134.1	
117.6	330.8	589.5	106.2	190.4	485.2	151.7	89.5	
37.6	58.2	47.1	156.2	35.3	79.4	74.4	21.2	
7.1	17.0	14.8	33.5	10.5	13.7	21.7	31.1	
58.8	25.4	21.2	26.4	40.2	13.0	37.3	26.9	
12.9	16.3	1.9	69.5	47.2	105.7	32.6	41.3	
10.2	10.0	7.9	12.1	2.0	14.9	14.7	28.1	
31.1	26.3	121.8	53.9	12.5	44.4	139.6	64.7	
276.0	179.0	494.7	117.8	116.9	276.0	67.1	27.8	
16.1	4.5	2.8	37.0	51.9	45.6	63.3	32.4	
31.8	66.6	139.5	58.6	58.4	53.2	91.6	6.2	
39.7	79.8	176.9	77.9	161.2	80.6	323.2	310.2	
154.0	189.2	108.0	105.6	107.1	80.7	31.0	18.6	
18.0	38.3	48.7	23.6	49.6	3.1	10.6	3.1	
8.2	31.6	14.2	8.9	17.5	41.3	17.1	20.0	
154.5	50.3	35.7	165.8	36.3	138.9	34.5	151.9	
15.2	25.2	6.8	10.0	18.7	21.3	8.0	12.3	
40.7	29.3	111.2	67.7	55.0	324.3	166.2	197.1	
87.6	119.3	100.5	266.6	257.9	146.2	107.6	83.1	
74.0	35.5	6.8	26.0	48.6	47.2	77.4	41.5	
17.0	3.8	5.5	5.6	16.4	16.9	30.8	2.0	
63.8	21.0	21.5	35.4	49.5	39.6	4.8	9.0	
25.7	34.3	5.8	4.9	20.6	25.7	27.9	10.1	
10.2	8.4	8.4	4.9	9.1	18.4	10.7	38.8	
22.1	23.3	41.2	20.8	19.0	36.7	21.1	18.3	
6.4	50.6	31.2	77.5	81.4	43.3	39.9	56.7	
77.3	45.6	38.8	39.9	51.2	40.4	14.3	97.6	
21.8	46.2	198.5	56.6	21.1	8.0	24.4	15.2	
140.2	123.4	321.1	471.0	178.9	261.6	360.6	91.3	
110.0	31.2	22.1	95.0	56.1	77.6	3.6	29.1	
180.3	231.2	73.4	57.9	206.9	151.3	231.4	290.7	
61.5	30.0	24.5	31.8	62.6	136.3	30.2	32.5	
65.2	31.6	115.5	78.9	32.6	135.8	120.7	78.2	
29.9	72.9	18.9	69.6	61.0	64.8	44.4	56.0	
160.2	99.6	166.7	1.1	60.9	130.0	100.8	34.7	
21.9	12.6	3.5	43.0	16.4	73.6	28.4	21.4	
141.6	63.0	76.1	99.1	137.3	37.5	31.8	33.3	
275.1	358.5	256.4	357.7	246.4	227.1	99.4	207.0	
176.9	193.5	306.8	389.0	388.9	61.3	173.9	70.6	
4.7	40.7	20.7	29.6	79.9	36.2	15.1	9.3	
14.4	12.3	6.0	55.2	40.3	41.5	36.0	25.6	
58.9	97.8	232.5	59.8	104.0	23.1	136.8	65.0	
53.7	125.7	75.7	29.2	68.4	20.4	26.2	146.7	
7.4	19.7	12.4	5.2	1.0	2.0	5.1	3.7	
310.3	315.1	59.0	240.2	46.8	92.5	57.7	88.1	
170.3	28.9	34.1	14.7	9.7	22.9	68.0	43.0	
7.6	16.5	38.5	42.8	14.4	22.8	8.9	48.2	
10.2	68.2	108.4	54.4	75.8	90.5	24.7	118.9	
318.0	72.1	153.8	45.8	37.9	131.0	51.8	47.0	
226.8	141.4	581.8	65.6	100.1	61.3	284.5	82.4	
8.1	6.4	8.4	15.9	4.0	2.4	4.1	7.1	
20.4	44.2	31.7	54.9	94.5	29.8	33.5	32.4	
79.2	11.6	47.2	137.0	12.0	17.5	31.6	46.0	
