17.5	77.2	14.5	36.1	57.4	32.2	18.9	45.2	
82.6	107.6	45.4	268.0	176.3	60.8	49.9	37.9	
146.7	68.1	147.4	192.2	40.0	41.4	85.6	82.7	
14.8	13.7	16.3	5.9	8.4	19.0	9.2	7.9	
65.8	117.5	83.7	42.8	45.9	56.4	48.8	95.2	
22.5	6.2	9.3	15.7	16.5	13.8	27.7	18.6	
88.0	29.7	113.1	59.6	94.0	101.7	88.4	57.2	
38.4	100.0	31.9	11.9	109.4	28.1	22.2	22.2	
18.6	83.4	53.1	95.0	198.9	94.8	97.7	98.9	
9.8	4.5	61.5	87.3	21.2	195.1	7.6	85.4	
12.6	47.9	40.8	207.5	31.1	54.1	33.8	53.0	
15.7	36.6	12.4	6.3	52.4	30.6	10.4	28.4	
14.1	36.1	36.0	48.8	48.8	27.9	21.6	20.0	
55.7	24.6	120.0	66.1	39.3	71.6	178.0	3.0	
44.7	115.3	79.9	107.1	119.0	114.2	44.8	30.3	
913.6	87.9	214.5	473.8	203.9	381.2	319.8	115.6	
49.1	13.4	22.3	33.9	25.9	10.4	40.0	39.2	
26.3	96.2	15.4	160.9	57.6	158.6	68.6	90.4	
55.1	78.5	43.7	51.2	43.1	9.9	232.4	43.6	
40.4	42.3	49.0	39.6	37.7	41.5	71.9	53.4	
151.4	117.4	338.3	16.2	45.2	63.0	104.5	47.9	
73.8	41.9	70.5	31.5	113.2	86.5	64.2	90.1	
81.7	39.9	186.4	243.4	260.1	57.8	210.0	280.0	
130.7	89.4	57.8	44.8	134.6	94.6	114.6	18.9	
160.7	170.3	197.3	170.0	55.0	43.9	150.2	205.2	
68.0	95.7	33.7	53.2	29.1	15.8	85.3	145.5	
56.1	66.1	132.3	105.0	45.2	248.6	166.4	106.1	
34.5	82.3	47.2	45.8	85.8	28.9	2.7	83.2	
60.9	181.3	167.4	148.6	49.0	119.0	33.1	107.8	
79.3	45.5	93.9	29.0	163.9	18.0	107.2	101.2	
75.4	30.3	325.5	126.5	146.2	62.7	155.9	62.4	
25.7	13.9	38.1	52.1	21.9	11.7	55.1	16.9	
30.0	13.6	11.7	2.7	23.1	13.6	31.0	8.5	
14.8	25.9	45.1	79.9	37.0	135.0	11.5	31.6	
60.9	290.3	165.9	185.4	183.4	437.9	137.9	42.9	
8.9	48.3	27.1	47.4	0.8	77.7	51.6	100.9	
39.9	36.6	21.1	62.1	128.4	52.0	42.4	136.2	
21.9	129.6	122.4	26.4	29.6	57.3	32.6	53.9	
297.6	96.6	110.1	129.4	105.2	40.2	28.3	69.5	
6.0	29.7	26.7	59.7	61.4	24.1	44.3	24.2	
22.3	77.3	63.9	49.8	6.9	175.1	4.4	61.6	
29.4	54.4	69.0	61.7	53.7	17.1	9.2	5.8	
20.2	88.3	43.5	27.8	25.5	80.2	19.2	31.0	
49.9	69.9	41.1	5.9	23.0	38.4	36.9	7.6	
84.7	34.9	100.2	170.5	40.1	59.3	30.7	38.6	
125.0	90.6	191.7	136.3	67.5	76.1	85.0	222.9	
123.1	174.5	178.3	307.0	45.6	47.3	183.4	189.4	
99.0	89.1	168.2	161.5	226.8	136.5	160.5	397.9	
0.5	16.3	28.4	4.0	12.8	5.6	19.8	7.3	
49.3	22.5	203.7	171.5	26.5	23.1	53.4	11.0	
566.8	235.9	504.3	286.6	177.1	44.6	183.3	89.4	
127.3	118.4	47.9	87.7	164.4	119.3	124.5	120.0	
178.1	342.4	55.4	79.8	215.3	246.6	43.1	58.1	
17.8	237.0	116.1	169.0	78.5	24.8	106.8	166.8	
30.8	149.9	78.0	235.8	37.0	102.2	44.9	112.0	
69.4	50.7	133.7	80.4	73.5	83.3	25.3	27.3	
305.4	18.8	30.2	214.6	130.8	213.5	249.2	339.7	
47.6	28.5	78.8	95.8	120.8	136.9	105.0	130.8	
43.2	13.2	8.7	13.5	8.4	39.3	27.3	60.0	
805.7	235.7	474.4	149.1	56.4	276.2	63.9	105.1	
68.4	62.7	54.0	77.4	202.6	63.1	175.7	18.4	
37.1	32.9	19.2	59.1	38.9	44.2	30.1	11.2	
131.9	145.0	30.4	36.3	40.3	81.0	8.3	115.1	
74.4	18.5	54.3	105.7	103.7	21.4	15.7	46.9	
39.6	64.4	21.8	16.3	64.2	4.1	32.8	34.9	
150.9	133.7	220.6	166.5	36.5	68.9	31.3	40.4	
37.5	17.3	12.7	41.7	38.3	47.1	13.0	43.8	
145.4	37.0	50.9	31.0	53.5	64.7	43.5	42.2	
142.1	330.9	139.1	155.6	141.2	349.5	22.4	107.5	
63.8	120.8	58.4	113.2	7.4	128.5	84.4	200.3	
24.8	19.7	2.4	17.2	2.9	39.9	17.8	18.3	
25.4	144.6	144.0	35.4	67.7	37.4	37.9	119.9	
33.9	13.9	15.5	12.8	11.7	6.5	9.8	35.7	
148.8	23.6	36.1	13.5	44.5	19.1	33.8	50.9	
39.2	212.3	58.6	17.5	128.4	68.2	50.8	127.9	
41.6	34.3	41.0	36.0	33.3	41.3	23.3	59.4	
8.7	11.3	14.0	4.6	2.9	26.9	5.8	7.9	
55.5	66.5	20.6	86.7	60.6	156.7	300.5	38.6	
206.8	75.9	66.2	116.6	71.5	33.1	151.8	99.4	
78.7	48.5	88.3	15.7	45.7	37.1	29.5	43.4	
40.6	31.7	80.5	29.2	50.2	20.7	102.9	28.3	
77.1	34.2	30.6	22.1	6.7	64.6	24.1	110.3	
100.3	91.7	175.6	86.2	182.8	216.3	78.4	94.1	
80.5	8.2	50.6	30.6	185.7	52.6	2.5	122.2	
75.5	70.5	51.0	53.0	41.3	5.7	60.3	28.7	
32.9	17.1	114.5	12.6	194.0	251.2	99.9	215.1	
48.4	142.2	87.0	130.9	36.9	68.1	63.1	41.1	
15.3	33.3	26.1	13.8	2.8	27.9	15.4	16.6	
110.8	232.5	34.6	91.5	131.0	227.7	89.0	13.8	
2.5	231.1	101.1	170.0	197.3	290.4	183.0	170.5	
41.9	8.1	11.2	3.4	33.9	16.0	44.0	21.2	
101.8	22.3	55.9	66.4	35.6	93.0	116.7	225.9	
157.7	15.6	139.6	49.8	43.8	90.1	80.4	68.9	
29.2	26.0	5.2	11.1	12.4	43.5	52.0	13.9	
55.6	64.4	8.4	76.6	49.0	153.9	28.8	42.4	
40.9	162.7	99.9	149.1	69.3	50.8	62.4	142.8	
86.7	40.8	60.9	63.3	7.3	20.3	76.1	35.6	
319.4	138.8	139.6	173.8	110.7	32.6	109.8	48.5	
39.6	24.9	2.9	34.6	89.2	53.0	47.1	18.4	
14.0	2.8	7.6	4.0	11.7	14.4	14.0	8.1	
68.4	385.4	259.9	55.8	281.2	109.7	239.9	295.3	
71.2	66.8	17.8	93.3	32.1	21.6	354.5	62.5	
9.9	41.9	33.7	14.1	41.1	77.5	40.6	42.1	
20.4	37.5	308.7	131.6	29.3	53.4	108.0	125.2	
12.0	2.0	7.7	5.0	14.9	9.6	1.6	7.1	
225.9	319.8	72.1	5.0	250.7	157.9	23.4	374.5	
113.9	36.9	49.1	63.8	42.8	9.9	127.9	86.4	
40.4	4.6	12.0	27.4	86.8	23.5	72.8	55.1	
180.4	74.0	67.5	105.9	72.0	38.6	85.0	57.1	
45.2	174.9	37.7	14.2	51.5	53.0	99.3	57.1	
103.7	193.7	169.5	33.2	170.4	145.0	73.3	126.2	
89.2	40.7	11.5	9.5	14.3	31.2	21.4	17.4	
114.6	38.3	251.4	191.7	526.5	199.3	173.7	85.4	
105.6	60.1	28.8	13.6	31.3	84.6	35.3	50.8	
9.5	16.5	24.1	99.7	53.5	96.0	59.3	35.8	
44.5	86.1	180.7	66.6	96.0	25.9	114.0	77.5	
27.2	51.4	26.3	18.3	36.1	29.1	24.8	44.5	
1.8	4.0	1.0	3.6	6.0	4.6	4.7	5.5	
6.3	37.5	14.3	17.8	4.3	5.3	13.5	11.3	
12.9	2.0	5.5	3.3	1.4	8.0	2.3	4.0	
304.6	66.9	141.1	100.2	88.0	131.1	57.0	48.7	
40.9	75.4	81.0	92.3	129.2	153.9	44.0	35.5	
7.3	97.2	34.8	36.5	30.8	44.9	17.2	19.3	
6.3	30.4	12.1	23.2	22.6	11.9	19.3	9.9	
54.3	54.5	124.4	89.2	69.2	63.2	23.9	150.7	
75.6	29.6	29.8	64.7	53.2	111.9	58.7	159.3	
88.6	112.7	110.6	136.8	142.8	94.9	28.0	69.9	
54.0	108.5	67.4	226.6	43.7	343.5	69.5	169.6	
52.6	9.7	28.6	4.6	24.7	22.1	8.2	4.5	
331.0	36.0	179.6	45.2	20.8	205.1	75.0	85.3	
63.8	64.6	32.7	6.7	21.1	2.9	32.9	47.8	
148.1	38.9	39.8	12.1	47.3	237.7	141.3	50.6	
95.2	153.3	42.4	278.7	151.2	105.5	92.0	112.5	
14.5	67.1	34.1	63.1	35.1	32.8	42.7	130.9	
264.1	114.9	18.1	40.0	50.6	131.9	77.0	63.8	
68.5	178.0	49.6	86.9	17.0	51.1	63.1	40.7	
223.6	94.2	418.5	215.6	107.0	227.0	255.9	46.0	
85.6	28.4	2.4	21.5	12.0	21.2	13.8	66.8	
59.8	130.2	145.2	69.9	45.7	132.1	207.7	55.7	
40.2	98.3	78.9	14.8	48.7	56.3	73.4	20.4	
85.8	120.4	87.6	208.2	134.4	93.8	123.9	66.7	
40.6	2.8	40.5	64.7	25.3	5.4	101.8	22.8	
47.8	52.8	97.6	139.2	58.3	65.1	18.1	70.2	
57.9	194.2	16.9	20.3	118.4	211.9	62.5	42.3	
83.0	27.8	35.2	64.0	14.1	11.3	30.9	22.3	
16.7	15.2	70.6	16.8	63.2	105.9	58.6	48.0	
13.2	16.2	25.0	40.0	32.6	21.7	31.2	19.1	
11.8	62.8	49.1	13.4	39.8	9.2	68.8	35.6	
103.5	195.0	55.9	82.4	51.1	145.8	78.1	39.2	
25.9	72.5	95.0	108.0	51.0	77.9	8.6	73.5	
217.8	166.8	55.5	105.7	54.2	82.7	28.9	100.4	
26.2	124.3	113.4	26.7	9.4	177.1	40.0	52.1	
137.1	7.4	78.9	35.4	35.6	44.6	207.7	42.6	
9.7	29.1	14.0	16.6	24.5	7.7	47.7	38.0	
64.1	220.8	34.7	44.6	88.5	125.2	87.0	63.0	
119.2	226.4	33.2	15.2	118.8	62.0	36.4	182.2	
37.3	66.2	35.6	52.5	32.9	92.9	63.3	91.7	
13.8	292.8	98.2	230.2	200.3	94.6	279.2	278.3	
20.2	3.7	40.2	61.3	10.8	109.4	68.0	27.6	
39.9	6.1	10.2	7.7	34.6	39.4	26.8	14.2	
182.0	51.8	74.5	83.3	196.9	175.3	63.8	61.1	
248.2	19.1	27.2	44.5	21.6	74.3	45.4	28.9	
35.3	23.3	83.1	74.6	81.8	14.3	33.7	22.1	
67.7	58.7	187.3	198.7	40.3	68.5	96.0	79.7	
40.1	10.1	65.8	19.4	4.1	11.8	74.0	28.2	
103.7	39.2	38.6	127.6	82.3	280.0	27.8	169.8	
44.2	15.9	40.0	12.4	69.4	47.1	43.3	49.1	
13.2	16.6	38.2	77.7	25.8	22.2	38.5	42.1	
90.8	150.4	172.6	41.7	30.5	134.1	51.3	79.6	
25.1	145.9	72.2	96.8	70.2	58.3	30.6	114.1	
40.5	13.7	43.3	10.6	36.4	9.8	22.0	18.7	
122.4	57.5	77.7	98.3	133.5	56.8	125.7	111.9	
22.4	39.1	127.2	11.9	6.4	80.6	46.1	46.4	
142.9	7.6	78.0	51.6	32.4	74.0	153.7	316.3	
49.3	226.5	130.9	9.8	170.0	18.3	241.4	83.5	
228.3	194.6	108.1	322.6	41.0	84.0	125.7	91.4	
120.1	57.6	187.2	52.9	29.7	54.2	112.2	9.1	
52.1	36.9	12.7	171.9	27.7	52.8	9.9	35.6	
62.8	143.6	156.1	151.3	80.0	70.0	62.3	37.2	
42.0	12.0	19.8	5.8	9.2	48.4	8.5	1.2	
249.3	425.7	115.4	244.9	92.7	147.1	132.5	169.7	
34.2	18.7	123.3	188.7	335.4	58.9	230.4	114.6	
6.9	81.4	12.7	53.3	34.1	8.9	15.1	49.9	
60.7	23.9	85.9	15.8	23.5	30.4	36.0	48.3	
17.8	73.4	32.7	564.2	251.5	63.6	19.7	73.7	
120.1	33.9	42.0	52.1	57.7	18.0	36.4	68.9	
100.8	173.2	85.6	81.7	115.9	175.0	174.1	62.3	
313.6	153.3	260.7	109.5	22.3	277.8	129.2	132.3	
82.7	40.9	75.1	147.8	170.9	65.0	150.1	122.5	
13.0	4.1	7.4	14.0	12.8	9.7	6.2	10.4	
99.8	80.7	24.6	264.2	104.1	37.5	51.7	21.8	
94.8	46.7	116.2	68.6	35.7	140.5	10.4	103.0	
30.5	37.3	55.2	124.3	113.3	17.1	146.9	56.4	
18.0	50.4	57.9	37.8	70.4	126.1	63.5	35.3	
92.5	57.0	27.4	67.4	51.3	66.8	36.8	10.5	
49.9	45.3	189.0	65.2	31.8	60.2	145.8	64.7	
20.3	84.9	72.3	43.1	127.6	3.2	49.3	61.0	
13.2	5.0	20.2	46.3	36.4	35.3	106.0	42.4	
11.8	225.6	114.2	163.0	83.9	337.9	36.1	100.9	
28.8	29.0	31.2	44.2	79.0	14.0	17.1	143.6	
31.9	20.0	20.2	61.2	26.7	2.3	24.2	28.0	
9.4	35.5	30.7	39.8	21.7	19.0	68.0	40.0	
4.0	8.0	22.5	13.9	15.3	9.7	8.4	6.1	
9.0	5.5	13.6	6.7	5.4	3.6	14.6	5.1	
34.5	6.6	108.1	8.5	9.9	141.4	95.3	100.4	
70.2	48.7	135.9	47.4	108.4	320.3	54.4	61.3	
189.5	128.4	49.4	39.5	25.8	79.7	90.3	272.5	
200.9	38.4	96.6	96.4	104.6	244.7	65.0	30.0	
37.8	14.3	6.3	152.9	50.3	22.4	15.0	81.3	
28.5	24.3	69.2	117.5	124.3	43.6	89.5	19.9	
35.4	47.7	40.6	4.2	24.1	76.8	58.0	21.6	
104.8	241.6	118.2	34.4	72.2	8.3	161.8	152.8	
15.0	6.7	41.9	16.5	31.9	12.3	3.2	25.3	
100.2	46.9	20.0	31.5	27.0	11.5	42.8	41.0	
13.7	7.9	90.4	21.0	101.3	94.2	27.0	89.0	
44.9	22.5	6.0	15.2	20.8	13.8	8.2	39.6	
4.2	6.6	11.2	8.6	2.8	19.9	1.2	15.5	
73.8	48.1	86.7	6.3	32.2	21.8	16.5	61.5	
38.4	4.9	4.8	9.7	18.7	9.5	33.9	10.0	
82.2	25.5	151.6	213.4	368.7	331.0	135.4	22.7	
131.6	138.2	56.7	56.7	116.9	4.9	16.2	154.7	
30.4	43.8	63.2	16.3	16.5	45.6	41.9	2.5	
20.7	13.5	15.6	19.7	20.0	35.0	38.7	7.3	
49.6	46.5	21.2	124.6	59.3	70.9	157.8	65.8	
32.2	57.3	17.5	85.4	12.1	21.4	31.8	56.2	
9.1	15.8	7.4	6.0	2.8	6.5	9.9	7.5	
9.0	56.9	13.3	23.3	26.0	17.2	11.7	22.1	
166.4	83.7	96.4	140.9	43.8	187.1	47.0	108.6	
347.7	26.1	8.2	250.1	82.2	65.6	21.6	66.7	
70.5	58.4	11.2	11.6	15.4	11.1	49.0	23.1	
39.0	26.1	9.0	12.1	17.7	36.8	31.6	41.6	
22.8	23.0	76.6	9.8	95.1	88.3	19.1	10.2	
100.3	80.0	40.7	47.7	30.3	35.0	85.5	59.4	
34.3	47.4	18.6	59.5	31.5	44.4	53.8	31.8	
335.2	207.8	108.9	107.5	154.4	50.3	154.4	40.0	
202.2	93.2	649.0	123.4	124.7	459.2	379.5	26.6	
29.8	21.9	122.5	48.1	35.7	45.1	35.8	151.4	
9.4	9.4	39.2	24.3	17.6	31.4	23.9	47.7	
36.1	88.9	22.5	28.6	41.4	27.3	27.7	26.7	
55.5	158.2	139.5	313.6	79.5	59.1	37.0	136.6	
3.7	50.3	39.8	20.2	110.6	53.9	42.9	46.7	
15.2	4.7	37.2	59.6	46.2	21.8	13.7	53.3	
3.3	66.9	78.0	49.1	41.3	59.4	5.3	11.6	
253.9	933.2	91.1	216.3	371.5	123.0	416.1	587.2	
175.0	108.8	44.3	104.6	71.2	98.4	88.4	216.2	
81.4	452.9	462.5	138.8	37.6	128.4	108.2	169.8	
79.2	24.6	65.8	90.9	183.0	50.5	234.9	84.6	
20.9	20.8	44.9	72.0	114.8	37.8	22.6	139.4	
21.5	21.8	4.9	4.6	12.4	11.7	12.1	19.4	
12.1	232.4	7.9	88.4	65.6	196.6	71.5	88.9	
29.8	50.1	97.8	125.1	18.1	162.5	113.3	21.9	
24.0	5.0	24.7	16.4	8.6	39.2	11.8	12.3	
23.9	10.4	15.6	6.1	5.6	31.0	20.4	14.7	
13.9	27.1	15.7	16.8	9.5	41.6	50.2	62.4	
20.1	28.9	18.2	4.2	44.2	11.9	63.9	53.5	
91.3	74.0	180.7	103.0	15.4	135.2	58.1	114.9	
51.4	43.4	186.5	162.5	176.5	127.4	99.2	26.6	
3.9	5.1	6.2	3.9	3.5	4.2	7.6	4.3	
35.8	52.4	41.2	72.2	37.5	21.5	85.4	31.8	
40.0	147.3	15.9	120.6	12.4	57.2	10.9	20.7	
65.6	77.5	31.2	24.3	33.8	20.0	34.1	18.0	
1.9	7.1	2.2	4.1	3.7	6.7	1.9	3.1	
16.0	29.1	67.2	16.9	59.0	123.9	80.0	51.4	
46.9	15.5	35.8	12.6	15.2	45.6	33.0	5.4	
28.3	11.8	79.8	11.6	56.7	8.9	22.4	7.2	
11.6	41.8	39.0	31.5	67.1	132.8	47.3	82.4	
236.6	168.3	546.4	190.7	36.6	172.3	213.8	249.1	
9.5	35.7	7.3	12.4	6.9	7.7	48.8	33.2	
113.6	97.1	219.2	492.1	92.6	151.8	316.1	184.5	
102.1	92.2	135.8	111.3	167.4	180.6	117.6	98.2	
209.5	54.7	51.5	189.5	103.5	40.3	94.4	165.5	
35.7	75.7	64.0	5.9	63.9	106.1	60.7	91.7	
26.0	12.6	29.4	10.8	19.8	5.3	2.5	14.1	
42.8	49.0	47.1	131.4	42.2	123.9	19.0	21.7	
13.5	36.6	19.1	29.1	15.0	11.1	10.7	26.9	
15.4	27.8	51.0	53.8	40.3	31.3	48.3	22.0	
42.8	41.7	43.8	46.3	27.8	24.1	47.7	20.7	
331.9	146.7	159.2	219.9	292.1	124.1	85.7	154.6	
121.2	51.7	167.9	262.7	213.5	647.8	626.4	109.2	
175.6	62.1	98.3	184.1	173.4	161.5	122.8	73.1	
21.8	19.8	49.6	228.0	210.9	139.1	139.5	270.7	
95.2	130.1	102.0	113.4	74.9	617.4	4.8	54.7	
59.1	254.0	8.8	190.6	43.7	22.1	20.4	26.1	
100.2	133.8	13.2	177.8	76.6	22.7	8.1	54.8	
187.3	75.9	19.6	25.5	189.6	95.8	25.7	124.8	
48.5	25.0	37.0	65.0	24.5	23.7	83.5	59.1	
35.5	9.7	4.9	8.1	10.6	12.0	13.1	9.7	
73.5	136.5	10.8	105.7	52.9	86.9	63.0	29.0	
226.7	255.4	85.7	233.3	332.9	160.9	44.2	355.6	
65.2	10.1	24.6	62.5	36.5	52.4	62.2	42.1	
13.1	9.9	16.1	20.3	13.9	25.3	14.7	27.4	
47.5	75.3	31.6	43.0	90.8	118.5	64.3	90.6	
13.7	17.5	46.2	50.6	69.5	14.1	42.1	50.8	
47.8	382.6	277.9	419.0	52.0	42.7	13.7	272.7	
190.0	172.3	101.2	369.0	325.0	56.5	211.9	158.3	
21.7	67.3	23.6	70.8	25.7	24.9	52.1	65.3	
197.3	72.1	25.4	26.7	33.3	28.9	16.5	85.9	
52.6	62.6	74.1	83.2	60.2	20.3	28.3	105.6	
32.3	124.5	16.7	32.3	50.0	65.7	44.7	66.4	
12.4	47.5	18.1	105.7	41.8	52.2	96.3	118.1	
38.4	31.7	15.3	24.1	7.2	33.8	22.7	6.8	
82.9	154.9	42.5	78.4	528.6	99.6	67.9	53.1	
31.1	7.2	21.5	137.8	64.0	17.4	21.1	161.8	
88.7	172.8	26.1	112.6	28.7	92.6	99.9	15.9	
69.1	35.8	56.4	81.9	104.3	57.4	49.5	69.0	
212.3	74.8	60.8	101.9	116.5	17.6	83.8	75.3	
54.6	68.5	49.2	143.0	84.7	43.0	14.7	83.1	
51.7	55.5	82.0	216.4	163.1	75.4	16.6	115.1	
42.1	293.9	87.8	441.3	69.9	105.6	124.7	176.0	
114.0	133.8	192.4	212.3	55.2	64.7	126.2	92.0	
52.3	15.7	79.6	210.8	301.8	87.7	74.0	139.1	
12.3	7.0	0.6	17.2	12.4	6.0	8.0	12.4	
33.9	18.1	20.2	129.7	126.3	48.4	28.4	65.1	
17.3	62.1	60.7	87.6	7.8	40.0	5.2	3.1	
255.4	95.8	28.5	142.7	58.3	14.1	27.3	29.7	
27.5	19.8	17.3	62.6	49.4	90.4	29.9	27.2	
49.9	83.2	53.2	104.2	60.0	8.9	121.2	33.0	
55.7	18.9	46.6	49.4	16.1	1.6	23.5	35.1	
60.1	106.2	74.0	176.1	8.3	56.6	82.6	97.3	
116.4	101.0	27.1	62.8	50.4	73.0	29.7	144.1	
15.7	6.8	9.5	19.7	3.8	34.9	71.1	17.9	
121.9	97.5	162.2	197.5	183.4	43.9	72.2	36.5	
46.8	135.5	51.4	134.5	222.8	59.6	41.3	41.9	
34.6	14.2	29.5	62.5	19.1	38.5	16.1	28.9	
212.3	201.9	42.8	253.4	26.7	71.9	27.1	176.2	
141.5	218.1	106.8	232.9	341.5	132.2	312.3	52.9	
8.8	7.0	5.0	7.7	12.7	17.0	0.6	8.9	
37.6	57.6	1.3	45.4	10.4	29.0	30.8	14.8	
66.1	25.9	63.2	70.5	55.8	56.3	64.3	41.6	
48.3	33.2	39.3	92.1	51.0	44.5	83.4	68.8	
187.8	27.0	93.2	150.8	62.5	62.1	208.3	128.6	
44.5	65.8	26.0	63.8	37.5	16.4	35.3	49.3	
35.6	35.8	2.6	8.8	8.4	14.2	4.9	2.5	
84.9	128.8	81.1	268.9	53.3	324.5	369.6	147.9	
60.7	17.5	47.7	50.4	58.0	157.3	62.1	50.7	
56.9	43.8	43.6	92.5	52.3	25.7	2.3	92.5	
66.5	125.3	47.8	153.6	10.1	30.9	159.8	82.2	
60.8	41.7	92.6	284.3	91.0	195.9	158.4	41.8	
35.5	99.6	23.6	52.6	22.7	13.2	108.6	24.5	
19.3	11.3	22.6	26.8	26.7	15.5	4.8	72.1	
38.0	13.4	66.6	95.5	33.2	43.8	97.4	89.9	
141.9	105.3	31.5	271.7	85.6	123.7	71.2	66.5	
14.1	8.8	19.3	64.0	9.8	12.0	32.3	29.7	
92.8	441.6	50.3	127.4	85.9	280.1	77.3	279.1	
37.3	24.6	26.6	31.8	77.6	28.0	60.9	58.2	
12.1	44.9	31.0	38.1	93.2	128.2	37.5	32.1	
39.0	71.8	47.9	53.5	80.0	63.4	86.7	43.6	
44.9	15.9	57.5	195.6	24.8	78.6	3.3	55.3	
42.2	53.0	16.6	140.1	20.5	45.8	30.3	66.3	
36.7	54.6	40.9	69.8	44.5	105.6	81.3	81.7	
25.4	16.4	5.1	19.0	22.0	14.0	3.1	52.9	
8.7	11.9	24.5	31.4	28.2	46.5	4.5	37.3	
90.5	45.9	30.8	76.3	37.0	129.1	107.7	40.6	
57.0	61.8	43.9	78.2	25.6	27.9	59.7	69.6	
62.2	84.3	78.6	605.6	140.6	115.8	657.6	202.6	
117.2	76.2	70.9	224.9	208.5	67.2	55.7	98.1	
6.8	9.4	3.0	9.3	10.5	3.6	5.0	0.8	
48.8	82.3	11.9	33.3	72.5	30.7	64.0	34.6	
78.0	86.3	31.3	133.1	285.7	44.0	124.5	134.2	
79.7	92.0	153.5	204.6	103.0	37.4	170.2	78.8	
79.9	44.3	26.9	199.2	50.8	155.0	147.0	97.1	
89.9	78.9	98.5	132.1	100.0	159.5	145.7	67.5	
119.9	125.6	53.3	246.9	21.2	112.2	203.7	21.7	
4.0	26.1	15.8	28.7	25.8	3.9	15.1	14.0	
65.3	35.5	14.3	26.8	17.8	27.7	19.1	39.5	
41.7	25.6	28.4	45.7	40.4	98.6	39.9	42.9	
24.6	12.9	23.5	63.4	13.0	60.8	39.1	54.5	
78.2	27.9	55.8	107.0	88.5	35.1	20.7	4.6	
12.1	45.2	16.0	21.9	21.1	134.9	48.3	71.4	
69.7	140.1	84.9	98.3	76.7	68.3	35.3	43.0	
39.4	129.0	46.4	185.0	136.9	160.4	94.0	98.4	
29.6	25.0	6.9	22.0	7.9	14.3	33.6	7.8	
57.6	12.2	87.3	207.9	110.4	30.6	64.8	18.6	
346.8	114.1	90.3	97.8	37.0	201.6	134.1	26.4	
165.8	275.9	90.1	247.4	243.7	118.3	178.3	138.9	
18.2	32.8	13.9	19.0	0.4	13.0	2.4	7.4	
28.4	168.0	75.8	112.3	80.3	11.3	16.7	224.0	
61.6	48.9	23.2	54.3	136.4	171.3	161.0	81.2	
150.6	213.9	105.1	205.3	57.5	51.0	105.0	155.7	
90.1	227.1	30.6	65.6	70.5	98.9	78.6	150.8	
4.3	3.4	5.7	35.6	7.0	14.3	15.4	8.7	
7.7	5.4	7.0	13.8	7.8	5.4	10.5	11.2	
173.1	221.1	59.6	258.8	133.8	13.0	48.7	156.3	
20.1	14.9	98.6	178.6	22.7	36.9	52.9	49.9	
49.9	50.3	38.2	74.7	284.8	74.9	77.2	65.4	
235.8	63.1	23.2	54.4	55.3	48.2	50.2	190.0	
38.5	28.1	21.0	87.4	136.3	42.1	96.0	190.1	
63.4	15.0	4.9	29.1	40.4	71.1	36.1	8.4	
32.5	6.0	6.1	9.9	11.5	70.4	17.4	94.8	
337.3	39.8	159.4	168.8	93.9	152.0	56.1	34.9	
379.6	25.7	231.4	464.4	1283.7	395.6	687.9	498.4	
38.8	120.5	21.0	42.3	98.9	64.2	111.2	12.2	
164.9	200.8	65.1	304.6	96.7	359.8	175.6	90.2	
131.5	406.9	148.4	232.7	121.7	225.5	131.8	158.6	
2.0	41.2	5.4	72.4	61.6	42.1	56.8	7.5	
20.9	28.4	13.2	23.0	10.9	22.3	2.8	9.1	
126.8	67.7	81.0	111.0	31.1	51.2	88.6	20.3	
46.4	137.9	52.5	72.1	68.1	219.3	26.9	30.7	
173.7	7.3	41.2	84.0	300.6	116.1	228.9	100.6	
40.8	31.2	32.4	63.4	114.5	90.9	60.1	51.4	
121.6	34.1	103.6	221.0	305.8	336.6	13.7	116.6	
163.3	188.3	120.7	1185.2	179.4	398.6	10.6	142.4	
34.7	13.0	47.6	101.4	19.2	47.9	93.3	57.8	
256.0	33.1	12.8	104.0	182.7	44.7	133.2	154.9	
190.6	101.5	35.9	87.3	85.0	20.8	86.3	99.3	
41.9	26.0	45.2	72.6	92.5	100.6	94.1	220.2	
72.3	60.4	140.3	169.2	182.2	23.3	28.7	123.9	
173.7	35.2	138.2	182.3	136.7	286.0	51.7	181.2	
18.9	27.8	10.5	29.8	31.2	13.4	35.1	60.4	
154.3	301.3	27.4	142.3	70.7	98.2	34.6	49.3	
149.9	118.2	31.2	82.3	45.0	99.9	321.9	323.8	
74.8	124.1	33.4	83.6	168.5	16.9	1.5	76.2	
17.7	48.1	8.5	31.3	3.2	90.9	78.8	65.8	
109.9	7.2	97.3	180.3	86.5	166.9	48.3	62.0	
29.3	58.8	77.7	142.0	50.9	75.6	48.5	189.0	
23.9	21.8	11.5	98.3	5.8	41.6	59.0	7.3	
27.1	237.1	29.7	239.8	44.5	197.0	52.3	127.3	
58.2	148.0	65.9	277.7	175.1	81.5	150.8	82.9	
10.3	15.8	17.9	29.6	22.8	51.9	12.2	21.8	
42.7	83.9	1.7	27.0	70.6	20.4	82.7	98.4	
32.9	188.8	28.9	92.8	9.9	115.4	154.3	48.0	
48.2	39.6	27.2	44.7	70.4	8.7	14.0	18.0	
161.0	28.2	96.0	151.6	115.7	236.0	145.9	113.2	
206.9	68.7	56.8	448.2	213.2	12.5	510.9	203.4	
432.0	181.2	57.4	74.5	125.2	83.3	82.7	14.0	
301.3	238.5	75.5	80.6	170.3	191.8	202.8	58.9	
26.3	26.2	12.9	26.0	7.0	8.9	17.9	4.2	
181.4	30.2	171.8	261.6	41.0	40.2	39.9	47.0	
67.1	178.3	13.3	99.2	104.1	11.7	37.1	33.1	
19.1	13.9	3.3	20.4	22.3	20.4	55.0	3.1	
150.8	82.9	39.9	168.2	14.2	93.7	170.6	163.1	
34.4	9.5	19.2	92.4	4.0	26.5	10.9	53.7	
6.5	38.5	24.7	42.6	18.3	22.6	17.6	31.5	
13.4	50.1	17.1	22.9	40.8	16.9	17.3	8.2	
68.6	42.9	23.7	117.6	124.4	49.7	47.4	21.3	
229.9	324.9	53.3	369.0	234.5	276.2	324.5	199.7	
19.8	71.5	33.2	93.2	79.7	137.5	130.2	10.2	
9.9	16.9	3.1	11.9	0.4	14.5	6.6	5.8	
36.4	10.3	10.1	20.7	94.8	64.9	111.6	35.7	
33.2	150.8	97.5	175.8	216.0	170.8	158.9	80.6	
36.9	38.2	9.4	30.7	37.1	53.0	84.1	20.4	
143.1	34.5	32.3	51.9	55.6	37.3	77.6	34.7	
112.4	35.2	69.3	94.8	29.7	53.4	26.8	6.1	
15.8	113.3	14.8	32.1	13.7	14.7	173.4	32.1	
23.4	36.4	34.6	38.2	12.0	9.6	8.5	37.0	
95.8	248.4	153.5	172.6	162.1	30.2	103.2	50.9	
75.5	115.0	48.0	150.0	133.6	281.0	10.4	259.6	
133.6	68.3	17.4	54.5	222.9	49.6	63.1	109.9	
64.8	50.5	20.8	177.8	46.1	24.6	97.6	78.4	
91.4	90.4	10.7	290.3	102.5	48.4	118.8	110.9	
70.8	66.1	58.0	63.8	77.1	21.8	89.2	201.7	
9.7	2.9	23.1	28.0	52.1	7.6	15.9	46.6	
17.2	25.7	4.4	5.6	8.5	14.2	11.7	18.7	
59.4	43.2	81.1	100.5	47.2	64.0	68.9	208.3	
104.1	84.3	13.7	32.9	41.2	34.4	20.0	40.0	
2.9	8.8	8.7	14.8	9.2	8.2	10.2	13.9	
141.6	22.4	72.0	82.3	112.1	125.0	25.8	7.2	
6.6	27.6	24.5	27.6	39.2	20.2	23.9	35.9	
98.9	42.6	71.6	118.5	188.3	46.9	52.2	132.4	
26.2	26.2	10.1	17.8	36.9	12.3	5.1	29.4	
45.0	34.5	47.7	49.3	28.2	56.5	204.3	653.7	
4.1	20.4	32.3	42.9	30.2	11.1	9.9	34.2	
122.5	116.9	93.1	129.5	38.4	96.7	125.3	110.4	
11.7	3.5	11.2	29.5	11.2	7.4	24.8	19.0	
8.7	139.2	23.4	194.5	36.4	33.2	145.1	43.3	
40.2	37.3	71.6	81.4	25.2	57.2	53.8	49.9	
60.5	24.8	19.0	49.1	104.1	56.5	53.4	141.0	
164.4	11.1	56.6	68.1	48.0	61.1	16.5	88.8	
48.8	30.1	18.4	56.1	142.1	142.7	94.8	20.7	
80.6	141.1	66.5	128.5	41.0	47.1	55.4	164.6	
148.5	38.0	55.5	108.2	18.7	44.5	66.3	31.9	
27.5	89.3	27.6	63.5	128.1	67.0	25.9	102.3	
106.9	95.6	53.0	97.6	214.2	12.8	215.6	146.8	
24.1	26.9	45.2	81.5	98.2	58.7	39.2	21.0	
67.3	15.3	21.3	116.5	143.7	51.5	107.8	35.3	
125.7	18.3	24.3	48.4	9.8	9.7	11.2	40.5	
75.1	88.0	60.8	122.6	62.0	6.0	20.4	66.6	
8.4	41.6	21.2	56.1	29.9	28.0	28.8	24.4	
9.8	5.9	14.2	32.5	4.2	5.6	16.7	1.0	
270.9	255.7	95.7	148.9	109.8	126.2	41.7	218.1	
36.5	28.3	122.0	126.6	87.8	23.3	78.2	323.4	
12.7	74.4	15.3	14.7	132.3	112.4	264.7	184.6	
8.2	13.7	11.4	56.9	0.6	15.9	8.3	22.6	
88.7	42.4	12.6	50.8	81.4	129.4	167.2	10.2	
7.9	6.3	5.9	85.0	3.1	12.5	29.4	33.9	
38.6	31.0	18.4	30.0	83.9	53.3	32.8	30.5	
155.0	655.2	62.2	213.3	84.8	226.6	147.8	162.5	
63.4	35.2	15.8	21.4	36.4	47.2	147.9	72.6	
33.3	35.2	25.4	68.1	151.6	35.4	128.5	167.5	
11.0	18.9	15.7	25.1	22.0	2.1	23.1	22.8	
5.0	9.8	10.5	10.0	34.5	28.6	9.4	6.4	
23.4	24.0	15.3	24.3	44.7	18.8	12.9	57.5	
45.8	19.4	25.8	32.7	88.8	49.1	53.1	49.9	
61.4	38.2	44.5	130.7	64.3	163.8	318.8	124.9	
86.3	42.8	57.6	208.6	112.2	470.0	176.5	85.5	
115.6	64.4	87.0	214.1	5.3	118.9	186.2	105.1	
77.3	205.4	47.5	346.1	79.8	172.0	174.7	51.8	
24.3	27.5	17.1	104.7	14.5	45.4	69.1	9.5	
259.1	113.3	91.9	446.0	165.7	126.5	229.8	114.2	
60.9	24.8	10.9	51.9	23.9	31.9	37.5	13.0	
26.8	73.4	20.0	106.2	47.7	48.8	61.4	35.7	
49.9	457.3	114.4	296.3	179.9	141.7	86.4	142.3	
217.1	98.4	52.2	209.1	200.6	199.7	36.7	91.2	
65.2	21.8	14.6	34.7	55.7	7.6	13.5	45.4	
77.5	94.1	42.7	103.0	59.3	4.2	31.7	66.1	
109.7	92.2	5.8	97.8	36.2	27.0	80.8	131.2	
79.0	81.7	39.0	47.7	188.1	44.3	104.8	80.6	
87.3	93.9	33.1	34.3	271.8	4.0	69.7	22.8	
17.1	26.5	10.0	41.0	7.9	11.5	123.7	65.9	
10.2	62.5	44.3	250.1	120.9	93.7	134.9	80.4	
152.1	48.7	13.3	127.0	172.0	75.2	158.0	97.6	
45.6	289.4	76.5	109.7	41.1	32.2	109.5	79.3	
0.5	0.5	0.1	1.3	2.2	0.7	1.0	0.5	
23.2	50.8	16.0	125.6	113.1	27.7	45.2	20.1	
29.2	32.0	89.3	356.9	84.8	29.2	34.0	87.5	
25.5	10.9	24.5	24.0	7.9	40.8	8.3	9.6	
352.6	191.5	61.3	223.8	259.4	96.1	98.2	187.1	
51.5	98.5	48.2	56.6	70.2	41.4	53.3	130.6	
3.4	3.3	6.0	26.9	8.0	11.1	8.0	4.1	
9.1	6.2	19.5	21.2	18.4	12.9	13.4	25.6	
20.1	53.0	131.4	178.2	101.1	30.3	253.4	30.1	
87.3	278.1	32.9	111.2	279.6	76.5	73.5	161.5	
121.1	32.5	46.3	250.0	252.5	112.1	87.7	98.6	
41.6	121.7	62.5	106.5	107.6	162.6	45.7	185.0	
71.3	138.4	15.4	30.0	33.0	87.6	57.3	27.4	
33.4	67.8	16.3	42.6	29.4	23.0	89.5	17.9	
2.8	23.1	8.7	11.0	7.3	9.3	66.5	34.9	
13.6	13.7	13.3	43.9	16.8	35.9	15.1	52.5	
27.3	4.8	5.4	9.2	8.8	29.0	3.8	1.7	
18.9	47.3	35.3	74.8	95.7	21.0	87.2	37.4	
159.6	92.7	96.6	311.7	147.6	242.4	198.4	290.7	
84.3	108.3	9.2	12.2	4.7	44.6	9.1	62.8	
83.1	66.5	33.5	52.0	64.6	1.9	48.3	98.9	
3.1	8.6	0.7	3.8	9.3	6.0	1.4	1.7	
83.9	182.0	149.2	184.8	183.5	122.3	5.2	87.0	
2.1	36.9	14.1	51.0	28.1	58.0	109.7	56.1	
66.6	8.2	6.4	135.6	182.8	31.8	99.0	30.1	
35.0	144.7	2.4	9.6	10.0	13.7	18.8	65.2	
32.0	25.8	0.9	21.4	52.2	5.7	14.6	14.9	
6.2	105.3	16.7	59.2	122.3	36.3	103.5	69.8	
27.8	23.8	44.2	131.8	19.1	19.2	26.9	57.8	
46.6	16.0	109.8	142.1	61.3	54.7	171.9	13.4	
20.6	34.4	53.1	158.2	40.4	88.7	97.1	37.4	
35.9	14.7	6.7	23.1	7.0	35.8	52.4	51.7	
43.1	7.6	12.1	43.2	74.3	27.9	16.5	25.9	
2.7	4.3	0.9	6.6	4.0	3.2	2.7	4.8	
0.3	0.2	0.1	1.3	1.0	0.8	0.7	1.3	
65.5	76.6	92.0	157.5	64.3	14.9	32.9	36.3	
131.3	52.7	135.0	83.2	36.8	59.3	29.5	2.5	
11.6	71.2	20.1	44.6	11.4	16.0	10.2	73.2	
19.9	41.6	38.0	9.8	10.6	34.6	47.0	96.3	
15.4	14.8	13.0	20.4	20.8	18.1	37.9	29.3	
40.0	17.5	21.0	56.9	36.2	10.3	16.3	47.1	
105.2	27.5	26.0	13.9	11.8	7.6	11.5	79.7	
19.9	10.7	68.1	32.3	47.6	58.3	20.5	26.3	
119.9	26.5	25.8	91.0	104.2	33.7	83.3	36.8	
145.9	207.5	15.9	34.6	149.5	104.6	168.6	186.3	
29.3	137.5	295.4	369.2	139.4	209.3	193.0	92.2	
120.6	144.8	140.4	84.9	281.4	209.3	65.3	41.0	
57.0	524.4	258.0	390.9	591.9	250.0	291.9	279.5	
64.1	11.6	150.0	34.2	65.1	47.4	70.9	74.2	
36.0	11.8	70.5	27.5	24.1	36.8	5.6	34.5	
3.4	21.9	23.1	10.0	20.9	16.0	26.0	20.3	
191.9	97.2	9.6	62.9	219.2	80.9	61.6	69.7	
216.5	284.8	223.7	134.1	192.1	60.0	55.3	109.2	
72.8	97.8	40.2	55.1	5.0	209.4	47.2	42.2	
36.4	42.3	37.4	85.0	54.2	23.2	3.1	91.4	
274.4	54.4	58.1	100.6	131.2	69.7	97.4	92.5	
384.1	54.3	69.9	88.2	385.9	117.0	155.2	308.3	
56.4	162.2	13.4	44.1	168.1	112.9	132.6	136.9	
41.0	10.6	53.0	29.8	15.3	57.7	16.0	18.6	
11.6	182.7	90.3	242.7	76.0	166.2	23.0	151.7	
4.0	12.6	29.9	10.6	37.5	3.5	23.7	21.9	
185.3	19.0	33.6	108.1	135.6	126.8	46.4	210.2	
46.5	83.2	259.0	314.0	109.2	171.5	58.9	91.5	
76.5	24.9	239.8	144.6	107.3	45.0	171.2	24.6	
35.8	104.5	77.9	52.2	5.7	5.6	115.8	30.1	
45.9	47.5	120.9	46.0	307.4	44.1	78.1	27.3	
124.5	103.6	106.4	104.0	46.4	78.0	109.1	106.7	
21.8	43.6	26.8	111.7	35.7	20.9	15.3	2.4	
40.8	127.6	42.9	42.1	5.7	151.6	92.7	123.8	
71.3	5.2	17.2	31.2	48.3	2.4	7.5	10.6	
5.6	25.1	24.0	12.5	55.1	37.3	16.9	73.9	
26.3	33.7	33.4	42.1	23.7	22.4	17.5	40.1	
31.0	26.4	35.2	5.1	24.6	35.9	11.1	27.9	
124.3	177.6	25.9	93.8	132.0	71.0	33.7	212.4	
27.7	27.2	78.1	2.7	16.9	50.3	54.7	40.4	
12.8	41.9	56.9	80.1	78.1	119.0	133.4	30.3	
170.4	60.2	86.3	51.1	85.7	106.4	216.7	15.7	
147.6	56.0	83.0	19.4	68.5	43.9	24.7	56.5	
194.0	93.7	101.2	39.8	85.2	88.3	144.7	58.5	
10.6	22.7	54.5	150.0	21.8	33.2	20.1	19.5	
267.9	193.0	199.9	229.8	284.4	296.6	204.4	524.4	
36.2	48.4	64.0	121.4	32.3	17.7	43.2	65.7	
308.0	188.3	210.1	90.0	270.7	473.1	176.9	556.8	
56.5	283.5	241.1	283.0	35.6	271.2	48.8	96.6	
4.4	19.2	5.0	7.5	25.1	8.2	1.6	9.1	
43.9	106.1	20.3	61.8	52.7	72.4	117.9	7.7	
66.9	13.8	51.9	157.3	60.7	65.9	117.2	68.5	
72.5	249.9	122.6	12.7	15.7	41.3	83.2	56.7	
34.1	44.3	17.7	25.3	15.5	21.6	34.2	25.9	
118.9	238.1	148.0	181.1	69.5	141.9	33.3	36.2	
97.7	21.4	42.8	37.7	54.2	9.4	49.4	53.6	
23.5	13.8	64.6	41.7	13.6	12.4	18.7	17.7	
3.2	6.9	25.0	1.9	7.9	7.4	17.0	6.3	
29.7	76.6	75.4	24.8	33.2	6.4	112.5	47.7	
15.0	77.7	8.3	56.2	23.1	2.4	54.9	2.4	
86.5	39.7	79.5	41.8	21.0	22.6	29.4	29.3	
12.9	27.7	23.3	35.6	56.3	70.9	9.0	48.6	
25.0	92.0	27.2	40.5	11.2	78.7	69.2	48.8	
424.6	76.6	286.7	155.7	120.4	122.0	145.9	238.2	
85.1	45.6	109.5	79.5	40.6	9.0	105.1	173.2	
7.1	19.2	34.3	2.5	15.4	22.3	31.3	18.6	
305.3	9.3	15.0	73.5	170.4	54.2	36.7	37.5	
7.8	32.3	21.4	41.5	119.5	61.2	53.3	48.5	
14.2	98.6	13.9	95.9	85.0	35.5	41.2	43.9	
105.0	73.7	137.7	173.5	55.6	6.9	21.2	80.2	
165.1	92.1	61.2	117.6	27.4	118.2	277.6	45.4	
58.5	39.2	42.1	9.2	48.3	37.0	66.2	56.4	
1.8	3.8	0.8	3.2	0.9	1.5	6.0	4.1	
8.4	37.3	45.2	22.6	73.4	29.1	30.4	48.4	
36.6	107.6	130.4	90.2	11.9	87.4	8.3	31.4	
5.8	41.1	13.0	3.6	6.1	11.7	23.9	11.5	
16.8	33.1	59.6	12.5	11.5	23.3	26.9	50.5	
68.9	100.6	45.7	34.7	51.4	101.2	72.8	73.9	
441.1	15.7	145.7	107.0	148.0	12.5	417.8	6.7	
21.8	49.9	43.4	2.8	34.7	34.8	29.3	57.8	
39.9	2.7	21.7	7.4	30.9	75.1	5.0	7.1	
384.2	146.6	124.1	128.1	386.0	371.9	42.9	226.7	
3.5	11.5	9.5	28.0	8.1	21.0	23.7	1.0	
35.0	50.7	243.7	84.7	64.9	96.1	32.0	18.8	
41.2	2.3	199.7	54.4	43.1	82.5	90.3	48.9	
27.7	35.4	41.4	16.7	43.5	8.4	35.7	96.2	
22.6	7.3	41.7	20.3	21.8	36.5	21.0	45.0	
136.0	43.1	67.2	49.0	12.2	132.3	52.7	8.5	
20.2	54.8	34.1	6.4	22.3	27.7	29.6	31.4	
73.2	43.3	68.3	41.3	179.0	31.8	160.6	60.2	
103.5	51.1	199.6	177.3	154.1	21.6	46.5	233.2	
36.5	116.9	81.1	130.1	37.0	18.6	51.0	17.0	
60.7	56.5	8.7	10.1	266.1	97.1	46.2	69.3	
48.5	106.1	122.4	32.0	173.1	74.9	20.8	112.7	
4.3	3.3	1.4	4.3	3.2	1.0	7.0	1.7	
48.7	41.9	100.7	45.7	81.3	41.4	61.8	53.0	
93.0	181.9	209.6	212.6	356.1	33.6	169.0	212.5	
118.5	49.4	13.5	8.9	55.7	75.5	33.5	4.7	
34.3	74.8	36.8	4.3	32.6	4.1	63.4	70.0	
35.2	151.6	297.0	124.7	144.9	98.0	167.2	73.9	
17.3	4.9	14.5	9.3	22.7	24.1	6.9	11.8	
63.3	73.3	56.6	71.7	93.0	64.2	26.9	122.1	
159.1	122.8	44.2	236.9	394.6	153.5	41.3	99.8	
29.7	33.0	15.0	70.7	84.6	111.1	266.5	77.2	
151.0	120.2	238.7	344.7	93.1	56.1	256.4	22.7	
18.4	5.6	29.9	40.8	34.5	30.3	27.2	19.1	
4.0	3.8	0.4	1.5	0.5	5.3	2.0	6.5	
39.4	22.0	182.9	45.6	42.3	59.3	359.3	147.0	
30.7	41.8	10.1	14.6	33.9	26.7	17.5	17.8	
51.5	103.4	188.6	74.4	90.6	279.7	86.7	182.9	
23.8	71.2	10.5	72.8	123.2	43.1	102.0	22.6	
41.7	40.6	98.0	55.7	32.1	40.4	92.0	50.9	
113.1	28.5	50.4	20.5	56.0	42.0	9.9	54.7	
443.3	54.0	39.7	100.7	19.0	67.6	144.2	138.1	
6.2	2.6	5.2	1.9	11.9	10.6	8.4	1.4	
300.0	201.8	191.1	260.8	103.4	86.8	114.6	160.5	
79.9	136.4	48.8	108.6	19.7	12.5	82.3	90.0	
26.4	19.7	25.8	81.5	19.8	138.3	72.3	9.9	
83.0	195.6	4.8	14.1	58.4	49.6	33.4	47.4	
17.2	72.9	37.6	23.6	18.2	18.9	42.8	80.1	
15.0	22.4	49.4	12.9	6.5	48.5	28.8	35.6	
80.4	48.4	89.9	76.4	38.2	21.6	47.9	43.3	
14.3	8.5	18.2	9.5	8.1	11.8	7.8	26.8	
62.4	27.4	22.5	53.1	19.8	30.9	25.4	8.9	
220.4	119.0	130.8	104.0	21.5	34.7	94.6	341.8	
260.0	207.0	183.5	152.2	27.0	131.0	119.8	72.7	
19.1	37.7	3.5	36.0	15.7	7.2	42.7	36.4	
19.8	10.8	10.7	39.8	17.9	66.9	57.2	55.2	
0.7	70.6	64.5	160.6	34.0	108.6	66.0	75.0	
212.6	364.3	141.5	211.9	184.1	462.5	432.8	187.1	
16.7	50.0	37.0	4.6	14.4	29.3	18.0	12.5	
73.1	128.3	13.5	77.0	149.2	122.1	47.8	46.5	
46.0	156.2	37.8	18.6	66.8	87.0	46.2	24.6	
22.6	60.1	136.0	185.6	48.6	131.4	119.8	32.1	
83.6	227.6	35.0	165.5	137.3	111.2	44.9	23.1	
50.3	11.2	57.7	2.6	66.0	59.7	13.0	32.0	
106.5	136.5	166.2	299.7	265.3	162.6	56.8	76.4	
40.1	55.0	14.0	65.8	35.5	31.3	30.5	42.0	
114.2	468.3	77.7	117.3	323.0	298.9	460.9	317.4	
119.2	96.1	68.4	25.5	318.0	70.8	111.1	133.9	
41.8	107.5	169.0	172.0	13.5	56.7	87.7	113.9	
84.2	94.3	73.8	57.7	15.9	25.4	103.9	16.6	
92.6	23.0	55.9	29.2	25.6	57.3	13.7	52.4	
8.3	26.2	28.2	10.3	24.6	12.7	38.3	3.9	
29.4	32.5	109.7	50.3	59.5	59.8	84.7	70.2	
27.8	28.2	92.7	44.9	4.6	101.2	77.1	91.9	
10.1	4.5	26.3	44.0	8.4	71.4	11.4	48.4	
56.3	30.0	37.3	156.6	180.3	55.8	17.6	51.2	
176.5	344.9	51.7	12.0	98.0	25.2	94.0	246.8	
178.1	171.0	103.8	45.5	61.8	250.9	320.0	154.0	
86.7	35.3	22.8	98.5	30.2	82.4	142.6	80.8	
17.5	26.1	60.5	21.1	36.7	25.9	8.1	12.4	
16.9	49.2	47.9	42.1	58.2	36.2	43.7	36.6	
3.0	34.7	11.9	5.3	29.8	30.5	48.3	16.6	
8.2	14.6	9.8	3.8	4.8	27.6	13.1	24.6	
52.6	74.3	39.3	13.3	36.1	59.6	75.7	53.8	
66.3	258.7	173.0	301.9	115.7	72.9	929.0	49.1	
75.8	93.5	151.3	119.5	36.5	57.9	65.3	205.3	
79.8	205.2	182.3	703.7	217.4	228.0	100.7	159.0	
34.5	12.6	13.9	32.1	63.0	21.0	6.6	21.5	
39.2	33.1	39.9	94.9	22.1	28.6	44.6	18.9	
19.2	31.6	42.1	29.7	45.3	34.5	11.2	47.2	
118.1	107.4	26.8	103.7	90.9	23.0	127.2	39.0	
143.0	85.6	67.9	88.0	96.1	13.1	136.6	38.7	
16.6	4.2	186.0	15.9	65.8	16.0	5.5	0.4	
73.3	38.8	421.0	210.5	556.4	208.3	195.5	242.7	
56.2	41.0	76.8	8.2	78.4	35.4	102.2	49.8	
510.8	151.9	13.3	134.0	149.7	72.3	154.1	162.3	
133.1	348.8	54.3	100.3	66.2	113.7	61.8	67.8	
74.2	78.8	69.5	32.5	117.8	19.5	71.6	281.4	
16.1	95.2	93.2	10.2	70.4	13.7	57.4	49.3	
8.0	17.5	112.3	37.1	35.3	64.1	46.1	25.1	
12.2	15.2	10.0	16.4	35.9	52.3	36.7	19.8	
275.0	188.4	38.9	60.6	87.9	35.0	101.1	50.4	
24.3	16.6	46.5	5.4	22.0	20.1	3.8	13.8	
40.7	196.1	26.6	40.4	113.5	124.2	34.6	51.9	
126.2	121.0	93.7	336.9	36.0	57.7	7.4	47.2	
16.7	33.8	4.9	1.4	3.0	5.4	2.4	9.1	
92.6	20.2	159.8	15.3	107.9	33.7	23.9	75.1	
27.4	10.1	33.3	48.1	88.7	38.4	4.2	45.1	
21.1	128.9	167.9	164.6	36.6	47.6	139.6	125.8	
20.6	3.4	3.1	4.3	17.0	13.3	7.4	14.5	
104.3	138.5	36.6	191.9	97.7	147.0	49.7	21.7	
157.6	97.4	123.4	185.8	62.6	41.0	140.8	224.1	
16.3	104.0	103.5	25.6	73.1	69.5	77.2	68.1	
68.7	299.8	102.1	170.3	435.2	351.1	101.5	104.4	
19.5	34.3	36.8	33.6	96.7	66.1	53.6	34.4	
223.9	175.6	175.2	139.8	232.0	225.2	297.8	106.3	
166.8	18.0	114.6	67.1	86.0	65.0	25.9	150.2	
25.3	24.1	33.1	20.6	24.7	13.6	29.2	80.1	
119.5	67.7	156.6	66.7	38.3	30.8	138.1	40.3	
41.8	20.6	32.7	26.7	7.0	24.7	14.0	1.5	
15.5	40.9	10.6	22.4	80.3	33.2	21.3	44.6	
20.6	9.9	45.9	47.2	93.5	37.9	10.8	99.3	
3.9	12.0	10.5	51.3	6.1	40.2	29.1	64.1	
101.5	34.8	106.5	156.7	177.7	160.7	176.5	138.2	
20.1	26.0	9.9	0.7	52.1	38.3	17.2	15.9	
495.7	71.9	178.6	154.9	232.1	310.4	153.7	113.9	
10.1	72.8	92.1	37.5	28.7	24.0	29.7	29.2	
99.8	2.8	52.1	78.3	80.2	60.7	68.5	13.8	
28.7	51.0	40.9	23.9	6.5	23.3	31.4	40.4	
75.4	79.3	31.7	19.7	29.1	60.6	9.3	17.3	
2.1	5.0	2.7	1.4	2.2	2.7	4.9	5.0	
31.5	31.5	63.4	16.8	65.7	50.9	21.9	61.3	
2.2	61.2	77.1	25.0	39.1	52.4	170.9	31.3	
69.6	37.6	22.9	21.9	72.9	48.1	51.5	40.6	
215.1	138.4	329.8	75.6	34.6	177.0	234.4	148.1	
186.5	52.6	95.2	27.5	205.0	133.3	60.5	7.1	
89.2	67.2	70.5	27.4	27.8	49.4	48.4	142.6	
144.3	31.7	33.6	26.4	19.7	24.7	54.4	22.0	
14.1	51.8	9.0	4.7	26.2	27.1	36.3	3.3	
25.2	53.9	58.7	13.6	31.3	98.7	11.5	38.0	
22.7	52.3	35.4	51.9	142.9	59.1	71.6	33.2	
13.1	19.5	16.8	22.9	17.1	13.1	18.3	34.2	
13.6	71.3	41.0	71.2	52.0	65.1	83.6	38.6	
52.8	128.1	43.7	43.0	148.3	73.2	44.4	31.1	
167.3	17.6	57.7	169.9	87.2	100.3	29.6	72.6	
27.4	24.4	37.5	98.1	17.1	11.2	48.2	17.3	
345.7	740.6	110.4	232.3	376.3	217.9	78.2	121.1	
48.2	32.1	12.9	66.8	51.6	72.3	47.4	27.0	
360.7	34.8	139.7	126.3	179.0	103.0	14.8	114.7	
25.1	9.9	9.1	20.8	52.3	24.1	45.6	34.6	
110.1	167.6	95.6	129.3	47.8	50.5	154.5	83.7	
105.0	68.5	102.9	160.6	9.9	89.8	93.0	114.5	
396.3	136.5	150.8	125.7	189.7	124.7	198.6	112.7	
11.8	62.7	78.4	87.2	12.1	104.1	310.6	146.0	
190.5	347.8	172.0	258.2	225.9	104.4	152.2	197.2	
9.6	56.6	22.0	89.8	59.7	17.0	45.7	10.4	
138.6	101.7	49.6	93.1	34.5	11.4	114.1	177.9	
95.3	61.5	4.4	231.7	120.0	204.8	66.2	106.1	
45.2	17.7	34.2	66.8	110.1	36.3	288.4	84.7	
250.7	72.3	31.8	174.2	227.3	52.2	50.9	39.0	
90.2	18.7	179.0	77.7	15.3	42.6	61.7	70.1	
296.2	140.7	115.5	33.3	70.3	202.6	88.1	66.7	
40.1	92.6	68.1	114.8	40.8	139.6	121.7	80.6	
5.1	6.5	3.3	3.6	2.4	5.1	2.0	3.0	
3.1	41.5	62.3	20.6	29.7	8.9	32.1	12.5	
74.2	158.4	329.0	83.0	199.9	49.2	219.4	65.4	
29.3	9.6	30.3	49.3	2.1	8.9	2.0	19.5	
94.4	254.5	179.8	176.0	194.6	167.2	19.1	95.4	
34.7	8.0	7.1	33.0	5.3	21.8	8.6	24.2	
64.7	92.6	59.6	42.9	80.2	69.3	83.9	66.7	
24.6	9.3	12.5	1.6	30.2	1.9	5.1	25.4	
140.9	65.2	28.2	82.1	24.4	20.7	47.1	14.3	
66.8	114.0	91.8	168.6	30.7	64.5	82.6	72.9	
43.6	81.2	48.6	168.4	99.3	44.8	114.8	89.0	
11.8	10.2	207.7	77.4	17.4	31.8	34.1	44.7	
3.5	11.5	24.3	32.9	21.5	10.4	11.2	13.8	
72.3	107.9	151.9	110.3	71.3	227.9	113.6	167.3	
10.5	11.9	17.9	28.9	1.8	32.1	55.4	48.1	
198.2	229.5	206.0	45.0	339.6	54.1	199.5	83.5	
29.3	65.1	21.3	17.3	31.8	39.9	15.7	36.0	
83.8	1.9	20.9	23.4	23.0	84.3	48.6	70.8	
26.1	424.9	58.2	116.9	161.8	65.3	31.4	149.8	
75.6	28.0	60.2	106.2	3.7	14.5	56.2	77.2	
50.1	213.1	94.8	43.8	76.1	208.8	20.9	126.4	
224.8	308.3	615.4	173.4	225.7	246.3	138.4	174.8	
26.5	29.1	39.3	30.0	45.3	23.1	75.0	31.9	
23.8	23.2	37.4	26.9	31.9	5.4	28.9	46.5	
67.7	66.4	5.6	43.8	15.2	38.4	93.8	5.6	
81.0	45.4	10.1	84.4	165.7	112.2	11.0	83.4	
101.6	49.2	45.5	178.4	19.2	94.7	170.0	254.8	
9.7	41.7	42.0	28.9	77.8	30.0	26.6	63.4	
15.3	88.8	30.8	16.8	51.4	50.8	138.5	70.8	
129.7	48.9	257.6	113.5	111.4	129.3	71.3	136.2	
79.1	202.5	117.2	111.8	72.4	5.1	47.0	24.6	
69.3	59.8	81.0	41.0	50.9	112.4	39.3	265.3	
57.5	10.3	65.1	8.6	38.9	45.8	54.8	30.9	
14.1	93.1	144.1	105.0	119.4	62.5	94.1	137.4	
40.4	54.1	108.5	68.9	90.7	16.0	24.0	9.3	
31.3	63.0	51.7	19.1	55.6	44.5	3.7	13.2	
58.3	109.2	73.2	46.0	244.9	37.5	26.7	20.7	
16.8	12.3	20.5	20.2	11.3	13.2	25.3	25.5	
39.4	49.9	164.9	237.7	95.1	263.5	83.0	52.2	
17.3	13.7	36.4	26.2	24.0	39.9	51.2	46.5	
44.9	19.1	12.2	57.1	25.2	26.5	5.9	123.8	
32.0	168.6	51.5	62.2	170.4	22.0	84.9	75.6	
604.8	57.7	654.9	342.1	71.7	528.6	369.4	380.6	
18.3	22.6	68.2	52.6	28.4	111.1	95.1	37.6	
6.8	22.0	5.5	11.0	14.5	3.4	1.2	19.4	
13.6	76.1	65.0	96.1	94.7	221.1	252.3	89.0	
212.9	15.4	386.8	55.4	106.3	21.8	247.2	306.4	
65.1	186.6	164.8	165.2	67.9	167.4	56.4	363.6	
146.1	411.1	95.5	111.5	200.1	107.3	187.5	129.5	
14.9	8.4	66.4	68.0	82.6	145.3	70.4	18.1	
35.8	16.6	62.6	34.3	51.2	97.0	47.7	98.7	
57.0	28.7	149.4	81.9	77.2	43.8	24.4	141.4	
3.2	7.1	4.2	9.2	10.3	12.7	8.0	12.2	
8.3	103.3	67.1	28.5	22.6	17.9	72.7	18.9	
33.5	145.3	15.9	31.4	114.1	49.9	62.4	33.2	
86.8	71.9	110.3	10.1	33.8	48.1	116.5	24.4	
23.5	34.5	123.1	89.2	30.0	142.1	115.3	190.6	
14.0	19.8	22.6	21.3	23.7	8.5	10.9	4.1	
49.6	125.8	25.6	87.9	21.8	113.5	88.2	144.8	
32.3	30.4	5.4	4.0	12.0	45.4	28.5	60.6	
4.1	2.9	17.9	12.2	12.7	9.7	6.7	7.9	
178.3	148.5	64.6	22.3	240.3	64.8	14.3	114.2	
47.7	24.2	7.8	25.2	16.5	12.1	28.3	5.8	
145.2	24.3	190.7	21.2	59.0	103.8	47.8	60.3	
155.0	55.6	43.7	123.5	75.2	176.9	38.1	71.5	
110.4	106.7	5.3	58.6	67.3	97.9	66.3	133.7	
100.8	58.0	67.3	411.5	114.6	75.3	103.5	113.9	
10.0	5.5	32.9	12.5	39.4	13.1	29.7	0.8	
52.2	144.2	108.6	30.1	114.0	97.0	28.6	46.0	
23.4	25.7	57.4	13.2	36.1	45.3	27.2	5.4	
48.0	47.9	27.7	143.7	69.1	84.9	80.5	70.8	
149.0	47.8	62.0	120.0	154.2	312.4	419.2	33.8	
7.2	12.5	5.2	8.4	4.9	5.4	3.6	21.3	
32.0	79.3	49.2	23.2	6.8	10.8	59.2	66.0	
78.4	44.3	55.1	38.5	64.0	18.6	89.4	54.4	
48.6	31.6	12.4	11.3	46.0	58.9	24.9	65.9	
13.0	41.6	14.0	80.2	21.2	31.2	24.5	120.5	
205.5	39.3	117.8	160.2	102.7	158.8	45.3	50.7	
25.8	42.9	80.5	45.9	3.6	22.0	43.5	65.8	
31.3	7.0	37.0	74.9	35.6	65.2	97.5	41.3	
315.1	164.5	68.6	57.5	12.0	134.2	95.2	94.5	
18.1	11.1	85.5	13.9	94.2	84.6	103.4	10.1	
7.2	60.9	24.6	36.3	31.1	74.6	22.8	95.3	
54.7	89.2	31.5	53.7	68.3	41.7	10.8	11.7	
20.7	54.0	22.7	41.3	14.3	19.3	18.3	34.9	
43.2	40.1	3.0	16.7	72.0	14.6	21.9	10.0	
11.2	7.2	32.8	17.9	20.2	21.9	85.3	25.2	
82.9	42.9	129.8	54.6	120.8	80.1	124.3	45.9	
46.0	68.8	6.4	23.1	79.1	12.3	96.1	12.1	
19.2	21.2	31.2	28.0	6.2	111.5	60.2	9.9	
12.1	8.0	15.3	13.0	17.4	17.6	10.5	13.3	
57.7	49.5	18.0	27.1	46.1	65.7	23.2	35.5	
63.8	91.9	58.1	356.4	101.8	86.6	207.1	18.9	
37.2	55.4	29.1	10.5	1.8	175.9	52.4	11.0	
123.9	87.3	247.5	135.6	131.9	212.2	100.7	221.0	
156.1	33.5	119.2	127.5	241.4	27.7	64.3	46.4	
181.7	156.4	116.4	131.7	208.3	182.6	574.7	72.4	
137.8	65.6	291.3	182.7	19.1	293.1	774.1	552.2	
701.4	565.4	152.8	449.4	213.0	385.4	545.0	302.7	
50.4	114.5	57.3	23.3	10.2	45.3	41.0	23.5	
13.0	67.9	168.5	36.2	10.9	16.6	10.6	22.5	
85.9	61.9	77.5	27.5	72.7	113.7	31.9	72.9	
36.0	103.8	380.0	106.0	83.2	125.1	22.7	214.0	
22.6	47.1	119.0	49.7	82.6	16.6	79.8	62.2	
147.5	75.0	65.1	147.3	56.3	54.8	69.8	214.8	
93.9	68.3	5.2	27.8	66.0	83.9	133.5	40.4	
222.9	98.9	232.5	265.4	479.7	82.9	206.6	300.4	
12.0	3.5	8.6	3.3	23.8	6.5	3.6	8.7	
162.0	131.3	9.8	175.2	151.3	76.3	239.1	239.4	
20.0	48.1	14.7	11.0	9.0	11.4	17.5	39.3	
89.2	124.9	188.8	146.0	154.3	158.2	66.2	131.6	
105.4	96.9	17.4	406.7	99.1	627.6	374.7	218.3	
74.7	98.2	185.7	304.0	183.7	33.8	79.9	68.3	
15.5	76.1	33.0	31.3	29.2	9.3	45.6	10.3	
94.6	118.4	101.4	47.9	93.1	112.1	124.6	233.9	
103.7	196.5	259.2	256.9	256.9	44.5	135.2	141.3	
22.1	34.6	41.4	2.0	44.0	16.2	6.3	10.4	
8.7	132.1	230.6	122.3	52.6	17.2	176.6	104.3	
37.1	12.9	14.3	36.6	20.3	25.0	30.1	9.8	
116.6	102.2	62.4	112.8	77.2	81.8	57.5	17.7	
41.2	55.8	44.2	86.6	140.4	69.6	62.0	116.6	
22.4	48.5	37.6	11.0	25.5	67.2	34.3	31.7	
29.3	78.7	51.0	25.1	31.2	8.8	13.0	80.7	
79.7	22.2	31.1	10.9	7.6	70.7	21.6	16.1	
73.1	48.9	102.7	54.3	4.2	9.9	73.1	132.7	
22.7	3.4	5.7	3.0	6.2	5.3	6.4	15.0	
4.9	9.8	19.6	12.3	41.6	16.4	24.7	24.7	
46.4	56.5	90.7	23.4	49.9	17.7	95.8	208.3	
41.8	53.9	98.2	111.3	154.9	131.6	73.9	146.5	
108.7	149.8	183.1	171.0	194.1	25.3	142.2	134.5	
209.2	40.2	35.2	214.9	72.6	29.7	156.4	222.6	
7.9	63.9	22.2	9.2	17.1	13.3	62.5	31.7	
29.9	8.9	10.9	15.5	125.3	47.7	14.5	10.9	
113.6	110.8	13.6	62.2	59.5	60.6	41.3	76.4	
294.1	136.4	20.6	49.8	28.3	18.9	407.5	33.2	
89.5	246.7	151.7	255.0	84.1	178.4	98.1	35.9	
139.7	175.6	23.0	574.2	14.0	432.2	68.5	149.9	
8.6	15.4	4.8	1.5	5.8	6.7	4.1	10.2	
79.4	39.6	105.7	77.3	60.7	22.8	93.2	87.4	
73.9	86.2	114.4	5.7	96.5	80.8	18.3	46.8	
82.9	74.2	74.1	114.7	77.3	53.4	47.3	57.7	
14.3	50.8	2.4	26.5	37.6	7.0	28.0	20.0	
88.1	364.6	12.0	394.3	94.4	205.0	9.3	222.0	
68.0	57.8	9.6	64.8	66.0	105.9	42.6	33.4	
13.0	17.5	10.9	10.4	11.6	5.4	5.9	19.8	
27.6	37.8	41.5	109.1	62.8	46.4	70.6	18.6	
59.6	1.8	16.2	12.6	9.2	21.4	10.4	11.8	
65.7	99.1	389.1	412.9	91.9	286.0	59.7	92.1	
36.4	51.3	28.5	52.3	14.3	54.7	35.7	42.0	
13.8	75.1	158.6	260.3	141.9	242.0	102.2	236.5	
91.1	287.2	78.7	111.1	238.1	190.7	227.2	112.1	
40.9	234.1	109.1	38.2	2.6	136.8	116.3	117.7	
40.6	21.8	5.7	7.8	24.7	23.3	33.6	10.6	
1.5	29.6	138.2	13.5	92.7	55.2	39.6	86.4	
111.2	52.4	12.0	28.6	78.6	41.1	95.0	56.6	
303.5	247.8	231.8	436.3	61.8	12.8	405.8	54.9	
109.9	95.6	139.9	47.9	48.3	26.3	46.1	79.6	
531.7	94.8	33.3	109.8	13.1	88.7	202.4	123.5	
254.1	43.5	126.0	37.9	87.5	29.8	81.2	60.8	
52.9	4.5	7.0	25.2	9.2	19.6	34.0	38.2	
31.4	47.5	28.6	35.8	25.3	10.3	21.6	69.1	
121.8	36.1	136.6	58.3	165.7	107.2	70.3	30.6	
38.2	62.3	86.8	162.1	71.5	77.4	55.2	128.9	
117.8	64.5	139.7	52.9	116.9	170.8	83.7	140.5	
125.6	22.2	65.9	81.1	58.2	88.5	66.8	12.2	
22.0	10.1	16.1	26.2	5.0	15.1	55.7	7.0	
50.5	25.3	43.8	86.5	83.2	33.8	30.9	21.3	
3.3	50.3	88.6	27.9	53.0	33.8	90.8	21.3	
54.9	29.8	16.9	15.7	28.2	14.4	66.6	18.7	
66.5	19.3	20.4	21.6	8.1	7.5	13.1	31.7	
143.9	54.4	31.4	20.3	65.2	71.6	82.4	8.4	
47.9	50.9	33.5	117.2	55.6	80.8	67.0	15.6	
21.5	63.8	91.9	88.8	99.0	31.8	69.5	121.0	
189.7	262.5	279.0	75.8	45.3	372.0	229.8	55.6	
91.8	209.6	88.5	124.7	198.6	77.3	359.3	351.3	
233.3	621.5	366.1	60.3	123.2	35.2	193.6	391.2	
123.8	334.8	298.3	41.1	27.5	113.5	16.5	104.2	
19.4	8.8	3.8	11.4	2.3	2.6	1.2	3.7	
82.7	32.1	117.6	36.8	91.6	30.8	142.8	47.7	
42.7	56.6	14.5	32.1	72.9	79.6	126.6	19.6	
21.9	19.7	4.0	13.4	68.7	20.0	28.1	22.3	
6.6	193.9	150.1	308.7	105.1	55.6	119.8	100.1	
64.5	58.2	167.7	9.7	107.9	189.6	142.9	74.9	
44.5	54.8	47.7	64.8	8.2	90.2	13.0	26.9	
124.8	20.4	195.0	283.9	50.1	87.3	134.3	598.8	
3.8	16.4	15.9	16.7	24.7	8.0	26.5	8.8	
64.9	39.0	35.2	3.9	22.0	17.5	1.1	33.1	
35.6	86.7	42.1	91.5	12.1	83.6	164.0	38.3	
137.2	92.3	79.8	64.2	198.2	282.2	338.7	66.0	
26.9	14.0	15.6	112.9	55.2	93.2	120.3	13.5	
29.9	7.9	60.9	62.9	74.5	150.5	39.0	58.7	
292.4	17.5	164.4	102.5	124.9	241.5	238.7	85.5	
26.5	153.8	98.0	19.9	93.9	60.7	34.7	11.5	
80.0	53.8	51.0	12.5	69.0	43.7	122.5	31.7	
4.7	6.0	23.5	17.5	2.6	16.7	7.1	29.6	
192.9	138.9	58.0	84.3	70.8	145.1	70.5	162.9	
34.0	15.8	10.8	22.4	20.5	15.1	13.9	30.0	
5.9	100.2	69.6	210.2	84.8	46.8	82.3	111.5	
61.5	27.4	85.6	27.4	55.1	42.1	105.1	38.4	
13.0	12.1	3.9	25.1	33.4	13.8	9.0	8.4	
178.0	104.7	102.5	21.5	53.0	54.4	339.9	42.4	
3.2	2.5	3.5	4.7	4.2	4.0	8.1	4.8	
90.5	14.6	145.4	160.7	205.7	353.4	265.0	68.2	
45.8	38.1	10.5	43.6	43.7	28.0	3.9	62.8	
59.9	115.9	89.9	142.0	289.3	121.8	174.8	124.2	
196.2	458.9	125.0	156.8	232.0	187.9	452.8	367.0	
74.5	12.6	59.4	37.2	82.3	84.3	30.3	7.2	
7.6	31.8	40.2	11.2	35.1	44.6	21.0	19.9	
89.7	31.6	55.1	71.7	36.0	30.3	197.1	157.2	
42.5	15.0	31.7	86.0	18.6	44.6	73.2	54.3	
11.0	11.7	77.4	50.0	11.9	52.0	18.7	97.6	
18.6	53.8	51.6	50.1	32.7	137.4	41.2	71.5	
30.6	217.4	27.5	89.2	104.2	246.0	227.3	49.3	
18.4	119.7	21.0	29.9	80.4	119.3	48.2	69.5	
97.0	74.3	15.4	68.8	46.5	64.2	39.7	66.6	
108.3	142.1	28.2	29.6	80.0	118.5	62.0	135.6	
39.3	60.9	6.7	36.0	32.6	75.4	12.5	52.5	
46.9	3.1	29.2	17.7	15.9	23.8	19.3	42.4	
15.1	2.7	19.6	8.7	13.3	30.5	68.1	6.6	
28.8	88.4	109.9	57.5	61.3	121.4	21.0	80.8	
36.1	85.0	29.4	28.4	73.2	44.0	27.5	35.4	
57.9	9.4	37.8	65.0	89.0	36.3	5.3	136.5	
86.7	39.1	84.2	60.6	217.1	64.5	162.1	219.8	
125.6	177.9	75.5	206.4	20.1	182.2	431.7	74.7	
158.7	37.1	326.8	106.2	84.4	234.7	31.5	64.2	
77.4	225.6	111.2	238.5	54.0	89.3	103.0	164.5	
60.9	107.6	10.5	23.0	26.5	120.5	12.3	75.4	
20.6	32.2	61.4	36.5	51.6	19.4	95.4	30.4	
224.7	179.0	172.1	237.2	185.8	204.1	199.0	507.8	
138.3	160.5	151.3	75.9	88.0	50.2	145.4	17.4	
157.2	255.3	102.4	101.6	164.1	234.5	306.6	47.0	
10.5	53.7	3.4	30.7	11.0	40.9	4.3	24.2	
128.9	212.9	215.5	112.3	76.2	36.4	184.4	25.7	
41.5	139.6	227.0	39.9	24.8	162.0	88.8	20.3	
84.6	26.6	23.5	118.4	56.5	128.3	10.6	93.0	
5.4	76.1	22.0	23.6	4.7	9.5	21.7	44.4	
19.2	39.4	11.3	55.8	8.3	27.5	20.0	39.3	
35.6	22.3	30.9	15.5	168.3	26.0	23.8	88.2	
144.9	84.6	21.3	80.8	5.4	71.8	44.9	14.2	
57.9	72.4	21.3	95.9	144.3	35.9	116.7	32.7	
51.0	49.9	35.8	13.9	33.6	87.6	106.6	58.1	
93.3	22.6	86.0	19.8	8.1	43.4	65.2	74.2	
