44.44	5.3	72.69	39.28	55.6	13.2	65.16	9.68
1.85	16.29	6.04	137.22	12.7	15.76	79.85	11.17
79.28	199.32	52.77	38.33	22.69	17.38	37.19	3.5
8.25	10.09	29.32	6.78	8.29	9.89	14.3	8.53
14.54	261.54	94.54	25.82	10.34	243.34	54.57	4.47
48.54	28.86	18.57	16.26	7.55	28.42	19.94	51.59
22.58	2.77	9.05	7.51	9.89	6.32	6.59	15.83
2.08	5.66	1.33	10.59	1.47	34.8	10.62	15.15
2.65	2.61	1.49	5.96	8.8	3.41	6.08	4.72
85.03	26.87	32.05	27.61	23.8	46.23	19	34.03
1.47	21.29	1.44	39.11	4.78	4.77	1.58	2.5
14.12	9.78	7.26	29.68	52.12	47.4	32.98	4.02
96.1	86.84	10.03	11.18	38.75	75.47	105.05	71.95
8.23	4.21	4.54	1.88	7.69	5.84	4.9	8.34
30.41	9.57	15.84	26.65	29.2	29.11	19.34	17.78
11.56	23.96	8.95	23.67	34.51	39.22	100.93	3.33
3.36	5.48	16.98	12.31	9.97	4.1	2.12	17.15
11.79	59.48	23.04	28.8	1.23	27.93	16.44	26.73
1.26	2.94	1.36	1.13	1.02	1.82	3.05	1.49
16.88	2	5.62	15.92	1.62	4.82	3.77	19.11
4.96	10.73	36.21	64.5	53.16	28.49	7.24	19.16
43.52	44.44	20.41	108.99	37.06	60.54	6.01	28.59
9.53	36.27	2.67	37.88	9.88	42.04	7.25	26.27
2.28	5.94	1.6	2.68	4.79	1.81	2.27	1.47
47.05	28.37	41.91	6.5	9.83	13.29	13.44	29.1
61.58	48.43	8.18	28.75	46.79	59.86	12.3	22.68
69.13	3.21	17.14	10.99	9.59	29.16	26.01	32.78
2.11	1.06	14.49	2.78	11.86	6.44	2.8	2.71
15.42	2.96	16.82	5.51	10.85	18.12	42.61	57.48
10.91	15.94	16.88	17.58	1.73	2.24	15.97	39.39
18.46	26.34	60.6	3.83	23.81	42.32	15.55	75.77
6.66	32.48	9.23	2	17.69	21.53	2.41	64.53
5.95	1.72	1.43	1.12	2.36	13.39	16.53	5.52
94.75	44.51	30.21	50.5	31.39	152.58	115.57	1.5
41.88	92.19	56.35	30.15	58.64	27.25	18.28	7.61
1.06	5.07	37.79	2.61	10.56	6.77	12.36	22.43
9.17	1.37	3.72	1.48	5.2	7.34	39.11	20.54
6.69	10.53	52.3	2.67	22.53	24.2	62.84	78.22
12.62	9.6	8.92	16.44	8.03	30.75	11.45	4.18
14.13	17.46	3.38	6.45	7.98	23.66	2.17	9.77
1.55	5.35	9.28	5.71	3.62	6.41	8.37	4.7
37.3	79.66	45.36	3.84	6.73	55.14	35.56	21.43
30.36	5.38	16.99	37.25	23.43	13.25	53.77	20.8
6.28	30.34	1.35	15.37	17.33	4.4	12.79	13.46
24.14	21.44	10.26	32.66	54.42	8.35	13.16	2.16
52.06	164.09	70.06	29.58	38.57	28.96	314.19	55.17
4.97	26.32	3.21	6.09	28.69	40.66	23.67	24.32
34.67	14.87	59.36	45.53	18.96	29.51	10.14	23.39
117.08	3.47	39.8	20.75	3.81	18.23	11.01	64.87
76.35	18.23	28.72	39.99	20.13	45.1	3.36	22.15
63.04	60.85	43.74	20.31	162.73	23.34	142.83	23.78
14.79	6.26	3.34	37.81	33.34	12.82	5.97	13.95
2.46	3.99	37.88	55.3	7.23	25.4	12.07	6.81
32.47	65.97	19.16	25.05	8.04	3.57	7.66	4.76
40.95	38.04	11.59	87.98	41.06	67.64	42	23.45
13.27	20.44	49.85	5.4	127.34	16.54	32.24	57.71
2.74	16.87	29.79	3.48	54.23	20.75	20.19	27.27
85.05	10.6	95.58	65.42	21.86	16.48	53.07	118.86
4.6	3.21	11.42	2.81	2.13	5.91	5.03	2.61
31.44	36.44	3.71	11.42	19.6	6.48	6.41	9.33
34.8	264.74	25.57	166.75	38.72	24.47	227.54	82.04
2.45	6.65	5.8	3.39	4.61	1.81	2.29	7.1
176	14.33	20.32	20.05	8.91	85.41	23.43	12.57
29.08	27.46	15.98	28.39	70.26	151.84	54.87	80.19
46.47	15.07	23.57	7.27	15.8	17.87	58.63	8.97
1.34	3.52	5.96	4.01	1.16	2.9	7.49	1.46
192.69	63.8	85.85	109.75	49.49	80.22	116.16	102.89
40.48	25.69	1.95	11.8	13.08	28.21	16.57	8.78
20.57	24.99	3.88	27.01	13.66	31.97	12.81	19.93
48.74	51.03	2.65	31.52	57.16	7.56	34.72	11.59
1.35	7.44	5.22	7.11	15.14	3.78	9.17	2.14
4.33	8.47	6.35	18.81	15.12	16.89	19.48	6.88
21.92	32.98	4.53	24.54	30.78	25.63	2.48	2.91
76.13	3.31	16.75	16.49	8.58	51.22	19.1	10.03
91.3	82.64	4.56	3.14	1.49	6.33	33.34	32.84
7.03	31.98	2.86	21.2	4.42	16.49	7.77	9
27.19	16.52	16.31	5.72	14.49	14.7	25.15	11.37
21.74	3.84	4.09	7.59	27.33	8.24	11.98	12.01
1.75	4.71	20.03	2.19	3.58	13.44	12.18	38.11
3.03	1.77	2.3	5.7	3.85	7.07	6.3	2.71
3.84	11.45	8.08	15.41	17.58	10.91	1.21	12.73
28.06	34.54	19.38	20.88	36.49	51.43	32.02	26.47
18.62	3.33	2.23	24.61	3.52	10.86	2.31	2.26
46.14	27.4	28.61	12.5	26.38	49.87	54.23	10.04
14.86	13.52	8.62	101.44	18.19	9.29	80.32	9.95
73.51	51.24	16.79	10.65	39.73	6.42	6.48	15.62
73.04	13.89	8.56	44.95	44.25	91.07	21.28	7.74
9.07	17.53	24.38	61.9	5.94	11.51	47.67	5.08
7.63	61.3	45.31	28.54	18.24	25.56	65.88	40.6
10.84	5.01	24.65	6.38	32.28	3.06	3.09	5.55
6.08	9.38	6.5	4.7	1.25	2.17	2.41	10.78
16.94	12.87	29.67	8.6	21.5	29.77	5.45	10.58
22.29	13.94	15.19	19.42	51	3.54	23.87	56.69
30.74	23.94	52.55	7.2	41.57	42.18	27.4	32.71
9.69	19.72	11.16	1.62	5.68	21.01	75.55	55.86
36.52	14.56	5.69	20.09	25.13	49.59	22.51	64.82
3.3	4.07	3.02	5.74	5.96	4.6	4.4	4.73
64.34	29.16	11.68	18.9	14.72	1.51	2.16	12.28
7.33	15.54	1.15	27.96	1.2	3.93	14.18	3.46
6.37	1.5	27.93	8.18	19.17	8.03	4.23	5.31
18.7	28.67	66.08	3.42	24.23	28.17	23.21	13.86
17.72	50.25	75.86	55.27	45.69	7.02	109.63	76.14
29.59	48.2	39.26	27.36	1.1	12.27	11.83	5.37
19.42	5.65	55.15	14.68	13.57	18.06	130.86	10.68
8.56	3.8	1.66	5.8	3.51	1.99	7.74	16.18
23.27	5.42	16.76	1.23	11.57	11.82	10.73	63.3
3.48	3.72	13.48	13.63	2.04	3.45	16.23	9.15
12.01	20.04	5.28	22.4	22.2	2.39	10.15	6.35
23.08	21.5	2.46	6.69	1.82	5.23	21.49	78.92
3.74	4.91	2.25	12.05	7.46	2.83	2.19	11.6
3.2	10.63	7.82	33.86	5.15	7.4	22.72	10.26
3.22	2.8	9.26	3.64	2.67	1.97	2.7	3.44
15.96	2.88	37.43	8.7	3.99	7.88	4.95	10.25
13.39	12.1	5.44	14.94	10.15	10.88	43.95	12.97
21.83	31.15	9.31	9.77	28.54	3.33	13.46	20.39
59.98	52.78	13.05	61.82	64.73	15.84	95.57	2.97
2.16	4.82	31.29	1.49	1.94	1.72	4.08	1.75
88.33	36.86	1.17	101.97	19.02	2.92	19.52	9.29
116.31	11.91	168.71	18.86	107.13	125.99	13.26	39.78
37.59	4.57	75.73	9.99	37.52	10.7	15.5	67.47
61.84	29.61	13.99	11.22	28.4	9.21	22.85	42.04
270.77	15.77	295.37	541.03	295.91	34.59	128.8	91.18
17.65	23.66	30.94	55.4	40	4.61	54.14	3.23
6.96	13.87	99.1	21.22	22.33	67.45	35.8	79.13
16.34	13.28	41.69	2.82	20.87	5.04	43.52	5.67
5.21	4.03	15.94	6.21	7.65	3.26	16.37	9.22
21.53	33.75	68.52	34.01	31.9	16.3	2.71	14.66
168.73	92.19	49.07	9.41	30.46	22.2	115.36	15.24
2.16	2	1.57	1.56	1.03	1.39	1.4	1.05
53.4	8.17	9.82	15.09	74.69	72.69	28.78	23.16
14.69	30.44	29.92	9.79	19.58	2.79	1.82	7.02
11.58	13.4	13.83	5.4	22.9	16.61	21.44	9.75
110.77	73.05	160.64	326.68	26.86	80.57	71.97	162.99
7.31	14.88	12.59	26.65	4.11	60.62	5	15.49
48.5	88.17	30.69	5.69	28.63	119.44	4.49	4.78
175.3	38.68	8.47	21.86	29.3	16.6	9.74	2.84
57.82	32.46	24.25	12.33	7.81	11.8	61.42	31.68
4.34	5.34	9.5	4.47	6.47	2.87	12.19	8.05
9.77	17.87	76.41	31.18	69	52.67	20.86	11.58
109.64	194.63	198.22	320.41	145.44	214.37	293.12	119.45
11.32	12.64	3.19	15.85	22.68	3.17	15.3	2.88
99.41	6.11	18.65	41.38	79.57	26.62	73.16	47.08
1.06	8.63	4.46	9.58	9.89	5.2	11.97	6.47
9.74	5.71	1.52	4.14	24.29	2.34	17.3	4.92
3.53	9.87	6.41	1.47	33.76	7.16	6.59	3.78
9.83	24.1	15.77	6.17	38.94	2.26	1.89	3.36
4.46	11.34	6.76	41.31	104.95	27.88	35.85	67.51
7.43	16.51	6.47	1.56	4.91	4.12	13.94	5.16
6.84	18.44	11.06	2.9	40.21	4.18	187.3	15.02
20.06	8.89	19.9	2.57	21.49	21.17	12	15.48
6.21	3.73	6.12	8.15	5.24	33.09	7.09	9.71
1.15	9.09	21.86	5.66	1.29	2.06	3.62	7.27
87.86	27.6	2.9	18	32.1	23.16	9.64	37.08
48.76	49.39	13.73	65.97	203.55	95.59	144.09	29.1
2.95	1.31	4.33	4.17	2.49	4.43	9.13	5.74
10.21	2.81	2.43	2.65	9.62	2.4	10.75	2.82
23.16	30.4	15.75	35.67	25.35	26.09	40.53	10.99
17	8.13	3.55	2.97	2.16	10.41	1.32	2.95
148.03	64.6	88.08	35.55	32.46	11.18	162.83	85.42
3.81	33.58	66.59	14.1	2.16	8.78	1.39	31
14.59	9.48	4.34	1.2	26.98	4.82	9.02	21.53
60.57	35.2	99.63	7.55	16.19	51.36	5.61	5.23
34.96	99.38	178.96	50.44	87.26	17.52	76.38	57.46
1.15	4.54	2.6	4.99	2.21	2.71	2.26	1.87
23.99	47.4	21.03	54.94	1.59	38.01	5.54	28.19
29.45	79.56	26.76	57.31	72.51	38.74	13.2	44.65
14.14	3.55	14.47	8.22	7.16	16.78	3.54	2.15
5.85	15.43	18.03	24.95	22.97	4.48	1.24	7.66
10.44	1.35	3.31	6.24	16.72	11.45	11.62	38.27
5.28	3.07	12.35	8.17	20.6	3.14	2.49	13.46
5.5	11.39	3.49	74.7	32.09	7.75	40.19	10.66
13.53	4.55	32.87	2.22	26.95	7.99	19.71	33.72
2.2	5.38	23.22	36.71	14.21	47.62	78.2	7.53
11.61	5.07	25.73	41.15	40	46.72	8.44	28.37
4.6	38.69	3.32	2.69	37.34	9.35	17.71	18.82
8.66	21.46	7.38	32.66	15.43	13.74	6.05	2.21
2.79	14.94	1.09	5.11	1.49	9.97	9.32	2.25
6.02	38.94	42.85	36.94	37.63	12.23	56	7.81
1.41	9.51	38.62	3.18	11.26	29.95	17.15	8.52
17.06	35.35	35.1	106.53	30.05	63.79	127.11	263.26
30.23	17.28	9.53	32.98	7.37	10.21	13.76	7.81
18.77	2.36	1.57	8.79	5.24	2.9	3.61	18.51
44.85	8.04	24.93	38.13	8.06	27.95	5	7.51
34.5	62.18	9.6	14.57	152.51	10.57	22.84	3.65
46.84	27.23	13.4	170.22	29.15	29.44	188.16	90.29
92.18	54.8	6.73	128.43	18.17	91.08	51.03	80.6
25.31	90.82	412.08	95.23	25.61	14.32	165.83	22.59
3.81	6.17	1.3	7.11	1.06	1.17	10.24	1.63
5.92	17.56	15.73	24.28	20.86	52.74	1.77	4.93
44.5	104.84	56.98	67.99	15.76	2.13	19.93	82.52
45.32	21.74	126.37	16.54	36.19	58.5	22.6	55.38
4.59	16.2	9.18	2.84	3.72	40.21	1.51	1.02
67.68	19.94	7.5	25.23	16.32	11.36	39.37	39.18
7.67	9.03	42.01	18.04	38.48	4.94	45.04	20.65
4.06	16.69	27.5	126.91	37.38	70.44	26.76	129.78
22.27	38.72	3.24	20.47	12.82	20.09	123.51	46.01
12.78	3.46	2.86	1.41	1.38	4.3	14.81	7.1
31.45	148.35	145.73	128.36	26.49	27.48	180.22	119.09
26.79	17.61	14.71	5.18	2.59	16.37	7.35	6.8
299.3	1.02	271.29	132.06	146.97	3.23	62.45	83.84
116.79	3.94	14.45	36.83	88.64	39.96	86.18	28.78
3.45	1.19	4.39	7.46	7.65	5.17	3.92	8.12
14.34	10.75	42.73	17.9	24.4	11.13	14.08	14.35
2.42	3.76	16.36	61.85	13	26.08	37.23	39.68
13.44	73.78	1.51	18.19	56.65	8.47	27.61	8.49
4.94	4.81	3.41	5.07	8.24	4.46	4.52	9.52
28.7	1.66	56.92	16.5	24.7	49.25	4.54	35.64
2.74	3.79	2.53	1.63	2.24	2.05	4.55	2.31
1.55	2.3	6.18	1.49	2.26	3.83	1.32	3.17
20.85	51.76	6.52	16.75	6.93	13.08	10.83	33.88
39.76	25.78	10.9	130.53	31.59	74.69	32.35	23.77
39.29	38.02	31.66	12.08	29.06	14.97	45.85	63.82
24.1	12.95	34.77	7.7	17.19	40.63	40.14	37.39
104.38	13.3	14.67	14.48	26.41	8.43	62.69	2.43
23.65	84.25	4.1	14.56	23.06	4.79	14.37	20.97
142.65	28.06	163.71	49	63.19	6.08	144.46	6.41
34.26	112.7	23.8	10.26	123.92	22.95	29.02	53.77
85.73	13.81	6.46	3.11	73.56	7.31	64.82	59.23
1.86	1.71	2.23	2.08	3.01	2.27	3.64	4.45
4.27	17.75	5.49	7.22	39.88	24.36	24.69	3.78
1.29	4.67	7.94	5.68	3.32	3.23	4.46	1.71
73.2	22.94	78.18	67.56	27.84	14.26	7.01	1.42
6.43	50.76	27.7	1.39	51.9	32.23	11.78	22.12
3.08	1.79	2.14	4.81	2.32	2.43	1.26	1.22
30.57	16.22	6.2	5.56	20.29	11.53	14.11	3.91
38.54	2.56	145.15	155.93	14.2	19.51	43.85	40.7
12.95	7.74	27.42	4.17	6.55	16.43	8.22	44.1
253.61	23.34	131.56	40.99	125.57	48.79	401.53	12.28
5.6	6.4	47.53	48.99	13.84	68.52	111.79	81.05
5.82	10.29	23.37	12.18	17.87	14.55	27.46	62.37
16.84	26.72	20.22	10.77	2.18	5.47	7.21	1
2.3	1.11	3.21	1.45	2.15	1.76	5.08	3.4
9.62	3.52	6.06	10.62	9.29	4.04	6.24	27.48
84.09	41.14	26.24	212.31	28.1	95.55	387.67	73.73
47.55	4.86	7.67	4.69	1.4	10.08	15.56	27.67
10.82	80.56	7.47	38.65	38.8	9.3	1.65	17.9
1.05	7.24	39.95	2.83	24.21	8.88	12.07	22.64
4.53	71.3	6.56	27.43	36.93	16.23	4.53	14.91
2.97	1.82	1.62	3.01	7.83	13.2	4.17	6.67
1.74	46.04	5.42	7.76	82.3	6.65	1.6	12.1
69.1	37.87	10.84	61.96	56.08	34.99	7.41	3.7
3.96	4.47	1.34	2.45	1.89	1.5	1.51	1.92
7.01	4.91	7.61	9.15	3.7	3.3	9.66	2.57
16.52	21.88	20.65	15.75	2.16	13.78	48.41	49.51
3.48	8.81	4.98	9.38	4.55	16.89	29.1	21.73
49.11	43.89	32.27	36.97	15.08	15.15	37.7	2.48
40.99	4.61	19.79	9.21	25.3	55.4	23.99	32.77
41.55	90.15	42.57	20.91	7.12	12.02	10.53	63.35
7.89	17.42	8.88	19.82	11.34	14.69	7.31	11.91
33.04	9.47	24.02	20.17	2.37	4.16	2.58	28.4
195.5	174.11	86.05	147.65	122.94	67.04	82.24	135.06
14.41	70.15	20.94	102.38	56.98	28.92	106.15	1.34
88.19	1.85	100.63	69.7	7.53	33.19	35.46	3.39
8.28	2.23	9.85	6.14	1.52	9.45	10.06	7.39
2	10.93	2.73	6.97	1.9	1.91	4.79	5.79
1.19	2.31	2.36	4.19	2.74	2.48	2.14	2.26
60.75	5.9	57.86	46.07	15.38	2.09	2.29	5.43
85.03	131.27	8.12	72.33	126.85	46.36	125.75	77.01
130.33	270.59	139.88	33.26	166.36	10.85	82.14	6.44
359.55	133.41	221.86	39.07	191.49	307.06	45.11	9.46
6.59	11.75	6.89	6.16	2.67	6.64	5.4	2.89
31.08	31.62	46.46	4.76	16.84	4.63	20.96	28.49
47.06	36.33	34.61	10.84	31.6	37.39	10.5	24.31
2.41	5.93	12.9	6.19	8.43	1.48	18.4	2.32
64.36	24.58	17.67	2.25	5.31	35.08	72.86	17.41
47.35	222.81	39.43	10.18	49.8	1.48	313.04	21.48
5.36	2.47	3.81	16.64	17.13	57.53	34.68	108.88
11.07	3.23	9.52	28.41	32.43	44.22	84.28	24.03
7.02	28.65	109.28	83.65	6.11	72.62	18.59	114.37
1.03	6.23	7.69	5.58	2.08	11.94	2.19	2.92
4.18	11.8	6.12	14.01	22.55	9.52	1.24	8.26
83.08	106.17	38.47	258	51.18	357.06	24.92	39
4.32	6.31	65.75	72.72	51.01	51.29	3.81	55.95
54.77	6.85	27.2	3.81	14.68	7.58	2.98	9.08
2.33	17.86	3.65	14.52	15.46	6.43	10.79	1.21
17.49	3.22	1.51	16.49	9.33	38.41	7.82	25.29
30.13	9.34	24.65	6.32	2.35	58.47	35.03	66.74
1.35	1.36	1.4	4.13	8.45	11.69	3.48	2.62
20.47	6.78	1.86	13.19	79.95	25.79	9.22	56.03
13	15.86	46.21	61.92	39.47	2.99	18.03	44.14
305.89	29.23	25.88	51.11	23.72	66.08	16.57	85.72
12.26	2.88	8.56	40.68	64.21	22.91	6.82	22.79
5.52	4.36	17.04	1.98	2.43	4.64	1.98	10.83
10.3	24.78	33.76	41.37	61.29	66.93	27.01	24.58
69.87	45.91	72.37	28.71	4.73	75.43	134.45	99.62
15.7	10.66	19.14	1.37	34.96	32.27	31.76	8.51
8.15	4.24	4.24	21.34	5.21	34.02	28.92	7.14
116.88	55.59	154.93	51.31	41	34.56	8.38	70.18
14.81	48.99	80.12	8.86	9.34	6.9	9.18	25.93
5.53	6.37	1.6	20.14	3.42	29.45	14.39	25.72
7.89	14.11	21.78	24.23	9.19	9.88	3.08	14.23
32.3	6.63	60.84	24	5.83	106.21	4.04	155.67
37.12	27.31	25.33	5.46	29.48	114.94	103.82	126.26
14.02	80.07	6.03	8.7	13.69	6.34	4.82	69.3
37.23	5.6	14.35	10.49	18.88	31.37	8.13	6.11
11.25	37.91	21.69	51.29	66.38	28.61	10.13	17.83
1.98	4.66	3.32	5.11	10.52	4.74	25.57	46.24
24.74	18.03	8.12	77.65	32.4	9.67	11.05	15.65
26.54	73.3	1.63	31.53	52.35	3.56	31.97	16.83
20.53	10.1	1.28	15.99	2.48	5.8	9.39	9.67
2.97	5.32	16.78	4.44	3.74	1.06	3.16	7.99
8.05	10.86	33.86	17.85	12.24	16.09	18.32	29.52
12.55	2.73	6.14	10.56	13.42	56.12	30.02	37.54
103.99	93.8	23.59	52.55	86.73	139.05	39.07	26.77
12.94	2.08	1.03	6.01	2.65	4.96	5.24	2.18
38.29	7.64	4.46	4.75	29.37	13.73	4.58	5.27
71.21	8.99	127.31	4.62	9.57	46.14	64.27	130.58
11.43	9.05	37.79	28.9	32.93	40.03	38.02	48.68
6.51	6.76	1.85	38.44	19.83	4.33	44.61	11.9
4.26	7.26	3.85	7.07	6.59	2.02	2.14	3.57
33.41	9.14	52.55	14.28	27.44	72.12	41.89	10.22
17.19	7.58	22.44	35.91	51.11	23.63	45.32	9.91
8.89	14.73	19.15	4.41	13.17	31.38	5.99	3.96
14.14	18.59	17.44	25.44	9.74	14.23	15.15	12.54
17.44	15.83	17.66	28	17.44	42.38	2.37	88.8
6.25	4.61	4.02	1.88	6.27	2.13	3.24	5.14
5.65	6.04	11.38	4.6	2.81	6.16	4.82	12.37
14.16	16.14	8.83	36.3	10.28	16.04	60.24	28.12
7.12	83.75	168.17	36.91	26.31	232.32	208.34	68.31
114.32	29.32	7.87	217.38	36.49	118.85	18.45	8.75
27.55	25.2	56.94	2.09	7.11	6.73	15.4	4.06
16.76	42.91	7.75	13.53	6.23	7.81	10.35	21.3
8.58	16.66	2.9	4.62	9.09	9.68	1.89	1.23
28.67	32.63	121.35	6.93	24.6	9.31	16.02	109.35
5.47	11.39	28.21	28.7	7.89	29.86	20.93	33.5
20.56	17.99	8.32	55.37	88.89	27.79	120.55	91.02
8.27	37.94	69.83	6.64	26.82	25.09	7.27	4.71
27.02	162.92	22.76	19.06	45.92	34.59	135.91	484.97
7.15	4.28	19.07	9.57	5.04	6.67	12.86	15.87
32.62	31.55	217.11	60.8	111.2	9.6	13.48	50.47
25.24	14.66	10.58	105.91	40.84	34.59	12.41	13.42
1.2	23.67	28.63	6.72	16.35	31.81	113.65	60.19
7.55	298.99	81.64	31.98	63.21	35.74	107.68	50.85
1.57	48.53	25.82	17.55	5.41	38.68	17.35	10.98
59.76	15.33	24.8	98.03	62.87	40.53	5.71	21.79
27.73	53.96	4.8	2.23	36.1	6.29	2.39	41.17
4.19	8.78	5	6.71	12.89	2.61	3.47	11.27
55.32	16.43	79.68	71.16	84.35	47.16	69.14	28.34
54.04	11.52	8.94	15.97	17.35	42.36	7.41	21.24
8.42	31.04	22.11	28.51	49.96	83.38	4.23	14.33
2.79	2.18	1.29	1.56	6.84	1.93	9.64	1.61
3.32	4.88	3.59	2.35	5.14	1.48	2.06	3.98
13.39	12.62	53.05	81.67	61.13	28.93	6.67	16.21
2.28	22.23	19.71	20.48	12.4	6	30.67	57.98
1.05	1.28	11.73	1.47	4.84	13.58	7.58	16.87
4.28	25.74	70.62	6.74	66.83	91.89	27.64	14.39
1.6	1.39	2.99	2.19	5.63	1.76	2.33	1.1
7.09	47.27	6.43	10.82	78	2.7	42.49	138.85
5.35	83.18	13.74	16.95	120.35	5.16	89.96	103.58
6.84	11.49	12.08	7.86	6.99	4.43	37.45	21.71
3.28	276.13	71.55	345.67	44.29	19.73	28.79	126.97
18.02	26.35	45.57	20.38	61.37	47.03	13.91	39.31
5.28	7.98	1.49	2.86	3.51	6.61	2.32	7.24
8.49	26.73	14.26	6.28	49.54	57.55	29.82	37.44
38	21.78	78.23	156.73	13.69	15.67	14.97	49.18
20.37	51.21	21.09	7.78	74.34	9.03	25.94	1.43
86.51	7.99	16.27	32.26	19.28	69.39	18.67	16.7
8.05	1.4	23.18	3.79	12.77	4.13	9.81	2.58
17.24	11.63	5.26	3.53	12.24	1.59	1.77	18.65
2.48	14.46	2.85	17.54	6.9	3.94	10.1	2.98
19.48	12.04	4.63	1.19	2.9	17.33	31.51	8.41
26.94	6.48	30.43	20.07	54.69	57.02	85.13	102.68
1.17	5.5	5.09	2.38	2.09	4.48	3.63	1.45
64.86	35.37	18.88	9.14	32.54	24.08	12.73	33.75
10.16	23.99	7.74	10.08	5.21	3.6	10.63	8.09
23.63	17.53	11.36	55.12	14.42	15.18	27.7	25.07
3.76	6.38	20.61	3.76	2.31	5.7	4.36	9.13
3.07	16.57	9	5.24	10.36	10.9	28.84	12.47
45.41	50.05	260.71	41.25	140.51	30.57	15.36	84.44
10.42	1.04	8.21	9.98	3.89	1.77	7.44	3.75
11.02	21.74	7.1	2.28	15.69	16.54	25.15	11.05
4.07	7.54	9.39	13.08	12.23	6.06	4.15	14.76
63.18	36.8	72.35	97.06	66.87	36.52	34.88	22.31
47.77	42.62	48.22	159.92	187.95	81	38.16	2.71
67.5	89.15	9.74	22.57	7.93	195.21	18.22	65.44
132.36	21.27	25.43	28.31	32.76	7.05	153.41	49.37
4.61	73.41	7.37	63.29	14.21	27.47	11.36	40.19
21.78	23.72	4.38	29.1	4.14	8.38	2.37	35.65
8.76	2.23	16.16	6.87	8.21	11.37	10.85	7.48
83.94	54.15	450.37	33.06	148.62	50.64	328.78	90.29
139.5	85.19	58.12	35.06	56.04	134.21	2.05	14.86
6.96	4.52	23.76	1.18	16.08	21.7	10.91	28.18
37.57	154.71	254.45	103.56	138.51	40.98	106.34	255.34
13.55	7.15	79.56	26	30.99	3.85	7.34	10.82
60.36	9.25	1.48	2.86	8.7	6.57	5.37	1.54
1.81	9.62	3.88	1.61	1.6	2.44	2.31	17.55
3.68	1.94	3.03	16.21	1.41	8.53	15.26	8.29
5.3	2.25	27.56	3.64	2.31	1.23	4.52	14.09
32.89	8.75	15.03	41.94	8.15	16.84	59.15	66.67
70.34	35.28	41.21	15.25	27.06	3.3	19.34	21.34
157.78	200.17	117.95	63.83	29.41	259.48	108.32	187.26
13.57	10.16	5.65	4.78	13.76	9.35	4.97	9.45
3.97	5.63	23.98	29.12	9.05	29.99	13.24	14.3
37.13	9.19	35.31	144.48	142.18	154.24	190.08	29.42
22.11	9.2	10.64	5.54	8.59	5.61	14.49	14.31
1.12	3.19	2.38	4.06	1.17	15.97	4.42	3.18
23.39	16.88	19.21	57.34	11.45	17.28	15.93	40.75
5.79	1.52	33.23	10.52	17.36	8.6	1.03	22.06
59.52	59.26	12.22	26.07	44.96	55.94	10.37	25.54
85.01	183.8	27.31	97.23	1.83	14.97	31.04	111
10.38	5.65	57.96	9.99	2.51	3.33	1.68	3.39
6.82	15.46	28.04	2.42	10.81	114.56	21.85	2.49
37.4	18.05	10.88	23.7	61.41	13.45	39.01	20.28
15.18	1.72	3.63	1.83	12.28	2.99	1.44	5.82
42.08	34.01	100.65	52.84	2.26	55.98	87.67	63.88
67.42	52.26	52.14	105.22	89.87	50.15	19.86	156.27
27.11	8.09	58.49	7.85	6.62	6.27	1.56	20.9
13.91	58.04	30.44	46.76	13.07	28.82	7.89	56.04
46.43	9.74	18.55	40.9	150.78	57.11	58.74	54.86
11.13	10.88	20.94	28.18	29.66	132.88	41.42	20.9
36.86	14.67	18.31	25.14	49.7	15.92	46.88	42.99
10.78	37.75	42.68	6.39	12.27	13.4	12.87	5.08
3.84	5.76	6.54	2.03	4.25	18	15.18	5.28
8.56	4.97	10.77	26.19	19.51	1.29	6.51	20.63
6.29	5.7	1.75	2.36	1.63	6.69	18.61	17.32
2.41	3.69	12.9	21.11	20	76.16	7.93	4.26
75.32	12.67	152.76	4.32	148.88	21.27	5.01	4.46
39.14	109.03	341.97	279.4	136.33	129.84	45.36	118.94
83.8	35.52	104.49	94.75	9.84	73.36	102.28	59.57
22.94	7.76	3.66	3.15	7.18	4.05	25.38	5.53
38.21	17.29	10.23	27.33	23.85	27.13	22.62	16.39
37.64	9.41	48.04	3.06	10.53	2.13	17.17	5.67
39.03	34.83	36.55	40.55	4.56	35.81	4.79	39.1
4.45	8.48	1.52	6.53	2.19	7.72	6.03	4.7
4.55	1.69	56.29	7.92	10.01	67.09	45.81	5.26
5.16	41.28	124.15	48.29	22.02	71.33	37.47	96.61
33.43	2.19	23.73	12.11	7.16	2.69	17.12	7.95
8.19	78.22	16.34	53.32	27.92	54.02	24.91	67.36
1.48	1.04	1.81	2.24	2.32	4.86	1.07	2.33
26.43	53.03	128.38	7.63	8.31	56.39	32.05	48.34
18.36	20.01	5.84	7.29	20.94	12.98	18.08	27.45
77.89	313.43	65.96	234.64	63.14	261.27	79.16	115.61
4.64	1.65	5.1	3.52	5.85	1.05	2.48	2.69
1.29	1.65	2.51	1.25	1.33	7.54	2.49	8.61
9.69	70.74	5.31	23.53	13.28	28.73	50.5	6.8
9.69	4.32	5.16	3.71	17.72	11.04	12.52	9.59
10.63	34.68	13.33	8.63	29.43	4.55	47.44	12.21
127.64	35.91	38.39	27.06	40.34	4.24	65.93	153.38
11.09	4.81	14.87	6.91	25.39	5.95	3.09	2.8
22.77	25.08	70.65	48.73	36.86	10.74	10.02	13.26
2.43	6.4	14.64	4.15	15.84	7.23	3.54	9.48
235.78	16.46	27.93	89.52	56.55	143.62	133.88	43.98
119.99	66.35	332.2	32.48	20.4	88.98	348.74	29.93
67.57	9.2	30.97	19.4	10.14	46.97	46.86	75.63
53.5	22.77	15.31	23.92	138.17	10.9	24.67	45.88
17.49	17.73	8.63	46.13	8.4	23.66	35.72	17.86
20.48	11.36	1.27	10	18.72	23.36	8.12	28.95
34.8	82.97	36.28	56.41	40.53	71.09	141.43	80.04
5.01	16.93	5.55	4.29	33	29.67	23.89	23.14
8.06	1.98	15.96	5.94	31.6	21.38	3.18	21.66
6.84	45.89	43.4	40.7	9.49	43.14	19.32	99.24
11.41	23.99	12.8	15.85	13.15	43.1	16.71	24.39
60.76	37.8	17.48	128.65	75.15	22.14	19.47	29.12
7.3	3.54	8	3.44	9.18	2.41	6.84	3.11
5.41	2.38	5.55	2.39	3.83	3.32	12.35	10
17.86	19.94	17.3	12.03	63.58	19.96	24.95	30.17
63.9	85.94	49.92	49.91	160.9	30	72.82	57.81
69.84	41.67	142.77	78.11	43.8	13.88	15.8	96.32
1.73	1.6	2.08	1.35	3.1	1.46	1.61	1.63
16.35	26.63	33.76	30.54	1.96	28.32	49.05	4.26
60.65	205.65	196.1	143.88	119.59	70.51	74.67	54.56
58.09	74.21	10.18	10.88	24.07	50.08	9.51	110.03
3.84	6.72	17.11	14.91	3.35	10.12	25.33	16.03
59.93	18.8	23.59	5.5	34.33	21	2.14	34.83
19.05	36.52	24.28	14.31	9.03	5.99	24.41	65.22
12	1.27	12.21	1.19	31.76	6.31	6.33	27.03
7.69	17.18	5.52	7.41	10.75	20.43	5.5	8.81
23.03	91.83	41.74	76.36	83.07	7.67	28.97	13.01
45.49	18.51	37.83	149.09	52.56	37.97	65.51	5.85
6.91	9.48	41.76	10.38	10.05	26.07	16.1	13.11
33.82	81.71	18.95	90.61	10.01	18.38	84.86	38.81
7.55	42.22	19.95	31.94	54.62	12.73	26.12	44.1
93.68	30.78	13.96	20.06	49.67	148.62	44.3	61.08
154.64	13.86	17.04	106.62	23.2	14.04	19	52.11
10.92	10.77	33.3	18.63	46.97	110.76	113.81	42.62
54.21	8.73	45.5	9.64	38.17	83.76	7.46	32.11
16.09	4.94	1.81	6.21	1.42	5.13	4.16	1.82
4.11	2.5	12.05	2.43	10.66	5.49	5.1	8.74
9.73	5.47	4.43	2.27	2.78	3.15	1.01	2.24
134.49	35.32	146.76	100.52	10.18	180.25	130.68	65.95
32.78	16.43	26.82	45.16	42.96	81.93	26.73	7.47
6.38	19.68	20.21	88.57	35.19	12.2	2.89	19.25
19.23	3.96	8.37	23.74	7.35	4.3	2.51	9.21
103.59	12.28	6.1	22.11	18.14	14.6	23.62	16.25
147.98	40.77	21.66	22.36	34.97	130.68	19.2	68.63
10.23	7.25	8.31	2.59	6.85	4.82	6.94	19.37
47.58	31.17	39.59	10.38	26.89	114.2	28.27	3.27
1.99	6.44	4.08	7.63	8.06	1.45	1.83	1.3
13.24	26.67	7.78	139.38	203.12	62.73	2.77	24.14
17.3	12.42	23.33	47.48	10.42	11.35	31.96	13.65
26.89	22.88	13.02	25.31	9.62	9.29	2.1	38.22
11.62	30.72	19.79	8.5	105.71	6.89	6.64	23.7
3.04	7.52	14.74	5.41	12.28	9.75	38.43	7.91
4.93	25.35	8.48	19.71	22.04	34.24	2.99	8.97
8.68	63.39	5.46	44.31	41.07	126.47	48.29	7.6
2.26	2.42	6.65	2.33	16.64	1.97	2.95	10.24
9.68	3.18	4.01	6.58	17.85	10.16	2.82	4.93
7.79	20.27	16.16	6.31	8.75	18.83	10.02	26.94
2.8	16.55	32.38	16.29	57.98	91.1	48.31	56.99
43.3	1.27	29.3	22.2	8.41	18.41	3.16	50.76
22.19	4.51	40.5	28.73	8.35	11	11.39	5.59
2.83	7.6	25.32	15.4	13.75	22.03	20.29	12.4
16.16	52.77	7.34	30.9	6.61	41.26	29.57	39.8
35.69	4.33	15.43	28.6	46.3	16.99	30.64	33.28
10.99	24.26	17.34	26.5	7.63	1.96	31.99	18.34
80.48	137.43	136.64	12.93	7.63	20.23	31.81	179.72
11.47	10.73	34.26	8.82	1.07	5.02	6.67	32
1.16	18.34	18.72	14.52	5.95	7.34	4.8	30.57
61.65	36.21	140.2	46.1	61.98	11.2	222.39	67.52
119.16	142.19	15.81	46.63	69.75	9.55	139.55	2.63
38.05	6.9	40.83	23.34	38.74	2.76	9.74	13.84
43.83	43.96	8.8	21.54	64.32	7.87	114.44	5.82
10.53	53.03	2.94	50.08	9.36	7.83	4.98	23.61
67.19	69.54	49.29	2.28	28.63	95.62	60.52	30.52
6.87	19.27	5.55	10.44	1.23	1.15	4.44	4.68
7.01	8.5	10.77	5.03	20.07	9.22	11.84	30.02
2.49	4.62	8.23	2.44	4.48	2.59	4.96	2.94
15.47	12.28	14.3	4.18	1.12	9.53	23.39	7.99
18.91	28.36	3.92	4.78	57.6	39.29	68.65	2.93
17.84	4.44	2.74	8.54	8.55	15.22	3.17	25.26
59.91	47.09	27.47	114.83	72.11	2.52	6.96	91.01
20.47	82.09	23.18	7.9	96.32	185.37	105.16	75.64
4.63	2.3	6.33	36.64	6.7	9.22	14.5	3.08
2.31	1.31	2.95	1.04	1.26	1.63	5.73	1.36
10.8	60.9	88.61	24.65	215.74	172.64	41.38	4.98
136.61	34.74	29.12	29.27	75.59	70.96	36.3	50.77
72.55	79.74	2.82	20.08	52.71	9.06	41.17	8.41
69.01	16.91	17.23	19.16	124.07	59.01	56.17	80.42
184.32	13.78	185.51	11.7	15.02	64.37	21.29	158.86
3.8	7.51	8.91	48.5	13.18	11.48	8.64	14.54
62.1	193.67	51.84	131.69	21.86	105.81	109.07	19.58
16.83	51.38	47.67	34.86	3.92	82.98	8.56	40.04
99.77	5.82	13.35	4.15	19.66	89.67	38.42	182.09
3.28	4.53	2.79	6.61	7.95	7.01	4	3.82
2.85	1.18	1.59	4.09	1.31	2.67	3.16	2.7
17.28	62.27	18.01	20.27	38.74	61.41	3.83	70.53
5.48	5.02	4.48	2.49	1.31	1.4	3.88	7.55
27.64	6.74	4.78	14.56	21.83	8.82	5.53	6.87
6.33	19.25	27.65	31.53	28.2	135.41	19.2	16.82
6.61	7.98	1	28.34	1.13	21.26	12.53	28.86
15.21	14.03	20.66	2.57	15.45	6.77	4.5	8.24
4.5	18.48	1.43	9.05	3.47	10.05	15.51	2.8
12.66	12.29	40.81	1.35	26.59	9.98	11.84	9.04
4.09	41.88	93.51	22.79	16.75	19.06	15.15	19.68
1.84	4.1	4.07	11.99	1.95	2.53	2.56	4.84
2.35	11.49	11.47	27.11	38.03	18.51	21.84	1.08
23.91	22.48	39.44	23.27	41.4	73.53	91.04	89.18
11.1	13.26	13.7	4.85	20.55	3.51	33.44	25.62
3.27	54.03	311.38	34.42	67.47	67.01	72.9	129.94
16.68	26.45	5.62	10	9.58	17.59	9.68	14.41
2.41	42.83	51.5	56.4	32.67	25.96	8.15	46.35
213.52	129.48	93.51	54.49	32.96	44.46	13.95	45.93
188.32	88.35	331.32	56.4	121.2	185.07	24.72	32.05
70.89	93.65	8.55	34.25	10.13	44.63	154.1	5.98
20.75	14.99	3.91	21.19	28.65	26.89	10.54	16.58
7.55	10.75	29.73	9.96	13.18	7.79	4.73	9.77
6.17	3.01	1.03	5.24	2.46	8.7	13.99	5.59
1.33	1.9	4.33	2.8	3.79	1.22	6.57	1.01
29.27	10.22	5	10.57	3.93	20.03	3.46	16.59
41.23	127.44	92.46	6.8	100.36	147.37	25.79	49.75
10.96	5.76	13.59	3.62	3.53	14.44	8.33	7.35
8.38	12.89	20.32	17.61	4.78	20.67	15.36	5.99
13.34	12.8	3.75	10.63	1.38	12.39	26.52	1.68
11.19	7.97	54.72	17.69	4.88	8.15	1.82	23.79
5.51	133.79	14.93	77.11	3.77	25.41	45.25	8.25
1.64	3.1	1.75	1.15	2	3.1	2	5.34
33.67	2.54	126.63	5.59	36.16	30.65	65.62	8.75
13.5	18.61	23.74	1.82	4.41	10.15	5.36	15.9
134.52	15.88	41.02	2.84	14.13	142.98	81.47	29.81
15.29	82.32	12.08	83.14	92.7	250.02	147.85	51.41
45.11	8.91	215.67	103.56	53.82	205.54	32.64	207.68
16.34	33.47	54.21	17.66	1.36	1.69	30.61	35.28
20.82	5.16	16.4	2.63	5.27	28.18	7.61	10.16
28.57	4.96	16.87	4.39	19.86	48.94	7.69	23.06
1.79	6.13	12.91	1.86	1.17	13.43	15.09	7.61
9.56	2.92	5.02	6.6	4.87	4.4	13.57	15.72
7.62	63.38	12.71	8.52	2.68	18.94	72.92	43.9
14.58	4.09	23.69	15.61	47.78	4.69	3.84	5.04
2.2	9.78	7.2	8.93	5.04	1.04	11.12	9.73
44.39	32.09	82.42	7.6	7.88	101.38	99.09	5.67
19.01	3.43	3.78	4.83	4.41	10.12	3.86	4.26
1.54	2.23	2.51	1.18	1.86	7.23	2.07	1.56
65.79	258.76	6.36	122.5	97.57	196.95	175.59	31.89
10.73	15.27	29.16	77.79	175.82	92.5	18.19	68.4
13.34	7.37	17.38	17.59	9.54	18.02	4.38	5.35
4.99	6.44	21.06	4.01	23.54	15.59	7.79	11.29
187.4	63.08	244.91	161.2	157.05	314.35	27.23	297.52
6.4	41.38	1.26	7.27	37.09	38.99	3.14	3.96
37.78	68.06	8.4	35.28	14.7	67.76	6	16.28
115.03	83.64	25.55	107.36	70.16	35.77	13.07	64.11
3.08	33.33	4.31	30.25	1.71	14.55	10.78	8.72
9.2	29.38	8.12	11.53	9.71	6.8	5.04	10.34
9.28	2.92	5.98	3.41	10.41	53.1	8.46	7.84
17.08	12	60.79	33.71	36.17	23.65	11.26	106.81
13.01	2.92	2.83	17.15	1.12	9.92	26.16	6.9
20.9	2.77	19.39	50.64	2.46	12.26	14.33	24.83
99.83	108.81	37.01	86.45	42.75	101.36	4.02	37.27
18.79	6.72	12.55	2.56	4.24	14.39	8.97	27.58
2.48	6.79	1.59	1.68	1.17	1.19	4.14	5.2
6.04	9.25	1.08	5.28	7.55	2.43	2.11	2.44
10.64	19.69	5.54	10.91	43.36	14.47	25.1	29.48
32.5	68.29	31.31	116.02	88.23	59.03	46.17	59.81
5.54	12.99	5.17	5.14	17.95	17.21	11.8	21.62
39.28	20.09	58.81	41.51	152.51	9.07	23.78	45.69
15.84	1.72	55.32	14.61	11.8	13.88	11.34	11.41
49.38	10.95	5.76	1.59	1.08	12.48	5.5	8.02
101.71	22.84	10.82	95.3	18.84	31.95	44.17	133.86
78.71	56.49	61.81	38.12	19.05	33.31	6.4	34.54
2.6	20.85	37.44	44.82	29.79	27.99	9.94	33.27
15.84	18.72	66.38	22.96	13.8	15.42	36.78	41.02
21.01	10.58	18.76	5.7	25.34	12.67	34.47	3.94
69.47	54.99	128.74	45.39	9.23	19.1	38.79	15.08
1.69	1.86	4.99	2.49	3.62	2.13	1.9	1.72
4.36	3.36	1.17	5.06	8.5	4.92	9.92	3.6
2.43	2.74	1.52	1.74	5.13	9	1.16	1.51
3.06	3.63	41.19	2.67	6.99	14.65	1.79	1
21.11	32.06	27.77	24.07	26.1	79.68	57.43	4.71
148.1	50.71	9.67	9.06	79.24	87.77	73.62	110.47
2.52	13.46	10.32	31.48	13.35	23.04	17.69	10.17
1.8	42.93	6.32	7.51	11.86	7.77	26.73	31.88
85.33	24.18	24	108	117.56	1.89	16.98	6.72
1.53	4.62	9.86	30.16	19.33	23.43	18.71	7.5
28.07	23.91	13.74	11.5	36.1	4.66	6.06	11.93
77.42	161.99	77.73	2.94	17.43	2.12	113.84	5.15
18.49	28.88	4.02	5.05	33.27	65.94	16.59	6.65
5.42	4.6	4.13	1.47	2.92	6.25	2.04	2.43
31.06	7.54	19.75	46.36	93.55	46.46	15.52	3.31
16.61	2.51	27.58	27.99	9.52	3.68	56.4	8.15
2.25	5.25	4.76	12.09	27.52	5.52	21.4	4.99
10.66	32.19	19.57	5.77	27.38	101.82	13.82	2.95
67.44	35.15	7	3.6	9.39	15.66	4.83	18.02
14.18	38.29	6.4	20.25	23.13	14.41	21.02	3.49
6.58	1.86	2.87	7.33	2.5	3.45	12.14	18.27
11.44	12.29	11.85	10.33	23.74	9.3	25.63	13.26
41.13	6.95	12.63	54.03	19.23	9.12	47.05	31.45
14.27	19.41	19.11	37.33	10.29	25.34	22.56	24.96
4.02	1.82	10.24	1.16	1.18	4.09	3.05	2.73
20	32.24	31.92	186.25	5.36	23.16	41.99	33.59
39.51	36.56	5.41	12.09	86.85	98.06	72.93	42.76
45.12	17.95	15.51	28.47	106.53	40.41	39.4	61.99
17.76	12.92	11.01	25.87	9.9	1.11	1.11	33.99
36.61	3.88	3	1.2	30.61	103.28	17.54	70.33
146.28	115.27	3.04	31.21	140.37	33.15	22.79	36.7
9.47	6.65	3.93	7.69	8.59	9.16	3.54	3.67
68.63	22.21	20.96	79.15	9.16	26.07	66.68	52.58
2.13	5.39	2	34.57	1.92	13.64	4.71	3.34
3.04	3.69	17.88	10.15	5.35	13.92	2.51	8.96
11.47	41.63	47.7	4.57	53.67	20.49	16.73	6.92
7.12	1.67	9	17.69	9.74	5.31	4.89	10.62
9.15	12.29	13.05	20.41	2.8	11.12	12.33	51.53
3.58	5.21	9.79	2.32	3.95	1.36	12.07	8.73
17.2	21.16	24.63	100.02	26.45	17.96	59.92	23.44
24.93	6.38	20.11	3.51	11.92	31.07	28.02	5.55
11.31	18.52	56.49	1.53	14.6	50.76	100.55	17.05
3.33	172.76	41.6	35.96	55.99	109.31	92.07	128.5
48.88	69.6	17.19	8.53	6.48	12.25	13.48	23.3
11.33	7.05	12.55	5.38	11.55	16.7	11.64	5.96
32.68	15.67	34.98	8.09	21.68	33.39	12.21	23.41
7.83	6.86	17.8	1.05	5.41	1.61	13.37	26.66
91.89	48.38	99.27	15.24	14.96	151.8	86.77	10.56
11.4	5.37	6.97	5.21	51.86	13.25	1.28	34.27
36.2	124.99	83.96	4.7	6.47	99.12	48.31	36.13
63.5	92.64	25.42	54.18	105.66	61.46	29.51	103.87
1.53	3.23	2.98	4.02	2.15	1.04	2.76	5.94
1.54	1.78	2.33	2.01	5.26	7.78	1.57	9.02
136.53	234.39	42.11	135.5	45.86	66.11	34.39	42.4
43	11.45	24.32	8.15	7.29	2.4	34.35	5.88
37.35	46	10.86	26.14	87.18	33.38	8.43	23.64
80.44	24.01	86.52	14.62	70.08	122.22	161.63	96.17
13.89	13.44	42.39	2.99	8.05	5.95	13.11	16.38
31.65	115.45	7.55	6.44	31.52	9.25	49.23	74.11
80.12	12.38	41.27	76.17	8.79	121.69	61.09	87.05
4.77	4.06	12.32	60	8.51	16.83	13.53	1.26
2.89	42.12	6.28	5.65	20.71	62.05	2.96	24.99
69.12	5.25	8.77	3.81	7.61	3.31	58.66	25.94
53.9	27.21	25.73	3.98	8.57	31.05	27.19	1.39
111.72	73.61	17.82	57.26	92.5	27.91	7.55	18.03
2.09	5.06	2.62	1.21	3.59	14.17	3.83	2.98
255.94	41.08	21.21	42.2	100.32	173.25	30.62	61.89
430.57	203.7	81.83	111.16	134.17	83.15	20.2	59.63
22.09	36.56	52.42	74.73	50.6	37.48	21.13	184.09
25.15	8.66	2.12	6.8	15.46	5.64	1.9	18.83
25.12	13.51	39.78	64.08	15.84	28.11	42.57	42.25
10.75	65.01	15.4	17.99	50.12	46.21	42.81	18.31
49.93	44.22	25.44	54.81	10.78	6.49	33.67	23.29
51.39	18.72	50.03	8.91	5.74	70.77	28.49	1.04
48.8	36.12	111.58	67.98	174.7	3.07	77.09	28.15
32.53	97.29	2.94	8.37	56.43	25.92	75.78	24.12
26.65	106.52	17.73	15.12	3.83	100.95	46.43	18.47
1.39	14.09	3.4	47.72	12.49	36.76	20.92	6.38
122.03	59.77	301.21	24.23	45.96	90.42	23.73	85.99
27.38	8.47	4.27	15.32	6.18	5.57	9.17	14.6
9.32	7.38	6.09	4.23	7.95	11.64	1.28	11.83
81.83	127.37	1.72	21.45	62.8	32.2	159.26	10.79
253.42	76.94	29.42	43.1	76.61	292.07	71.07	43.31
4.1	1.12	4.27	12.3	1.74	1.5	7.54	1.13
2.78	12.26	3.35	22.73	27.74	5.52	3.26	33.76
26.31	2.14	65.17	51.27	40.62	6.96	10.3	20.02
126.28	3.37	3.04	199.07	42.21	23.41	11.56	40.02
4.76	8.18	9.61	1.7	4.84	18.55	7.7	8.17
15.32	14.36	22.52	116.1	75.39	127.68	95.2	68.84
6.01	16.02	10.14	27.1	5.47	4.77	54.33	25.57
9.03	74.59	77.18	59.94	23.59	21.67	14.08	13.86
32.41	14.45	2.36	110.45	126.15	180.39	2.03	28.28
12.64	2.39	1.11	248.02	131.21	2.34	33.81	12.46
6.14	14.58	34.45	24.34	10.62	17.18	24.32	82.92
1.4	1.68	3.93	4.17	2.68	6.17	4.32	2.74
56.27	3.78	2.32	7.14	53.21	5.28	16.67	63.41
53.79	9.79	35.27	110.53	249.65	2.43	166.93	34.26
1.91	7.54	10.6	1.47	6.14	6.14	3.89	6.34
14.63	2.27	2.42	4.32	6.89	25.45	2.58	1.92
12.07	5.57	21.49	7.91	43.62	6.77	29.47	10.37
13.08	5.83	39.96	8.58	7.51	6.26	3.81	1.47
235.92	86.79	11.08	77.45	38.31	64.87	22.93	226.52
16.81	11.32	5.35	30.6	15.31	26.8	31.41	27.29
4.85	4.11	1.16	5.02	1.92	12.63	1.34	2.44
27.25	2.52	10.44	3.51	7.36	10.31	34.41	15.41
5.13	6.85	8.54	65.1	93.65	21.58	2.91	37.22
3.37	5.19	39.61	11.94	41.72	8.36	95.05	15.95
34.96	21.32	144.8	93.39	50.53	133.06	46.2	488
16.2	12.46	1.91	14.98	7.88	18.64	5.39	6.31
14.24	5.4	19.84	5.41	4.69	11.72	12.48	9.53
25.54	3.05	4.35	24.17	7.72	5.59	6.21	22.13
1.09	1.48	9.03	2.12	1.32	1.29	2.92	10.23
53.54	20.42	46.28	9.9	12.86	3.75	20.41	54.43
33.15	34.47	55.75	35.81	120.84	165.8	156.47	27.15
45.4	8.67	39.63	31.79	172.59	14.24	60.44	151.92
10	18.42	17.64	19.96	19.67	13.63	55.28	16.82
2.12	2.32	2.27	13.28	7.48	6.94	6.16	5.26
11.13	6.72	6.01	18.5	9.02	5.54	6.81	8.34
3.25	4.45	1.19	2.85	1.31	2.53	14.32	4.14
22.28	5.53	51.1	36.05	36.41	6.28	15.13	79.68
4.22	17.51	2.78	13.04	20.38	13.55	6.26	32.06
4.64	10.17	5.91	3.52	2.97	2.45	8.51	4.6
21.79	13.34	2.31	112.35	47.01	146.19	11.66	64.07
36.83	54.28	42.05	185.98	129.09	84.56	26.4	37.27
12.45	3.6	4.43	15.52	28.85	8.29	29.84	6.44
22.09	28.3	81.47	82.47	1.58	5.35	119.43	1.86
27.23	14.23	22.76	55.71	48.06	54.57	5.43	33.39
9.85	38.39	53.44	22.78	8.18	27.11	34.25	15.84
35.03	1.79	4.34	9.86	8.72	4.7	11.54	18.52
2.39	44.11	2.67	14.13	55.81	8.32	37.23	6.92
1.4	4.75	2.31	4.72	5.95	4.72	7.77	11.92
9.64	205.77	52.74	32.76	130.09	147.74	256.67	63.94
15.22	12.14	8.8	5.5	12.13	12.62	11.03	16.34
7.65	9.17	5.47	19.66	4.33	1.8	6.75	117.17
23.51	16.77	23.3	145.16	28.55	51.17	11.62	126.34
3.41	21.77	7.12	10.68	9.68	2.01	15.96	21.75
14.6	2.46	50.43	4.44	6.85	17.12	34.28	2.5
65.72	19.53	106.54	28.73	12.89	42.63	2	7.47
176.21	96.85	118.68	54.13	24.4	27.17	104.17	174.55
1.3	1.09	26.36	1.93	15.25	23.6	35.58	17.03
48.86	16.29	151.69	11.33	14.26	45.14	9.85	33.74
120.71	156.01	10.06	96.27	96.86	28.21	161.24	70.32
63.66	13.18	40.33	188.26	42.96	53.28	129.53	23.44
28.81	44.93	24.27	54.57	25.71	8.64	78.26	11.89
1.14	1.7	7.24	3.68	1.11	1.57	1.91	1.36
4.6	21.04	23.96	22.23	87.02	182.96	35.1	25.38
64.29	11.02	54.5	117.42	4.29	124.12	99.34	29.01
110.71	17.07	25.61	66.16	134.6	39.93	167.13	109.84
3.08	13.6	14.77	17.24	3.53	41.59	13.67	56.83
18.09	4.58	52.39	23.04	9.1	29.81	4.88	11
5.15	2.82	9.3	6.31	12.32	2.36	2.96	1.65
4.46	61.48	11.25	19.26	7.76	20.74	20.19	21.86
4.13	2.29	1.36	2.7	3.9	6.24	4.87	6.98
31.67	16.66	242.28	191.39	107.27	150.64	89.33	10.84
43.17	33.29	27.16	68.95	12.88	19.63	7.46	4.47
12.27	23.95	6.5	2.36	12.81	7.49	18.59	1.53
3.22	10.53	1.4	1.56	18.48	2.63	3.98	3.26
47.26	65.56	46.69	13.21	31.09	88.33	9.83	47.51
6.48	9.74	15.79	11.66	23.09	20.8	15.31	44.37
19	12.37	14.89	9.81	47.75	3.55	74.07	85.21
11.44	3.55	3.98	5.29	23.94	19.32	10.96	10.72
31.87	32.73	129.48	18.01	16.57	11.54	10.61	25.78
32.74	11.22	1.02	12.6	21.59	5.72	28.45	11.65
47.16	66.44	33.91	7.38	94.68	110.49	113.94	4.68
10.27	21.43	4.63	11.15	10.93	3.05	35.19	9.69
7.83	130.18	30.13	27.19	54.39	83.55	28.19	180.05
10.42	19.6	22.21	3.09	27.11	10.72	43.82	6.28
41.96	81.04	170.76	92.87	51.6	72.97	29.55	117.07
355.3	142.76	7.31	53.51	30.35	75.12	303.77	145.49
46.02	26.51	36.25	46.57	66.9	1.18	87.18	8.13
4.35	6.91	2.75	29.29	14.4	4.31	19.58	18.5
2.06	8.98	7.33	7.06	5.31	24.07	1.8	1.81
33.49	24.5	1.78	2.71	13.62	7.84	19.26	1.05
1.98	6.19	4.01	5.51	10.34	10.83	3.32	11.29
38.25	1.7	26.11	22.35	36.12	38.88	47.29	2.19
18.76	130.28	55.16	12.36	65.82	11.41	92.65	45.37
15.9	34.88	17.26	50.73	27.85	67.29	1.23	37.28
5.13	38.42	2.79	60.87	80.32	5.18	37.48	152.26
4.35	13.2	70.55	14.68	57.29	14.72	9.8	55.78
6.2	112.62	61.4	33.36	11.33	212.16	10.69	287.88
15.62	12.58	26.55	29.98	4.53	4.81	43.79	87.35
62.54	53.71	124.12	18.41	37.51	67.02	28.32	88.31
18.43	12.25	11.43	5.74	28.61	50.71	35.97	12.13
38.69	63.91	9.13	155.54	21.21	103.09	27.39	57.64
3.17	28.14	24.9	3.45	34.42	6.63	1.08	19.86
11.04	7.88	6.91	5.14	3.76	1.97	7.39	16.34
13.04	57.39	23.49	30.27	53.59	1.79	18.09	77.06
2.81	13.95	1.05	17.76	2.15	11.72	1.37	5.32
9.26	10.46	4.93	9.53	14.04	15.85	60.75	2.96
14.64	35.85	5.7	119.98	41.31	36.75	93.8	68.2
4.03	12.41	4.49	1.1	4.49	2.35	6.74	6.67
22.9	1.72	9.81	25.12	10.89	27.81	2.63	7.23
14.14	26.33	50.84	64.5	24.15	13.56	7.06	18.2
85.26	172.85	106.57	74.26	155.92	76.53	8.45	52.64
32.43	4.81	18.1	28.42	16.49	25.97	19.2	11.71
2.81	1.37	6.9	1.7	1.22	1.96	3.69	6.25
6.98	4.4	9.17	19.64	2.53	5.31	1.53	4.79
6.3	3.24	4.51	32.69	29.13	5.49	4.51	16.34
4.84	1.39	24.1	4.1	17.88	10.8	9.57	8
14.24	85.49	29.26	11.34	15.66	77.51	91.07	75.35
38.31	44.2	27.09	32.75	12.18	19.15	76.54	51.2
252.78	78.94	171.94	57.29	6	7.54	174.93	121.4
15.52	4.56	31.75	1.23	10	44.77	4.87	9.16
51.81	37.56	32.41	8.63	5.2	11.19	24.39	41.37
19.8	26.06	10.59	31.62	18.63	11.16	23.85	2.13
9.3	25.82	6.85	5.65	2.24	11.38	25.03	18.32
20.08	27	3.51	1.04	6.34	24.07	3.23	4.75
9.95	11.24	192.2	106.15	78.74	37.13	65.42	15.64
6.14	26.09	21.39	13.26	31.22	6.38	40.97	107.55
9.81	1.75	43.68	13.35	3.76	17.36	32.85	33.09
55.91	6.69	13.34	5.06	12.1	23.55	27.78	11.1
38.41	50.07	109.84	61.09	94.04	37.25	386.71	603.73
61.75	139.87	80.6	55.83	22.48	208.06	52.99	120.52
5.61	4.25	6.7	17.3	1.3	10.41	9	16.43
3.99	5.51	1.56	1.45	5.05	2.82	3.55	2.43
1.05	5.24	2.76	4.9	2.41	5.8	1.85	2.03
2.62	1.22	4.26	2.13	4.49	2.47	1.21	1.1
42.9	48.39	7.56	38.27	143.26	43.3	67.93	25.29
10.93	12.05	54.09	2.81	44.76	41.25	25.38	15.92
19.22	43.29	12.53	8.76	72.92	142.14	1.93	2.04
4.76	48.73	32.71	83.05	80.37	68.92	15.91	209.26
28.96	9.64	14.02	36.98	2.72	25.64	8.68	9.74
39.57	54.23	78.56	15.24	14.96	109.19	60.78	167.13
62.16	119.94	26.46	38.96	139.33	172.09	52.27	9.97
61.76	9	14.91	9.72	2.39	24.04	29.21	34.56
34.81	35.63	70.33	6.85	94.71	19.46	33.14	175.82
10.11	26.08	49.24	20.92	7.66	8.32	47.06	6.17
22.69	51.77	105.97	30.8	8	64.75	4.06	10.45
3.85	9.4	2.36	2.05	5.48	3.4	2.79	2.53
15.05	11.99	27.55	15.35	22.27	41.54	30.81	71.66
18.6	32.95	16.03	8.84	22.26	11.76	6.11	7.76
4.34	5.31	14.8	48.88	16.85	31.01	1.43	45.11
1.33	1.68	1.05	1.78	1.81	3.16	2.43	3.2
27.19	53.02	53.3	14.01	49.55	47.38	38.6	22.18
52.9	9.71	9.16	10.46	21.36	24.62	65.84	36.4
33.96	6.52	33.55	50.43	17.09	42.46	3.87	3.01
10.74	62.91	19.81	2.89	53.61	19.76	21.42	5.24
16.57	36.4	2.42	1.91	31.52	27.5	11.24	19.67
3.65	1.54	4.87	12.14	18.46	15.93	2.04	5.47
2	4.32	11.89	1.23	8.3	1.91	2.42	1.26
22.11	26.21	183.19	69.76	133.9	38.03	19.89	38.64
6.21	5.73	5.15	15.58	26.88	7.99	11.09	6.85
6.03	6.63	76.15	6.75	3.76	23.35	10.7	4.28
18.03	14.88	20.52	4.88	104.36	46.15	4.79	23.15
35.15	33.44	28.56	41.19	4.39	35.66	35.48	17.67
43.33	53.09	29.79	7.13	33.35	6.11	32.71	2.16
15.04	39.47	17.81	37.09	8.32	13.27	97.5	9.75
55.77	37.95	46.39	32.6	36.84	17.02	14.94	25.68
8.23	18.53	88.77	37.73	86.44	88.94	244.65	23.74
1.86	2.56	8.52	5.97	9.54	2.48	10.15	7.65
5.88	5	1.27	11.25	4.79	8.42	3.31	2.71
5.22	21.04	9.81	8.8	3.65	1.49	8.92	4.65
3.51	12.46	8.62	8.83	12.46	6.58	10.05	83.37
8.2	10.58	23.28	32.15	41.93	24.16	4.27	17.2
16.28	9.46	30.05	44.53	60.41	34.82	10.54	35.36
1.4	1.02	20.75	4.41	14.03	1.31	3.71	7.76
3.38	28.16	128.93	82.37	2.12	21.45	115.44	14.32
37.55	10.56	83.46	6.42	18.95	48.39	30.67	15.54
68.53	31.4	16.59	87.44	13.63	6.59	39.26	2.03
2.2	2.09	7.95	1.02	4.06	1.51	1.89	6.68
12.17	4.38	1.25	7.11	15.25	5.15	1.92	6.88
101.46	137.95	24.65	41.81	44.32	74.38	31.75	16.06
15.29	4.39	8.25	3.78	9.72	11.15	6.65	3.72
2.6	1.76	4.33	1.51	1.18	14.02	10.91	2.52
245.83	14.87	68.01	52.83	104.19	116.85	64.08	7.24
3.13	18.05	18.88	13.01	5.27	28.76	1.08	10.07
32.24	39.37	26.53	63.19	31.3	177.71	23.75	13.51
2.15	9.67	4.1	1.47	8.38	1.36	5.32	13.31
3.33	10.77	3.6	1.91	2.68	16.59	4.51	30.48
21.89	9.98	5.79	35.27	8.26	4.75	14.07	28.97
23.83	110.48	83.28	19.5	69.88	180.59	38.02	33.99
41.56	22.27	29.98	39.66	14.93	1.06	5.67	24.75
9.54	24.83	23.52	25.57	3.91	16.07	3.77	49.54
1.91	6.1	4.37	2.22	2.91	2.15	3.28	1.64
129.92	68.84	143.67	132.59	255.3	85.74	30.49	5.17
54.72	10.59	1.47	5.94	24.67	14.77	239.75	149.03
3.16	8.01	2.06	2.73	14.24	14.17	19.67	3.45
24.4	13.89	33.63	13.55	21.24	7.16	72.46	19.04
33.19	10.4	26.28	32.36	28.43	10.21	17.27	10.47
75.25	13.85	16.5	54.76	26.85	5.88	21.23	24.95
25.31	8.87	12.89	8.71	21.12	5.15	19.07	19.02
14.77	14.4	28	29.32	3.18	13.62	24.23	9.33
4.15	9.14	1.22	4.82	3.75	4.77	28.41	8.19
8.23	1.3	5	4.5	2.69	1.39	1.1	3.46
39.94	84.97	32.36	20.94	19.74	56.96	9.71	60.58
65.72	57.95	20.09	79.36	68.8	67.8	25.29	94.57
10.91	45.83	26.74	81.59	158.03	30.43	4.06	71.11
163.13	66.07	11.89	183.37	236.03	50.28	451.98	141.11
18.75	12.29	33.05	69.37	33.21	31.44	44.95	7.45
6.16	2.17	2.79	10.49	1.06	1.61	2.53	7.81
7.47	30.66	15.54	20.48	22.38	62.41	48.26	86.6
8.51	23.37	2.62	26.9	2.6	15.57	14.59	5.26
3.74	1.84	3.75	10.36	3.81	3.06	3.59	13.42
13.4	12.73	16.78	16.4	13.97	1.29	18.88	1.84
1.49	20.21	13.84	1.68	7.77	11.66	9.85	2.64
6.31	1.68	38.34	13.81	8.09	15.81	62.59	7.07
19.83	4.87	5.31	14.24	5.35	14.45	3.25	71.38
21.72	5.63	66.97	16.78	14.22	6.75	7.96	8.4
6.22	12.74	5.14	18.61	1.27	4.51	5.16	16.79
24.6	37.34	53.27	3.21	7	49.6	2.7	9.22
8.21	27.36	16.7	13.96	16.75	19.39	18.13	57.53
40.54	8.47	29.49	36.51	8.33	32.42	11.98	8.3
5.59	20.79	6.51	12.84	28.7	1.31	1.51	5.48
1.44	3.69	6.43	10.02	3.29	1.59	5.2	2.68
1.3	2.75	1.14	2.44	1.18	2.37	2.25	1.71
7.93	7.1	8.64	7.97	5.14	6.39	29.17	8.81
25.54	23.29	22.48	1.41	18.48	19.31	52.39	10.54
14.01	10.1	18.21	15.54	21.65	13.93	5.21	5.34
38.05	30.12	62.48	15.17	92.56	22.17	10.23	17.54
8.6	13.42	12.63	6.51	5.53	40.71	44.83	34.51
4.91	7.42	31.06	3.28	13.44	23.25	10.07	11.95
15.84	12.33	3.65	1.47	3.87	1.06	2.55	7.08
8.77	11.88	6.83	2.43	2.88	20.36	4.52	12.89
12.73	95.39	8.82	6.85	40.05	49.96	54.55	170.12
1.26	1.23	1.97	1.34	1.01	1.44	2.36	1.59
3.62	8.78	23.31	24.91	41.17	6.19	9.87	5.57
2.54	3.07	22.21	9.59	19.05	3.66	4.49	2.78
50.47	9.44	5.2	12.49	4.21	62.49	41.81	1.83
6.04	31.63	83.3	11.49	37.15	41.2	15.44	7.94
11.71	3.5	7.08	13.92	9.38	2.94	24.17	26.34
332.31	7.14	41.15	46.51	25.88	131.5	26.8	36.2
5.37	5.99	34.76	11.11	73.01	27.13	21.63	6.58
43.22	7.13	27.85	2.23	6.14	22.75	5.42	17.39
25.09	17.58	1.35	4.22	8	4.44	2.74	18.1
9.99	83.87	105.12	61.01	111.01	74.65	71.48	209.39
2.09	10.9	4.21	3.6	3.87	1.8	2.32	2.3
7.05	48.49	17.62	42.43	13.41	28.09	9.6	21.32
23.47	41.39	17.97	11.21	23.24	35.38	162.68	18.85
8.12	3.39	10.99	14.39	6.93	4.07	5.37	7.88
3.63	1.52	14.02	12.96	16.62	5.4	14.43	20.38
53.19	38.38	16.55	42.79	51.96	34.19	12.16	12.58
41.07	24.06	105.9	48.78	20.08	55	50.06	35.95
297.56	122.71	150.68	104.16	62.27	2.69	93.46	117.37
30.37	185	15.95	148.01	54.68	17.47	163.74	88.31
5.64	22.62	63.2	12.96	6.88	6.03	33.76	94.61
36.83	58.23	4.09	9.94	95.9	28.33	76.52	23.56
21.57	67.3	4	14.95	47.45	100.04	51.32	20.31
46.97	5.94	18.66	13.84	26.11	56.05	10.63	15.16
13.22	7.71	8.83	14.83	7.69	10.06	1.63	5.67
35.56	7.66	127.24	102.45	60.18	29.44	83.47	52.13
2.43	34.8	9.19	8.72	15.44	17.35	12.44	2.69
6.81	19.25	19.02	4.94	4.49	8.82	29.88	29.17
59.77	9.14	26.9	19.29	6.75	32.41	3.58	3.35
55.57	40.76	19.27	3.82	50.82	58.25	64.48	11.46
15.78	5.71	49.91	168.5	71.01	14.14	124.97	25.39
32.69	6.68	117.5	23.75	31.92	8.72	53.1	142.67
6.53	49.21	15.12	21.42	34.46	35.47	30.16	41.49
3.47	8.05	4	1.7	5.38	1.7	1.67	2.39
29.85	2.49	9.52	9.93	15.38	14.49	14	2.16
4.12	8.27	1.5	6.73	7.42	5.45	4.96	4.42
24	103.23	91.88	7.67	80.3	24.09	110.04	150.05
2.08	33.93	16.33	10.75	113.55	34.11	11.27	11.06
62.5	60.21	5.13	17.74	32.92	13.71	9.7	16
3.97	82.36	6.27	3.77	15.86	15.61	37.8	25.83
20.88	25.54	51.21	10.35	25.95	4.16	7.37	80.22
3.14	27.14	13.23	5.68	21.84	42.97	2.15	20.19
10.47	5.84	1.72	8.72	7.64	5.29	10.94	8.23
1.32	26.36	4.21	34.3	56.05	15.81	12.18	3.81
46.38	4.43	8.51	8.01	7.96	3.86	77.61	12.55
10.61	1.23	6.91	2.65	9.27	7.14	9.7	14.29
16.42	45.13	6.08	2.84	120.38	18.33	8.76	67.56
10.56	17.21	10.1	9.14	36.15	14.79	3.13	66.12
37.08	3.32	21.27	7.92	7.14	5.19	1.8	3.67
376.16	7.28	118.71	65.2	91.49	2.92	81.55	123.04
7.88	8.39	3.5	3.35	1.37	22.15	3.02	11.1
10.73	19.96	50.17	18.02	7.05	3.02	53.77	29.45
41.29	58.64	8.57	72.71	383.79	90.8	158.64	43.1
8.88	16.31	54.64	6.09	56.12	2.93	3.37	48.75
13.85	18.96	26.22	24.67	4.12	2.42	12.62	6.96
29.35	2.18	14.32	3.94	4.85	19.73	4.28	4.63
19.34	47.44	27.92	41.45	2.02	16.65	49	20
52.3	49.76	60.14	17.79	26.92	53.53	44.77	11.88
3.47	3.37	3.51	10.14	3.46	1.75	2.96	3.28
31.19	15.47	2.91	2.38	11.46	31.39	8.05	2.9
21.01	1.31	5.4	20.55	8.68	1.69	6.78	12.02
59.61	51.44	26.82	36.66	26.17	39.25	22.61	21.85
102.28	8.83	4.4	4.4	25.73	41.59	119.16	17.11
3.27	97.77	202.34	69.52	135.28	59.16	210.08	71.78
83.41	168.78	12.92	97.18	237.08	9.59	28.84	210.37
41.48	65.91	71.74	1.49	85.2	24.99	10.34	9.73
27.25	166.86	7.05	55.5	24.65	21.73	11.64	104.55
18.04	63.3	27.81	48.31	9.6	46.93	15.99	31.18
32.83	137.6	42.53	246.97	52.28	13.14	72.25	2.74
3.4	1.33	10.15	1.65	20.3	4.18	5.1	3.59
15.76	1.54	27.64	4.35	23.22	18.4	15.6	26.17
68.93	19.35	26.59	44.77	8.13	65.73	44.43	119.4
12.56	15.52	5.17	4.17	6.92	4.56	15.47	21.85
1.76	51.95	4.31	50.93	16.82	6.94	20.43	2.43
6.6	46.15	14.97	7.81	15.98	6.97	8.38	21.74
22.25	8.67	96.83	13.4	7.93	28.89	33.44	5.72
47.15	30.81	20.12	17.16	13.87	88.22	140.31	73.19
32.26	37.63	39.65	7.54	17.96	2.83	7.63	39.13
8.16	16.14	6.24	66.01	22.4	31.75	3.37	2.02
14.83	19.12	49.88	93.54	19.2	47.22	9.67	40.07
10.85	2.94	3.77	10.02	31.74	2.25	23.9	21.78
3.87	1.12	5.05	1.96	6.15	2.01	3.19	3.81
3.54	22.74	1.3	2.02	6.03	4.68	1.98	18.03
86.55	2.86	98.45	37.74	4.65	20.32	20.5	2.85
7.59	23.76	580.82	406.39	265.69	313.05	35.96	129.87
15.39	10.17	27.34	7	1.68	1.71	4.85	14.31
156.75	98.2	30.77	208.08	94.79	119.96	181.75	75.02
12.35	5.89	42.6	1.95	31.07	5.76	13.41	26.58
4.82	1.23	4.13	1.36	4.5	1.45	2.2	3.94
2.2	2.23	21.51	58.08	14.05	28.85	1.34	5.86
36.85	12.83	8.92	11.78	9.01	10.01	82.5	16.67
18.09	2.46	28.19	20.37	101.25	174.66	46.57	34.93
17.66	40.97	33.88	2.15	22.25	11.77	3.57	32.99
11.75	35.98	27.86	17.41	30.47	98.54	92.37	70.62
22.25	7.39	16.23	5.39	17.43	3.13	35	1.53
7.49	18.27	19.77	147.83	4.33	58.93	33	61.02
3.2	86.23	77.16	35.93	3.29	124.45	130.95	22.62
3.08	4.39	12.35	27.37	7.39	15.94	15.85	7.93
