70.87	39.03	22.61	9.3	7.94	14.72	1.11	26.78
20.81	6.31	4.59	7.12	17.51	11.94	23.49	3.59
15.65	70.27	202.54	26.92	28.78	77.37	65.72	99.13
26.81	9.79	7.37	3.5	7.95	12.39	20.26	10.47
10.76	4.33	25.66	11.64	16.79	4.37	8.76	33.46
5.02	6.21	35.82	82.07	60.65	130.76	47.29	22.93
72.18	56.54	35.49	62.31	15.48	148.68	93.1	54.42
54.23	48.95	1.21	21.9	90	5.15	159.35	24.56
12.92	21.73	35.63	25.36	9.92	9.38	31.09	32.62
20.83	16.99	3.54	6.88	12.52	1.33	20.44	9.49
4.36	2.13	5.01	8.57	2.37	18.19	6.85	2.46
5.98	5.17	1.44	6.83	13.37	2.2	4.15	5.44
3.88	27.58	1.07	9.69	13.48	30.82	26.76	7.36
58.4	47.19	11.6	10.45	1.67	29.12	19.41	7.99
2.12	1.67	10.62	6.04	10.75	10.52	2.42	5.64
14.98	6.04	5.06	3.06	4.82	2.59	8.54	3.6
24.06	7.96	2.58	6.17	2.16	40.79	11.28	11.06
15.82	25.49	19.08	12.16	6.86	4.33	66.51	30.79
82.28	108.79	104.11	19.87	50.61	20.91	43.29	30.17
24.95	43.28	10.76	14.04	48.94	15.27	31.01	38.34
71.53	22.63	1.41	8.64	42.16	18.54	13.79	125.94
11.52	12.46	39.87	24.19	11.55	15.29	4.56	10.77
10.79	20.99	4.5	14.47	5.49	119.3	5.63	25.49
20.49	38.18	171.55	152.2	40.45	48.58	89.5	30.49
4.21	4.17	4.65	1.85	3.99	8.86	2.18	1.2
28.95	114.03	1.01	26.19	84.56	146.78	17.13	22.89
33.74	31.35	45.51	35.78	123.57	44.76	63.23	47.54
186.7	78.21	9.41	20.05	28.42	109.73	131.48	15.73
51.3	52.67	13.62	65.05	8	60.04	64.54	20.02
64.24	29.77	32.22	2.39	30.94	8.8	2	50
137.69	45.03	236.61	8.9	1.52	16.74	9.23	41.81
6.47	2.31	11.82	1.15	39.06	34.29	1.9	3.83
12.91	131.91	63.46	2.32	17.97	2.49	69.04	3.4
2.18	3.1	14.08	16.88	26.55	7.75	5.9	6.83
36.49	131.81	71.21	22.56	223.95	67.86	45.97	74.14
3.64	47.74	3.05	4.17	17.7	5.82	13.19	31.54
24.33	26.84	14.76	4.51	40.19	16.64	20.16	50.64
75	54.22	8.39	90.35	8.68	27.55	82.88	34.75
2.73	2.83	4.12	9.77	4.34	6.84	5.65	12.82
28	66.44	26.44	71.54	29.4	24.56	17.75	12.58
16.75	98.97	30.03	65.79	74.64	58.77	12.22	71.3
2.69	14.42	3.31	2.27	12.97	16.06	5.58	18.25
4.67	11.64	37.89	8.6	4.03	4.3	12.46	8.88
4.02	28.46	11.78	52.93	26.53	16.36	17.48	3.99
10.86	122.97	33.26	23.11	11.38	18	204.01	10.6
15.77	13.55	5.1	33.48	14.14	1.19	3.97	15.6
18.72	6.13	19.68	52.32	48.79	40.72	14.81	155.66
12.9	69.55	10.11	16.01	27.75	32.05	47.72	8.9
17.02	20.81	5.93	14.25	19.59	47.17	26.77	8.3
31.25	1.55	23.28	11.66	16.31	2.76	59.62	18.79
27.88	7.73	5.27	5.61	5.04	2.59	17.94	5.38
6.33	3.02	2.54	24.28	3.96	2.53	12.93	1.96
41.47	12.26	4.76	10.86	14.31	3.28	2.82	2
1.77	1.85	3.94	3.84	1.84	3.97	2.62	2.57
2.22	19.9	17.19	45.72	33.59	40.89	32.94	32.7
222.16	53.02	35.54	12.88	18.05	93.46	51.01	4.4
47.81	55.42	117.97	35.24	5.32	97.78	234.6	190.45
34.58	11.14	26.88	37.95	26.17	34.3	50.32	12.89
2.25	4	2.57	1.28	3.69	1.06	2.19	2.7
124.38	185.41	3.14	40.45	90.27	47.72	125.06	73.43
58.66	26.38	220.65	43.25	38.64	34.04	303.95	27.71
6.45	20.77	2.21	4.76	17.01	1.57	2.16	15.75
6.32	47.05	15.01	44.38	21.86	51.61	76.76	13.44
16.77	23.25	13.33	12.55	10.17	14.8	7.32	12.8
9.2	87.56	131.51	45.61	13.9	7.22	43.29	83.86
30.47	34.44	149.7	10.95	5.4	7.48	17.54	53.33
4.35	12.84	3.25	13.84	6.78	29.47	16.23	5.99
22.12	5.92	4.92	28.11	50.12	7.16	15.21	12.06
12.18	10.09	1.58	3.91	3.06	5.28	2.3	8.42
6.13	1.51	4.2	14.07	16.94	3.07	3.63	7.83
5.48	37.73	3.7	1.38	10.23	63.91	7.82	17.79
38	30.12	43.07	6.13	9.29	42.14	1.86	2.52
4.09	1.31	5.78	4.99	1.32	1.58	1.61	6.5
54.79	8.59	38.73	53.47	83.31	44.17	31.09	9.12
25.94	73.43	33.88	132.52	122.82	33.63	125.92	33.47
2.47	8.2	6.39	1.68	3.72	2.52	2.66	9.21
39.95	30.78	2.72	26.05	19.56	8.8	49.88	20.77
56.75	180.53	76.49	79.38	66.94	48.14	32.22	37.25
16.36	9.45	32.21	48.15	2.28	14.29	9.68	21.12
24.44	15.54	10.07	8.41	9.55	8.5	11.03	2
4.98	15.54	31.38	39.84	21.85	70.02	21.53	6.38
6.23	16.79	5.38	10.01	18.28	68.68	39.46	9.35
15.95	28.56	44.11	66.64	162.78	48.55	108.94	47.9
25.88	23.96	63.62	189.15	37.35	19.4	46.21	48.81
23.55	21.13	39.33	20.41	51.16	26.47	6.9	9.26
29.68	34.8	131.99	78.71	25.97	12.32	75.96	6.38
3.67	2.41	23.42	6.6	10.63	3.27	6.46	6.02
3.23	16.43	3.51	19.79	11.01	8.42	15.3	14.5
148.24	17.75	58.45	27.41	89.97	84.51	441.02	31.63
74.72	49.63	35	53.75	10.59	37.01	110.27	26.02
56.9	14.33	24.99	9.03	2.67	30.24	17.12	45.4
47.68	32.57	11.34	15.34	28.19	25.82	26.45	12.17
16.42	43.67	8.18	44.96	19.79	55.86	63.43	75.48
7.84	8.09	37.58	7	4.43	23.84	6.14	5.5
25.71	4.32	28.68	6.73	3.15	12.53	28.24	7.94
127.46	190.81	267.39	18.87	145.1	56.67	130.2	67.31
6.11	2.47	15.98	3.95	41.78	27.86	32.13	3.83
77.43	27.53	65.22	219.77	2.9	36.14	32.38	107.62
16.75	8.58	3.1	12.68	3.11	16.97	2.26	1.43
35.14	14.28	14.06	10.33	30.58	8.5	27.94	5.73
17.43	2.81	45.4	62.27	6.4	18.4	51.14	8.67
76.7	57.16	31.48	58.44	61.7	244.28	50.46	12.54
52.14	37.56	13.69	5.05	92.01	2.4	49.28	17.07
27.89	46.73	28.93	1.3	53.3	9.88	45.87	17.46
27.2	36.54	6.52	50.6	108.39	45.7	28.59	21.9
7.56	3.79	3.65	2.38	1.97	2.18	1.26	4.95
10.2	5	3.64	9.79	2.36	2.57	4.33	11.07
16.39	4.37	11.83	10.13	1.07	1.66	15.78	7.54
27.81	7.05	14.66	33.27	18.3	7.46	33.63	5.3
1.12	2.84	2.22	13.87	8.43	1.46	13.99	4.84
281.97	62.7	156.24	66.42	58.29	105.2	73.26	98.44
5.48	3	7.46	17.45	3.51	5.56	7.14	6.83
1.44	4.19	42.26	23.44	3.78	37.4	10.51	14.97
64.31	11.23	119.38	61.15	52.3	59.86	22.85	20.76
3.71	76.81	50.21	51.71	84.25	18.42	11.23	19.63
38.9	7.26	44.68	8.8	6.48	32.62	1.17	15.67
17.71	22.78	34.12	34.5	68.44	11.08	12.11	48.86
7.08	4.07	9.04	3.48	12.43	6.8	6.54	2.7
6.2	15.49	5.25	10.76	24.09	8	10.86	3.75
33.16	88.16	40.4	5.83	54.36	84.13	93.29	242.73
12.14	1	7.3	7.26	16.85	3.09	2.42	16.62
6.22	5.78	5.59	1.69	14.65	3.52	25.25	2.08
1.82	19.13	5.58	23.43	70.77	21.31	25.14	26.92
20.54	5.77	25.71	73.69	21.75	116.61	99.59	33.17
67.84	8.4	36.95	6.61	26.08	23.28	66.97	40.99
1.63	4.48	17.84	3.39	4.35	2.55	7.93	2.22
14.66	44.01	10.78	73.29	155.52	100.01	20.14	76.04
40.23	46.54	9.07	7.18	8.83	18.1	25.26	8.46
50.98	27.45	69.67	17.1	6.02	71.33	19.39	16.64
84.31	52.19	59.04	64.77	45.37	5.98	50.62	147.73
106.09	82.37	303.35	34.58	352.67	344.99	19.01	25.01
12.77	4.13	12.93	14.8	5.39	13.25	8.27	9.75
7.97	3.26	4.08	13.08	2.68	5.18	8.69	16.69
7.97	3.47	1.23	7.19	1.1	9.13	19.58	9.01
68.92	3.93	43.79	30.39	29.63	62.98	264.05	54.78
10.24	2.69	8.18	7.6	13.87	22.4	10.09	35.87
3.1	2.55	9.99	3.49	2.99	3.6	6.76	3.66
13.11	46.77	118.68	6.91	3.21	247.61	5	76.63
5.48	3.3	8.44	4.6	11.82	6.63	18.81	15.36
46.38	109.89	132.71	17.59	48.87	30.94	71.68	28.07
69.89	111.36	63.36	88.65	39.2	120.97	24.32	13.3
8.34	13.45	6.92	44.34	46.59	13.21	51.91	5.06
208.19	205.77	400.21	86.3	111.56	34.07	46.94	30.62
2.89	5.19	9.13	10.72	18.41	1.22	4.31	1.23
22.89	3.63	38.57	20.66	5.46	11.32	42.06	31.58
1.71	3.62	2.49	3.01	6	8.24	5.2	18.32
2.03	1.13	2.16	1.85	1.14	1.38	1.53	2.87
18.88	1.64	1.62	4.85	4.05	4.14	3.48	7.04
31.75	12.62	37.98	27.72	18.99	41.78	107.11	44.42
24.97	9.13	8.52	34.49	92.48	9.05	40.26	14.44
56.07	21.34	79.92	26.46	88.16	36.05	115.6	44.02
39.68	14.14	32.69	55.84	7.49	44.38	38.49	17.28
90.41	196.74	38.05	19.76	101.56	47.39	20.83	137.7
2.11	62.2	4.24	214.71	18.97	7.73	15.04	10.33
17.06	4.64	2.42	2.82	15.25	5.48	20.77	5.77
10.2	19.99	21.23	22.47	19.58	20.15	10.25	3.1
53.76	11.87	4.17	15.74	14.1	9.28	60.09	12.27
2.14	6.59	5.78	6.71	1.15	7.99	14.89	1.7
3.49	10.51	1.58	9.05	4.74	4.57	1.55	7.43
35.19	76.48	20.49	29.82	11.27	12.06	83.5	74.52
210	139	79.33	146.1	225.5	171.62	222.97	65.58
171.02	58.95	27.74	17.64	58.19	33.91	101.88	49.79
43.03	60.49	29.61	4.5	3.41	3.52	47.08	41.27
43.71	26.35	6.23	18.04	47.2	33.62	1.94	66.08
19.05	61.47	95.04	18.24	20.03	60.87	12.2	15.22
12	17.3	2.54	1.87	4.46	7.96	18.9	1.28
6.06	6.99	13.14	8.09	16.61	67.63	66.23	27.45
56.15	7.96	49.55	10.45	108.14	12	83.31	67.9
2.56	1.86	3.36	2.33	6.5	3.88	13.17	4.64
131.18	21.26	108.11	52.44	2.62	180.24	128.8	36.27
2.88	17.87	4.15	2.16	11.02	10.93	15.91	4.24
22.35	14.18	51.63	7.52	2.39	5.75	62.89	10.51
3.93	1.74	6.91	3.46	11.46	1.04	1.11	5.51
2.1	1.44	2.45	7.14	5.11	2.59	1.36	3.37
8	2.06	18.3	14.22	176.82	101.97	45.16	8.42
15.54	22.18	19.66	22.31	1.32	37.83	1.83	8.89
1.58	34.41	12.05	2.39	4.32	4.76	7.48	6.48
1.79	1.69	6.03	4.05	2.97	7.46	4.85	4.38
5.54	5.22	3.56	2.52	11.6	1.88	6.74	4.97
24.24	106.18	39.98	60.88	99.35	84	165.1	11.74
17.74	19.76	31.35	10.05	47	6.44	10.67	8.57
2.6	7.37	9.75	10.82	4.97	3.65	6.56	31.78
4.2	15.44	1.74	9.34	1.79	33.36	21.1	2.6
2.72	3.4	2.27	3.03	2.48	2.83	2.14	4.13
27.12	71.72	25.43	55.71	8.1	25.31	71.73	9.62
7.51	7.51	9.84	3.99	12.91	1.69	3.74	11.52
4.53	1.46	1.11	6.43	3.13	6.4	3.1	4.5
69.55	140.74	36.87	32.17	154.51	32.46	1.12	92.17
6.57	49.8	17.26	13.51	5.39	34.92	10.53	12.78
67.77	43.88	32.24	66.39	48.84	56.66	21.71	47.39
12.4	5.78	19.79	25.16	56.84	4.4	6.01	1.61
10.5	5.42	17.96	2.04	17.13	15.43	14.7	30.5
75.62	27.11	165.75	46.42	156.81	33.35	7.57	40.71
36.57	12.89	24.62	12.66	56.03	11.73	28.38	38.71
1.6	30.58	29.65	28.49	19.48	30.18	9.22	48.89
14.02	26.63	2.92	7.63	33.89	1.04	28.36	19.32
54.33	103.58	65.78	5.48	75.86	345.48	152.8	122.2
2.87	6.24	4.24	1.73	1.99	2.63	3.55	2.85
3.01	6.39	7.2	14.58	14.91	8.99	2.65	11.84
23.48	14.47	4.79	7.74	2.69	2.68	28.21	13.18
17.36	32.9	14.62	7.11	7.4	5.67	6.69	3.36
2.39	1.17	1.91	3.68	5.46	1.64	14.27	5.13
175.46	77.78	71.05	11.4	79.97	43.88	133.15	150.32
11.17	25.94	8.5	6.63	19.15	6.77	7.86	26.94
18.84	9.48	1.79	2.76	19.11	19.86	3	5.02
6.84	6.51	9.81	23.42	33.24	14.97	36.09	37.38
15.45	11.83	4.39	2.15	10.74	14.06	24.55	8.92
4.4	3.27	36.48	24.02	1.5	4.53	11.84	24.87
162.06	46.18	67.42	217.76	13.25	91.86	35.66	11.27
13.51	1.37	25.86	6.68	4.8	11.98	1.17	2
4.08	7.6	3.33	1.24	5.43	7.46	8.47	2.73
69.96	41.51	77.87	72.53	15.56	7.48	21.59	55.78
60.89	4.84	29.26	13.1	38.59	21.78	16.34	101.4
35.23	58.73	12.6	6.67	19.47	6.28	8.82	17.16
7.55	9.69	11.09	15.57	9.32	23.03	27.23	6.78
2.45	1.83	2.53	7.85	3.81	5.91	9.09	1.94
17.65	4.55	6.21	4.2	5.11	11.92	13.75	30.05
14.75	2.75	55.4	1.06	17.64	6.3	2.29	4.45
6.17	29.98	4.08	39.33	24.43	2.31	36.46	12.17
2.17	1.47	2.98	4.03	3.39	1.72	1.09	1.04
49.44	72.84	13.54	192.44	177.31	80.14	11.7	157.14
15.04	6.91	53.1	24.99	45.95	6.93	3.28	31.95
10.75	43.72	56.64	26.25	12.08	60.88	17.59	9.8
11.42	6.09	10.81	6.64	2.05	8.14	22.49	18.77
2.23	15.55	12.91	3.84	14.12	7.83	5.94	22.42
13.19	31.06	3.4	21.48	13.91	1.24	8.96	19.4
26.78	5.41	9.25	4.09	2.78	6.44	12.49	6.19
4.79	12.61	127.31	47.47	75.45	158.88	22.73	119.21
3.5	2.62	5.16	1.82	6.63	2.32	2.91	3.13
104.17	19.51	15.31	79.35	33.49	170.46	33.65	50.13
3.53	28.2	8.19	3.61	9	9.86	21.29	12.55
9.14	23.21	13.09	17.38	14.41	4.93	21.18	12.34
16.05	27.79	72.52	15.83	81.36	26.67	112.75	29.85
35.31	29.04	65.66	12.44	5.77	39.56	14.43	11.94
91.94	1.16	15.8	30.76	58.54	5.79	73.76	12.26
19.33	55.03	42.94	41.66	43.07	51.13	68.53	9.2
7.44	3.44	40.26	19.64	33.7	5.89	9.58	17.43
1.11	4.32	8.74	1.19	2.03	6.33	2.15	2.04
55.8	3.34	66.09	76.43	19.58	50.98	97.26	73.38
88.59	17.52	102.76	43.2	11.28	34.95	87.61	49.24
1.74	1.79	4.35	3.91	7.71	18.55	4.42	3.68
26.15	6.33	30.37	6.75	28.92	23.97	16	22.44
3.44	4.03	6.81	20.23	1.17	4.77	25.55	14.18
19.06	12.9	122.33	1.9	126.48	15.29	10.05	38.86
23.11	19.01	8.39	38.08	40.39	2.18	8.26	1.34
2.6	9.72	4.67	14.88	6.25	5.85	9.11	2.61
33.18	36.48	22.53	12.47	9.13	22.91	42.27	32.77
19.62	10.55	21.89	9.64	8.64	41.43	6.04	10.44
252.63	219.01	34.68	85.97	9.74	76.79	83.46	43.33
15.42	29.39	142.44	76.89	45.96	134.04	92.92	49.09
45.56	62.5	269.38	95.6	178.35	182.21	130.42	185.24
7.3	13.51	11.43	7.73	2.39	2.21	1.63	20.69
143.82	46.2	67.77	4.19	49.97	32	144.28	22.68
2.23	39.18	11.14	3.25	5.02	11.13	18.01	14.82
29.71	71.64	38.89	33.09	8.82	3.31	50.51	48.83
1.3	2.42	6.13	3.47	4.93	6.25	4.91	17.54
9	3.67	36.84	37.83	25.88	65.64	7.88	20.58
9.77	4.56	9.13	8.21	6.42	5.29	4.59	14.36
40.7	30.58	1.54	77.29	27.07	9.23	32.92	42.52
2.07	8.94	11.43	15.62	32.19	2.89	16.77	9.48
11.5	19.34	24.18	28.45	44.47	7.15	48.86	16.33
6.5	16.23	10.47	13.8	3.16	9.8	10.65	7.22
13.74	13.03	22.84	67.88	6.2	82.69	26.57	39.17
22.61	45.87	12.02	45	3.03	44.86	23.64	63.19
8.72	17.38	2.8	1.93	8.67	1.74	9.02	3.4
4.88	1.89	10.53	9.65	3.29	4.82	3.73	10.81
1.47	47.32	19.41	8.31	19.99	16.19	14.59	33.95
35.23	58.26	65.38	46.78	21	42.99	100.23	31.63
13.28	17.88	80.24	7	31.96	46.67	20.68	85.17
8.94	9.04	54.13	25.71	3.02	3.41	10.54	31.01
5.21	8.06	1.4	7.54	2.78	4.1	3.55	2.58
127.94	2.86	35.65	31.55	5.32	111.23	15.67	82.32
12.13	3.92	3.62	8.02	5.38	8.89	5.32	5.21
37.75	1.95	15.55	3.69	31.82	36.75	11.52	21.1
8.36	28.87	5.21	3	45.24	52.66	37.04	115.22
23.86	3.15	2.09	3.26	2.56	4.63	1.26	30.1
46.41	101.94	15.26	40.21	31.64	185.94	27.55	43.32
24.3	37.06	61.39	21.15	6.71	6.36	17.42	3.31
4.04	4.58	18.89	9.75	9.85	6.5	12.61	1.21
2.49	20.1	8.38	37.94	180.76	81.19	71.88	12.5
6.78	3.61	20.38	9.15	18.81	17.08	8.51	26.34
33.61	15.26	3.55	9.35	37.57	21.64	21.25	9.07
3.41	1.3	6.46	52.39	30.08	33.95	33.72	15.23
12.43	27.89	4.59	36.9	17.05	12.88	24.06	24.29
10.89	20.04	31.98	37.91	6.69	49.3	21.16	38.61
83.49	10.17	66.54	83.91	52.18	72.05	24.07	53.8
255.57	290.36	226.28	16.68	269.94	66.02	34	83.82
113.69	2.48	61.33	45.54	69.88	15.39	100.88	6.46
1.17	4.67	7.33	48.09	6.33	66.03	5.94	12.16
3.99	1.11	1.79	2.61	1.56	2.57	1.36	1.13
4.31	1.96	1.82	2.24	1.73	1.06	1.12	7.63
1.77	13.83	16.07	10.2	5.15	4.01	1.66	2
5.51	21.11	6.63	8.88	24.87	19.65	18.2	35.45
25.25	1.47	36.68	77.79	12.1	3.28	22.96	25.66
11.42	6.96	15.79	17.32	2.66	26.39	22.67	2.5
117.56	71.79	165.88	18.78	7.73	22.43	36.96	76.37
70.84	8.95	20.6	31.15	6.52	18.2	7.87	48.7
27.03	180.56	6.05	161.77	78.68	21.44	83.59	246.24
5.91	5.54	15.3	1.17	8.05	5.1	5.93	19.27
1.1	1.77	5.49	2.29	5.21	2.19	1.72	3.6
25.32	65.49	10.1	39.61	94.84	12.25	6.18	1.3
15.5	5.95	1.71	1.65	19.86	13.3	8.1	40.71
7.51	3.65	36.17	18.92	12.62	26.89	9.39	1.87
13.65	26.29	1.52	20.13	13.89	8.6	4.24	74.36
11.82	1.37	3.63	2.52	8.17	2.95	1.49	14.6
14.57	49.44	64.58	22.53	33.71	33.96	4.68	15.37
5.19	40.13	21.45	6.58	58.21	27.68	37.54	39.01
15.04	5.54	3.06	3.13	8.4	1.35	19.54	1.95
83.26	92.22	121.89	149.67	142.06	151.61	53.98	265.6
2.63	20.46	1.3	3.18	5.21	5.15	1.17	2.05
21.6	43.62	45.82	21.49	57.96	2.33	82.22	48.32
40.13	55.06	16.88	47.19	16.39	53.4	80.84	15.55
26.19	5.04	120.3	26.43	17.05	8.57	24.38	26.03
4.21	10.58	4.9	3.18	1.3	1.53	2.29	3.42
101.53	69.99	8.52	46.96	81.14	67.35	15.42	39.42
21.04	1.25	2.46	1.02	7.31	43.5	10	85.35
18.81	207.46	4.69	36.58	46.81	57.7	29.36	35.67
3.83	8.07	2.49	5.74	21.2	7.91	1.44	2.37
9.81	8.94	6.98	4.1	8.37	22.38	3.31	22.97
11.44	44.97	18.75	15.95	7.84	3.78	23.94	16.3
12.31	33.56	40.57	21.68	32.78	29.91	6.26	23.58
12.75	33.25	38.14	6.25	44.46	180.32	21.04	135.89
48.21	58.27	42.52	1.59	67.2	2.57	88.6	87.67
256.09	145.03	83.46	276.24	180.01	142.39	57.48	46.97
1	14.15	18.86	6.95	5.96	11.17	9	32.41
12.52	45.65	5.47	4.48	2.47	1.02	3.82	6.38
22.81	36.05	135.42	3.89	25.12	1.19	20.68	58.71
13.95	39.37	3.36	33.56	62.15	8.7	21.72	8.4
13.15	13.88	31.69	15.29	8.26	7.11	14.71	11.84
11.61	4.33	2.91	23.21	17.03	3.41	11.1	4.17
24.22	8.92	29.52	178.82	47.05	51.66	11.49	61.32
2.62	8.62	8.18	6.17	4.21	5.9	2.01	1.23
1.2	55.07	4.77	7.23	34.74	31.48	2.31	8.49
4.74	11.16	5.83	6.08	17.82	3.91	2.21	4.11
20.14	9.2	9.23	1.54	18.94	13.53	54.69	21.29
99.56	135.27	140.75	79.91	200.05	155.02	10.03	25.01
44.94	9.36	19.55	7.15	34.53	129.73	69.97	42.38
31.22	65.26	64.78	22.52	13.87	25.87	25.54	109.76
1.22	4.45	5.89	1.51	2.74	8.46	1.72	3.64
296.18	65.9	223.54	109.56	118.28	207.55	323.47	369.61
33.34	17.4	40.55	4.6	35.78	46.83	19.08	5.86
4.91	12.32	15.7	14.79	35.03	23.91	9.82	23.16
13.96	9.42	3.31	1.67	12.14	2.66	10.39	17.26
10.47	9.98	23.07	12.48	11.71	36.35	17.23	77.65
16.72	66	27.43	16.63	4.64	10.63	9.31	14.47
72.37	22.96	25.46	27.15	67.01	35.54	77.2	11.6
4.71	1.46	5.11	1.34	5.57	2.38	3.02	1.43
11.81	14.25	22.04	21.17	14.7	6.67	7.92	8.04
17.36	10.54	12.32	2.64	12.15	33.49	9.06	47.63
60.07	17.69	75.73	3.45	20.69	48.71	15.52	7.52
6.47	25.37	29.86	9.56	24.18	11.41	18.31	27.19
3.35	15.1	5.84	12.5	10.38	1.99	37.2	1.9
7.77	2.2	23.14	8.54	16.99	15.08	8.79	10.02
87.32	11.3	89.9	49.29	109.76	29.43	28.66	16.98
12.61	6.21	27.51	37.92	2.02	1.39	22.72	19.65
15.36	29.67	10.83	180.63	51.99	14.83	12.86	76.08
36.83	8.08	11.48	7.82	2.72	6.87	16.11	23.11
85.85	63.23	22.64	59.06	78.5	31.52	3.09	156.26
35.92	112.12	43.86	13.14	16.82	43.3	44.73	51.14
6.65	6.62	12.11	22.46	12.47	4.82	17.13	5.97
8.58	8.02	18.11	30.39	35.04	29.29	18.49	41.64
23.64	1.27	4.47	16.74	2.59	7.8	22.61	10.35
20.23	22.54	32.81	51.97	30.26	14.49	35.61	35.47
8.74	75.23	94.69	12.79	14.91	17.2	1.01	12.23
21.48	3.45	28.33	2.2	6.31	2.02	28.59	17.35
8.35	8.03	5.19	3.32	3.6	5.6	1.98	10.63
2.82	12.98	3.85	15.79	27.36	27.92	45.12	12.59
34.03	36.88	12.03	20.13	50.56	65.38	4.58	73.95
35	32.3	68	104.39	49.27	50.16	98.4	45.58
19.83	20.35	67.86	75.54	44.33	54.91	37.52	31.16
3.22	19.44	60.03	61.08	23.82	8.96	10.28	56.3
9.11	6.09	2.83	10.84	6.57	21.34	10.87	2.6
57.71	4.84	23.47	15.46	32.11	64.32	28	2.83
71.45	39.41	2.76	43.93	63.46	65.7	88.96	64.62
9.9	10.24	50.08	31.74	9.94	10.63	17.87	54.15
76.24	6.39	168.36	69.52	48.47	165.41	79.25	41.39
2.79	3.33	3.74	7.52	2.78	3.81	10.96	30.05
18.59	4.94	19.39	19.91	14.07	3.76	12.45	23.71
25.48	29.95	29.07	5.19	5.82	34.25	12.74	14.45
45.51	26.76	62.68	11.04	29.94	2.24	7	3.23
2.62	11.43	38.54	11.09	6.44	19.6	3.81	20.95
36.61	16.18	25.36	30.38	19.9	7.49	43.22	19.92
52.72	33.81	6.42	4.7	28.31	18.37	18.13	26.49
2.06	1.47	1.39	1.99	1.58	2.9	5.22	3.94
3.24	18.64	23.35	1.58	20.26	4.2	2.2	1.17
2.22	6.13	1.5	7.08	4.82	11.38	7.63	5.46
9.54	4.52	8.45	15.93	7.9	5.19	2.56	8.79
510.33	27.66	107.7	54.77	26.11	39.32	33.37	1.41
29.03	5.45	74.58	12.56	19.97	62	10.97	9.47
4.01	11.47	10.34	1.99	10.99	13.23	14.03	5.54
2.17	2.93	2.5	4.16	4.3	1.8	2.31	3.49
2.73	1.26	9.94	8.92	3.99	12.99	11.74	2.77
8.82	3.47	2.03	3.41	1.98	3.19	4.27	2.54
12.62	25.52	12.2	6.23	18.59	36.42	6.3	9.61
16.04	10.22	10.4	10.11	2.86	1.07	19.03	11.56
10.4	11.09	31.52	61.3	8.81	19.32	18.56	45.77
2.1	17.31	7.1	53.93	4.01	9.4	8.01	13.58
4.45	8.63	6.91	10.81	6.37	4.83	6.28	4.08
48.28	17.38	224.13	38.6	112.36	64.84	3.02	29.85
3.38	13.51	33.06	48.2	9.65	1.88	21.5	31.96
7.49	87.23	51.82	61.91	21.18	6.73	66.98	10.97
2.29	4.76	1.74	21.36	2.45	2.11	1.7	5.91
49.55	47.42	27.9	3.04	11.32	11.92	45.41	60.22
18.76	8.02	1.71	4.92	13.5	1.25	17.23	9.35
20.43	2.22	2.9	1.66	17.3	7.4	13.94	16.1
10.72	9.85	40.9	28.01	3.21	35.56	47.42	64.12
4.52	7.49	7.95	1.8	3.06	6.28	15.75	14.62
2.41	3.29	4.48	1.36	3.67	11.99	1.1	4.89
9.66	7.94	1.92	7.17	2.98	4.04	10.19	2.02
19.89	11.69	51.38	51.2	6.29	20.81	89.14	17.91
11.32	51.26	174.16	93.83	32.33	65.06	4.28	117.73
40.43	72.54	16.49	60.52	77.25	8.3	144.28	38.96
21.73	24.71	20.25	25.25	93.29	120.32	40.68	87.85
17.85	23.86	106.27	36.24	7.95	15.11	17.96	30.77
14.34	81.97	16.95	134.86	10.25	10.93	25.69	89.04
100.4	68.04	297.17	31.98	155.39	18.27	56.99	312.82
2.07	6	2.85	7.24	1.42	5.74	7.08	7.51
134.36	3.05	71.9	69.39	10.58	22.82	50.15	9.7
90.88	79.29	28.42	51.08	52.3	13.66	72.99	98.76
6.04	233.59	22.62	47.6	44.71	29.62	101.93	3.29
3.53	19.19	15.11	3.87	4.51	13.76	3.49	10.73
117.13	97.47	40.93	159.35	53.7	171.21	34.75	59.89
3.61	1.62	2.46	2.97	6.31	1.74	21.53	5.43
23.69	1.54	2.86	9.19	131.26	5.14	31.05	15.16
17.94	31	7.34	3.48	29.79	56.3	1.96	33.46
42.48	27.27	26.94	2.69	4.86	5.26	81.33	22.21
2.89	1.89	1.94	2.07	4.05	3.28	2.83	10.92
4.81	20.57	16.41	2.3	3.7	7.38	27.69	11.37
5.73	162.43	27.34	17.54	72.04	13.84	69.45	89.68
33.98	38.2	35.92	32.33	51.43	28.87	17.5	17.01
13.31	48.05	37.04	3.76	108.3	100.88	70.22	5.19
14.87	34.49	11.97	42.91	1.47	24.97	40.97	65.05
17.8	28.3	25.99	28.15	10.54	13.61	4.56	49.85
3.99	14.15	11.3	8.37	11.41	26.76	4.67	34.48
11.17	7.68	2.59	8.8	10.93	9.88	1.33	2.32
9.38	25.6	8.36	4.59	13.06	15.19	4.14	5.05
4.46	21.99	27.59	6.6	9.25	8.92	8.45	9.96
10.6	13.46	9.61	46.02	64.89	85.54	39.17	45.11
1.91	1.02	12.68	4.32	10.9	15.96	12.68	52.81
14.17	54.43	5.95	4.96	14.14	7.52	33.85	3.39
13	3.01	85.01	99.99	28.18	26.53	15.38	12.62
19.68	82.96	22.81	4.78	19.48	11.19	25.51	17.1
1.51	6.09	2.66	1.73	3.16	8.1	4.68	1.64
3.73	77.22	159.75	49.77	102.54	35.48	161.81	27.91
4.87	1.9	6.41	10.64	4.15	12.5	1.63	3.01
1.78	7.4	2.43	1.56	5.94	4.45	9.37	7.73
16.5	36.97	76.14	20.05	31.5	4.57	26.88	54.06
13.84	4.34	19.99	25.74	7.4	7.98	14.48	25.28
20	596.08	16.34	89.9	64.22	63.35	244.98	6.23
13.68	7.57	59.84	30.13	35.34	49.11	19.62	56.26
3.47	2.77	5.46	1.08	4.65	1.67	3.1	9.58
39.53	9.59	28.7	20.59	6.44	2.59	11.77	6.33
22.26	49.57	22.98	43.58	26.77	34.32	56.23	16.13
67.66	19.36	1.49	232.35	114.8	63.62	42.68	92.86
94.99	6.29	113.42	43.07	66.65	50.13	96.21	39.64
120.23	100.71	6.3	36.67	37.07	13.45	45.68	16.2
4.3	13.74	18.09	9.63	2.59	7.02	9.05	14.06
13.47	7.94	42.6	4.25	8.13	2.54	3.33	20.17
29.03	1.08	39.61	41.92	56.59	341.37	9.88	44.77
10.73	3.63	25.35	4.82	18.97	3.6	5.2	7.01
7.03	3.77	3.55	15.87	117.97	11.05	21.73	15.07
12.35	5.92	9.3	1.17	2.07	1.45	4.94	1.64
4.19	1.98	5.03	15.66	2.58	1.35	2.52	6.27
86.72	4.64	3.24	10.43	7.83	10.29	29.03	20.01
137.69	15	14.82	212.3	29.9	21.78	6.19	43.47
9.85	3.79	12.4	1.87	3.48	14.31	44.76	20.7
40.63	154.5	72.54	76.78	19.64	143.3	14.98	106.87
30.45	32.05	7.78	15.02	47.99	55.87	11.71	54.43
2.5	1.59	5.73	7.61	4.88	1.46	13.18	1.8
58.01	108.4	59.55	56.17	39.82	33.2	35.12	1.3
43.18	93.6	137.76	9.77	27.09	33.63	56.76	91.57
43.1	8.2	31.37	35.38	9.32	24.01	16.44	27.42
14.56	67.67	18.08	32.68	7.19	22.66	15.92	54.52
18.25	1.66	20.29	21.35	21.81	4.97	22.25	14.99
61.88	120.51	109.25	128.25	114.54	139.99	71.56	31.78
28.08	7.63	7.06	38.62	5.59	2.16	22.07	9.91
14.98	27.41	7.68	16.86	34.05	83.39	110.19	21.97
15.57	23.49	65.66	32.87	49.37	42.62	113.1	415.65
9.19	1.44	20.25	17.15	125.51	32.94	6.1	2.71
37.57	8.26	1.34	50.13	7.77	64.04	24.82	2.88
25.36	20.74	26.5	3.05	36.87	38.54	14.72	25.81
9.85	24.13	32.9	14.76	2.96	38.1	134.08	6.7
21.73	26.32	26.38	15.75	136.63	30.51	57.48	104.12
3.56	2.18	4.21	12.12	2.44	4.27	1.39	1.99
11.9	3.49	9.78	2.75	6.03	15.67	12.89	2.59
3.27	4.2	10.48	4.34	1.39	2.16	9.13	12.09
12.93	32.75	9.74	29.94	12.35	11.7	3.18	5.28
9.55	4.59	31.23	20.08	28.88	17.06	14.18	6.39
6.18	24.5	6.47	43.31	1.03	6.7	3.5	15.46
41.98	18.57	4.1	11.21	44.83	41.08	5.53	6.67
19.24	30.28	4.6	67.71	31.45	38.01	18.56	8.22
7.83	4.6	4.07	1.53	6.1	6.16	6.01	1.57
35.61	5.55	33.24	7.23	28.49	48.88	106.68	29.5
40.76	17.61	66.42	9.95	21.11	9.6	13.31	52.43
5.56	3.02	11.12	17.72	18.73	8.45	1.49	12.51
5.98	8.51	7	14.2	1.19	10.28	6.19	17.56
3.49	11.95	8.05	8.66	2.34	21.81	5.71	16.99
100.7	9.17	18.77	9.6	26.59	30.07	1.46	19.31
6.2	1.96	3.23	5.89	1.72	1.6	2.88	4.79
14.55	3.05	50.78	17.04	9.47	4.78	18.19	30.99
6.74	22.72	9.24	17.97	11.21	2.44	56.44	18.94
23.33	16.23	6.34	37.85	42.66	1.13	24.88	70.44
101.11	4.82	3	61.69	21.29	220.1	43.61	57.11
9.44	7.62	6.31	2.4	2.95	7.28	2.75	1.87
148.29	37.98	7.61	125.18	11.76	3.33	2.96	15.26
174.47	227.62	117.63	27.91	14.47	74.96	83.53	29.63
10.21	4.32	2.74	5.26	5.1	2.89	4.94	14.23
29.63	27.42	44.12	93.55	191.2	159.19	17.08	103.23
66.91	19.04	5.06	34.1	2.74	10	22.11	35.69
35.55	10.75	34.68	183.22	23.73	60.46	11.09	32.94
3.32	4.24	1.89	4.69	8.5	2.05	1.25	4.63
2.88	1.03	2.17	1.8	2.93	4.34	4.4	4.12
23.68	63.67	108.83	49.8	41.05	52.36	70.67	39.99
10.47	7.55	10.21	8.55	7.8	9.62	2.79	4.56
16.71	11.46	7.76	26.54	6.1	3.29	16.76	4.33
3.28	6.06	2.96	1.27	1.11	1.85	1.77	10.01
16.16	7.15	7.77	4.63	28.72	1.17	1.13	4.54
90.54	220.35	68.42	76.26	221.42	76.83	65.18	140.61
4.57	4.65	1.62	4.19	3.54	2.44	1.89	5.61
9.91	64.9	83.15	85.34	188.97	24.15	45.86	83.43
80.37	41.23	60.02	83.94	118.41	38.98	1.21	70.48
115.86	15.66	12.31	220.4	8.34	24.87	42.03	47.93
1.83	2.26	2.8	2.11	7.62	2.11	5.39	2.82
3.26	4.02	6.42	1.4	12.94	3.43	4.85	9.72
1.25	11.2	4.38	10.31	27.32	15.3	16.84	8.71
122.62	64.74	83.08	42.01	54.42	117.57	11.64	76.92
5.7	46.1	5.03	4.46	18.1	14.03	9.05	13.65
8.01	9.68	3.08	30.5	4.27	5.26	32.94	12.25
7.98	49.45	16.54	7.54	7.66	27.9	1.46	6.31
26.1	21.41	62.25	2.87	3.99	17.42	48.95	18.82
71.08	117.28	75.49	63.2	170.64	16.07	1.51	181.67
53.45	29.79	23.95	5.11	108.42	30.73	5.4	11.86
8.77	2.81	13.65	4.4	28.02	29.55	31.89	17.16
1.74	44.88	15.91	56.1	7.91	5	44.08	97.08
6.1	7.29	10.74	15.99	6.16	16.56	11.22	4.06
1.34	8.33	4.09	4.34	2.43	3.69	45.49	7.32
163.1	47.47	169.74	107.41	46.76	6.29	22.85	40.1
9.31	28.76	32.94	25.88	19.14	25	37.38	3.42
39.63	55.94	52.86	21.61	30.35	14.05	40.29	1.86
580.88	27.19	165.23	108.3	36.5	119.12	188.53	17.99
3.25	5.13	2.08	2.36	1.54	2.15	1.41	1.2
3.57	1.52	11.2	7.05	29.16	7.96	8.45	9.64
75.28	3.34	17.92	30.51	18.73	8.55	27.45	15.87
36.92	10.16	1.89	12.67	10.7	9.11	4.35	27.62
95.2	28.98	27.01	23.6	29.35	105.81	4.22	7.82
36.4	158.78	222.05	13.04	6.87	189.44	57.18	182.96
16.26	10.46	3.79	38.44	11.98	4.16	5.92	9.84
52.09	7.06	11.87	75.45	38.78	20	30.67	10.98
45.49	30.85	77.33	31.92	105.64	101.62	74.2	93.4
36.29	48.05	70.28	89.98	6.77	20.54	42.04	11.98
18.54	181.57	17.52	133.07	163.1	66.13	30.55	39.61
50.35	4.64	32.41	17.26	45.98	18.27	53.9	31.61
17.13	15.16	4.75	5.84	10.41	12.09	29.17	18.08
55.42	64.85	46.84	66.03	126.58	111.35	30.26	14.55
1.59	1.24	7.54	7.75	2.72	2.87	1.64	1.97
133.15	6.12	16.3	30.06	21.62	27.15	42.09	17.95
6.14	5.18	1.66	7.64	10.44	7.41	12.82	6.3
3.73	16.51	12.36	3.55	37.79	12.24	14.18	17.89
3.7	3.19	2.92	1.58	2.28	1.46	2.32	5.23
11.55	83.72	44.16	44.15	12.85	18.05	3.01	39.77
7.95	9.52	6.85	8.34	1.94	9.25	3.05	10.7
3.51	62.35	28.33	12.44	36.21	74.07	18.64	2.61
3.93	16.96	123.82	70.96	10.72	50.81	5.52	50.44
18.98	17.43	62.73	12.6	38.96	3	17.94	3.95
51	2.06	12	3.47	29.12	76.26	27.43	10.71
9.87	29.04	10.1	4	29.71	10.63	4.18	7.9
3.05	23.96	3.4	8.23	18.84	3.75	23.28	25.88
5.28	19.74	26.58	28.98	110.96	23.79	74.17	7.79
78.37	90.45	19.58	83.39	37.93	21.83	107.27	34.14
1.3	2.54	1.09	8.64	2.61	6.11	2.01	7.2
60.01	33.23	28.7	18.07	37.92	37.43	133.03	124.12
8.94	23.04	9.6	6.7	1.13	4.59	17.91	29.92
8.3	4.32	11.87	2.42	2.02	3.81	2.4	1.14
8.95	20.18	72.92	24.96	5.76	1.63	17.73	4.96
2.88	3.51	11.95	3.87	3.72	2.12	1.03	4.43
4.32	5.8	6.1	1.86	2.34	10.47	3.39	17.72
71.33	31.82	6.94	185.3	45.22	44.53	58.75	65.24
27.23	18.19	27.06	5.35	3.9	10.56	30.13	26.08
20.61	12.06	78.83	1.94	5.6	3.71	12.55	7.75
3.53	4	4.47	3.95	4.41	4.34	2.56	3.15
4.94	21.1	7.73	35.51	25	9.54	13.57	60.79
18.61	5.29	27.21	1.04	27.31	35.78	11.31	70.03
7.57	13.17	4.01	7.91	25.26	11.08	11.63	4.46
9.23	1.99	1.05	9.69	9.08	16.16	2.11	2.48
14.23	20.57	19.98	9.82	11.65	1.03	34.46	29.63
11.06	18.42	58.32	197.48	113.56	32.95	107.53	121.73
88.82	37.65	29.99	13.7	17.2	26.13	14.6	11.53
365.14	225.57	20.07	267.87	182.86	33.59	87.57	143.39
31.03	15.09	14.97	13.79	21.35	123.58	8.34	19.86
17.14	14.93	14.56	39.74	39.95	68.22	4.79	11.79
61.19	39.17	3.86	12.89	47.07	24.9	66.35	19.66
15.15	22.84	26.5	35.51	48.82	7.63	63.41	8.99
14.47	10.46	2	42.85	1.7	16.41	14.34	30.27
51.45	176.53	75.3	163.53	16.2	60.96	7.42	11.26
22.48	29.33	22.91	5.07	26.12	13.83	30.67	42.36
13	3.54	5.89	10.39	15.44	3.8	17.12	35.54
14.35	18.98	14.45	19.7	26.93	7.43	19.32	5.3
14.31	6.2	3.61	15.64	6.92	9.99	29.46	27.78
3.34	7.39	9.87	20.66	6.55	29.67	10.59	20.37
13.48	27.6	40.7	6.67	10.51	50.62	3.1	14.93
12.91	44.75	11.91	9.81	29.07	11.54	6.29	28.43
12.03	17.76	1.37	2.62	4.59	64.09	20.11	10.44
5.15	6.33	11.49	54.96	11.49	19.26	15.94	7.22
29.9	50.14	13.15	4.3	21.04	8.79	10.92	9.87
28.99	83.76	37.3	73.68	22.72	22.84	138.06	49.43
99.08	13.56	51.04	32.41	6.13	29.29	15.27	6.72
25.19	1.74	18.88	13.34	38.71	2.36	23.78	10.52
9.94	7.98	1.41	1.52	6.94	42.67	1.61	12.96
29.58	34.09	8.78	15.02	5.01	7.72	7.59	12.1
29.26	18.32	38.7	127.02	166.34	15.98	95.45	55.64
5.08	38.32	15.94	58.66	108.47	111.31	88.16	14.46
21.9	10.04	47.82	11.24	1.64	27.51	11.61	7.27
26.05	3.11	7.24	8.92	9.99	13.42	12.27	7.75
33.03	9.72	5.46	13.58	47.12	1.65	18.83	9.7
1.32	2.27	2.92	1.52	1.23	4.81	5.84	5.97
4.64	22.75	1.94	18.41	16.13	13.33	6.88	13.24
30.92	62.02	82.54	8.14	13.95	2.06	7.7	5.47
89.22	53.95	33.58	7.67	12.72	49.07	10.42	37.98
6.53	30.62	22.06	1.68	7.56	13.43	2.55	1.76
1.16	8.87	3.65	7.28	2.59	13.61	9.21	1.94
47.81	38.87	97.87	6.79	18.91	171.73	16.77	35.91
2.28	26.72	123.44	44.43	66.26	36.55	21.51	14.13
26.01	3.49	71.98	31.39	15.99	41.98	13.25	24.28
36.1	10.62	33.05	1.45	22.04	43.78	12.68	3.16
2.77	2.1	3.2	1.95	3.19	1.97	2	1.82
12.21	113.6	98.36	68.89	6.06	9.71	6.19	147.03
3.63	29.15	26.63	5.51	10.66	6.72	7.75	3.01
63.56	13.62	10.94	92.93	6.61	44.43	13.56	27
8.88	24.69	33.36	41.49	28.18	37.14	29.47	25.19
48.32	29.7	17.85	18.87	8.37	94.08	12.55	21.09
6.34	29.83	175	97.38	70.71	110.57	26.49	50.54
31.65	23.72	26.73	9.44	44.85	32.75	13.87	23.19
136.16	6.15	47.79	4.42	66.45	36.95	35.29	4.01
13.68	28.3	6.2	3.95	6.52	11.62	8.52	25.65
204.77	183.93	240.07	5.21	75.98	410.72	224.18	70.44
13.09	18.95	1.98	18.9	6.85	3.69	7.67	1.17
7.1	10.19	37.01	411.07	48.09	167.9	14.93	34.22
3.45	27.39	7.4	3.73	3.88	4.94	6.78	1.75
10	13.46	9.09	1.47	5.54	1.69	1.8	4.82
3	59.19	58.76	53.06	84.5	32.6	7.27	49.52
72.41	18.9	101.29	29.01	135.36	5.45	194.34	66.61
4.42	8.69	28.36	17.06	2.73	14.89	15.17	3.67
84.43	59.12	23.79	7.87	77.36	47.25	31.77	118.7
15.33	76.07	107.67	92.57	24.33	33.74	75.35	19.95
22.04	2.05	19.59	13.32	5.11	13.61	13.36	24.38
1.97	24.28	21.52	1.53	4.52	1.18	5.59	8.84
63.86	67.95	3.6	4.38	5.71	49.84	22.87	10.34
4.61	1.54	8.12	28.28	8.76	4.89	12.37	17.84
42.26	3.34	43.39	106.71	30.39	29.08	60.44	80.53
60.99	5.55	11.15	5.89	38.03	19.65	4.38	32.59
15.89	21	4.82	1.41	4.85	3.95	12.36	9.57
10.94	22.36	1.81	13.11	11.66	7.34	10.24	19.6
7.19	7.21	25.54	11.91	12.05	10.52	1.62	8.29
77.25	30.74	36.78	51.44	191.79	92.82	157.62	346.26
30.68	5.73	5.18	27.32	7.45	15.26	11.77	12.02
6.65	11.45	4.47	2.85	1.18	4.18	18.15	11.22
2.81	13.24	26.57	29.27	24.88	21.58	53.66	8.65
1.22	2.02	6.52	2.51	3.33	2.66	6.24	1.44
2.38	3.58	4.39	2.39	4.53	1.13	11.73	1.78
98.68	98.19	17.5	63.53	9.76	43.41	65.95	7.99
12.86	6.1	2.42	30.72	16.61	48.83	4.34	13.45
43.77	56.69	1.22	47.3	42.61	64.35	57.14	63.98
6.29	1.33	7.54	5.16	2.01	1.49	9.94	14.75
30.1	1.71	4.93	27.46	9.3	11.36	59.79	42.07
41.02	15.51	18.49	20.98	41.82	22.34	8.69	19.32
1.12	1.33	2.51	1.51	4.28	1.41	2.36	1.59
77.94	125.49	8.12	2.26	2.7	44.05	49.78	13.44
36.77	9.4	30.27	8.01	63.24	21.77	42.81	3.33
14.05	3.24	16.24	38.62	71.9	16.14	20.18	40.87
30.34	39.44	6.06	42.33	88.81	19.28	62.58	35.47
41.18	20.18	73.99	11.48	68.47	3.61	41.05	123.4
42.48	7.79	60.57	31.01	24.3	13.93	32.08	117.84
7.12	2.07	4.21	3.23	2.54	3.35	3.3	2.45
41.36	61.83	3.24	10.62	11.92	41.53	31.61	4.43
31.74	10.72	3.99	19.6	26.28	16.36	10.52	1.22
4.6	9.78	26.13	9.69	22.63	4.16	6.18	8.42
186.46	22.87	62.01	36.78	29.23	4.72	12.22	144.17
11.08	12.02	2.34	1.41	17.42	27.68	18.77	17.49
75.62	3.77	20.68	4.32	10.55	86.28	3.69	68.31
4.96	4.88	6.25	31.18	4.43	24.88	9.13	15.88
39.82	27.34	14.27	34.35	11.55	55.82	10.25	14.32
10.17	5.18	2.36	14.93	3.94	17.58	12.49	18.88
96.77	9.76	67.59	46.65	58.71	120.07	26.36	72.88
13.41	11.3	1.14	12.81	8.62	18.27	11.18	38.55
1.95	17.03	13.09	1.47	15.21	38.16	12.42	8.21
65.69	31.05	26.71	43.6	48.46	52.23	20.73	34.03
14.61	52.66	61.82	65.24	1.91	24.92	51.41	46.22
17.43	5.28	1.16	2.42	4.94	2.6	6.11	4.92
5.46	11.73	27.72	2.4	3.16	11.02	12.1	8.41
251.62	83.27	104.1	111.64	225.51	267.42	9.74	117.95
19.39	4.14	14.35	11.15	36.5	38.61	11.1	10.3
19.03	21.26	29.25	21.38	26.78	15.5	43.81	9.95
12.5	47.95	55.34	62.57	4.36	34.35	19.04	20.63
28.37	19.31	3.52	18.25	19.53	19.31	12.58	4.02
6.77	16.48	17.98	6.81	5.36	10.3	30.36	23.43
61.83	33.66	17.46	6.06	49.36	21.48	47.89	10.85
17.59	13.76	1.97	2.88	3.61	10.69	6.47	4.39
116.48	105.92	58.36	90.96	3.52	3.73	79.84	19.19
10.76	18.59	9.12	8.65	4.02	23.79	16.29	33.06
102.2	16.1	116.63	12.62	23.19	39.02	14.31	20.27
16.77	30.85	10.34	7.09	18.42	2.47	3.86	3.74
17.91	12.62	2.7	17.06	7.85	10.8	10.88	10.15
12.22	33.49	24.41	8.53	3.04	5.88	14.24	15.17
23.2	61.67	59.02	20.61	6.07	26.07	23.69	58.45
8.78	13.33	8.83	3.51	14.2	15.87	35.26	18.78
6.56	1.86	18.56	14.7	1.44	34.4	7.46	29.02
11.86	6.66	15.93	33.71	16.06	13.33	72.54	10.99
277.44	30.14	29.3	83.41	2.01	29.22	226.78	24.36
8.43	16.12	6.97	18.86	33.53	2.72	23.94	24.05
37.76	20.25	88.31	9.03	3.5	101.81	6.53	4.33
33.55	21.36	2.43	9.08	45.96	43.01	36.1	60.76
64.85	160.6	69	49.76	148.03	41.63	10.68	26.26
7.02	24.86	18.42	93.03	8.6	10.28	35.67	81.76
13.78	8	51.71	7.3	26.84	23.83	37.6	42.02
84.62	56.14	22.87	62.32	19.69	20.94	79.06	40.89
5.38	2.51	2.26	4.69	2.08	1.78	1.48	5.87
49.21	266.64	4.42	33.41	204.95	6.11	2.82	70.84
4.14	21.35	6.17	84.16	97.75	5.4	17.97	16.23
8.56	8.07	11.73	58.52	59.53	56.29	32.73	3.03
6.1	13.45	1.26	6.61	12.3	11.27	21.19	29.61
48.33	13.55	3.61	43.42	23.9	6.09	73.26	3.23
3.1	13.15	95.68	2.87	12.17	20.17	46.54	6.55
9.09	3.21	1.15	4.19	3.39	2.7	2.41	5.82
13.95	17.28	14.6	11.69	1.96	15.27	14.49	21.87
168.39	99.27	16.74	40.13	21.5	86.53	146.75	409.17
66.82	11.73	65.28	15.81	88.42	9.26	46.65	140.72
20.52	4.61	32.73	26.69	8.88	19.94	12.95	19.26
3.01	9.25	19.87	72.1	105.86	42.87	25.46	44.56
61.39	11.04	134.24	24.49	22.3	50.13	148.85	21.59
1.95	5.63	4.34	3.05	9.97	2.58	5.35	5.79
30.76	78.52	50.97	2.4	14.65	41.72	42.68	3.08
15.18	29.35	186.7	86.28	2.47	78.63	9.74	111.16
3.41	24.38	24.52	29.63	1.3	8.2	30.69	3.19
45.89	124.78	10.27	1.81	151.72	113.87	5.76	203.71
1.25	31.27	10.61	27.79	31.73	3.5	16.44	4.57
9.34	9.25	7.59	3.87	4.49	2.71	8.78	9.15
37.43	97.62	61.21	3.42	13.24	36.87	142.06	45.23
6.7	11.64	30.58	23.77	3.64	22.75	19.87	2.54
22.06	140.46	33.38	37	87.71	44.18	24.82	21.65
14.39	6	4.37	12.32	14.33	75.22	28.12	13.18
8.39	12.41	25.75	12.66	20.47	24.42	7.77	3.09
13.3	50.79	4.07	43.21	6.29	76.7	21.58	10.57
4.95	31.99	6.28	18.58	15.73	3.35	47.5	7.23
8.05	8.05	5.28	2.51	10.9	8.6	29.14	12.05
7.51	2.17	37.88	52.72	7.49	6	5.23	8.92
158.36	13.06	35.41	78.97	3.62	3.09	26.47	16.77
63.61	236.24	14.61	16.26	96.34	58.03	9.75	2.07
21.11	64.8	41.06	16.72	69.88	94.51	4.9	39.19
105.38	29.77	10.76	87.52	35.4	42.27	60.6	96.74
20.24	5.07	17.61	27.26	3.26	6.21	9.52	7.43
6.74	18	7.29	16.24	7.74	18.38	7.32	7.88
3.83	52.5	1.06	39.17	65.93	104.51	95.63	20.21
5.49	72.92	28.48	7.35	27.05	32.9	13.84	33.77
2.19	27.02	5.34	14.31	22.74	17.78	14.76	100.53
12.5	33.31	22.21	17.03	14.84	2.82	3.97	9.03
9.65	7.54	7.94	23.1	8.13	14.4	53.33	8.68
19.17	19.49	106.19	62.05	59.18	3.09	28.28	35.07
18.63	8.04	84.99	2.97	10.39	9.07	54.68	24.53
6.64	7.67	26.36	21.38	14.01	10.73	21.81	26.67
3.45	4.46	1.25	5.08	2.83	3.38	6.99	1.55
19.2	17.04	1.66	19.45	57.83	93.02	25.35	63.37
7.36	1.6	6.41	4.99	17.41	2.57	10.81	19.35
44.37	33.73	10.58	6.64	8.48	11.61	7.67	5.12
20.68	27.72	20.46	14.26	16.46	19.44	15.44	3.91
4.17	7.76	3.55	2.46	4.35	1.82	3.93	3.53
4.89	1.56	2.02	1.64	1.46	7.97	6.29	2.45
8.02	18.73	2.35	10.11	2.05	1.69	2.27	6.84
12.32	49.02	26.06	23.6	2	35.84	5.54	10.4
27.73	84.25	17.91	7.51	26.25	33.19	5.91	140.23
2.35	1.6	2.85	1.84	6.05	1.15	2.61	2.93
9.51	4.33	8.43	3.79	7.89	5.67	15.95	8.74
151.44	3.4	34.06	153.53	39.71	33.22	78.83	43.82
6.33	10.41	1.36	12.3	3.87	1.01	3.38	2.36
70.47	53.42	12.23	60.66	47.17	15.66	15.83	3.74
2.43	1.57	8.3	1.41	1.03	3.94	3.82	2.78
3.25	4.47	1.28	3.31	1.51	1.14	3.2	1.01
1.51	24.19	1.59	7.72	20.78	41.42	9.48	44.31
4.41	10.33	3.77	13.6	4.86	7.89	2.41	1.25
1.33	7.84	5.46	68.64	8.14	5.98	18.98	53.11
2.95	7.44	8.73	7.82	3.33	10.62	4.22	2.79
13.08	6.81	5.86	2.24	7.14	7.92	6.27	1.98
1.71	1.37	5.69	1.02	2.82	3.14	4.31	3.04
8.37	7.05	16.98	10.59	9.25	17.51	24.43	4.71
8.12	5.48	7.61	5.17	5.47	1.1	1.91	4.82
89.98	16.11	37.61	63.55	15.6	29.07	22.94	3.5
8.22	7.55	30.82	3.62	1.81	1.17	3.38	1.26
1.51	3.11	1.44	1.2	2.14	1.07	2.14	1.49
73.47	16.11	36.52	185.69	77.63	44.7	59.53	20.58
22.32	16.8	21.85	9.57	2.35	16.25	16.13	19.77
34.83	30.8	34.23	24.5	6.69	58.83	55.18	74.45
1.55	32.85	3.09	8.54	11.82	6.76	23.46	60.08
144.16	22.7	134.05	84.79	9.17	207.39	143.54	22.48
62.49	90.17	25.26	4.03	119.98	11.76	15.21	7.26
7.62	3.91	3.67	15.89	32.96	32.39	25.5	24.02
15.63	6.31	77.38	40.46	238.58	2.52	31.97	27.41
3.33	1.87	1.47	3.44	2.13	1.19	2.06	2.14
61.33	120.57	18.18	25.9	9.82	28.2	6.54	5.58
3.35	31.37	23.7	12.62	1.63	14.12	5.92	2.34
39.64	2.74	2.49	50.66	2.37	48.38	76.29	16.67
29.88	22.65	13.84	45.92	21.26	3.7	10.78	30.95
11.4	5.22	12.08	2.3	2.29	2.98	2.81	5.84
2.6	3.77	4.68	2.93	1.64	1.66	4.57	1.38
1.58	2.94	1.81	1.38	1.52	1.49	1.18	1.02
11.13	13.53	54.04	36.1	10.82	13.5	25.83	55.67
7.21	19.9	4.04	87.35	17.5	86.21	2.92	21.44
5.52	9.88	3.19	9.71	2.46	5.66	6.54	7.68
3.29	23.49	15.31	20	20.35	9.48	11.29	5.74
16.56	9.46	2.22	15.75	31.36	7.21	14.61	5.5
63.09	53.58	12.7	10.53	50.71	90.15	65.63	2.1
6.98	9.31	7.47	1.71	1.93	4.85	5.11	1.12
50.5	21.46	15.96	4.01	29.87	23.12	19.7	9.11
150.38	10.61	29	20.85	70.52	45.09	50.21	3.67
54.05	1.29	52.3	20.9	40.53	227.52	44.97	124.95
8.27	10.51	4.73	1.27	1.26	7.68	1.37	5.48
4.49	2.59	5.02	16.23	1.38	5.24	10.32	1.36
25	83.72	23.09	75.74	19.3	34.37	39.56	13.82
70.18	48.22	404.37	54.46	20.04	46.06	179.54	18.31
14.59	3.46	2.65	8.68	26.97	8.29	9.4	9.65
2.08	9.81	9.37	17.5	21.14	9.55	18.45	70.5
1.79	2.08	2.45	3	2.5	3.05	1.14	1.22
18.07	11.62	16.39	7.93	13.44	53.96	2.36	6.87
16.04	87.26	30.65	5.97	12.74	97.04	18.97	122.68
81.86	5.09	50.08	10.04	42.92	21.92	5.1	6.62
69.51	180	44.91	12.19	66.94	2.69	18.65	31.42
11.92	45.82	4.36	52.47	3.02	21.43	1.35	19.51
2.68	1.09	10.16	2.71	3.35	2.35	13.45	45.91
5.32	7.41	5.77	21.86	8.79	5.88	8.2	1.81
7.51	9.99	1.24	1.29	5.56	15.46	12.4	34.77
10.33	5.23	8.76	3.52	4.03	14.87	4.15	12.43
92.68	35.65	9.89	11.49	89.51	27.63	34.61	84.12
8.02	25.54	7.19	17.7	48.9	3.75	78.72	9.14
10.66	241.75	18.85	57.71	57.81	117.8	42.9	26
35.66	179.88	24.79	10.45	217.68	43.26	26.12	70.52
76.59	24.71	54.96	35.04	202.95	108.33	98.18	62.09
7.41	8.04	19.97	8.33	2.23	9.7	17.97	24.8
103.68	29.08	6.82	61.27	9.03	84.85	37.85	1.53
99.92	46.55	29.02	30.09	147.96	12.63	109.24	29.22
11.03	23.57	18.71	20.72	7.54	63.92	43.33	8.44
13.07	40.39	86.53	40.9	15.67	139.23	20.36	5.01
2.26	69.87	12.41	18.42	8.34	39.09	19.95	13.72
24.76	7.5	33.15	20.07	26.9	8.98	14.46	126.79
142.86	20.81	15.46	251.99	35.02	8.03	33.65	29.74
23.79	7.66	4.97	5.67	1.05	17.92	38.94	31.27
1.61	12.39	10.36	46.13	2.35	1.1	2.92	26.96
4.62	1.62	10.05	8.79	12.45	3.58	5.8	14.17
45.1	75.73	19.8	15.52	28.06	51.91	6.87	39.49
6.83	18.44	20.26	12.34	25.68	1.55	51.91	23.96
4.41	1.6	1.79	18.09	6.84	2.06	1.49	1.8
14.77	4.04	10.23	5.83	7.89	7.83	5.82	7.37
13.66	66.18	28.99	13.03	13.16	16.75	13.88	22.58
105.15	32.19	19.48	94.21	127.35	9.86	52.8	55.98
11.04	35.44	5.08	21.25	36.06	46.59	92.16	18.46
9.85	9.21	14.75	3.63	7.06	11.63	8.31	6.3
22.51	9.25	4.01	13.44	4.4	36.81	6.34	33.58
219.81	138.18	41.1	50.16	9.51	4.41	200.6	15
92.1	31.16	48.33	33.06	27.23	31.91	12.06	16.09
12.58	110.52	31.31	10.71	24.99	39.25	65.43	8.39
5.43	3.78	50.3	39.28	1.96	372.02	63.51	44.45
23.75	42.49	131.19	28	18.33	62.34	39.2	57.82
21	1.68	3.55	21.39	14.67	3.96	20.12	14.57
34.18	22.98	38.32	27.77	25.8	40.48	101.45	8.73
77.4	84.44	31.5	21.04	36.61	7.41	62.06	8.36
36.9	16.33	1.83	7.95	6.82	4.18	1.05	13.59
72.09	15.46	7.29	1.3	63.16	8.54	95.6	31.9
8.73	14.68	38.27	94.17	56.68	68.42	81.14	47.19
10.16	10.18	2.13	5.95	3.06	15.03	6.15	9.17
181.04	136.34	89.52	96.32	255.64	44.79	313.41	42.33
16.53	38.26	15.01	20.66	14.33	13.26	15.02	9.14
16.96	10.29	3.48	8.07	28.91	18.08	42.9	13.98
110.89	82.87	29.41	14.19	47.1	42.17	3.3	50.55
1.22	1.22	1.15	2.29	1.12	2.81	2.39	6.99
19.45	33.02	243.56	146.97	108.01	72.84	72.65	14.61
9.31	10.52	51.89	21.04	16.37	18.86	27.36	15.65
36.54	32.75	13.54	6.06	5.16	10.53	38.14	22.7
14.99	6.27	25.58	26.44	26.12	3.77	11.91	9.58
199.3	170.73	100.07	106.15	15.75	186.93	121.4	426.69
19.15	11.17	28.16	16.32	2.16	22.53	26.35	15.22
15.38	21.59	1.03	5.59	6.51	17.3	1.38	15.36
59.86	6.1	13.21	119.9	58.52	87.04	58.42	67.72
7.72	35.94	6.7	3.38	5.82	3.47	20.42	6.93
2.5	1.77	1.32	1.98	4.25	4.03	1.01	4.62
109.85	44.1	116.54	80.31	26.51	42.44	4.21	31.19
18.68	114.11	76.13	36.11	46.78	42.51	40.29	76.23
3.67	4.02	11.42	7.63	6.43	9.22	4.39	4.2
36.51	2.83	1.8	4.66	2.33	15.12	20.74	7.57
50.36	76.03	27.38	14.55	72.39	68.57	11.9	79.99
37.62	5.02	65.5	32.54	20.42	32.5	36.39	10.99
103.88	60.89	115.58	14.13	96.71	12.85	35.03	28.38
2.56	1.14	2.43	3.78	1.42	2.28	1.38	2.87
61.31	14.26	9.37	13.2	51.97	8.99	28.67	6.81
4.53	2.25	3.25	8.59	1	11.86	1.65	6.72
1.95	2.93	10.36	4.93	7.04	6.03	6.24	14.69
27.5	24.05	54.95	13.39	41.82	2.37	14.83	18.95
22.54	49.3	27.81	8.85	20.67	13.39	26.09	5.06
76.95	3.32	17.87	41.74	51.61	67	51.79	63.88
65.21	82.04	78.52	131.67	96.49	176.88	11.44	52.38
7.92	8.65	41.28	20.53	22.09	1.96	3.1	16.63
10.94	28.12	6.37	72.5	26.52	39.86	18.38	9.85
13.79	1.91	10.97	1	2.68	2.34	8.62	2.73
2.14	10.68	24.2	6.99	1.73	5.83	8.36	4.58
2.62	2.28	8.12	6.64	4.32	1.19	5.16	1.59
8.95	1.22	5.29	13.65	37.13	25.44	17.64	10.99
17.26	31.78	11.28	21.82	32.34	7.39	25.06	9.18
24.17	15.58	11.98	38.76	15.65	11.32	7.58	11.24
14.89	5.98	8.95	39.73	79.89	1.7	50.93	5.54
8	1.6	1.14	1.58	1.07	2.15	2.31	3.68
11.92	7	4	17.34	6.95	1.78	2.14	49.74
49.74	23.13	8.82	29.38	53.59	41.38	35.3	63.75
2.31	1.32	3.76	41.78	41.95	12.3	10.9	10.47
36.87	10.6	31.51	15.59	21.27	29.93	4.92	16.19
22.94	51.61	44.99	68.65	9.17	43.23	11.65	18.19
85.83	38.95	82.6	85.94	169.05	6.53	77.06	20.85
20.3	35.11	33.32	9.44	44.95	6.03	3.42	80.52
34.51	11.04	14.84	12.22	2.84	8.3	15.09	15.56
19.17	3.39	20.21	8.05	40.04	6.66	28.21	14.3
21.89	55.65	50.49	84.38	11.86	75.11	107.03	7.61
2.95	5.29	2.06	27.58	10.47	2.35	3.72	6.33
2.5	19.86	11.05	13.37	5.87	28.31	3.28	41.16
78.58	96.79	135.31	49.37	51.08	82.15	148	8.02
7.49	3.33	9.53	11.51	4.07	1.42	4.77	4.85
6.8	32.16	34.46	74.74	4.77	34.05	22.45	22.11
2.58	11.88	22.23	3.04	22.89	26.94	27.3	39.96
3.82	11.43	7.65	2.04	3.58	5.01	2.38	5.3
26.77	4.74	9.95	12.04	5.82	6	9.75	26.95
7.88	12.15	2.28	8.72	121.39	10.29	24.26	22.19
31.04	22.98	5.06	2.67	7.4	19.17	5.02	35.15
4.59	1.19	4.73	1.58	7.01	2.62	7.11	6.72
28.63	36.04	19.45	39.69	58.25	62.31	2.51	137.58
4.45	10.78	15.83	5.08	5.88	7.95	10.7	7.47
3.54	9.4	46.71	21.36	16.48	33.93	25.9	7
86.28	18.83	175.57	18.27	65.59	31.99	114.85	27.22
50.26	7.31	153.79	25.53	4.62	1.07	9.73	38.16
19.2	120.76	4.53	16.26	55.62	18.7	15.91	27.53
115.14	6.38	53.56	23.46	15.41	99.85	10.21	141.83
16.4	35.22	20.96	40.72	3.63	59.56	14.49	37.7
2.39	1.45	2.97	1.82	3.07	1.87	1.99	2.04
169.31	50.15	15.52	16.59	84.48	33.76	211.64	55.27
222.7	65.83	19.03	64.92	219.26	180.83	108.73	54.21
29.94	5.77	38.69	6.19	3.43	34.52	24.58	88.88
1.83	3.83	11.53	1.03	5.08	2.1	2.42	2.91
3.97	2.28	2.25	5.61	11.43	5.49	1.36	2.53
107.89	8.4	177.64	73.96	1.09	22.73	6.02	20.01
125.65	54.46	57.46	53.2	14.67	80.32	35.83	74.28
15.42	46.72	70.02	7.34	18.82	29.96	31.54	28.4
9.81	7.44	5.91	8.08	6.13	23.49	17.11	23.05
2.12	3.1	1.43	3.49	4.29	4.55	2.61	1.85
23.74	5.35	3.97	66.27	34.31	31.4	30.77	39.68
89.75	14.56	1.14	150.21	67.63	1.23	45.21	24.63
1.68	1.35	1.08	1.69	2.22	1.09	3.69	3.19
7.23	7.82	11.38	17.57	10.49	2.97	15.88	9.39
7.2	6.5	4.09	19.29	5.72	5.2	4.57	48.27
62.45	243.14	148.46	54.75	49.13	57.75	44.26	10.68
22.95	14.31	14.8	12.61	6.87	11.07	2.53	3.24
4.21	12.68	2.85	1.6	12.88	13.02	7.1	12.99
4.77	9.66	4.58	8.29	12.22	12.05	10.28	4.9
47.85	9.04	17.38	43.03	88.56	89.85	39.69	58.21
7.7	60.01	58.81	61.6	19.88	15.45	44.12	2.47
12.7	41.23	122.56	57.27	64.79	37.53	110.31	29.02
3.07	2.21	1.91	1.83	5.88	4.04	2.94	3.22
21.57	52.13	33.77	17.28	29.95	50.9	7.21	1.28
2.33	44.95	50.05	9.3	3.76	6.44	1.08	1.56
18.62	2.52	7.21	14.33	9.92	1.12	16.16	22.26
11.59	13.08	14.55	42.3	1.39	20.36	31.02	16.39
125.34	27.65	18.54	14.22	21.84	24.97	32.35	83.96
9.65	19.18	19.53	80.91	19.94	2.15	13.07	24.53
4.48	4.99	14.37	11.66	2.62	2.13	20.25	24.09
6.81	22.23	78.45	2.81	366.25	27.99	40.54	9.79
7.65	54.37	133.77	90.56	16.63	71.98	34.56	10.54
27.29	1.99	37.08	14.26	52.69	18.3	28.72	3.39
3.77	4.76	9.78	5.55	8.71	14.37	5.36	25.7
26.48	14.54	7.23	82.97	11.54	2.23	32.03	31.93
57.88	72.82	34.33	3.93	13.11	16.97	45.31	24.42
4.07	24.02	7.51	22.36	8.32	19.44	11.7	46.73
15.62	34.55	24.77	6.51	10.08	29.39	12.9	5.73
106.71	18.35	70	254.29	74.31	94.69	53.16	6.76
7.15	181.91	205.22	125.87	77.5	83.88	268.9	16.33
47.28	57.23	36.99	18.01	14.54	127.7	28.99	39.08
1.05	3.52	4.18	3.54	1.32	1.07	3.66	1.8
14.67	27.04	46.19	3.14	8.85	17.16	11.79	21.53
3.5	4.16	10.77	31.76	19.76	5.97	4.97	9.76
6.76	2.43	4.68	6.44	2.03	9.13	5.29	5.69
64.11	46.78	23.12	4.28	43.37	41.82	82.97	187.88
1.14	3.34	2.29	1.14	8.08	1.77	4.82	8.5
85.93	2.99	6.56	11.67	50.12	26.38	6.35	5.77
63.11	62.94	79.54	40.15	19.37	8.29	76.39	219.22
23.9	1.7	7.94	15.31	15.19	23.61	37.01	46.62
17.85	143.84	19.82	42.93	54.25	31.09	1.73	26.36
8.82	1.06	4.33	4.2	2.91	4.74	2.24	11.6
8.99	33.79	102.47	26.95	18.36	7.85	7.54	59.57
44.63	32.07	11.46	11.78	17.24	22.55	38.97	46.29
65.57	76.5	50.93	21.4	74.52	24.72	5.32	4.85
40.15	65.7	122.32	59.62	45.48	21.21	12.69	210.19
5.06	4.02	17.7	6.23	16.21	2.13	4.63	6.19
11.75	10.25	5.82	10.53	3.47	16.56	1.11	3.62
13.22	15.88	16.82	8.75	8.09	2.27	20.47	20.68
33.55	40.21	2.09	31.71	22.53	12.93	8.72	21.56
6.03	8.94	34.2	17.76	18.17	12.1	7.55	7.52
14.89	12.39	8.06	11.39	22.53	11.09	1.35	23.28
13.91	11.14	3.28	44.01	32.65	8.17	52.76	18.69
147.97	151.45	86.33	42.43	16.54	73.3	80.01	45.5
90.88	61.64	34.65	74.23	48.34	57.58	84.55	19.96
44.45	26.39	25.58	36.53	7.9	16.69	29.34	4.17
26.96	3.18	62.08	25.13	17.17	57.99	87.25	41.64
102.12	17.86	32.32	53.17	12.11	20.02	106.87	11.73
4.61	6.11	93.33	108.08	96.1	110.45	13.75	40.88
37.7	51.49	54.83	14.32	9.5	5.13	31.68	22.04
22.06	15.96	101.89	30.29	50.79	24.43	13.83	17.5
18.09	8.01	55.39	30.91	60.69	12.24	6.59	12.1
38.6	96.05	50.94	6.9	20.56	92.25	27.86	97.08
12.33	21.55	51.22	27.31	18.34	7.35	14.58	14.4
82.37	71.44	46.59	38.99	80.74	45.6	62.72	38.17
17.08	7.95	4.83	8.42	13.52	3.05	5.45	2.42
5.51	11.12	14.95	8.69	18.78	9.55	2.83	10.06
9.1	31.61	15.07	6.76	68.36	16.29	20.8	1.95
5.15	32.2	16.35	13.1	104.29	37.08	122.03	4.35
67.9	31.58	51.1	77.74	18.49	64.84	21.79	64.85
5.57	29.48	9.8	8.13	3.15	36.14	11.51	10.43
47.83	72.43	61.1	151.18	34.41	11.72	18.49	86
16.51	46.66	5.56	14.73	26.79	23.87	22.51	13.67
66.78	11.95	112.19	48.18	138.38	19.04	11.13	66.45
184.14	256.65	56.12	22.37	111.66	180.67	23.38	58.76
40.11	124.69	27.26	159.04	278.93	52.57	34.05	11.26
10.86	31.96	10.86	49.67	12.92	3.55	3.58	9.9
58.98	5.87	136.98	39.85	153.52	193.21	15.71	74.15
