1.22	3.64	18.7	23.04	3.42	11.43	7.34	30.33
140.23	98.43	20.98	1.02	116.31	62.13	60.61	95.61
8.53	11.75	26.83	92.73	76.26	15.9	36.66	137.8
6.54	1.74	23.51	15.79	25.71	17.97	8.61	44.94
60.2	87.41	79.95	65.63	47.62	82.25	10.19	1
87.08	176.53	66.09	110.01	177.77	5.39	121.11	108.8
34.56	17.33	26.82	77.63	119.22	14.64	10.48	68.89
1.82	1.36	5.5	1.29	4.03	15.18	1.47	1.07
5.75	17.08	19.6	4.56	6.61	1.24	9.06	25.6
41.59	26.16	5.79	23.09	20.87	39.69	36.99	16.01
30.14	49.45	11.55	20.8	81.33	133.41	70.42	66.19
7.78	1.83	33.19	22.68	6.04	11.08	13.28	1.39
15.63	76.23	28.49	32.21	38.2	180.86	15.53	7.44
4.83	14.18	7.83	22.9	17.74	11.4	9.46	10.91
34.96	47.83	50.02	4.53	20.21	8.19	7.48	21.57
11.45	77.98	45.63	13.34	59.41	81.48	140.14	56.33
64.21	33.4	8.34	23.51	27.22	11.81	5.25	21
8.59	72.48	46.75	14.47	7.81	83.47	18.57	84.4
2.23	11.53	9.7	1.05	1.59	4.67	1.55	2.21
8.21	5.74	16.27	9.59	39.83	9.21	19.93	9.49
8.25	28.22	1.22	31.03	9.88	3.96	2.7	6.19
23.04	28.05	18.77	5.73	24.54	79.69	38.93	24.8
7.22	15.57	7.93	8.93	20.33	1.07	5.44	7.22
17.83	25.92	21.75	3.59	9.89	47.14	13.35	7.76
7.46	27.95	32.97	9.26	158.27	18.39	11.77	68.7
89.32	49.41	50.9	25.97	23.26	8.34	1.47	92.45
2.32	3.85	2.16	1.8	1.19	1.26	11.46	4.19
4.21	3.44	9.57	6.34	5.51	1.93	4.45	4.44
11.29	4.45	5.52	26.47	7.34	1.54	7.47	2.73
61.99	91.22	52.94	83.93	13.82	93.9	80.91	76.03
73.61	16.09	29.44	31.62	10.76	13.53	14.86	8.46
34.58	107.35	3.98	31.4	30.08	161.58	9.6	25.96
8.74	41.68	9.13	13.83	2.69	4.09	4.36	31.04
15	1.39	19.79	7.39	4.07	18.33	15.53	22.84
21.38	17.07	17.81	5.92	20.84	58.82	8.39	6.71
6.11	27.65	5.03	12.53	4.63	18.22	27.18	23.53
66.68	52.74	143.81	74.15	222.27	82.9	86.92	250.3
19.02	16.03	29.95	35.4	9.45	85.99	9.27	66.03
3	1.91	1.96	1.77	3.19	1.01	3.64	1.34
4.67	22.37	18.04	41.05	18.88	39.89	95.91	55.2
38.86	21.14	16.13	10.14	5.53	9.54	2.67	9.98
3.36	16	2.61	17.05	10.63	17.72	18.22	9.11
11.42	5.68	8.75	3.02	1.41	1.79	5.05	1.18
28.01	16.42	84.37	9.65	41.93	75.63	32.23	96.29
95	11.38	58.89	22.78	22.95	58.5	65.4	5.83
4.35	5.61	18.07	1.33	2.51	48.26	30.49	17.17
9.03	8.97	4.93	32.8	5.84	3.18	47.7	36.04
4.51	12.99	28.99	37.28	12.35	19.31	1.88	28.75
26.01	20.68	12.19	15.31	66.99	62.48	70.89	2.25
4.08	106.87	74.7	5.8	21.42	83.83	192.75	78.81
19.38	74.88	150.8	62.73	45.08	2.6	15.27	27.33
34.24	93.64	63.38	112.61	102.29	15.84	46.23	46.88
2.54	6	1.85	1.04	4.46	9	9.24	1.06
38.5	14.69	98.01	26.24	13.24	4.94	13.9	43.08
2.45	13.65	2.61	6.88	22.42	5.54	2.68	1.79
7.24	9.11	15.18	44.23	11.46	88.03	28.08	33.28
4.34	29.23	1.11	1.42	2.19	3.29	3.5	1.28
63.72	95.4	81.01	21.63	7.11	109.53	104.36	5.2
133.68	53.94	4.23	24.18	9.35	39.13	30.35	16.72
139.43	157.7	24.51	93.36	25.5	33.94	143.44	2.07
2.86	26.59	4.04	66.9	7.16	7.1	11.58	49.14
9.11	4.18	11.9	12.51	30.48	19.6	32.52	3.97
201.3	166.56	26.49	133.06	40.85	59.25	26.34	54.38
4.89	11.55	4.09	8.86	9.66	2.38	6.2	2.93
18.48	9	55.34	1.31	3.27	48.58	27.3	21.67
2.06	64.49	123.44	64.47	1.81	18.38	55.04	58.64
5.86	10.17	24.98	33.08	2.96	8.4	13.81	12
19.86	13.49	342.62	76.2	2.97	214.17	23.27	33.32
4.46	2.21	2.94	3.22	2.25	3.36	1.55	4.64
9.9	19.39	6.81	6.89	4.76	10.25	10.78	16.56
32.13	58.25	49.28	8.44	19.08	20.28	2.15	5.22
14.04	14.44	10.1	3.5	40.44	4.61	8.03	3.98
1.6	8.99	19.72	2.8	4.03	1.07	1.12	2.98
25.01	37.46	10.21	27.49	1.36	26.18	6.69	8.26
22.27	29.42	5.4	22.79	51.22	8.75	76.07	39.26
16.38	2.57	14.89	2.34	21.94	5.85	19.89	2.39
34.77	25.82	21.87	24.18	20.69	32.07	44	4.86
1.24	3.97	1.8	5.13	1.74	13.1	1.45	2.31
23.84	39.08	48.91	14.89	1.62	20.48	5.38	5.33
14.66	266.08	72.89	71.68	42.61	224.6	47.53	35.69
10.58	15.46	35.74	18.09	14.29	11.05	16.38	44.41
61.45	17.74	151.19	29.14	2.57	255.52	88.58	23.64
7.28	10.48	4.98	4.95	8.17	8.47	6.57	7.31
34.92	155.94	18.78	105.78	88.88	66.21	55.62	55.37
9.53	17.61	4.29	23.86	16.2	5.27	11.94	50.68
29.16	3.53	2.71	7.39	3.04	31.33	61.86	8.05
36.21	39.71	10.82	9.33	31.52	14.82	55.53	2.81
45.69	52.22	66.83	47.96	132.31	10.02	14.65	2.72
30.57	2.97	23.79	5.71	41.42	22.21	4.03	17.1
3.33	30.53	31.55	11.87	24.4	21.38	16.9	39.37
13.3	63.96	24.32	11.46	47.23	29.06	20.8	20.76
8.05	24.97	25.53	87.45	12.01	8.77	20.52	63.87
15.57	2.35	22.23	2.37	31.72	6.2	30.67	4.34
9.65	14.77	9.66	6.69	17.85	1.23	5.81	5.26
4.02	21.54	15.88	29.21	16.55	5.48	7.83	18.11
5.54	5.96	1.23	10.58	2.74	6.25	3.31	14.46
3.85	1.44	6.74	6.29	4.46	9.24	2.29	1.68
16.6	54.13	11.07	51.84	4.42	15.81	5.44	8.4
16.78	13.09	1.34	13.7	16.4	21.11	129.91	4.41
31.41	124.44	82.59	19.91	170.94	43.59	28.91	84.95
2.07	5.11	1.49	2.23	3.58	2.42	1.5	1.89
2.05	6.44	9.79	19.24	1.11	7.2	2.05	16.18
60.48	65.74	12.63	47.64	32.81	49.59	38.99	213.77
56.24	33.12	6.47	18.73	3.77	13.7	28.68	27.33
17.22	4.43	3.81	4.31	14.64	2.54	20.24	4.66
58.09	7.82	3.7	25.67	80.47	20.01	9.05	113.6
11.41	9.61	34.38	13.68	3.56	38.45	7.95	6.72
3.76	4.87	2.17	1.89	3.34	1.26	1.16	3.7
3.62	27.77	5.43	2.38	1.88	4.64	11.71	5.74
41.55	96.67	43.78	163.58	29.25	120.65	33.53	71.74
29.22	29.32	23.2	5.8	9.33	13.65	21.35	48.12
10.31	2.57	13.34	1.12	6.44	6.35	2.33	8.12
19.13	27.63	4.29	21.95	7.65	35.19	22.78	19.7
2.77	1.85	2.38	1.13	2.15	5.04	1.03	1.14
2.57	6.79	23.99	46.5	5.03	3.28	6.5	9.81
19.44	117.24	44.28	102.49	17.85	22.46	27.28	5.94
5.69	12	4.72	3.62	19.51	3.32	9.51	3.39
2.55	1.3	2.37	6.75	2.9	2.3	1.8	10.38
2	40.57	7.97	34.19	73.91	96.96	12.93	5.91
160.89	11.01	12.53	50.71	25.4	15.04	195	220.31
178.07	50.36	43	70.25	6.48	37.84	228.35	19.8
62.41	37.77	32.64	17.29	54.66	19.8	24.58	13.95
2.18	5.64	7.79	1.08	22.78	41.25	17.11	9.24
65.85	80.24	37.43	44.66	28.06	3.5	22.86	32.07
25.89	25.86	47.39	45.64	48.18	17.23	6.54	17.01
106.2	61.36	104.9	75.39	43.45	26.78	69.56	185.91
107.41	22.43	95.99	20.26	36.07	7.72	4.71	55.46
18.08	67.23	2.79	12.01	54.14	36.31	61.91	113.37
11.49	9.28	30.21	33.64	5.17	2.96	10.11	14.7
22.68	5.35	21.66	11.31	3.14	15.4	46.76	1.16
1.06	3.29	24.51	6.16	7.16	10.36	7.1	18.85
23.99	17.58	8.47	11.14	25.86	12.21	3.94	23.19
27.59	19.14	76.06	12.53	86.37	8.32	106.46	75.46
8.83	32.79	12.16	12.6	6.04	19.61	2.52	9.44
1.74	11.29	10.41	8.42	3.41	3.53	1.86	4.83
6.34	16.85	8.01	4.04	36.62	2.25	10.01	6.96
3.32	4.92	4.63	2.01	26.76	2.24	12.68	10.1
15.35	35.79	37.62	22.46	20.91	30.56	23.51	11.77
3.97	1.13	2.06	1.28	1.47	1.96	1	1.58
56.28	76.79	78.52	5.63	21.66	58.24	39.95	20.9
15.46	10.71	45.65	17.29	50.33	83.34	14.28	41.76
12.4	89.17	8.53	22.04	15.96	1.16	7.57	10.53
32.01	24.83	102.47	30.45	27.63	93.8	60.73	158.09
8.11	1.14	5.76	4.01	3.37	1.7	1.18	2.21
19.92	25.77	13.19	69.83	27.69	9.85	8.61	40.88
7.97	16.7	3.18	23.09	33.42	20.26	7.23	12.75
6.15	63.12	2.45	24.89	14.22	50.27	32.61	7.95
15.05	34.22	25.77	23.8	4.8	5.99	23.16	35.99
22.91	27.51	8.27	10.02	7.49	8.42	1.68	29.73
37.85	45.41	47.22	17.06	63.64	111.55	147.32	29.27
3.81	10.02	4.45	4.42	3.68	3.69	4.17	4.02
26.04	3.07	97.47	51.22	24.86	113.07	4.36	14.14
28.72	62.24	104.58	47.24	58.35	68.46	30.39	82.1
18.7	12.97	2.15	15.43	1.28	39.45	4.63	11.84
14.68	1.47	5.27	51.67	25.48	4.3	4.39	39.19
42.67	10.44	144.63	23.23	38.26	127.54	19.26	41.24
3.35	11.28	28.51	9.24	41.51	9.31	34.47	42.96
17.35	19.11	5.91	2.55	16.35	31.98	23.89	23.03
10.57	47.18	8.5	11.35	34.11	4.87	29.03	26.75
2.45	3.57	25.65	19.14	27.25	6.85	24.79	15.45
26.07	1.47	4.87	31.27	3.88	62.11	10.85	12.37
89.3	169.31	51.97	38.41	20.05	53.65	43.61	8.37
4.15	1.74	2.67	3.57	8.17	2.7	1.42	5.96
21.92	15.01	7.43	2.9	21.39	4.51	10.81	12.06
16.29	4.6	5.84	3.11	6.59	8.02	7.8	4.29
64.14	35.36	109.2	5.67	8.68	13.86	45.28	29.99
9.87	40.96	21.01	39.55	61.73	24.63	70.73	10.63
39.04	3.12	17.09	44.08	32.75	24.46	30.89	1.36
1.47	4.17	3.77	5.1	22.7	5.1	5.82	2.41
211.54	71.85	68.56	95.85	21.5	11.67	69.38	249.9
22.36	13.78	4.13	19.53	15.36	4.73	49.38	5.73
74.75	12.68	11.95	16.42	130.41	8.36	27.65	11.01
39.64	54.6	38.19	32.95	39.29	40.55	25.12	47.97
33.57	18.18	154.73	26.37	29.41	10.06	5.16	24.66
11.03	5.39	6.99	25.9	15.97	31.61	36.71	23.06
30.57	16.54	27.44	11.22	30.49	9.59	11.56	5.6
150.66	96.99	97.73	29.98	39.34	30.88	68.89	29.16
5.48	3.42	1.69	1.49	2.09	2.15	2.56	1.53
9.54	20.87	7.05	91.41	10.88	5.21	96.53	16.19
47.97	19	11.47	13.59	37.59	1.14	113.2	57.71
23.55	48.73	29.45	1.94	6.49	74.11	36.12	10.45
16.42	18.28	22.63	2.8	16.17	1.09	7.29	1.04
5.08	4.6	4.56	1.36	3.23	6.31	9.62	7.08
3.01	3.9	6.64	11.09	25.1	2.09	29.52	8.9
5.66	1.98	9.51	2.62	3.54	1.72	19.15	8.43
10.84	46.36	9.8	15.41	44.92	52.18	20.11	23.06
2.32	5.95	1.85	2.03	2.51	2.34	4.46	2.85
2.85	1.68	8.62	17.41	5.14	4	3.55	4.01
30.08	15.13	92.93	17.79	6.97	8.69	35.08	53.51
29.91	9.74	10.48	9.32	11.57	20.07	32.93	22.32
8.59	33.97	7.11	12.68	6.25	9.71	6.48	26.17
9.02	2.77	11.01	10.51	11.45	15.81	5.48	6.66
4.29	4.08	19.2	48.71	67.28	94.32	4.26	20.58
104.58	14.15	24.92	13.53	45.13	24.25	16.55	18.79
20.94	3.03	34.49	8.42	3.26	3.17	14.61	23.62
19.71	39.15	41.5	12.84	23.08	9.66	13.21	1.01
1.07	6.43	9.21	15.23	22.19	8.51	3.26	21.38
2.8	54.79	10.3	6.11	19.55	32.64	14.61	4.76
26.36	24.07	9.94	16.72	9.12	21.52	12.62	82.92
1.42	2.92	1.2	2.4	2.85	2.5	2.11	2.79
57.28	148.38	53.08	51.09	430.9	20.18	219.6	15.7
163.95	6.43	134.89	16.37	102.95	30.88	339.14	174.85
1.22	3.6	31.88	8.24	41.72	29.73	15.39	3.78
1.71	3.16	4	1.18	6.43	2.85	3.42	7.65
7.83	28.28	5.8	7.36	33.1	14.57	8.78	33.99
64.88	17.31	67.26	23.73	169.25	22.23	230.93	20.93
22.21	14.14	6.41	22.41	10.88	3.48	8.61	26.06
43.49	74.18	19.38	18.09	51.21	37.22	11.08	38.9
94.01	41.12	9.64	81.55	48.85	47.6	3.13	58.4
42.59	12.9	16.64	15.92	31.14	19.41	28.94	23.94
71.73	63	34.91	48.33	29.85	55.56	37.58	28.32
53.01	15.61	37.84	4.22	4.67	27.4	45.19	70.92
8.69	17.22	28.55	7.09	33.17	13.94	17.48	4.65
2.74	6.82	5.29	4.38	8.93	1.32	6.5	3.36
1.92	1.83	2.64	26.9	12.54	8.93	3.55	1.7
1.97	20.14	22.3	39.31	19.31	2.93	8.39	83.18
2.04	2.54	16.59	13.05	9.53	11.83	6.78	6.13
99.1	42.65	56.82	63.84	84.15	15.44	11.26	26.13
12.35	12.02	6.49	14.54	12.72	20.9	5.42	15.51
146.19	61.67	29.55	15.59	31.51	36.26	11.34	92.85
43.77	18.58	2.92	5.3	14.68	18.81	2.92	26.68
3.72	2.04	4.93	4.95	1.69	3.03	6.95	2.91
117.67	120.49	25.03	117.32	45.31	39.4	155.61	59.64
8.36	62.76	95.54	29.92	30.71	72.83	32.08	36.81
43.82	64.92	51.3	35.65	46.74	53.21	1.51	20.64
15.53	13.35	4.19	6.86	9.7	1.07	7.83	29.64
6.62	86.3	79.13	105.98	11.01	4.07	132.86	31.81
1.18	33.06	13.82	5.8	25.19	3.96	7.72	3.01
33.19	111.78	75.74	50.5	6.55	157.4	2.58	3.5
2.05	1.5	2.02	8.93	17.81	10.4	2.66	22.14
9.28	6.89	19.15	10.09	28.95	66.23	37.65	53.11
1.75	7.59	3.44	2.85	2.73	1.8	6.87	2.68
1.11	4.06	1.52	1.12	3.85	6.04	10.22	9.53
8.84	15.24	10.64	6.32	8.99	13.63	6.88	19.73
15.41	22.6	2.46	42.79	116.29	38.57	30.04	59.14
34.22	43.29	7	81.26	1.77	67.85	62.16	19.88
27.99	24.09	1.03	1.41	10.28	9.05	2.8	15.98
2.23	3.84	1.65	1.16	3.4	7.87	1.1	5.05
7.07	14.55	5.63	20.07	10.95	2.08	5.57	11.98
9.39	4.54	21.85	33	23.82	17.44	3.84	3.08
14.16	1.08	1.05	13.04	8.85	28	3.73	3.39
7.75	3.38	10.27	1.17	6.84	2.78	2.41	5.63
10.09	28.96	39.12	35.97	2.88	51.32	30.86	16.7
32.96	27.7	31.03	35.68	82.55	9.72	88.82	180.51
12.97	22.46	14.45	9.98	20.44	18.46	13.39	34.23
1.73	2.43	3.63	1.51	4.3	1.14	1.33	1.7
18.95	12.77	5.61	4.79	5.12	25.67	3.56	13.2
9.98	9.08	2.74	5.67	1.12	1.35	18.82	7.39
7.12	1.43	1.38	5.86	4.66	9.24	1.14	6.8
6.9	35.06	47.1	138.43	92.89	55.07	190.43	106.55
53.76	191.28	130.14	18.87	6.72	46.24	130.47	34.42
8.57	44.89	20.58	46.63	13.92	3.9	3.99	3.68
14.57	17.87	6.4	3.24	4.16	10.01	6.61	6.39
11.93	36.55	49.58	23.42	2.88	32.95	32.44	1.5
6.34	47.65	12.63	21.14	16.58	8.25	6.17	34.67
37.07	116.33	135.3	154.84	30.69	206.94	11.41	8.89
4.51	12.3	9.96	2.96	10.63	8.09	8.24	10.44
46	5.09	48.49	17.48	6.99	12.74	7.42	26.16
4.47	5.15	9.91	69.39	9.93	20.1	15.88	74.43
4.34	3.97	27.49	73.68	56.7	9.46	15.43	3.03
7.01	1.91	1.47	6.08	1.03	6.02	6.43	4.92
19.72	31.41	163.07	19.71	44.44	12.13	17.41	15.8
10.98	86.31	11.15	16.47	48.55	63.23	27.17	1.58
36.32	10.07	24.52	39.85	9.89	16.9	14.44	4.75
50.01	6.69	120.7	78.2	14.2	14.18	10.16	117.2
14.58	7.57	27.11	31.84	20.01	1.82	26.36	21.53
9.21	5.98	25.74	4.55	5.44	8.3	12.89	44.22
7.77	81.48	18.38	36.11	12.58	1.51	26.36	15.22
24.36	26.22	51.77	48.8	48.1	20.21	92.4	30.63
4.06	9.64	7.86	11.98	1.75	19.8	3.91	7.89
14.92	6.83	46.71	35.74	20.82	67.48	20.11	145.2
9.31	56.76	5.1	6.61	21.77	13.2	14.31	64.38
1.52	13.62	19.67	8.9	7.93	3.03	4.2	7.29
152.36	212.43	57.01	56.52	48.41	181.4	21.23	172.56
51.15	71.31	3.93	31.11	105.96	122.57	15.83	70.58
1.58	1.91	1.95	4.19	3.01	4.03	3.64	2.65
3.59	4.86	6.35	3.22	4.88	2.82	8.23	12.08
8.55	190.82	36.98	60.98	216.1	25.76	113.34	6.17
6.86	1.88	8.63	3.74	7.32	6.39	2.55	1.05
50.36	15.7	13.84	38.86	18.7	45.13	8.51	2.68
8.59	14.71	6.11	5.89	14.55	5	15.46	18.68
51.26	151.53	236.66	19.19	253.01	108.17	24.82	16.44
14.84	33.72	34.72	49.6	38.79	109.59	11.09	2.73
1.61	5.23	12.63	11.09	7.1	10.33	30.27	6
3.4	8.16	15.63	1.3	14.61	2.07	5.75	16.27
7.18	33.15	20.78	5.02	94.3	18.25	24.98	47.84
31.1	57.34	91.31	40.07	11.1	83.64	3.81	2.66
42.85	5.49	224.56	11.11	238.68	33.69	123.06	46.26
91.42	31.91	86.02	53.37	3.48	4.5	24.18	50.95
114.76	95.63	14.1	26.82	17.91	24.63	47.07	58.16
13.32	2.26	51.85	12.98	29.59	2.74	17.22	15.85
12.6	17	1.35	4.32	4.29	5.83	13.85	5.5
6.01	1.91	16.05	26.37	7.13	10.24	2.48	10.22
23.72	33.19	93.65	40.62	101.91	32.58	11.84	36.13
7.11	11.91	13.25	5.42	32.98	8.27	2.57	26.77
107.08	63.08	39.07	62.34	80.5	94.27	26.7	51.16
10.03	15.87	42.67	6.21	69.1	19.78	25.06	31.89
4.05	3.01	20.24	10.86	11.94	21.3	1.55	4.19
39	78.1	96.44	18.62	14.48	18.59	66.64	23.52
4.52	4.53	2.12	2.2	1.81	1.85	2.04	2.13
100.66	101.1	15.67	130.07	76.95	38.28	21.55	68.62
10.91	36.36	33.8	14.03	25.96	1.18	28.28	17.18
1.91	1.05	6.97	1.97	3.42	4.26	10.97	4.94
4.01	18.18	20.35	12.02	2.44	3.09	2.1	7.75
11.41	14.91	40	5.67	14.56	22.06	37.42	14.76
12.29	48.3	101.1	18.5	15.49	44.89	34.47	63.87
32.49	100.88	161.66	42.33	21.52	55.78	80.17	40.54
25.72	35.16	103.25	61.91	1.78	177.59	82.07	21.26
43.54	3.79	38.17	18.75	48.37	74.2	59.69	3.16
2.88	5	5.13	3.77	11.88	12.09	5	1.65
84.38	21.91	44.34	50.36	22.76	16.74	1.52	7.5
24.3	2.63	11.02	8.66	25.93	85.72	2.06	13.91
15.48	3.15	8.38	2.48	2.01	4.17	2.78	4.44
1.48	37.77	4.04	9.32	5.35	1.94	9.51	6.79
16.01	13.72	5.06	296.24	68.29	30.87	74.09	11.72
2.16	1.07	2.79	2.29	6.56	3.24	5.65	3.39
9.52	12.5	11.64	44.25	2.85	127.02	219.01	15.32
53.85	34.52	41.76	40.4	13.19	9.05	137.53	103.77
6.13	8.73	4.01	10.37	16.28	12.61	10.39	7.03
9.96	12.82	7.33	11.81	5.14	27.3	2.86	4.17
8.69	3.98	7.67	4.05	1.04	9.73	4.57	8.75
2.22	1.08	10.67	2.99	6.11	1.21	4.43	1.68
90.66	41.46	13.43	25.13	13.55	3	29.66	18.56
6.63	1.88	3.65	8.52	20.87	4.69	11.58	9.53
27.25	66.22	68.96	57.53	77.74	304.32	7.53	38.98
1.9	1.18	1.16	6.12	1.2	3.22	1.04	2.27
4.16	5.61	8.29	16.87	8.76	3	2.75	4.84
261.15	36.14	75.3	93.43	190.42	177.53	254.98	31.99
60.46	19.81	196.55	116.1	258.93	7.72	245.64	169.87
2.24	1.52	1.95	4.11	2.01	1.19	2.09	1.84
5.52	6.87	7.86	10.11	21.82	4.53	6.1	8.86
2.65	62.43	114.09	17.71	16.25	86.68	56.43	18.18
9.13	11.93	26.3	1.94	9.67	17.43	14.17	7.72
18.01	1.77	36.3	89.28	35.99	141.82	52.48	51.18
32.94	145.88	83.96	105.76	23.66	23.27	18.62	11.28
6	5.95	30.1	7.94	18.38	12.66	11.56	4.59
4.74	16.27	45.51	14.23	9.61	7.93	50.07	16.57
4.01	1.26	18.18	4.99	5.53	1.36	9.7	6.12
16.16	25.79	25.92	15.55	7.91	46.59	4.77	3.08
2.29	4.11	3.37	4.08	5.51	5.43	5.74	1.38
6.77	14.35	16.77	2.17	48.16	8.42	13.24	6.38
8.82	12.05	28.77	35.84	4.42	15.9	13.39	20.66
20.27	56.26	20.31	8.35	48.37	67.37	31.45	41.87
4.53	1.32	1.11	12.28	6.59	4.91	2.65	9.93
20.06	37.66	61.64	124.76	14.05	48.54	4.36	132.27
4.96	3.63	4.02	2.98	3.56	2.52	1.96	4.7
27.38	14.43	4.23	78.4	73.9	84.5	123.95	77.3
9.28	34.26	12.39	9.11	2.87	11.12	57.03	3.07
3.75	12.05	17.54	7.55	27.01	3.97	1.66	4.17
1.2	5.32	30.68	21.71	52.92	18.32	24.57	15.05
95.39	75.58	4.04	4.87	12.42	25.25	2.78	56.51
39.35	26.47	78.86	34.02	58.39	96.58	43.88	19.15
1.56	1.56	6.41	1.86	2.05	11.01	2.92	2.97
49.84	25.75	189.37	39.98	67.98	42.67	63.81	25.54
4.22	16.09	9.55	2.18	6.11	6.17	5.74	1.58
148.43	48.69	121.46	79.72	16.15	88.18	9.63	13.19
29.71	40.66	16.57	46.2	13.69	14.79	30.58	38.32
5.74	1.56	1.41	1.36	4.43	1.61	1.58	1.62
15.9	20.72	28.99	4.23	3.64	10.45	75.8	62.03
32.12	7.56	37.42	42.3	84.3	3.57	42.63	48.46
316.86	16.76	59.63	117.96	144.05	64.75	44.8	14.22
3.72	7.69	3.82	19.75	5.54	6.37	15.7	10.76
23.83	10.08	64.81	7.09	74.7	14.87	7.94	7.14
15.09	35.09	20.68	1.17	3.29	20.87	1.62	31.54
85.6	172.32	35.06	39.16	3.34	43.02	35.18	2.41
13.88	31.8	17.8	16.91	73.73	10.62	2.18	72.07
55.52	97.18	11.15	11.69	38.29	65.76	9.98	22.61
4.44	9.09	1.86	5.46	1.68	4	3.24	3.32
6.22	62.03	3.34	63.38	29.3	51.85	2.29	17.38
10.79	5.68	40.24	9.65	6.82	4.95	17.82	54.62
6.13	4.58	12.13	21.23	1.65	45.19	16.34	9.72
16.79	2.4	44.02	39.37	41.99	24.65	29.71	9.43
103.39	30.09	68.59	6.76	72.65	23.37	65.7	62.47
48.23	63.47	27.37	3.84	22.4	24.22	33.77	69.56
1.48	4.84	6.7	26.54	33.65	8.5	10.96	22.78
1.31	9.71	22.63	3.46	44.96	8.82	8.29	61.12
36.33	123.87	6.54	66.68	7.82	19.32	12.61	16.06
92.53	165.65	16.44	2	19.32	62.27	107.24	133.83
4.75	5.96	1.78	10.47	10.29	21.07	18.79	5.33
1.93	2.83	14.28	1.23	2.21	1.43	2.11	5.79
3.03	14.23	2.17	12.64	3.44	8.52	3.85	1.06
49.16	28.71	52.44	21.11	6.16	54.45	95.5	23
4.05	2.96	11.61	5.26	7.25	10.35	4.45	41.27
36.78	46.08	39.52	165.07	106.8	8.9	53.18	7.21
52.07	31.48	10.23	23.74	5.28	63.22	238.91	34.23
23.18	7.72	11.99	41.53	40.09	5.14	19.77	1.58
43.75	24.2	8.56	11.54	39.5	7.81	72.66	28.59
11.67	3.86	8.77	58.9	30.72	42.45	20.11	71.58
116.68	45.5	151.92	17.04	52.94	16.34	6.29	20.3
11.4	25.21	15.06	7.08	2.21	22.25	6.9	15.69
15.32	19.49	14.09	18.77	43.66	9.96	43.36	44.01
9.3	3.76	33.36	36.77	259.21	47.94	11.82	57.55
51.21	67.92	46.83	43.05	88.31	271.78	31.71	76.54
6.99	9.68	2.88	27.13	5.91	10.41	4.26	15.17
32.14	123.14	2.97	30.64	69.19	385.88	318.16	128.62
29.1	10.56	75.16	37.35	10.74	6.57	6.07	58.18
42.46	91.36	265.47	183.85	84.13	129.83	174.95	32.66
3.76	8.37	11.79	5.82	32.25	10.8	55.39	27.74
8.44	6.88	2.83	1.95	2.65	21.16	2.1	13.16
73.91	37.79	85.13	78.12	20.91	72.8	5	125.91
7.28	5.18	21.22	35.52	35.14	19.62	35.05	21.69
7.55	52.96	4.67	77.13	90	22.71	7.23	30.4
5.44	6.36	8.37	80.31	6.58	22.66	38.85	14.56
36.75	21.25	2.43	25.08	4.6	40.89	11.34	9.94
82.97	17.46	25.48	26.35	55.74	36.94	53.77	31.16
3.35	78.01	21.15	14.01	6.9	13.38	17.76	24.32
21.44	278.8	3	74.2	19.07	18.2	15.89	59.32
2.7	2.94	9.14	13.54	1.04	3.66	1.75	2.3
6.84	5.93	10.69	2.23	14.89	2.86	11.5	9.4
6.94	8.97	77.32	20.5	112.76	21.08	76.35	130.42
19.39	5.15	8.23	15.35	8.29	5.15	26.1	8.02
3.62	30.83	14.18	54.16	18.11	3.77	13.04	2.15
9.88	35.49	13.86	36.95	45.28	24.05	31.6	90.91
16.69	2.13	29.54	7.92	7.95	15.45	36.28	10.77
7.27	1.81	5.94	3.85	3.62	2.77	5.99	5.01
10.17	4.72	9.24	9.51	2.86	22.2	19.14	5.31
10.18	1.01	1.1	7.93	1.16	5.86	3.93	3.11
11.58	10.13	9.8	16.56	14.23	6.83	28.1	6.2
78.13	34.37	19.65	46.68	9.25	43.92	80.26	97.54
12.4	219.76	21.66	44.07	11.82	136.23	45.69	71.6
26.79	10.79	22.33	12.74	60.31	16.34	94.22	69.29
62.76	6.53	70.84	73	13.84	19.84	18.2	41.04
21.42	2.39	5.44	41.79	19.6	5.41	30.1	2.26
5.7	4.44	8.56	3.63	3.16	9.86	1.38	7.57
11.68	7.38	3.35	36.18	69.44	1.73	3.26	23.31
13.92	28.16	2.86	5.15	21.93	5.6	28.59	27.25
6.53	91.22	11.85	75.6	47.33	1.84	127.54	247.89
2.23	1.26	7.45	9.83	6.43	13.19	1.98	2.68
2.79	5.06	24.19	12.65	3.77	22.21	8.95	24.94
23.62	13.7	6.88	17.42	13.77	42.63	8.92	17.7
1.07	1.8	1.71	2.05	1.04	1.06	2.41	2.02
25.04	168.8	223.6	96.96	43.98	39.96	50.5	142.2
1.59	2.77	1.56	2.93	2.82	2.54	2.15	3.36
2.84	10.74	5.11	19.1	20.46	14.64	12.58	47.02
23.84	23.62	20.3	9.34	40.5	14.27	14.48	10.02
61.24	15.91	31.48	50.58	22.31	25.93	10.69	6.21
15.88	97.41	14.51	14.51	20.07	14.36	5.68	10.76
32.92	31.44	7.96	121.71	67.23	6.18	68.62	46.36
11.42	36.04	13.93	18.15	15.34	10.32	89.49	30
74.07	48.66	29.64	120.12	15.35	102.44	200.45	48.04
7.67	39.7	51.58	93.51	39.25	30.23	41.47	2.52
4.22	34.18	27.97	288.66	55.44	152.61	105.62	221.65
7.04	51.03	6.98	63.98	29.63	39.08	29.35	39.37
76.22	44.49	52.82	166.09	91.51	1.06	18.4	20.32
21.94	96.05	49.01	5.47	23.93	16.32	54.41	46.48
45.31	110.6	51.19	4.85	9.27	30.82	23.29	14.55
13.85	46.76	38.69	6.91	44.32	9.01	4.43	8.79
17.9	52.08	46.05	18.04	16.55	59.63	48.33	61.38
239.72	82.55	71.9	57.22	2.45	95.97	19.95	51.63
2.22	1.11	7.51	13.84	4.82	4.84	1.01	29.53
40.92	14.59	4.92	17.5	26.92	32.88	5.25	4.02
52.68	13.52	34.25	34.1	2.81	43.75	4.52	127.3
5.6	2.12	10.66	33.58	1.76	23.62	27.84	11.06
31.18	35.33	15.37	7.12	7.21	10.72	18.88	4.33
2.09	5.85	14.54	14.62	14.18	45.59	93.02	89.47
118.34	34.59	33.01	140.44	93.24	115.53	236.25	41.62
29.15	43.91	34.21	14.63	29.59	137.68	55.02	11.53
19.91	27.18	152.9	32.94	349.97	82.18	20.03	48.09
39.48	19.83	74.89	79.78	40.16	6.92	6.68	2.76
117.1	48.51	15.2	209.34	88.47	137.63	153.09	144.52
27.11	4.6	57.38	45.28	119.22	12.25	155.36	33.3
9.64	14.25	1.26	1.33	1.12	12.16	39.45	17.86
18.15	15.01	9.4	29.64	42.41	12.4	70.14	9.41
1.02	3.14	14.71	1.55	4.29	6.57	13.19	2.78
3.58	22.3	46.19	60.34	113.61	15.05	83.13	21.05
20.45	11.01	8.19	13.48	59.45	2.29	11.74	12.67
2.7	21.43	98.04	44.68	26.81	5.77	103.19	36.55
2.61	1.88	2.4	3.78	4.17	2.93	1.25	1.57
3.73	13.3	4.1	5.4	5.45	4.81	2.54	4.17
1.66	3.08	4.31	4.18	1.76	1.36	4.09	4.02
1.27	7.62	3.56	10.08	6.05	8.06	10.72	10.22
14.37	1.7	28.67	33.76	8.64	65.38	13.6	18.23
29.94	26.4	6.08	25.9	14.95	32.92	93.56	65.23
7.15	1.06	4.51	4.39	3.59	1.33	23.3	22.37
5.67	11.97	19.97	28.18	5.33	89.72	25.91	57.58
109.65	33.49	59.53	33.79	5.1	40.07	9.91	29.44
17.37	15.4	112.3	2.75	12.19	17.25	21.63	12.65
1	27.78	28.6	19.33	1.4	2.06	23.59	26.89
176.39	131.38	11.11	11.33	78.96	26.24	31.8	23.99
2.32	3.35	1.87	2.8	2.34	1.79	1.22	4.43
10.36	23.84	97.06	101.86	398.49	236.13	83.95	23.6
9.08	2.64	2.07	10.91	10.37	12.98	6.52	1.89
4.85	40	22.5	71.47	15.06	20.88	10.31	56.4
2.46	1.99	1.06	1.16	1.04	1.03	2.22	3.14
7.36	6.71	2.25	2.36	3.9	1.43	3.71	9.13
15.54	5.2	53.25	38.04	4.14	29.63	48.66	1.72
60.95	13.19	31.89	115.13	80.37	40.91	64.61	15.05
46.99	61.67	19.44	101.81	147.91	35.24	122.44	89.39
3.32	15.08	4.98	13.32	10.64	12.93	41.09	30.76
37.2	15.75	21.92	213.01	24.77	36.93	25.55	70.24
28.02	15.98	44.43	7.01	15.2	4.08	7.84	30.4
71.63	187.66	208.11	92.49	29.6	49.24	45.87	94.76
16.17	43.87	33.55	191.33	7.03	54.1	9.98	50.55
51.94	24.24	12.95	17.49	12.07	6.21	90.51	15.73
27.17	20.49	11.1	52.96	24.45	8.63	32.52	3.28
43.87	1.87	77.06	210.4	219.8	70.14	192.46	109.1
1.29	3.59	1.78	4.53	9.04	3.22	2.46	1.86
7.07	77.45	52.73	39.9	27.76	15.56	15.74	34.78
3.9	3.09	11.81	6.23	1.95	3.5	4.16	3.64
1.49	11.1	18.12	4.84	15.67	3.42	9.87	25.97
156.29	45.15	267.56	277.35	18.84	102.62	9.2	10.69
44.72	15.51	9.97	5.82	2.5	5.09	11.45	22.9
164.38	38.9	13.52	43.4	17.84	19.25	126.31	41.24
21.98	17.85	3.39	2.13	7.14	1.79	4.17	11.08
52.9	15.91	32.02	12.33	11.31	49.22	29.59	93.22
45.8	23.28	40.27	9.01	67.82	9.4	53.7	8.47
7.35	10.4	7.14	3.51	2.53	1.1	7.73	9.15
17.87	78.06	42.89	6.71	25.18	33.17	3.37	15.64
29.23	14.75	7.71	1	1.84	16.72	11.9	31.2
31.77	85.77	24.29	44.62	25.89	17.54	11.85	4.71
9.31	20.67	8.35	7.55	10.47	5.54	14.62	11.9
1.22	3.22	1.33	1.5	1.81	1.43	3.72	7.31
4.45	54.4	25.21	67.87	22.89	129.82	45.78	8.4
1.86	78.36	24.73	6.91	16.74	110.4	110.87	42.64
47.52	4.61	9.69	31.02	47.3	5.39	24.54	22.97
100.64	77	22.56	100.45	160.82	87.77	30.28	65.81
125.43	7.4	22.12	4.55	1.63	81.33	23	50.61
72.51	60.55	39.67	8.19	78.26	26	69.56	5.22
5.78	6.34	20.04	25.27	2.63	5.4	14.18	12.46
3.43	1.34	2.81	3.24	1.47	1.12	8.85	1.49
24.27	48.58	96.68	36.77	7.3	41.42	25.06	27.77
6.39	26.44	20.57	66.39	97	19.16	11.27	23.15
12.75	14.94	10.07	8.81	14.53	53.14	69.92	16.25
80.77	86.32	6.16	4.42	8.95	41.42	40.44	49.68
103.67	94.78	5.52	78.45	10.49	17.49	23.3	51.09
12.6	38.53	124.69	69.12	102.55	2.4	193.36	75.9
39.28	135.53	62.61	43.45	12.94	9.7	46.07	44.96
1.45	10.95	10.1	36.74	8.84	13.11	3.77	49.48
39.63	17.85	25.92	11.51	29.94	10.27	23.97	7.11
1.04	1.04	1.79	1.11	2.86	1.25	2.32	3.47
8.85	2.85	21.26	5.07	3.96	4.45	6.3	7.06
11.63	43.27	27.76	1.21	29.1	1.47	26.63	58.45
148.17	74.78	17.07	46.75	1.96	17.83	96.97	5.57
4.14	11.96	5.6	2.55	3.08	4.89	2.22	7.66
34.13	1.44	7.03	7.37	13.36	6.14	3.53	8.04
53.04	28.22	19.78	23.34	34.67	23.02	91.81	27.45
7.41	3.44	6.97	2.47	1.45	1.08	1.82	11.28
16.98	1.98	44.96	6.23	42.73	17.13	28.9	2.81
9.77	44.79	24.94	23.41	1.81	7.31	13	7.08
1.23	13.85	67.94	55.15	49.58	22.41	22.73	12.32
11.41	1.76	26.87	32.98	1.8	81.08	1.13	5.27
5.67	7.09	10.68	26.35	15.25	17.21	45.89	1.72
11.69	22.71	39.57	14	4.23	3.23	16.08	11.54
3.59	13.64	5.83	5.26	42.62	6.94	7.51	5.24
6.41	11.92	6.82	1.16	2.97	4.95	6.65	3.24
6.92	4.94	5.4	5.05	15.05	3.78	21.46	13.02
1.33	1.25	1.8	1.45	1.24	3.44	1.71	1.83
2.67	8.57	4.48	1.6	10.1	25.49	6.28	2.87
87.13	42.66	21.81	129.15	81.19	22.25	14.85	6.5
1.81	13.33	2.58	7.04	1.7	5.48	4.4	3.7
10.95	6.39	6.23	4.45	7.45	8.91	10.09	4.46
3.58	193.04	58.9	56.39	102.51	28.03	24.58	161.51
10.82	4.44	5.79	7.2	3.94	8.4	10.59	1.28
18.63	12.44	13.64	24.16	10.71	7.3	5.6	3.7
6.1	74.8	14.71	80.46	15.23	52.11	40.8	62.28
78.88	69.44	82.36	74.88	110.77	183.19	130	257.78
26.37	3.33	48.85	3.99	13.46	4.88	2.13	31.27
8.59	17.51	15.55	13.59	11.21	28.19	12.09	5.89
30.68	16.1	13.17	17.88	35.35	38.28	20.5	9.48
3.5	14.23	3.75	3.03	7.92	1.62	6.78	2.5
27.89	35.87	33.06	5.87	49.44	14.13	4.39	37.27
90.97	76.9	27.69	97.31	36.64	246.77	218.43	197.09
3.47	16.98	27.03	5.14	26.26	4.04	2.65	18.42
42.73	133.06	183.5	90.5	43.94	33.07	129.25	9.74
13.65	1.85	15.32	14.08	10.13	14.17	5.57	9.9
7.52	10.38	3.03	45.37	1.59	38.08	10.24	6.03
21.22	20.12	95.19	5.71	12.59	85.26	37.69	39.22
69.7	4.69	10.36	15.94	14.41	7.57	31.48	20.38
40.78	7.92	47.56	45.52	15.68	18.61	130.54	75.6
3.75	1.92	6.36	9.38	1.51	5.63	4.05	4.79
154.47	36.9	84.56	58.13	12.65	19.41	90.88	16.79
2.53	17.47	6.74	31.44	13.03	4.37	5.42	82.28
47.31	139.62	212.9	28.18	14.61	157.28	301.56	6.55
9.55	4.79	3.02	8.61	19.99	2.2	3.49	3.62
29.48	13.2	9.7	27.25	7.08	18.16	1.54	9.87
131.35	97.42	7.59	2.54	57.35	26.09	35.13	13.37
40.88	50.08	15.84	159.27	1.81	26.75	49.35	9.55
70.77	31.9	69.31	51.56	17.04	24.74	46.52	37.61
9.28	9.02	18.61	5.96	5.54	2.65	14.1	18.73
1.03	3.66	36.34	10.68	13.73	20.48	23.07	62.48
2.6	11.34	3.59	5.9	4.84	5.2	5.9	20.35
80.57	74.64	35.81	110.88	118.29	105.97	31	38.38
72.32	60.54	32.15	56.62	5.32	27.29	24.77	6.84
35.77	4.7	9.59	8.07	19.51	30.89	85.45	15.21
1.7	1.01	22	2.25	9.24	7.72	16.48	15.81
3.61	18.06	12.73	4.05	14.93	72.98	75.73	10.79
28.23	4.79	9.52	6.46	17.24	28.08	9.3	24.83
19.17	73.24	13.96	57.76	10.08	30.99	29.54	8.81
34.05	37.89	6.32	135.06	9.64	47.72	139.23	30.53
34.48	11.42	15.21	2.48	33.26	54.15	3.02	32.02
88.07	52.84	65.29	5.89	5.13	104.55	189.42	77.85
3.53	100.78	3.77	42.95	9.98	18.64	25.27	32.22
8.86	16.72	9.95	9.72	17.47	33.48	4.01	4.85
5.94	49.82	3.91	16.26	14.2	21.92	28.09	21.9
3.49	1.76	7.91	4.97	11.01	7.89	6.9	7.57
12.09	10.28	5.65	23.76	18.94	8	24.78	33.29
1.78	1.51	1.51	5.15	3.58	2.16	1.45	1.95
5.06	5.42	2.81	6.18	9.47	44.43	9.1	1.65
6.41	7.19	13.82	19.33	11.6	20.57	12.05	6.13
28.42	9.31	15.18	4.1	36.42	53.95	23.05	25.34
15.73	91.98	39.67	32.61	42.35	66.79	28.78	51.09
7.72	1.07	8.87	17.94	1.03	2.31	1.39	13.28
6.35	5.19	8.01	28.47	17	1.54	40.43	2.38
86.86	2.39	16.06	20.32	17.99	92.99	11.47	38.81
11.61	26.24	13.81	15.78	15.03	69.29	6.58	69.16
2	9.16	1.3	3.91	1.1	4.92	2.54	3.88
90.88	42.42	65.17	83.43	15.83	9.07	41.72	101.76
20.2	9.93	2.15	10.93	24.02	7.42	4.57	6.06
16.9	16.21	28.73	34.03	74.88	53.95	34.38	70.49
53.75	86.49	55.81	19.03	54.65	47.79	24.17	29.69
6.5	14.86	27.7	14.47	3.29	4.27	25.66	1.68
5.91	24.42	2.21	19.92	18.46	9.5	28.32	6.55
1.02	2.65	2.09	1.66	3.17	9.55	3.31	4.06
2.45	2.26	4.4	3.81	2.7	3.93	3	8.5
8.87	5.31	47.47	2.17	11.64	21.19	5.04	2.09
9.03	4.98	4.31	50.76	68.08	18.69	24.89	23.04
2.79	16.41	10.34	14.91	21.36	26.9	15.59	7.47
8.75	18.94	1.81	14.02	6.75	14.43	24.69	5.92
37.12	38.12	62.65	22.31	16.67	51.46	20.6	8.02
1.67	14.35	13.81	15.79	6.5	36.27	49.7	28.33
32.03	155.34	74.77	56.04	372.59	37.14	34.88	6.03
1.63	2.05	1.07	9.38	1.17	4.29	1.71	2.03
7.73	3.43	5.14	21.82	10.78	1.5	8.32	8.89
34.08	4.39	3.28	43.66	30.58	6.18	4.91	8.86
47.75	57.34	216.82	107.31	65.17	48.19	82.04	216.64
12.37	4.66	33.28	4.13	12.07	3.36	89.41	9.53
104.15	18.66	3.57	158.09	86.4	3.05	53.73	33.52
4.69	24.27	67.79	12.32	26.75	27.45	35.89	3.85
6.09	9.37	4.39	5.43	16.49	2.75	4.19	2.15
27.5	27.36	7.94	4.9	14.75	7.54	3.98	18
7.18	10.87	4.69	8.17	10.06	3.01	4.54	6.25
21.98	21.63	32.87	9.99	7.38	7.92	14.29	16.5
1.49	9.49	16.67	27.45	11.51	3.27	1.14	13.53
6.76	9.78	7.46	28.48	13.61	3.64	8.51	5.27
28.87	22.32	1.89	11.1	59.51	6.5	9.38	3.99
17.15	23.86	72.66	95.71	5.63	11.71	2.19	28.54
48.47	13.25	15.46	7.67	20.63	48.7	16.21	5.36
50.71	6.95	38.06	71.55	15.59	5.99	11.01	25.81
2.18	1.58	4.34	1.06	2.49	1.61	2.33	2.76
7.45	2.8	20.41	11.16	3	3.06	6.47	11.82
114.2	13.81	66.67	19.22	2.71	25.31	40.48	12.5
19.7	29.21	22.01	9.56	9.94	22.69	17.63	12.57
3.75	7.5	6.07	13.97	6.28	6.05	5.62	6.37
4.86	58.03	1.01	68.43	4.51	127.44	135.77	1.88
68.25	49.72	5.98	48.43	71.08	85.39	38.53	59.43
3.12	2.73	1.1	1.62	1.77	2.58	2.26	2.25
20.49	18.49	33.76	22.9	15.82	26.63	8.25	5.29
24.06	15.82	7.74	7.68	4.14	11.64	35.28	22.4
31.9	107.73	28.12	8.73	28.46	1.8	40.43	3.71
15.62	11.26	19.35	15.04	8.88	2.72	84.27	10.27
7.92	9.87	21.53	97.06	23.83	21.82	8.6	13.14
4.6	16.57	9.67	3.8	17.99	7.08	1.13	2.75
11.31	6.08	7.04	2.15	5.86	6.45	5.7	6.88
12.08	62.54	6.37	37.67	13.74	62.89	17.93	14
2.92	27.6	1.49	2.95	17.77	29.96	13.04	1.29
4.64	1.95	1.77	5.26	5.91	30.8	2.55	14.15
32.58	52.98	58.05	34.03	7.88	35.42	22.59	2.95
30.47	12.97	50.56	12.55	4.3	9.03	3.08	17.29
4.47	3.11	2.78	20.4	1.55	19.3	42.85	5.44
35.11	1.52	19.02	8.03	3.64	1.73	16.75	5.63
7	10.69	7.09	5.65	12.95	9.26	6.02	6.07
4.48	3.08	5.29	1.4	1.67	5.76	4.6	3.43
9.71	7.6	42.84	5.56	17.09	24.45	16.81	10.98
40.46	81.38	30.98	67.43	100.33	70.08	26.38	17.72
4.18	8.43	3.83	5.69	2.03	1.52	1.09	5.15
5.1	47.3	28.24	23.47	4.95	10.34	67.45	39.24
18.58	52.39	12.34	26.45	47.4	32.49	8.37	19.15
5.18	9.87	36.68	25.88	25.98	16.01	25.3	15.93
29.46	14.32	106.32	23.41	40.92	58.37	41.48	12.38
43.48	6.83	25.2	57.83	37.41	35.45	19.75	35.23
4.37	13.15	6	4.25	16.79	16.94	32.72	8.1
76.37	17.8	15.74	21.81	58.5	60.52	18.72	199.95
42.27	99.07	46.16	5.1	124.3	53.28	19.58	19.04
88.73	49.2	91.36	51.11	9.35	24.9	120.17	1.79
79.13	39.17	16.11	79.61	24.11	15.7	3.16	2.65
2.21	6.77	3.41	1.16	2.11	1.57	5.52	5.02
2	1.02	13.7	4.58	1.44	5.68	12.32	6.88
1.2	6.74	1.58	5.74	33.74	10.11	1.17	5.58
24.45	5.09	2.66	3.28	7.19	2.96	5.98	15.68
29.81	29.68	26.3	30.12	72.1	43.27	4.51	20.11
71.05	16.04	89.93	29.46	11.95	16.96	8.49	30.08
20.29	15.06	7.44	5.23	17.2	10.39	6.55	2.69
86.54	29.29	16.04	16.64	4.16	45.95	143.12	467.15
2.46	1.12	5.62	13.39	5.04	4.06	8.4	10.8
20.43	49.71	58.07	7.35	3.77	29.2	5.58	35.4
1.89	4.44	1.13	1.85	8.37	2.8	3.34	10.32
16.6	4.58	9.88	10.35	18.05	21.55	2.29	37.93
18.64	11.05	43.24	3.98	3.27	8.77	16.66	32.93
29.05	5.25	55.47	6.04	32.26	3.75	13.92	41.74
32.98	69.49	11.38	49.11	20.46	47.48	49.82	24.52
27.96	23.36	8.49	20.13	38.47	19.79	28.49	48.15
3.45	5.3	7.63	20.75	2.07	1.08	14.15	10.25
33.68	20.8	3.62	6.23	47.19	2.85	136.17	38.77
36.98	56.01	22.22	5.51	1.13	6.17	6.19	36.42
15.45	5.11	10.05	8.74	9.21	27.59	31.31	3.39
1.13	5.28	16.21	9.59	1.01	2.49	5.06	14.09
3.54	1.2	1.36	2.83	3.14	1.49	3.51	1.39
5.71	4.31	1.58	4.93	18.37	9.81	3.63	4.47
2.25	10.19	24.72	4.42	2.21	6.94	6.82	4.96
39.11	74.17	89.07	23.43	57.56	63.87	86.38	39.49
91.53	443.49	76.96	262.32	149.78	49.35	212.85	111.68
4.14	4.26	2.03	7.48	3.33	2.76	1.25	1.99
24.22	23	2.81	173.13	31.68	48.42	70.66	6.91
116.8	36.95	11.01	9.31	114.86	50.23	10.29	27.05
38.93	18.32	23.81	13.91	8.65	31.65	3.1	67.21
1.78	6.11	4.84	6.74	4.22	1.45	20.35	3.28
10.44	9.68	1.64	17.4	7.34	4.72	16.18	3.32
9.64	50.64	38.32	31.28	46.47	13.31	17.58	23.12
63.91	10.26	267.9	75	50.43	34.39	106.94	127.77
53.38	8.55	77.86	45.1	23.58	26.31	37.98	7.02
7.02	7.93	13.32	10.89	24.35	2.34	1.91	42.52
18.01	4.22	66	63.49	24.24	7.11	90.51	66.61
22.53	6.45	40.27	22.1	18.89	27.6	27.77	33.65
2.07	4.36	4.43	6.19	3.32	14.96	4.48	1.32
12.62	3.18	4.81	1.65	20.47	19.59	2.46	31.91
2.63	4.87	4.06	7.08	1.41	2.39	6.33	3.4
9.73	4.14	1.05	1.81	8.11	1.73	4.67	1.25
45.1	17.01	18.43	28.3	4.91	68.99	9.5	1
42.76	59.25	68.43	46.35	23.77	43.48	52.58	55.46
23.9	57.56	21.14	3.33	24.56	10.2	36.2	117.88
23.26	28.82	9.97	8.27	12.93	25.58	9.83	10.3
2.05	2.54	1.41	2.98	2.18	1.82	1.15	2.62
30.18	15.75	20.77	16.04	21.08	66.81	14.82	25.94
2.67	2.2	15.42	5.92	13.77	1.66	6.01	22.52
2.9	3.34	7.13	2.08	1.77	1.74	5.57	3.43
26.55	28.47	19.32	16.22	88.39	109.69	32.37	12.54
73.95	8.1	28.85	35.34	4.69	6.98	14.14	10.11
5.26	10.57	37.77	12.59	5.88	7.49	5.2	1.21
1.4	6.4	4.96	1.18	3.28	8.08	6.42	4.94
1.92	5.21	22.25	2.78	22.39	2.61	10.79	11.48
51.77	14.07	10.81	7.49	1.95	6.97	8.18	4.87
13.63	6.82	5.92	5.36	17.65	9.23	13.39	17.79
90.73	45.79	14.69	18.62	24.6	33.71	2.39	7.51
7.38	19.95	24.54	5.51	2.75	49.85	29.98	3.32
15.71	59.62	2.27	3.94	26.53	13.64	14.6	40.25
3.81	10.49	2.76	5.55	2.5	1.33	2.85	3.54
26.66	1.68	14.93	19.93	34.82	18.7	9.41	13.06
8.87	1.42	2.89	1.31	7.64	1.33	4.36	4.02
10.13	20.24	62.72	27.09	8.96	31.04	27.96	87.1
124.43	34.68	24.07	12.15	70.03	104.83	14.16	17.2
9.85	15.26	10.28	18.36	63.05	1.28	9.86	4.51
53.32	13.16	1.91	9.59	5.44	14	2.68	2.28
17.5	1.55	9.04	35.64	24.61	8.18	16.58	6.83
51.86	22.78	107.69	41.01	40.2	33.24	6.74	69.04
36.6	15.67	21.73	20.83	22.95	8.12	15.35	6.57
27.3	19.19	4.69	4.17	24.31	25.96	40.46	6.03
20.54	32.97	35.92	78.25	21.9	15.07	20.22	39.99
1.41	8.24	8.36	21.96	18.64	1.18	4.64	2.84
30.23	41.15	5.91	91.58	7.17	139.33	25.92	30.12
62.96	44.2	44.1	87.6	107.51	29.65	23.08	10.35
25.12	26.84	36.72	47.04	19.55	89.13	31.48	20.2
1.07	5.31	1.31	2.31	6.41	2.77	5.5	8.13
26.58	5.21	6.04	19.82	4.26	22.28	15.98	2.15
8.16	6.66	1.16	4.27	2.26	2.53	7.56	1.87
3.54	27.21	2.06	28.47	16.38	5.25	4.45	12.32
9.81	3.33	4.94	5.23	13.18	14.44	14.5	1.17
81.94	27.85	1.88	18.1	20.92	17.55	20.77	57.6
3.86	69.26	173.62	156.74	117.73	11.85	57.35	52.44
9.79	118.34	58.48	7.98	231.91	86.5	22.49	23.51
37.74	43.77	75.74	108.99	12.09	344.49	15.45	15.67
4.45	38.6	8.82	16.02	7.03	24.21	19.94	47.65
388.22	163.04	274.91	843.91	255.83	219.48	641.67	467.62
11.4	9.62	4.37	3.21	2.9	6.1	2.64	7.91
25.26	9.68	83.45	13.14	54.62	61.91	33.09	68.22
14.2	27.56	20.42	14.17	5.71	4.45	15.72	62.81
44.61	15.54	29.26	24.13	4.33	22.28	31.46	34.74
8.24	11.95	20.75	59.5	7.42	26.07	39.23	18.94
2.36	4.69	20.66	18.29	11.02	13.5	12.7	15.65
26.12	50.21	12.83	12.16	1.54	3.73	26.2	8.88
2.49	1.23	14.85	9.74	6.37	28.33	19.27	1.6
15.13	16.22	4.73	21.48	22.48	61.51	5.88	14.11
14.57	2.18	11	5.89	5.19	7.44	11.63	1.12
31.25	3.18	9.58	6.4	18.23	6.6	6.11	5
1.83	1.89	1.83	1.29	1.5	2.54	4.49	8.78
29.03	34.24	7.64	27.02	23.46	9.33	14.38	52.28
18.44	11.5	15.16	14.59	24.53	5.47	4.21	11.44
66.53	4.35	7.12	34.9	58.98	34.57	17.42	7.89
1.9	5.89	27.48	18.07	6.36	18.76	45.06	74.42
8.42	8.59	18.99	1.04	5.64	26.27	2.71	3.57
7.69	2.03	38.31	12.91	40.43	3.01	7.91	19.51
1.2	3.24	3.05	2.49	1	1.9	4.7	3.6
72.94	67.02	3.41	48.93	31.25	44.72	21.27	69.68
11.59	5.59	1.16	4.18	3.68	4.27	3.6	6.84
8.22	22.08	4.24	7.81	8.07	3.23	1.49	1.45
4.34	2.91	21.96	6.29	6.72	3.25	1.14	1.91
6.99	6.35	5.35	13.35	3.99	1.35	8.57	1.52
19.5	2.05	9	2.76	6.93	4.53	6.07	8.06
29.57	44.19	36.75	113.7	15.55	17.9	22.36	52.37
21.4	63.28	71.27	9.99	24.91	28.7	108.69	44.23
1.76	5.7	1.13	4.54	11.92	3.81	3.44	3.79
31.82	3.46	2	13.87	37.38	46.21	5.74	20.6
58.35	57.28	79.75	107.6	159.58	206.54	50.83	195.18
99.14	83.09	55.09	108.14	36.64	50.82	81.15	70.75
30.17	25.06	3.13	13.79	27.4	73.6	21.94	11.17
11.53	20.18	14.84	18.59	70.89	38.51	14.81	4.91
85.26	12.98	11.07	9.69	3.68	5.46	70.42	29.78
8.75	1.75	7.46	1.76	10.34	27.84	10.14	3.08
83.79	7.49	165.57	183.69	113.84	113.56	144.43	93.19
63.81	39.15	30.16	45.43	42.27	75.08	48.59	31.75
189.02	103.65	19.25	168.44	185.34	166.14	73.8	134.44
9	3.38	9.67	20.86	11.53	23.61	15.33	9.49
12.61	13.28	42.74	34.21	48.43	31.14	16.45	25.48
2.35	37.15	13.83	3.91	12.98	49.89	1.88	45.13
2.18	55.91	16.18	73.94	100.04	139.76	51.55	56.67
137.41	101.59	82.91	123.11	39.14	357.55	225.15	19.05
32.59	18.24	20.16	16.07	6.66	26.8	24.79	54.05
7.16	59.59	81.14	3.18	44.45	32.31	159.28	123.48
22.38	76.74	161.03	119.95	40.28	33.92	43.66	6.52
23.12	7.77	6.39	3.03	2.36	23.95	27.63	21.46
21.02	21.85	21.25	14.99	11.41	5.55	88.82	23.15
21.12	22.08	27.65	47.75	8.11	4.48	25.2	7.5
15.3	21.83	38.39	9.18	25.65	30.22	16.74	54.75
12.41	39.31	17.5	36.93	10.17	3.25	36.29	15.68
3.27	3.06	2.75	10.01	1.59	2.49	5.61	5.72
2.08	3.46	21.99	15.13	17.62	9.85	10.34	7.33
51.56	36.51	121.27	22.96	87.92	12.2	155.84	7.82
4.92	3.83	5.11	1.41	7.06	1.78	4.16	2.42
3.18	3.76	1.06	5.78	4.17	3.57	2.37	15.19
14.92	5.83	1.06	5.89	32.9	18.25	2.59	6.96
24.3	5.39	62.46	3.11	23.22	30.37	3.93	17.95
72.26	72.86	81.46	44.75	140.88	16.15	12.04	56.59
3.63	113.54	72.13	65.25	2.73	23.56	45.15	23.89
19.08	68.51	24.57	11.3	48.21	6.73	1.96	16.76
28.17	97.14	195.23	96.66	265.86	60.35	32.89	30.32
152.26	20.07	13.27	59.12	27.59	71.89	59.55	3.96
9.48	19.57	9.35	112.11	86.25	24.96	20.06	12.52
24.99	36.84	76.56	54.62	29.07	3.61	8.87	20.52
89.22	21.8	24.91	99.9	5.09	7.31	56.23	95.07
22.65	63.51	36.68	20.13	140.81	10.79	204.13	28.91
3.22	1.22	1.66	1.34	1.2	1.07	2.25	5.74
41.48	15.06	26.2	26.15	23.1	34.25	15.07	24.21
3.31	19.73	7.21	2.54	31.47	9.06	32.92	2.81
3.4	6.24	2.23	8.84	1.09	7.11	1.39	2.04
143.49	30.21	71.21	4.29	17.04	6.91	20.27	141.28
24.17	97.81	114.12	7.3	59.87	108.11	40.86	172.66
184.09	19.68	26.39	15.34	1.54	65.83	62.96	49.52
32.95	25.57	111.47	33.36	37.14	9.84	16.73	13.15
99.1	51.5	38.66	1.15	71.77	5.66	58.86	32.32
21.1	33.36	9.82	18.81	7.12	13.95	13.9	18.12
3.27	1.35	4.42	40.1	6.09	99.72	16.22	115.49
8.86	7.86	12.94	6.85	20.26	2.97	10.94	3.98
6.72	4.51	3.75	3.63	2.99	11.31	21.99	7.99
82.93	34.07	102.59	40.84	182.75	54.58	110.63	23.49
70.71	31.26	9.17	16.48	8.9	3.3	53.38	15.54
6.61	112.26	18.91	36.46	3.92	132.12	117.2	5.81
11.93	2.58	2.91	41.23	3.54	6.96	7.76	6.8
42.97	19.16	5.55	16.78	31.49	4.01	9.39	33.55
2.62	8.51	12.38	44.71	54.32	31.48	15.15	26.7
1.35	2.06	3.2	13.65	1.55	1.21	2.77	1.82
89.49	38.76	59.62	7.27	27.49	27.64	9.04	122.34
2.85	3.26	5.05	5.58	2.06	3.35	3.05	1.88
2.08	1.08	6.84	8.21	5.98	17.21	3.82	2.77
6.01	4.97	14.16	32.07	6.81	4.8	6.16	6.49
15.27	5.83	1.41	13.96	39.81	3.23	21.72	47.85
6.51	4.01	4.76	4.77	9.18	5.48	6.6	4.5
12.31	63.49	19.52	13.99	31.17	48.07	67.96	24.81
5.11	13.88	2.33	7.91	14.07	17.13	2.28	8.9
26.48	18.68	63.24	51.56	7.99	28.78	10	43.16
40.9	199.04	111.7	26.35	3.71	37.48	30.07	56.07
1.4	4.08	9.1	1.45	8.62	11.81	3.26	2.35
19.83	22.7	11.42	2.61	10.21	5.28	24.34	5.33
4.67	3.99	4.49	1.41	2.64	1.15	1.6	2.41
51.67	9.37	129.56	31.41	51.02	71.92	25.59	59.91
26.89	38.23	72.69	23.06	214.87	2.79	21.48	9.76
9.21	15.28	24.27	91.71	70.94	78.43	57.73	122.85
5.45	3.05	11.32	8.03	7.88	12.55	1.6	18.76
63.41	4.72	30.24	13.12	22.97	1.16	48.29	30.99
22.45	20.24	1.45	8.73	1.1	32.12	32.51	6.9
1.99	7.16	7.84	12.57	1.92	10.41	2.6	13.13
17.88	61.4	1.5	12.05	24.86	15.46	37.24	7.74
28.83	13.91	4.41	59.75	32.84	22.15	51.58	8.16
1.18	15.39	4.02	7.46	67.12	15.19	20.48	4.91
26.25	26.06	87.24	41.65	19.67	9.36	28.47	5.41
126.32	29.89	35.56	42.33	95.16	107.91	5.53	155.3
1.08	1.06	4.92	18.31	1.84	4.09	11.8	5.61
47.49	15.79	50.57	76.51	34.69	8.74	23.88	10.94
135.65	238.36	35.49	187.15	76.97	105.54	30.72	41.75
2.48	1.36	8.26	7.29	7.84	8.96	6.19	16.79
29.64	29.79	23.83	32.65	72.32	17.03	31.96	35.99
2.21	11.6	2.11	1.79	4.78	36.11	11.35	4.57
16.64	3.42	13.65	2.17	5.05	24.96	7.11	7.03
92.45	29.48	16.48	37.58	48.47	104.19	64.9	23.43
1.26	17.24	16.35	9.26	26.02	21.36	10.55	1.94
5.95	7.85	2.88	8.97	41.15	7.85	3.39	6.97
12.64	82.93	2.52	21.01	26.84	17.8	12.52	288.81
5.88	1.65	1.67	1.82	7.11	2.42	4.82	2.16
30.84	17.32	37.31	16.61	31.5	52.79	34.05	50.01
6.1	1.25	7.83	35.32	5.15	24.95	37.24	6.15
44.39	26.61	56.65	89.42	60.69	226.43	60.8	63.61
79.62	159.44	23.03	101.38	295.82	111.75	57.99	107.15
18.15	11.27	62.42	13.75	75.92	85.17	21.75	33.32
1.86	3.46	10.84	6.21	1.56	1.35	13.18	14.33
21.91	11.56	1.97	4.7	53.99	17.02	20.55	12.58
42.37	31.16	90.99	7.27	68.93	18.26	237.96	101.15
3.35	3.62	3.06	1.04	1.48	1.8	1.85	1.3
15.24	3.45	2.64	16.09	15.71	4.2	12.77	3.14
11.26	42.46	35.05	41.76	49.49	34.73	1.54	33.79
4.45	1.82	15.13	22.83	4.6	29.19	6.75	6.54
33.11	107.89	11.08	14.18	43.99	14.94	32.55	61.02
28.39	1.9	6.83	8.01	1.95	17.14	1.45	11.27
28.04	2.22	14.73	52.4	8.28	37.26	9.76	16.45
37.6	58.36	64.63	25.74	6.61	114.7	83.38	226.85
23.91	21.69	66.22	13.56	59.55	9.07	7.67	19.15
145.5	80.76	193.96	43.7	37.59	26.58	131.46	66.09
4.79	4.42	5.98	1.93	5.72	10.23	3.57	1.91
3.34	6.21	4.94	2.28	5.5	2.19	3.57	2.75
17.06	10.94	17.78	22.78	19.36	22.78	4.4	15.43
1.89	4.93	2.41	16.55	31.32	6.9	2.8	3.17
28.31	5.07	1.63	8.01	6.62	2.36	10.44	8.43
79.03	44.61	13.76	45.45	16.33	19.61	86.8	29.52
91.34	39.57	51.21	11.64	22.47	81.16	68.43	20.3
13.11	6.56	6.65	33.98	27.5	19.65	21.75	47.81
35.55	101.47	33.11	2.8	12.09	25.8	86.86	19.51
139.34	32.57	7.84	22.5	3.31	8.25	72.51	56.13
142.86	111.62	17.07	95.34	42.67	102.93	89.53	29.31
15.6	32.83	45.92	28.55	83.58	165.57	120.11	23.56
9.3	19.16	17.82	140.32	13.55	48.69	26.14	51.8
5.4	12.32	32.85	42.44	6.19	51.91	47.1	101.54
78.68	43.74	55.86	12.91	3.66	32.53	42.24	3.9
98.56	33.79	71.91	84.68	43.15	3.84	48.75	21.08
14.9	14.49	22.1	10.99	13.57	1.38	12.08	9.14
15.19	165.11	106.02	61.07	78.14	4.49	112.19	13.88
1.98	6.05	2.27	1.56	3.68	1.61	2.09	1.6
16.78	11.38	15.53	6.88	31.13	2.05	16.25	12.29
8.83	90.79	32.3	27.82	6.3	30.18	62.14	36.8
4.57	4.84	5.83	6.51	3.87	2.74	1.3	7.3
15.73	21.52	63.43	16.23	6.87	11.66	33.51	110.13
35.59	54.03	147.91	66.95	209.67	216.53	2.4	162.18
30.47	71.14	116.29	89.76	2.56	37.41	17.36	12.19
46.72	2.8	59.8	37.03	22.07	16	1.91	46.3
64.02	13.7	5.7	13.08	23.44	22.17	11.21	32.79
93.02	80.75	2.47	118.23	4.74	21.33	79.99	6.7
19.88	2.77	5.11	5.22	12.68	5.32	11.48	10.39
2.27	22.01	37.27	12.5	13.79	6.68	30.24	7.25
28.95	43.24	21.77	60.03	57.32	62.47	64.13	163.42
9.61	44.47	36.24	2.45	19.56	32.2	4.21	22.02
24.79	16.95	6.25	5.98	5.32	3.14	1.14	4.44
23.54	8.98	20.08	13.7	57.09	27.45	18.67	42.37
12.37	39.25	18.06	32.27	40.06	12.23	111.83	18.19
38.62	13.01	1.28	20.62	31.51	22.05	9.62	14
73.15	180.38	4.92	350.64	409.85	18.26	135.92	29.08
8.4	59.76	71.78	13.52	26.23	47.2	34	61.64
13.95	6.93	55.03	5.99	5.56	13.6	2.6	12.18
1.35	3.02	1.17	1.37	2.92	3.25	9.53	1.06
10.76	23.43	40.13	32.77	11.69	2.43	35.19	9.74
3.75	31.49	19.09	6.9	1.79	10	34.86	4.57
53.23	59.65	59.74	110.95	6.34	24.56	15.07	22.59
8.8	3.61	6.72	3.5	13.07	4.77	2.59	2.11
104.74	107.28	145.71	171.92	72.86	212.38	20.76	35.14
1.72	1.65	18.11	22.89	1.22	14.78	24.8	6.84
20.84	12.6	11.01	42.73	21.34	29.85	18.59	56.18
43.24	24.81	64.7	35.56	54.76	25.3	31.73	9.35
56.69	47.63	43.23	15.27	35.02	21.8	32.32	46.89
23.86	29.37	2.33	11.53	51.95	24.2	13.82	8.54
59.83	14.4	2.57	7.86	13.12	47.82	6.96	38.37
5.32	2.89	4.99	6.3	5.97	2.51	2.41	7.53
11.85	45.57	4.77	124.93	9.4	9.35	2.21	15.21
11.88	9.13	11.51	21.1	7.61	6.6	1.89	17.61
27.57	115.29	107.94	27.97	86.86	30.04	66.81	142.91
129.17	140.63	83.09	20.88	247.61	404.75	90.15	16.11
4.56	2.82	9.26	6.21	1.29	5.08	9.45	15.55
45.24	81.99	27.8	33.47	38.86	18.74	7.37	8.66
11.34	55.64	185.4	51.43	201.02	8.73	70.63	201.71
5.42	1.62	15.51	1.1	1.97	10.86	8.44	4.49
9.65	36.92	41.82	17.11	38.2	38.79	6.29	9
4.64	2.35	24.79	6.58	32.01	4.98	7.35	20.23
5.22	1.18	1.21	1.74	4.67	1.36	6.13	4.3
1.94	9.88	18.17	2.17	3.12	19.1	3.55	16.39
3.62	1.44	1.31	4.2	4.13	2.27	3.13	1.1
78.83	26.16	97.69	40.98	79.74	17.26	16.36	131.05
91.21	19.32	9.26	25.3	22.35	41.04	15.08	5.02
22.48	2.78	10.51	2.27	36.59	38.42	13.92	36.76
10.05	4.2	104.85	44.15	73.59	9.65	62.49	16.52
11.34	7.24	5.12	3.77	5.6	5.85	2.68	1.47
25.3	21.73	23.15	50.76	292.18	15.81	44.97	13.34
30.22	8.09	6.35	79.98	41.84	7.94	38.17	15.68
28.46	31.09	8.42	25.44	12.88	3.46	16.3	7.56
2.27	12.54	5.08	72.06	33.71	13.94	43.97	56.59
12.44	11.54	3.42	1.65	21.4	10.05	3.4	12.18
28.77	35.87	8.89	10.64	23.64	49.71	13.1	38.14
15.47	27.69	19.99	39.48	21.65	6.18	2.06	16.17
37.58	3.28	1.5	28.48	5.42	11.73	10.62	33.65
9.76	7.05	46.75	22.89	35.32	8.91	35.81	37.18
47.9	59.5	4.31	33.09	28.32	2.87	19.69	5
128.03	9.12	133.74	36.44	46.83	240.33	13.47	57.54
46.75	74.8	61.6	19.58	40.66	12.56	40.28	86.4
3.18	3.62	11.54	22.99	43.52	29.8	45.32	22.15
11.76	9.95	4.33	2.21	2.47	2.31	23.97	11.59
3.04	14.02	7.41	11.86	6.53	3.37	7.31	12.71
5.29	2.39	38.54	22.59	134.66	11.66	5.16	108.81
8.64	14.17	16.68	16.25	7.41	27.4	1.14	52.21
9.61	5.14	5.82	10.34	15.44	17.64	34.74	17.12
98.3	27.35	24.24	37.95	5.34	1.69	20.92	44.2
72.68	96.48	77.72	54.06	37.57	108.62	48.03	43.09
3.12	1.68	3.18	2.27	3.01	2.08	2.82	3.45
9.38	37.88	8.72	19.3	45.91	22.47	51.41	10.62
21.25	5.49	2.06	33.15	8.53	5.04	10.97	8.38
33.03	6.14	6.36	6.64	7.52	13.69	8.78	9.18
26.43	21.02	4.96	9.84	2.1	23.82	108.63	64.94
3.18	18.22	7.68	2.49	1.01	8.58	13.61	13.75
12.16	184.66	19.82	22.27	183.51	31.91	63.75	15.71
56.32	43.05	128.93	71.05	44.83	55.66	8.32	168.61
6.25	8.99	3.23	5.98	29.54	6.8	21.67	4.86
8.25	14.25	3.51	50.37	26.68	7.68	53.67	12.78
1.13	27.96	7.55	2.87	24.13	11.33	3.63	18.41
4	4.6	4.89	20.99	23.02	32.78	18.16	4.39
12.69	34.94	11.63	7.09	67.5	53.44	20.28	5.4
25.64	25.51	13.35	7.8	35.92	20.23	49.9	3.95
30.21	81.25	73.24	277.67	4.11	71.93	41.57	95.59
10.09	30.97	12.21	19.65	11.34	58.99	43.3	58.92
11.55	1.23	1.69	2.21	4.93	1.23	12.03	6.71
2.39	56.17	29.44	17.61	15.4	24.18	7.2	74.12
19.66	26.7	5.2	22.47	6.2	15.46	23.64	19.98
15.92	152.99	1.55	87.21	46.54	8.66	17.98	24.67
36.9	11.29	48.76	3.42	9.42	14.34	58.26	157.67
5.86	5.05	24.08	5.04	10.29	8.92	2.72	6.07
13.55	16.78	24.65	7.08	9.52	5.7	18.24	60.83
1.06	12.47	2.52	1.7	10.9	6.02	3.74	14.21
14.04	14.97	14.19	3.92	14.91	4.47	13.38	13.23
30.65	45.51	9.84	22.55	8.98	4.9	28.78	24.82
25.28	17.88	30.25	28.34	17.31	41.35	26.98	10.51
58.99	90.65	54.03	159.01	81.62	11.36	44.97	101.54
123.24	27.46	77.57	19.37	87.25	67.06	38.24	10.38
52.09	15.41	67.68	1	4.11	13.96	17.35	8.86
