14.5	14.2	5.64	12.96	6.79	9.51	10.35	5.77
5.88	2.46	23.3	1.63	7.82	13.01	1.41	4.84
1.14	5.98	2.13	2.71	2.52	5.28	4.54	3.93
14	29.48	35.59	2.33	28.25	16.35	7.41	5.88
13.8	5.48	30.88	24.12	7.54	3.67	14.06	14.27
60.76	12.38	1.19	12.78	15.73	32.22	60.37	8.2
77.97	154.88	102.6	81.82	72.86	62.45	71.17	44.82
10.02	186.5	32.82	15.11	90.1	82.54	63.56	47.59
7.7	4.19	7.56	3.35	11.92	5.43	13.69	11.24
13.32	79.94	39.91	29.65	33.95	8.51	18.53	39.16
17.28	3.79	8.3	1.04	14.89	15.55	7.65	24.79
40.04	14.71	33.01	22.35	4.22	8.64	132.63	34.27
1.37	3.03	2.86	3.3	2.92	9.51	8.06	3.95
15.34	5.99	25.99	22.89	3.35	4.4	31.81	6.37
9.71	18.11	8.52	1.6	2.7	8.88	10.74	7.3
26.11	50.45	52.25	85.68	126.46	7.94	19.72	26.18
18.03	11.15	10.94	8.97	13.87	10.19	25.87	4.36
7.17	2.76	7.24	17.22	9.12	14.22	2.7	11.92
42.92	36.46	111.37	14.65	11.77	12.69	115.76	3.92
23.81	52.58	60.61	50.67	6.71	41.48	10.4	16.26
12.9	7.25	4.12	7.77	6.92	2.93	4.11	2.43
58.75	25.02	49.22	42.69	55.84	26.85	118.62	42.92
23.69	16.78	26.45	7.87	62.95	31.8	14.98	12.11
119.66	5.49	65.14	24.62	2.87	1.13	45.7	36.9
1.52	5.5	1.69	1.17	5.24	1.5	5.5	2.41
126.32	11.68	24.78	31.14	20.6	46.62	8.13	64.84
11.35	4.9	33.77	22.01	31.44	60.89	8.22	63.47
14.67	15.99	6.45	5.68	2.56	6.08	4.01	5.01
98.73	59.01	87.42	15.66	2.77	4.4	1.97	19.21
13.11	18.53	2.74	4.33	8.64	11.3	4.75	4.33
13.12	22.2	19.8	16.99	7.97	43.09	14.38	5.6
46.49	9.51	58.74	10.21	14.75	28.34	52.03	27.28
5.25	25.24	3.25	2.84	6.14	1.71	3.5	4.6
45.66	13.38	8.62	23.51	21.37	22.18	5.96	31.81
18.76	8.74	14.99	10.67	16.46	16.41	1.17	12.48
15.62	4.67	3.88	35.5	6.88	146.1	6.17	86.87
249.38	43.83	70.53	145.52	2.18	14.5	18.23	24.98
114.12	13.43	30.71	49.76	23.36	13.29	16.85	18.88
14.96	7.82	8.22	58.66	11.77	10.07	57.3	56.81
6	3.69	3.94	3.96	1.64	1.18	2.97	31.67
14.72	71.88	28.6	14.17	10.77	1.05	68.22	74.15
6.77	9.45	19.99	3.9	3.38	2.99	7.15	3.44
55.42	129.52	46.7	8.02	32.52	43.29	66.58	129.02
43.15	135.01	92.44	91.37	29.58	22.07	129.06	80.5
23.44	5.13	16.62	53.24	31.24	48.87	9.35	35.14
50.54	48.82	3.45	2.48	26.39	5.65	6.92	2.38
3.04	41.1	58.1	38.53	28.34	2.42	55.95	21.56
8.86	66.37	2.42	7.09	9	21.63	23.32	16.93
4.81	4.72	9.94	6.95	5.75	4.72	5.3	3.94
5.87	7.46	5.72	52.97	18.63	35.72	13.56	8.65
3.07	9.36	67.78	9.44	64.12	13.46	28.81	18.41
8.99	39.96	20.2	19.55	7.74	42.67	7.55	23.08
27.96	8.58	31.94	5.3	8.82	5.92	9.52	6.36
44.23	16.86	4.51	27.35	33.41	3.41	16.39	26.07
43.85	42.97	27.49	54.88	182.33	7.46	33.35	29.82
45.86	44.71	16.63	61.84	46.41	286.53	18.33	46.97
39.12	66.14	6.01	1.5	15.16	22.46	23.33	40.86
22.36	2.12	4.6	4.49	3.28	1.76	7.52	7.49
125	97.69	25.74	10.54	139.19	3.44	71.38	7.38
17.31	1.63	20.38	6.54	4.3	3.37	3.37	4.92
194.82	169.54	21.58	126.62	16.86	32.09	114.64	53.41
51.43	39.6	70.71	22.75	49.91	25.23	47.31	19.32
6.65	4.27	9.32	5.57	18.96	14.24	1.61	10.75
4.51	54.64	33.53	81.79	40.51	15.39	16.6	3.27
53.75	44.36	74.22	250.56	63.93	126.61	187.42	9.89
15.7	109.99	2.95	2.18	14.25	1.1	19.28	18.28
61.66	38.9	68.9	126.1	150.09	4.68	21.72	65.87
20.31	27.13	88.93	21.34	10.13	7.26	24.57	11.48
4.88	1.01	3.33	3.57	4.42	1.08	2.9	2.79
4.27	7.76	12.86	2.12	7.08	11.45	8.07	2.44
2.8	32.78	3.88	11.29	20.97	4.99	6.56	17.48
12.98	41.82	20.05	4.38	24.94	38.3	58.31	39.64
8.42	5.94	8.56	5.6	5.62	21.89	1.28	6.86
24.18	8.51	6.02	33.07	5.43	4.39	5.6	30.36
6.44	48.2	48.06	30.42	7.5	24.47	37.25	33.45
39.61	17.88	18.76	57.94	2.24	20.58	23.83	25.47
7.14	3.89	11.62	23.63	9.94	3.86	51.83	1.03
57.82	43.8	28.93	11.3	3.13	55.07	17.26	20.78
5	9.75	4.18	3.45	9.37	3.28	5.2	3.87
37.22	14.08	50.04	192.47	31.05	53.07	128.25	8.61
5.7	6.12	2.9	15.24	2.42	6.98	6.67	11.88
5.11	6.51	9.81	8.23	2.2	4.73	2.6	11.3
36.79	1.26	54.68	31.45	25.23	45.82	26.27	6.91
7.41	3.61	3.34	5.31	9.19	2.45	6.09	13.01
25.98	1.86	9.61	25.44	10.33	53	8.51	26.42
48.44	131.91	14.27	13.11	10.23	30.67	22.63	11.19
2.14	48.21	7.09	4.49	44.77	4.72	3.63	2.99
231.21	270.36	31.37	65.27	104.87	161.65	182.17	137.35
123.81	7.13	158.79	38.66	21.64	112.4	88.11	54.56
5.17	13.64	3.91	7.35	2.14	4.69	2.51	16.01
7.13	10.02	25.3	18.04	21.85	41.34	14.22	91.37
4.02	1.87	8.29	1.07	1.33	4.35	2.83	10.06
16.75	12.52	41.25	55.3	225.35	24.75	73.23	199.9
60.66	86.98	19.44	65.52	207.17	9.99	65.07	23.37
12.01	48.3	27.86	31.1	22.71	8.37	2.2	8.89
9.96	19.25	25.89	19.96	83.2	42.55	2.4	56.66
20.6	1.32	3.79	4.14	32.29	3.18	9.68	13.04
344.06	177.97	63.94	108.96	80.19	110.04	53.3	173.77
7.44	8.71	4.18	1.41	1.76	4.78	4.11	2.64
14.37	1.73	6.73	15.68	1.78	6.67	18.95	13.16
1.27	3.98	1.36	3.01	1.47	1.71	1.54	1.37
4.63	9.59	13.63	1.36	2.2	4.43	5.02	3.92
11.97	17.46	12.21	23.66	30.09	17.62	15.51	35.89
144.39	39.04	14	39.19	3.98	64.83	77.73	53.3
4.29	31.64	6.94	4.95	3.08	1.21	10.9	34.09
27.37	62.66	29.91	40.01	9.73	23.1	12.93	28.54
25.47	42.56	26.18	40.06	13.33	29.85	12.71	36.55
4.79	6.91	9.41	6.32	33.64	6.75	1.51	20.63
134.91	110.31	213.43	72.25	209.77	74.41	96.93	199.12
3.04	3.48	10.75	4.3	11.22	22.57	26.61	35.05
82.83	93.27	20.57	50.53	110.25	65.33	46.18	22.54
1.33	4.15	3.85	4.28	5.47	25.14	3.69	2.94
20.09	11.73	8.29	11.69	4.02	9.66	18.37	1.95
11.85	12.81	3.22	4.47	14.21	12.16	28.16	13.34
4.19	6.28	2.36	13.76	1.45	1.19	22.01	4.01
1.39	16.27	11.08	12.33	45.4	5.6	26.21	19.55
18.09	8.16	8.8	4.33	19.6	5.54	19.68	7.97
4.04	18.63	36.67	15.11	4.72	21.75	4.74	2.69
70.27	15.31	142.67	9.15	7.31	11.67	13.16	15.44
12.22	56.82	11.18	8.59	46.34	18.87	20.34	30.55
2.71	10.52	26.1	10.09	45.29	31.2	7.11	11.44
7.82	19.12	1.65	2.98	14.48	13	6	2.73
19.97	6.86	24.29	1.44	30.82	20.65	7.22	32.82
6.77	16.24	8.96	74.91	65.16	14.34	7.74	66.12
9.09	13.21	11.61	1.5	10.66	38.55	8.17	30.64
18.89	34.1	21.73	22.17	22.41	6.89	9.68	68.72
2.02	21.25	11.28	6.26	3.59	9.33	3.08	10.01
30.78	129.24	15.42	67.54	23.2	76.24	178.23	240.77
6.61	18.81	9.51	23.56	24.05	19.2	17.36	6.34
24.05	32.64	88.32	4.25	43.76	4.06	40.47	30.96
1.68	5.54	9.48	5.06	4.05	3.95	5.08	2.37
282.38	51.88	38.39	5.77	73.89	140.72	15.37	102.59
27	17.77	19.94	22.01	14.24	13.84	57.4	53.14
11.75	23.99	6.45	36.94	15.84	22.52	14.03	16.86
6.85	33.86	18.71	39.81	4.39	1.73	2.74	9.65
66.14	71.71	159.04	320.15	41.6	44.61	106.55	101.75
45.63	4.45	39.88	8.7	109.41	8.12	6.67	87.95
25.5	25.82	17.44	5.57	25.8	4.41	20.41	9.61
112.13	28.34	99.56	55.2	310.94	50.8	305.46	21.78
20.42	83.71	32.73	34.24	2.49	8.11	53.03	3.5
2.24	15.68	2.02	5.36	1.51	2.7	4.21	3.12
2.39	2.3	8.97	1.93	8.15	11.79	3.46	8.68
1.09	1.21	2.43	2.12	4.23	1.04	3.98	1.05
170.37	60	66.08	69.61	71.86	45.72	16.44	32.33
15.79	27.07	15.8	48.87	1.43	39.75	28.63	66.89
2.99	14.5	2.18	2.77	5.15	4.42	2.63	11.36
2.79	40.99	47.43	5.87	2.17	19.86	11.78	26.27
20.31	42.83	18.1	35.2	61.7	38.61	30.61	117.41
64.15	31.84	2.17	188.55	38.3	54.29	50.78	12.08
43.76	101.99	12.42	16.33	57	34.02	25.58	5.58
2.49	16.5	32.6	6.28	1.85	16.93	40.8	7.7
10.42	8.54	7.23	16.17	44.28	51.22	80.62	36.99
14.55	11.13	15.47	8.7	1.91	9.78	2.12	12.85
7.09	29.67	56.62	70.5	21.96	4.33	20.02	22.41
3.48	1.81	5.08	33.96	37.94	43.69	10.88	2.81
34.8	72.76	144.41	161.65	139.6	45.2	93.11	3.74
15.58	5.81	25.36	10.54	32.78	37.3	16.41	10.44
11.09	30.82	19.15	131.84	156.92	68.34	132.34	110.94
4.92	91.79	22.25	63.13	48.48	56.65	160.77	37.5
7.14	3.11	48.77	40.7	34.27	21.18	58.82	34.28
1.51	2.21	3.78	9.5	7.73	22.41	10.64	1.2
8.77	15.94	2.16	108.16	65.71	38.95	101.57	2.18
3.49	2.71	2.81	2.01	4.93	2.55	14.66	13.38
31.93	16	25	43.64	19.26	2.65	21.11	40.35
6.19	2.63	5.79	2.86	2.41	3.28	7.66	8.59
135.95	2.72	8.77	33.2	51.11	272.25	194.4	105.91
69.34	78.49	42.89	76.27	48.28	15.21	66.66	36.16
8.34	49.38	45.82	18.72	86.52	37.08	96.74	27.59
38.4	6.56	87.39	26.39	18.81	25.16	58.78	268.35
5.47	194.9	197.93	82	20.73	34.5	219	42.92
1.56	4.84	1.14	1.51	2.01	1.47	2.94	5.39
18.32	24.35	16.49	94.37	45.28	27.74	4.62	29.08
11.28	2.93	6.77	16.51	61.04	21.61	17.23	6.14
59.33	239.68	2.2	172.06	70.7	57.6	39.42	105.74
47.48	8.33	41.97	10.51	172.36	13.2	6.87	10.63
13.16	27.28	23.61	8.76	23.48	18.14	8.71	30.27
6.36	16.83	5.08	12.45	4.76	20.3	12.69	5.96
24.24	54.59	76.8	8.31	33.52	114.98	29.91	21.18
41.69	42.5	137.15	107.2	15.1	53.85	19.51	11.92
4.55	3.32	5.78	9.91	3.24	9.1	12.85	2
179.9	208.85	111.33	12.4	63.98	58.12	21.63	87.23
39.61	27.35	6.95	49.42	14.84	12.65	5.63	3.67
5.28	14.96	29.29	2.18	1.82	20.32	19.71	3.61
3.59	16.51	21.44	18.55	7.15	2.83	11.06	6.92
1.8	9.59	3.83	3.76	6.22	1.03	5.53	6.46
8.57	2.43	2.94	18.09	25.13	3.18	20.46	7.81
10.17	11.27	4.79	6.08	12.1	23.18	3.58	14.07
34.54	40.81	26.51	17.18	17.17	9.6	12.54	38.39
8.36	10.76	123.94	7.42	46.99	15.19	69.1	15.97
19.13	29.51	2.31	23.56	20.16	90.83	17.23	33.89
12.07	53.46	55.72	8.64	7.57	5.26	31.27	36.24
3.46	1.64	2.5	2.91	2.3	1.35	2.29	3.57
24.54	9.13	8.31	90.68	71.54	41.29	51.64	37.54
113.92	169.74	198.08	62.69	15.62	19.89	207.26	8.82
230.67	39.39	46.33	102.42	202.97	217.49	151.22	60.5
11.18	26.76	34.64	5.64	2.55	10.08	23.86	13.75
1.75	1.89	3.75	2.45	5.86	2.6	1.17	3.1
203.64	418.89	297.52	20.19	74.16	75.77	175.61	184.01
119.25	151.21	9.63	33.99	7.78	5.64	115.19	65.83
5.33	6.43	16.08	19.33	14.35	1.74	6.95	12.79
3.18	1.51	2.39	6.56	2.33	1.38	2.12	1.69
2.49	5.87	4.57	1.72	1.38	1.35	1.48	3.99
55.47	10.9	7.06	25.74	9.19	13.99	1.5	14.6
40.25	18.19	5.76	23.6	23.27	12.5	61.97	18.63
11.57	43.88	57.13	32.11	1.96	13.39	1.79	29.37
390.66	178.96	192.8	211.9	79.54	140.56	89.9	47.03
7.81	15.4	9.43	7.99	5.19	1.47	7.71	23.15
61.35	23.87	14.51	6.01	16.01	10.78	99.9	25.1
3.73	3.61	1.5	2.87	4.17	1.38	1.37	2.06
4.76	23.6	23.71	23.59	19.28	20.46	11.21	32.09
21.69	101.27	6.78	23.86	82.97	10.02	28.37	1.98
61.04	6.9	23.21	32.24	15.7	78.29	10.96	45
2.42	2.94	4.94	1.64	4.56	7.92	5.34	1.94
3.88	3.81	16.66	11.66	10.62	30.76	5.53	12.83
8.6	20.29	15.24	4.36	6.06	1.72	6.55	29.15
20.9	65.48	33.95	38.79	50.75	23.24	8.26	99.34
89.69	16.69	110.6	11.83	21.16	48.9	103.15	108.54
4.3	1.42	1.33	1.93	5.31	2.64	7.35	4.06
14.34	12.73	1.79	10.72	3.18	1.21	3.96	1.18
4.47	1.99	14.95	31.37	55.84	28.33	18.87	14.86
105.75	5.93	29.95	38.34	66.78	18.83	82.97	16.18
75.24	35.03	65.47	67.26	112.75	92.05	6.37	53.2
7.92	8.38	5.91	14.82	51.08	10.35	31.49	5.37
57.7	37.61	12.55	12.19	130.05	83.12	165.92	95.57
2.48	32.39	8.84	2.85	1.45	4.16	7.7	17.49
77.83	103.06	106.6	37.68	69.17	78.78	58	122.38
16.12	1.51	29.26	62.17	26.05	27.43	68.21	6.87
17.42	75.44	3.68	28.82	83.11	3.41	68.16	30.16
4.71	11.51	23.89	66.35	21.87	7.55	21.49	1.14
81.29	23.83	236.26	58.87	19.29	140.09	34.87	63.35
15.88	13.96	2.09	21.02	8.18	2.75	1.16	9.19
91.14	8.55	8.83	53.92	62.54	42.93	51.6	54.58
51.97	2.11	41.45	55.61	59.93	19.9	13.58	1.97
11.17	9.31	10.03	5.47	3.49	37.66	9.58	18.72
23.24	160.06	80.65	24.5	173.7	39.87	27.6	116.87
39.33	30.87	25.16	82.49	17.32	10.6	17.29	39.47
19.37	10.15	12.87	5.55	3.13	22.63	6.76	8.53
30.47	20.08	9.49	21.98	66.2	18.89	48.66	49.97
11.8	6.84	19.9	12.77	2.6	39.76	10.3	7.69
3.99	3.35	23.85	7.17	2.92	1.21	2.13	17.22
57.33	4.49	9.4	41.14	1.71	41.46	7.67	50.29
34.69	30.58	48.09	7.67	41.55	50.04	18.09	31.2
1.23	3.57	5.12	3.06	1.34	1.03	3.83	7
9	40.08	49.36	68.42	59.46	43.29	5.98	29.76
20.7	20.86	61.46	162.49	40.84	13.44	31.66	12.13
13.11	17.07	47.7	22.28	90.13	23.95	201.46	263.71
4.17	49.28	13.16	3.45	3.8	7.63	33.32	9.14
33.44	12.64	4.44	15.67	16.39	5.18	42.24	16.83
3.19	7.55	4.05	2.77	4.53	12.57	3.97	2.73
91.7	71.25	39.28	30.35	48.74	30.22	215.06	19.36
17.52	12.75	18.95	10.6	9.98	3.64	20.29	12.47
7.89	6.35	9.5	4.24	23.73	34.66	28.53	15.27
11.33	11.98	82.68	17.47	25.57	42.13	21.28	55.94
36.11	5.06	29.35	18.75	96.59	9.41	90.73	237.66
12.44	5.64	12.76	4.24	5.67	15.97	1.25	1.34
133.22	12.87	32.63	9.12	133.83	38.86	25.84	35.45
44.49	57.99	44.45	67.58	13.05	73.38	5.41	24.22
2.61	1.51	3.05	6.83	3.12	16.08	2.13	5.48
34.38	5.85	16.84	74.57	11.82	13.39	55.6	18.33
27.53	98.86	54.7	66.98	42.89	22.15	57.8	36.22
33.11	13.63	19.17	28.9	13.97	47.21	1.67	7.26
21.81	55.79	42.68	15.52	146.63	269.33	53.36	28.17
52.2	105	14.4	1.25	10.34	82.45	49.39	28.99
37.16	4.06	9.28	38.89	7.69	55.87	6.19	70.5
6	30.48	39.11	2.68	76.9	12.67	27.35	26.82
10.56	3.64	3.93	5.92	14.85	9.07	5.52	20.45
4.51	19.89	2.65	10.67	14.13	5.17	17.51	13.5
6.61	64.3	206.38	7.13	71.77	91.44	165.45	36.32
83.84	25.2	32.71	190.21	99.14	28.1	52	16.58
26.15	7.01	16.49	10.91	17.83	1.47	1.45	10.74
41.34	24.73	9.39	49.42	25.69	46.23	29.42	16.92
56.56	83.44	27.68	5.04	8.9	12.07	150.45	1.77
32.32	13.97	7.26	7.89	63.65	82.17	42.6	90.14
4.24	3.58	2	3.59	9.93	7.18	5.65	24.71
2.16	6.16	3.61	4.07	12.92	3.99	7.4	3.79
1.8	25.51	3.17	26.45	3.29	9.76	4.73	5.98
318.05	79.12	43.75	6.7	300.64	89.84	100.53	116.63
1.86	14.29	1.4	4.86	5.16	5.44	12.53	8.23
6.64	6.37	22.95	19.84	4.38	8.85	5.28	36.49
2.37	2.58	1.1	19.95	8.15	2.64	1.05	5.15
41.49	57.12	14.2	6.19	120.96	4.88	119.64	19.97
7.7	25	12.54	10.88	25.03	11.81	1.09	7.81
18.26	5.95	18.82	14.8	4.19	22.11	11.89	34.25
37.7	32.38	61.98	73.9	11.5	12.14	2.66	1.87
27.3	43.36	26.95	45.39	18.63	48.89	2.44	55.64
2.03	1.95	6.31	23.58	10.12	18.47	2.93	1.13
72.62	19.1	36.68	11.4	2.15	2.09	53.29	36.24
25.15	28.06	10.37	34.8	76.91	48.71	9.91	53.13
21.74	29.67	20.48	22.78	23.13	44.83	42.91	39.47
44.39	8.04	22.09	11.56	21.36	13.12	104.95	7.88
7.59	5.7	1.62	4.45	11.23	9.73	1.58	8.01
6.63	2.53	9.19	7.35	20.25	5.07	11	7.25
6.99	1.61	7.26	1.48	5.17	14.31	3.97	6.09
15.03	6.4	20.84	1.88	1.07	10.93	6.84	9
46.26	26.77	25.07	53.78	1.42	19.34	50.81	72.59
4.88	13.34	15.29	29.61	25.96	9	11.04	35.65
92.9	163.1	36.2	24.48	26.12	32.61	28.01	46.9
25.76	10.51	22.32	41.45	48.98	10.08	55.46	53.92
6.16	55.97	18.46	2.32	5.03	3.71	50.12	4.8
4.01	3.8	6.56	6.53	4.97	7.05	5.07	10.85
5.57	1.88	8.22	6.1	6.91	5.5	3.99	5.62
30.77	41.02	19.8	12.61	2.88	66.39	29.56	64.24
4.83	1.01	11.47	36.31	17.42	29.29	7.75	7.13
2.79	10.1	9.2	6.1	10.74	4.3	7.28	18.74
8.67	48.1	7.14	5.39	34.37	1.83	10.23	6.69
4.76	7.9	7.32	1.33	8.57	3.15	1.55	8.4
32.38	50.28	7.38	13.63	20.71	14.47	17.26	9.69
9.21	15.37	2.4	24.06	9.56	2.23	5.95	1.9
80.29	101.9	36.34	58.04	282.68	149.09	102.84	200.23
21.75	29.29	23.35	62.88	19.08	6.63	15.73	8.93
148.35	60.43	36.5	26.49	45.72	23	107.91	81.87
6.27	13.3	9.53	6.89	14.85	2.77	3.04	5.26
24.43	21.42	73.69	4.68	24.83	22.08	39.82	23.4
38.61	10.93	45.42	4.01	13.58	9.91	58.44	4.38
6.22	10.69	6.99	35.43	19.58	21.43	7.25	6.61
61.25	32.37	3.61	38.72	2.62	5.55	116.56	9.47
13.9	8.23	5.71	14.25	5.56	5.33	4.12	4.01
35.39	20.69	7.83	15.56	91.51	30.2	30.98	19.02
22.51	3.56	18.75	23.54	17.72	22.13	21.74	22.31
67.87	56.25	23.06	23.62	28.15	60.23	60	25.27
102.53	21.98	5.91	51.24	55.4	109.39	105.39	20.44
39.13	27.77	28.96	11.49	51.05	44.87	26.84	11.9
100.26	54.01	31.92	242.94	17.54	44.73	19.89	92.49
1.43	18.7	48.44	8.35	66.95	18.02	18.32	5.73
2.64	1.34	7.89	3.93	22.11	5.65	16.8	4.79
1.54	1.54	3.41	1.85	1.83	3.69	2.08	3.49
7.24	7.57	1.08	1.6	2.88	6.12	13.63	1.06
23.14	58.07	39.27	9.66	38.14	5.7	73.53	78.46
52.84	27.41	63.87	5.62	20.88	8.4	9.93	3.93
12.56	13.31	16.96	8.27	4.33	16.9	7.88	6.68
22.07	19.43	29.98	3.56	4.47	1.51	1.71	1.07
2.49	20.85	25.87	7.81	14.31	19.35	26.88	3.21
15.09	58.22	67.44	51.32	42.36	90.72	72.47	47.59
5.82	1.12	1.31	4.15	1.46	2.8	4.02	1.58
116.49	44.45	47.55	236.6	5.08	11.81	83.19	56.98
37.3	64.79	52.33	176.7	40.93	42.79	31.18	58.97
13.52	7.63	3.41	12.66	3.37	9.25	8.27	24.05
41.16	24	3.76	76.91	51.4	6.98	4.14	30.25
43.17	44.7	91.03	85.63	4.1	34.74	80.58	112.78
22.43	7.9	7.1	8.62	9.72	12.04	9.06	5.47
7.51	3.88	10.34	3.99	5.49	7.47	17.63	19.79
25.48	23.33	7.79	9.76	1.35	1.37	18.1	4.48
113.46	170.66	62.88	108.17	25.6	48.94	140.65	7.28
6.96	6.38	16.89	8.17	18.81	12.97	4.9	7.32
6.36	6.86	7.43	6.83	3.14	3.18	3.33	4.57
56.01	13.93	2.75	32.38	71.22	19.38	95.93	45.97
7.04	5.06	3.81	2.26	11.78	1.47	1.05	12.11
64.09	47.93	17.98	27.41	56.92	12.15	46.59	9.24
6.69	3.76	9.11	8.62	9.6	4.41	3.19	1.44
19.8	41.79	3.92	14.31	4.35	32.61	3.97	17.51
3.42	2.53	12.64	21.95	30.28	22.69	7.59	10.86
18.17	26.54	92.26	24.69	61.07	48.65	51.94	49.62
5.3	13.89	36.69	31.77	29.66	33.76	1.11	15.5
4.68	30.44	6	41.85	21.77	24.45	21.43	14.78
60.89	17.05	9.95	30.84	50.22	24.62	21.18	9.23
183.32	300.62	242.53	76.83	155.29	62.7	43.81	71.46
13.33	31.58	28.14	8.6	43.18	29.85	57.81	17.72
18.83	99.59	33.98	76.67	25.49	82.71	38.83	7.83
132.11	60.36	24.62	17.45	229.69	45.58	67.72	128.6
76.14	90.77	36.06	40.18	18.98	47.48	26.42	7.78
20.3	4.07	2.2	5.78	12.67	3.03	24.87	13.48
1.32	2.22	1.45	2.09	2.72	9.59	3.11	10.1
23.14	4.25	43.09	10.44	105.24	23.47	148.33	9.01
22.68	18.87	27.71	7.63	5.78	9.88	32.64	5.05
76.75	2.52	42.08	16.78	9.82	14.05	20.72	3.79
4.1	1.73	4.74	3.75	4.69	2.49	8.72	2.57
1.92	3.45	1.48	1.32	2.22	2.31	1.03	4.51
27.27	22.24	7.76	27.68	5.45	1.87	2.38	6.43
258.53	336.65	1.06	36.64	157.97	328.25	239.87	298.22
27.83	25.2	51.85	10.3	25.68	24.5	191.52	32.98
49.03	12.7	31.88	51.3	25.32	76.93	100.12	5.52
4.76	4.28	107.93	7.29	30.06	58.63	172.06	87.81
1.83	2.7	2.22	1.15	2.41	2.19	2.55	1.89
4.68	19.79	11.8	20.37	24.75	11.83	11.52	8.42
67.56	65.5	52.65	49.06	21.78	10.74	62.55	14.43
28.91	2.44	11.85	20.91	11.16	8.95	7.51	1.47
9.43	17.33	14.44	43.78	18.7	84.53	12.26	36.4
52.15	9.28	26.51	32.1	13.13	2.78	19.47	90.14
59.13	9.59	97.12	23.09	34.57	61.31	79.02	12.12
16.34	19.57	2.55	46.2	1.85	18.87	156.92	44.78
53.73	13.77	5.2	19.29	185.7	44.13	106.91	21.61
6.62	16.62	19.36	6.07	6.38	8.46	25.27	1.16
22.94	33.64	79.82	34	75.38	145.33	28.78	23.18
92.57	93.14	3.61	37.44	184.53	117.21	83.18	220.16
16.14	28.07	3.05	2.97	13.29	19.77	6.39	8.41
35.41	79.64	7.01	7.1	82.67	16.27	39.36	53.42
92.2	69.04	121.77	71.47	210.87	26.33	313.64	119.56
1.31	8.59	18.8	3.07	24.27	5.31	20.79	8.63
3.49	2.03	3.06	11.68	6.87	3.92	30.71	27.78
1.2	4.96	2.15	1.57	1.28	1.27	4.82	7.17
9.24	2.82	15.21	1	3.79	4.76	1.63	2.63
22.61	8.71	9.47	19.15	5.17	4.21	13.52	1.29
28.17	10.29	24.12	40.48	2.11	1.23	1.04	13.35
12.33	10.32	5.19	8.63	9.35	11.09	1.07	1.54
3.78	16.8	26.08	10.01	131.19	2.33	38.7	18.82
4.04	10.63	25.23	3.93	4.85	19.06	12.97	28.25
3.23	2.07	23.26	44.93	43.44	14.53	30.32	28.79
68.42	144.75	115	13.79	28.19	37.18	70.52	63.4
17.5	42.77	81	94.26	85.18	7.34	103.61	291.43
267.94	117.26	674.99	93.34	92.07	75.96	32.43	52.8
2.95	4.89	4.1	4.41	12.09	2.43	5.01	1.02
15.12	21.43	3.03	40.76	27.73	15.66	17.17	39.31
8.1	112.25	72.6	19.32	62.38	29.34	35.44	3.54
1.25	11	26.74	29.07	2.09	9.71	10.89	36.98
25.11	73.85	69.34	21.26	134.56	95.98	220.41	308.95
21.6	51.74	30.78	70.63	48.35	7.6	5.03	44.34
7.02	21.17	31.44	25.69	3.08	4.46	24.01	61.36
63.31	6.01	156.45	111.87	482.53	205.97	15.97	5.94
3.14	4.01	1.31	1.75	2.17	1.48	1.17	1.41
3.23	4.84	1.8	6.8	9.26	1.41	7.44	3.75
330.92	122.06	58.82	142.08	89.6	626.04	41.06	164.62
3.27	5.55	4.92	2.62	13.57	2.39	6.33	3.06
27.99	1.33	20.32	95.97	19.42	32.57	1.12	5.7
90.62	29.82	11.5	31.5	222.94	37	133.12	5.29
25.13	29.97	8.91	15.46	13.79	26.59	56.97	42.13
72.12	21.96	3.78	4.52	39.98	2.49	5.98	12.87
78.96	173.05	92.69	3.9	39.58	53.62	111.01	71.58
7.7	12.22	23.79	28.42	9.9	62.36	13.62	24.91
2.48	8.52	22.11	58.56	57.1	37.89	46.99	91.58
105.25	34.34	27.31	8.39	87.62	38.18	16.29	57.82
35.17	15.23	15.07	58.2	23.86	34.36	123.07	6.55
70.35	67.29	35.94	130.96	43.86	45.42	68.52	62.77
75.34	36.5	78.13	120.94	36.52	50.23	41.18	101.88
25.04	203.35	14.7	17.63	8.99	11.63	5.2	43.22
21.48	3.07	9.11	29.53	18.03	31.59	31.01	8.11
17.5	5.96	19	9.3	29.28	14.28	14.4	17.85
156.18	32.75	10.53	17.07	22.79	10.29	33.35	13.22
2.27	36.12	7.72	26.02	8.05	4.54	1.47	11.1
9.79	28.32	1.42	21.13	8.67	6.03	30.79	3.23
7.11	22.75	111.61	44.6	7.92	138.61	27.43	154.7
20.71	1.94	32.55	8.27	19.36	15.99	50.35	9.28
5.12	23.11	59.17	19.8	18.11	25.55	30.94	45.51
1.94	20.59	12.18	39.25	20.33	1.38	11.38	2.3
33.47	34.54	31.17	19.04	8.06	12.27	29.47	33.19
48.55	58.7	34.88	38.46	35.78	144.05	106.63	118.96
1.18	1.18	1.18	2.57	3.88	2.22	3.38	1.75
30.65	60.62	13.01	4.5	5.01	39.13	9.5	93.63
6.1	2.49	60.67	13.21	15.72	18.94	7.54	64.94
1.52	7.42	24.45	21.07	8.35	13.44	25.01	6.24
37.26	41.09	36.3	22.25	25.67	33.58	17.06	27.54
3.72	35.53	63.95	26.59	6.27	20.02	144.92	319.58
23.51	79.27	20.04	26.61	33.12	10.36	58.53	16.91
8.22	10.78	3.77	4.03	2.55	6.83	1.01	2.44
26.24	47.54	18.8	77.73	23.74	33.23	37.28	64.78
136.06	52.5	16.87	19.45	19.7	87.56	107.15	36.41
32.02	16.6	20.05	28.46	32.72	14.23	3.3	19.75
2.2	3.4	1.62	6.56	6.22	5.27	1.49	5.38
57.35	11.99	31.49	43.35	19.84	99.03	7.78	110.2
9.68	8.32	39.38	37.53	9.69	20.54	15.13	82.53
4.93	14.05	11.14	1.57	3.6	11.59	30.65	8.37
26.44	11.26	12.8	14.47	3.81	21	83.81	20.01
26.56	31	40.08	59.01	10.99	100.36	10.17	4.74
37.92	18.69	79.55	27.72	26.01	68.93	13.64	51.12
33.26	1.76	17.13	56.94	19.23	1.57	33.45	50.45
4.49	5.91	11.92	14.76	6.12	4.76	7.01	12.05
7.78	3.66	95.97	79.76	164.93	36.98	2.83	47.93
77.34	12.22	14.56	7.41	34.02	8.36	32.38	33.1
3.92	7.47	3.73	3.17	4.22	5.82	1.89	12.5
57.84	15.99	3.9	22.54	22.43	12.23	15.38	28.01
71.44	9.72	62.5	4.38	8.56	70.46	27.83	54.32
45.31	53.28	7.14	170.28	29.61	26.1	42.34	27.03
3.09	3.91	9.81	14.69	6.27	26.76	22.49	9.13
47.98	1.7	11.92	34.11	44.79	46.19	159.43	54.17
8.62	120.47	121.99	86.57	2.15	81.22	74.54	142.03
1.64	34.56	197.47	102.32	56.25	5.06	64.24	12.74
4.59	13.34	1.31	85.45	40.14	41.7	4.07	4.59
15.55	10.63	10.93	7.74	4.06	15.38	12.89	5.29
15.05	13.26	43.31	20.82	8.62	24.89	19.48	14.5
16.14	47.46	2.13	46.51	3.54	23.34	3.86	16.43
15.47	3.21	51.9	22.28	21.23	12.56	1.82	52.64
25.9	31.84	45.86	59.32	8.19	24.7	20.98	17.86
3.85	4.14	3.94	1.18	5.2	2.89	2	6.23
37.47	141.52	89.12	41.12	5.32	8.48	100.73	2.87
18.42	53.95	17.22	68.34	69.53	18.9	25.2	28.27
17.82	44.97	114.07	21.12	72.16	14.1	38.1	14.66
47.13	13.77	5.34	59.92	1.01	17.03	16.63	59
5.65	158.16	56.36	17.43	31.88	17.38	83.87	3.07
52.16	2.4	14.98	4.97	51.69	24.71	27.23	132.98
11.31	7.35	56.18	90.34	8.66	5.45	87.81	6.88
10.32	17.5	9.78	5.25	21.65	12.61	2.84	13.72
41.78	79.79	42.1	19.26	31.99	29.35	28.49	16.53
5.69	22.89	10	36.41	16.94	9.23	59.16	41.54
5.89	2.09	6.73	4.27	7.7	4.07	7.56	3.72
13.72	4.14	26.16	4.29	6.67	12.09	8.38	19.52
27.3	12.5	40.83	14.1	4.26	1.06	54.37	37.89
63.04	20.31	49.3	188.5	164.45	72.98	205.23	168.09
9.92	16.9	25.7	2.72	102	184.05	162.1	4.4
19.48	41.19	405.82	105.93	70.79	4.42	182.91	129.97
2.34	2.48	1.88	2.25	1.08	2.21	1.23	3.18
10.07	3.69	43.74	19.29	36.24	17.92	18.37	1.62
80.1	28.41	32.2	69.54	54.51	36.17	31.79	40.04
2.94	164.49	66.52	55.99	24.22	79.08	86.53	20.52
3.86	21.99	95.49	29.74	214.04	32.92	22.81	36.25
3.08	9.29	4.01	6.52	1.92	16.6	4.76	6.11
47.62	3.94	5.99	11.32	9.39	13.07	4.62	10.21
60.12	1.79	4.2	23.22	7.53	18.34	24.39	5.22
84.44	84.63	252.98	205.08	195.67	55.91	74.34	47.6
2.74	1.04	1.64	2.79	5.49	2.39	2.03	1.81
43.74	25.51	104.65	16.68	23.44	123.07	11.86	10.89
2.53	15.26	11.8	21.97	4.08	20.28	1.59	3.26
3.37	2	1.4	2	2.31	2.12	1.63	2.08
5.35	5.41	3.59	18.44	3.16	4.89	1.87	18.29
28.48	1.76	16.49	1.13	15	20.29	11.21	57.9
9.09	26.91	18.16	21.14	11.64	25.48	1.48	6.67
1.16	27.61	16.98	30.96	60.99	50.99	63.81	35.99
191.97	165.31	7.74	72.51	119.6	31.03	11.21	186.55
69.52	7.91	10.08	83.95	65.51	11.36	4.1	11.75
5.16	5.27	3.34	4.18	3.63	6.17	11.81	15.69
28.86	6.92	20.26	26.6	1.54	10.87	2.81	7.69
16.97	7.01	33.55	2.96	1.08	28.74	2.57	2.98
2.44	1.43	2.3	7.4	1.36	3.02	5.4	2.64
19.47	20.84	97.1	26.75	117.52	73.99	107.93	28.49
2.11	1.81	4.53	7.5	4.09	2.97	11.75	4.32
33.81	28	17.73	3.93	26.76	76.7	15.76	9.8
1.7	2.55	1.78	3.19	2.2	4.01	1.5	1.44
88.93	44.54	79.52	11.01	30.87	76.6	52.93	48.03
49.51	103.85	77.83	19.15	95.13	80.55	11.95	62.59
9.07	8.89	1.73	2.53	2.18	15.65	5.82	5.85
13.27	17.45	40.35	9	24.58	21.43	7.79	7.67
94.06	26.59	15.07	48.38	66.16	32.99	9.57	38.28
19.24	7.3	1.03	10.48	1.34	3.74	1.69	3.21
6.19	3.98	5.29	1.51	8.09	5.92	4.5	7.28
16.61	22.95	6.3	3.42	5.74	10.02	1.35	25.46
4.24	21.64	31.69	14.45	91.98	39.95	22.81	124.31
10.87	18.6	9.74	2.04	1.88	5.73	4.27	5.38
23.46	13.92	1.95	8.39	13.63	1.25	2.73	13.2
248.23	38.52	24.82	52.84	42.12	173.14	53.33	17.64
5.87	7.39	1.48	11.31	38.65	7.22	6.21	4.21
92.95	158.42	19.63	107.79	60.5	95.72	26.09	130.58
29	11.69	11.26	43.27	38.3	14.52	19.76	1.65
4.73	7.06	2.87	27.64	13.95	1.1	13.07	2.54
6.21	43.18	95.86	49.84	55.92	5.59	85.04	43.43
1.94	4.21	5.12	3.19	8.33	7.52	2.51	7.42
4.61	12.82	12.28	9.36	2.73	9.07	13.2	5.9
26.82	80.97	16.43	28.88	19.01	43.22	50.46	26.39
3.1	8.14	1.79	1.17	1.08	6.63	6.7	3.85
13.29	1.3	47.54	73.69	51.25	17.9	24.41	14.07
106.31	131.38	1.03	140.87	94.66	20.75	67.7	39.85
18.54	14.33	10.11	41.79	70.5	4.95	16.43	52.55
39.12	63.99	12.8	56.29	28.12	83.11	17.28	16.37
21.55	17.48	49.14	12.92	12.64	30.61	14.49	4.99
8.53	10.84	22.63	15.01	121.82	64.44	27.66	25.66
12.23	9.16	40.1	1.19	2.12	11.5	9.18	25.56
1.31	4.95	1.94	25.43	9.93	20.42	16.43	7.14
142.38	82.86	93.15	105.97	34.64	259.87	29.8	419.7
21.55	1.58	20.4	24.64	20.34	115.18	17.47	200.88
120.49	115.72	25.64	3.14	8.53	37.02	11.13	99.66
43.64	17.29	44.78	14.93	76.32	20.52	19.31	21.05
3.36	24.11	26.09	12.06	11.41	1.79	19.18	6.43
65.67	127.11	23.7	5.18	18.27	114.12	82.69	18.84
27.2	13.99	20.06	15.97	22.23	11.92	20.11	9.81
6.27	13.87	7.35	3.01	9.81	8.42	12.42	1.08
4.83	4.44	2.23	6.04	7.61	46.98	29.56	24.43
31.98	20	51.59	25.55	23.39	36.47	19.31	34.04
11.33	47.91	9.39	74.28	47.23	161.48	9.43	15.35
1.02	3.2	3.05	4.3	1.72	4.48	14.1	2.02
4.91	2.17	10.77	9	9.8	8.18	3.16	16.02
5.76	8.05	3	5.34	1.24	4.37	1.37	3.15
9.93	28.09	8.59	12.46	4.77	26.91	19.38	27.02
10.35	10.3	18.7	3.34	8.19	35.3	46.44	8.21
3.11	39.9	2.59	150.56	1.23	46.56	37.37	33.22
1.55	9.97	2.11	6.42	33.04	14.66	10.37	11.48
19.9	110.06	20.35	79.9	31.35	15.64	40.52	31.82
26.68	36.66	27.43	23.92	28.12	14.83	12.11	25.39
1.02	1.02	2.45	2.9	2.18	1.85	1.32	3.44
5.09	14.27	9.26	2.61	4.87	8.19	10.15	10.93
16.57	11.92	4.77	2.26	7.18	6.19	2.61	14.91
5	11.71	2.93	11.92	11.61	11.3	17.36	16.79
5.43	11.82	1.43	10.89	7.72	34.21	2.01	15.46
11.13	83.33	52.68	91.37	49.57	53.95	93.11	6.48
19.39	33.17	53.79	8.99	12.09	46.96	5.66	46.15
22.07	2.55	10.35	22.83	1.42	4.77	2.17	16.84
14.75	13.3	21.48	34.03	84.43	28.28	8.95	106.82
59.54	48.09	30.51	17.29	9.8	81.08	28.81	18.06
20.78	6.21	8.49	22.7	4.39	19.23	17.11	17.75
44.45	3.87	79.58	1.77	7.59	47.66	18.65	44.87
21.98	22.25	2.63	37.16	76.32	58.08	53.51	18.99
30.94	53.88	2.82	35.67	20.95	15.37	32.17	11.6
4.4	4.73	5.14	2.29	22.12	3.18	4.95	7.06
3.26	2.11	1.07	13.25	5.15	6.94	17.11	7.16
41.52	11.61	49.08	30.93	146.67	13.25	1.85	12.42
29.21	15.64	4.28	17.12	126.56	116.45	63.15	54.41
71.53	57.79	18.26	1.3	19.76	22.04	26.08	18.17
10.11	27.41	3.25	3.72	6.38	21.06	16.26	4.08
3.05	1.56	1.71	1.4	2.64	2.55	3.55	4.23
6.39	25.02	2.98	30.44	43.08	20.29	20.41	22.34
23.74	19.28	29.1	18.39	6.52	29.98	5.92	29.05
2.45	15.1	6.99	18.74	6.66	29.69	12.66	27.66
12.24	16.57	7.5	4.95	1.63	13.54	16.38	18.29
13.09	44.76	12.56	43.87	38.02	21.05	10.9	20.31
7.22	1.87	4.94	20.91	7.38	18.47	22.91	19.51
39.85	63.93	52.2	15.72	48.03	49.43	22.59	106.36
10.73	2.03	24.07	3.33	8.2	20.94	47.17	11.93
18.49	54.28	14.61	40.61	66.59	9.66	1.31	24.99
1.61	3.39	12.42	8.82	3.99	8.4	4.35	15.94
2.3	1.17	3.36	2.08	10.08	5.62	6.47	4.08
8.1	23.59	28.59	14.86	6.07	1.94	26.18	16.81
112	59.64	6.53	27.65	68.44	90.59	50.68	24.02
5.61	4.81	17.63	2.55	20.66	13.7	8.5	11.62
13.68	119.66	37.01	50.75	121.05	59.32	22.01	33.03
260.34	89.65	66.38	85.47	70.69	79.97	197.73	151.44
75.83	33.86	65.05	41.27	15.33	65.41	10.63	25.79
19.37	41.06	18.11	26.59	1.54	43.45	11.63	1.39
18.04	23.13	60.13	70.82	15.49	4.44	35.62	37.83
20.37	14.82	66.69	10.37	14.8	40.58	7.62	29.43
160.36	120.55	55.58	103.57	7.96	78.69	62.77	15.01
40.9	177.21	50.27	49.03	41.51	50.99	31.84	9.62
38.18	35.51	28.75	41.98	26.53	10.57	45.19	3.6
40.34	47.69	30.13	21.52	23.75	36.37	14.76	23.78
3.53	3.59	8.18	9.49	20.86	1.01	1.74	8.79
1.77	5.24	1.49	4.44	7.77	2.85	2.71	1
89.11	34.88	26.18	31.71	51.33	37.06	29.89	90.8
14.54	19.75	92.5	12.08	55.9	55.38	216.09	1.28
12.09	1.25	3.06	3.94	1.35	1.62	3.02	1.66
46.06	12.82	37.82	29	21.01	17.34	68.84	8.23
19.66	8.6	28.19	46.44	15.53	10.14	96.13	36.19
9.67	2.01	1.46	1.04	12.13	3.38	4.32	4.71
3.21	3.47	16.43	1.72	18.06	14.48	8.32	9.53
2.05	4.94	2.19	1.99	6.59	1.93	5.78	1.01
7.55	11.26	46.7	13.8	12.14	5.49	71.25	6
3.71	4.68	14.66	37.04	7.18	5.39	4.51	5.21
18	6.22	12.86	16.77	25.09	10.13	14.54	1.7
2.49	2.59	3.74	1.39	1.14	1.03	1.68	1.6
9.69	4.37	5.05	7.37	8.73	3.68	3.01	3.44
11.72	126.53	15.89	8.89	2.21	57.95	82.91	66.15
3.17	2.36	5.41	1.53	2.79	1.98	3.21	2.5
1.42	7.11	3.86	4.19	2.72	1.6	2.06	4.2
4.25	35.44	38.55	13.87	18.99	12.73	50.11	27.74
33.9	18.14	9.46	13.6	2.85	11.86	9.9	25.23
162.55	48.71	60.98	2.05	77.05	53.31	16.24	73.99
2.79	5.45	21.5	32.31	7.32	9.75	33.59	4.06
12.03	2.48	2.4	17.98	7.84	13.56	2.63	4.4
10.1	6.61	6.72	33.78	26.26	28.96	36.13	33
5.64	22.78	1.34	46.37	35.46	48.26	7.14	35.3
11.78	13.81	4.08	79.28	23.28	17.73	28.07	86.44
20.7	27.88	53.07	10.38	61.84	52.37	29.31	28.23
3.78	79.38	69.24	69.15	18.75	27.21	62.2	34.66
18.21	6.94	71.95	58.59	56.96	2.95	145.95	9.11
59.97	109.45	135.34	35.09	8.85	60.27	12.18	47.21
92.61	16.04	75.51	74.98	65.1	43.76	36.84	35.54
5.9	1.03	3.13	1.65	1.72	2.87	2.78	6.03
44.83	27.42	33.58	5.38	3.41	9.28	12.82	28.6
10.46	3.23	5.54	11.39	6.93	6.56	4.98	6.83
4.18	9.75	5.11	2.54	9.63	3.63	12.6	2.08
1.78	46.63	7.39	6.61	13.17	25.62	17.31	11.94
109.86	12.32	41.32	81.21	1.68	49.51	3.33	10.59
42.32	9.7	31.07	20.53	21.23	9.03	28.43	37.05
5.78	8.34	20.85	34.74	17.45	10.28	6.18	56.18
33.29	113.6	19.46	38.06	15.16	128.59	43.93	10.83
5.58	17.5	24.38	26.03	48.83	4.61	13.9	38.64
3.03	2.53	2.91	1.56	1.05	2.99	8.28	11.29
1.02	2.52	3.65	4.32	2.04	9.27	2.67	7.43
90.88	22.4	23.08	45.86	16.02	39.09	44.74	68.61
18.66	13.21	71.3	108.29	113.21	23.75	39.39	27.8
198.27	99.8	104	54.23	54.95	13.5	34.66	103.01
66.22	3.89	17.69	2.81	7.81	40.59	4.64	8.13
11.64	2.03	1.39	3.71	1.26	3.72	9.29	43.84
5.15	10.59	40.83	28	7.74	32.83	19.76	8.7
3.55	28.9	150.74	98.55	51.69	157.07	73.33	95.65
40	14.47	7.33	12.86	11.06	8.63	17.12	18.35
11.65	3.75	44.29	19.31	58.81	2.4	103.8	27.05
3.22	2.13	22.56	5.98	2.41	2.96	5.9	9.43
4.71	10.02	31.81	11.66	10.5	6.24	17	8.99
9.2	10.46	41.34	12.8	19.86	4.07	30.74	11.59
78.24	33.59	16.94	34.74	53.01	49.19	70.63	37.05
15.3	5.42	9.35	3.45	17.03	9.36	5.09	4.39
3.06	5.24	4.37	7.79	4.51	1.41	1.81	7.67
17.69	43.1	5.84	6.54	32.95	9.45	4.69	14.74
9.31	25.48	8.64	49.65	275.18	20.04	7.41	50.5
32.66	11.21	9.16	14.32	29.95	21.5	44.25	39.9
31.67	23.46	40.83	13.73	22.74	30.7	10.97	8.83
16.57	74.19	71.21	6.45	6.95	10.17	15.65	52.37
18.36	82.17	137.55	23.74	81.95	32.81	31.05	108.01
1.94	17.68	22.85	37.9	19.65	7.67	4.57	26.66
76.89	14.79	67	7.49	13.57	28.31	49.36	73.51
30.98	16.48	1.75	28.38	43.86	25.39	4.46	3.91
24.29	41.48	20.55	23.18	36.89	16.37	10.8	6.76
1.42	3.93	1.69	2.52	1.36	2.61	1.64	2.41
12.21	167.51	40.78	10.87	85.71	138.14	41.2	84.76
55.88	30.15	58.53	11.17	10.3	17.31	8.75	22.51
6.2	2.58	7.45	17.56	9.89	11.73	12.34	3.81
8.77	8.85	6.34	6.71	12.33	1.7	24.04	2.25
6.05	46.03	15.15	5.36	22.52	16.35	5.26	2.89
4.13	13.95	9.92	23.72	1.39	4.83	10.78	7.4
3.67	17.94	50.21	6.97	25.32	2.22	1.93	6.67
25	15.78	9.42	19.02	9.94	23.33	56.18	21.98
4.12	20.94	28.03	35.88	43.79	48.77	11.75	1.97
11.27	27.16	8.7	9.57	2.73	2.74	1.37	30.82
67.44	4.84	46.1	14.28	12.83	84.62	18.5	7.36
1.11	5.84	2.61	1.29	1.36	8.84	3.84	10.61
17.37	2.04	3.38	9.74	8.54	8.08	3.46	12.2
6.71	1.08	2.46	4.45	7.01	6.38	4.64	6.71
11.09	17.66	2.51	10.34	22.76	8.34	4.15	44.75
61.27	20.88	6.53	8.08	8.07	12.77	23.2	1.63
3.62	2.22	6.13	4.4	7.68	6.05	1.09	9.93
12.17	15.57	1.14	17.2	53.08	71.79	51.81	2.15
130.79	29.64	96.37	68.88	58.27	28.49	23.81	177.57
3.18	6.89	14.64	20.21	6.27	3.93	10.14	1.58
2.56	5.47	13.09	1.39	9.24	20.75	9.72	13.35
22.84	72.46	9.2	3.09	15.57	17.2	26.56	7.97
10.37	35.36	8.43	14.56	31.69	38.14	40.13	6.35
2.89	1.86	2.83	32.9	27.98	15.28	22.61	3.37
18.76	57.58	3.86	16.97	117.18	14.36	77.17	214.14
98.37	51.82	30.07	24.56	32.92	24.31	12.91	30.96
1.9	1.65	1.09	1.04	2.12	1.04	2.19	2.81
149.91	11.82	8.4	22.48	50.86	4.56	25.72	56.7
5.45	10.13	1.63	13.35	12.99	43.24	29.37	10.8
32.61	14.04	71.02	22.07	66.53	47	2.53	8.55
16.33	4.21	5.24	19.29	6.97	22.59	5.48	18.53
57.46	25.62	8.2	53.15	11.2	13.89	9.42	22.29
16.3	8.78	1.48	7.05	13.37	23.13	1.47	4.14
21.14	20.55	5.84	19.83	16.67	44.49	8.19	82.2
5.68	1.53	1.9	8.83	4.94	13.37	1.95	3.32
178.65	9.2	11.15	10.37	29.07	37.27	3.47	11.77
21.21	8.2	22.99	19.83	25.79	47.08	40.48	20.69
34.19	64.41	20.91	105.1	20.73	79.95	34.68	14.24
32.43	18.05	9.44	25.67	3.3	31.84	10.62	1.41
16.47	4.36	19.45	9.31	27.07	36.38	8.8	10.89
16.62	24.62	10.66	15.41	11.12	16.08	48.28	13.29
30.45	29.05	43.21	61.65	74.22	86.76	161.58	161.27
32.06	24.05	9.33	16.94	26.15	7.79	9.45	2.72
7.86	15.81	24.12	7.35	3	5.13	14.36	15.63
6.49	7.02	40.71	9.99	14.07	2.59	10.4	30.77
9.2	2.41	1.46	4.55	2.69	3.06	5.31	3.41
22.09	42.97	17.47	7.89	9.12	37.6	126.51	173.76
112.17	152.8	68.06	46.39	60.41	46.04	33.33	10.38
39.84	67.57	51.21	26.46	12.32	71.9	88.9	94.91
70.68	108.51	51.56	4.52	128.86	44.59	3.25	6.2
51.54	36.33	47.83	163.46	18.49	26.47	24.1	29.87
1.22	4.99	16.88	5	34.4	11.56	16.62	13.15
52.86	28.94	7.26	36.24	16.22	23.27	10.49	2.63
39.14	31.33	69.36	58.69	27.22	45.24	56.8	32.02
30.78	9.99	8.47	4.45	47.25	7.3	15.6	9.54
10.16	71.93	98.96	20.48	138.48	33.3	71.6	9.97
3.76	3.26	19.16	26.42	53.29	78.81	3.07	20.72
8.36	8.56	8.59	3.74	15.91	23.16	23.8	30.39
98.62	42.61	17.41	34.69	6.13	98.71	20.8	25.45
38.78	10.99	69.53	23.75	23.75	64.31	33.89	45.65
48.73	14.22	22.66	51.26	102.3	49.98	38.7	21.84
1.37	4.73	2.68	1.1	6.87	1.53	1.05	1.04
5.07	2.44	1.38	1.78	1.45	1.9	3.89	3.79
7.16	19.57	3.9	11.57	47.04	5.63	12.65	5.15
24.54	5.84	67.45	13.63	3.13	6.17	64.33	12.05
2.59	1.69	4.3	7.05	1.97	1.52	1.57	4.75
63.8	72.55	18.89	52.47	39.8	29.38	12.19	32.68
219.85	5.48	53.96	8.68	160.33	49.12	93.97	56.34
17.82	16.05	15.31	17.05	4.29	19.97	12.79	11.8
22.6	11.98	63.68	7.62	67.36	16.38	22.38	29.11
3.64	12.81	14.96	12.23	10.32	9.92	34.18	11.73
76.98	67.52	37.42	1.06	9.23	158.99	11.48	32.84
32.94	32.05	73.26	62.68	35.43	8.08	29.63	15.89
47.78	8.01	15.79	4.5	4.82	48.39	28.96	33.28
3.29	17.11	76.71	17.37	6.01	5.12	17.82	15.87
6.12	2.54	6.43	9.33	11.61	13.76	7.73	1.69
128.97	144.48	20.26	12.59	115.4	89.79	84.32	51.3
55.93	19.51	23.79	12.18	33.8	33.97	31.96	36.03
51.94	9.73	2.76	24.21	11.55	34.26	70.97	15.03
12.25	105.54	47.38	9.84	138.74	77.62	96.97	107.31
30.61	34.33	9.63	16.53	22.99	22.32	5.43	1.28
28.18	84.87	6.49	8.39	78.46	20.53	91.01	100.32
3.77	9.24	13.15	4.96	5.28	4.84	1.18	9.45
28.65	18.32	12.94	16.21	20.51	9.26	1.48	8.62
3.31	104.33	61.12	22.48	8.38	6.93	4.81	64.14
33.33	62.96	42	45.53	15.4	77.65	62.97	171.79
3.88	7.93	28.34	7.96	7.96	16.72	25.51	8.43
16.66	3.25	2.43	13.97	8.17	2.55	1.89	9.45
55.01	23.69	4.45	11.83	27.45	20.81	21.76	108.19
17.8	2.67	2.35	4.29	2.35	9.57	4.14	7.09
105.1	4.66	19.79	3	19.76	29.21	28.6	126.64
21.44	64.21	243.4	25.69	12.15	21.39	170.7	223.16
3.98	26.8	1.93	25.34	13.35	61.27	51.27	20.07
83.19	72.64	12.19	62.37	13.16	23.07	32.31	32.84
3.74	5.9	2.92	2.68	13.74	99.36	3.72	2.58
66.71	5.55	18.18	4.09	9.3	12.89	57.28	2
50.55	172.52	109.87	94.42	130.19	35.27	91.63	203.13
12.27	8.92	9.98	4.18	2.02	30.63	7.77	14.4
2.5	3.29	2.18	70.95	32.01	69.91	21.82	16.26
43.08	82.89	35.42	69.09	40.3	55.33	145.12	49.07
6.02	11.16	14.89	13.55	4.36	13.19	1.99	5.3
39.14	22.71	4.56	81.43	85.28	73.84	107.94	18.41
2.16	3.12	10.33	2.79	9.63	3.12	15.06	4.12
14.21	15.55	33.12	12.27	18.02	11.57	4.55	16.33
42.38	35.37	6.77	191	4.4	12.18	39.01	31.85
2.89	2.66	1.18	2.43	1.15	2.84	2.18	1.48
8.34	20.7	11.63	34.96	10.46	7.85	15.73	36.98
5.2	12.71	1.95	1.07	8.45	6.9	6.62	8.88
12.47	18.87	41.72	2.31	10.63	32.47	53.05	9.21
77.89	71.44	43.82	3.05	12.73	5.93	1.41	25.59
33.97	1.16	141.26	10.4	28.81	86.2	82.16	6.76
3.2	10.01	15.41	7.63	21.53	27.25	2.61	4.97
19.52	36.76	1.39	43.04	14.42	15.43	6.39	25.77
42.36	24.21	2.14	4.94	21.6	13.23	6.59	7.1
63.87	33.56	7.19	4.75	6.19	4.41	30.69	1.2
176.38	182.94	22.16	13.78	46.23	20.23	127.09	186.75
1.97	5.03	7.12	23.6	3.21	8.86	6.81	5.3
4.93	7.35	4.37	7.2	7.15	4.74	15.87	3.59
12.61	7.32	1.82	32.89	5.22	1.18	21.38	9.85
73.04	60.53	24.65	50.36	37.1	50.31	51.44	11
6.01	33.72	62.79	29.75	2.45	1.34	10.11	38.81
2.34	29.84	30.63	6.49	56.36	7.87	59.24	51.55
20.57	2.44	35.83	14.66	8.32	5.8	18.41	18.2
18.75	26.59	17.53	58.65	4.49	1.66	5.24	19.74
7.1	1.37	48.12	5.8	27.73	20.41	8	7.57
120.65	14.2	84.74	15.54	13.62	15.01	26.97	32.91
22.65	10.93	2.35	3.1	43.42	30.29	34.08	30.42
45.49	76.8	43	34.9	77.94	16.37	99.36	71.71
51.72	52.4	39.37	67.97	67.18	5.82	23.69	3.11
3.64	59.09	253.18	60.08	85.07	34.79	42.21	36.75
39.23	29.65	138.57	13.54	34.38	40.5	54.12	6.92
1.75	2.98	7.6	4.45	5.92	2.06	2.01	4.9
141.35	21.59	51.81	36.67	37.37	27.52	38.65	25.47
5	4.56	6	4.82	17.44	4.65	2.23	28.57
7.81	22.64	1.56	2.15	11.64	3.05	3.1	1.28
115.74	26.04	26.63	47.51	75.58	103.39	27.4	17.68
4.02	3.25	6.68	1.93	7.92	6.24	2.3	1.46
12.72	10.33	2.35	12.2	4.71	8.22	14.73	20.99
27.22	11.85	14.34	17.73	4.82	1.36	2.74	3.69
87.54	27.84	67.78	5.11	2.85	85.27	51.98	19.42
31.25	6.43	30.87	35.68	23.38	38.53	35.48	28.66
46.86	124.19	23.93	35.08	24.15	59.46	33.11	80.55
6.66	3.08	2.01	13.78	1.64	5.29	5.09	2.97
46.36	5.16	1.25	12.19	27.03	17.95	49.25	27.3
22.83	107.24	11.45	15.22	19.24	69.94	13.51	46.54
50.97	34.78	10.09	37.88	38.67	10.31	15.92	29.12
31.68	47.89	24.57	8.62	3.57	4.39	6.83	50.84
27.87	31.99	4.54	58.5	103.16	5.21	43.26	25.2
9.24	2.52	3.08	1.83	7.36	8.28	4.01	12.41
52.79	57.02	10.24	14.1	60.68	29.3	319.32	3.64
7.18	8.1	4.42	8.78	5.01	9.95	10.94	20.68
99.82	4.17	15.61	81.78	89.37	3.11	26.14	98.49
1.22	3.95	2.67	2.43	1.13	2.02	11.95	3.47
1.59	16.38	9.65	56.15	8.29	11.81	10.5	6.45
9.02	51.03	148.85	3.07	25.78	32.09	38.33	13.52
23.42	8.2	1.14	19.29	7.89	1.03	12.72	24.59
5.52	111.86	76.03	20.69	24.85	67.53	98.53	48.6
12.16	5.79	15.13	4.24	3.36	2.64	3.16	2.49
110.21	120.28	51.12	158.79	156.44	128.99	109.31	172.49
31.82	2.17	88.04	23.27	12.95	36.12	3.01	15.39
1.26	4.15	17.5	6.59	11.9	1.84	40.18	58.69
104.5	58.13	125	49.56	118.26	84	79.28	58.33
40.01	12.19	25.37	19.44	13.48	19.52	1.07	6.4
30.8	7.22	46	6.75	3.52	22.28	36.23	12.26
2.27	4.67	18.84	12.16	1.5	3.26	3.69	7.09
24.74	1.31	14.9	19.54	1.65	8.71	4.41	12.94
49.81	35.36	17.45	65.07	248.68	41.81	29.1	155.93
78.63	38.13	9.67	6.27	26.51	14.41	18.81	7.81
9.31	21.58	14.41	26.26	34.72	12.68	7.38	18.27
8.49	50.16	48.11	13.39	89.11	52.1	127.2	77.2
11.48	7.29	28.76	1.37	13.98	6.38	17.26	12.6
10.07	4.06	12.15	5.19	66.25	10.85	13.18	14.58
41.7	13.07	33.94	42.29	8.04	7.47	14.92	2.2
3.44	4.18	3.62	2.98	5.59	6.7	1.39	3.54
7.59	45	6.28	39.64	11.74	2.28	3.81	12.05
39.43	26.14	6.82	16.16	59.03	33.48	6.33	82.22
2.88	1.08	4.12	4.42	3.41	2.18	2.66	4.34
69.31	49.31	90.86	13.09	24.42	58.51	8.47	15.88
11.49	19.22	9.84	13.36	14.69	6.43	9.66	16.84
87.04	60.38	123.82	10.17	92.75	88.12	144.52	1.71
5.45	1.48	3.29	1.24	1.11	1.48	2.16	1.05
17.36	13.44	150.96	13.05	88.52	321.25	82.42	134.23
57.67	34.98	54.11	68.71	45.29	104.58	15.4	162.01
12.28	1.65	7.67	11.87	2.12	27.02	5.29	7.41
46.85	255.45	20.41	202.68	32.14	4.14	199.73	137.57
6.66	1.35	2.53	1.48	5	3.44	2.04	6.05
22.28	63.38	19.37	19.66	61.91	245.07	25.15	79.17
6.13	3.29	1.73	1.14	2.69	4.46	2.1	4.1
25.42	36.47	198.39	18.59	5.56	94.12	25.61	15.12
15.16	22.07	16.9	10.03	28.03	23.01	29.78	8.18
1.85	8.52	1.33	1.29	11.94	9.79	3.83	2.37
31.52	45.67	14.38	82.7	93.04	71.2	8.2	9.35
178.59	83.95	108.62	58.99	24.17	301.41	141.13	63.43
2.1	1.53	2.49	1.9	3.57	2.65	3.54	2.27
10.87	109.78	74.5	77.24	175.31	53.27	116.7	134.26
15.22	1.96	7.38	1.65	2.03	9.62	29.24	20.48
3.28	2.04	25.41	12.58	4.4	6.17	3.42	3.46
6.17	69.65	8.74	8.49	4.74	16.69	17.8	8.2
85.02	41.38	1.14	28.56	48.56	33.37	11.28	7.63
19.51	13.15	6.56	30.93	13.58	11.41	34.26	23.23
15.04	24.86	12.79	1.77	46.78	36.23	1.77	11.11
6.71	7.85	24.54	9.12	17.57	12.86	5.28	15.44
162.56	132.74	60.31	91.97	2.98	81.42	60.42	22.39
54.97	108.63	59.31	13.14	78.46	38.54	73.22	34.34
56.28	11.58	37.62	39.44	111.18	16.07	7.64	155.65
10.62	2.25	4.29	7.2	28.52	9.98	3.08	25.69
2.12	19.27	40.9	16.25	29.37	4.56	42.45	5.09
12.31	2.58	6.04	10.96	9.3	36.43	35.47	10.09
9.92	4.82	4.44	47.26	14.87	18.41	4.24	7.7
56.31	36.18	25.2	33.99	8.13	70.31	15.17	22.44
31.12	53.01	28.75	19.09	4.74	30.04	7.25	8.19
126.12	90.12	34.37	60.91	46.22	90.04	2	68.43
8.59	35.8	17.15	16.34	20.06	9.71	9.61	4.46
28	54.07	57.94	4.15	192.7	48.06	61.56	8.87
7.1	1.95	40.42	17.15	39.73	20.01	4.77	17.82
3.36	47.24	5.46	22.29	12.9	16.21	25.3	25.98
63.81	88.71	90.85	34.85	16.25	46.89	20.65	35.42
2.98	8.23	5.25	3.87	12.7	6.49	1.59	2.86
15.01	2.31	27.37	14.49	4.3	8.86	31.22	7.39
24.28	1.31	22.59	3.53	6.47	2.33	6.28	41.48
38.28	6.15	53.18	8.04	22.23	27.37	51.81	17.42
3.09	41.46	48.89	13.45	9.12	59.04	27.03	61.5
26.56	4.98	4.92	3.27	3.78	5.28	2.67	8.04
16.68	47.49	47.33	55.17	33.42	29.06	30.78	4.07
15.66	107.01	69.63	29.74	7.68	21.85	14.63	6.22
58.36	221.94	57.51	111.07	14.15	21.56	98.83	106.71
3.73	20.45	5.61	7.71	7.02	17.58	7.8	1.55
22.73	73.21	28.63	102.56	14.7	66.17	5.6	20.86
20.47	18.84	77.15	10.41	11.82	20.28	1.49	52.69
17.2	15.73	48.22	14.23	45.69	11.26	32.7	29.45
72.16	29.48	57.74	51.13	13.69	9.62	12.33	70.32
3.56	13.59	1.34	2.57	7.9	10.51	3.29	7.71
3.91	22.01	113.73	66.3	186.8	36.66	34.83	141
15.94	45.99	23.67	4.58	67.56	15.72	24.71	12.06
2.53	1.13	10.9	9.68	10.88	1.17	4.05	1.33
36.14	5.25	24.77	41.91	26.23	53.7	31.11	9.81
12.79	32.93	4.9	4.08	4.3	22.9	3.04	46.13
1.21	2.14	1.94	2.06	1.49	4.88	3.58	5.52
21.1	2.28	5.2	12.08	8.38	10.44	8.12	8.55
8.47	5.9	3.9	4.79	4.8	8.54	14.21	5.12
20.98	11.38	50.57	15.01	1.29	6.91	62.05	60.8
11.71	6.9	13.14	13.28	1.24	16.99	3.44	8.68
15.16	4.46	7.77	7.74	13.37	16.14	6.82	5.91
8.03	4.9	8.55	11.48	6.45	13.66	10.78	42.43
25.07	55.01	74.76	27.05	174.12	71.94	114.86	61.2
3.23	103.49	39.3	8.92	2.6	110.81	226.53	33.67
116.76	49.17	55.67	25.77	55.61	9.42	12.48	71.56
5.06	7.4	10.66	7.17	4.28	10.74	62.98	25.02
16.37	43.36	109.8	42.12	8.63	21.85	36.89	16.24
23.65	85.75	23.61	153.59	255.14	41.53	48.17	110.41
2.34	1.35	1.09	3.66	3.76	1.77	1.71	1.01
247.51	18.73	35.6	6.06	46.28	36.57	101.38	75.56
35.91	21.93	167.17	25.29	140.12	154.54	62.71	9.93
3.07	16.02	9.55	67.4	6.65	14.47	79.45	28.26
14.69	53.36	47.35	19.71	37.1	165.17	18.54	52.92
163.56	126.25	82.11	175.53	43.6	780.54	140.5	164.94
30.47	25.18	62.27	18.13	2.88	133.78	59.36	3.19
6.55	5.37	10.93	13.68	12.07	20	14.13	23.04
87.82	100.42	93.45	8.85	50.05	9.56	63.36	118.34
1.62	18.91	6.47	32.22	6.3	3.78	7.76	18.23
154.89	32.82	15.31	16.4	138.46	63.02	5.21	25.29
38.66	130.93	28.11	16.37	22.73	74.81	39.1	62.56
18.89	34.9	51.8	49.83	67.72	19.95	70.03	16.23
2.2	5.63	1.57	6.45	11.65	4.13	4.66	9.64
1.04	21.4	6.61	16.54	3.19	12.01	3.28	2.39
7.23	59.11	25.3	89.08	54.03	3.23	79.34	22.71
79.5	278.35	11.21	44.53	11.21	1.78	13.25	95.42
1.21	4.03	1.69	3.48	1.95	5.3	3.39	2
77.9	70.6	31.21	13.43	79.95	23.12	117.13	71.28
4.96	20.8	22.24	22.37	4.93	50.91	20.71	51.14
3.23	3.79	36.05	8.71	12.78	6.52	4.12	14.05
14.11	26.35	74.08	13.67	12.48	74.95	277.33	17.95
5.78	42.78	34.32	131.9	21.79	15.3	6.65	7.86
3.06	1.43	3.53	4.28	1.44	3.58	2.2	2.77
11.25	14.68	9.45	4.93	30.49	8.5	8.89	1.12
1.2	51.44	174.26	68.08	91.37	96.25	31.56	53.9
68.11	21.22	16.44	33.57	50.67	5.07	33.15	2.54
17.92	189.49	59.19	43.62	137.25	30.5	19.6	14.92
22.67	37.94	1.63	8.94	61.62	43.58	90.23	13.12
3.74	30.31	11.78	20.7	7.06	3.3	39.83	69.09
11.96	15.42	3.06	17.84	20.93	6.22	9.6	6.98
8.27	10.81	11.8	20.47	12.95	1.83	7.04	15.49
2.73	9.13	3.32	3.6	3.79	2.07	2.16	10.35
4.23	15.6	7.47	3.44	1.54	1.73	7.87	14.12
46.26	67.52	115.51	44.32	31.04	14.97	106.66	57.95
4.83	6.07	2.18	2.35	3.49	3.05	1.42	13.01
25.39	26.01	15.43	23.63	1.14	10.06	3.35	33.07
36.28	275.19	313.44	347.1	23.12	35.29	59.81	52.22
48.03	155.93	10.45	65.42	90.82	78.29	54.51	111.42
402.58	122.54	111.26	183.6	144.44	368.62	193.3	11.23
6.83	4.2	13.96	12.67	50.64	7.81	26.64	30.55
6.93	113.03	28.62	12.28	21.16	51.46	114.44	28.43
115.58	16.71	24.47	37.38	30.67	44.87	64	24.55
10.09	21.28	9.59	10.25	2.91	3.38	4.33	14.41
35.55	80.58	27.58	30.52	65.69	59.1	198.48	207.82
6.14	76.61	14.05	55.48	50.46	32.91	28.18	8.8
24.24	48.13	87.04	98.35	66.59	96.17	193.91	59.96
3.87	1.36	3.82	2.46	1.25	1.54	1.32	2.72
53.67	40.12	12.04	8.63	6.38	52.52	28.96	19.24
15.44	32.11	357.55	10.57	49.47	125.93	235.62	293.65
4.05	4.93	15.98	9.16	6.47	8.46	1.76	3.42
9	15.41	13.93	2.62	3.38	6.81	8.03	4.79
12.14	12.62	1.32	12.52	1.83	16.44	8.6	15.21
32.11	8.1	14.36	40.67	1.45	9.9	76.72	18.69
164.47	429.9	347.95	111.37	539.52	103.84	59.53	279.65
21.16	33.42	12.16	28.97	46.08	45.97	14.33	48.74
8.2	1.05	5.48	1.2	23.86	12.26	14.31	28.17
35.29	6.38	39.69	17.36	65.49	17.27	33.98	30.03
118.41	49.94	58.04	2.85	28.72	23.4	455.1	76.6
4.8	41.54	12.46	88.94	74.47	9.28	14.88	92.78
2.83	3.26	2.76	3.34	3.56	1.45	2.75	6.12
1.36	39.77	38.1	3.7	4.83	10.01	21.94	11.55
2.16	1.93	7.52	2.12	2.57	3.09	2.46	1.17
9.59	16.22	10.57	2.1	49.82	38.76	2.43	16.44
3.78	11.37	8.01	7.8	2.55	1.13	4.17	11.17
5.94	24.14	9.28	13.15	12.07	6.6	24.25	53.09
6.7	16.83	18.3	38.43	7.34	4.84	16.55	30.78
15.01	1.8	6.42	5.4	7.69	6.73	12.24	6.08
80.38	18.46	22.21	36.22	8.87	15.06	8.35	2.66
9.08	28.19	22.44	17.26	27.43	17.61	13.13	12.38
18.13	11.21	89.06	3.2	40.38	4.58	18.75	44.69
16.15	133.75	9.85	5.17	92.68	45.88	110.39	2.31
19.78	7.02	6.22	3.89	4.96	6.21	34.68	21.87
153.3	35.58	45.39	20.24	14.44	18.45	104.36	62.6
4.38	36.91	13.75	11.25	36.29	90.7	41.94	22.72
29.93	1.2	36.73	17.24	60.68	52.93	70.47	44.79
40.53	77.9	43.52	72.33	77.12	9.84	16.82	16.03
5.36	1.03	4.59	1.83	2.18	6.78	2.9	8.41
2.15	7.12	7.06	6.88	13.29	4.41	28.43	2.8
65.67	12.58	65.07	20.72	19.98	1.4	74.61	3.71
16.44	14	5.26	18.38	55.34	15.61	6.41	43.09
24.2	26.74	172.92	53.42	7.03	16.46	96.53	45.8
21.05	35.71	48.11	48.47	20.76	21.91	50.27	95.34
21.79	13.25	3.38	27.85	23.53	10.25	56.16	39
15.67	3.76	24.46	6.54	25.59	11.64	16.49	1.03
22.63	2.94	96.57	14.42	73.4	77.21	17.12	38.48
62	21.55	30.8	13.74	14.43	40.73	126.88	71.51
1.07	1.48	6.17	3.4	5.75	8.36	10.79	2.13
27.62	14.02	13.09	2.25	8.37	20.81	8.86	6.7
11.61	10.29	14.78	13.45	1.61	13.49	23.1	9.38
74.56	1.67	97.37	38.19	18.04	49.2	3.34	11.42
27.88	5.43	6.06	17.76	13.02	55.81	5.48	19.47
17.87	4.34	15	7.86	17.86	17.34	1.25	12.42
1.62	11.09	4.8	1.81	5.42	7.77	9.28	10.62
8.3	10.54	10.35	2.6	12.54	97	6.43	25.24
18.63	28.42	17.3	31.81	29.93	12.41	14.25	28.28
