2.01	1.39	1.46	1.23	3.05	4.03	1.31	2.76
48.08	24.24	14.8	18.81	9.83	5.82	6.81	30.71
16.85	29.57	30.02	10.08	29.85	18.39	17.68	99.69
97.01	104.06	1.29	64.6	24.04	255.15	78.29	40.16
23.7	14.38	79.27	76.79	40.36	3.94	74.73	1.1
16.13	25.11	6.06	12.4	23.42	47.96	2.6	3.52
15	51.16	11.88	69.44	39.98	136.61	62.43	27.8
11.34	1.58	45.4	10.9	13.17	12.45	22.11	7.54
16.64	40.61	5.84	47.17	8.08	24.17	5.09	32.74
13.12	12.87	7.27	8.27	4.91	3.49	6.43	13.01
108.71	12.6	9.55	9.32	5.64	50.64	89.37	49.88
10.43	10.11	1.74	8.32	2.86	38.15	19.88	10.95
2.26	7.24	5.37	1.83	5.43	8.32	1.17	2.78
77.06	86.43	90.89	4.53	29.76	14.34	10.97	44.43
2.01	1.56	1.61	3.67	8.23	20.18	40.67	2.13
9.87	23.22	153.63	114.72	102.8	12.25	60.4	223.46
5.19	32.35	76.91	22.05	27.79	18.11	42.3	37.02
3.67	2.19	4.1	2.9	3.81	1.13	2.61	2.15
13.7	3.51	44.02	32.09	10.17	21.58	69.82	3.34
36.54	37.39	33.99	18.72	74.47	12.87	14.14	113.29
10.35	3.59	1.23	7.06	8.06	9.74	3.76	17.31
1.59	1.64	1.15	10.34	1.85	2.78	1.38	2.41
95.33	37.41	34.33	135.85	146.05	26.57	66.41	110.81
12.99	1.16	28.1	1.21	4.22	11.75	30.19	1.79
11.34	31.32	4.94	5.18	11.94	7.54	18.05	23.6
2.58	10.21	14.63	7.73	26.89	11.94	6.89	22.04
10.38	12.36	62.18	26.31	29.39	33.57	26.39	5.46
56.7	26.69	67.71	4.06	23.61	7.19	28.02	45.25
16.81	14.85	11.71	6.31	7.49	1.12	6.42	7.22
5.26	16.1	10.86	16.14	4.63	9.52	9.7	10.55
2.45	1.3	9.33	7.4	47.37	12.82	19.05	4.06
39.57	160.37	17.95	25.3	10.58	9.24	45.14	76.69
58.28	106.87	7.46	119.42	12.92	188.17	88.34	12.34
30.33	4.03	64.84	158.07	16.79	8.13	12.66	25.31
49.39	4.92	7.55	54.92	3.69	26.05	16.21	23.21
16.61	19.74	14.2	13.02	1.32	10.65	11.58	16.78
7.97	15.38	4.4	2.54	10.93	7.18	6.62	1.65
29.67	6.08	9.11	13.84	3.46	15.84	3.56	6.37
5.52	1.67	35.21	5.69	26.19	46.32	3.54	1.11
5.95	11.71	1.38	6.33	16.72	15.63	4.26	15.93
38.32	23.74	3.21	5.55	30.24	12.86	19.13	25.66
8.5	19.24	7.35	28.22	65.62	3.44	32.28	14.08
3.97	2.23	51.47	18.81	2.09	21.66	7.56	2.29
6.37	51.26	9.95	3.37	60.18	13.3	5.16	33.87
5.41	32.21	100.78	64.95	194.61	54.66	6.24	132.91
3.81	4.44	2.25	3.86	2.82	2.12	4.26	2.09
50.7	246.85	35.03	65.14	25.3	47.06	3.27	49.83
2.75	14.81	1.38	20.4	6.74	4.94	18.37	6.29
2.88	1.77	3.74	10.4	1.75	9.47	3.78	1.21
4.72	3.02	20.36	32.66	1.91	16.79	11.42	2.64
11.03	56.28	19.69	4.9	9.12	30.43	28.04	32.14
37.31	27.52	25.86	16.64	86.39	270.61	34.55	82.98
13.64	19.32	14.66	12.66	20.66	4.6	8.91	3.37
1.97	6.07	6	4.55	20.94	12.43	14.52	2.48
112.68	16.33	36.26	28.9	30.38	7.83	33.52	13.45
5.31	146.99	72.01	22.58	145.75	38.23	295.68	130.4
1.14	2.37	3.64	5.88	1.49	1.16	2.55	1.98
9.79	24.61	67.49	77.79	10.75	2.24	1.27	5.55
17.84	5.99	17.54	8.46	17.41	7.92	1.95	2.44
30.03	29.5	52.92	83.54	67.42	134.76	79.79	339.03
15.62	13.06	6.47	7.52	3.44	12.56	1.91	4.8
12.02	31.96	27.87	54.03	11.7	15.09	11.38	51.22
120.34	25.02	28.44	58.02	48.35	71.35	27.69	94.83
9.96	45.15	36.1	52.93	30.71	102.5	46.21	17.78
52.69	12.17	105.43	4.65	51.52	92.34	41.4	118.76
29.67	76.14	51.65	8.54	3.31	282.39	17.24	184.28
54.62	22.29	5.83	32.24	13.6	1.24	46.72	16.36
115.18	19.4	15.93	38.8	61.87	27.11	11.57	17.09
19.43	7.6	6.57	18.58	1.04	4.28	5.37	33.85
10.44	19.56	311.77	4.35	10.35	34.82	13.96	32.6
21.6	47.59	55.41	30.8	28.02	1.54	10.97	7.24
3	2.32	4.04	2.7	2.3	2.7	5.03	2.25
73.34	39.64	91.11	246.24	372.92	109.04	223.83	383.67
26.11	70.68	70.46	68.42	153.25	15.21	42.04	29.09
12.9	20	5.01	21.22	19.96	11	16.59	1.95
13.8	24.72	10.76	36.79	23.31	14.42	2.53	2.86
3.09	68.62	55.66	5.85	33.77	12.01	36.25	68.94
51.78	30.75	10.84	107.52	125	55.47	4.63	8.66
25.43	65.53	27.21	27.93	23.07	13	28.97	10.44
84.57	12.48	15.02	2.08	26.78	192.36	379.24	39.29
10.99	9.93	2.72	3.11	4.09	23.09	21.36	28.65
95.33	65.74	64.38	17.24	113.63	70.27	53.06	90.45
17.41	3.15	11.47	8.58	25.08	2.2	5.41	29.76
35.45	6.9	3.2	2.87	29.67	8.37	23.27	10.07
72.13	36.23	12.59	7.93	15.88	43.02	41.83	58.99
12.16	5.15	16.61	21.92	9.02	4.39	13.12	21.34
121.75	19.64	3.67	122.28	18.13	79.64	39.5	91.24
5.04	15.6	25.02	9.83	2.83	9	5.11	1.13
5.35	59.66	102.18	27	100.94	9.2	44.9	81.06
21.74	49.85	10.04	46.81	18.64	12.91	24.47	100.77
2.22	1.73	1.26	33.13	24.55	7.08	6.28	29.35
49.43	7.59	22.96	36.24	109.45	17.57	107.65	52.18
14.33	4.07	20.64	15.92	7.05	12.24	8.76	1.58
16.42	11.8	60.73	84.6	12.87	14.86	61.95	4.3
2.67	5.35	7.17	4.98	1.43	1.75	3.24	2.03
55.18	67.24	96.21	5.84	147.34	312.02	12.18	4.66
78.63	102.64	255.38	120.91	299.16	166.75	48.77	64.94
27.13	4.14	28.07	35.54	42.17	49.81	31.62	23.74
1.39	2.56	1.13	1.78	2.28	3.08	1.14	3.53
26.92	3.05	31.58	32.24	25.55	14.56	67.48	5.1
11.83	6.37	6.04	134.8	80.15	134.38	29.08	57.25
30.71	7.44	372.79	133.32	135.6	112.44	95.01	90.51
5.11	9.52	13.04	14.33	34.88	47.33	31.67	7.59
6.5	24.16	13	33.09	46.01	34.26	11.33	5.64
43.59	22.07	14.98	8.02	60.38	3.03	2.53	15.39
14.69	3.26	39.14	31.14	71.4	15.21	11.96	64.04
31.64	21.18	21.08	3.7	111.08	2.74	12.83	10.53
92.96	155.54	16.55	22.81	187.15	17.51	22.39	18.64
1.51	2.94	4.84	4.76	1.51	2.84	1.1	1.35
11.07	11.18	8.83	2.87	4.79	6.14	5.97	1.47
39.86	1.64	43.79	95.43	32.25	79.93	18.06	65.18
6.52	18.3	31.16	10.34	22.5	19.28	4.96	2.77
63.63	15.98	9.95	12.97	88.18	131.27	24.73	12.82
74.69	36.17	16.34	8.24	38.54	7.05	74.45	10.29
150.89	24.46	92.13	15.95	45.6	177.44	71.12	120.88
9.86	1.33	11.17	41.91	41.15	37.72	24.42	18.31
13.78	1.1	3.34	6.64	32.45	8.13	18.58	22.62
55.86	32.94	40.68	9.22	35.38	361.8	50.98	5.34
198.62	25.76	118.78	35.05	45.24	54.61	239.24	524.53
12.14	23.87	13.27	15.2	24.73	3.62	2.64	16.68
29.78	69.32	58.4	235.42	34.7	1.48	14.37	90.45
6.67	24.34	38.41	8.86	27.4	26.53	11.32	3.43
36.97	17.17	17.79	19.03	57.07	154.85	31.53	46.63
32.51	82.43	14.32	6.59	5.39	13.61	32.47	19.32
18.69	30.34	18.99	38.68	72.3	14.64	82.26	18.51
4.22	9.38	10.58	3.2	8.9	2.61	4.04	4.12
7.64	5.88	12.77	7.17	34.82	16.55	8.15	1.4
74.76	31.33	66.87	116.6	61.73	114.51	3.51	52.48
6.36	115.16	40.48	14.17	25.75	44.67	256.28	77.8
17.31	19.54	9.52	11.19	10.02	19.83	20.59	17.13
14.02	21.16	92.87	30.41	46.93	2.39	35.99	1
17.49	23.46	2.23	13.37	40.22	48.38	14.21	4.39
1.12	102.15	104.11	30.8	72.98	147.32	77.22	88.95
14.4	8.24	61.38	3.06	110.76	55.66	3.89	36.73
6.35	25.06	19.76	11.19	17.98	3.47	13.14	8.65
4.52	38.52	6.79	58.08	32.61	39.36	83.53	9.46
311.92	305.72	74.97	131.86	17.18	39.49	102.04	99.78
2.01	4.16	12.96	40.46	62.93	4.49	12.04	22.87
4.95	17.04	44.11	15.91	52.28	42.72	59.61	5.84
9.21	24.89	13.67	79.36	88.61	23.71	124.15	43.34
17.81	2.19	49.46	3.21	33.58	3.03	84.83	27.53
26.39	59.23	34.53	35.04	150.27	27.46	28.4	145
58.06	20.65	33.23	22.64	76.54	44.29	50.65	32.04
49.55	1.54	9.07	21.89	20.72	1.47	23.58	27.12
5.89	3.86	5.52	3.97	20.18	4.42	12.21	5.39
17.07	14.52	25.17	6.08	24.7	12.47	5.3	9.77
71.63	63.18	55.22	12.28	11.23	150.57	41.14	1.97
10.73	17.1	71.18	19.57	23.76	42.67	31.2	35.8
55.25	34.33	25.25	21.63	14.79	16.97	5.72	9.32
5.08	11.53	8.13	9.63	9.05	9.54	9.25	5.53
14	21.45	17.35	8.96	2.84	6.48	31.54	3.5
125.68	92.89	223.02	23.82	28.65	70.8	35.05	82.82
46.49	5.88	28.12	3.51	22.11	23	11.48	13.21
21.78	2.14	1.46	41.64	45.21	20.15	20.78	66.51
50.28	15.38	14.42	2.81	77.46	76.64	5.77	18.8
6.53	8.49	33.64	1.08	1.24	29.99	14.7	62.32
19.85	21.21	22.21	33	8.86	33.74	4.88	8.52
31.67	22.9	30.3	3.55	36.72	23.09	18.85	18.08
58.02	72.01	125.94	2.74	87.21	64.2	8.13	17.91
27	56.72	81.95	10.86	41.66	75	4.94	32.72
17.06	42.18	88.14	22.09	89.78	175.59	34.53	21.55
252.59	55.12	50.57	54.66	65.36	1.81	1	15.22
13.48	1.01	34.42	19	16.97	7.94	5.17	6.62
127.75	235.63	134.04	35.6	102.42	110.84	68.23	236.9
31.35	6.49	32.22	22.31	80.04	12.39	2.16	26
7.05	24.49	1.27	6.18	6.39	19	58.92	4.53
73.08	26.49	89.94	69.3	11.53	83.42	23.73	40.24
4.88	4.68	2.45	6.06	2.17	4.16	8.95	11.83
2.14	15.79	58.3	10.72	40.37	9.36	22.03	6.66
11.03	59.97	24.83	24.11	53.32	14.07	8.03	48.92
5.64	9.94	1.71	36.12	30.46	21.7	6.99	20.57
2.15	9.46	43.3	28.74	15.3	4.04	9.54	3.21
9.22	30.57	41.45	22.95	46.86	2.4	4.63	27.05
8.98	17.96	8.5	11.88	21.16	13.59	19.96	16.79
24.25	64.32	35.74	80.26	106.62	146.08	8.99	3.48
3.43	6.54	5.19	2.71	18.56	7.91	6.56	1.62
12.55	83.44	126.24	82.1	246.14	118.56	4.68	12.06
31.21	49.81	26.07	5.74	32.89	58.63	12.37	8.56
39.43	8.1	33.08	13.72	1.38	5.06	14.7	19.27
29.79	246.54	12.6	55.01	29.82	12.77	23	28.06
1.95	2.96	2.14	8.12	2.51	1.55	2.1	4.54
21.05	111.04	12.74	29.33	183.51	19.53	94.04	25.81
10.79	11.53	79.19	107.34	52.77	3.47	283.71	53.27
429.45	66.58	14.59	84.26	31.13	95.24	111.63	125.26
2.66	5.97	7.02	8.5	7.32	31.07	20.53	3.13
4.23	3.23	9.16	1.64	7.26	13.72	5.64	5.76
51.11	5.34	31.64	17.84	17.69	22.22	62.87	23.55
10.45	12.19	25.8	9.43	39.14	47.41	24.44	45.51
76.74	25.97	92.83	91.79	94.7	67.3	12.58	47.63
6.43	10.59	5.08	8.6	1.8	6.57	1.66	9.78
51.14	98.7	123.74	21.45	5.04	12.8	66.16	158.89
62.27	37.13	50.43	25.37	29.03	15.14	4.33	1.54
34.58	3.31	6.66	39.8	110.56	13.86	13.15	1.6
3.07	8.61	7.93	11.07	34.73	32.92	7.69	13.37
47.05	3.9	22.45	1.56	3.67	4.01	35.47	27.56
24.82	14.76	5.65	11.25	1.18	62.64	19.58	2.99
29.17	98.6	13.13	29.99	14.7	5.73	1.64	61.26
3.77	8.06	14.39	3.83	5.67	2.47	23.05	3.16
46.52	45.68	32.03	28	102.11	4.39	68.04	10.44
7.99	2.93	36.88	51.72	3.37	5.89	6.93	3.73
25.85	15.72	37.9	5.91	64.28	16.06	48.59	12.97
29.5	21.98	8.01	58.76	2.49	54.13	4.01	11.94
4.37	2.6	11.39	2.24	1.4	2.98	8.02	5.8
115.43	79.01	147.85	33.14	57.81	65.19	60.65	6
17.57	163.35	27.59	69.99	119.03	99.91	58.9	287.23
4.33	26.91	5.85	53.23	14.2	37.42	55.01	4.66
40.52	16.13	6.31	22.95	9.91	98.59	18.31	20.22
45.82	40.69	81.23	12.01	15.45	9.14	8.4	12
3.2	38.49	6.59	6.08	22.66	4.81	7.65	2.8
76.35	34.61	98.4	87.2	111.46	195.68	45.27	30.39
1.72	7.91	3.08	7.13	8.45	7.28	3.21	3.82
21.03	4.22	31.34	4.43	1.16	1.12	7.51	8.94
3.65	8.07	2.35	11.82	15.12	3.87	8.33	19.09
3.68	70.72	12.37	5.72	6.23	12.15	21.12	47.49
349	102.77	172.57	204.92	167.49	188.38	107.38	212.17
50.62	8.57	16.66	25.33	40.22	35.43	54.01	27.54
18.72	4.57	5.26	2.61	23.2	4.07	3.68	26.73
25.06	46.16	98.84	13.94	57.42	39.4	76.25	5.64
4.71	10.87	1.39	20.15	2.58	14.24	2.22	12.36
2.61	6.27	10.69	11.04	6.57	8.04	3.97	10.76
32.53	1.04	38.47	47.73	48.89	9.74	25.09	43.36
32.14	20.22	19.9	45.39	40.07	23.43	10.16	54.13
4.22	1.2	1.61	1.91	1.16	2.79	3.66	1.14
41.2	11.8	187.73	226.62	266.55	84.52	162.94	14.71
31.49	25.95	64.48	14.31	44.54	10.15	41.62	2.08
3.81	5.37	20.11	32.68	35.82	32.11	20.91	13.69
7.41	2.16	2.64	19.71	4.25	15.74	16.28	6.82
111.05	110.46	3.14	79.09	441.62	125.2	248.59	231.4
79.95	93.38	79.65	158.82	14.52	82.55	69.12	3.26
15.78	38.35	3.19	3.04	28.77	3.88	5.03	18.67
11.05	21.39	12.52	11.97	5.27	3.29	38.69	5.8
257.67	151.84	131.85	572.31	117.26	36.48	199.93	97.29
36.24	17.42	21.51	4.73	123.54	114.24	133.85	133.17
13.79	52.71	1.42	15.03	13.38	27.56	2.97	1.98
21.97	70.23	4.73	121.3	128.4	29	30.23	70.5
41.32	7.35	59.82	29.06	2.37	17.85	60.62	29.35
11.17	17.14	4.59	4.17	1.02	3.41	1.11	9.38
3.4	9.62	1.39	1.98	6.09	4.14	2.78	1.9
23.04	26.13	6.65	5	45.4	34.72	18.41	23.2
2.28	3.65	6.78	9.13	11.7	45.7	6.01	5.92
1.63	7.3	1.81	1.83	6.17	8.81	13.61	16.19
26.61	14.34	7.61	7.9	9.19	6.16	35.33	22.47
16.07	8.16	57.39	35.48	22.94	19.42	31.85	7.6
1.08	14.26	2.73	4.15	13.65	1.52	7.97	3.09
19.56	22.15	19.37	59.41	17.92	135.19	111.28	7.85
10.67	56.1	29.73	55.04	17.63	20.54	1.29	117.83
24.79	60.24	7.93	121.38	2.08	17.43	27.35	29.54
32.56	3.65	19.98	3.47	40.96	36.74	15.26	2.11
7.72	82.79	64.8	12.8	39.41	11.07	6.26	23.07
80.9	8.45	40.49	64.5	4.13	51.35	19.99	7.6
48.04	43.36	7.1	28.62	45.32	11.74	73.38	4.31
7.45	48.12	17.76	8.44	6.09	12.9	50.44	15.3
11.03	42.89	4.93	65.15	20.78	40.27	14.77	22.57
13.21	11.5	5.63	30.26	12.14	20.85	2.57	5.18
24.17	12.74	12.3	6.97	28.21	17.46	20.33	1.74
12.36	6.7	1.36	2.87	1.13	10.06	11.15	8.97
127.22	11.71	54.96	20.26	24.56	12.49	31.62	34.7
28.27	79.99	87.54	5.7	15.4	58.76	33.82	37.81
45.52	1.4	7.74	28.49	19.79	23.25	112.12	101.75
232.7	124.35	236.74	105.86	231.9	946.58	182.33	210.77
1.66	63.29	40.16	4.27	29.23	36.2	7.2	48.76
45.86	147.09	68.5	134.6	100.18	9.29	27.1	59.92
13.04	2.23	39.08	35.46	41.16	44.77	22.55	2.94
13.15	31.14	8.76	9.6	22.02	6.96	7.28	1.11
17.85	83.54	13.91	33.72	64.27	25.18	62.42	41.14
13.74	1.08	24.43	67.6	83.05	96.76	22.21	3.08
4.85	69.87	107.84	71	29.89	17.72	63.56	236.48
2.81	1.27	6.37	1.06	2.25	2.36	2.11	4.36
40.42	4.24	26.89	4.91	15.7	8.86	10.67	4.3
1.71	3.94	2.11	4.88	1.82	1.38	5.71	1.09
9.07	14.58	8.82	50.06	19.21	30.93	47.65	42.94
6.41	117.57	42.21	3.82	73.89	104.1	24.17	39.63
14.85	22.59	2.77	3.25	11.65	53.87	26.94	15.3
16.61	1.85	17.86	14.55	24.15	35.44	28.53	77.84
7.15	1.67	4.92	10	3.04	7.52	18.56	12.38
45.46	11.13	75.5	11.15	38.21	52.71	83.3	47.39
24.65	41.61	70.04	44.68	20.63	58.53	67.01	9.61
1.84	52.59	19.1	38.37	16.24	18.35	11.24	17.72
29.92	13.71	90.82	186.93	17.48	140.06	5.09	11.14
286.68	179.23	182.23	148.68	39.98	106.54	93.97	160.69
12.83	14.89	46.6	68.35	46.7	164	9.79	61.04
55.24	14.21	150.28	17.43	13.29	80.3	32.87	115.68
16.03	5.32	56.75	72.38	98.47	24.67	33.21	8.17
25.01	3.02	5.53	3.65	9.51	1.9	2.3	12.02
116.59	69.82	13.13	7.28	13.48	5.82	251.03	110.46
2.58	3.28	10.2	4.13	3.14	4.36	4.52	1.75
8.7	4.81	11.56	129.72	31.61	25.82	56.15	30.16
8.52	68.56	144.66	84.65	47.61	36.4	29.32	39.9
2.25	2.82	10.71	8.74	6.38	5.93	4.66	2.36
69.7	28.12	9.04	4.28	7.8	16.94	13.51	40.12
85.53	196.51	193.86	186.81	125.81	147.45	125.76	132.95
6.56	7.55	3.18	3.38	24.02	1.22	23.02	28.56
11.94	36.11	4.39	25.08	17.48	11.56	4.66	6.02
3.08	8.63	12.04	15.9	1.66	12.81	9.88	6.56
2.42	12.43	3.18	26.4	3.01	18.5	14.51	15.57
38.32	5.49	3.25	5.67	9.92	12.61	4.1	37.15
6.91	14.87	9.98	28.51	33.23	34.98	12.84	101.29
3.5	2.8	17.12	8.21	8.33	2.72	6.12	19.17
19.4	5.22	13.48	5.83	27.14	2.43	5.01	1.33
28.16	21.22	50.1	4.92	11.59	8.28	10.31	26.72
5.91	5.51	32.88	6.24	60.58	10.05	2.58	14.34
5.84	3.18	62.16	20.78	51.84	12.41	2.75	17.42
12.92	13.57	8.85	6.78	20.78	3.27	11.94	10.13
5.8	10.16	46.54	5.52	1.85	3.04	19.78	30.58
19.19	4.83	7.86	10.84	2.31	3.49	15.05	10.61
22.5	30.32	15.91	19.46	79.3	10.04	91.33	4.68
74.71	132.53	9.24	242.89	34.05	85.66	72.85	181.57
19.07	46.67	1.33	64.76	14.2	18.43	35.82	16.84
10.02	46.37	42.94	17.85	69.47	11.27	2.5	19.67
28.43	28.74	32.2	29.35	70.5	64.12	7.9	59.3
1.85	6.58	9.25	1.27	11.43	5.1	29.12	3.65
5.98	27.68	4.17	122.84	2.67	55.37	22.16	11.33
46.08	24.62	114.68	39.98	37.94	41.2	47.12	62.87
32.14	132.78	14.54	53.12	75.01	6.2	15.14	49.25
88.7	114.54	172.94	203.11	136.1	166.17	134.03	78.98
9.08	3.13	1.33	20.4	8.6	1.82	9.66	2.01
3.55	6.42	14.51	4.26	16.23	18.31	2.06	10.27
25.85	6.41	7.87	3.33	2.88	3.53	2.29	24.66
6.94	5.87	10.06	11	7.35	2.32	5.29	55.32
15.47	11.4	7.21	13.09	19.51	3.54	9.22	13.08
70.16	21.97	39.87	20.27	12.76	2.98	39.89	1.6
5.27	9.27	7.79	4.63	24.89	1.58	4.18	8.78
7.64	1.1	2.25	1.99	2.84	5.12	2.21	3.46
4.44	16.54	38.89	91.56	170.68	129.44	211.9	156.54
22.4	5.81	4.5	3.21	1.59	20.99	4.37	1.79
6.44	6.31	1.86	3.74	34.97	13.42	1.51	9.93
220.45	21.69	74.86	86.52	47.49	104.26	2.63	98.76
51.91	77.66	8.55	4.58	33.68	160.09	7.71	112.6
1.23	2.15	8.5	1.15	1.76	1.93	2.32	1.13
5.2	2.77	3.4	4.29	1.27	2.94	2.38	5.51
1.17	5.04	1.04	3.25	1.8	5.26	6.06	4.16
13.35	11.11	12.56	22.85	14.25	113.81	18.4	8.46
18.02	38.1	19.68	32.73	1.7	22.68	16.91	2.04
36.01	9.44	22.3	6.6	16.82	51.85	5.47	46.34
1.18	3.03	8.16	2.05	3.69	2.03	2.49	7.02
8.18	11.53	9.49	4.33	3.82	1.54	23.75	5.58
1.32	1.54	6.52	1.37	5.72	10.62	16.67	4.96
85.38	115.63	47.01	59.19	294.87	51.18	248.18	45.66
3.73	120.98	137.7	25.82	11.84	120.72	128.71	32.86
40.77	14.9	18.73	22.47	36.16	74.4	33.32	8.42
10.52	15.73	5.35	58.54	21.55	18.96	22.01	109.68
11.68	32.29	13.63	20.03	6.32	13.82	7.18	21.1
8.35	3.8	1.52	10.53	4.63	9.28	20.84	6.24
2.08	2.51	2.1	1.83	2.64	1.58	2.44	1.18
25.89	82.15	78.48	77.79	96.99	357.47	172.27	27.26
19.57	4.58	6.37	4.11	1.64	8.84	4.74	1.52
6.3	19.53	5.26	5.84	17.36	1.9	3.48	24.98
7.37	43.69	84.87	17.79	140.43	8.57	38.28	12.62
12.62	15.94	37.02	9.26	7.78	4.4	6.67	34.07
92.95	38.73	37.85	60.51	55.33	40.45	48.87	42.69
67.46	35.2	5.55	68.37	64.18	157.97	17.21	63.37
2.73	26.07	20.17	18.77	28.3	5.67	12.55	11.89
9.1	2.4	1.42	8.32	1.08	2.11	10.39	16.88
74.7	113.62	89.87	75.72	56.79	7.78	62.52	147.44
3.3	16.7	2.33	2.88	30.62	72.2	1.84	6.52
20.87	10.13	49.72	20.86	7.19	4.96	38.94	49.12
8.91	5.9	4.32	4.46	12.15	5.93	21.63	6.03
13.16	15.14	44.08	37.46	7.3	4.21	25.11	1.6
11.1	56.51	3.46	13.62	12.74	53.01	54.86	8.44
10.14	85.19	36.56	6.4	3.48	39.71	10.38	15.43
22.64	52.07	58.86	109.63	29.02	54.03	12.68	80.77
67.75	34.45	6.94	20.69	52.41	14.82	5.35	16.56
14.13	4.31	25.91	17.16	42.43	29.75	62.31	72.72
6.75	66.57	34.11	36.07	12.64	3.2	50.85	7.76
68.32	51.33	40.24	50.5	106.48	39.7	34.8	160.04
34.38	19.61	8.17	25.99	50.22	59.7	1.99	62.39
5.62	1.83	3.57	3.83	1.37	3.13	1.69	5.84
21.54	16.31	2.22	2.29	15.65	42.15	16.55	43.09
5.7	3.93	8.91	8.05	10.18	4.73	27.86	4.51
82.68	34.76	54.9	89.91	41.45	82.32	45.02	163.68
32.56	44.8	4.72	130	14.84	41.72	63.74	21.3
23.79	63.87	77.52	11.87	59.36	22.3	25.46	21.56
219.03	693.86	29.07	540.81	199.05	114.78	74.42	63.42
4.79	6.76	9.18	7.77	3.27	8.33	3.07	6.5
1	36.2	13.73	24.34	3.63	15.61	69.05	19.82
59.86	36.55	99.79	7.19	39.42	4.51	41.2	36.66
13.51	9.64	3.45	7.05	6.39	26.38	16.37	11.18
5.62	12.68	7.63	182.51	46.41	122.64	14.28	92.18
103.67	55.62	227.26	62.06	80.38	29.85	11.19	24.94
26.99	240.71	42.13	157.94	183.17	98.84	136.34	10.38
7.58	2.27	7.26	4.49	9.93	6.01	19.87	12.31
85.92	76.18	32.44	22.06	179.66	156.76	19.26	142.34
21.82	29.55	10.64	9.32	13.09	33.19	13.17	14.28
14.42	11.26	5	32.33	37.67	2.21	13.07	9.37
3.91	8.31	9.58	14.85	13.21	14.48	30.41	5.73
10.42	1.74	30.02	49.72	14.9	33.8	7.61	10.84
108.06	44.99	36.46	61.03	6.25	17.33	45.4	88.77
7.21	5.83	19.85	33.31	2.98	12.79	39.33	3.71
19.06	31.64	6.52	10.39	92.46	35.99	46.41	92.6
2.16	12.61	14.3	32.49	3.34	8.3	6.59	62.5
7.84	4.73	4.09	8.51	4.32	2.98	4.3	3.64
128.74	71.47	134.21	86.11	28.24	288.76	46.77	115.79
83.87	59.79	34.37	44.12	42.3	7.59	5.48	15.65
5.61	11.44	8.63	3.06	8.46	32.04	10.1	54.33
1.85	3.32	4.57	4.22	7.35	3.82	5.2	8
8.44	62.77	33.97	60.36	119.29	81.56	24.65	31.64
64.28	69.63	16.39	21.14	69.59	20.08	13.73	29.27
14.74	3.23	6.01	16.47	2.72	4	4.28	11.85
13.93	3.46	1.09	8.43	15.17	5.27	11.9	3.62
61.08	32.72	2.97	30.18	32.96	53.06	33.71	29.4
43.12	34.91	23.19	17.2	7.03	51.04	62.49	52.62
43.47	12.31	4.88	13.84	10.78	3.54	1.53	2.89
98.7	26.08	16.74	38.5	2.44	11.56	8.82	22.85
151.26	65.26	332.91	270.44	127.02	30.36	226.28	24.09
82.55	53.07	36.29	66.55	31.76	22.91	62.81	15.63
38.29	1.24	113.81	48.33	31.04	27.01	43.13	13.09
16.12	56.44	4.76	20.61	21.19	35.14	4.43	8.77
23.8	2.03	6.29	3.01	3.14	8.09	10.46	1.99
9.6	2.45	39.17	2.23	29.97	47.88	18.45	44.67
58.94	1.37	70.75	11.55	42.58	17.47	7.12	12.65
37.29	64.47	94.96	7.62	108.45	5.56	91.4	13.06
10.77	10.3	2.33	6.11	5.58	26.34	43.09	39.92
63.43	20.09	9.1	12.45	3.31	11.77	45.52	3.81
3.81	1.16	6.13	10.23	9.86	1.92	1.51	5.84
31.2	22.03	92.62	89.42	30.16	12.01	97.46	47.07
18.07	12.78	23.5	44.82	42.44	52.87	23.22	21.66
39.64	18.56	48.45	16.75	34.02	183.31	1.3	49.79
44.72	31.66	25.91	10.11	7.21	7.41	91.56	61.85
18.97	3.88	44.81	16.74	26.34	36.14	16.7	17.44
46.61	35.34	62.83	105.86	272.64	94.45	14.98	42.41
22.62	33.61	16.29	3.33	2.96	5.35	14.88	16.79
2.79	3.77	2.42	7.09	2.16	5.44	1.6	4.21
5.13	7.57	24.86	14.74	14.99	3.23	18.36	3.88
21.5	58.44	1.6	10.65	55.68	12.79	30.89	20.78
2.35	5.22	6.67	2.71	6.12	4.43	2.09	1.81
9.77	1.29	1.33	8.32	15.41	2.86	4.71	1.33
4.97	33.67	15.53	13.03	3.97	1.96	18.35	4.47
61.82	17.21	83.02	11.26	21.13	60.17	191.49	84.33
48.78	10.15	8	10.76	9.98	34.43	22.15	3.74
29.3	16.75	3.82	13.73	8.04	2.15	20.16	8.04
57.17	15.98	36.3	21.11	16.88	6.13	2.56	10.86
2.03	37.92	9.05	3.73	10.69	4.94	2.72	11.82
11.95	2.32	1.51	20.48	1.99	4.83	14.34	6.37
41.15	57.68	134.72	9.74	14.05	84.37	88.77	18.01
8.86	72.13	58.65	54.54	49.37	2.97	11.29	15.86
5.69	3.27	4.89	9.04	11.7	37.65	6.29	5.77
52.12	27.61	68.86	28.17	16.86	6.72	32.15	48.52
3.93	18.93	36.83	18.21	9.39	4.52	18.6	22.42
44.42	23.94	58.19	40.45	18.6	61.13	11.26	206.28
21.27	12.45	24.15	38.83	21.1	9.59	22.13	35.38
64.19	22.34	11.01	41.69	25.11	20.24	10.8	18.99
20.41	28.49	37.43	8.66	17.76	45.74	18.29	26.6
2.95	1.56	1.16	1.21	3.93	1.3	1.53	1.73
53.93	228.92	25.98	22.51	42.06	80.47	15.99	103.25
7.36	112.69	140.93	29.63	28.91	15.08	2.28	53.83
17.89	3.94	30.79	16.76	74.24	3.41	76	13.51
33.79	55.39	13.16	96.44	41.31	82.94	24.99	111.06
16.15	3.9	8.99	18.36	7.32	7.38	15.51	15.74
8.05	3.13	5.86	9.41	3.58	4.54	2.1	3.84
87.07	79.45	26.27	19.14	8.41	47.81	5.75	33.3
20.4	60.54	15.95	18.18	6.14	3.3	55.02	169.01
130.7	169.94	21.38	400.33	173.54	54.11	185.22	64.22
14.34	29.48	13.43	19.42	1.66	7.62	4.68	23.21
8.14	10.22	19.41	30.25	47.28	11.19	17.41	5.87
17.48	12.38	9.43	5.34	21.94	6.03	47.22	45.86
42.56	27.99	15	32.53	11.71	37.48	83.92	111.44
2.56	8.17	4.33	9.4	1.01	12.36	9.58	9.44
16.08	17.21	20.26	35.43	3.98	11.96	66.77	12.81
5.58	8.82	2.44	1.6	4.42	5.47	5.05	6.32
18.28	24.51	13.68	29.11	27.5	2.39	3.18	28.53
17.05	4.98	27.19	36.49	2.95	21.82	8.98	57.61
26.8	5.27	3.25	4.86	7.28	12.57	13.16	2.62
41.67	34.73	4.12	41.27	23.63	5.97	36.08	70.24
17.74	16.67	5.35	25.44	16.95	185.04	6.02	4.86
53.92	45.33	53.53	77.72	46.86	22.25	59.67	209.9
41.92	55.99	17.36	3.88	23.88	26.85	1.51	13.68
164.29	81.27	253.93	182.75	152.47	68.33	53.55	13.17
11.13	19.55	74.91	15.46	51.59	23.04	38.13	6.45
43.28	76.21	83.18	41.29	38.2	10.74	37.24	27.28
27.63	24.34	43.87	8.2	8.14	20.95	18.24	1.06
6.39	50.1	22.44	43.12	16.63	14.77	41.75	42.2
1.21	4.92	12.97	7.84	4.74	4.5	7.45	6.55
67.87	3.99	15.65	7.75	10.63	6.87	3.02	37.11
4.21	2.9	2.55	15.09	1.97	2.02	2.95	1.76
13.02	9.03	9.19	14.02	19.11	8.94	2.49	6.88
26.93	24.12	8.23	11.66	13.92	29.3	23.1	9.67
2.69	18.8	2.09	4.46	2.65	21.54	8.57	11.35
35.25	22.66	45.25	117.97	67.32	14.86	83.37	14.14
8.21	223.32	53.66	42.2	9.19	16.42	175.04	48.79
87.46	29.07	70.21	45.81	4.79	102.34	43.93	2.4
11.62	2.74	7.89	3.55	5.22	4.25	2.37	4.75
16.91	34.23	9.8	26.38	36.13	52.22	12.76	15.71
102.28	3.99	138.34	92.19	87.14	182.75	117.55	46.12
2.47	18.23	1.51	9.52	3.64	4.41	3.49	3.57
8.29	12.89	8.86	19.18	10.56	6.79	5.11	42.01
12.69	8.02	65.11	26.84	8.93	86.56	11.62	19.13
10.17	1.53	11.94	40.56	17.54	66.36	88.78	12.82
30.31	219.55	12.22	29.68	30.27	136.2	6.45	13.68
1.63	91.12	29.36	20.07	7.92	14.19	55.38	93.11
9.08	27.17	14.92	10.34	17.71	18.93	52.41	10.38
26.33	8.52	26.57	80.7	226.41	31.99	67.06	57.05
13.58	19.49	11.97	19.51	17.96	21.97	21.71	13.27
24.07	4.73	27.4	69.64	27.51	6.37	49.09	60.13
6.49	4.5	6.94	25.35	20.82	11.69	8.96	3.5
1.03	1.09	3.19	5.11	2.97	1.56	1.16	5.35
1.2	3.13	4.44	2.03	1.82	1.21	4.35	4.23
11.8	1.67	54.68	59.31	20.29	24.45	26.46	20.32
24.83	24.91	23.98	22.92	5.17	5.04	10.83	95.32
2.3	7.98	25.76	2.75	16.05	17.44	17.29	6.01
21.91	54.23	36.16	15.05	48.52	105.28	57.41	30.01
300.76	175.75	49.23	27.13	16.38	94.87	230.33	40.68
2.74	10.63	19.18	5.17	14.57	35.77	4.4	12.52
31.93	34.23	61.13	50.96	23.24	24.92	27.52	47.76
3.97	1.6	3.39	5.02	3.15	3.16	3.01	4.13
28.01	29.22	31.41	50.84	94	67.15	27.6	28.22
9.62	12.45	13.51	10.88	4.39	6.67	8.95	4.63
4.32	33.11	12.79	3.33	6.9	5.14	35.22	22.05
7.62	34.99	2.33	75.66	43.36	40.26	38.74	36.19
4.18	6.07	2.85	1.57	5.32	24.13	8.69	2.63
11.24	55.74	3.34	15.34	134.79	14.68	42.2	2.16
21.2	93.27	48.76	25.57	62.4	32.96	73.52	92.62
25.7	4.41	12.66	15.26	12.18	6.11	2.81	3.1
2.59	2.17	3.51	3.96	3.36	7.82	3.59	1.18
3.71	20.44	13.66	15.29	20.86	12.6	6.47	26.49
5.38	49.62	13.01	22.58	28.96	45.62	53.63	11.29
41.87	40.12	8.03	8.13	3.67	17.47	2.21	18.37
1.73	1.24	1.24	1.68	2.81	1.62	2.82	1.03
1.41	81.23	23.78	150.8	1.96	15.56	36.24	4.38
3.75	20.19	25.79	51.98	3.86	43.99	42.96	29.86
50.04	28.49	63.28	2.27	19.35	23.86	14.57	6
7.62	132.64	178.47	208.87	133.51	133.16	11.14	210.22
5.94	2.02	9.34	6.55	18.95	2.07	1.21	22.25
49.79	13	69.79	16.5	6.08	40.72	20.28	26.47
2.3	42.01	14.08	26.41	27.56	12.99	9.45	15.74
7.42	4.25	5.79	23.57	7.74	35.4	10.94	31.08
38.43	63.86	6.37	42.13	61.3	70.39	20.77	14.16
1.54	6.02	3.6	1.94	6	3.34	2.14	1.76
18.7	6.37	5.8	5.84	1.98	6.75	5.24	5.17
62.22	18.67	32.72	86.65	78.44	79.54	146.22	5.83
9.5	4.75	7.58	9.34	9.81	6.59	8.58	68.07
5.63	54.37	11.62	55.79	4.12	74.03	41.25	43.87
21.87	10.96	9.37	2.03	3.84	1.34	5.41	5.82
24.91	8.03	55.82	7.84	30.99	30.96	25.73	14.91
4.78	4.52	40.35	5.97	64.78	10.12	20.07	43.37
8.9	78.4	181.33	53.85	40.27	9.37	62.89	38.02
3.04	20.13	1.18	5.12	13.07	31.77	1.72	38.47
5.72	14.48	1.97	3.32	6.26	5.09	2.21	2.69
35.58	9.82	2.31	32.62	6.89	19.19	9.1	2.78
2.46	1.13	4.84	1.24	1.01	1.75	1.33	1.87
27.21	20.6	5.75	28.9	63.79	3.9	16.58	18.67
55.44	14.4	53.42	16.85	78.71	65.85	31.3	40.4
47.29	9.15	44.34	25.09	11.48	21.23	32.3	5.69
4.44	9.01	11.1	2.94	35.26	2.61	6.28	4.77
5.02	6.67	15.72	8.13	4.54	3.24	4.97	6.81
3.68	16.06	14.21	45.53	16.85	11.55	19.25	4.4
22.98	6.84	15.93	3.51	18.62	46.28	25.1	37.12
17.33	1.12	2.24	8.48	6.59	5.39	2.44	5.75
1.86	1.36	3.66	3.24	4.24	4.56	1.08	6.64
21.59	4.52	8.47	27.25	7.82	17.05	5.89	16.6
64	58.17	1.43	26.83	163.04	19.23	62.81	123.1
76.36	3.93	10.87	23.6	88.53	21.95	51.65	46.02
7.41	7.64	3.32	7.9	4.42	3.9	9.9	4.54
16.68	9.51	18.44	3.01	6.39	26.52	6.38	53.12
12.11	9.68	7.71	5.54	14.5	10.33	13.52	11.26
4.67	12.31	4.12	4.43	5.04	7.02	3.24	7.89
11.47	39.99	7.88	18.29	1.41	1.81	31.4	2.41
23.67	12.16	17.46	28.33	23.76	30.9	5.46	32.27
5.24	2.83	4.91	4.01	2.98	6.08	7.13	15.71
30.8	6.92	100.22	20.85	56.82	13.14	39.14	66.23
13.7	6.89	4.4	32.2	4.73	8.79	14.28	4.18
22.81	18.58	126.3	26.98	26.6	59.5	24.44	9.76
125.27	18.51	52.88	31.56	19.6	14.49	52.45	16.86
19.18	10.55	3.3	20.08	44.7	36.05	22.73	28.62
4.65	10.17	6.28	1.43	7.62	21.97	35.36	4.24
74.35	9.67	29.06	40.5	12.28	111.84	12.48	32.21
17.8	5.88	3.26	3.03	12.86	3.88	18.12	15.3
40.09	1.66	10.1	1.78	4.33	5.82	9.35	8.96
16.9	38.69	3.76	24.77	1.24	18.53	86.96	56.09
55.61	54.49	3.92	16.04	59.32	31.45	14.47	98.23
33.74	17.54	39.59	36.75	157.8	74.7	228.02	35.76
59.96	54.22	24.93	4.81	24.15	46.87	48.03	93.44
46.83	42.98	153.98	17.82	29.59	61.56	76.45	50.43
9.89	18.25	11.4	91.94	15.09	67.67	20.25	60.51
12.47	37.48	10.46	9.22	21.2	22.23	23.18	8.41
3.13	1.23	4.97	2.59	5.2	10.47	3.14	6.37
77.79	158.64	22.63	23.74	75.37	31.96	48.34	30.55
6.99	21.94	2.27	12.63	4.08	43.29	49.05	30.75
1.84	17.82	3.84	5.98	38.51	4.34	66.34	19.64
36.21	21.5	21.15	45.34	28.15	3.36	17.18	5.5
82.07	38.77	17.43	59.35	44.46	59.35	47.8	42.93
3.52	31.14	12.7	5.18	10.48	1.54	10.97	3.36
49.01	93.58	22.26	52.11	15.24	5.28	58.02	24.01
23.48	103.32	13.53	36.81	23	7	11.23	49.32
13.74	13.45	20.2	32.96	22.57	10.86	6.76	13.15
11.57	25.37	14.82	29.65	7.48	17.2	9.1	35.68
6.33	21.51	28.03	4.76	18.07	12.89	31.53	14.09
17.7	15.02	2.42	7.99	46.92	7.83	3.31	45.74
87.03	32.62	90.01	34.53	51.77	12.81	9.5	131.39
45.09	5.68	13.16	11.01	20.09	23.06	19.51	37.89
24.44	17.72	3.36	57.04	47.61	15.71	60.1	49.81
12.07	1.47	13.95	1.64	12.12	7.1	9.78	3.05
1.47	5.59	8.75	18.34	9.53	13.36	7.71	9.56
3.49	1.73	24.9	16.12	4.55	4.22	9.51	31.34
2.29	9.74	8.23	20.67	19.09	23.18	3.15	10.9
15.03	6.44	25.53	11.55	10.48	21.25	3.85	18.13
1.64	1.32	5.23	1.05	1.4	1.56	2.15	2.55
19.34	37.77	12.5	34.32	252.92	70.71	68.6	22.77
6.09	2.9	10.51	12.73	8.04	14.26	2.64	2
7.38	3.28	2.02	6.25	15.28	3.73	1.98	3.1
7.03	58.05	25.81	5.22	13.45	1.21	4.22	5.01
202.76	8.28	24.71	25.58	40.3	9.95	18.15	29.89
8.14	150.74	46.55	30.85	58.82	92.09	70.44	19.12
4.69	7.07	25.4	28	1.87	17.96	18.45	4.89
41.06	18.47	25.41	21.88	81.7	27.81	24.63	82.81
247.5	27.64	18.38	95.91	78.24	102.95	241.52	230.93
3.57	1.7	1.02	2.45	1.29	3.5	4.53	3.46
38.51	26.58	5.54	3.31	175.48	14.07	24.64	3.57
5.12	20.58	1.9	14.7	16.09	6.12	15.7	11.82
16.73	31.07	52	25.85	2.72	30.3	89.03	26.48
13.86	25.36	10.3	17.5	5.28	13.16	54.52	5.45
105.68	72.42	141.13	26.07	151.1	76.19	239.53	230.01
9.28	9.68	19.41	38.89	57.94	28.68	2.56	8.42
52.05	3.55	22.56	114.8	90.54	20.14	40.22	5.56
13.27	12.12	28.26	12.74	35.41	60.68	18.53	49.33
1.31	24.34	23.23	9.01	4.21	35.46	15.46	20.74
23.62	11.95	50.48	123.42	179.5	118.5	45.42	34.42
27.01	74.25	8.85	32.6	88.95	84.31	24.79	15.65
2.25	7.36	4.61	3.21	3.55	4.9	2.16	24.89
7.93	6.76	14.42	33.07	58.74	16.73	1.02	56.51
18.39	6.72	12.29	5.68	28.54	66.25	31.11	26.94
11.75	8.91	4.92	23.45	29.62	7.96	20.81	35.82
2.77	33.71	43.3	8.93	36.86	4.34	78.64	22.74
4.57	15.91	15.14	41.83	22.5	35.43	23.49	50.61
21.96	14.53	133.31	262.9	7.35	56.88	314.05	369.15
1.4	1.57	1.6	2.91	1.07	9.19	10.04	3.65
2.78	2.07	3.29	2.01	3.37	4.23	7.75	2.1
55.05	36.72	54.63	47.79	59.34	44.78	30.74	99.01
3.48	12.1	4.33	9.78	11.58	8.34	13.42	8.88
56.28	62.38	129.87	21.33	7.07	132.43	25.43	93.85
121.42	43.65	65.98	48.09	48.36	7.58	18.04	58.18
97.04	163.13	124.8	16.77	4.55	47.86	22.36	28.06
7.77	52	19.72	21.21	35.12	30.56	9.2	37.73
23.89	130.04	31.16	8.96	117.32	101.86	45.14	44.78
1.28	3.25	6.68	2.51	1.5	2.31	2.65	3.53
1.06	4.56	17.4	7.37	49.17	29.9	31.32	4.35
5.7	27.02	1.95	10.69	8.66	8.19	16.22	15.53
44.46	11.94	39.12	46.09	45.83	26.35	3.88	27.63
6.72	10.85	42.64	12.76	29.99	122.78	7.88	14.29
9.88	2.49	43.15	6.09	39.79	2.8	35.91	65.59
16.68	37.75	14.03	27.5	6.73	1.89	27.38	60.94
11.47	3.23	6.01	4.33	37.1	14.87	5.71	9.01
27.47	48.93	8.5	10.32	4.13	6.61	27.77	114.2
55.47	17.81	5.25	8.68	3.8	5.73	47.58	3.75
1.8	37.68	30.79	107.6	87.96	62.13	25.08	234.19
8.67	11.14	10.43	6.73	7.02	3.72	8.88	6.92
4.66	32.24	27.89	16.3	12.26	14.2	6.76	35.41
94.3	32.09	77.07	206.73	132.69	21.04	21.03	108.93
20.65	58.66	19.55	10.84	24.44	112.07	39.88	85.29
7.04	18.68	6.34	10.24	23.96	28.54	12.8	26.63
16.92	42.07	21.77	11.73	119.82	43.43	22.16	10.12
44.48	12.4	163.07	37.69	113.78	41.3	15.47	24.74
24.73	37.22	7.93	9.54	13.82	51.69	65.09	64.72
3.04	4.42	4.66	1.72	4.93	2.62	2.49	9.63
40.15	87.23	3.19	17.34	35.32	1.59	60.28	49.14
2.53	4.35	4.14	6.14	3.27	67.38	15.8	3.78
37.37	4.5	66.45	102.9	103.79	80.26	90.01	201.84
15.43	44.46	41.87	77.23	7.14	231.41	7.03	214.93
5.93	18.37	18.79	18.46	24.97	3.02	2.94	4.94
28.67	17.14	122.74	14.92	28.37	4.61	7.13	32.63
3.95	16.48	25.65	1.13	2.7	47.27	27.47	4.78
8.89	5.36	40.64	4.75	27.05	11.85	13.54	12.18
76.77	46.19	50.02	44.12	18.89	74.9	1.71	144.83
55.47	70.97	19.92	20.14	109.89	70.27	9.97	27.17
9.38	20.36	70.56	9.28	74.1	63.47	33.76	86.84
49.59	63.69	137.18	137.97	99.28	135.46	23.93	130.68
61.27	4.74	11.05	50.28	26.55	16.43	71.67	47.7
3.45	8.88	3.45	24.11	3.27	25.01	8.1	4.9
2.58	4.02	3.05	5	5.71	5.45	3.02	6.61
2.84	14.91	2.63	4.41	9.93	8.43	15.87	1.55
9.33	9.76	24.28	7.28	18.45	77.32	68.55	102.45
9.76	32.67	3.82	12.01	3.85	8.17	63.48	21.73
242.13	213.25	75.15	3.96	109.23	210.12	179.33	389.6
13	9.05	52.91	5.37	16.12	2.14	30.5	7.54
54.25	47.09	10.57	59.88	19.44	46.22	67.17	42.54
3.19	15.04	5.8	8.39	7.63	9.23	1.32	1.7
2.69	7.63	1.77	17.52	4.46	6.33	14.17	4.1
7.13	20.14	27	31.21	5.32	6.46	4.91	5.81
19.3	2.9	5.25	19.68	3.45	4.69	1.59	11.86
152.49	34.02	85.85	7.13	1.91	27.19	58.51	92.81
8.69	13.5	5.21	11.68	43.41	20.9	30.71	14.92
7.82	26.56	21.01	1.84	3.17	31.09	2.9	10.89
17.77	7.88	4.45	2.95	2.27	1.04	4.06	1.82
3.92	117.94	14.77	29.58	7.32	35.22	16.17	18.81
17.35	20.59	15.78	2.05	24.32	19.25	22.29	3.04
5.56	28.12	5.85	4.95	12.77	1.94	7.42	6.1
5.61	67.45	11.24	26.9	53.26	87.48	19.25	52.07
41.05	33.1	18.75	18.93	9.59	2.16	16.4	22.99
30.86	1.09	3.51	2.41	4.91	10.92	4.59	26.69
8.01	33.7	20.42	14.99	7.47	42.88	9.71	7.08
36.68	7.21	17.57	56.5	3.06	34.03	23.36	10.7
7.18	7.07	4.16	3.14	2.27	9.27	3.15	5.48
6.24	2.62	14.08	6.66	29.96	3.54	8.19	2.12
27.96	30.26	5.82	33.24	4.11	2.92	12.81	4.76
12.22	4.48	12.54	7.14	84.09	30.35	35.78	35.65
97.18	33.14	25.98	24.36	2.6	14.28	4.95	33.42
23.21	4.12	6.11	11.68	17.74	9.56	5.89	2.72
38.72	52.15	121.19	3.04	23.1	21.27	11.02	7.73
21.74	1.23	16.98	36.33	89.83	1.27	31.53	54.8
5.41	40.62	39.85	1.02	34.69	14.28	6.73	1.85
5.4	7.55	4.96	47.44	3.58	36.01	25.71	9.2
104.96	54.18	3.24	34.63	13.98	69.44	6.62	38.98
117.34	121.35	46.31	147.11	25.15	100.05	185.38	244.12
12.31	2.88	33.58	7.7	3.64	9.61	25.3	6.7
41.16	11.64	30.52	5.19	27.58	76.97	17.06	12.04
106.66	3.33	43.97	29.88	72.32	12.28	17.37	18.43
24.58	21.37	37.77	31.26	71.85	26.06	19.8	10.1
23.16	72.93	8.73	7.98	41.82	37.99	3.35	101.77
8.92	132.51	12.75	16.97	2.17	71.45	75.19	49.26
37.88	2.87	38.04	2.68	44.5	18.93	11.22	7.5
3.36	13.09	14.73	34.48	23.36	2.59	16.14	12.73
39.61	88.3	20.6	33.71	47.25	13.11	93.58	10.75
8.76	23.05	30.27	2.25	47.23	26.62	41.96	29.35
39.74	20.57	46.71	120.01	17.77	118.91	35.92	12.73
19.31	6	38.29	36.65	109.86	49.41	3.19	5.82
56.13	5.77	51.21	66.79	59.91	43.14	29.76	93.67
21.56	132.8	2.19	214.66	47.02	20.66	103.38	46.41
19.64	91.76	22.23	8.73	53.95	23.12	37.83	51.87
7.67	10.5	34.73	47.3	157.53	35.26	43.62	2.89
17.24	1.21	1.91	7.06	9.04	17.85	6.1	5.79
2.6	1.84	6.88	20.31	6.47	7.11	28.25	9.44
2.5	57.88	31.98	39.66	90.2	80.87	143.5	24.71
19.29	14.47	69.9	49.21	24.08	49.79	21.2	18.99
3.48	2.79	4.39	3.03	2.27	3.69	2.55	1.97
10.16	6.98	16.13	9.67	3.37	34.67	5.38	16.69
11.97	93.04	26.75	42.85	42.85	55.63	57.78	13.03
2.36	1.68	1.1	2.24	1.27	3.3	1.92	4.48
2.11	3.18	1.92	2.17	4.25	3.06	9.23	2.25
29.14	29.68	122.23	27.67	136.17	92.01	52.65	71.93
12.16	6.55	6.04	5.92	12.02	5.85	18.27	5.58
3.49	5.98	3.51	7.24	36.42	46.85	29.2	49.47
32.35	17.1	56.89	93.03	31.11	123.54	27.92	18.78
79.97	57.4	27	1.32	6.8	8.29	37.1	26.61
58.88	93.71	39.5	13.96	15.77	5.76	60.1	21.59
3.09	6.39	1.69	1.53	9.76	2.44	13.4	2.91
1.73	1.5	1.89	1.15	1.64	4.54	2.5	5.16
16.23	21.83	10.13	3.97	34.39	40.09	8.05	29.17
39.59	66.79	14.16	24.86	56.2	14.99	26.03	79.52
1.59	25.41	9.8	9.36	6.17	5.12	31.82	14.42
126.6	21.29	43.33	117.43	19.29	15.78	19.26	49.29
18.48	34.24	20.58	18.73	32	23.52	11.6	59.89
14.58	78.61	8.18	11.36	18.78	1.34	8.73	7.1
2.57	1.97	2.09	29.97	13.52	34.32	5.9	8.69
14.05	16.56	12.25	15.44	17.2	4.01	11.62	16.56
49.21	35.14	2.23	33.49	14.37	9.22	9.69	5.4
28.95	53.97	6.96	27.73	12.71	1.05	32.71	8.54
5.27	4.17	11.83	11.56	16.06	4.57	12.9	25.89
4.76	42.34	19.45	3.7	24.79	38.84	10.79	15.31
1.63	1.03	8.97	32.93	3.39	22.84	42.86	47.78
105.26	328.27	57.1	23.41	101.97	146.3	93.31	31.91
15.9	2.88	57.84	37.45	16.72	30.25	21.52	50.14
3.2	2.99	8.36	4.35	3.91	3.71	33.29	7.43
2.87	59.61	40.27	168.8	83.77	16.71	48.6	9.68
3.94	27.69	86.42	1.6	12.21	2.67	6.39	5.46
4.61	35.18	39.09	2.68	23.15	24.12	16.19	69.53
38.27	47.63	9.25	73.83	52.84	10.27	5.83	162.51
122.13	184.26	183.7	33.92	65.22	47.85	110.82	209.44
1.8	13.95	40.03	55.83	33.22	8.39	26.07	8.76
13.89	16.29	9.04	23.87	26.06	14.47	70.21	4.99
24.38	8.35	10.8	37.04	3.74	1.87	11.37	9.18
7.63	2.16	3.75	6.47	9.39	12.24	4.79	20.58
8.74	2.73	7.93	1.59	3.08	2.36	5.21	2.74
19.82	92.64	178.16	154.68	183.04	264.62	53.62	37.5
15.16	26.92	26.8	4.46	5.59	3.48	59.96	36.87
1.91	2.4	7.43	5.54	2.89	6.66	1.31	15.91
88.97	11.5	22.21	7.63	20.61	3.97	57.12	36.83
5.11	12.56	5.19	1.59	1.19	1.67	2.01	1.71
13.2	55.99	53.78	16.59	124.09	8.26	15.12	50.24
14.29	8.14	34.81	43.46	34.2	22.04	9.99	75.18
39.09	9.27	56.63	107.15	55.06	25.59	65.88	168.07
23.71	21.18	9.31	17.78	17.9	2.51	12.52	9.63
17.43	40.32	33.17	5.88	6.23	41.22	44.78	17.37
23.68	52.34	34.2	34.32	34.21	117.31	28.71	32.31
1.08	1.82	5.45	3.91	2.56	1.58	1.17	3.1
10.46	25.78	6.22	21.52	20.88	3.47	28.59	10.17
4.7	16.6	7.65	5.21	2.76	5.06	2.42	1.1
6.12	3.8	13.67	56.25	19.6	7.96	1.61	31.28
53.65	35.5	8.05	3.46	14.97	22.6	6.51	13.53
18.75	21.86	56.65	26.86	47.58	52.83	12.02	38.18
25.15	78.92	8.43	22.64	26.41	59.39	9.71	97.4
2.47	5.15	8.21	5.05	2.26	1.57	1.61	1.78
27.38	2.46	10.26	5.18	7.22	13.05	7.63	19.06
5.66	36.95	3.04	3.42	5.25	45.78	6.51	13.14
64.22	18.82	42.69	60.42	20.65	2.87	50.88	158.67
4.27	3.05	1.84	4.65	7.07	8.84	11.05	4.28
8.4	3.6	1.15	2.71	5.12	5.97	13.03	2.18
42.14	47.19	67.66	27.26	40.6	160.55	6.91	2.32
7.15	1.06	3.86	2.63	3.73	1.93	1.86	10.56
5.34	16.15	18.52	1.85	8.19	19.43	5.39	9.75
2.59	1.5	1.34	1.44	5.32	5.2	3.49	3.28
12.79	19.51	8.65	4.69	3.4	30.21	16.11	4.5
71.59	12.39	52.01	30.84	22.14	47.58	57.37	31.87
10.52	55.43	4.75	26.43	11.22	90.01	37.96	30.62
27.75	18.03	19.54	34.78	42.97	21.35	2.35	9.92
68.1	2.37	22.55	50.86	74.2	8.46	7.26	17.35
101.15	34.99	38.12	24.7	10.62	169.42	4.94	9.9
12	16.24	37.74	8.07	12.96	31.86	35.66	21.23
16.91	11.43	4.47	7.1	3.5	8.86	4.25	24.08
10.44	65.17	58.13	32.03	15.6	28.93	50.11	39.52
97.61	6.92	39.35	39.05	39.2	33.88	20.86	9.12
31.23	55.11	35.57	8.63	14.89	42.45	82.28	2.18
8.38	5.61	2.05	14.68	9.57	9.72	7.66	3.63
101.02	33.39	3.59	5.25	27.11	11.19	33.3	38.24
47.54	104.43	63.77	16.89	115.17	7.5	8.6	24.01
23.13	21.75	15.32	25.69	83.85	41.67	10.59	11.72
37.22	38.98	189.02	204.96	151.16	47.74	156.53	87.45
18.85	37.4	17.89	5.47	4.83	6.67	34.1	18.88
17.92	24.04	1.99	19.08	4.93	4.17	5.78	21.6
42.03	22.29	147.66	28.01	6.05	31.97	28.02	23.6
8.25	3.36	1.68	6.85	25.67	30.24	4.65	10.19
25.62	19.68	25.13	9.68	13.03	13.04	12.36	38.99
2.75	1.42	1.06	1.58	2.11	1.23	1.2	2.49
9.76	1.63	8.97	2.52	8.21	6.4	26.06	10.6
6.84	3.6	1.8	2.21	2.83	2.12	1.26	6.81
80.41	32.15	48.31	19.34	32.95	15.83	20.38	6.42
23.2	4.04	30.04	12.05	9.54	15.11	9.79	6.23
2.91	8.17	8.53	49.84	35.16	16.44	5.57	18.05
31.7	10.96	56.92	10.72	31.55	7.23	4.95	26.86
18.14	7.76	30.13	4.36	12.33	55.32	34.73	55.78
32.7	63.39	42	80.98	56.69	44.39	89.48	187.27
4.2	12.51	4.47	13.96	22.1	17.38	6.58	34.8
99.97	93.84	65.4	5.15	60.22	1.93	6.71	43.31
24.93	21	63.82	74.47	162.87	39.41	179.69	56.47
64.87	150.38	1.8	81.24	117.28	25.38	19.91	21.48
3.56	1.75	6.73	6.92	1.08	2.34	4.99	2.08
29.68	6.76	12.1	154.14	20.88	11.42	34.36	35.4
1.82	7.49	21.04	5.89	11.72	4	8.44	13.49
31.81	14.09	14.3	33.08	10.86	8.9	32.8	7.5
76.78	5.47	45.17	14.72	8.62	23.95	18.56	68.34
2.71	168.84	6.14	4.34	4.82	25.37	92.42	40.55
4.26	23	16.39	9.6	3.26	11.29	17.85	9.87
12.96	99.36	43.65	37.38	15.13	129.13	93.46	60.35
17.45	3.85	20.51	2.09	20.71	3.91	5.83	19.38
21.78	41.24	48.74	49.25	49.93	8.76	7.16	13.89
53.99	9.11	3.89	44.29	14.97	44.53	1.99	6.96
85.33	47.61	4.07	31.21	32.51	26.61	42.02	16.95
57.04	86.25	82.55	9.09	72.2	179.74	46.26	11.91
101.58	32.7	61.67	26.11	90.38	39.84	7.06	33.21
5.15	8.56	15.8	10.18	3.97	3.48	5.42	4.48
99.48	62.21	84.09	118.1	50.55	134.05	31.59	31.29
17.4	239.59	11.45	33.97	57.48	88.38	176.99	71.18
2.41	11.94	20.41	4.8	17.31	7.55	4.75	38.53
30.65	13.47	30.2	105.81	29.03	8.31	30.26	24.67
23.59	22.68	27.74	38.46	3.88	21.76	18.64	85.65
1.82	4.66	1.99	6.56	1.91	8.35	3.41	2.76
14.33	4.73	4.24	6.16	4.2	3.3	8.1	1.68
77.18	29.52	25.17	83.79	66.99	16.58	18.32	46.86
102.36	30.28	33.68	22.13	21.14	7.89	25.3	43.58
2.59	35.67	77.25	10.22	56.78	38.8	26.61	28.97
1.53	2.36	4.17	4.75	2.11	2.66	2.6	1.73
42.64	178.11	11.67	72.18	92.13	99.52	65.53	38.2
2.86	4.7	2.63	1.47	1.43	8.49	5.2	1.01
2.94	11.49	8.03	1.8	3.39	4.6	24.85	4.33
49.49	3.12	15.03	21.87	69.09	86.56	4.98	16.27
7.44	37.64	30.46	35.06	25.27	15.75	8.46	5.08
1.35	1.29	1.65	1.49	2.9	3.27	2.82	2.06
48.66	9.56	9.83	36.85	37.5	18.23	19.89	25.37
40.68	47.81	26.07	5.02	58.22	116.78	37.36	36.96
58.14	24.83	51.67	62.89	25.61	78.38	24.88	50.71
3.02	3.54	4.96	69.27	14.85	58.28	16.09	14.66
12.66	13.94	2	8.6	10.94	11.18	35.61	14.9
4.52	2.35	7.44	14.56	4.45	16.02	4.45	4.95
80.23	32.66	57.38	21.88	60.7	59.78	26.35	79.32
72.6	19.72	13.24	32.47	17.86	19.38	30.32	81.7
72.86	27.9	32.39	230.15	176.25	238.55	41.22	136.57
14.26	12.7	8.37	1.19	21.86	14.73	6.49	33.14
6.26	25.95	19.78	37.96	21.88	63.86	108.47	10.39
20.56	34.75	72.19	30	23.36	10.71	5.96	24.44
13.31	48.78	11.97	25.09	12.52	81.46	6.71	6.16
24.81	21.69	15.62	9.76	4.44	1.85	3.5	16.04
14.02	3.56	41.6	9.81	47.92	126.5	125.64	106.74
24.87	71.19	19.53	18.09	138.81	41.07	16.42	91.07
53.51	12.38	15.1	63.39	42.92	30.31	120.73	113.95
14.57	31.53	41.83	14.37	44.17	65.64	3.53	72.38
45.37	73.21	4.28	12.34	5.77	51.3	49.23	73.47
3.05	15.01	62.61	44.48	35.91	15.25	9.83	74.04
3.85	27.18	7.88	9.18	9.01	15.06	66.31	42.47
21.57	59.36	24.82	8	5.93	84.44	15.21	3.49
22.21	45.68	11.17	1.04	15.26	2.33	3.79	16.51
14.78	6.46	6.31	32.32	2.92	5.81	3.06	11.5
4.12	16.54	1.75	6.66	5.12	1.47	7.68	5.28
16.61	8.83	22.9	34.1	4.62	106.51	3.9	1.07
15.92	37.48	2.19	8.81	38.64	3.78	39.75	32.23
1.05	2.48	5.64	2.03	3.85	1.93	5.33	2.6
17.56	27.78	34.96	74.26	34.79	6.65	34.16	9.65
32.45	258.81	63.44	38.47	221.1	33.69	55.32	102.02
48.55	2.33	23.49	85.64	30.25	35.21	58.66	22.97
9.47	5.23	32.48	15.16	3.26	7.3	14.62	27.38
23.8	2.7	2.71	7.94	2.71	13	22.28	6
4.26	13.41	1.25	1.54	3.85	2.72	10.76	4.2
8.46	4.59	2.22	4.09	4.77	6.77	4.17	1.99
23.49	18.11	3.98	23.43	53.39	8.36	16.68	91.2
2.57	1.98	2.85	10.34	1.03	2.73	9.89	1.98
13.65	5.73	11.34	12.82	27.62	60.95	18.15	10.99
9.77	111.43	42.92	12.58	1.7	2.48	56.66	22.01
15.6	133.54	49.05	57.98	239.17	7.56	12.04	8.35
15.86	6.31	35.31	5.73	1.32	19.71	1.9	2.44
2.51	23.08	16.25	70.75	32.68	31.03	20.67	37.8
11.25	23.35	21.69	29.68	75.01	26.68	12.14	26.07
8.25	3.56	9.67	1.4	18.74	9.64	1.23	10.46
19.91	15.14	15.18	16.11	38.41	56.02	12.93	23.62
34.96	19.31	51.33	11.57	3.79	51.5	51.71	126.42
24.76	31.54	5.21	26.05	40.67	17.52	45.38	28.04
8.33	92.32	9.64	9.16	14.5	37.23	14.45	13.6
20.91	10.83	4.76	2.82	3.05	9.55	3.25	1.7
24.51	58.83	18.5	57.78	7.28	57.4	3.41	20.02
17.04	14.47	2.47	8.79	26	27.62	7.87	4.33
25.36	17.25	17.71	2.54	85.85	56.61	32.19	21.08
35.71	6.27	3.61	1.09	22.14	36.76	38.07	10.25
4.32	49.19	26.95	29.96	40.24	44.29	7.52	16.05
44.7	118.86	6.3	12.19	119.19	1.2	73.53	138.1
7.81	10.57	1.94	68.8	8.47	24.98	7.7	21.59
111.9	15.33	26.79	69.47	31.18	36.89	24.75	41.08
15.72	7.29	6.36	6.43	2.65	20.5	37.06	11.15
7.96	59.47	29.4	6.85	9.87	152.32	16.69	21.33
63.32	1.51	57.73	142.64	139.32	412.07	52.29	179.49
33.04	3.28	10.78	5.35	22.34	11	24.13	16.76
21.8	10.73	31.94	19.98	27.34	43.52	67.59	24.18
12.48	38.06	51.82	14.5	9.72	14.43	12.06	1.94
71.03	55.01	5.5	3.25	39.3	46.32	25.03	26.46
6.79	1.38	16.36	30.82	62.7	5.52	6.72	7.54
19.09	9.77	53.86	263.48	37.84	53.92	42.18	12.75
142.1	52.28	19.81	6.84	53.65	23.36	10.7	3.26
4.67	1.91	3.28	12.26	4.62	12.55	6.67	62.26
4.5	96.47	13.54	35.48	37.91	27.05	29.96	8.46
68.26	9.2	8.21	10.69	17.86	11.06	107.2	62.77
3.44	12.96	54.99	31.55	1.11	8.12	11.88	10.71
34.46	22.27	15.04	29.42	56.2	10.53	9.73	1.13
43.03	9.39	19.52	6.59	18.13	3.1	20.31	16.15
28.88	75.68	35.96	112.89	71.38	11.63	57.48	84.96
1.97	30.62	63.47	19.28	24.01	13.83	35.47	43.2
252.69	5.62	218.35	59.66	66.92	211.25	128.52	23.2
26.99	20.41	13.16	4.37	10.99	4.66	11.65	39.55
110.45	38.46	37.1	19.4	63.54	31.2	14.31	26.98
10.13	17.64	18.26	44.26	12.19	68.75	34.68	1.01
12.54	8.06	6.42	2.7	2.12	12.88	9.65	3.91
4.66	5.67	1.43	3	3.59	3.15	2.03	3.71
1.29	7.56	19.3	3.67	34.22	13.08	6.58	19.65
40.01	116.95	14.07	30.77	216.41	35.04	24.46	3.66
238.14	101.75	58.16	392.31	74.34	87.35	96.69	94.43
1.93	2.54	4.73	5.8	2.31	7.2	5.15	2.54
16.36	3.77	6.34	10.2	10.78	8.14	12.21	19.07
81.34	14.58	139.28	77.78	12.83	85.95	76.29	69.51
89.46	39.33	55.32	64.41	26.77	60.25	1.63	4.51
18.8	8.55	24.13	4.06	4.83	5.3	31.89	11.94
25.95	7.78	22.65	6.79	15.95	14.94	12.31	1.19
6.52	8.78	6.81	2.4	4.61	9.57	4.88	2.44
55.43	74.89	40.96	6.38	21.64	60.02	1.18	33.11
4.02	17.14	8.48	2.48	13.76	2.48	8.25	5.75
6.5	20.13	28.2	20.09	20.82	46.1	29.9	31.47
7.13	139.89	126.6	117.39	26.59	87.72	112.79	45.72
3.7	206.32	142.28	62.51	15.51	16.34	27.31	74.99
1.6	7.27	2.32	8.22	11.9	14.44	6.86	13.83
21.83	11.33	32.45	107.83	20.77	3.11	18.23	47.79
13.07	26.39	34.19	76.49	5.96	6.42	15.78	94.6
4.41	1.16	17.85	23.78	1.1	10.48	3.16	39.05
6.37	21.92	4.39	22.48	22.77	4.63	29.79	6.13
3.35	1.29	6.52	3.53	4.45	2.41	1.98	1.98
11.03	4.39	2.09	2.53	6.94	8.74	2.32	1.52
4.36	6.33	8.16	35.35	8.6	7.86	8.93	30.23
76.78	18.03	83.23	64.91	109.91	81.25	134.61	67.5
88.82	9.26	1.21	13.88	16.47	9.57	1.79	1.74
28.51	19.65	17.09	20.32	63.43	9.94	45.12	5.31
10.67	8.28	19.48	3.61	22.09	57.55	14.45	2.04
2.89	95.04	57.17	41.19	2.05	3.91	18.24	19.36
6.74	18.29	9.7	14.03	27.91	15.82	48.96	82.45
15.36	3.47	6.93	29.73	11.32	18.31	13.19	6.98
4.18	3.97	5.78	1.74	3.53	2.94	2.18	1.64
17.28	17.84	20.59	8.48	47.35	5.75	11.97	4.92
17.8	5.74	26.36	9.58	19.59	4.71	12.7	19.86
32.99	52.17	38.51	39.86	10.38	110.95	153.41	14.12
19.24	21.2	11.26	4.83	29.83	216.08	6.79	29.03
11.71	7.94	23.67	14.03	21.13	23.31	3.48	7.82
6.37	1.48	1.41	9.69	2.35	1.37	1.69	4.49
5.17	102.45	43.39	10.46	31.53	13.5	26.05	7.07
55.62	163.36	63.57	34.17	88.37	145.33	82.15	234.62
37.82	72.31	19.45	27.85	43.96	7.52	26.67	56.8
4.2	7.51	5.98	15.09	3.47	18.03	4.21	26.68
27.54	10.46	4.73	69.96	43.28	19.29	19.19	73.46
13.35	10.74	35.98	9.58	5.25	19.34	90.37	103.81
170.56	16.43	59.9	87.93	52.6	291.1	53.05	96.42
17.16	96.05	109.45	4.67	31.83	17.14	24.04	38.08
67.38	52.24	6.8	191.16	25.63	9.93	18.93	6.33
36.96	21.89	36.49	2.36	3.53	24.28	31.4	3.56
14.25	93.17	227.92	36.98	38.34	21.4	175.22	39.84
16.45	91.32	8.36	43.23	30.79	80.81	68.37	38.06
40.4	18.36	30.5	15.47	22.27	21.44	16.77	47.51
6.29	3.92	7.34	16.99	15.38	81.01	4.22	23.55
28.32	74.04	10.61	63.35	145.22	25.87	36.45	27.29
22.34	2.45	11.84	2.13	24.79	6.89	10.72	12.36
25.29	10.29	3.01	4.69	9.7	12.94	3.7	20.32
270.77	85.73	148.37	35.71	17.24	75.36	166.55	6.29
47.77	185.26	40.18	14.57	25.74	49.09	52.42	39.72
84.83	67.3	46.5	105.69	82.72	59.91	73.17	37.03
50.36	16.24	6.83	17.45	7.73	8.43	6.9	6.63
134.79	107.66	12.84	40.41	15.01	109.84	42.8	28.82
9.77	9.75	19.61	2.28	2.67	4.2	8.18	7.11
43.73	7.46	54.89	6.9	22.16	25.17	34.37	175.85
53.75	5.18	1.55	50.28	41.58	19.23	16.76	17.22
31.77	18.45	2.11	17.63	46.04	25.04	28.72	20.24
3.69	26.54	7.75	35.23	29.77	11.67	12.9	8.89
18.9	53.18	25.92	18.59	15.32	8.7	5.09	3.96
14.12	28.59	82.21	11.24	10.99	101.57	14.68	7.85
6.89	19.96	129.35	35.36	86.73	158.52	21.43	32.73
3.66	1.58	1.73	2.06	5.2	2.95	2.41	3.07
18.05	5.19	15.88	19.89	3.03	7.48	9.76	12.94
11.3	6.44	26.43	2.84	27.26	20.05	15.04	16.27
39.41	14.91	44.73	21.34	34.38	2.53	18.92	1.54
1.78	4.54	9.35	9.24	2.27	6.32	4.53	6.09
1.96	4.87	12.52	8.4	1.15	30.13	10.57	6.04
18.66	28.8	6.34	19.13	41.65	66.08	10.04	16.52
4.04	16.17	29.88	14.83	1.36	12.66	8.59	13.88
2.83	142.91	66.5	27.74	37.88	4.82	6.89	16.28
13.16	185.54	13.94	156.6	60.21	65.77	35.24	103
2.82	5.23	31.73	5.32	29	2.97	37.09	6.59
53.49	14.61	38.71	1.86	22.55	19.11	15.66	2.44
8.03	31.02	29.98	10.54	51.58	4.55	1.51	27.84
35.65	7.57	60.78	1.23	31.08	19.28	6.26	11.35
54.63	26.58	4.71	29.9	12.45	51.18	27.01	32.25
43.22	11.13	5.17	40.29	9.56	5.61	15.37	10.69
52.49	9.58	44.46	25.18	14.33	85.32	71.38	36.61
4.64	10.16	7.64	15.47	53.67	6.81	39.46	53.96
10.36	5.16	4.99	4.59	6.82	6.11	8.44	5.86
2.28	17.63	4.02	6.82	4.63	3.25	9	1.82
8.42	13.21	12.5	1.2	35.33	15.34	24.08	16.03
