57.73	55.53	25.85	56.93	68.16	58.18	47.21	44.22
3.38	2.63	1.25	3.85	5.83	1.04	4.7	3.62
4.84	69.25	22.88	21.27	50.76	59.36	20.85	79.18
28.42	22.54	155.47	23.88	200.19	2.67	20.97	108.12
36.36	7.68	6.8	37.61	1.68	6.84	2.43	29.26
1.55	8.32	21.99	2.16	82.81	8.85	9.36	7.4
1.53	10.38	34.33	6.89	22.12	2.83	11.07	11.38
20.25	23.13	4.75	57.66	15.03	48.66	113.44	10.3
3.62	6.95	1.34	1.99	1.43	1.16	1.97	2.51
7.51	4.12	7.33	1.17	13.92	2.17	11.19	9.12
12.81	7.77	3.78	2.12	4.23	5.65	8.7	1.75
2.98	27.42	43.59	70.5	58.63	49.77	1.89	75.31
5.4	301.87	12.69	108.19	43.29	37.1	57.13	10.53
9.18	3.55	4.34	3.87	3.26	12.55	12.82	3.75
124.31	43.64	48.78	29.39	89.65	55.13	73.41	51.31
139.21	67.16	84.93	51.89	12.87	69.47	95.67	51.65
8.01	2.21	2.3	8.14	1.09	5.88	5.87	3.2
16.46	9.57	8.84	1.38	14.72	1.93	2.16	3.09
67.74	25.5	2.9	1.16	27.09	11.16	19.26	5.14
15.18	15.64	65.03	37.16	6.84	12.26	34.31	26.4
71.64	8.76	52.04	67.19	59.43	7.2	31.77	115.96
2.92	69.97	45.53	39.37	56.36	9.33	1.89	60.85
16.48	1.72	3.2	3.64	14.16	5.26	5.52	20.79
1.89	1.31	1.59	2.88	1.76	1.9	1.68	1.2
1.23	3.12	3.01	1.72	3.02	1.73	1.6	1.74
3.04	11.75	4.76	4.16	7.68	1.37	4.34	7.26
18.46	9.12	10.09	4.46	73.76	32.6	12.07	60.35
2.38	1.44	3.76	13.81	57.24	43.12	2.17	8.13
2.63	1.4	4.95	2.11	2.2	2.15	3.42	5.6
3.23	2.19	6.79	5.02	10.92	9.35	9.91	7.52
18.54	8.87	3.36	2.99	1.52	3.07	4.25	3.55
92.25	41.86	4.57	26.62	28.06	86.68	21.88	57.82
50.31	33.35	72.88	30.09	162.7	99.3	14.08	51.84
22.59	21.9	52.85	2.93	25.67	14.38	65	1.29
25.53	19.85	24.43	64.41	6.29	62.51	31.52	29.78
20	45.43	11.99	51.55	12.25	93.28	123.65	13.5
3.48	49.55	39.93	35.41	44.4	7.49	23.12	15.51
27.06	8.78	10.28	22.6	4.85	18.68	1.32	8.69
78.45	18.76	118.98	89.43	22.09	80.71	6.88	104.78
6.26	13.54	11.33	1.66	2.37	9.72	15.81	4.73
3.45	5.85	5.49	25.87	3.23	3.96	3.09	20.48
5.07	12.93	7.64	2.06	17.86	37.68	1.78	43.75
1.17	9	6.64	4.92	3.54	7.27	13.31	6.81
24.89	1.71	34.21	6.75	65.84	6.11	10.32	3.98
2.02	3.17	4.71	26.08	4.05	2.33	25.35	6.78
1.98	2.67	3.73	2.28	3.1	4.7	1.9	1.56
18	15.37	2.33	20.4	5.15	14.85	27.09	3.22
59.69	20.43	117.39	41.77	24.48	29.75	24.88	3.96
25.07	40.13	15.08	7.37	4.47	15.45	31.88	23.35
5.17	9.21	1.02	6.55	13.75	10.93	1.96	1.9
1.5	9.76	5.55	7.97	1.25	3.02	8.02	16.14
20.54	9.22	9.76	88.34	38	4.36	3.57	41.48
31.42	8.82	28.49	33.94	83.13	39.73	9.39	24.52
51.79	53.1	59.9	43.07	3.3	1.81	5.92	11.53
1.75	1.11	3.59	1.13	2.82	2.34	1.19	2.36
1.07	16.38	6.51	7.23	16.97	19.1	18.63	2.36
27.89	12.11	6.74	2.44	6.93	31.64	15.48	12.86
25.18	4.58	60.31	25.37	3.52	17.98	18.11	11.94
17.01	46.91	31.26	3.95	91.86	21.31	19.5	15.73
1.44	1.21	5.41	6.24	1.65	4.13	4.34	6.67
6.34	25.5	11.03	11.14	2.8	25.21	27.8	19.62
7.96	6.76	26.41	43.39	26.29	4.67	9.98	1.15
17.04	2.24	16.01	23.16	21.98	29.97	21.3	8.18
1.68	3.35	1.24	4.59	2.6	4.74	3.31	2.31
2.22	2.82	3.13	17.64	1.04	24.71	29.46	14.06
2.76	13.32	51.27	44.75	29.33	21.63	39.54	111.37
27.29	24.13	8.9	45.03	9.65	5.93	17.31	3.62
3.21	4.57	1.96	1.02	1.09	1.46	1.2	1.95
11.01	20.94	34.61	10.02	8.53	16.48	22.23	3.3
20.03	8.05	1.08	4.17	13.07	7.5	36.97	17.95
3.31	29.18	4.21	13.59	21.16	4.8	6.56	4.31
5.71	14.41	22.98	56.48	29.93	21.84	39.41	73.55
15.51	40.99	5.11	21.03	5.76	5.16	19.94	14.47
26.4	27.12	12.52	89.02	5.29	17.79	15.52	21.02
111.68	35.75	31.74	26.02	36.48	6.09	12.1	9.12
159.11	34.52	17.4	12.42	37.25	10.7	34.4	4.12
10.1	11.92	7.34	19.29	45.23	4.35	32.72	2.13
55.59	1.07	102.33	87.39	2.2	16.07	73.13	42.5
71.04	11.25	42.35	4.81	11.12	14.28	4.03	43.4
92.1	6.06	14.5	21.56	56.17	20.56	44.4	48.59
12.21	27.66	25.58	32.4	13.4	82.21	30.54	10.91
359.3	78.56	190.72	16.99	100.11	91.35	310.2	158.52
17.23	41.93	134.31	100.16	44.3	24.26	58.36	86.51
6.94	19.41	41.25	25.09	26.17	10.26	8.98	27.88
2.92	1.6	22.46	2.67	19.33	9.21	2.39	3.88
91.86	42.67	18.47	59.12	8.7	42.71	13.1	3.25
1.84	11.48	7.9	9.39	3.98	8.34	16	4.93
110.88	130.09	141.41	59.06	19.05	71.17	107.58	14.34
159.06	96.16	102.24	88.51	36.72	209.75	75.51	130.92
14.28	57.88	56.55	5.24	92.04	20.07	15.54	17.14
50.98	89.51	157.41	37.83	8.94	70.11	2.38	26.54
13.48	18.78	4.68	15.62	2.03	10.08	13.87	1.76
93.87	33.82	13.33	102.76	44.67	57.6	132.15	166.51
1.65	1.53	4.55	4.84	3.49	3.75	5.66	1.09
5.03	9.32	1.82	6.96	11.66	40.07	24.27	5.23
18.36	97.15	6.14	3.11	27.11	7.91	3.84	109.96
1.48	2.31	2.98	3.34	3.16	1.13	3.79	1.31
24.06	11.3	61.93	25.68	62.75	82.14	118.34	25.72
28.24	70.46	42.87	72.56	18.01	28.95	24	58.66
27.69	17.8	5.15	17.84	13.2	15.36	27.52	32.68
4.82	2.58	2.66	1.36	1.88	6.78	2.3	5.7
23.05	27.19	13.31	15.85	12.82	28.51	16.02	6.2
2.04	3.5	1.15	5.18	2.96	2.03	5.43	5.76
22.18	9.5	9.77	2.64	11.77	5.83	5.3	9.43
46.82	37.42	6.13	17.73	13.62	15.45	12.73	35.89
85.37	25.07	22.1	89.61	5.08	4.94	185.45	1.25
11.82	25.55	30.4	62.81	32.95	31.52	45.82	19.64
38.5	53.53	18.09	21.97	21.82	24.92	27.77	30.8
8.18	5.79	13.78	10.35	1.95	8.66	3.56	1.28
24.84	7.74	45.61	5.27	5.56	3.74	19.18	8.84
16.68	26.79	24.49	44.46	64.83	58.28	93.98	130.06
12.31	6.6	6.04	2.8	3.85	6.78	8.94	31.65
15.4	24.58	71.95	15.75	64.86	80.23	15.1	38.89
20.24	70.58	31.75	120.4	56.55	176.59	13.61	26.24
67.9	18.84	3.93	42.52	9.82	21.32	16.21	8.4
6.46	19.42	9.64	9.44	13.63	9.43	9.77	21.6
10.15	55.47	53.18	24.48	6.84	1.27	92.95	4.72
13.66	89.8	169.52	44.78	8.33	158.33	14.78	9.3
25.93	32.62	51.29	7.22	43.88	54.63	80.59	160.83
19.66	38.16	10.95	80.5	4.15	34.89	23.05	16.26
17.32	15.3	16.23	26.15	10.8	61.63	14.22	9.51
3.41	14.99	4.43	13	1.67	5.21	10.03	1.07
227.45	24.31	144.41	69.81	115.2	115.23	25.28	96.4
3.77	6.96	1.8	5.55	5.14	2.74	4.38	1.29
4.18	2.04	135.83	10.02	147.93	51.59	87.03	82.52
9.98	7.23	19.12	23.83	19.68	7.16	9.22	34.86
2.28	15.06	84.62	4.91	28.2	21.29	8.15	13.66
4.29	1.22	4.35	35.07	27.2	4.34	4.46	19.6
1.24	1.64	34.25	3.79	7.91	4.67	91.75	32.77
23.31	37.11	4.22	71.77	3.41	29.51	5.67	63.42
6.9	2.79	4.19	3.8	5.07	1.51	10.36	1.6
14.46	86.05	12.55	6.23	32.5	20.92	89.16	78.94
11.99	2.11	30.9	18.38	28.55	1.37	1.7	21.75
404.47	67.39	81.09	57.28	237.6	13.38	55.05	83.56
43.7	29.39	65.02	31.58	32.1	25.43	40.87	92.3
107.46	25.13	22.77	49.06	25.06	31.05	35.49	10.1
2.62	1.07	1.7	1.91	2.37	1.11	2.58	6.74
1.43	7.65	21.12	1	2.36	1.86	3.92	2.69
2.41	2.61	17.06	6.24	36.84	26.19	27.18	5.17
15.39	13.46	45.78	29.73	12.53	24.97	41.75	13.59
4.06	21.36	9.08	66.39	5.01	53.97	47.46	75.8
12.77	9.42	3.37	18.72	22.62	35.61	3.88	2.28
2.66	21.48	21.44	103.2	111.12	66.84	41.12	15.46
9.47	50.03	61.78	12.89	33.71	5.2	46	30.54
6.6	73.69	86.35	28.55	17.51	15.63	1.03	18.6
8.78	1.05	8.01	6.69	14.67	6.04	1.7	5.1
11.05	1.38	4.04	6.02	3.26	3.74	3.06	1.11
18.69	4.6	46.06	5.17	23.53	1.51	29.51	18.88
62.18	75.68	114.5	27.63	4.42	22.66	15.7	66.56
20.88	14.21	51.28	40.49	5.5	2.21	47.95	6.19
26.5	2.1	41.3	19.05	2.9	62.63	8.2	12.12
13.73	2.11	39.68	7.64	10.94	26.12	10.31	18.48
45.75	1.78	19.31	3.03	18.68	24.6	17.21	11.1
1.92	2.26	2.79	3.05	1.36	3.08	2.34	1.76
16.88	4.18	37.81	5.79	1.73	21.38	24.14	8.29
20.81	16.31	33.92	14.1	36.88	4.04	17.36	23.18
3.63	3.56	3.33	2.04	3.31	5.53	2.2	16.97
6.39	12.55	1.09	34.39	8.21	15.27	1.17	13.66
13.65	77.7	2.19	29.51	77.27	52.74	20.25	36.64
40.18	5.19	29.63	52.41	6.51	11.95	8.62	8.74
29.95	113.74	22.36	10.78	5.12	76.27	6.33	17.53
20.93	20.02	36.34	7.38	19.88	2.56	12.88	1.73
83.2	17.33	33.76	23.83	9.07	87.11	25.62	58.88
13.8	2.01	19.01	12.49	28.28	3.67	8.56	5.88
7.63	22.5	21.19	23.99	8.68	45.87	34.86	55.16
116.74	40.94	28.21	26.97	3.62	1.85	9.65	23.95
16.86	59.48	13.82	116.62	44.87	121.42	43.32	231.96
82.68	54.88	104.06	49.21	38.33	87.5	184.49	271.88
1.28	29.07	1.18	38.53	128.18	24.93	2.09	30.64
165.42	65.91	122.07	157.54	20.28	17.88	98.51	49.58
4.6	11.07	2.96	2.62	5.17	4.62	10.69	12.76
4.4	26.38	35.01	4.97	8.94	4.34	1.87	3.77
36.08	20.71	65.74	30.9	14.8	67.19	38.48	19.35
34.9	30.45	19.36	5.55	49.62	6.75	7.6	33.59
35.74	64.37	39.43	14.71	76.37	57.95	88.26	56.51
48.79	58.64	26.14	81.79	68.7	4.02	30.09	10.7
40.4	37.41	21.19	44.99	29.79	24.58	19.99	61.77
1.7	37.3	7.77	13.91	7.3	4.74	1.93	15.51
8.93	6.85	5.43	2.39	14.43	17.79	4.47	2.37
17.02	27.43	3.42	13.64	19.41	39.08	22.51	17.85
4.25	15.46	13.1	20	9.81	12.59	10.32	15.15
2.47	4.16	4.61	8.59	6.62	5.23	5.86	2.32
1.08	98.22	38.05	17.01	17.32	55.85	9.94	33.52
19.94	7.66	9.86	49.65	27.82	7.47	39.47	60.09
1.01	166.58	17.66	40.28	31.3	24.08	8.73	60.1
17.51	14.84	18.07	13.93	41.12	19.11	5.64	8.24
171.32	255.51	54.72	57.43	67.85	17.22	41.06	95.15
48.83	44.93	6.55	13.36	19.79	16.55	15.51	2.35
19.9	3.27	28.58	10.34	50.65	10.43	69.87	28.46
4.97	2.66	35.64	22.33	3.35	22.27	10.98	9.97
5.49	23.25	24.42	25.98	6.04	7.21	30.69	5.34
25.74	54.58	10.76	79.72	19.88	24.18	20.15	11
11.52	6.69	1.97	2.6	20.35	9.1	4.59	4.15
36.72	37.72	67.11	105.17	6.42	99.68	273.57	29.43
2.02	134.8	38.95	28.91	10.04	60.03	18.37	27.72
31.71	22.28	26.74	10.2	6.47	24.16	18.62	4.28
68.28	5.52	37.4	5.42	78.02	17.37	19.16	130.96
3.36	75.07	25.07	7.75	27.27	31.78	45.76	9.89
130.87	31.47	48.31	44.47	138.68	64.48	36.29	56.82
13.99	38.42	8.84	3.69	5.56	3.33	9.27	25.13
19.26	12.78	10.56	3.52	32.79	16.31	12.39	57.99
317.7	48.58	102.99	84.48	28.02	59.41	58.49	2.61
3.7	8.75	20.79	18.96	36.9	2.01	6.24	21.14
55.63	43.75	161.18	199.78	88.5	61.18	147.43	38.74
14.63	3.11	34.38	8.78	11.32	20.57	2.17	6.32
30.18	19.15	17.67	12.73	44.88	7.92	24.3	8.1
3.9	1.54	3.48	6.05	2.3	1.7	2.3	1.83
53.02	68.71	21.41	12.11	23.43	51.47	14.82	12.18
109.69	360.04	813.01	101.67	255.22	379.23	183.36	79.12
25.99	59	19.3	33.02	48.08	9.9	39.24	87.58
4.14	45.24	7.39	8.15	37.62	5.26	49.23	33.51
6.05	30.27	44.88	50.35	58.02	125.45	72.45	16.87
32.25	32.28	65.04	103.6	71.28	70.13	105.41	58.68
18.1	9.61	36.1	28	55.6	56.54	2.47	12.77
1.03	3.15	8.43	1.73	1.83	1.33	6.51	6.34
11.86	3.95	5.97	2.29	3.05	13.56	2.17	2.45
1.41	65.16	15.74	1.22	6.48	18.24	84.22	26.11
36.63	19.13	23.85	23.88	61.23	112.39	14.63	5.06
42.39	23.85	15.58	2.96	3.18	5.48	5.88	10.17
15.85	4.5	14.02	5.09	15.59	15.45	4.35	5.7
296.76	269.08	262.38	158.96	223.4	22.04	233.87	72.06
25.17	68.43	1.79	66.56	6.3	8.1	1.3	49.09
3.18	15.99	6.89	1.54	7.23	11.61	10.15	37.27
2.34	4.6	6.58	4.08	1.49	3.1	1.87	2.39
34.77	1.56	12.88	14.24	2.06	1.31	17.14	1.32
8.34	121.09	33.79	24.58	10.55	40.73	164.03	9.95
10.52	18.92	39.29	20.26	13.02	30.48	94.46	13.77
189.67	55.2	218.76	47.24	82.85	62.72	13.33	57.71
4.2	65.17	27.64	28.6	29.66	5.32	93.53	6.43
11.45	24.79	12.62	23.48	10.31	26.68	13.33	24.22
7.98	3.49	5.68	6.7	10.58	8.71	23.87	19.18
53.31	3.93	66.74	83.07	19.16	8.18	5.9	83.81
1.42	6.05	2.53	21.54	3.24	3.83	6.79	35.04
23.56	4.28	9.51	30.13	23.12	23.4	4.86	6.81
13.04	6.69	31.04	68.05	2.18	3.27	50.13	37.55
23.03	16.38	16.07	33.39	23.78	19.86	53.36	40.82
74.04	59.25	32.91	117.37	21.69	203.38	15.23	25.86
179.88	29.93	45.61	70.23	20.41	40.47	90.86	11.24
44.15	144.65	93.69	78.25	29.63	84.9	52.52	23.25
43.31	5.28	102.31	95.3	64.6	16.31	23.93	349.15
70.32	62.74	79.01	41.33	46.81	38.88	41.43	45.37
26.64	1.24	39.71	1.72	78.04	8.92	13.8	14.05
15.35	20.9	5.21	2.87	3.9	4.2	11.46	22.95
41.87	11.59	173.96	5.57	2.68	33.52	18.58	6.34
141.59	65.13	6.03	96.87	17.2	6.04	69.15	124.3
75.51	54.88	17.83	8.71	62.82	1.75	5.28	27.91
2.82	17.14	1.4	1.56	16.96	9.63	2.38	8.86
5.1	66.37	5.66	13.28	2.43	40.94	24.14	24
3.14	3.31	5.91	2.28	3.31	8.22	1.65	2.45
2.41	21.25	6.47	16.92	1.86	4.39	1.13	24.68
2.61	25.42	37.36	20.84	1.96	13.43	1.47	6.01
31.57	95.04	94.04	55.19	35.6	110.13	3.15	21.18
20.16	4.02	6.01	4.23	3.16	7.98	11.24	7.93
30.18	4.23	29.92	58.07	50.46	37.32	7.52	16.14
60.63	57.91	43.15	86.51	15.14	45.83	14.12	191.36
5.5	12.86	12.15	15.4	15.58	6.98	9.82	2.49
5.48	3.85	6.47	3.58	6.35	1.81	11.73	2.79
8.64	11.18	22.22	12.79	15.59	2.23	15.8	13.32
34.48	41.63	7.69	34.79	82.29	15.57	38.52	17.08
19.51	5.55	4	23.54	108.25	26.79	60.08	28.78
13.15	21.6	3.99	6.75	12.53	30.6	12.97	3.94
170.75	47.48	10.94	168.85	74.79	91.18	154.85	162.79
37.88	492.97	161.32	29.31	22.41	239.55	102.64	151.19
49.19	30.84	17.1	53.21	121.87	61.06	39.16	44.43
17.65	18.66	28.92	22.21	31.84	1.25	12.06	17.35
31.14	8.94	33.75	160.75	25.31	19.74	10.19	32.19
64.47	25.69	2.43	10.93	15.33	6.98	33.18	15.34
29.44	36.12	30.93	2.73	4.14	8.29	86.7	37.19
144.05	30.62	75.29	123.01	112.4	83.24	153.45	38.31
13.05	6.25	39.84	38.89	24.51	16.94	13.03	44.25
1.54	12.72	12.13	70.57	19.77	7.01	10.53	25.28
6.63	32.05	1.59	13.6	1.89	3.5	70.54	37.44
62.59	47.46	9.77	3.07	5.81	1.8	13.9	2.6
9.25	3.04	27.96	3.2	3.61	11.39	2.83	7.45
10.98	44.67	30.13	55.48	25.57	17.26	57.88	67
25.87	6.11	2.62	14.17	2.18	5.38	4.66	6.23
1.84	1.46	17.82	19.78	1.23	22.69	11.53	71.56
14.08	8.6	30	37.59	37.22	15.24	117.66	38.03
17.55	67.55	34.27	11.04	10.52	17.09	3.42	10.77
90.08	5.9	6.56	7.95	21.41	103.6	30.98	30.54
30.28	32.23	10.85	39.55	3.75	30.98	5.77	11.55
28.88	8.61	3.88	26.11	3.95	8.6	12.55	78.87
43.22	8.1	37.68	34.9	28.08	27.37	44.45	18.78
31.25	131.7	7.75	23.56	42.4	155.5	52.26	88.75
36.01	7.97	21.38	102.87	26.51	17.57	13.99	105.43
1.85	2.42	9.29	3.16	3.5	1.35	1.21	1.76
96.25	75.89	58.96	127.86	42.95	80.77	17.26	11.62
1.56	6.16	2.47	1.79	1.47	7.41	5.57	13.49
7.88	6.1	26.48	12	15.53	1.24	13.18	5.18
10.49	2.45	2.29	1.52	1.23	2.85	17.82	7.12
81.71	57.1	34.72	27.83	64.92	130.5	145.49	112.82
33.26	14.11	38.21	61.44	2.96	22.88	108.56	37.72
5.5	2.91	1.2	8.01	9.44	1.11	22.91	13.55
22.8	100.2	156.69	277.68	427.62	148.64	171.89	39.46
29.68	46.39	14.46	23.68	214.34	22.79	107.2	44.44
4.48	34.06	15.49	34.2	27.19	69.59	18.94	23.28
14.03	30.91	87.28	46.12	88.22	199.1	150.45	32.68
14.68	9.91	27.68	34.21	9.1	30.29	13.19	8.13
36.71	3.16	40.32	16.69	41.8	61.64	1.58	99.92
12.04	57.29	46.1	5.08	74.98	36.96	6.17	26.66
18.04	1.55	9.85	1.63	10.98	11.42	19.5	10.28
4.38	11.47	6.09	79.21	12.54	33.94	8.02	45.56
36.3	59.3	11.08	35.79	21.8	203.16	359.63	49.26
21.81	12.79	36.46	20.19	49.31	7.09	1.36	3.53
11.62	66.25	259.51	157.17	281.25	139.58	56.1	82.32
4.31	5.82	3.85	9.38	4.95	1.88	1.44	10.73
5.71	14.39	10.61	3.35	17.95	26.29	11.84	69.54
14.06	19.46	48.66	13	81.89	8.13	23.81	9.73
12.65	5.08	7.31	12.45	20.04	5.9	1.13	5.59
21.54	26.57	17.47	70.86	110.34	277.74	200.81	120.73
14.61	21.24	1.98	8.42	29.08	31.12	19.21	10.89
1.4	4.05	7.14	3.52	7.09	15.75	10.37	7.48
12.06	36.58	16.73	20.44	21.47	59.2	3.17	22.66
22.94	80.05	35.96	29.19	31.08	14.22	1.68	43.62
6.69	3.67	17.78	12.34	10.73	1.92	5.09	8.36
2.47	2.35	1.97	3.44	2.57	19.37	10	1.44
19.49	36.92	6.93	47.31	4.67	16.85	18.5	10.53
10.93	35.92	1.4	7.51	9.54	3.14	2.6	1.71
53.17	10.34	65.95	55.07	107.89	13.14	133.45	6.88
27.01	16.63	28.52	17.54	30.75	29.79	13.94	68.61
14.35	44.24	13.03	44.4	4.45	30.04	28.64	26.74
46.17	22.57	23.33	16.79	39.83	30.53	16.5	4.25
2.13	10.61	3.08	3.12	5.08	5.01	4.59	34.24
117.43	1.41	3.9	134.51	11.95	85.31	33.6	112.3
66.73	73.02	27.66	76.67	8.44	23.89	29.76	11.79
18.9	6.76	215.64	145.55	27.58	11.57	4.88	13.39
2.91	7.84	16.94	9.7	1.79	1.55	11.69	11.86
3.56	8.62	5.18	6.66	4.36	10.41	5.23	20.74
51.89	9.91	3.39	9.01	11.01	17.33	8.74	4.88
8.65	8.67	3.49	3.12	4.04	5.34	13.5	5.16
8.75	3.99	25.42	9.3	6.35	61.93	20.51	1.3
5.38	15.66	21.47	2.63	8.66	10.59	3.09	12.45
7.47	7.06	11.15	62.55	37.75	16.93	10.04	38.64
86.34	41.5	4.46	53.26	7.96	38.27	35.4	19.83
35.39	13.22	10.63	7.75	18.98	8.02	7.46	14.92
15.64	5.21	13.69	17.4	141.13	3.89	4.39	81.81
17.14	25.28	8.5	17.34	14.64	20.12	4.54	31.74
2.73	1.4	2.41	4.99	1.24	3.8	1.81	1.2
52.56	8.57	1.95	31.56	4.37	36.7	6.68	9.14
1.7	14.89	83.7	9.21	26.38	76.73	10.46	3.79
10.68	70.4	3.91	36.32	18.61	96.93	89.51	7.06
64.79	9.02	4.21	11.17	12.7	6.48	56.28	18.41
12.77	24.43	67.29	33.96	4.14	34.76	28.75	44.53
99.5	19.85	26.16	72.31	11.76	15.38	80.5	97.56
14.74	3.49	4.9	20.78	4.88	21.22	2.5	6.28
23.51	12.98	89.74	2.59	87.78	28.58	33.11	145.07
61.61	68.92	23.77	90.26	30.07	19.7	60.58	19.62
30.6	50.23	17.08	25.82	26.04	16.36	13.6	12.16
27.64	46.87	7.48	10.75	23.48	20.93	9.99	65.78
38.07	1.15	37.73	11.62	2.71	7.65	13.47	33.94
31.57	27.67	19.79	129.82	6.3	17.45	14.5	12.62
77.67	52.92	17.39	4.47	50.21	11.44	109.87	22.4
6.06	100.19	3.73	30.78	26.6	46.86	63.15	14.33
5.34	7.24	12.44	16.67	9.7	10.04	4.67	17.62
30.11	33.69	16.48	114.97	6.45	22.38	185.5	17.21
7.03	2.47	1.46	2.81	2.16	1.14	3.12	1.22
20.41	15.79	4.87	14.84	18.59	19.13	15.73	24.18
2.62	15.19	5.32	2.42	10.94	9.88	4.56	8.41
40.7	5.72	2.4	40.64	19.23	31.76	6.59	63.93
2.22	7.77	4.17	15.22	8.12	5.11	4.23	4.3
80.59	112.58	11.35	219.81	144.15	36.85	25.72	3.92
44.84	53.66	186.25	19.71	35.14	128.89	123.46	11.46
12.41	16.19	2.1	18.08	7.99	8.96	9.58	12.3
8.52	9.75	36.01	53.24	15.65	8.46	27.75	23.11
15.81	25.46	18.84	12.88	9.97	62.25	91.95	108.88
6.18	1.42	1.51	1.36	10.23	7.38	6.99	2.38
2.26	1.73	5.16	8.18	6.46	5.82	24.03	8.19
99.1	25.05	59.4	102.56	75.08	140.65	29.85	3.67
51.95	11.53	39.59	37.32	193.54	36.15	37.53	128.09
4.19	2.61	8.51	2.17	5.34	1.22	1.45	1.49
42.64	18.77	46.16	45.29	23.49	14.55	18.48	6.56
18.37	1.84	78.69	239.47	63.37	39.91	15.83	28.16
8.66	46.06	34.29	2.11	26.58	22.3	65.02	16.93
6.19	6.86	3.29	5.02	1.21	2.67	4.03	5.9
41.28	47.98	25.55	7.44	6.93	13.89	20.11	49.25
2.84	1.71	14.67	5.6	3.87	1.08	7.88	2.31
28.81	24.19	47.81	4.45	13.06	25.93	28.39	3.73
1.58	39.99	56.56	4.2	39.92	10.63	5.41	20
66.55	9.68	15.84	10.68	42.18	50.4	31.74	17.27
14.72	10.97	8.61	8.14	8.5	29.93	11.92	38.16
147	16.62	48.56	17.3	16.99	53.12	35.72	16.61
2.7	1.04	11.74	10.19	10.87	13.38	7.38	3.19
4.54	7.04	6.61	2.04	1.36	1.43	4.09	2.17
17.58	160.8	32.68	18.67	109.12	70.82	41.94	68.94
29.65	3.79	44.16	99.52	66.23	92.97	1.78	49.07
63.73	195.17	286.29	15.71	25.85	66.11	27.76	11.54
4.28	1.02	14.69	2.35	25.59	1.36	12.78	5.89
1.89	12.3	2.27	1.26	3.02	4.78	3.81	4.5
1.98	1.64	2.42	3.32	2.02	4.43	1.57	3.49
6.3	13.34	1.41	1.7	3.05	1.52	3.56	4.94
23.07	4.52	21.15	22.89	40.13	4.43	6.94	40.08
3.17	11.42	7.02	1.86	8.16	6.83	12.59	11.29
14.07	9.1	1.76	25.48	17.21	16.21	7.68	29.93
33.12	62.24	18.92	62.54	46.87	22.04	31.62	91.53
78.08	12.34	63.67	16.72	46.74	6.18	30.55	11.76
9.2	48.94	56.45	59.47	53.01	50.25	50.39	32.41
10.94	5.61	31.24	10.62	10.14	7.13	1.05	3.15
24.62	3.58	8.44	2.38	15.14	5.12	2.42	5.05
8.76	8.77	59.98	63.5	14.99	3.13	14.31	19.05
2.2	14.32	2.69	6.35	1.69	6.21	13.57	23.38
106.53	45.87	8.04	7.3	10.89	108.86	44.13	28.54
57.18	8.52	3.48	7.94	4.25	15.11	15.24	34.5
3.85	22.77	1.13	2.1	14.42	12.06	14.63	9.25
4.34	3.08	75.7	2.21	67.55	28.33	18.34	47.24
38.38	9.69	57	7.06	31.62	5.84	24.3	21.29
3.96	7.98	1.14	5.71	7.47	4.66	2.9	1.96
33.1	22.24	115.61	187.57	14.63	125.96	29.91	15.89
9.56	19.47	5.88	48.54	35.99	6.17	12.6	18.07
52.26	60.23	275.7	106.82	181.56	315.3	86.63	118.97
1.43	3.26	4.65	2.19	4.37	2.12	3.37	1.64
1.98	2.11	5.06	2.07	1.39	2.47	2.26	3.36
11.29	2.81	60.17	26.83	37.55	30.11	22.98	8.91
53.86	644.94	135.46	150.33	123.34	82.4	231.21	5.29
124.05	74.58	33.99	71.88	107.53	26.3	19.37	17.13
5.77	15.29	5.29	12.89	13.43	4.37	7.01	10.25
3.89	7.89	6.52	17.63	4.8	1.99	7.12	2.16
34.4	20.89	19.56	2.5	28.29	7.16	7.19	9.28
21.27	2.33	64.02	13	32.31	68.54	3.98	58.91
45.2	210.78	52.91	237.26	130.46	83.38	93.66	56.2
56.99	7.6	2.57	9.76	9.56	5.71	8.52	10.37
20.83	22.41	77.01	15.51	31.16	49.81	46.72	52.69
52.48	12.51	13.34	150.08	32.86	174.2	37.83	13.23
11.85	13.08	4.18	3.91	6.32	9.14	1.61	13.92
45.3	53.65	26.87	17.58	34.61	29.94	14.8	14.32
2.04	16.95	2.03	1.87	41.92	20.22	19.64	18.56
6.58	31.91	50.98	41.01	240.24	44.05	86.34	2.64
38.88	8.75	18.05	22.51	26.17	32.14	21.04	12.26
31.57	8.93	7.07	1.51	11.07	14.34	9.16	15.12
16.61	63.94	95.94	87.61	14.89	10.81	125.24	20.27
28.66	23.01	19.16	2.43	10.03	5.65	2.26	21.97
1.68	6.17	3	4.57	6.2	1.75	3.9	5.44
27.84	10.08	10.04	22.78	39.99	8.84	20.79	47.75
4.2	8.24	5.21	6.23	6.36	8.95	2.09	1.91
76.77	103.97	91	10.06	48.73	110.4	3.76	81.67
3.19	1.7	2.37	4.37	1.85	4.39	1.92	4.03
8.43	11.89	132.24	20.71	21.48	45.42	60.41	47.7
3.74	3.5	7.49	2.1	12.36	4.68	2	3.22
3.68	4.41	1.52	3.11	2.65	2.97	2.01	3.87
129.42	30.09	74.83	9.16	10.62	106.13	120.53	32.7
7.7	2.19	3.26	8.87	3.36	1.66	6.69	12.61
11.82	34.01	4.91	12.36	17.1	3.44	65.18	24.02
2.47	9.16	4.89	2.93	9.02	5.87	14.03	13.03
17.35	19.38	3.49	20.99	10.52	23.96	9.69	25.99
23.11	8.15	8.15	13.73	8.47	8.58	13.47	13.23
4.64	7.41	1.32	2.86	1.58	2.79	2.64	1.23
7.49	21.64	57.57	56.17	28.78	28.1	28.23	84.07
16.95	31.32	123.96	31.18	67.02	77.63	64.63	6.37
26.29	7.81	57	34.85	13.31	80.9	5.6	8
10.22	7	15.68	1.72	6.5	5.58	41.15	10.06
2.17	1.19	4.64	2.16	1.24	2.68	1.17	4.96
3.09	4.98	3.61	1.09	1.05	1.06	3.22	2.52
6.69	34.17	6.15	3.59	2.55	7.99	4.27	6.64
3.08	4.95	2.97	5.43	5	4.62	9.16	12.72
16.88	8.63	45.89	33.93	32.56	31.47	43.44	37.01
2.21	2.74	2.77	1.19	2.47	1.33	1.79	1.37
6.17	43.17	3.87	20.35	8.72	16.65	70.67	32.89
3.03	6.71	1.46	7.71	1.44	15.68	7.19	2.4
5.25	1.06	4.24	4.78	5.94	1.18	1.74	5.01
13.6	24.68	26.98	2.24	85.34	9.81	3.78	73.16
6.29	16.49	40.35	15.67	13.21	2.9	35.25	25.16
3.37	13.03	1.81	43.25	4.48	2.18	12.48	39.73
56.04	1.5	10.99	22.68	26.05	27.34	2.59	46.21
48.9	34.89	34.17	15.07	86.05	72.07	23.86	27.97
10.95	26.4	6.07	3.12	1.76	6.84	19.17	19.25
8.12	6.38	5.84	6.25	3.72	6.36	9.51	10.72
7.56	8.6	7.13	6.88	15.88	20.25	4	7.75
2.32	31.09	10.5	46.77	3.34	3.13	4.9	66.2
19.02	48.25	19.96	58.75	40.16	68.56	54.57	171.22
13.82	7.69	8.72	45.84	4.22	27.3	14.64	1.35
157.43	41.31	6.22	27.39	38.17	188.94	6.61	34.36
23.07	4.79	11.04	2.28	30.89	5.97	11.49	6.66
7.62	19.25	4.51	9.98	14.11	9.1	23.97	23.2
8.22	26.41	18.88	19.67	6.56	11.04	10.97	5.25
12.69	26.15	16.7	117.73	96.45	45.5	43.9	27.88
9.22	39.94	92.72	67.45	23.21	5.56	52.96	4.77
49.01	9.91	128.41	107.87	3.11	98.29	125.1	143.67
5.17	7.93	1.6	1.33	2.08	1.43	3.24	4.24
3.11	11.25	4.67	5.81	7.74	32.33	35.9	7.94
2.65	2.06	1.49	1.88	4.14	2.11	1.69	4.66
55.24	39.99	11	26.56	112.83	91.62	33.77	107.94
70.54	3.67	41.14	6.14	16.42	2.97	9.25	59.72
3.45	9.93	10.16	12.79	6.04	14.23	14.47	4.44
81.96	27.81	2.59	8.99	14.5	24.18	125.61	38.04
50.31	6.2	8.92	10.24	28.76	13.52	8.97	43.05
58.03	15.34	188.64	26.95	32.3	35.01	52.96	46.01
32.89	13.24	92.16	15.33	64.07	3.86	55.19	70.3
5.53	13.26	1.78	5.76	7.43	14.16	5.25	3.09
6.98	7.97	4.43	4.43	2.26	1.93	1.02	11.96
3.31	15.16	33.08	17.12	2.46	91.39	67.18	82.99
122.53	5.07	46.63	1.31	70	25.71	17.62	33.96
3.19	9.69	3.6	9.6	29.6	9.91	16.25	21.74
27.34	14.21	25.2	11.51	4.2	63.28	16.46	16.42
39.99	11.91	74.22	31.76	22.52	26.22	49.25	31.87
24.6	61.59	54.46	36.66	111.27	56.2	84.78	60.51
171.64	69.35	105.58	23.8	205.02	90.54	86.5	162.01
161.96	37.63	59.54	153.76	117.49	5.37	191.03	82.78
23.76	11.73	11.35	17.1	5.76	12.66	18.84	9.83
3.6	61.77	76.28	36.09	45.1	55.82	43.94	10.48
1.89	5.26	12.07	82.12	9.62	66.33	4.83	92.69
12.33	3.45	16.92	5.24	1.9	23.34	7.99	33.98
5.76	6.28	32.48	70.87	106.1	197.01	57.8	152.95
37.57	16.9	2.15	12.12	18.54	11.3	5.33	14.04
2.1	6.07	8.18	10.4	1.75	5.03	16.14	3.05
3.78	8.75	5.22	1.24	2.68	17.48	8.73	4.69
38.24	8.23	19.25	34.92	35.24	16.04	6.88	4.64
3.89	10.87	11.28	6.93	7.75	7.71	3.43	12.23
287.66	7.62	4.2	133.54	46.33	70.04	36.88	171.34
11.5	3.03	2.9	1.98	8.46	4.81	2.49	1.84
4.7	36.91	12.18	23.67	4.43	38.91	3.03	5.19
1.48	3.48	2.29	4.07	5.11	2.67	1.72	5.62
58.66	8.29	23.46	23.3	69.87	86.47	60.24	106.28
4.33	13.15	26.58	7.14	66.91	25.26	24.41	8.51
17.16	88.53	56.05	22.29	34.73	14.7	36.09	28.86
1.08	10.01	11.02	16.13	5.02	5.64	1.97	6.42
1.91	1.12	5.13	5.87	8.7	1.03	1.38	2.68
65.15	69.11	98.27	83.59	71.66	78.63	38.22	206.15
9.98	28.31	32.37	7.08	7.07	37.91	6.41	8.87
16.04	38.75	11.12	21.55	35.96	35.39	3.12	7.1
17.1	13.79	13.54	52.79	9.88	15.85	4.42	34.8
160.1	49.67	17.78	35.23	125.22	13.33	70.15	127.78
23.73	6.45	8.85	36.81	4.13	23.36	29.44	16.88
4.14	27.25	15.92	16.05	10.4	2.24	20.69	18.15
98.06	94.52	96.64	108.11	55.19	76.01	122.9	61.55
63.8	10.34	59.96	122.94	58	32.03	107.95	38.5
11.62	16.06	12.52	7.42	10.73	3.29	1.48	5.8
2.04	40.15	305.9	32.07	40.69	20.6	29.39	56.77
4.8	67.76	4.33	21.32	5.44	59.55	46.77	6.01
10.87	23.74	39.66	3.1	10.82	38.03	3.6	25.91
16.31	42.43	112.65	19.18	32.63	9.53	32.55	56.22
38.38	142.81	16.56	84.9	14.9	134.53	21.97	31.87
12.17	76.76	5.39	26.41	12.92	13.77	44.18	7.86
1.23	4.01	2.78	10.92	12.36	3.68	4.75	4.81
12.4	32.31	27.17	38.39	71.78	18.64	6.2	88.28
21.01	19.58	16.07	4.3	37.92	68.51	6.83	77.04
22.05	7.96	8.09	2.07	12.22	27.03	28.34	1.72
5.88	12.09	1.61	11.84	3.57	8.72	5.46	3.46
186.11	1.66	54.23	41.95	54.59	79.52	51.3	21.16
12.36	40.72	40.85	12.81	35.28	56.48	126.27	8.82
5.94	3.97	12.77	22.54	9.78	14.14	7.44	6.8
9.15	3.62	7	34.3	7.82	13.76	26.96	4.15
2.52	1.73	2.05	1.47	2.83	2.65	1.68	3.83
4.81	7.74	37.71	12.21	15.04	55.55	5.29	24.25
125.24	99.44	34.95	83.79	141.82	27.09	27.59	53.96
38.97	10.82	6.39	12.7	11.66	1.03	6.08	43.5
43.57	56.5	51.98	15.57	2.56	37.98	64.55	45.38
7.62	33.19	95.31	30.15	46.23	7.51	54.1	36.6
16.28	7.56	13.52	2.54	13.51	23.85	10.87	24.94
11.85	4.02	86.21	49.23	23.78	3.92	19.42	4.41
19.97	13.21	8.25	9.67	10	15.85	3.49	9.65
5.83	7.91	9.85	5.08	32.08	6.13	9.99	2.84
15.06	33.06	11.04	2.06	16.83	7.76	3.34	11.42
1.34	1.78	22.49	10.41	16.53	6.16	9.63	9.66
51.11	39.79	18.45	2.32	53.27	8.88	27.83	53.09
22.15	26.74	23.75	13.38	41.01	8.76	9.91	85.26
9.66	44.69	44.99	19.19	11.43	44.8	37.98	16.19
41.1	4.76	6.74	15.52	16.79	2.75	7.08	1.44
20.99	3.31	31.76	8.27	6.03	2.88	7.98	6.38
1.45	32.15	2.43	86.48	62.86	11.76	3.81	4.47
11.04	3.49	8.16	11.27	4.08	5.53	3.44	13.47
11.07	18.28	21.51	7.41	6.42	5.03	4.63	24.04
4.85	5.96	2.86	4.68	4.16	3.51	2.33	8.69
4.19	1.31	23.7	3.02	7.5	5.62	7.19	1.22
27.79	28.07	21.53	4.33	110.7	111.83	14.69	24.75
71.15	35.68	43.87	113.26	8.45	29.39	10.54	44.07
9.93	7.08	67.76	8.62	8.23	31.46	6.71	1.34
9.65	9.92	90.48	95.92	107.49	131.71	52.83	83.06
57.77	7.99	21.81	39.85	17.42	10.25	1.79	4.81
7.39	17.96	7.11	13.36	7.51	35.57	10.32	4.41
18.24	101.31	160.62	32.2	24.13	59.01	78.56	5.28
11.69	2.81	47.19	6.68	16.77	29.04	12.72	3.51
4.36	6.86	12.45	16.3	9.15	6.75	5.38	37.95
51.22	25.24	4.44	17.26	20.41	18.69	43.61	15.13
94.97	67.6	34.03	185.62	55.89	61.72	77.88	44.51
65.88	50.41	19.63	3.45	90.34	30.87	3.97	37.11
2.52	1.94	10.54	4.41	5.81	6.76	33.67	15.87
9.69	7.51	8.41	6.75	3.53	3	1.81	1.83
20.11	21.47	3.88	10.28	1.52	11.3	3.61	8.06
13.67	218.78	65.85	49.02	83.94	171.31	12.36	10.44
3.29	15.57	15.92	7.72	5.98	4.26	17.72	7.15
27.67	15.59	13.92	24.83	17.76	31.33	16.94	16.3
20.19	12.12	38.65	50.95	19.59	9.39	2.99	5.9
10.78	7.23	9.41	15.96	6.63	17.95	4.72	1.83
3.84	15.33	33.04	8.91	9.12	3.32	12.83	3.24
31.15	31.85	18.59	20.64	65.69	30.36	46.5	8.75
47.65	45.76	1.93	45.03	34.62	9.3	63.48	1.06
29.74	1.11	12.79	7.88	13.4	25.07	13.51	21.88
15.67	18.24	3.45	10.52	6.99	26.39	27.88	12.44
6.47	19.54	29.2	5.59	13.6	57.58	9.75	18.53
31.51	86.65	52.6	20.94	10.17	5.85	6.33	48.61
32.47	22.14	21.75	8.8	6.22	13.32	11.54	17.14
17.19	1.22	2.82	23.49	66.01	7.59	12.85	9.83
29.52	105.89	115.81	44.38	55.71	24.8	38.75	48.52
137.31	12.91	58.26	44.13	129.74	83.45	45.8	72.51
34.58	39.09	18.75	29.11	7.23	4.99	25.85	3.87
9.47	10.37	12.15	8.72	21.72	3.19	8.24	12.19
2.22	2.17	1.51	6.47	8.51	1.3	6.77	7.73
39.79	26.68	144.75	29.93	200.76	25.47	49.54	29.29
39.8	67.86	114.68	26.64	21.09	20.77	37.66	4.44
18.79	1.9	13.96	56.97	53.84	29.34	12.37	16.59
92.74	30.09	25.99	43.46	76.75	32.32	51.05	18.04
10.95	7.82	10.77	6.42	4.21	4.96	5.46	6.21
4.05	11.7	7.35	1.36	6.18	2.18	9.12	14.22
8.7	4.04	10.06	7.47	24.98	9	19.19	21.19
7.47	3.63	2.5	1.94	7.84	11.67	8.69	8.28
47.2	30.34	80.08	123.05	36.33	6.94	5.73	22.83
2.29	1.99	3.98	1.54	5.77	1.33	2.26	3.86
7.39	3.17	6.07	2.93	4.38	3.54	6.33	7.65
145.71	4.06	43.53	34.79	50.49	56.92	15.89	83.22
19.03	40.25	38.75	53.83	4.53	5.14	15.68	22.81
23.94	8.84	21.63	12.02	6.84	14.05	1.06	39.64
91.23	7.2	10.4	9.63	7.76	106.5	16.3	2.56
3.37	35.67	2.99	12.83	6.64	9.12	31.38	6.43
9.29	2.19	1.5	23.83	11.65	12.82	4.9	13.25
122.23	78.63	94.65	78.59	63.4	220.23	68.81	123.84
8.86	11.03	18.87	17.99	28.59	5.57	6.48	4.41
26.52	20.57	153.93	129.45	27.67	59.14	16.42	71.09
7.36	12.36	56.94	6.82	13.82	17.49	28.13	14.91
112.96	174.23	159.91	31.57	140	60.8	32.03	43.45
17.27	15.79	61.48	13.21	85.44	25.11	16.97	49.22
76.17	8.61	2.04	13.3	9.85	10.91	44.19	37.55
4.65	52.65	4.22	88.17	19.92	12.69	60.38	58.73
100.56	6.64	27.8	11.48	23.45	11.79	27.6	5.77
2.24	1.29	2.96	1.27	3.94	3.48	5.61	1.7
25.87	50.24	12.03	17.03	27.41	32.89	27.24	64.73
13.34	15.09	45.71	54.36	49.55	47.34	61	30.8
3.67	5.01	24.9	20.18	2.52	2.39	5.79	1.73
12.28	9.79	66.02	69.86	6.64	16.06	26.02	8.98
56.39	7.42	44.08	74.49	16.34	97.98	177.1	25.67
3.76	8.08	6.46	4.39	2.44	2.11	8.44	3.4
11.88	47.42	9.42	29.02	8.2	18.33	28.62	8.03
21.18	37.2	11.85	4.7	5.06	16.72	30.39	20.04
6.45	6.18	4.62	8.59	9.2	4.77	1.04	1.4
123.36	45.77	31.8	56.35	82.36	71.95	10.71	7.86
12.66	2.37	8.5	1.53	15.12	6.92	1.15	5.26
35.04	37.27	36.2	2.83	32.09	53.97	24.96	62.35
12.61	56.43	352.31	1.41	165.7	38.79	39.28	128.49
2.6	9.62	5.96	18.34	18.54	5.5	4.71	11.28
3.01	2.93	5.32	1.19	2.01	2.03	1.95	3.99
234.08	70.42	24.64	116.11	64.57	27.93	31.54	66.93
1.73	8.32	3.02	1.73	4.61	3.4	3.67	1.42
5.06	8.94	33.38	5.63	26.26	10.6	7.71	5.95
63.67	95.24	13.81	24.45	5.55	8.74	12.01	40
14.24	17.96	63.6	11.25	24.56	17.84	15.77	38.12
45.17	123.97	13.82	119.3	13.4	69.73	127.6	29.46
4.19	2.28	10.12	3.68	6.89	6.98	5.23	15.55
11.97	14.6	3.14	17.29	12.62	5.25	13.8	14.6
3.1	9.46	35.39	1.4	13.56	1.27	8.02	7.52
19.54	14.25	8.51	35.11	11.45	11.39	7.93	4.61
39.92	23.21	114.02	17.64	35.17	49.8	12.82	96.51
13.91	2.18	18.3	45.69	11.24	20.39	20.11	47.96
14.33	66.63	8.3	25.1	8.08	9.29	21.74	13.13
10.16	57.7	7.6	17.9	19.21	29.69	22.63	5.28
17.63	58.8	45.12	19.82	41.66	38.36	36.62	71.22
4.47	10.58	4.86	2.62	6.23	5.39	14.39	6.93
55.14	24.79	15.58	14.29	9.98	8.46	16.8	17.81
3.05	2.68	2.78	2.11	1.05	1.62	1.37	1.52
169.1	30.98	38.07	68.24	168.96	26.89	13.98	28.96
17.08	5	17.52	20.77	3.05	10.63	8.15	47.82
3.05	1.57	9.02	4.04	2.73	1.13	2.55	2.6
2.83	2.93	5.05	12.54	30.6	2.34	23.84	2.3
113.96	28.33	7.63	54.71	9.34	81.69	252.85	30.63
20.32	21.93	58.59	10.25	54.95	30.4	12.25	110.66
5.36	3.01	7.76	3.69	4.26	2.54	3.71	5.16
6.11	29.68	4.52	6.06	24.3	3.45	12.19	1.02
14.02	3.28	4.16	15.16	7.45	2.98	2.36	2.66
28.93	1.04	27.42	6.8	3.07	19.49	12.52	11.02
1.11	3.83	4.04	2.25	2.85	1.37	1.08	4.88
2.9	23.32	16.16	18.57	8.23	1.77	43.27	7.51
9.96	100.11	76.69	10.61	101.25	64.15	56.46	256.91
38.03	5.36	14.58	36.2	38.59	9.49	3.95	39.76
14.47	8.73	8.41	2.15	3.52	3.34	3.83	1.78
10.89	3.69	2.54	2.96	1.41	8.12	3.19	1.29
80.62	17.85	70	56.12	24.24	5.57	16.9	174.5
3.83	4.69	21.42	18.34	1.16	10.37	1.84	3.28
15.85	17.34	1.6	3.79	7.19	4.52	3.26	20.52
2.82	5.33	4.7	8.01	2.52	1.6	2.88	3.8
1.8	24.7	40.32	39.95	4.65	9.2	6.92	20.96
43.57	161.71	137.74	81.52	97.41	50.39	36.23	12.91
74.36	47.11	62.85	258.02	49.98	29.84	60.17	74.66
9.74	69.02	7.67	86.69	18.47	4.11	116.11	110.7
4.22	25.61	14.13	17.04	14.65	18.9	7.72	7.98
6.49	4.41	3.69	9.16	4.21	8.8	7.31	2.23
14.41	33.58	20.88	26.68	12.96	43.46	96.54	6.31
17.76	165.7	36.04	82.97	40	23.89	15.11	15.73
10.2	3.84	7.15	15.57	16.24	9.05	2.41	42.52
44.9	18.02	62.93	36.3	49.92	139.29	100.47	18
13.51	34.54	21.15	12.68	52.2	38.51	12.64	26.87
30.16	40	21.4	13.29	21.37	8.65	9.4	3.85
5.3	30.63	33.67	2.9	52.37	30.51	87.49	38.55
15.85	3.98	2.61	12.32	15.73	27.52	4.25	11.72
37.44	24.28	67.24	50.51	20.52	81.9	122.19	13.81
6.3	19.46	12.57	3.26	78.17	17.78	16.31	10.42
7.37	3.13	12.33	59.75	89.82	26.14	31.34	4.96
7.2	2.32	1.65	16	1.2	4.29	10.92	7.26
7.33	71.54	38.57	64.01	35.39	26.8	119.07	6.98
26.79	5.98	9.14	6.65	2.25	1.23	4.56	20.54
51.99	35.44	17.77	56.6	17.2	48.58	31.86	1.42
12.85	1.22	8.9	3.55	1.37	13.4	2.63	2.49
75.29	114.87	26.01	2.75	28.88	23.13	55.17	63.86
46.7	26.58	38.4	19.2	1.6	18.3	134.04	9.31
8.93	15.16	3.84	24.12	13.67	1.67	2.82	14.05
14.75	4.59	57.46	12.92	16.34	32.77	19.67	25.14
17.92	13.07	4.8	5.5	7.2	7.67	28.93	8.74
3.09	2.88	3.18	8.34	1.26	1.32	2.85	1.54
58.63	26.01	104.73	7.38	6.72	77.81	25.88	22.52
30.54	16.86	13.4	22.83	16.34	15.83	2.61	21.83
31.19	168.85	23.06	40.44	25.61	18.29	72.74	31.16
120.71	47.05	37.82	36.99	19.98	8.73	8.44	28.79
77.67	77.58	72.99	110.37	26.11	80.32	68.31	46.88
6.94	24.6	30.42	27.47	29.2	25	10.69	25.62
8.96	27.31	19.01	77.24	59.27	40.14	30.55	1.21
15.82	35.35	13.66	17.52	20.69	12.39	42.57	43.95
12.69	3.97	39.31	28.89	21.16	1.52	13.3	64.02
9.03	6.19	2.65	4.07	1.38	4.31	1.57	6.33
7.95	4.6	21.29	2.16	73.19	9.78	3.98	7.08
6.42	12.22	4.69	1.86	5.13	4.9	4.9	9.78
11.23	18.49	31.43	1.01	22.03	3.66	14.7	52.99
20.13	5.07	8.37	5.23	13.97	3.53	10.04	1.58
25.06	42.14	105.1	30.68	132.2	31.11	7.01	46.46
13.91	1.98	93.57	31.88	36.28	8.2	25.6	19.43
11.22	5.79	1.29	1.59	16.29	1.62	9.76	8.08
4.81	32.84	4.7	15.76	16.79	7.32	12.87	6.64
7.21	10.88	1.66	4.52	2.16	1.71	2.87	10.35
43.11	5.07	38.52	13.24	1.53	20.24	28.75	23.16
34.61	2.3	7.01	6.46	24.56	23.43	5.41	3.25
1.14	4.15	1.83	8.48	1.01	2.44	4.51	5.72
1.87	1.31	6.15	1.95	1.44	2.49	1.33	1.94
19.22	5.13	10.47	8.97	18.85	21.33	14.44	31.56
46.12	14.16	112.79	11.32	135.64	61.84	36.31	43.79
7.92	6.04	13.86	80.93	73.53	78.06	10.9	13.98
22.27	4.5	16.17	28.2	25.36	35.36	16.96	21.42
3.53	1.65	15.47	45.23	10.52	3.44	9.33	12.55
97.6	97.23	104.83	87.13	98.72	35.08	72.65	160.78
11.95	3.83	121.22	64.51	35.63	273.72	11.79	49.04
118.64	70.73	60.7	10.56	23.96	35.25	1.24	17.38
2.39	3.1	51.48	21.52	1.92	31.58	40.87	14.26
2.74	3.47	18.17	9.25	8.56	24.14	27.88	18.52
12.94	32.48	15.46	9	67.12	23.74	31.49	14.94
27.9	51.23	6.47	38.05	18.38	4.39	15.68	24.35
2.83	22.68	2.83	25.94	1.27	1.91	3.57	7.89
118.67	66.75	70.96	25.72	26.96	9.71	143.24	100.71
6.86	3.15	1.66	28.96	6.36	13.4	16.87	26.86
25.79	6.23	32.02	6.04	23.95	6.91	25.6	17.59
18.84	54.46	18.22	31.15	30.72	22.74	33.22	9.35
39.61	16.79	41.08	38.34	22.99	3.47	33.53	14.42
12.29	3.51	8.26	2.25	10.83	2.59	1.2	8
10.51	39.53	37.27	13.55	1.19	11.48	100.08	30.36
5.32	25.09	42.01	47.86	51.42	24.84	22.64	9.94
4.54	15.36	43.3	2.8	9.92	29.11	29.91	16.59
4.15	4.46	1.6	1.8	12.37	1.26	4.8	1.98
63.41	52.58	69.62	31.76	10.26	29.55	26.06	7.2
128.71	15.46	28.71	112.67	217.02	24.9	114.69	630.75
21.45	79.53	29.17	50.44	118.4	41.98	121.17	37.89
3.18	1.29	8.49	9.89	1.37	4.03	3.75	18.05
4.68	40.94	2.47	30.55	4.33	14.46	26.27	2.19
109.98	40.73	2.92	16.22	9.62	64.02	36.69	48
2.41	1.8	5.97	1.07	1.16	1.95	2.35	3.42
61.89	55.51	12.31	39.09	53.09	136.34	16.45	8.56
1.97	11.35	28.75	6.06	7.15	4.22	7.79	7.04
120.41	137.08	101.97	23.96	104.34	6.89	110.16	14.66
111.5	32.27	46.58	60.91	48.54	72.86	17.63	83.42
3.76	12.83	19.93	19.67	7.67	8.27	7.74	10.19
62.36	78.5	128.19	262.1	56.64	104.17	258.29	67.19
65.27	89.7	99.13	20.39	97	6.34	68.44	5.52
8.56	45.6	35.23	9.53	65.69	13.14	21.33	14.21
1.87	50.31	32.69	7.07	4.92	65.57	29.8	70.83
2.42	8.3	3.9	3.67	9.2	2.26	3.87	1.16
6.87	12.25	18.68	6.67	11.32	2.79	3.17	12.94
68.59	152.54	11.6	171.28	257.42	209.96	12.93	37
4.97	25.72	10.53	7.78	41.9	7.29	4.82	9.34
2.73	5.45	1.66	1.2	1.77	3.72	2.88	8.16
18.4	5.84	37.15	100.64	41.03	8.03	15.45	21.61
28.83	96.61	22.51	53.92	78.77	4.32	25.33	64
185.22	40.88	83.59	6.99	23.1	16.46	38.81	48.95
210.12	53.83	138.64	45.38	66.62	6.91	99.47	200.83
15.7	4.34	40.02	4.59	57.64	37.04	3.89	19.09
2.75	2.68	3.32	4.51	2.71	2.57	1.21	1.59
8.45	3.62	1.38	14.67	27.39	14.65	4.95	31.05
18.52	22.02	118.05	80.91	14.44	3.91	128.71	3.94
40.91	4.5	30.1	30.97	15.32	59.85	8.52	8.52
1.03	5.78	5.86	53.6	3.84	9.31	7.34	1.14
30.52	4.76	32.11	9.46	6.59	21.1	2.55	8.66
28.25	17.57	18.26	26.62	26.46	28.29	61.23	12.69
12.66	35.52	25.07	33.34	39.07	21.83	4.81	5.82
125.89	4.12	85.06	13.7	28.19	8.97	43.04	114.1
10.25	16.59	15.83	6.81	20.36	20.73	14.38	38.09
201.79	178.01	191.85	112.03	161.4	70.64	28.08	153.88
43.46	37.74	26.74	29.12	7.8	46.73	112.64	99.44
14.08	23.58	13.1	1.31	11.92	25.06	32.56	2.93
45	14.56	73.23	65.93	26.22	53.91	2.95	17.67
30.27	27.17	15.58	42.27	68.02	8.12	44.51	25.52
29.4	66.02	42.02	6.08	10.32	29.05	2.23	8.83
16.49	22.41	2.91	17.24	32.56	13.55	15.24	13.05
29.6	11.99	17.57	20.53	21.84	28.2	29.43	3.58
32.81	39.52	76.64	50.82	58.82	23.97	20.75	51.49
14.9	2.21	11.66	8.6	20.2	11.94	1.1	2.91
8.88	4.13	2.33	11.22	11.91	4.63	11.32	9.52
20.98	40.28	14.03	10.87	68.97	24.97	28.1	70.56
62.35	118.47	16.36	76.89	13.41	48.52	57.61	25.04
15.48	5.58	44.13	23.24	18.68	30.35	32.93	82.43
26.35	20.77	7.72	59.05	85.42	1.33	6.62	13
14.42	1.4	233.66	159.03	11.26	394.2	79.26	148.94
4.7	57.35	72.29	6.54	41.89	25.1	15.02	81.01
11.81	11.47	13.16	23.88	17.79	9.85	1.96	22.04
5.24	13.48	52.56	33.79	8.42	3.47	20.69	17.5
45.28	9.01	38.53	55.96	89.18	111.01	23.33	75.72
4.48	2.84	1.26	1.72	6.05	1.98	9.84	4.08
52.26	11.87	4.17	8.41	27.23	64.8	10.09	7.36
113.87	113.43	36.08	12.95	51.01	9.17	66.65	23.87
17.56	33.54	36.06	101.87	26.06	13.14	19.49	2.26
17.48	11.33	19.57	26.41	5.29	39.23	5.11	41.83
4.36	11.83	2.9	15.48	8.25	2.5	25.66	8.98
4.8	39.29	27.3	73.02	25.96	56.12	4.93	40.04
2.7	3.59	4.42	2.26	3.78	1.1	1.52	6.45
7.75	17.9	16.36	4.76	18.61	3.91	13.76	9.53
103.19	11.72	46.64	40.44	183.09	33.91	35.45	48.76
1.99	1.03	2.3	8.59	5.3	6.63	1.52	3.89
1.05	2.77	15.3	1.68	13.9	22.05	1.76	8.71
19.01	7.89	8.18	16.89	43.89	49.47	22.62	12.15
1.64	2.77	4.93	8.12	1.46	1.1	5.59	1.49
39.3	29.16	12.53	185.12	15.65	167.63	69.01	53.83
7.46	3.15	9.39	13.79	17.99	7.5	6.29	5.42
137.05	8.19	94.3	20.75	31.97	269.74	178.2	98.37
36.9	15.75	76.79	7.64	30.47	44.35	22.44	13.46
1.56	3.34	96.32	3.78	44.07	27.48	1.29	1.53
21.25	10.25	26.41	15.86	4.44	105.79	14.86	38.93
5.86	15.83	21.09	5.75	8.87	12.1	9.88	27.38
9.5	8.24	36.02	12.22	6.83	37.48	54.62	31.83
4.68	7.65	5.7	6.67	5.91	8.81	1.95	1.05
42.54	153.88	79.94	112.33	191.51	84.47	88.19	64.4
98.43	18.85	35.47	33.86	27.31	39.2	36.74	49.34
10.41	3.17	2.25	2.69	5.14	2.39	8.58	1.46
9.01	8.47	1.02	9.7	3.52	1.96	1.46	1.78
184.07	37.21	77.51	19.77	26.97	133.69	39.75	88.18
18.08	1.56	69.05	35.43	22.34	29.56	40.47	25.77
61.62	162.95	114.05	77.04	32.03	76.98	24.22	11.78
1.88	22.56	2.07	41.01	42.15	10.6	20.93	7.55
1.64	5.29	5.61	7.89	7.3	3.46	1.13	8.01
28.48	19.94	68.22	19.1	42.61	78.39	39.16	68.64
59.73	425.39	34.92	107.72	43.69	68.42	113.05	13.65
22.45	17.54	4.77	15.3	57.42	9.28	13.32	1.81
8.97	14.96	19.08	24.66	25.98	8.64	1.42	5.07
3.59	2.36	1.28	1.64	1.13	3.31	2.06	5
25.75	11.16	92.99	16.59	27.63	21.35	180.67	72.87
4.03	7.91	20.55	7.43	4.17	3.56	1.04	6.47
13.76	18.98	13.1	11.67	5.77	46.29	5.8	9.99
4.15	9.53	84.74	95	5.77	28.09	33.56	2.51
5.48	3.67	5.94	4.8	16.1	14.58	11.98	9.18
23.35	12.6	17.26	5.95	14.31	118.9	16.72	12.03
10.38	50.67	109.75	32.85	7.29	37.2	26.11	42.87
30.1	37.93	59.15	5.26	23.77	49.69	5.79	153.32
3.21	17.39	5.94	1.42	6.43	4.24	11.74	2.31
4.11	11.35	32.03	14.68	6.2	57.86	11.25	4.14
15.29	2.78	17.95	23.65	3.32	16.77	8.49	14.93
30.39	14.47	8.75	39.85	16.25	29.32	36	6.05
72.19	37.62	25.43	105.07	153.49	6.61	79.15	16.66
20.85	211.31	20.89	75.56	6.32	66.41	7.37	16.45
7.78	3.76	26.37	4.22	4.31	4.84	12.81	5.62
208.02	12.89	73.59	17.56	59.74	31.06	105.02	66.82
13.67	53.92	23.08	29.14	38.43	32.45	10.93	5.15
54.49	37.01	21.06	59.3	161.79	21.67	35.77	4.79
30.16	8.62	6.58	2.94	5.47	20.63	18.13	20.18
54.66	10.27	5.92	55.77	12.22	21.8	23.8	5.12
3.04	1.47	2.43	4.43	3.76	2.67	1.29	3.8
12.08	8.24	50.17	6.54	2.93	28.11	64.43	30.54
76.82	170.53	118.9	64.7	26.62	55.67	176.06	172.42
6.36	7.5	4.86	3.21	1.85	8.03	7.56	3.68
363.99	51.55	150.91	44.49	49.24	107.21	106.82	33
10.56	7.62	3.13	5.82	11.91	10.42	6.09	14.47
17.97	11.77	11.47	12.03	3.47	2.34	17.35	19.94
9.75	2.21	2.25	12.78	4.84	4.4	1.73	1.95
11.81	3.31	194.53	131.49	95.99	110.09	142.85	10.82
52.53	286.56	156.16	86.62	34.95	326.4	261.19	37.25
63.48	11.73	50.5	16.18	30.27	83.81	38.82	150.92
8.55	12.36	3.84	23.6	18.26	56.16	9.64	8.33
2.88	4.18	16.95	2.74	6.38	2.79	17.81	4.43
245.89	87.44	69.78	170.44	16.38	75	114.21	47.18
28.51	24.77	28.41	21.68	44.81	44.73	8.72	8.51
3.8	2.08	65.02	2.4	1.51	15.49	15.89	73.43
2.08	23.21	55.97	10.09	24.06	29.17	52.63	13.27
144.58	37.64	10.82	12.4	35.59	22.92	54.57	21.07
104.07	15.92	231.95	20.89	10	46.08	111.03	1.07
15.41	36.55	8.44	24.41	106.77	30.55	16.23	41.49
6.11	4.26	3.36	5.53	3.58	6.22	11.19	12.02
64.44	71.92	34.66	7.68	17.51	1.73	6.9	5.75
80.03	64.53	49.98	19.83	192.29	3.27	158.09	16.07
4.46	2.82	1.15	11.59	4.66	7.59	5.32	17.91
4.63	4.01	4.98	9.75	12.95	22.37	44.34	5.12
4.51	19.94	7.97	8.42	25.1	5.48	25.52	9.45
5.32	52	25.18	16.2	27.26	56.22	20.13	55.34
1.26	2.44	9.44	3.34	2.73	6.42	1.18	1.18
16.52	121.62	9.52	247.91	20.96	3.96	8.86	5.29
5.43	2.37	8.6	1.81	11.5	10.17	5.78	11.51
45.19	75.39	14.61	158.41	29.79	25.64	126.3	240.42
52.29	5.4	2.82	13.7	2.4	4.68	36.02	7.66
4.81	15.94	15.7	2.29	4.38	8.69	3.22	1.64
13.17	31.87	7.39	3.65	15.81	6.08	27.83	50.91
8.11	16.15	4.23	4.01	11.82	3.06	4.48	7.1
57.21	33.35	16.87	1.32	3.74	5.63	49.65	3.96
11.18	2.4	57.52	6.56	21.48	21.41	66.78	9.05
7.71	15.38	39.52	8.8	10.81	12.82	4.14	6.21
7.24	16.44	1.13	7.62	7.75	9.64	17.26	11.74
96.57	14.48	34.23	95.48	53.64	1.44	79.46	118.54
29.77	41.37	14.16	3.77	26.07	1.44	58.09	28.31
4.72	3.44	6.04	5.15	2.8	3.41	1.06	1.13
3.88	4.26	14.02	20.31	24.07	10.56	29.19	2.55
2.5	2.23	13.18	24.05	64.06	5.56	3.32	11.79
16.28	26.09	2.58	11.4	10.81	1.06	6.4	2.16
3.28	46.05	43.76	26.58	5.52	1.18	158.5	34.99
15.33	20.85	9.78	9.23	27.65	1.49	1.26	3.65
9.27	41.23	60.24	29.17	2.22	29.74	11.7	14.65
32.74	128.22	54.08	60.77	6.83	4.74	41.67	40.08
28.31	30.98	43.38	16.94	2.65	7.51	97.19	58.69
11.46	82.48	25.89	51.3	2.41	7.63	6.74	10.08
20.6	20.52	16.96	69.76	33.05	11.69	5.72	19.01
3.99	1.55	3.74	3.83	7.24	27.04	3.05	12.36
44.54	60.65	22.16	90.61	162.28	74.36	67.93	13
4.02	19.15	1.38	1.18	7.28	3.64	4.04	4.13
14.05	4.42	12.88	36.28	31.05	19.61	57.52	7.13
11.55	17.18	4.08	26.82	20.89	7.78	32	14.7
8.7	39.3	5.08	10.85	24.08	25.4	13.7	11.21
2.16	2.09	1.18	1.42	4.04	1.11	1.3	1.03
3.58	3.86	13.55	8.81	25.54	17.15	1.88	16.24
18.08	1.63	20.77	7.23	1.48	11.29	10.35	1.2
111.4	16.61	98.16	20.52	14.17	51.9	144.29	127.03
1.65	1.41	1.73	1.33	6.11	2.97	6.11	6.95
22.25	28.57	39.67	247.76	353.05	167.79	41.98	161.73
16.61	119.27	47.46	33.47	57.24	36.89	3.28	20.4
121.01	66.16	43.68	5.61	143.39	46.69	6.53	10.11
13.86	7.34	5.6	3.25	11.48	20.34	7.26	1.68
13.5	19.72	12.56	12.98	3.75	46.74	27.63	27.36
3.76	3.36	1.15	1.24	2.12	7.18	1.39	8.98
17.54	26.84	101.69	16.63	29.98	14.3	14.15	59.2
23.18	22	7.12	41.52	7.02	9.56	19.18	21.97
39.21	16.88	11.52	1.71	27.63	4.86	43.56	4.43
14.24	10.95	10.54	4.05	20.81	17.77	11.47	20.62
64.36	4.58	7.55	4.18	26.43	25.75	13.8	49.35
17.03	2.82	4.95	9.42	57.16	11.87	73.72	49.17
6.24	20.77	73.72	1.18	81.75	96.49	43.44	24.79
2.56	1.93	1.92	1.55	1.57	1.4	1.13	1.62
25.25	27.62	21.77	60.16	17.51	18.6	19.74	71.84
11.89	31.96	3.53	28.32	13.79	12.8	3.47	8.95
9.63	7.33	16.45	2.1	2.39	17.01	17	7.07
46.38	13.04	19.73	18.54	15.75	58.86	33.04	24.24
60.72	8.2	32.54	8.03	56.48	59.79	23.2	41.05
32.89	52.4	62.31	93.07	98.13	12.69	267.58	68.78
46.9	56.99	4.75	49.78	117.33	38.61	32.29	34.17
39.26	10.04	3.49	6.99	33.3	38.65	25.62	19.2
118.34	199.64	41.3	13.77	97.45	17.04	61.45	34.34
3.87	4.03	4.26	53.07	5.01	1.55	6.49	21.87
7.67	38.6	6.49	33.48	50.29	78.4	34.39	45.47
23.73	54.52	2.3	76.22	47.41	8.31	27.79	12.27
13.01	40.99	7.26	30.05	3.48	12.48	18.73	55.27
19.31	62	141.96	98.85	52.79	71.19	13.61	135.4
11.29	10.7	17.64	19.3	2.53	2.71	1.98	2.88
14.97	58.7	10.69	28.44	78.96	44.87	37.54	57.37
7.94	8.54	6.5	6.5	3.37	4.48	11.06	17.33
21.51	91.63	20.48	9.13	149.07	9.39	12.72	16.54
12.47	83.42	29.41	29.65	10.79	10.15	1.67	12.59
38.14	4.46	5.73	10.51	27.78	15.81	9.61	43.71
2.04	3.46	1.43	1.6	2.39	2.02	1.2	1.11
31.02	5.69	33.1	20.4	14.82	29.76	40.38	4.05
28.03	3.24	10.51	9.81	24.33	22.6	31.61	4.06
7.62	32.92	1.9	19.85	4.28	103.68	1.11	1.73
96.8	44.33	7.85	16.08	21.13	28.65	77.75	23.11
51.47	25.39	68.48	49.69	8.54	64.68	4.93	28.2
29.37	40.01	12.65	11.67	9.13	55.47	42.04	16.69
31.43	17.32	13.8	21.87	61.52	37.64	2.84	2.6
30.32	30.46	27.76	39.95	97.82	4.09	11.99	9.11
135.37	84.37	14.15	86.48	186.51	63.23	33.83	24.6
3.72	20.23	2.25	11.54	2.96	7.42	1.84	4.87
131.76	20.07	22.28	76.37	34.87	37.15	188.37	4.64
50.43	18.6	58.61	25.78	1.43	41.31	61.48	55.36
63.07	10.59	5.4	17.86	47.88	27.06	18.11	22.56
7.77	5.19	11.98	2.09	3.2	2.37	4.55	1.64
42.7	54.08	13.03	49.62	67.51	35.75	63.99	99.65
43.02	72.47	68.97	24.5	31.41	24.4	38.45	15.14
26.2	5.57	57.43	11.55	9.57	13.93	15.83	4.96
15.9	38.55	65.45	43.18	37.21	1.63	5.51	12.42
1.41	1.3	5.66	6.46	2.87	2.87	1.94	2.05
35.03	31.56	39.33	44.45	50.05	17.76	65.78	33.52
3.95	15.88	7.13	4.98	5.59	10.39	29.4	4.67
1.47	9.77	8.79	4.45	14.83	4.23	6.63	5.48
48.72	36.68	309.29	27.7	37.91	31.67	32.22	56.54
16.84	7.42	4.59	20.12	6.53	8.64	5.39	4.21
14.36	14.18	14.05	38.29	11.09	34.63	14.61	41.96
6.81	23.05	5.22	4.2	6.05	4.32	7.51	9.29
28.58	1.32	11.59	15.39	14.17	9.69	2.72	2.14
87.66	43.86	51.21	48.45	98.52	47.24	4.03	7.82
13.04	9.2	46.74	27.92	43.19	16.41	154.43	25.81
67.08	23.45	21.45	2.59	16.04	9.91	2.41	5.53
14.57	25.54	6.07	58.7	15.47	26.4	110.27	35.67
27.16	81.96	12.59	9.34	12.33	85.63	14.82	36.82
6.21	3	1.55	1.9	4.76	2.22	8.95	1.1
9.69	3.1	1.55	6.58	3	10.28	1.76	16.74
26.83	20.92	26.27	39.89	2.63	8.77	29.03	9.66
147.66	15.6	105.48	2.85	10.96	51.65	144.4	86.93
21.71	10.37	53.95	23.75	26.95	13.63	37.59	25.26
2.62	8.26	1.22	3.02	3.23	3.65	1.79	1.96
21.2	2.14	14.91	23.35	20.24	11.52	5.46	26.42
45.69	89.43	67.27	77.94	55.6	9.87	61.43	21.53
23.46	5.22	6.72	12.24	14.4	5.37	75.17	37.84
9.52	2.65	7.54	2.79	5.55	3.98	4.43	2.84
2.98	4.43	40.1	19.13	19.54	3.38	2.15	9.22
1.45	2.18	6.78	5.51	3.64	2.61	6.14	2.15
10	1.43	2.19	3.64	6.5	4.23	6.76	3.47
20.54	27.26	19.99	1.05	3.28	18.06	46	45.89
30.24	25.77	136.5	48.46	50.01	38.25	70.38	23.05
3.87	8.3	4.2	7.71	11.07	22.68	5.12	30.45
11.26	19.74	10.72	32.22	1.81	7.06	61.98	26.09
11.07	24.75	22.49	35.76	22.62	2.29	37.78	4.6
46.22	176.05	168.27	88.87	95.11	12.5	11.73	15.31
15.71	5.58	21.75	67.15	13.48	7.29	8.21	20.9
12.77	63.6	8.38	43.51	7.26	209.83	91.23	7.88
29.19	4.17	30.23	7	13.85	7.96	8.12	2.39
14.64	4.74	39	9.67	4.21	13.82	2.21	32.5
2.17	24.08	17.5	2.09	1.28	3.68	1.98	11.66
6.57	12.24	15.07	9.97	19.23	1.79	24.22	8.29
16.01	69.98	1.37	20.2	24.16	9.66	1.86	2.57
31.76	4.14	8.55	13.13	14.28	7.74	10.11	9.36
42.17	23.24	39.08	17.82	27.85	61.12	11.06	71.82
49.45	147.82	213.13	19.52	157.53	99.24	193.6	470.03
18.5	7.45	5.57	1.2	21.42	64.59	5.84	13.08
50.18	23.53	37.34	4.63	12.32	61.7	12.79	6.86
