4.76	145.1	26.86	24.48	93.25	120.13	55.92	61.29
21.09	62.1	27.68	10.76	57.83	9.95	2.3	32.96
2.03	1.42	2.25	1.04	2.01	1.99	2.18	3.5
11.31	6.84	2.63	3.79	4.45	2.38	2.76	4.47
28.4	47.4	34.96	45.95	11.37	52.48	10.04	6.47
5.78	19.9	44.32	54.01	23.16	14.2	1.54	50.55
35.96	2.42	19.9	20.04	43.33	11.7	7.59	32.71
18.98	8.75	26.33	10.08	10.26	23.09	10.73	2.93
26.16	37.76	5	7.93	3	6.38	24.55	5.96
22.15	2.36	7.96	8.06	18.1	4.38	16.83	1.64
11.14	122.6	17.91	39.19	69.44	95.52	21.89	24.46
52.83	10.06	2.88	5.25	80.67	10.97	68.03	39.3
5.68	1.41	1.92	8.43	1.23	1.62	5.64	9.2
5.59	1.07	4.95	15.97	14.89	2.57	10.18	2
1.24	16.62	4.43	2.98	3.11	12.72	5.96	7.07
21.62	70.62	22.49	28.54	74.29	35.65	31.46	11.36
15.14	6.07	11.62	2.19	2.71	8.52	1.84	4.57
3.54	7.93	10.11	37.37	41.21	18.26	24.05	2.55
24.87	22.43	12.45	27.15	82.13	116.65	64.53	93.73
7.27	26.34	52.71	2.51	25.22	58.07	19.33	10.31
17.57	9.14	5.77	10.19	9.88	13.64	6.67	4.53
1.66	1.56	5.5	2.25	2.31	1.98	1.43	6.48
60.54	47.36	8.09	38.26	41.88	245.87	35.57	233.9
4.85	33.25	7.4	6.84	23.69	22.83	51.84	3.86
12.77	7.33	9.97	10.21	3.89	14.33	2.8	1.99
9.06	4.34	1.99	2.03	4.2	3.07	4.27	19.09
125.42	20.84	13.8	2.31	96.5	18.15	7.59	24.11
161.3	257.28	20.32	7.53	57.26	84.6	80.92	72.16
90.46	86.47	35.27	85.09	203.39	24.16	69.57	34.54
2.24	7.1	27.61	110.54	26.67	64.86	26.63	16.44
18.81	5.43	3.94	4.95	2.22	7.98	9.49	56.44
9.97	2.69	1.24	7.71	4.22	1.81	4.58	5.33
66.15	22.96	30.44	19.48	45.03	17.48	69.03	46.12
26.47	13.44	50.44	59.37	9.91	13.01	25.14	9.58
21.75	54.5	35.23	49.19	20.36	42.21	82.32	17.39
65.55	21.08	33.69	53.09	17.18	101.35	112.76	26.18
3.42	3.88	12.62	17.28	4	13.57	7.67	2.67
381.91	74.64	18.16	8.92	13.68	17.68	64.99	47.4
1.88	4.19	2.68	3.57	4.33	12.23	6.61	2.78
138.06	65.11	26.33	51.28	31.52	8.99	107.73	33.2
9.08	85.23	36.76	22.87	26.87	15.97	13.04	13.88
23.87	54.57	11.59	8.94	41.9	50.93	14.23	7.97
20.8	5.28	18.08	95.59	7.94	9.11	52.14	1.24
4.49	9.79	12.7	12.27	7.77	20.63	12.84	6.39
10.78	4.15	8.38	14.39	12.81	25.82	11.05	16.55
33.1	5.11	7.17	36.6	20.71	6.77	54.08	22.66
9.17	3.34	1.22	1.64	7.81	2.99	5.37	7.81
31.15	39.48	22.02	11.92	3.62	140.13	180.29	32.07
7.24	16.19	14.63	23.13	83.38	32.77	54.17	7.3
9.57	14.88	37.42	12.48	22.58	44.1	18.06	6.66
106.39	89.76	44.38	1.18	2.32	43.31	65.55	122.21
18.73	4.41	2.05	8.63	2.06	5.01	11.73	7.61
55.03	104.15	58.74	53.22	93.67	70.89	176.36	57.6
6.65	1.04	4.99	6.65	1.04	1.12	7.78	3.27
11.1	2.49	23.99	14.16	11.32	52.19	38.44	11.22
24.36	21.69	12	18.64	38.92	37.25	5.68	14.18
104.12	18.01	131.83	73.81	79.28	2.96	62.82	15.21
5.4	2.47	1.6	3.73	13.57	1.22	15.2	1.96
64.97	69.39	17.16	5.97	44.13	24.68	139.89	25.86
2.62	8.91	10.62	5.91	3.33	1.45	8.14	5.16
72.88	20.88	9.51	9.75	7.28	56.36	10.41	23.87
49.5	12.66	31.65	45.99	10.79	13.77	14.21	20.66
15.11	5.15	1.13	2.42	3.59	1.18	5.81	4.2
31.02	29.19	16.84	16.16	10.55	8.14	23.72	7.26
6.23	71.1	92.81	2.51	202.59	25.33	120.35	31.57
25.31	16.84	86.85	26.64	150.88	4.13	147.46	143.22
165.98	40.65	30.61	4.07	41.15	29.3	30.69	51.68
13.45	5.31	33.27	5.89	46.97	14.55	23.39	16.55
3.16	1.18	25.44	18.36	9.69	7.32	4.96	45.49
66.33	3.75	104.75	11.21	3.68	58.26	73.87	12.25
27.12	129.52	159.38	41.91	134.67	451.08	5.59	73.91
4.57	6.38	9.73	14.42	2.38	1.1	5.5	15.97
2.19	1.61	2.52	7	6.35	4.89	3.81	5.25
1.85	2.4	3.96	5.72	2.72	10.28	3.91	9.25
14.21	15.85	105.18	13.05	38	75.93	13.54	23.27
32.4	13.55	41.12	9.21	8.34	1.18	23.56	20.39
15.48	3.53	51.79	8.88	18.97	134.71	35.97	96.98
12.22	65.77	13.93	40.87	120.87	82.63	34.65	221.44
2.04	1.5	10.72	15.63	13.32	1.55	1.58	1.88
60.72	29.73	22.24	39.14	24.28	5.44	87.49	13.13
10.4	41.48	22.86	19.56	23.69	39.66	13.98	20.25
4.43	4.08	1.28	5.46	16.09	25.49	12	1.61
13.89	21.48	33.48	14.85	19.87	10.03	3.24	10.36
27.4	4.83	11.75	6.76	24.91	9.04	5.16	12.79
24.07	27.66	29.52	30.8	58.86	5.93	10.65	11.52
19.41	32.47	70.2	17.15	12.93	183.47	12.19	20.12
8.48	23.9	29.41	51.26	89.73	11.73	22.15	13.86
21.64	43.46	39.14	67.95	62.48	39.56	17.72	13.4
57.36	17.59	58.18	42.91	4.79	15.52	25.96	27.12
4.03	5.11	3.51	5.54	1.61	5.81	11.28	12.16
4.31	5.82	8.03	1.83	13.57	2.86	11.34	1.12
5	1.93	14.87	9.88	1.02	2.12	2.77	11.55
9.81	22.55	12.47	7.44	34.42	39.76	12.63	17.8
5.86	8.32	68.77	1.68	6.53	47.68	5.28	34.52
55.38	4.87	1.83	4.53	23.31	10.81	20.33	38.14
18.92	18.31	5.84	7.37	2.68	6.65	20.29	20.22
54.5	42.33	78.81	24.13	34.8	4.15	164.53	36.77
41.69	27.74	4.48	31.34	6.25	14.51	25.93	2.82
2.43	2.15	7.68	3.54	2.96	34.39	2.05	11.42
9.4	16.74	7.66	11.04	13.41	6.62	5.62	18.77
3.54	19.38	9.34	6.26	71.32	14.69	1.82	9
43.79	33.26	19.37	41.51	4.71	28.65	10.74	17.26
16.75	17.96	16.08	6.75	14.5	76.53	9.35	14.74
18.77	13.69	23.22	15.93	3.11	39.88	17.48	8.67
16.05	8.83	2.64	2.23	10.31	26.22	25.66	18.86
205.98	404.81	32.32	197.18	98.26	55.4	129.21	68.1
5.34	1.42	1.76	5.87	5.36	5.03	1.88	5.09
2.58	7.72	1.84	29.59	2.76	6.01	1.52	28.14
20.67	7.48	99.28	13.91	26	5.13	15.79	39.65
125.51	3.54	52.22	15.26	12.41	65.5	6.59	11.32
2.45	9.93	8.45	78.9	37.15	10.23	27.52	21.22
5.39	2.42	1.74	10.16	5.08	1.35	5.64	4.08
42.82	6.21	7.34	4.77	48.83	29	36.29	17.4
9.51	76.29	9.53	23.24	52.29	27.78	52.74	29.85
8.34	1.08	2.19	5.46	1.21	1.11	3.78	8.2
2.6	15.89	7.35	12.68	27.95	26.34	3.05	4.86
17.47	12.53	32.31	9.35	25.06	32.72	47.88	114.88
5.98	4.12	11.97	2.98	1.28	6.28	4.07	13.7
2.2	36.61	21.47	27.34	1.64	11.42	14.07	24.21
1.35	1.01	1.19	2.11	1.82	1.11	4.63	1.86
11.96	56.19	12.83	36.54	29.79	29.22	10.66	3.95
32.7	2.53	24.02	51.29	37.38	23.11	34.72	7.53
13.15	8.38	51.07	27.05	7.94	33.21	15.68	21.28
15.23	15.12	12.63	40.8	55.7	25.98	72.72	23.27
14.35	6.32	6.8	13.32	19.3	24.05	11.91	6.29
9.77	3.93	8.44	1.02	2.99	5.97	3.99	2.06
9.77	27.9	11.89	15.11	67.9	13.9	21.65	15.35
22.62	92.16	34.16	112.75	69.45	65.72	4.65	122.3
3.78	7.04	16.73	10.27	8.47	4.74	50.79	5.81
15.84	8.08	31.37	6.34	32.42	12.05	28.44	13.27
2.29	2.77	4.24	3.63	7.53	12.36	12.43	10.47
25.56	17.31	2.29	28.87	15.49	19.37	4.29	2.27
4.31	9.52	16.14	3.85	2.87	1.16	1.78	1.27
6.35	5.15	4.89	3.32	3.67	2.56	7.61	2.13
7.16	14.57	2.19	5.4	3.34	4.54	2.5	7.5
1.53	9.14	1.4	11.61	19.71	7.43	2.11	13.29
3.69	13.49	3.35	2.25	12.52	71.34	42.67	37.69
4.66	114.35	227.05	35.25	60.11	45.87	8.66	149.36
2.28	8.46	1.3	3.71	2.97	1.14	1.19	1.47
16.74	11.58	9.97	1.85	6.48	11.06	12.37	1.35
204.45	140.35	237.21	51.44	68.14	106.03	109.82	253.06
2.89	8.07	1.84	1.19	25.74	4.67	4.1	2.48
15.27	6.27	1.37	11.37	1.58	2.46	4.41	1.86
23.53	32.24	22.23	18.03	5.38	44.79	20.21	34.12
7.35	32.37	25.58	16.49	1.18	6.92	62.36	14.9
10.27	2.31	10.07	18.95	22.71	1.09	19.69	7.05
28.74	19.26	6.55	42	14.72	17.46	29.4	14.97
7.58	14.82	20.45	3.65	16.43	9.52	12.56	9.53
7.09	4.06	2.34	1.4	2.48	3.69	8.3	2.73
33.92	12.64	31.92	20.16	2.31	55.16	4.12	28.95
227.4	364.98	98.19	57.45	60.87	80.22	122.4	28.44
2.27	8.47	4.63	6.52	4.84	9.57	4.98	21.72
25.81	3.81	1.47	26.76	19.86	12.44	2.26	1.3
33.2	41.77	11.65	7.08	103.93	56.36	13.61	59.97
41.85	42.78	13.13	28.16	7.56	22.85	9.33	71.53
11.47	7.79	12.34	9.41	7.06	12.83	7.28	3.05
14.59	3.71	29.26	38.86	12.53	22.5	40.21	15.93
4.08	98.76	47.01	3.54	10.32	113.99	83.18	40.52
8.09	35.93	37.49	37.21	16.98	20.78	2.94	59.32
1.32	1.05	1.79	1.44	2.49	1.73	1.43	1.34
23.05	5.89	7.54	3.71	8.34	14.91	8.75	5.67
40.19	11.06	18.04	20.06	20.6	66.9	2.08	45.23
25.64	28.15	65.76	45.73	4.6	21.58	22.38	9.19
24.33	66.39	32.92	6.25	64.95	99.34	122.5	23.02
24.64	36.98	35.49	36.76	9.27	39.2	72.79	7.43
174.75	181.82	20.63	15.61	38.83	10.04	49.21	141.34
25.84	5.81	6.14	48.89	3.33	57.99	1.31	8.66
3.31	1.23	8.4	2.17	1.55	5.39	7.24	3.54
5.98	3.25	3.75	10.64	1.93	8.85	6.5	9.28
4.21	12.65	2.62	3.43	2.97	2.36	9.82	1.66
4.32	1.86	3.69	3.44	7.47	1.59	4.53	1.73
29.7	12.83	3.16	14.56	9.52	16	25.37	8.96
53.07	179.08	112.44	50.4	44.84	41.12	29.15	63.34
52.93	154.69	27.59	158.47	201.52	114.08	8.16	59.43
20.83	63.93	30.9	69.08	27.61	161.67	19.32	82.57
3.54	8.15	37.13	22.44	4.19	10.84	13.69	4.62
44.16	20.09	6.02	3.35	20.32	19.5	9.1	7.77
47	48.46	27.42	160.02	86.05	29.34	70.27	35.76
4.13	1.63	2.81	7.08	5.09	1.38	2.61	1.78
79.05	32.17	28.74	14.61	2.1	22.15	29.38	22.97
18.16	31.79	16.62	40.18	62.16	79.8	15.86	4.24
8.25	15.34	77.33	11.86	7.62	8.02	20.05	16.99
2.37	12.47	1.95	1.97	1.37	2.46	1.39	4.2
83.05	24.72	138.43	132.68	122.8	40.04	18.11	11.9
1.8	8.18	2.69	31.43	9.15	30.86	6.77	5
142.27	81.79	11.92	14	73.71	64.96	93.94	18.92
16.49	156.13	31.64	31.63	77.91	13.96	7.89	19.12
130.85	26.1	11.94	8.33	90.18	7.07	50.72	30.25
14.35	77.08	17.7	10.23	6.35	2.75	9.32	13.56
5.09	4.69	18.44	14.43	8.81	19.19	17.73	10.83
5.51	28.19	23.66	21.45	54.55	16.97	43.36	1.83
78.93	28.5	177.24	94.29	4.54	48.68	76.91	5.6
39.69	16.64	8.26	41.24	15.27	21.9	6.95	23.28
53.03	14.49	23.26	3.65	10.42	41.32	80.39	59.71
5.59	24.27	65.44	190.33	9.75	44.66	53.56	10.7
13.48	16.51	18.73	129.09	44.36	88.21	131.5	41.53
97.26	197	19.12	208.53	55.04	43.4	90.9	119.61
16.69	2.75	1.82	21.72	1.71	2.45	21.16	5.75
25.7	4	4.63	9.63	6.23	4	9.68	5.1
105.01	81.55	79.37	160.27	49.02	179.52	37.34	65.44
6.29	4.43	19.39	15.91	4.87	16.45	9.05	8.64
4.85	31.39	17.74	15.53	17.09	49.64	13.76	10.02
12.04	12.14	1.62	7.74	7.59	7.24	10.63	3.12
28.23	22.31	7.73	1.7	21.76	23.66	4.31	3.8
147.81	99.95	82.07	59.97	152.52	74.95	80.37	43.51
11.29	19.71	36.01	21.55	6	12.52	34.72	17.26
53.02	30.84	24.37	16.35	64.01	10.01	21.76	31.28
177.08	90.86	28.92	51.78	286.35	66.23	200.08	130.62
14.17	10.7	5.14	12.37	10.14	1.85	1.96	6.28
77.33	13.45	91.74	147.71	79.59	95.33	122.02	47.22
15.22	31	9.7	22.68	29.36	17.62	20.38	5.03
11.4	1.35	6.36	1.19	14.52	6.35	2.12	6.07
12.91	22.03	16.01	1.5	39.33	9.97	12.6	5.44
2.37	1.1	7.43	1.3	2.19	6.22	2.38	2.01
55.31	77.23	1.47	5.82	5.89	18.65	23.19	6.93
3.56	13.87	11.77	3.03	2.65	6.55	2.82	5.29
23.89	1.27	18.04	31.89	6.4	20.64	17.51	4.76
1.85	54.01	34.45	99.69	239.49	114.88	6.93	113.65
27.74	14.34	27.84	14.26	14.23	86.17	15.31	10.09
10.31	4.69	4.85	17.4	17.92	6.57	31.87	21.74
2.32	16.12	54.76	7.27	12.27	15.16	50.54	15.07
1.81	10.1	16.72	43.34	39.73	43.07	26.67	19.27
35.84	4.75	77.3	75.51	41.93	24.35	31.76	7.93
10.34	2.69	2.7	15.64	5.52	4.4	1.76	1.53
28.9	26.57	2.89	71.43	177.85	17.49	54.09	52.63
54.88	10.35	23.81	6.92	7.56	1.23	20.01	13.82
6.79	9.77	20.58	4.65	11.57	15.29	3.62	5.61
11.62	24.49	32.94	4.89	30.71	25.72	21.52	3.14
2.89	13.15	30.14	6.72	15.56	36.58	4.1	34.87
7.45	22.09	10.03	110.63	62.05	66.57	62.48	81.19
24.39	49.34	37.17	32.49	58.33	99.58	21.5	20.48
22.86	11.54	6.05	4.16	5.21	30.81	24.95	14.04
3.54	2	1.56	1.01	3.98	1.66	1.51	5.52
8.81	19.11	2.06	6.85	2.16	5.88	16.57	8.26
37.89	251.17	50.55	64.24	48.69	181.54	12.28	37.81
9.81	11.28	20.59	48.26	12.38	21.81	8.86	6.9
2.05	3.46	5.79	2.44	10.32	8.27	3.83	1.53
54.11	85.22	8.23	19.22	91.89	82.21	105.15	63.79
14.37	1.03	8.62	71.88	7.33	12.91	19.31	10.89
3.07	8.37	10.25	7.15	2.42	3.35	15.16	3.85
5.45	13.7	9.92	16.39	2.31	7.92	8.39	8.85
80.61	53.05	24.62	37.35	12.96	56.91	136.62	25.39
9.26	3.47	46.96	43.89	1.08	17.18	44.15	6.92
2.57	2.58	1.78	5.63	9.1	2.34	11.22	9.37
26.05	22.62	5.84	51.5	5.42	2.05	12.02	24.13
3.21	5.75	7.89	5.47	2.89	11.38	1.15	2.24
6.22	4.82	6.78	3.23	6.89	7.91	4.68	5.39
73.29	52.13	60.14	19.31	24.93	109.25	152.39	136.45
84.26	27.77	119.55	84.15	167.98	39.31	177.63	14.94
12.41	2.39	2.95	5.76	1.4	7.89	8.93	3.15
14.84	18.41	8.84	14.52	1.34	9.11	6.8	24.54
17.33	4.28	9.18	10.88	19.56	31.68	4.52	8.64
1.68	7.9	1.96	4.43	4.56	13.14	10.17	1.44
5.54	8.38	2.69	3.46	14.6	5.21	7.98	3.04
15.01	4.15	27.57	38.99	16.02	7.92	15.36	2.16
6.67	10.09	12.51	54.51	82.67	49.6	96.72	54.49
30.79	6.52	117.2	36.57	37.2	25.33	156.82	11.36
10.95	56.19	29.48	270.34	12.88	69.69	33.22	24.76
2.98	2.25	26.69	1.76	10.38	1.27	13.34	7.75
42.62	54.34	4.98	35.02	40.58	35.99	40.76	44.03
9.82	1.59	3.54	1.51	12.73	3.83	24.18	3.84
4.04	39.17	36.41	55.7	76.14	10.66	114.46	68.93
168.16	23.37	41.01	169.79	4.6	63.09	126.84	32.51
37.1	34.85	44.91	66.42	25.4	48.93	10.04	2.71
37.56	44.55	11.47	1.8	6.06	56.79	8.76	33.68
10.73	8.78	20.43	12.66	16.42	40.58	8.99	43.79
64.67	83.58	65.41	63.65	4.7	70.56	1.26	26.11
13.34	24.21	48.04	5.28	30.67	25.33	15.19	44.43
8.69	2.64	2.58	8.23	6.28	25.36	11.87	7.77
1.12	3.03	1.7	2.56	1.77	5.36	1.96	6.28
175.39	69.61	94.71	45.31	58.86	71.35	6.15	34.85
1.89	6.01	23.66	11.05	10.8	12.01	3.1	18.97
29.21	3.29	5.99	48.9	20.74	6.1	43.47	5.67
66.69	7.9	80.66	24.26	8.16	120.86	36.4	92.68
37.07	3.43	4.14	2.08	19.22	1.39	12.27	14.34
1.35	2.18	2.28	1.6	1.73	2.37	3.53	4.78
9.21	37.82	1.04	7.34	9.32	4.26	15.51	4.96
146.74	24.37	20.97	232.87	117.34	44.34	193.44	45.81
6.79	22.49	11.37	4.81	11.27	8.83	34.82	28.98
6.87	26.03	10.77	2.53	26.83	1.57	3.5	3.03
43.88	1.31	15.5	32.16	22.62	11.19	9.1	7.8
41.43	82.18	22.94	41.79	20.79	72.63	91.94	19.66
6.34	36.48	15.68	17.55	80.01	66.12	2.68	26.46
43.42	21.41	51.24	32.76	152.21	21.17	5.93	74.55
4.24	8.11	3.9	1.17	16.16	3.83	8.16	19.42
6.91	5.51	1.79	12.26	17.86	11.78	33.75	4.84
10.84	6.66	11.04	33.51	72.96	2.29	21.72	55.59
7.92	210.63	60.59	260.86	56.76	14.12	5.28	375.18
1.83	4.88	81.46	11.05	6.48	6.78	22.23	28.2
1.88	8.41	31.66	4.68	3.66	2.31	17.41	8.58
22.16	8.79	73.32	10.28	59.49	6.72	20.21	20.02
8.32	2.69	4.93	5.76	25.29	4.96	3.7	62.38
180.37	37.8	114.18	30.53	25.28	6.99	8.74	96.24
2.11	12.09	3.25	13.83	4.4	2.89	2.22	1.45
1.45	5.22	5.48	1.37	3.63	3.87	3.56	3.88
10.53	52.54	36.86	78.18	60.82	43.97	5.46	88.36
12.74	14.65	7.5	7.16	15.91	1.69	7.65	2.96
20.1	7.79	20.26	1.24	2.65	16.35	39.53	23.21
116.1	43.35	6	10.95	16.96	27.09	11.86	50.52
22.59	4.04	29.57	59.16	64.55	6.76	66.32	4.89
42.34	5.26	11.42	8.77	31.01	4.31	5.17	18.45
138.23	21.17	33.45	61.3	16.75	38.43	54.18	77.57
6.35	9.08	3.42	5.83	17.92	5.73	2.79	12.17
4.92	7.3	37.38	11.75	49.56	34.36	17.64	35.6
109.11	83.74	58.67	98.48	29.87	110.45	18.94	22.94
74.93	9.26	7.14	21.83	84.62	47.87	10.52	25.73
21.98	11.28	22.25	58.1	39.24	21.7	1.74	29.6
51.06	15.03	7.51	8.95	21.09	24.86	25.29	20.23
22.19	157.65	95.47	26.26	35.52	107.51	100.15	26.74
47.44	54.83	5.26	61.02	20.02	23.52	11.11	5.69
40.36	25.53	39.82	48.8	29.78	23.08	63.09	11.86
34.75	12.97	11.25	1.44	18.89	8.59	7.31	50.31
11.51	3.27	8.67	39.83	28.95	20.92	9.08	4.22
39.44	104.48	126.11	6.73	81.51	253.34	135.76	127.24
5.45	56.34	53.19	34.19	15.46	37.07	7.75	37.47
8.11	3.37	2.22	6.74	8.53	1.14	5.5	4.52
74.38	88.98	48.69	38.54	22.83	10.95	15.12	33.52
3.3	16.89	32.98	24.53	41.86	7.07	21.68	2.28
37.88	68.43	48.19	12.13	22.67	81.96	47.89	12.5
108.49	217.9	47.49	59.06	90.76	90.13	209.85	78.93
12.01	2.71	30.89	9.53	5.86	1.06	6.59	2.83
8.03	1.16	20.99	14.69	10.78	19.61	30.98	7.28
185.11	60.87	18.72	45.2	50.76	120.11	1.9	14.35
6.61	22.22	12.47	6.44	19.57	9.74	9.02	4.24
86.42	72.96	24.71	8.2	46	29.77	22.47	19.27
23.39	45.2	10.13	4	18.43	29.15	12.96	14.98
9.78	8.21	24.05	12.48	6.74	14.92	108.88	5.13
44.21	37.27	114.42	8.22	39.63	30.02	22.48	62.88
36.56	1.45	34.46	52.39	44.84	18.67	20.05	3.69
7.7	4.16	1.17	3.1	2.83	15.14	2.2	5.03
22.25	49.22	90.18	61.59	46.09	32.87	76.28	27.68
55.54	76.83	1.17	77.6	14.43	30.61	48.25	10.19
58.94	86.21	12.24	165.94	154.81	40.74	118.49	50.81
134.14	35.52	71.35	82.02	94.2	64.57	6.04	65.44
6.55	8.26	25.7	5.53	81.31	69.95	125.69	17.81
1.83	28.73	3.59	1.43	75.7	16.24	61.42	10.46
21.07	11.58	34.23	63.48	22.21	12.07	39.16	46.31
38.2	110.7	51.12	23.35	31.64	111.33	62.01	4.57
3.06	4.39	5.25	3.71	3.5	1.25	9.41	9.82
15.15	66.15	1.79	4.75	43.83	14.88	37.11	49.72
67.93	54.19	15.24	27.23	83.5	6.56	70.08	44.4
80.06	13.06	56.3	57.11	54.8	35.21	25.69	3.95
44.08	34.06	25.52	55.98	38.02	98.72	49.64	7.03
7.34	1.96	12.02	11.3	29.59	26.33	4.11	10.91
26.28	5.21	33.62	65.28	21.31	12.4	46.15	11.77
36.82	32.41	23.44	31.98	14	56.4	67.22	39.92
78.49	70.75	19.86	256.75	110.41	88.46	108.42	22.1
43.77	12.79	62.33	17.3	43.31	55.02	24.16	27.45
25.52	62.87	44.93	81.55	62.96	21.09	18.84	91.36
42.85	4.08	3.33	49.97	32.91	45.6	22.31	34.58
2.62	17.57	13.76	3.22	11.92	27.58	1.01	5.55
45.2	8.71	10.96	20.08	87.84	14.77	72.1	82.86
2.75	1.15	2.93	1.13	1.79	1.51	2.61	1.34
14.96	24.73	66.92	113.06	44.14	54.86	37.19	16.75
3.97	6.91	2.88	3.11	14.48	41.83	8.1	7.64
32.48	7.47	150.92	1.99	12.45	15.36	40.7	83.86
25.61	17.05	21.33	23.62	2.61	35.82	56.05	9.55
185.67	11.53	12.63	58.25	12.25	50.86	45.87	21.54
12.25	12.35	4.69	9.73	1.59	12.86	4.06	3.36
108.83	12.64	12.59	17.49	74.07	21.66	46.67	83.51
30.65	46.34	13.07	81.99	41.17	9.73	8.08	82
26.27	3.15	26.13	9.18	22.79	12.33	12.63	56.34
16.63	189.44	13.37	8.19	6.2	33.47	82.09	200.92
37.94	36.54	61.9	227.74	22.78	28.26	7.3	136.12
39.27	180.03	101.42	15.74	269.81	41.81	24.57	117.77
43.01	9.04	37.3	5.41	23.11	9.44	6.26	30.01
96.97	17.91	17.98	37.74	32.86	32.71	29.1	17.37
37.2	1.76	15.03	34.07	75.01	82.52	74.25	25.18
21.68	79.29	66.14	57.86	16.97	98.83	74.37	55.28
14.76	16.63	110.11	112.44	25.92	70.28	21.5	7.28
13.18	1.37	49.45	58.64	4.85	65.11	8.12	70.7
17.84	2.25	27.24	67.85	30.33	16.45	45.57	31.08
8.9	1.77	1.09	1.45	4.69	2.57	7.68	2.77
80.97	25.99	7.39	4.89	20.77	27.06	5.16	44.56
50.82	15.8	15.97	25.53	32.26	49.98	15.73	10.31
41.33	29.91	118.92	27.59	21.67	120.58	17.97	142.24
24.97	27.43	25.1	44.26	45.99	6.31	23.76	61.41
14.74	19.24	49.76	39.87	7	8.25	18.74	8.55
1.13	9.78	3.13	7.4	11.63	3.08	28.05	14.15
4.64	2.71	2.59	3.64	2.07	1.91	2.3	1.97
12.45	8.35	1.35	43.16	7.45	6.45	12.42	13.75
60.23	13.4	25.05	61.99	2.82	36.22	43.12	33.17
28.58	53.66	34.76	19.64	11.4	26.8	14.87	21.12
22.89	3.35	16.73	14.93	11.36	51.1	30.64	6.61
57.49	76.73	23.4	3.44	14.16	26.55	1.68	14.08
187.64	76.6	17.03	157.46	22.82	112.43	23.44	59.04
2.23	5.18	1.2	2.77	7.04	2.27	2.98	6.2
6.81	71.97	27.53	21.86	14.88	50.04	43.81	10.28
7.48	93.94	12.79	29.14	81.1	4.58	88.38	11.57
18.83	19.64	93.69	18.28	8.38	59.54	19.01	25.17
30.24	119.1	117.09	17.75	1.96	121.87	24.32	140.55
6.47	53.26	12.34	24.07	3.05	38.83	14.08	115.49
8.88	42.07	4.92	3.96	15.29	11.15	14.29	5.83
5.63	1.12	1.2	12.05	3.53	3.91	1.65	2.47
4.79	43.38	14.72	7.68	19.32	7.97	7.95	52.84
6.26	49.4	113.21	127.68	58.6	40.88	29.15	74.24
10.9	3.83	8.44	26.18	29.69	12.24	7.18	39.74
11.62	25.8	52.66	38.55	21.92	8.24	75.3	5.6
52.96	13.77	98.03	46.6	53.17	48.89	3.79	163.38
14.38	44.96	6.2	5.24	8.59	10.68	19.31	1.75
31.27	5.34	17.31	5.31	16.68	4.85	10.01	11.68
65.17	22.18	5.93	12.27	23.96	18.54	27.33	53.81
2.2	5.81	26.15	3.84	7.63	3.28	16.03	5.21
35.17	28.94	50.69	18.44	13.27	17.96	1.82	21.57
23.33	69.52	12.62	8.09	1.19	16.2	6.81	19.35
55.14	94.38	6.37	49.24	102	66.43	6.85	42.11
1.38	32.72	23.55	14.38	6.65	6.75	17.14	4.68
1.06	1.28	1.01	1.6	1.75	3.2	2.12	1.25
21.63	87.73	16.36	99.14	35.32	326.19	318.82	61.24
20.66	34.15	74.31	8.94	23.98	14.91	80.19	18.82
19.1	4.52	17.96	3.4	14.1	51.56	10.33	6.19
14.69	38.74	6.1	24.12	9.34	18.42	6.32	20.96
225.15	109	220.11	127.32	74.66	63.49	175.27	97.21
3.11	6.66	9.48	8.72	7.92	5.61	2.15	10.63
14.03	6.95	48.24	31.46	36.72	3.4	34.99	4.15
5.51	1.61	3.86	14.52	104.97	202.98	263.43	293.06
133.72	17.88	47.02	47.01	3.6	27.81	27.5	25.62
19.07	68.97	24.46	6.33	17.37	70.81	8.67	6.1
1.35	4.64	1.31	2.26	3.64	1.19	1.46	1.76
10.72	3.18	13.51	9.71	19.08	22.96	7.66	38.89
82.57	17.36	36.12	20.72	76.12	188.22	250.39	37.01
9.05	7.06	4.67	1.83	20.32	7.04	31.71	20.5
1.92	40.48	24.72	11.52	14.75	68.65	9.97	7.66
2.3	1.97	3.94	1.29	1.02	4.33	4.43	2.57
11.49	19.92	10.35	85.95	18.68	22.62	17.23	8.72
19.97	10.72	23.67	3.74	5.66	17.6	15.47	13.98
12.26	86.73	76.8	12.77	13.16	57.5	109.08	105.37
6.4	10.87	49.53	15.16	63.71	27	73.5	42.33
119.97	14.49	139.56	203.85	132.11	109.66	279.4	207.71
4.5	64.57	17.09	133.33	5.19	20.03	75.54	34.07
11.32	27.22	9.3	2.9	1.84	6.22	3.05	6.77
35.83	9.69	24.5	165.98	76.78	22.99	36.08	36.28
1.66	4.7	8.94	9.68	11.45	7.86	1.66	12.34
16.46	50.76	28.74	33.73	10.96	14.9	115.81	3.94
7.54	31.29	19.42	9.71	23.16	1.24	2.22	21.39
8.87	3.2	5.24	14.3	1.26	9.28	6.49	12.13
12.35	14.13	12.51	2.39	13.43	32.66	1.82	43.48
8.45	12.57	2.84	4.33	22.59	3.51	6.62	9.35
2.3	17.43	39.11	11.25	24.58	29.47	7.82	32.08
9.88	2.01	5.43	10.54	3.15	1.7	30.12	16.37
110.55	35.75	5.29	75.51	27.01	56.57	1.56	14.03
1.02	4.5	2.45	2.74	1.71	4.11	2.13	1.53
18.44	7.16	6.4	22.91	18.58	7.08	12.69	4.26
6.87	37.09	41.35	73.5	17.05	18.71	22.75	30.4
122	50	77.95	48.88	126.55	9.76	74.02	102.13
1.46	2.56	3.59	1.02	1.1	6.06	1.67	3.01
6.16	125.93	29.36	11.1	24.69	17.29	65.35	72.46
24.53	2.54	16.89	17.38	3.34	24.53	4.98	17.74
14.66	4.76	23.91	36.12	33.08	24.98	105.76	8.32
88.56	80.74	208.34	105.67	99.29	6.94	281.07	40.74
92.36	14.14	78.46	96.74	115.18	82.53	72.21	121.85
33.87	6.67	67.88	58.37	44.55	66.83	18.3	9.67
32.83	41.43	5.02	39.66	66.38	12.46	32.37	57.69
10.15	36.12	9	13.69	17.17	14.59	1.55	18.25
5.61	6.7	4.74	15.48	8.5	4.62	2.17	37.22
74.69	17.28	43.44	47.97	14.81	26.32	82.22	8.82
36.38	32.89	8.72	6.44	34.09	17.98	35.21	46.38
34.51	17.6	76.18	48.69	63.22	80.43	29.91	29.34
2.35	25.32	39.22	31.01	20.55	5.85	67.55	4.48
45.19	16.28	9.46	3.62	17.63	37.7	33.55	38.33
54.07	15.92	2.27	4.72	2.23	59.76	21.86	29.66
132.57	219.82	28.3	12.7	52.93	2.45	139.7	37.7
8.44	44.55	1.87	104.37	10.58	51.18	71.01	35.51
39.52	1.98	29.67	11.01	31.28	8.87	42.88	8.58
17.98	4.51	3.76	11.57	5.22	4.67	17.99	9.87
11.55	5.14	19.26	8.43	10.21	39.71	51.07	53.2
4.12	3.59	2.48	66.53	28.41	17.55	18.62	17.61
10.76	4.15	2.21	3.13	2.34	6.42	2.74	23.05
3.69	4.38	16.47	1.22	2.7	7.19	5.48	8.1
11.89	25.41	21.62	5.26	11.99	121.85	24.37	27.21
42.25	26.82	45.82	98.29	38.27	29.53	88.95	124.91
14.33	3.2	14.4	16.01	2.66	3.36	2.81	1.26
15.09	53.81	113.45	306.16	142.01	18.79	78.04	184.36
56.56	30.09	9.26	5.9	20.94	7.47	3.07	12.3
8.82	37.63	5.74	9.74	5.35	22.52	20	2.59
21.37	10.9	106.04	42.38	41.5	61.79	36.62	61.59
175.92	37.1	29.45	15.73	15.24	92.03	154.64	312.49
11.77	43.34	32.17	32.76	27.73	8.94	44.08	6.74
41.28	17.7	28.28	6.08	42.87	25.49	2.44	31.39
31.41	48.14	20.38	22.6	2.34	26.96	34.43	10.07
36.86	18.64	9.27	42.43	18.2	111.27	90.26	8.32
17.53	31.17	16.6	5.89	24.64	58.06	132	12.38
32.05	70.34	43.45	33.61	47.27	30.43	6.32	54.54
27.42	26.3	47.08	148.15	7.57	114.96	94.3	51.17
7.32	7.76	21.61	32.81	20.89	18.72	22.11	33.86
4.74	7.36	7.56	21.34	18.2	26.23	3.73	2.68
29.62	15.88	37.98	58.75	98.46	273.44	27.19	9.82
8.03	3.05	4.01	6.85	1.49	2.72	3.06	1.25
23.52	9.31	30.07	30.58	7.76	17.08	22.03	18.21
16.17	4.86	9.76	16.94	2.78	17.74	20.84	16.59
8.36	5.9	1.73	7.64	7.04	5	5.59	2.43
2.71	1.41	2.7	5.22	4.47	10.72	3.45	1.91
8.9	6.82	11.06	10.64	2.54	11.71	2.56	1.89
4.59	14.43	2.76	10.26	16.22	8.03	2.77	23.52
5.28	1.13	2.02	11.54	21.03	4.54	5.25	7.28
16.61	5.84	8.23	3.62	5.04	5.24	1.6	1.7
9.67	15.16	13.83	15.6	2.29	8.65	8.47	8.2
90.87	47.67	22.58	25.36	49.07	22.1	15.52	14.17
6.86	8.84	8.1	6.05	2.76	6.73	31.25	6.85
34.85	2.81	5.75	7.03	3.14	6	7.29	1.25
22.44	57.8	210.66	25.24	225.57	243.02	14.33	83.22
9.1	33.05	8.27	1.42	2.16	6.41	12.62	8.55
34.11	30.61	14.38	40.85	15.91	8.81	71.5	57.17
85.89	30	11.23	14.83	74.35	34.89	13.62	94.09
11.42	11.5	2.03	4.28	30.89	8.33	15.04	9.16
28.21	25.51	5.76	4.3	8.96	41.28	9.79	26.04
1.2	3.11	5.55	1.6	3.25	3.17	1.6	1.2
10.59	5.07	49.66	93.99	27.52	53.47	36.39	58.48
5.15	4.51	2.2	10.18	16.99	3.01	3.08	6.46
8.22	83.39	4	11.06	96.51	59.84	34.52	122.28
22.15	8.01	114.8	13.78	122.76	1.22	21.29	10.91
7.77	3.7	1.49	8.5	6.7	2.64	1.67	6.97
4.76	8.41	3.8	18.55	2.75	5.39	14.32	8.51
16.97	1.39	7.99	2.71	1.4	6.96	33.78	1.07
4.87	10.5	9.27	18.71	1.26	4.58	2.66	3.51
3.52	5.8	4.49	4.45	10.31	12.37	2.61	28.25
78.14	133.95	100.99	29.16	37.62	109.43	246.45	186.04
31.97	97.29	12.73	2.74	22.77	17.77	5.95	28.94
2.56	10.8	5.35	7.04	5.72	9.66	6.95	1.91
6.5	15.4	11.5	55.31	21.06	16.04	20.08	8.97
3.35	4.61	4.96	13.12	4.03	11.34	4.53	2.5
110.86	48.95	40.7	61.37	23.07	19.7	13.57	82.78
21.27	3.68	1.28	1.59	17.55	18.45	2.36	14.45
104.29	65.94	59.94	44.56	68.85	35.44	215.65	55.92
8.26	22.86	8.74	12.76	1.58	7.35	32.47	6.89
16.55	51.61	3.71	5.28	3.95	2.69	3.23	4.42
69.26	35.57	13.67	49.79	11.14	5.34	2.38	9.08
31.58	78.99	9.38	20.38	1.75	36.41	16.76	4.58
13.56	70.93	22.69	3.63	30.8	39.26	1.86	1.7
37.05	8.54	110.21	252.29	86.98	14.84	60.49	184.33
21.36	3.51	14.28	1.85	51.48	3.93	26.13	27.56
10.97	13.19	15.03	15.44	10.02	32.5	17.48	26.84
3.34	41	5.48	37.63	15.21	37.2	10.35	26.82
8.94	36.62	51.7	17.24	14.71	31.39	107.23	70.5
12.49	4.54	1.44	2.55	32.03	20.18	11.93	7.13
36.19	79.58	104.51	44.85	13.78	3.56	9.59	47.48
155.48	34.61	9.78	12.05	34.66	43.02	95.24	47.33
8.39	24.58	27.75	25.96	4.01	10.07	25.78	58.96
45.54	20.25	17.43	33.33	122.68	27.3	87.91	140.47
64.06	201.39	79.03	30.02	16.83	30.12	26.68	13.48
6.77	2.15	1.04	2.66	1.91	3.22	4.94	3.4
67.55	8.3	26.83	24.96	15.93	27.4	12.93	7.39
8.08	40.59	43.47	175.15	35.39	15.46	14.38	57.8
24.08	15.37	38.65	12.19	7.17	4.07	81.48	47.99
12.64	72	24.88	43.27	46.43	4.96	2.82	12.49
36.29	9.39	4.95	24.57	13.91	9.92	4.66	4.47
71.71	131.39	33.78	28.53	46.85	15.94	6	37
5.63	5.15	35.85	1.49	36.73	12.16	8.2	11.61
48.04	1.04	6.7	13.51	2.33	5.74	21	8.02
5.9	5.77	12.81	1.75	7.11	9.46	15.99	9.29
5.3	2.86	9.98	4.02	3.25	8.42	9.07	4.57
6.77	4.26	17.59	48.71	7.68	30.11	9.92	5.38
3.9	31.26	56.2	51.93	14.59	2.54	27.73	25.41
7.97	8.29	13.88	9.46	2.61	3.85	1.31	9.46
9.08	25.03	14.05	17.53	16.16	18.49	19.13	15.67
3.09	5.01	3.48	3.01	3.13	5.17	2.11	3.5
138.17	69.79	49.5	61.57	6.87	37.65	14.58	63.81
5.92	11.19	13.65	5.24	3.59	2.13	1.83	42.36
59.94	32.28	9.68	66.5	61.09	25.94	28.58	11.83
1.43	1.01	13.36	19.29	3.82	22.05	33.46	2.83
27.88	28.43	255.49	88.74	114.69	76.14	129.76	73.04
2.7	2.22	1.36	1.57	2.51	1.31	4.69	2.69
10.99	2.33	2.16	2.07	7.93	3.77	11.52	17.62
2.96	4.14	1.3	2.09	2.52	3.05	17.13	1.52
17.38	24.37	15.41	5.39	5.38	13.11	7.77	28.35
41.06	42.4	6.33	71.38	153.33	2.71	22.99	10.96
4.94	5.17	3.23	6.23	2.74	2.6	3.66	5.07
6.28	11.69	6.46	13.92	3.29	7.09	46.89	38.85
166.76	43.78	30.35	7.99	7.68	46.47	18.07	121.48
16.64	22.34	44.35	5.26	6.2	13.48	10.21	27.59
58.11	26.68	5.3	78.97	24.97	74.1	10.39	24.22
4.6	3.05	1.05	1.43	1.07	6.91	2.68	2.1
2.66	35.44	6.97	58.05	39.44	25.3	60.86	7.62
33.88	21.41	17.88	7.95	9.04	42.8	8.06	12.02
16.25	11.44	11	5.1	5.24	8.49	5.89	6.12
2.96	3.02	1.9	2.09	2.99	5.4	2.91	7.99
3.78	63	6.45	4.13	95.15	3.83	11.71	20.52
13.96	12.37	10.44	27.77	4.69	4.16	3.14	6.58
25.91	28.36	11.97	32.07	2.35	15.94	17.03	1.72
16.97	5.66	6.8	5.49	3.64	4.99	45.24	26.34
10.08	29.04	30.83	36.29	29.55	45.15	10.58	28.96
2.4	12.47	17.99	16.56	120.35	12.05	17.68	35.56
8.98	12.49	12.62	2.66	10.05	4.29	11.92	1.1
12.68	129.04	69.79	154.63	162.81	18.5	50.68	53.22
6.31	6.13	12.5	1.86	2.26	18.1	36.36	5.03
26.43	20.83	24.37	40.29	40.83	187.55	80.09	33.12
16.18	2.21	1.17	2.34	2.04	13.67	1.05	9.31
82.14	9.41	19.85	108.85	8.77	13.38	53.1	29.78
3.89	6.4	29.32	11.35	2.63	3.01	4.42	6.39
9.46	10.78	10.52	3.27	2.22	2.21	13.93	8.98
7.72	11.91	7.03	20.98	8.96	2.98	12.92	3.34
24.25	58.12	26.61	124.73	21.77	29.84	34.67	67.38
11.06	25.83	2.21	7.16	4.26	8.34	6.67	1.94
14.93	34.34	10.95	3.91	120.44	23.04	22.87	22.36
15.72	6.77	28.37	73.01	29.44	8.54	6.17	105.46
22.16	64.85	6.53	16.27	42.76	7.9	67.24	58.8
10.08	9.78	17.73	15.46	3.68	28.01	23.42	33.32
5.37	2.2	1.64	1.22	4.96	1.51	1.01	1.49
203.44	45.5	108.38	19.35	33.14	164.35	107.38	36.08
25.35	3.46	39.3	13.63	18.13	41.76	11.12	7.26
16.38	40.13	53.66	4.72	22.38	16.83	37.9	12.06
11.01	11.24	1.79	8.15	7.42	18.63	2.44	15.05
16.06	17.05	25.05	4.67	35.02	23.51	28.58	9.41
23.04	27.03	20.29	30.93	2.23	4.64	57.45	16.21
3.87	4.49	1.99	7.02	1.97	9.04	1.62	5.06
35.11	1.08	24.43	5.63	34.92	104.12	61.65	57.9
1.42	20.46	68.36	5.23	13.89	30	17.77	21.22
41.54	26.6	32.22	24.22	63.73	11.28	7.64	52.95
31.69	36.89	34.76	58.41	92.2	150.65	17.03	70.37
3.24	4.05	1.8	11.68	1.89	3.35	2.17	9.51
5.35	14.3	1.86	5.48	20.02	6.59	11.8	10.38
4.53	43.34	18.06	34.37	9.22	9.44	14.02	37.15
5.54	11.48	12.26	7.35	5.16	3.68	16.41	5.83
51.48	3.81	48.57	17.15	29.98	30.45	17.42	10.85
7.29	50.29	23.02	22.63	8.57	19.65	61.7	14.52
18.32	44.03	26.03	23.6	8.24	16.04	67.4	12.23
6.77	3.07	15.17	5.78	4.19	6.4	5.49	15.47
36.64	24.67	31.03	31.59	77.42	17.3	3.48	23.02
26.72	24.44	27.28	7.59	34.18	70.29	3.84	22.85
3.2	24.05	4.93	2.88	2.46	24.11	26.3	8.27
16.67	14.14	15.82	7.93	10.79	9.62	9.04	64.01
12.67	2.57	12.66	5.97	1.18	5.4	11.03	8.94
11.11	3.91	5.03	14.22	5.49	7.62	4.3	4.77
28.72	84.56	42.36	98	6.47	112.58	68.56	101.18
4.92	6.35	29.6	27.05	15.17	1.17	30.64	4.51
41.65	81.12	10.16	2.15	26.94	5.81	18.31	65.76
94.47	20.49	57.13	96.24	7.11	2.1	43.79	20.16
3.55	4.43	28.8	3.68	5.84	6.96	5.51	55.98
16.05	16.76	8.32	17.91	27.56	46.48	39.87	21.61
9.37	2.83	10.31	36.84	5.48	1.59	4.14	4.9
67.76	3.7	5.08	113.98	31.95	23.36	71.23	38.45
35.88	31.34	149.59	48.65	23.3	39.25	8.24	14.38
21.12	10.2	13.19	14.2	14.48	2	1.22	44.92
5.82	1.26	2.13	16.51	4.82	2.1	7.24	2.5
6.5	3.96	50.01	5.05	4.81	5.48	83.62	18.81
3.02	7.02	1.39	6.14	21.77	11.37	3.36	2.58
9.37	63.13	5.38	3.36	1.12	29.56	34.74	2.7
46.84	20.37	18.18	32.85	14.23	23.83	14.82	5.02
14.8	9.61	8.35	56.8	11.52	52.22	5.08	29.46
83.97	101.99	94.45	142.71	44.75	19.92	18.01	62.64
165.72	149.17	11.74	32.23	69.09	6.95	12.75	95.12
2.82	9.26	1.7	15.59	3.5	12.47	16.57	21.57
4.64	14.9	4.78	5.53	12.6	11.42	6.94	3.43
36.02	9.46	47.11	19.69	10.75	119.8	3.17	45.7
29.38	22.78	65.68	7.15	14.53	16.68	75.39	24.18
63.36	7.04	20.88	1.65	23.57	31.42	6.22	5.4
13.63	25	19.61	3.77	14.49	68.36	28.19	25.24
2.61	6.57	1.82	2.99	2.89	1.32	1.8	4.68
12.43	5.94	11.22	7.67	28.57	19.98	9.59	29.75
158.95	1.02	29.47	8.8	24.78	27.36	48.95	9.38
21.39	85.11	6.71	41.59	74.86	38.55	26.74	33.34
46.48	108.89	12.78	7.9	20.31	31.33	64.42	12.08
1.81	127.93	2.75	46.46	66.5	5.6	87.02	16.12
16.51	18.27	11.29	13.25	4.61	13.83	1.61	6.4
20.53	65.74	4.52	39.5	42.44	23.96	47.59	14.52
2.88	27.52	11.9	14.62	30.96	3.71	9.03	46.67
20.33	66.38	48.12	36.69	125.79	24.91	68.86	87.19
12.95	5.2	7.47	29.05	9.27	38.67	59.16	7.31
14.19	74.72	23.67	119.96	67	229.03	6.5	9.13
6.62	16.52	12.39	77.93	6.08	2.45	13.59	21.85
58.47	121.55	51.92	62.38	96.7	11.77	24.56	22.99
70.79	17.14	57.09	27.7	29.73	7.59	21.19	72.55
48.11	4.66	6.72	25.48	56.37	9.4	11.44	59.29
6.54	60.86	66.37	66.76	19.64	40.36	17.04	40.29
66.34	45.26	10.44	357.01	30.7	39.42	196.52	125.36
131.41	13.87	37.27	8.4	27.76	20.95	12.32	44.72
12.55	1.71	25.25	4.35	20.02	101.7	8.42	5.07
37.13	45.01	23.44	21.54	67	14.52	154.09	47.74
6.63	2.75	5.24	10.97	4.61	3.52	12.39	5.52
17.53	177.25	96.17	41.49	13.89	6.4	17.85	17.91
1.99	21.67	44.55	70.66	1.33	19.19	5.4	14.27
2.97	48.05	37.33	28.73	14.37	14.1	14.96	38.85
9.58	22.75	25.67	9.63	30.46	44.29	24.53	1.98
7.6	3.48	14.05	2.41	4.31	12.34	3.74	6.28
222.48	156.72	44.51	10.66	191.24	16.86	99.68	117.42
62.51	2.28	2.58	2.58	43.15	17.16	85.53	155.1
5.59	40.32	1.68	9.09	10.78	16.77	7.36	28.52
29.87	63.85	67.79	28.62	11.24	38.69	1.66	78.55
196.25	56.2	34.14	100.4	75.06	70.66	26.23	271.08
97.32	57.54	1.26	34.27	45.45	39.32	82.71	89.72
9.84	2.05	42.19	30.56	72.14	13.9	8.68	20.36
151.77	68.72	85.99	10.04	23.11	5.03	6.48	46.87
12.92	43.78	59.4	33.72	11.94	47.5	15.42	12.59
7.99	8.25	12.31	2.59	5.82	10.52	26.23	14.76
24.96	38.51	41.44	41.19	161.25	82.89	5.3	35.02
15.84	23.43	296.26	70.28	104.1	36.77	55.3	61.03
62.14	7.23	43.44	32	30.42	14.57	7.73	15.99
117.78	38.77	27.45	47.61	28.78	16.38	25.38	10.4
1.82	28.86	12.27	13.9	3.78	7.79	14.51	23.13
1.19	4.96	3.56	6.44	1.81	3.62	1.08	2.22
88.87	54.26	23.86	7.91	7.71	42.42	4.22	21.82
28.12	79.77	46.44	41.83	22.62	18.4	9.22	17.94
11.29	45.15	49.98	3.54	2.71	6.65	58.23	11.32
1.03	2	2.66	10.38	2.82	5.84	15.73	3.12
6.84	4.35	2.44	5.64	1.3	4.74	4.13	1.08
9.32	11.77	5.95	6.66	32.2	13.12	2.62	29.41
8.75	20.41	5.16	15.28	16.13	46.19	34.64	51.71
32.07	17.25	43.89	11.43	28.3	19.18	3.51	28.82
29.91	140.63	45.24	36.34	8.35	27.79	41.67	194.06
83.62	87.87	12.18	6.84	23.67	9.13	37.74	22.38
96.03	9.07	31.99	1.27	14.97	85.83	118.32	28.23
1.9	2.36	2.25	3.45	8.62	3.06	2.18	2.38
309.45	65.57	9.77	22.54	25.8	47.23	141.32	15.51
14.77	5.25	8.18	7.4	5.28	16.4	7.24	5.95
174.88	179.5	32.43	42.12	89.03	86.56	35.55	8.76
18.36	12.14	37.26	4.6	8.03	20.89	19.32	14
13.44	31.43	4.15	17.29	21.12	32.87	20.54	13.06
33.11	13.4	7.91	22	13.96	21.91	18.82	8.96
21.3	18.98	6.03	14.97	12.61	6.53	7.28	13.35
1.19	3.59	4.36	11.66	3.27	27.23	8.51	14.48
12.75	4.77	2.62	9.76	24.64	16.31	18.12	13.1
24.14	57.32	12.4	52.76	38.93	5.76	3.24	71.33
10.17	1.1	11.63	6.41	16.83	16.43	7.74	5.74
8.77	4.07	15.72	11.98	14.35	16.05	5.61	17.27
35.32	24.66	3.54	52.57	8.89	23.33	10.82	49.03
4.03	8.79	7.44	9.35	1.34	1.81	2.39	5.36
24.46	24.86	2.1	7.65	15.92	17.43	4.1	3.93
22.81	30.22	85.31	76.77	5.54	16.88	1.8	26.54
3.46	19.77	130.62	29.04	11.35	9.98	17.15	2.64
37.72	22.74	12.97	17.57	44.49	9.72	27.33	93.31
1.16	6.93	2.34	1.67	2.87	2.27	3.17	1.46
3.29	7.51	6.4	5.83	3.01	2.55	11.63	2.04
7.17	14.97	16.46	2.49	20.27	11.83	18.06	8.46
10.16	8.31	6.13	5.99	4.88	1.97	6.61	9.13
17.73	5.22	7.93	2.02	14.51	15.9	1.12	5.06
153.48	2.46	35.1	48.56	38.78	22.3	11.95	20.53
18.55	123.94	3.27	221.85	64.14	22.98	57.41	38.25
5.82	27.59	131.61	73.2	23.1	84.83	26.84	16.73
48.87	4.57	73.66	135.43	16.28	1.96	19.56	25.85
8.66	1.05	6.43	22.9	9.6	1.76	4.83	3.73
188.07	122.87	195.79	210.27	99.66	97.33	27.18	48.25
144.77	142.01	278.81	391.73	194.58	122.62	93.88	145.14
9.72	79.13	62.45	140.17	234.79	126.5	148.77	80.8
42.92	16.3	53.56	108.19	16.14	48.76	11.73	49.99
42.81	42.35	11.9	101.77	40.67	27.07	11.46	2.54
3.71	3.8	2.18	3.08	3.79	4.41	4.55	5.27
91.86	3.82	32.32	43.36	73.08	5.56	1.77	24.82
96.19	18.51	63.11	38.1	129.16	12.96	1.92	34.95
8.55	9.58	22.91	30.28	9.56	5.84	13.27	9.89
4.48	28.59	29.64	26.48	23.18	14.21	63.37	131.98
10.61	40.5	48.19	25.64	39.19	20.11	28.32	19.1
21.09	6.5	24.12	11.65	2.39	6.36	5.3	14.62
1.12	5.97	14.13	4.18	6.2	2.41	5.05	1.8
84.2	127.74	30.74	411.1	152.77	47.14	4.31	323.53
20.95	2.44	25.42	28.5	23.05	20.87	17.43	74.09
7.15	24.19	4.61	5.19	16.08	2.86	13.04	18.88
174.98	104.58	47.57	60.66	203.3	34.81	63.56	19.57
11.37	1.24	16.2	22.47	21.27	14.7	42.68	16.62
2.15	3.46	8.4	5.12	34.45	15.3	9.82	6.55
67.5	203.91	8.13	45.6	59.02	126.8	14.43	125.63
19.81	16.23	20.58	5.38	26.37	18.55	24.58	15.87
30.18	13.89	2.02	36.98	16.06	29.29	22.32	34.52
12.26	6.53	20.77	2.58	20.9	8.19	8.14	14.9
13.87	17.13	30.41	90.89	27.5	40.55	89.09	112.19
10.13	7.5	1.62	9.66	11.21	16.41	1.63	9.6
44.95	11	21.01	8.44	13.85	8.32	12.67	21.56
1.88	2.16	1.05	3.07	1.63	3.07	16.72	6.24
41.86	7.79	16.49	47.09	15.45	2.18	82.25	22.96
4.94	44.66	45.69	4.17	51.43	10.08	35.66	7.16
4.64	1.28	1.64	1.27	1.86	4.27	3.18	5.09
3.77	9.39	26.31	24.9	10.26	2.72	12.06	14.96
7.21	22.59	19.46	14.96	13.44	9.5	1.64	9.55
21.13	43.3	186	10.24	70.5	193.8	144.04	151.53
25.07	25.85	3.76	90.33	88.6	99.39	36.45	36.26
6.05	11.73	9.85	3.45	6.42	2.36	5.24	2.89
3.05	15.07	32.27	29.42	6.54	47.14	31.78	38.58
21.31	50.13	89.83	52.63	39.26	13.42	125.1	26.6
15.52	2.63	3.88	3.85	15.94	4.37	1.59	1.31
1.04	2.95	1.71	1.93	4.86	2.52	5.48	6.82
13.55	4.7	7.24	3.07	7.41	7.83	20.07	10.34
3.15	20.3	22.79	35.04	3.19	5.35	43.39	9.03
66.79	62.73	35.01	69.6	7.05	29.44	39.13	19.84
11.01	6.19	14.36	6.09	9.72	1.24	19.04	1.56
42.24	13.05	14.14	64.56	91.74	42.24	77.33	36.49
57.54	43.75	4.29	55.96	36.21	103.76	42.08	15.33
30.01	32.56	9.38	28.7	3.29	21.08	7.24	16.21
8.65	2.67	9.39	5.64	16.67	29.24	19.11	22.36
1.13	2.91	5.83	4.55	4.95	2.79	1.92	4.55
103.15	23.81	53.48	11.82	20.18	38.07	6.65	121.26
46.49	30.16	41.98	12.63	65.67	68.57	64.24	20.05
8.18	15.49	11.09	4.65	17.55	4.06	23.73	17.95
12.62	164.75	7.69	15.15	5.7	98.68	17.19	83.39
31.77	12.46	20.83	7.85	99.07	51.59	55.87	9.34
28.44	30.63	13.71	6.11	31.95	16.11	6.26	10.83
45.89	9.66	5.18	29.83	25.04	8.55	24.63	11.85
39.09	155.08	31.02	14.58	2.42	5.04	84.3	7.44
5.47	23.54	2.51	8.05	9.45	5.82	28.18	8.46
28.27	11.28	2	47.93	5.55	16.3	4.59	20.13
1.6	22.22	80.04	29.63	4.38	61.74	30.48	16.56
52.15	41.56	57.21	26.4	91.84	47.65	29.51	21.85
267.2	21.43	45.09	14.35	37.44	22.42	45.64	50.04
1.21	13.97	5.15	12.89	5.41	10.05	48.37	12.78
3.03	73.09	34.1	102.04	148.56	59.46	72.4	38.67
12.09	54.42	4.77	10.95	6.89	2.66	27.88	31.38
35.97	24.13	36.77	89.09	42.5	79.61	73.95	25.87
18.51	2.03	7.38	3.31	1.96	6.52	1.72	13.28
65.46	29.28	34.74	40.79	1.16	14.98	10.6	9.37
134.65	40.32	103.62	82.11	614.61	24.78	41.68	369.8
16.16	30.02	1.91	21.87	11.22	4.32	7.71	6.36
13.34	32.27	22.31	283.49	42.35	17.95	6.21	14.3
7.8	1.75	3.34	11.78	5.99	6.7	11.92	1.37
3.54	2.34	6.05	12.3	5.23	2.76	7.77	13.56
22.61	42.7	11.13	56.75	9.39	83.43	57.59	8.25
1.96	15.08	24.65	6.28	3.21	53.03	40.54	12.36
32.7	41.34	35.05	16.74	10	64.96	6.38	39.54
28.77	2.34	2.2	7.02	11.8	19.19	12	2.91
17.39	20.29	1.95	4.96	3.03	25.6	13.59	3.28
14.08	35.57	62.48	3	14.5	34.54	11.52	27.59
23.19	38.13	6.29	19.02	3.84	7.37	15.46	39.67
9.64	25.32	42.11	10.75	6.93	11.05	24.96	28.08
100.47	31.71	14.48	59.36	83.53	9.7	27.47	43.08
76.01	75.24	114.39	39.48	79.43	30.09	26.17	90.66
6.75	51.39	46.01	21.9	20.95	57.95	74.8	4.44
3.74	21.4	2.77	8.53	4.98	6.57	1.5	9.49
22.28	8.29	7.52	1.38	16.59	34.24	19.56	16.28
9.87	8.91	52.5	24.67	17.66	21.84	10.17	25.78
67.23	23.62	9	11.87	18.19	68.78	32.11	38.82
49.52	56.43	112.92	52.23	20.06	49.3	84.66	97.89
34.62	16.7	75.92	21.88	17.04	43.84	8.26	6.93
2.4	3.03	2.24	3.59	7.04	3.19	5.2	1.33
61.06	1.27	48.29	13.74	35.3	36.2	2	45.52
45.34	42.26	22.49	18.14	2.94	29.51	13.8	74.49
12.69	39.11	82.87	50.1	110.41	11.49	20.92	3.32
7.67	7.14	3.05	9.47	7.35	17.03	55.19	30.52
35.29	5.96	5.36	13.17	11.7	26.18	10.39	37.78
11.09	2.97	2.52	29.57	4.72	2.27	5.27	6.65
45.03	17.49	2.4	2.19	9.54	26.43	69.43	6.07
23.58	30.96	40.49	28.03	68.28	83.65	10.11	9.99
54.24	15.21	24.63	48.91	29.43	55.88	55.74	19.2
28.9	18.51	84.19	12.29	68.37	41.26	17.53	11.35
14.7	11.62	3.7	1.32	7.09	2.55	2.82	3.17
3.35	27.04	47.11	20.83	1.89	2.77	7.54	7.19
30.14	8.91	8.11	21.96	2.02	15.15	20.74	10.86
31.09	14.14	4.51	11.03	32.54	10.12	25.09	67.71
11.14	21.48	5.57	45.96	18.23	43.89	59.98	1.89
10.68	80.43	67.69	33.92	43.14	80.84	179.58	47.99
22.27	22.03	4.22	10.88	27.64	18.95	2.59	31.69
69.99	160.22	44.35	19.7	19.83	208.37	155.99	16.13
14.87	3.87	9.85	41.17	10.02	16.36	4.35	37.85
9.26	9.05	34.11	18.61	6.38	3.63	42.21	79.13
21.56	33.59	21.67	2.48	56.71	16.3	13.43	98.25
4.34	16.12	29.6	44.55	9.5	6.6	22.9	25.69
24.54	51.72	11.77	6.4	32.08	3.13	3.13	22.38
10.93	1.91	3.37	2.54	11.98	7.61	8.82	2.13
18.85	8.1	3.39	23.55	21.37	11.36	34.3	18.48
142.56	18.22	17.88	22.49	48.22	105.13	7.51	36.81
25	4.66	2.93	4.29	5.8	7.87	1.67	11.15
14.24	90.62	177.67	89.34	24.53	26.83	3.82	91.26
73.82	50.13	135.82	34.82	126.6	47.8	249.78	105.32
78.03	33.51	183.21	21.22	1.71	51.91	34.57	80.53
29.38	76.49	5.29	138.76	44.75	55.83	136.19	40.23
3.28	13.93	9.27	3.05	18.37	10.19	6.94	5.29
3	24.35	1.7	5.54	15.66	11.74	6.93	10.82
1.42	2.28	3.23	3.63	2.84	5.22	1.66	6.04
25.47	41.53	37.03	18.24	24	5.25	74.54	11.64
9.22	36.43	67.14	11.56	40.82	19.06	29.78	4.87
9.37	32.15	9.49	17.02	61.41	7.5	8.77	40.05
11.86	1.57	3.72	15.48	3.96	7.34	4.48	9.39
18.41	3.61	12.73	9.37	6.61	16.25	13.75	12.67
1.85	2.34	2.97	2.27	2.47	2.74	7.66	1.28
63.96	147.23	75.05	131.28	126.04	6.21	386.93	117.8
5.71	9.51	3.88	12.15	9.2	23.99	12.1	9.42
6.34	20	3.29	2.46	18.58	1.64	7.68	11.4
37.88	8.74	70.89	38.61	163.01	28.67	17.54	60.59
67.91	176.43	118.47	144.4	129.27	7.89	37.07	148.81
19.66	52.85	63.47	34.16	23.78	4.16	15.21	78.66
65.17	6.98	12.04	32.1	27.7	51.31	50.19	1.16
63.98	13.72	55.56	31.41	66.1	111.48	83.26	47.55
14.24	10.35	2.35	10.93	4.46	8.29	2.64	3.15
15.37	11.74	86.48	41.52	51.95	25.79	40.84	17.16
13.6	33.64	6.95	5.23	24.34	11.84	45.75	36
27.81	14.63	77.09	19.54	44.28	5.06	28.91	7.89
28.96	9.12	3.4	15.05	2.89	4.38	9.31	16.96
4.12	48.71	69.69	7.2	5.66	4.7	9.09	59.35
9.38	48.63	11.72	96.31	24.29	85.29	17.86	19.35
15.35	52.95	45.31	12.7	32.17	47.03	30.77	110.13
12.19	9.5	42.11	80.43	1.96	46.82	7.05	45.59
1.6	6.63	1.78	12.5	10	13.35	2.83	4.35
28.72	14.16	1.63	30.57	4.98	7.14	3.04	15.61
56.29	108.49	12.16	13.72	44.52	19.08	14.71	18.95
7.25	2.79	1.15	1.3	2.82	1.03	2.17	2.09
26.72	19.71	7.12	15.97	27.75	11.02	49.75	4.75
8.02	10.63	14.18	14.51	3.73	14.18	16.67	9.48
30.38	15	8.32	20.5	2.87	21.47	6.52	39.98
17.73	57.49	8.52	18.71	9.16	15.05	36.61	13.59
7.01	48.73	60.44	72.74	3.99	17.39	59.46	46.13
41.65	8.55	37.01	41.81	13.16	19.84	63.27	16.28
24.42	30	37.95	64.74	15.59	69.43	29.59	4.23
46.36	89.71	76.42	38.51	1.72	112.41	58.27	12.4
95.64	51.23	27.55	25.8	179.62	73.94	9.27	50.45
29.84	20.9	47.95	14.53	15.49	17.06	50.06	15.02
16.95	58.78	6.97	43.26	114.96	54.01	3.29	9.72
63.01	161.7	4.61	26.28	259.8	44.66	13.47	27.36
1.67	19.39	10.99	49.22	17.99	56.84	9.76	10.95
1.55	5.18	7.46	9.15	7.1	1.46	1.7	33.11
10.02	1.37	7.36	12.34	23.69	2.09	12.68	26.43
5.41	16.68	1.02	3.97	8.6	37.17	4.37	3.42
6.71	1.75	1.45	1.55	4.47	4.18	3.96	2.15
21.88	3.86	45.65	25.54	7.33	10.28	11.66	33.07
4.09	37.11	25.83	54.25	35.57	29.77	4.43	10.08
97.88	8.72	155.68	118.09	53.69	48.81	25.57	146.32
1.43	9.77	3.09	9.16	2.25	12.8	3.54	1.82
52.44	12.07	11.38	14.24	8.65	34.86	5.88	16.25
7.72	23.79	22.02	4.37	88.65	50.11	18.27	15.28
16.69	28.58	38.27	18.58	16.74	46.64	41.77	34.5
42.32	28.05	40.87	25.18	5.03	19.58	13.83	5.49
12.85	48.46	34.84	3.13	13.26	6.31	5.96	30.38
29.2	28.26	78.95	57.54	21.8	32.36	13.93	60.4
43.37	41.02	71.42	37.74	33.45	41.41	48.82	45.92
41.71	22.43	19.24	41.57	24.13	27.2	12.71	62.96
2.16	4.12	8.98	2.27	5.65	23.31	4.25	8.8
2.16	7.12	5.02	6.26	4.76	2.86	10.04	5.62
137.14	143.97	63.79	144.94	56.43	188.79	103.71	125.54
1.09	1.01	1.46	2.35	1.06	6.09	1.04	2.95
18.59	14.13	10.51	29.6	11.59	14.07	4.56	12.52
22.57	12.58	17.32	2.44	6.54	23.05	10.45	7.93
6.02	11.76	26.95	4.18	32.68	29.8	11.34	1.29
79.37	1.9	25.36	90.38	55.56	73.79	35.88	58.28
101.5	32.09	52.32	104.84	74.25	114.82	158.77	11.38
7.96	14.84	36.3	7.15	8.16	1.87	17.68	13.08
12.51	44.37	24.75	21.2	22.14	27.06	60.42	25.26
4.48	48.71	8.84	26.06	38.64	14.1	35	6.08
28.07	23.11	4.15	5.09	12.94	2.89	13.57	11.16
14.38	13.16	16.78	1.63	42.4	89.12	45.86	30.06
10.74	13.13	10.54	37.15	31.52	59.39	32.6	24.94
3.26	3.06	1.36	2.02	1.01	3.89	1.71	1.93
42.15	48.87	8.65	146.76	48.24	116.01	20.63	111.84
10.1	3.7	2.39	2.49	4.92	11.72	37.75	44.51
33.45	32.29	9.17	138.69	9.72	68.4	7.36	166.76
2.84	4.64	1.24	1.48	1.15	1.54	2.52	5.89
2.2	2.91	2.34	5.14	2.15	2.84	1.26	1.13
26.62	45.71	1.26	34.86	5.56	24.92	17.28	9.9
94.82	53.42	41.07	10.1	60.04	52.45	11.41	67.91
64.12	162.72	42.84	84.35	90.94	20.21	18.48	27.46
6.89	5.29	4.43	6.89	8.37	7.29	3.97	1.64
2.62	75.29	257.36	25	55.61	70.06	6.91	191.43
22.97	42.09	150.69	41.12	65.06	4.22	64.32	76.19
8.98	30.87	3.59	81.42	14.36	36.61	10.49	53.3
10.99	4.57	12.37	16.22	9.32	4.35	1.54	1.96
97.3	12.64	75.75	49.71	40.77	3.25	17.72	3.17
2.03	32.76	11.64	4.86	7.17	13.2	4.09	1.21
2.03	8.16	6.11	8.74	2.33	8.04	4.22	1.98
1.5	5.4	9.93	2.71	18.81	14.73	1.58	8.89
17.45	41.66	9.42	13.32	17.79	54.1	11.64	53.53
3.75	5.64	1.97	3.01	2.16	3.69	3.37	2.77
6.27	4	8.6	10.57	1.93	6.37	3.79	6.1
116.9	25.86	73.94	10.28	34.91	30.01	24.76	40.43
7.61	64.86	40.42	68.72	95.93	99	33.85	77.89
5.23	3.51	3.61	16.96	14.93	24.56	10.11	7.3
3.25	3.48	5.21	3.66	9.41	24.35	7.33	6.41
51.47	36.55	100.99	11.45	121.57	40.71	8.87	51.23
11.29	4.12	6	5.73	11.03	2.72	18.26	2.54
148.08	34.68	99.38	43.62	40.98	108.66	49.22	55.5
17.43	21.1	48.59	32.78	35.24	20.43	8.28	3.71
22	38.15	91.27	5.56	1.67	81.74	42.76	9.96
10	4.55	3.25	1.53	5.77	4.2	2.99	16.79
2	7.48	2.02	1.6	2.92	6.9	7.62	7
36.62	56.33	41.34	98.74	29.61	25.81	2	9.69
3.8	13.22	2.52	12.31	8.26	12.24	11.75	9.15
7.23	1.23	1.59	11.78	10.28	5.31	16.55	7.97
37.57	5.88	4.42	24.1	1.41	4.75	4.33	7.15
16.88	1.23	1.65	10.32	3.26	6.02	11.39	9.98
18.45	3.37	25.85	7.55	5.55	1.47	11.49	16.75
2	37.5	31.66	64.89	14.87	35.47	5.59	37.32
29.44	145.84	88.97	105.15	8.37	36.81	41.23	87.95
2.72	1.14	5.56	6.24	6.33	4.51	1.26	1.37
23.46	11.79	8.25	14.5	10.48	4.03	8.87	7.6
11.77	2.48	3.54	24.76	44.2	17.1	13.48	10.07
65.43	23.77	3.38	149.53	45.72	22.31	38.35	28.78
180.52	581.83	363.93	190.7	74.39	152.36	197.48	74.75
35.72	2.97	19.16	18.23	12.41	4.32	29.91	46.92
4.89	5.56	3.28	1.77	8.08	3.3	5.22	4.67
17.19	57	18.58	19.88	10.59	19.55	8.13	28.36
76.98	48.42	8	53.57	30.45	16.16	19.86	29.12
45.4	104.08	94.71	38.61	56.9	81.09	50.95	86.23
13.97	24.1	1.61	1.92	2.74	12.91	19.01	6.01
2.75	13.03	26.16	32.74	5.05	7.47	13.95	14.54
1.23	3.11	7.49	3.51	1.19	4.29	4.51	3.82
8.03	12.22	8	13.49	12.46	4.11	1.05	6.8
2.72	2.34	1.67	1.01	1.67	1.99	5.94	3.24
15.38	41.1	9.42	18.73	23.83	146.68	193.8	216.73
41.04	10.25	48.04	55.69	7.96	64.41	78.31	44.02
2.83	3.98	5.22	22.27	7.31	19.38	1.43	9.81
2.24	10.71	1.72	5.5	5.52	4.13	17.02	3.96
20.99	7.03	12.59	26.57	52.58	25.8	1.31	43.65
3.66	25.79	157.69	68.81	31.4	9.19	10.42	13.63
11.88	31.17	4.01	48.84	9.22	5.48	83.32	156.53
5.21	4.3	16.18	13.09	27.72	24.61	23.79	70.48
64.97	18.45	15.48	40.25	6.3	33.04	10.92	6.47
463.61	316.96	133.67	109.78	95.78	124.1	101.18	93.48
13.34	21.72	9.11	13.44	1.53	3.08	27.01	9.02
7.31	9.84	14.69	16.79	5.2	1.77	9.7	2.66
35.6	28.78	10.08	11	19.55	16.09	43.42	112.88
35.69	7.92	16.67	21.78	93.79	4.63	1.57	12.93
4.7	5.86	12.55	5.01	6.51	23.45	21.29	12
78.55	60.97	72.95	8.6	11.31	52.16	65.98	40.25
2.28	4.55	1.64	1.93	3.24	12.11	5.37	24.4
17.87	87.53	19.18	103.46	37.87	46.84	107.07	70.81
70.19	142.06	114.75	32.04	195.81	6.3	12.09	48.57
2.14	4.61	36.39	23.49	18.21	6.9	6.71	31.86
5.15	111.94	29.33	65.64	86.84	5.82	19.33	52.31
6.5	6.69	1.08	4.34	2.37	1.8	1.06	1.19
29.39	70.52	19.08	61.46	26.75	10.61	43.66	12.75
34.08	93.67	55.18	56.29	28.08	50.15	5.63	4.41
1.58	35.32	5.45	3.8	31.57	13.1	3.97	2.91
12.6	56.24	34.11	39.57	100.89	22.06	45	18.91
10.78	16.86	6.18	3.67	43.35	26.9	13.67	8.73
15.62	4.85	52.33	20.82	67.31	31.13	5.04	9.59
83.96	44.9	33.72	8.64	28.58	17.9	2.95	5.27
2.59	8.75	6.3	1.28	18.64	6.96	2.21	9.12
17.29	156.38	284.17	94.74	160.38	107.9	10.55	53.46
44.5	74.6	22.5	25.52	3.89	15.93	18.04	49.9
6.4	2.36	17.7	18.21	32.6	59.38	46.84	64.38
12.61	2.5	5.16	15.85	4.18	2.29	14.13	7.67
6.17	20.52	1.79	17.55	6.22	27.66	3.6	20.65
33.05	1.33	50.58	11.34	280.53	5.68	279.63	120.49
16.59	18.92	21.47	15.65	4.18	11.75	22.25	29.69
18.14	31.59	17.92	30.91	20.66	39.05	16.63	36.55
18.78	36.36	55.65	104.44	24.94	38.56	67.45	7.07
1.11	3.04	12.42	16.29	38.68	67.11	74.08	41.21
17.7	2.15	89.15	98.23	7.92	47.92	40.9	97.06
4.73	40.69	19.61	15.3	21.79	19.84	6.71	7.77
6.98	24.36	16.26	33.85	19.22	22.47	27.29	29.15
10.74	32.89	14.73	81.46	2.38	44.97	24.91	8.78
