2.51	3.15	3.03	3.14	1.67	4.54	3.54	1.41
22.11	60.18	119.39	28.93	74.83	37.36	16.74	42.66
9.26	4.88	26.85	7.32	33.81	12.31	83.7	15
6.38	91.35	3.82	32.29	19.66	40	21.07	11.1
20.22	28.01	41.37	12.58	52.33	22.12	26.49	20.04
243.42	62.37	494.5	94.7	117.74	370.54	234.54	144.87
3.07	8.33	30.81	8.59	22.96	12.59	12.7	10.12
4.27	9.84	14.24	19.19	19.96	3.52	67.32	14.59
10.92	14.02	8.22	70	21.34	25.39	25.36	41.96
4.38	7.14	23.48	4.92	3.26	7.43	17.84	13.62
2.38	7.66	9.81	4.94	3.31	4.75	1.81	3.91
28.87	22.32	70.55	33.57	76.84	6.94	11.4	51.24
2.62	1.07	5.47	4.4	3.11	1.4	13.32	2.32
15.86	4.85	1.95	1.22	13.7	33.09	2.37	3.31
1.73	3.46	1.29	5.23	4.1	3.13	10.37	1.6
1.35	1.2	4	12.39	3.04	1.94	1.47	5.23
157.64	3.64	9.98	46.49	48.09	22.86	18.31	4.02
21.77	57.44	11.79	30.36	6.77	7.05	15.1	1.51
1.3	2.49	1.81	33.91	3.97	2.05	7.87	15.89
22.58	23.8	18.03	9.63	52.86	63.48	80.23	34.82
54.36	55.61	11.09	73.08	79.42	31.33	135.15	12.98
18.92	9.36	20.83	10.44	15.81	13.71	12.93	1.01
2.33	62.47	1.84	16.23	3.74	3.74	13.07	5.65
7.01	16.32	93.18	147.65	35.12	9.95	2.63	76.73
8.92	42.46	15.91	9.55	7.91	25.83	8.32	79.69
20.43	4.92	43.19	70.85	6.65	20.63	28.47	39.73
3.82	5.35	3.06	14.05	3.07	1.3	6.03	11.16
79.3	104.86	143.9	19.6	7.52	37.15	81.17	74.1
5.47	3.59	6.53	1.97	5.3	13.65	27.05	9.38
5.82	3.79	35.2	11.65	15.28	1.38	31.45	14.37
9.76	3.22	1.39	2.15	2.39	4.93	2.57	3.15
34.77	21.28	1.65	2.03	1.72	16.4	4.89	12.99
42.45	18.46	42.25	12.86	9.37	23.59	7.88	3.07
42.07	72.78	8.52	40.84	27.12	68.97	8.77	9.5
36.89	6.2	20.82	34.12	24.06	21.45	26.84	20.06
20.53	2.91	83.59	33.17	15.8	24.03	21.02	5.15
1.79	2.93	14.94	33.9	13.21	1.14	11.32	5.11
22.2	7.43	3.12	36.29	43.62	60.7	63.51	25.43
27.54	11.84	88.31	53.37	27.98	47.24	8.9	27.15
46.19	34.33	15.86	13.19	14.44	5.6	20.52	12.4
36.17	12	4.16	72.61	15.95	11.79	6.02	14.57
85.85	29.9	23.44	50.72	20.75	268	109.79	10.97
9.33	43.86	5.4	4.17	64.42	5.42	52.23	12.41
5.98	31.75	14.08	25.98	4.04	42.45	2.82	8.06
7.03	53.32	1.49	33.55	13.92	13.86	2.07	48.37
15.32	26.47	17.4	18.23	12.22	12.45	16.63	35.44
36.66	88.47	6.4	37.52	23.67	39.32	39.42	53.62
4.54	6.68	3.68	11.21	16.97	10.72	12.23	5.23
21.17	19.43	7.56	19.66	10.85	12.96	37.31	34.16
18.17	39.11	43.15	137.3	126.5	15.35	47.6	102.8
5.21	5.58	8	18.68	14.61	19.2	23	9.07
5.27	67.11	42.57	30.55	19.17	10.49	76.24	181.97
139.03	34.63	14.33	14.55	13.16	27.13	34.86	37.19
2.01	74.91	19.27	45.39	2.16	25.09	75.52	17.62
35.47	23.39	58.06	101.53	126.63	1.11	45.04	33.88
49.39	42.43	19.12	82.7	35.39	40.17	83.19	60.32
19.89	60.87	27.53	43.54	96.63	16.24	30.94	75.73
45.96	40.35	13.16	66.58	130.68	53.33	6.5	28.81
79.85	39.87	25.94	64.95	16.89	55.39	29.38	33.42
8.76	10.89	11.63	52.73	4.88	22.16	54.23	19.12
8.64	13.37	50.94	5.45	9.22	14.57	9.21	42.22
3.83	23.62	118.19	18.76	32.86	4.3	24.43	90.88
37.76	24.9	78.38	23.09	22.05	7.13	29.93	4.83
16.79	26.75	23.92	21.27	29.24	30.69	7.51	47.84
38.65	47.63	61.31	25.61	156.29	1.04	41.99	2.89
29.8	13.47	75.63	58.37	54.21	39.62	59.52	5.59
4.8	1.97	3.01	6.35	3.99	1.99	8.46	2.56
23.39	3.5	45.17	1.84	8.03	5.11	12.02	8.28
71.02	11.65	29.08	70.67	10.69	67.66	115.21	122.88
3.56	117.95	49.68	111.85	182.22	60.86	120.44	25.14
12.21	25.72	14.83	54.67	4.63	26.98	6.65	45.25
36.46	53.35	42.44	86.5	72	48.75	115.64	6.37
32.65	134.54	59.89	35	2.77	33.54	94.2	133.68
13.09	11.72	4.03	2.99	5.65	8.01	7.43	3.95
8.36	8.48	6.2	2.39	6.86	3.8	10.87	3.72
39.15	25.36	13.65	1.59	18.35	5.22	8.18	5.61
22.64	12.49	30.14	17.94	86.48	23.38	14.37	2.67
14.87	6.42	53.49	63.73	29.32	21.5	45.99	39.04
13.03	53.27	52.84	12.4	145.12	24.28	86.06	16.82
13.19	18.75	2.33	37.4	89.96	93.48	16.84	16.84
2.19	18.98	2.26	6.9	1.54	7.99	3.54	3.64
9.45	4.3	5.94	5.79	4.64	10.31	6.76	15.6
19.63	3.05	43.78	45.33	8.89	43.04	24.09	40.1
12.64	17.38	2.9	21.39	12.19	7.67	27.68	24.84
5.15	37.11	17.35	28.03	5.94	9.64	25.32	17.54
1.67	1.47	3.16	3.08	1.32	36.15	16.92	5.57
1.07	2.72	1.89	1.59	2.2	5.83	2.73	2.53
135.53	161.45	82.45	138.45	10.59	21.86	70.19	67.54
4.53	5.52	16.62	1.52	2.38	3.8	21.19	3.71
43.2	48.14	36.84	4.58	9.87	19.27	102.51	16.34
37.51	76.99	30.76	26.55	10.53	73.87	78.74	10.35
11.35	37.12	8.39	1.33	7.47	34.07	11.54	16.34
9.42	1.11	12.49	2.63	11.45	1.67	5.42	10.2
35.84	169.17	36.18	74.51	105.93	57.66	51.14	3.43
12.51	12.24	3.33	9.57	1.14	4.88	4.82	1.15
83.74	9.4	58.67	144.46	40.25	7.97	9.37	11.96
18.28	1.85	7.41	12.17	7.93	36.15	47.3	11.63
13.1	24.5	13.54	8.11	1.84	49.2	9.52	4.13
24.53	10.03	26.27	5.63	2.71	2.36	6.14	61.85
12.74	23.31	53.04	48.1	57.09	54.27	98.18	6.2
3.46	1.76	1.78	14.21	4.1	5.19	2.6	9.9
53.29	70.85	68.16	7.15	1.63	139.84	52.97	88.23
64.03	12.76	70.7	66.55	43.13	5.39	45.9	58.8
3.09	10.03	40.4	3.28	20.98	2.83	10.13	11.61
30.43	22.91	12.5	24.65	6.35	46.36	25.42	73.75
21.88	5.95	23.58	1.26	9.2	63.31	10.25	79.29
4.76	4.72	6.04	8.22	10.36	5.17	14.97	4.69
118.06	11.23	8.34	38.71	44.78	55.2	56.72	5.71
2.41	18.18	12.95	13.91	1.17	16.74	18	12.95
34.28	97.09	43.85	35.16	62.56	9.3	5.52	12.62
18.62	10.32	9.92	15.91	34.31	6.95	18.84	12.04
94.35	183.66	74.55	13.87	119.84	49.21	29.7	93.66
10.16	46.54	13.2	7.76	2.99	8.33	8.59	20.85
13.13	26.98	4.79	12.29	1.1	40.65	20.49	30.94
6.18	14.33	2.86	15.11	6.68	7.06	9.35	6.39
1.84	1.58	1.13	1	1.85	2.59	1.4	3.88
36.61	27.18	47.32	28.64	38.79	53.76	77.32	11.07
89.15	343.73	77.69	21.16	85.11	75.75	136.33	5.63
21.29	19.34	73.85	18.49	12.3	12.39	17.22	85.98
1.85	1.12	2.03	2.15	2.85	3.06	2.22	1.11
18.59	40.05	53.06	100.96	29.06	29.47	2.83	19.16
5.33	11.75	30.42	38.01	13.41	14.24	21.02	47.54
25.74	17.27	10.61	27.53	115.3	10.83	7.8	7.34
8.91	3.26	23.52	52.36	17.93	18.21	33.56	4
36.25	46.78	44.06	8.43	18.86	6.81	4.06	15.34
3.4	24.07	12.37	25.25	9.99	34.09	7.46	14.91
9.71	10.43	47.51	163.94	49.44	37.29	14.97	5.76
20.61	1.24	1.3	43.31	4.9	2.02	12.95	11.96
11.1	7.66	14.78	29.05	6.75	26.36	12.1	16.25
5.54	38.96	51.16	16.27	12.82	11.25	3.93	4.85
74.53	47.65	10.6	6.56	113.38	42.59	6.49	90.21
4.09	2.01	6.79	1.14	2.93	3.07	3.01	6.17
2.37	10.42	13.09	4.53	26.58	6.75	4.99	8.74
396.75	85.34	45.05	11.86	9.57	154.7	301.06	118.77
6.26	2.05	2.29	1.12	3.35	3.07	3.59	13.12
17.99	7.15	19.62	7.56	18.1	14.84	7.3	10.29
27.75	196.92	93.66	122.99	35.5	28.42	2.54	237.7
69.79	2.48	67.45	143.41	136.8	8.3	152.39	23.1
5.6	71.48	3.67	31.36	22.66	13.44	44.4	2.24
2.46	2.25	1.27	6.21	3.82	1.6	3.05	8.67
15.7	13.11	4.16	6.6	10.24	2.79	5.84	7.3
75.68	62.8	120.18	55.23	80.92	35.57	78.66	103.47
1.8	1.07	2.63	1.42	1.69	2.57	8.11	2.95
1.71	27.51	34.24	20.09	7.53	9.23	5.44	17.7
1.29	9.71	5.19	12.92	8.65	11.02	8.32	2.24
1.98	39.4	59.38	24.65	53.67	102.03	20.61	90.52
15.08	27.7	8.17	16.24	18.35	9.2	4.72	7.21
10.67	20.16	8.03	17.47	13.26	26.85	66.7	26.78
18.58	1.41	13.54	2.83	7.22	27.21	17.44	36.4
31.98	5.46	25.26	10.33	23.96	68.23	27.57	17.05
109.75	49.08	39.07	9.22	28.46	111.77	58.15	30.95
7.38	21.54	12.84	15.64	9.21	17.58	26.4	6.46
7.06	22.67	30.61	73.61	10.1	14.78	90.13	22.01
17.61	51.56	14.42	69.83	13.4	12.12	21.71	85.71
44.82	7.53	37.44	10.13	30.08	15.76	18.99	23.26
10.94	94.11	12.72	6.91	122	29.01	58.66	93.89
60.79	9.63	34.45	40.17	18.22	46.04	47.9	21.99
142.38	124.84	6.59	176.68	177.5	220	344.91	40.75
17.86	16.92	20.21	52.81	50.61	16.99	55.66	14.7
137.43	38.49	12.56	95.06	61.7	6.67	47.53	17.94
23.11	7.13	11.09	6.33	3.27	13.07	14.88	23.31
10.28	58.17	12.96	2.28	9.89	24.77	11.15	1.34
89.93	175.92	13	230.31	29.42	174.79	29.76	62.91
240.78	197.12	39.67	90.56	64.87	11.33	17.12	112.09
2.05	12.18	5.81	70.29	28.16	29.41	2.18	12.59
15.46	4.14	30.51	57.2	23.91	103.2	84.73	10.3
14.92	1.29	82.81	18.01	21.93	37.86	3.9	7.71
19.2	29.37	23.45	89.93	10.4	42.97	14.58	21.09
60.26	25.79	15.15	15.18	40.2	14.69	6.65	27.57
52.9	6.79	3.87	9.9	26.02	34.12	4.8	29.71
1.04	2.46	2.11	1.2	4.49	2.49	2.7	3.54
135.81	26.88	46.27	31.28	17.64	33.11	82.41	3.1
8.67	28.53	46.51	13.3	14.32	50.23	2.53	26.17
8.43	1.07	5.37	3.65	3.37	2.52	2.44	3.36
51.73	34.24	47.62	9.27	14.5	61.91	7.17	13.99
119.56	19.87	62.99	65.28	20.99	50.8	43.43	9.75
28.44	26.1	82.74	25.92	39.87	37.42	39.14	63
174.31	219.78	33.01	98.99	48.83	189.64	10.21	20.9
62.63	208.36	6.69	11.26	22.42	171.45	53.15	29.13
33.13	34.93	44.52	9.18	57.84	10.16	27.14	9.12
42.66	29.13	75.24	34.86	75.39	59.32	18.8	19.93
23.58	1.99	14.07	30.69	2.18	1.23	5.23	5.21
22.76	47.83	62.02	179.14	89.87	60.24	15.79	34.32
21.61	7.47	4.16	2.42	22.25	31.33	38.96	15.97
19.19	10.89	16.1	16.95	31.15	57.41	49.9	44.39
8.89	12.21	5.32	2.55	6.1	22.2	15.68	1.43
29.72	49.16	31.28	11.52	195.72	42.68	225.84	65.72
1.06	7.54	8.18	1.1	4.39	9.8	6.78	2.68
8.18	32.22	17.24	15.97	15.41	6.55	3.39	31.86
29.19	7.45	2.32	49.9	50.39	24.96	30.94	35.46
1.16	3.07	1.79	2.99	5.1	17.71	1.42	11.5
3.58	1.55	2.67	3.2	3.64	1.82	2.44	1.04
16.82	29.04	9.11	13.52	30.1	17.15	17.43	20.79
14.28	6.74	15.93	28.53	53.46	18.23	12.58	7.18
33.04	13.74	10.45	8.16	1.79	41.24	8.67	26.38
8.35	3.56	4.13	7.04	34.46	32.14	3.75	17.06
31.73	19.16	30.85	73.68	9.98	56.13	67.23	25.3
5.69	7.13	4.9	17.86	1.51	1.4	10.09	2.47
20.6	4.18	16.29	12.88	4.08	6.29	7.27	19.78
5.39	30.81	7.07	7.26	20.93	6.2	6.66	6.72
61.06	79.88	109.9	1.17	19.4	25.15	43.47	58.6
1.65	1.13	3.42	4.95	6.41	7.52	6.31	4.59
14.97	6.46	19.85	16.3	10.74	21.27	16.59	32.75
44.74	71.82	24.06	76.77	11.72	3.05	11.11	6.35
28.78	32.64	11.8	6.43	3.86	23.89	41.41	64.95
1.47	1.25	1.75	2.97	3.82	4.17	3.36	2.21
1.03	1.17	2.82	2.43	2.68	1	2.32	4.04
32.78	39.49	14.48	92.6	24.14	18.73	243.06	109.04
11.97	7.07	30.19	21.31	18.79	84.07	2.92	22.54
1.88	3.01	2.68	3.15	4.57	1.18	2.46	1.61
58.53	49.69	95.92	17.07	18.98	101.62	46.5	10.44
28.63	3.22	4.92	2.83	18.21	14.92	42.42	64.68
13.67	46.4	9.42	10.94	11.82	30.84	37.81	25.4
12.08	26.65	41.05	17.84	7.46	1.23	42.34	35.28
28.19	10.65	21.91	39.4	6.1	14.41	32.08	31.46
26.85	31.4	5.19	7.51	2.77	19.92	28.06	13.82
1.65	2.25	19.27	4.12	18.92	13.46	9.34	18.9
169.93	367.3	28.95	193.99	106.05	179.89	206.21	296.09
151.27	147.42	75.8	69.02	21.68	72.11	30.85	12.62
16.68	71.79	45.45	5.87	90.69	11.52	22.92	8.88
13.16	5.66	12.3	2.94	13.69	6.25	12.73	21.56
20.82	22.01	52.76	25.55	41.43	13.3	77.82	36.96
72.38	1.99	61.72	40.23	11.97	1.47	51.71	18.47
3.34	3.88	3.68	5.02	1.1	44.64	2.2	6.76
1.28	1.52	12.4	2.19	5.65	2.88	2.03	6.68
7.43	12.61	28.21	145.91	33.13	14.78	27.37	13.35
21.9	13.11	46.97	23.4	2.56	10.79	44.22	3.99
3.68	10.28	1.03	5.05	5.93	4.27	6.06	6.06
1.61	12.28	8.43	6.53	6.38	11.1	12.97	33.35
1.54	5.69	12.02	12.46	3.57	15.97	4.96	8.9
30.97	82.49	25.94	39.72	29.05	12.69	4.98	22.12
45.58	7	25.34	1.4	3.99	37.64	10.3	22.71
1.34	2.53	3.43	1.52	2.6	3.85	1.25	2.56
4.23	147.49	41.52	83.64	11.44	43.94	10.62	37.86
3.85	49.28	115.53	28.19	67.59	11.61	99.72	16.3
9.01	47.99	33.49	57.19	75.62	28.12	80.92	54.82
46.85	73.43	4.18	14.07	95.92	5.22	15.82	26.5
1.11	8.93	14.32	1.64	18.27	3.9	1.88	2.97
43.67	49.76	2.32	23.51	7.81	43.55	20.1	88.45
24.56	22.83	20.21	49.75	60.02	4.69	75.74	70.74
45.45	2.49	12.05	3.97	67.12	7.61	19.9	16.86
1.03	1.34	3.02	2.4	1.24	2.7	9.5	3.49
3.93	13.43	3.89	4.07	18.01	8.91	27.83	22.88
2.43	2.46	19.12	3.3	8.23	3.56	15.66	3.21
9.05	27.53	53.15	89.41	26.78	1.81	37.69	38.85
68.92	159.79	20.78	218.65	126.24	272.87	47.33	71.77
115.66	66.37	128.51	9.62	105.41	43.63	10.27	67.18
3.41	1.87	2.88	4.8	1.02	1.21	4.69	1.83
2.75	10.63	6.47	27.88	18.79	44.67	24.31	40.36
22.07	10.9	10.18	37.15	15.32	20.11	18.36	11.15
44.32	42.74	18.52	9.17	5.72	26.77	27.94	38.05
26.52	55.94	8.85	33.03	223.93	9.26	21.29	21.13
40.4	38	102.36	31.68	17.12	37.74	36.02	7.39
7.75	1.74	11.12	25.8	1.91	7.65	1.41	27.15
2.57	3.29	5.94	3.64	2.26	8.84	2.17	2.06
20.04	17.82	6.13	6.05	5.44	6.78	12.13	7.39
26.26	20.74	50.95	68.51	24.19	8.88	1.38	52.42
20.54	25.69	86.64	18.04	2.48	45.26	20.03	83.19
15.87	6.88	11.97	50.89	35.53	76.21	11.37	77.79
19.26	32.94	1.2	16.06	4.38	34.22	37.03	8.03
80.85	8.02	8.56	12.5	3.66	11.43	2.53	20.82
17.54	7.53	4.42	7.4	1.5	9.29	24.04	11.23
16.46	1.83	25.08	10.97	33.39	7.62	11.16	7.44
77.73	191.41	124.53	415.58	21.52	25.05	19.43	8.42
9.16	10.49	10.99	22.01	7.46	17.85	21.82	44.7
8.17	7.88	2.24	3.42	3.15	7	16.04	12.81
27.72	6.88	24.62	23.28	11.39	10.12	1.85	9.74
94.66	86.17	98.9	170.96	62.71	153.65	7.36	3.9
4.62	117.13	139.04	1.58	30.71	10.48	3.38	38.93
137.86	117.42	151.17	38.52	91.58	13.06	53.7	68.39
33.1	16.85	121.95	44.23	37.12	70.74	150.45	32.17
19.12	19.4	7.64	7.49	19.97	22.14	18.82	2.73
11.11	12.36	9.16	10.37	15.51	12.1	195.14	107.65
4.07	2.29	18.13	4.94	5.8	39.58	2.37	4.38
39.23	53.51	23.5	18.7	54.79	13.57	11.93	49.59
2.49	7.6	1.89	5	2.77	5.49	13.11	12.31
14.58	9.69	4.76	7.28	3.22	7.32	3.42	1.24
20.25	2.66	14.82	9.05	7.06	28.33	19.17	70.29
12.08	12.5	1.6	6.16	7.09	13.71	1.44	4.46
2.44	1.93	5.67	1.36	1.07	3	2.86	4.77
5.07	18.64	9.36	7.69	20.5	25.1	20.06	32.71
11.39	1.55	5.07	18.73	13.28	55.56	68.75	6.22
21.86	12.73	27.24	34.25	15.68	1.6	4.03	11.46
11.28	13	4.8	2.74	8.3	2.47	9.91	8.14
9.74	16.6	21.04	3.43	10.63	14.96	21.01	16.9
29.9	25.6	36.97	78.48	4.53	26.25	9.82	17.38
39.63	8.99	2.91	6.35	11.49	43.32	15.64	62.19
39.34	126.78	38.63	24.33	41.22	3.08	23.32	46.87
25.21	30.64	9.22	30.53	15.4	21.57	17.5	37.55
25.92	5.8	3.91	1.8	12.75	1.24	16.18	36.82
36.2	15.1	60.68	33.35	35.16	13.58	15.94	28.9
14.57	18.71	11.27	7.15	2.56	6.04	6.43	10.8
1.86	1.38	4.8	2.61	2.18	1.36	2.1	1.93
3.6	4.57	9.72	32.57	30.18	9.38	33.76	10.76
20.54	32.39	21.11	53.21	29.88	26.76	8.39	3.99
5.45	41.46	16.72	19.58	94.09	17.54	10.97	24.99
210.63	40.65	24.72	63.24	7.05	28.11	46.64	76.9
33.73	19.39	11.11	42.53	55.42	75.65	29.62	16.11
10.23	83.85	31.07	10.02	18.72	41.74	6.4	2.53
6.44	7.01	5.07	6.23	1.01	3.81	3.71	10.03
20	23.49	5.56	16.95	39.71	41.86	23.92	24.52
37.62	29.91	16.29	9	4.47	29.62	14.79	1.13
11.48	6.1	5.91	1.83	3.5	3.49	14.38	3.55
50.07	21.3	14.03	11.57	46.82	127.05	94.85	5.69
5.9	37.55	15.74	1.32	20.45	20.47	2.18	5.68
22.33	68.11	100.55	9.98	39.82	43.98	81.79	38.69
2.63	6.87	1.42	2.98	3.09	2.72	1.22	1.26
2.47	3.51	28.09	39.67	23.94	67.38	4.3	17.37
16.16	184.73	24.05	74.46	150.62	64.62	15.97	46.01
5.19	15.08	3.9	11.17	19.54	19.15	8.32	3.05
20.19	82.08	64.13	59.22	15.4	51.11	79.2	5.92
28.16	14.22	15.1	46.91	94.5	73.66	20.72	88.2
80.02	108.01	57.9	19.46	57.77	52.18	2.2	23.84
24.77	16.66	7.29	27.32	22.14	16.26	16.96	41.65
7.95	2.87	17.59	3.27	7.53	5.73	10.07	6.13
9.49	82.48	179.15	3.91	153.78	84.03	107.83	73.3
33.87	22.06	103.64	93.68	68.53	77.62	29.35	23.64
2.52	3.82	5.2	38.4	17.57	5.85	8.52	11.51
4.64	4.08	11.51	4.98	27.03	64.24	9.34	4.01
1.98	45.69	11.74	185.27	20.47	193.21	47.18	85.16
4.26	3.6	7.18	18.4	21.59	2.68	2.8	15.27
1.29	11.49	10.46	8.89	2.88	12.72	1.52	5.41
1.37	1.05	3.55	2.74	9.44	2.17	5.04	4.22
24.5	46.57	28.36	13.91	18.94	7.62	32.73	10.29
11.99	17.48	35.72	16.88	25.57	8.56	18.13	5.44
2.22	11.75	2.49	17.44	11.58	13.74	24.47	6.25
2.66	192.54	19.51	84.16	52.65	194.39	169.52	27.46
91.33	81.49	22.36	26.54	8.93	71.81	5.8	27.97
26.33	9.66	4.77	126.4	61.34	4.41	51.31	2.73
21.01	50.39	12.91	8.83	27.25	6.65	15.08	58.06
12.34	49.42	19.95	49.62	9.28	19.82	18.61	65.53
45.76	14.98	36.1	2.65	5.22	3.87	9.9	10.04
15.72	6.47	61.3	199.99	191.65	29.44	87.78	18.41
15.4	19.1	13.66	3.36	12.3	3.13	7.69	6.53
10.81	5.68	6.93	11.43	11.94	5.86	15.66	6.06
3.55	21.94	47.34	32.9	8.25	9.94	11.65	51.34
6.28	2.35	3.51	16.27	45.99	30.44	18.3	56.61
11.61	12.88	16.35	4.67	1.84	6.49	1.68	1.72
5.79	4.98	8.25	1.17	4.53	8.03	1.96	1.43
34.92	16.62	66.18	4.8	18.07	9.96	154.13	75.88
37.68	34.07	232.75	57.26	16.19	90.58	151.89	159.9
6.17	2.4	10.48	5.22	3.71	2.61	6.8	4.4
10.82	22.94	119.95	4.39	11.38	156.88	30.7	18.7
8.15	8.55	57.81	73.54	41.45	7.17	48.46	15.35
11.96	4.44	3.01	17.66	5.06	9.97	3.71	10.48
1.54	9.76	8.99	1.44	9.1	1.6	8.75	2.81
2.93	33.68	25.57	17.8	2.72	11.99	3.11	7.94
3.94	7.69	7.69	1.75	5.9	4.92	6.55	5.59
8.85	11.29	32.31	3.3	6.6	3.04	13.68	21.88
18.78	148.8	77.44	16.86	32.01	11.63	89.22	52.41
7.47	4.21	33.18	13.59	5.32	13.55	1.19	3.77
3.49	1.13	32.01	5.08	1.45	12.12	2.73	37.97
9.13	4.9	20.06	47.1	27.82	53.94	9.89	21.55
17.1	8.52	9.89	21.29	14.13	49.14	17.99	14.67
40.32	8.68	8.71	26.78	36.16	8.72	4.13	14.24
70.76	39.25	79.02	24	132.51	37.41	144.34	29.91
1.99	18.8	4.15	17.46	1.73	21.14	23.4	44.36
16.09	43.89	22.41	37.42	31.04	20.97	21.76	31.42
28.26	45.09	23.42	17.52	29.71	43.32	28.31	55.92
15	4.71	3.03	34.32	18.31	3.75	2.3	5.09
81.74	40.89	37.85	22.03	22.94	22.9	24.82	9.97
3.48	14.51	12.04	4.29	18.31	2.52	9.73	10.68
139.33	5.5	22.05	41.98	60.19	34.08	130.55	61.04
11.76	3.03	16.02	3.06	2.66	2.47	9.61	6.47
7.24	5.13	1.29	4.62	4.42	1.71	6.79	3.67
39.62	63.73	42.36	233.37	139.41	28.69	80.47	84.81
19.6	21.3	43.7	6.95	3.04	4.26	61.5	14.24
131.06	30.46	42.93	83.17	114.63	10.4	93.7	9.79
11.41	1.44	9.89	2.45	1.13	2.01	4.97	5.43
2.49	2.65	3.41	1.2	5.85	5.29	4.39	1.35
16.32	4.39	31.22	4.57	14.37	6.6	1.03	6.66
39.1	55.11	9.63	3.35	16.35	23.93	34.91	4.54
26.07	16.1	5.01	21.04	18.16	68.06	28.13	1.24
13.31	18.4	13.41	40.46	16.12	3.37	20.38	28.36
288.82	122.27	33.7	112.84	68.37	82.04	52.97	100.68
88.01	27.06	18.39	47.72	103.11	84.65	30.59	49.09
11.49	18.59	11.06	13.04	11.87	44.73	28.56	18.37
1.86	5.07	18.5	2.32	4.22	4.3	18.69	5.92
5.94	48.23	12.55	46.71	3.61	15.54	28.62	46.1
33.63	27.85	73.76	33.78	23.84	20.96	8.99	26.02
20.09	8.36	26.51	135.97	24.86	67.48	6.75	11.01
43.76	14.2	32.5	52.93	19.53	23.29	53.2	32.35
48.06	90.76	11.63	65.49	4.7	78.76	40.79	20.39
25.1	102.33	66.41	168.18	35.33	64.1	8.26	10.5
34.44	58.77	26.36	16.26	12.78	38.71	21.39	13.09
37.72	21.42	30.25	27.58	14.97	28.05	5.03	25.87
137.96	39.37	138.57	30.46	42.09	40.46	121.92	50.9
63.02	19.54	12.86	4.36	76.59	14.44	76.3	6.36
20.49	3.75	8.88	8.02	9.22	7.57	6.88	3.16
1.45	28.84	9.51	11.57	7.45	7.2	20.48	14.06
32.84	1.14	15.35	7.64	2.94	54.98	9.25	15.95
112.08	4.11	151.7	90.39	198.56	65.86	62.65	9.04
9.44	35.73	52.86	5.09	5.16	3.5	4.36	1.7
15.43	54.46	4.58	25.87	23.37	3.37	6.49	17.07
32.32	66.67	20.8	44.22	34.5	130.85	58.33	172.61
52.73	5.95	18.57	60.03	50.21	89.44	2.49	6.94
5.65	3.17	4.59	5.19	20.43	9.35	1.64	16.27
29.2	27.72	27.27	6.14	28.94	1.26	13.28	6.51
34.07	2.15	51.72	18.35	36.97	24.87	18.6	45.34
13.91	29.79	5.54	98.24	14.7	47.7	8.73	21.33
2.59	14.41	11.75	12.79	3.12	17.38	3.93	18.28
12.31	5.41	1.47	9.1	6.73	17.68	8.69	3.87
19.73	14.35	17.59	7.11	2.07	19.69	19.86	17.8
25.51	116.04	3.27	31.95	10.86	51.62	27.36	46.88
7.82	10.64	12.27	14.01	93.24	34.98	9.72	27.31
6.47	1.15	13.66	17.58	26.43	2.58	1.56	1.08
3.63	5.57	16.98	52.85	16.58	72.15	11.79	3.21
2.24	1.48	2.84	2.52	2.09	4.93	2.79	1.17
4.67	23.68	26.59	29.65	90.92	4.05	11.48	10.51
6.02	5.53	11.93	5.83	1.06	4.79	2.57	7.98
7.21	25.22	15.44	18.59	40.64	49.12	4.08	24.21
9.32	11.56	1.8	13.55	34.55	8.22	5.85	16.91
4.11	25.69	37.51	20.99	8.06	104.07	20.66	17.59
52.23	143.97	64.6	203.8	150.91	52.2	99.73	10.73
53.43	36.62	28.31	28.35	114.48	27.17	62.88	6.75
11.52	6.48	2.65	8.29	3.19	8.75	15.7	1.17
71.43	37.08	4.56	16.09	20.68	14.25	11.29	62.64
4.76	1.03	10.59	1.37	28.73	66.47	23.08	3.2
10.83	122.43	17.45	18.21	33.79	18.88	7.83	16.06
3.5	13.42	38.82	36.46	3.62	27.23	24.52	28.61
228.97	8.2	113.67	77.89	83.49	4.06	134.05	119.95
4.52	7.45	2.86	32.4	51.68	24.83	8.88	1.44
8.81	26.29	21.76	9.53	74.02	6.12	4.95	18.3
15.11	49.59	16.38	33.81	34.7	12.95	42.45	19.61
136.42	75.74	87	78.39	5.87	93.98	78.84	304.12
94.54	27.11	50.73	21.68	69.96	19.05	33.46	14.08
30.39	25.53	19.52	10.09	22.85	22.31	21.1	5.91
3.83	3.33	8.93	5.07	11.38	32.39	16.48	9.98
111.07	7.54	12.62	171.86	146.55	35.92	39.19	53.51
7.73	32.49	34.93	76.63	93.03	4.86	260.77	17.6
2.01	23.35	11.99	15.14	15.17	7.15	13.62	11.58
38.64	176.81	17.89	53.56	6.91	66.42	14.49	151.96
1.93	2.21	1.1	1.49	10.13	4.77	4.75	6.41
218.96	88.8	69.32	12.94	46.55	27.88	96.66	6.34
29.37	28.82	80.04	3.44	8.61	14.1	130.19	156.28
7.75	7.36	17.11	19.61	41.97	97.67	37.71	3.45
9.12	14.21	3.78	2.73	5.08	4.6	8.36	1.87
73.01	24.53	10.72	44.39	169.96	3.83	59.35	53.79
14.36	9	1.98	12.32	22.21	2.15	2.02	32.41
6.76	1.68	10.1	8.42	5.78	6.11	18.42	13.31
12.07	69.17	29.29	3.67	7.2	25.48	52.45	14.1
5.35	6.25	3.61	2.8	11.01	17.8	13.85	4.77
17.83	13.49	27.24	12.32	14.9	67.89	5.39	38.61
11.74	5.32	40.29	7.08	43.6	33.71	21.64	37.35
21.86	16.57	2.15	22.79	12.01	17.38	7.67	8.96
4.39	5.32	24.13	11.11	2.42	31.2	22.77	18.9
15.19	32.43	11.66	8.36	10.92	6.13	118.32	5.25
1.1	3.11	5.84	9.46	15.82	12.34	12.69	6.51
15.97	29.35	25.77	60.73	24.84	7.65	2.39	48.48
33.29	12.48	9.63	6.67	3.96	5.51	29.51	21.43
2.53	44.03	22.53	57.05	21.05	6.59	1.86	10.34
8.03	6.01	22.87	2.66	14.57	12.3	2.83	31.5
37.32	45.4	45.99	12.78	14.11	12.42	55.58	7.63
33.45	73.36	13.94	57.55	58.41	27.16	8.69	53.71
21.66	42.48	76.79	6.57	48.61	6.16	4.21	112.92
6.96	10.03	8.86	12.25	19.85	1.17	5.5	5.97
3.85	2.35	12.09	5.67	10.23	3.06	2.87	1.49
120.93	71.11	52.18	43.56	13.07	1.7	5.12	25.49
64.24	6.66	7.63	31.22	10.4	1.38	44	26.14
58.62	117.11	181.16	66.06	93.54	1.3	30.9	155.95
29.81	35.06	21.69	42.52	81.63	133.85	68.04	54.05
222.5	1.43	236.52	24.83	100.04	50.31	283.92	418.75
26.3	33.44	31.41	37.43	17.84	38.39	3.37	1.25
17.12	31.07	50.1	59.86	16.87	112.93	4.23	123.5
1.19	3.1	11.77	3.22	2.41	2.51	1.02	1
11.44	10.34	12.61	24.71	30.49	6.88	4.21	5.6
1.64	5.5	1.77	4.98	6.24	7.07	6.54	2.23
2.16	5.83	1.21	1.33	1.35	1.3	1.68	2.55
12.11	9.31	19.97	5.84	2.13	4.47	4.92	21.15
8.69	10.82	10.83	9.33	14.14	9.47	5.42	1.58
131.17	119.48	15.59	19.67	81.38	5.28	5.18	80.21
6.65	20.81	28.18	32.5	51.43	64.09	41.48	22.94
2.48	15.98	6.94	42.4	34.42	10.3	24.14	63.11
64.49	24.89	9.67	21.34	15	7.76	39.59	17.23
12.14	6.71	2.34	6.62	5.42	9.82	8.42	6.17
154.17	55.12	95.88	277.74	60.32	16.57	203.96	115.35
5.82	30.74	5.83	14.83	18.39	9.86	19.51	75.82
19.91	14.29	40.17	4.08	16.91	11.74	4.03	14.46
9.18	19.4	16.06	13.79	10.08	3.06	3.34	22.01
34.17	8.11	19.95	32.7	22.48	101.02	10.24	70.96
6.44	13.41	14	2.32	1.35	3.74	4.89	6.57
40.83	25.55	10.95	4.03	9.03	28.17	24.17	14.46
21.33	115.54	97.18	56.96	97.17	100.12	3.24	42.37
6.11	94.12	81.83	22.83	53.26	91.48	2.9	5.02
44.26	13.7	48.25	40.77	12.18	10.06	108.86	39.17
3.29	1.6	6.9	12.46	3.58	2.81	14.28	5.49
99.33	88.47	36.52	171.32	17.05	67.27	25.39	113.73
28.71	50.24	20.31	12.79	52.34	30.15	3.01	28.78
2.09	6.61	1.07	1.75	3.29	2.64	6.75	1.79
1.16	8.3	15.42	14.2	1.08	14.13	4.26	9.95
29.38	41.66	45.55	70.58	8.61	28.93	36.93	43.43
20.95	10.71	14.76	2.38	25.16	3.85	20	27.63
96.02	64.95	36.78	5.78	47.25	52.46	11.78	13.53
217.55	52.74	248.84	81.06	40.12	51.54	4.1	14.19
19.71	13.54	8.48	15.05	44.17	22	9.03	6.53
27.32	25.92	17.46	19.27	2.52	47.71	58.57	10.15
42.85	21.2	70.56	61.08	44.33	148.92	44.31	21.46
61.42	20.2	91.53	58.08	15.34	3.94	12.18	33.28
17.5	61.98	75.78	41.94	37.65	19.86	50.81	107.43
5.17	9.95	7.94	2.08	13.08	36.05	9.5	33.88
5.1	2.15	25.6	3.8	7	20.3	4.48	2.38
172.57	20.83	8.66	105.21	14.44	39.54	32.21	50.13
1.86	3.84	7.93	16.53	3.78	8.92	9.46	4.07
10.07	32.34	6.41	4.04	2.11	2.21	6.82	27.05
18.32	4.14	14.57	16.31	4.68	1.06	7.05	6.13
2.77	5.32	11.42	2.98	1.22	5.87	9.37	19.24
54.44	15.6	96.02	53.98	2.26	21.07	19.48	103.57
20.6	20.77	43.42	13.26	5.01	9.83	40.31	28.89
56.87	52.61	9.73	17.36	24.84	55.19	42.98	15.92
3.11	1.65	2.52	1.22	2.99	1.04	2.07	1.76
1.12	17.36	9.88	2.02	3	4.94	2.12	5.3
99.72	61.68	11.45	50.82	31.34	32.22	53.99	51.12
21.55	5.61	4.6	31.2	14.73	1.04	22.18	36.16
3.84	15.5	5.24	9.55	10.97	3.91	2.59	7.81
5.66	7.83	3.23	15.56	2.03	5.56	2.73	2.26
5.04	30.45	2.69	10.54	16.86	8.06	9.43	6.82
15.79	110.36	6.5	7.52	29.09	7.99	31.85	49.97
4.02	5.15	17.89	3.05	4.04	1.27	2.84	3.87
1.37	37.75	2.38	24.89	19.16	14.67	6.07	3.37
13.71	13.48	5.78	11.48	5.11	16.84	5.62	38.61
28.58	38.62	3	41.47	50.79	1.35	3.89	33.93
53.95	43.99	25.58	10.7	83.25	29.63	32.7	6.48
12.48	9.43	4.92	10.75	5.55	2.97	4.43	10.79
22.79	2.91	23.31	22.2	28.53	50.91	61.45	24.72
14.32	6.18	14.49	48.06	17.56	21.4	8.56	10.23
7.94	4.42	24.04	7.49	105.72	16.63	7.92	9.76
24.66	15.99	27.82	58.22	31.35	108.13	80.19	53.16
361.02	140.66	43.52	164.02	48.09	218.16	7.59	121.97
13.07	118.31	15.87	46.12	217.54	13.63	134.67	195.34
23.47	13.31	19.4	7.89	29.81	18.9	50.99	1.53
3.21	4.55	17.25	20.69	39.49	18.2	17.55	7.28
58.4	35.33	10.6	6.22	29.03	32.83	45.47	15
65.68	13.12	11.77	167.78	26.38	3.76	74.95	122.66
66.58	5.47	37.99	2.75	2.22	6.56	6.99	1.64
17.32	17.28	2.51	8.07	4.05	6.7	26	3.38
77.72	38.56	44.55	10.87	44.09	26.47	7.06	21.84
3.32	8	11.9	7.32	16.71	5.16	10.29	6.06
2.57	8.44	2.48	4.25	3.94	2.97	6.49	4.63
54.14	7.23	4.14	9.7	2.47	2.12	4.65	7.84
5.48	7.73	6.65	2.6	4.9	4.53	18.58	24.53
3.03	4.33	1.39	1.52	1.71	1.99	1.04	1.82
19.1	144.62	59.7	124.44	19.29	118.87	37.28	52.34
31.51	94.89	12.25	65.75	33.88	26.8	24.76	36.06
126.78	21.54	17.25	161.03	164.25	59.5	42.77	34.04
5.53	6.12	1.14	1.21	5.36	3.05	2.12	4.95
1.24	8.91	7.93	7.39	4.97	55.47	20.44	34.66
37.96	86.91	3.91	5.6	43.34	26.54	7.88	29.29
44.02	26.53	14.33	24.42	67.56	32.64	13.91	17.61
9.37	4.19	5.22	4.64	5.29	2.48	18.79	17.22
31.17	66.08	2.26	33.73	6.12	58.75	7.55	39.9
13.42	21.26	1.12	1.64	13.17	6.13	6.56	14.56
35.32	4.64	11.12	11.28	3.79	20.95	18.58	4.24
111.89	13.2	70.31	2.84	53.08	42.72	50.16	43
17.76	24.79	10.37	6.87	8.58	7.49	8.49	44.97
3.66	18.71	2.89	9.83	32.37	25.16	38.34	18.85
55.9	27.79	95.49	63.19	5.78	3.17	4.78	6.06
32.98	16.59	17.3	61.87	17.46	29.42	39.48	17.16
36.41	22.66	52.93	99.84	4.91	6.98	20.8	25.25
14.53	36.94	9.93	18.45	18.16	14.15	38.04	8.1
33.92	36.91	105.88	2.35	12.98	8.82	37	19.19
7.94	111.52	40.96	109.47	16.66	36.38	23.16	15.27
35.87	9.98	10.74	41.57	8.96	14.59	9.1	25.18
47.51	31.8	18.67	97.39	3.9	27.16	53.96	7.76
70.83	5.51	54.94	63.35	18.21	19.82	94.94	2.89
53.43	26.95	3.95	72.11	101.11	61.18	9.94	2.86
71.71	140.69	33.56	44.76	106.45	99.21	187.68	325.65
18.06	7.53	26.82	45.49	50.49	39.17	18.21	20.87
107.43	157.91	49.73	3.39	223.94	14.88	24.45	87.58
32.14	10.88	45.5	23.67	61.03	15.8	36.04	44.02
30.76	38.02	44.66	9.52	48.32	8.71	35.49	13.92
6.16	18.29	11.22	22.88	6.44	5.77	3.52	6.94
26.38	33.44	1.15	15.63	24.31	59.32	13.36	11.77
2.19	2.51	6.09	10.2	3.3	5.46	5.16	3.42
154.71	24.02	91.46	11.33	54.4	190.02	234.7	132.67
6.56	5.94	3.38	14.18	10.34	7.89	6.27	6.49
26.9	357.78	9.51	6.95	134.85	104.1	73.06	20.97
1.8	13.54	32.39	74.02	114.98	5.61	26.92	51.4
41.04	45.65	20.31	42.08	3.74	13.36	23.91	10.22
11.88	13.99	13.92	60.3	15.78	10.52	28.25	27.57
11.14	13.63	29.79	42.29	11.51	47.19	51.61	15.21
54.96	4.07	123.94	46.48	88.23	27.32	26.86	120.12
26.09	22.25	35.19	9.42	11.97	20.17	91.51	36.2
30.4	24.33	2.92	5.15	13.57	37.37	44.65	12.64
2.4	1.06	2.79	5.99	8.05	3.77	3.85	3.29
42.93	31.29	9.1	8.91	52.23	15.28	39.99	42.37
18.93	1.8	2.05	7.04	3.99	4.59	7.67	3.25
11.86	10.36	3.51	13.08	50.61	15.6	8.76	68.99
1.94	1.76	12.62	26.66	20.45	2.11	6.08	18.95
46.56	18.05	3.54	108.66	10.17	112.84	74.14	42.36
11.6	2.45	14.73	50.96	12.35	41.53	18.49	4.51
33.91	7.05	3.03	3.16	11.45	9.71	3.71	10.61
108.67	21.16	85.67	5.26	350.68	35.78	20.29	15.63
42.66	78.48	5.51	16.47	13.04	18.54	33.13	19.97
16.77	171.54	49.42	118.49	27.95	25.73	74.16	5.58
20.27	39.09	19.69	78.65	49.29	26.81	39.83	24.3
11.46	6.13	38.89	16.37	19.92	22.75	36.3	26.34
4.12	30.52	49.38	51.62	26.84	13.35	36.33	10.03
8.72	10.15	2.56	3.05	1.18	6.19	6.04	16.92
1.92	3.79	6.94	2.72	2.03	1.7	2.11	1.2
2.42	1.73	2.46	12.91	2.29	9.43	6.7	20.35
11.4	14	58.01	10.65	17.17	2.74	2.8	19.14
135.67	63.6	83.47	79.53	177.18	62.67	52.97	164.44
28.8	7.11	20.25	11.85	8.12	9.17	1.32	3.42
19.79	6.24	8.42	2.89	26.97	3.42	11.35	12.12
3.92	1.33	20.3	13.21	4.97	27.45	27.53	16.82
255.24	26.82	18.55	40.05	23.62	19.18	378.22	94.76
19.58	36.04	9.59	42.15	48.87	1.96	31.9	16.18
17.36	8.24	1.15	5.85	3.23	12.62	6.87	2.78
50.2	159.41	15.48	3.92	35.32	45.6	87.93	28.65
2.36	3.39	1.83	5.76	2.44	1.17	1.5	3.84
8.12	18.17	27.24	8.19	4.3	52.93	44.26	10.27
5.13	5.57	7.77	4.51	4.07	1.87	3.92	3
29.26	22.64	10.28	98.77	25.26	125.6	2.43	8.96
1.87	2.59	6.25	1.17	6.23	2.49	23.37	7.93
28.07	59.84	11.07	7.44	66.1	69.65	98.2	21.97
10.8	6.9	17.43	2.86	19.47	1.02	3.59	1.21
60.96	157.64	90.97	317.59	86.26	150.53	40.6	9.14
1.89	36.53	13.4	29.77	59.74	38.33	21.1	21.36
236.86	4.53	270.8	438.72	77.98	125.66	182.05	223.67
7.18	8.79	19.2	7.26	5.44	35.73	8.43	12.74
11.76	4.71	20.7	17.74	9.36	4.93	41.85	16.98
3.17	2.44	13.89	5.55	6.57	20.1	68.94	8.84
97.35	7.87	10.41	65.02	19.87	4.57	15.53	9.61
9.77	10.54	32.24	37.98	7.42	5.73	47.93	28.79
106.49	40.6	52.11	33.71	52.84	87.17	109.35	14.91
5.3	174.96	34.5	156.26	20.82	14.89	21.46	105.28
10.12	1.98	14.36	8.22	3.29	16.83	2.76	5.83
16.66	16.32	25.11	21.41	28.24	13.05	6.59	65.25
67.62	3.14	137.5	318.63	197.92	43.21	52.22	79.58
19.68	39.6	64.67	65.59	5.43	57.69	4.82	52.09
2.58	1.34	2.84	4.22	3.2	11.55	16.3	8.45
14.44	25.53	130.38	28.69	39.24	2.73	96.8	31.16
3.17	20.87	1.69	48.75	21.72	9.84	4.98	5.33
7.89	19.36	8.19	1.73	23.92	11.46	46.42	21.02
28.76	1.66	27.16	9.52	19.26	2.71	9.29	58.57
109.49	7.38	24.28	17.52	10.68	28.16	95.25	115.58
94.42	9.85	35.32	20.06	76.42	28.27	8.73	77.03
16.28	35.63	8.93	19.13	22.48	3.08	41.16	11.59
7.66	54.54	61.49	18.83	11.37	23.43	52.63	10.11
3.5	1.99	22.47	2.18	1.48	9.24	4.74	3.97
35.9	1.83	22.43	5.04	51.9	6.68	7.9	8.36
7.38	5.86	5.42	8.24	19.74	7.06	10.44	13.88
29.22	47.34	84.04	3.56	6.48	3.31	41.42	43.6
25.09	24.18	380.6	100.66	58.59	109.31	42.27	47.01
41.36	13.36	71.13	7.1	7.73	35.21	51.67	36.94
40.14	5.7	3.32	9.84	14.11	9.78	19.08	11.35
8.38	7.9	33.33	4.44	36.34	23.83	4.62	12.11
18.03	18.42	9.34	113.25	33.33	76.06	41.89	37.37
29.15	89.67	22.13	100.83	5.61	13.4	15.4	38.34
61.61	48.05	11.17	21.32	26.28	16.33	12.31	4.68
20.91	6.21	12.67	1.53	6.62	34.13	2.56	12.88
4.26	5.72	7.76	9.58	3.61	1.02	16.77	3.23
45.57	1.21	66.48	20.91	50.2	6.4	17.96	28.73
24.05	10.55	35.96	26.76	20.09	1.7	9.2	7.28
121.21	133.41	57.11	44.25	3.23	14.62	4.7	34.64
26.99	1.21	6.67	29.36	4.61	9.6	6.58	13.08
17.15	40.32	16.05	5.39	8.14	19.9	65.33	21.74
10.1	7.19	54.89	25.4	4.7	2.37	10.33	6.49
75.06	158.54	51.89	43.56	84.37	151.63	41.8	122.64
10.15	2.9	2.55	4.08	4.26	7.85	3.66	1.09
22.77	20.89	139	70.44	30.6	127.58	40.12	123.45
14.84	9.12	11.91	22.67	41.48	24.67	3.54	1.68
26.84	18.15	3.61	1.92	5.38	15.07	8.6	3.76
1.12	3.85	2.58	8.64	3.29	1.41	3.78	3.16
24.13	23.25	18.62	38.89	2.74	31.26	5.07	6.04
7.95	3.2	10.32	16.87	2.83	4.86	3.78	16.24
2.89	3.82	9.21	5.43	21.49	14.79	1.69	11.71
30.46	111.21	9.78	1.91	17.19	36.7	15.33	13.6
5.58	23.48	16.85	7.07	68.08	22.55	26.98	5.37
9.68	4.11	26.84	26.71	5.9	2.84	32.57	3.19
11.93	39.13	2.29	46.95	7.39	11.8	7.13	3.6
36.7	1.78	4.15	12.74	31.19	3.18	7.11	19.19
18.86	3.98	22.39	50.38	7.95	70.14	6.01	124.97
43.21	7.86	12.09	67.62	51.93	22.4	111.59	71.37
13.67	3.92	1.67	15.29	47.61	25.3	29.22	8.52
4.57	12.93	19.08	84.45	92.68	33.07	82.92	123.63
4.95	4.78	20.45	2.93	18.22	39.59	54.69	107.05
12.12	6.45	14.39	16	16.6	2.36	19.72	16.42
6.62	44.29	376.86	140.29	68.12	124.39	38.72	40.51
5.93	8.38	7.81	1.47	22.35	4.82	4.4	3.12
29.82	48.8	61.22	50	123.48	72.1	59.81	20.36
44.23	8.64	70.88	25.42	11.23	13.9	23.96	22.12
36.13	20.07	16.44	24.11	6.07	17.66	25.3	17.99
57.01	14.77	13.37	4.63	7.2	6.01	1.67	3.55
9.85	12.46	56	6.02	33.87	12.81	71.99	66.6
7.44	7.82	3.21	9.46	7.06	1.39	9.68	2.04
17.26	2.48	11.26	5.4	3.29	2.46	4.12	8.11
51.57	15.99	36.63	49.53	19.89	23.48	5.06	29.76
71.29	11.65	51.92	1.86	13.71	4.69	21.04	11.61
4.58	33.39	75.29	3.48	71.79	84.61	112.92	14.29
1.82	23.56	3.16	12.31	3.38	14.82	11.9	13.09
3.32	8.67	12.61	28.65	2.91	3.47	1.59	3.35
1.09	2.47	2.49	1.19	5.45	1.91	4.02	1.78
15.46	8.73	21.19	153.22	32.09	31.43	23.59	19.39
1.2	3.18	4.39	6.95	4.73	6.68	1.62	3.1
3.13	10.35	12.03	6.3	4.12	14.88	15.7	12.93
52.12	6	10.86	19.37	104.84	68.56	13.59	37.35
2.67	11.99	51.82	13.31	6.61	4.06	4.86	54.73
5.67	17.31	13.85	43.13	8.72	13.46	28.5	151.74
31.39	4.23	66.58	44.74	24.7	27.85	14.24	8.45
22.67	16.24	25.67	102.05	2.34	29.91	51.62	28.05
102.39	88.59	114.06	67.18	14.8	210.93	64.73	1.55
39.26	185.78	35.92	1.8	65.59	41.52	55.99	18.16
7.8	56.77	8.85	7.86	11.84	24.48	65.73	36.05
44.34	12.7	140.7	13.04	5.89	18.88	146.2	1.36
19.09	65.92	26.79	197.32	28.66	52.58	70.02	5.23
11.59	13.14	5.67	20.23	1.08	3.46	15.37	15.1
1.37	4.43	7.33	1.19	6.54	1.73	5.33	8.8
17.77	95.09	90.68	49.27	24.34	67.44	29.52	35.71
3.17	1.53	8.99	1.69	14.48	3.98	7.19	4.26
3.47	11.27	9.31	4.55	3.27	2.76	5.34	1.37
14.89	23.72	4.2	11.1	11.65	5.94	1.67	10.21
60.36	25.1	16.66	53.3	7.92	17.06	2.91	2.72
10.28	41.12	9.06	6.52	26.78	21.31	20.31	5.06
2.02	5.16	1.22	2.78	5.25	2.64	10.44	1.81
10.42	12.72	24.48	4.02	13.93	6.04	2.33	2.23
92.29	96.37	21.91	38.52	101.64	11.13	27.84	45.38
3.11	40.58	11.49	32.19	24.05	82.59	46.06	10.95
117.04	23.47	97.98	22.04	77.3	74.26	70.89	60.69
29.17	16.77	3.51	1.01	16.85	8.99	18.36	3.31
26.18	157.83	138.09	130.64	18.48	88.83	5.63	56.88
2.88	5.77	31.08	28.55	41.4	11	12.52	13.24
7.31	7.24	1.15	2.35	8.33	6.31	6.9	3.56
3.01	14.19	1.95	2.56	5.19	2.09	17.99	1.4
40.49	20.02	22.32	6.99	69.6	40.99	14.18	33.61
3.47	4.42	2.56	10.41	6.48	5.93	1.23	5.5
189.89	83.42	34.78	5.02	71.4	73.64	63.64	50.83
159.06	107.35	90.31	35.98	54.98	68.62	98.18	29.42
6.71	4.39	10.5	39.03	16.05	61.89	8.57	46.96
1.26	5.14	3.73	5.72	11.74	6.18	1.21	1.09
30.76	12.6	12	4.65	15.88	41.7	1.99	9.64
81.03	93.17	140.35	54.34	92.1	135.01	23.27	20.99
10.22	5.44	1.38	2.81	8.92	10.36	1.71	3.64
1.57	45.73	14.43	71.98	19.24	110.44	61.76	18.95
7.38	26.66	17.6	33.73	5.02	9.86	16.83	3.05
47.28	34.42	46.79	18.5	9.47	12.18	219.01	90.45
9.21	12.56	5.23	1.85	22.24	36.34	33.42	11.4
10.06	38.5	29.62	13.1	30.1	28.26	8.51	28.36
20.49	11.11	2.05	28.61	24.13	7.82	17.84	3.78
6.23	75.68	23.55	3.33	35.82	70.48	13.62	14.17
46.89	155.82	33.86	96.64	9.51	13.3	50.02	26.03
54.9	6.38	25.16	31.85	8.73	5.49	10.44	11.18
36.78	147.43	41.08	42.54	92.82	31.99	51.66	143.05
9.76	12.86	5.34	9.13	10.62	1.76	10.18	10.72
18.77	5.38	27.52	6.16	37.58	33.14	3.61	20.06
64.47	27.32	81.36	112.19	20.27	1.44	9.36	22.3
50.5	20.09	39.53	6.1	54.35	72.02	45.72	22.04
155.95	59.71	15.14	26.05	43.62	28.31	5.86	86.92
5.67	13.77	25.37	34.06	26.58	4.98	49.07	60.28
26.36	6.46	26.26	48.96	13.22	16.36	28.24	54.47
31.42	116.87	22.88	9.25	10.94	168.48	9.65	2.93
64.89	70.39	9.5	4.69	4.47	11.72	1.24	15.39
72.14	28.13	102.23	20.85	78.72	24.99	52.58	20.29
14.6	12	18.52	24.2	11.06	8.5	27.58	33.86
40.38	172.14	34.57	97.59	171.66	97.15	244.59	229.29
2.15	17.23	26.69	40.61	23.79	10.77	39.75	24.02
10.93	26.93	17.06	4.13	18.55	21.25	14	14.43
21.88	28.75	18.9	11.28	12.25	9.9	10.04	54.25
28.73	19.34	5.48	32.05	12.23	44.62	28.74	84.11
1.63	7.89	2.17	1.61	2.89	5.5	5.88	7.15
14.35	14.69	13.98	10.68	40.07	60.88	20.14	8.76
45.19	6.28	14.89	20.55	20.72	7.01	20.13	35.26
6.93	16.5	34.76	7.81	12.99	32.15	13.67	13.16
4.51	5.03	2.36	16.43	11.06	4.74	3.51	2.83
4.93	1.96	8.29	5.58	2.43	8.81	1.9	3.6
94.99	8.99	11.79	44.57	32.37	67.15	34.2	44.83
99.01	91.69	93.42	29.38	18.02	5.46	129.28	42.36
4.68	5.58	9.63	9.6	9.08	4.26	11.4	20.66
2.62	12.37	3.05	1.86	19.31	6.94	11.2	15.99
27.49	35.36	17.32	1.54	15.88	10.77	128.7	14.62
7.04	10.67	8.21	19.98	8.65	12.39	18.32	25.17
4.12	25.01	9.06	26.16	22.24	19.07	43.13	16.48
1.95	13.98	48.58	5.14	6.31	91.86	26.13	18.78
31.1	21.54	17.72	73.24	21.16	58.71	11.8	35.12
10.75	19.44	20.49	14.12	57.07	72.97	2.24	28.95
6.78	4.18	1.67	2.46	6.69	14.65	2.64	4.2
3.02	17.01	20.21	11.03	9.37	20.8	8.4	5.42
4.4	18.5	3.53	5.04	2.57	4.96	6.58	3.99
20.14	90.55	5.8	109.66	43.97	45.27	109.29	28.85
379	50.1	9.77	116.38	43.55	7.93	39.76	73.07
2.38	6.91	1.65	1.19	2.19	1.65	3.11	5.53
3.27	1.28	1.29	1.6	2.24	1.42	1.95	1.11
24.68	25.81	6.19	23.27	26.94	4.83	35.23	10.91
2.37	61.68	12.16	6.1	1.58	6.77	5.44	60.47
2.21	1.79	1.82	2.95	12.35	4.89	5.49	1.92
3.1	3.64	4.03	5.48	21.75	9.77	12.14	2.93
6.06	177.87	51.82	8.02	66.13	15.97	70.01	21.08
70.77	30.51	35.12	23.54	184.59	183.88	16.3	126.8
4.24	4.17	2.78	13.43	18.12	6.25	5.7	17.9
20.65	18.37	38.17	24.28	1.37	12.66	27.07	12.21
206.26	13.25	5.25	4.03	144.9	48.08	34.62	178.62
5.96	1.67	3.13	4.73	1.66	6.08	11.07	8.85
137.06	31.33	30.63	9.37	94.23	7.2	55.05	27.74
31.53	30.41	83.69	92.59	101.17	305.85	27.82	30.08
27.97	13.53	3.91	1.42	16.41	14.42	26.35	21.72
23.99	39.26	44.32	28.85	33.73	73.68	116.8	19.39
11.03	22.53	14.07	5.98	2.14	1.42	1.9	12.34
2.23	3.78	4.33	24.02	3.56	7.16	5.15	33.42
390.97	114.66	4.59	98.93	276.03	201.25	154.2	338.35
2.07	5.22	4.65	6.4	4.68	1.51	4.24	2.18
9.4	4.74	4.85	7.12	22.11	6.78	8.09	9.97
5.32	5.77	29.87	9.61	5.64	2.69	22.72	14.17
5.95	4.57	33.1	11.75	2.17	17.15	8.47	2.53
3.81	7.49	27.72	2.49	7.7	37.03	49.61	26.67
115.14	79.01	13.02	12.45	26.93	68.8	4.26	69.87
35.99	47.45	26.42	49.25	21.82	3.83	68.89	62.75
39.06	2.49	7.17	2.29	1.86	7.35	15.68	3.44
7.01	3.23	12.66	29.93	17.82	1.74	10.4	37.41
30.22	22.62	71.78	65.61	261.25	109.01	129.42	35.03
16.33	23.26	32.21	11.87	19.92	18.94	22.47	14.11
15.42	2.31	11.45	2.82	9.17	2.51	7.59	1.35
45.01	40.38	34.21	2.53	28.77	20.33	25.09	8.81
3.91	1.73	5.46	11.67	1.03	4.57	10.42	9.37
36.9	6.05	80.77	10.78	50.07	8.58	12.46	11.88
20.09	98.93	14.78	34.64	7.26	182.05	1.49	132.17
16.43	8.82	13.02	21.17	2.53	5.92	48.66	17.03
18.4	7.88	29.8	2.34	8.26	50.82	2.25	1.37
2.82	6.95	2.19	1.07	1.78	8.52	12.3	2.87
1.87	9.29	7.39	5.34	5.52	6.68	9.16	11.33
13.34	30.66	1.38	18.78	19.33	12.48	1.98	25.85
3.76	125.57	78.54	9.69	20.36	30.83	44.81	36.3
15.65	53.48	30.35	14.03	103.94	10.5	43.23	30.73
14.67	10.28	35.62	19.25	37.61	61.89	7.86	11.55
411.65	358.23	132.97	164.96	166.6	182.98	11.04	553.47
6.86	10.43	5.42	6.75	5.19	6.3	4.37	2.01
2.3	1.71	2.58	3.71	1.99	1.61	18.29	4.23
15.55	34.1	9.19	18.72	3.55	48.33	17.04	41.35
2.48	16.68	8.34	1.82	4.22	7.44	9.82	7.66
39.2	8.45	58.43	4.84	24.18	34.04	30.41	32.62
6.51	1.01	9.41	9.73	4.65	10.98	7.31	2.35
120.28	15.79	67.15	9.65	11.09	34.52	17.14	34.37
60.38	53.83	8.7	14.14	24.43	45.28	30.06	45.75
116.39	102.5	26.3	33	38.72	70.3	14.84	139.66
50.86	7.33	30.06	16.8	12.82	5.61	12.64	77.43
13.98	8.8	31.94	71.54	15.19	143.84	126.37	74.7
6.27	34.88	9.27	4.66	4.81	3.77	12.6	1.83
3.24	5.21	45.4	50.63	13.06	6.16	7.31	59.29
2.15	61.36	10.81	19.97	7.5	2.28	43.34	8.08
7.19	12.94	4.17	5.59	10.02	6.58	7.91	1.87
32.5	11.17	4.62	8	13.75	12.06	7.59	28.08
50.93	49.04	17.64	44.28	15.04	12.75	42.17	13.55
7.24	65.15	102.31	27.25	20.68	65.55	4.11	2.26
1.13	21.63	16.41	23.09	12.09	19.47	10.84	22.82
35.82	18.09	11.03	10.6	31.63	12.85	32.77	2.54
15.36	3.85	3.75	4.61	2.18	2.36	4.6	6.53
11.74	48.17	15.93	21.53	47.1	42.06	94.37	5.95
3.78	5.29	37.15	11.02	11.92	1.56	9.34	1.15
32.95	42.39	13.63	35.26	27.3	7.78	21.92	33.64
28.89	121.74	74.11	76	180.1	12.3	367.5	31.39
44.84	7.63	17.96	37.92	22.91	14.89	42.67	54.38
41.63	115.28	2.75	205.72	28.31	157.1	80.61	175.47
18.47	78.89	24.67	31.57	43.86	47.19	21.04	2.41
8.91	50.75	32.51	24.39	18.6	3.04	55.07	23.71
2.32	11.05	11.23	62.28	130.3	21.76	26.14	17.75
10.62	1.1	10.96	19.01	22.31	63.16	11.79	15.16
13.72	8.27	5.61	8.44	15.03	11.48	13.77	11.64
38.93	64.87	110.94	94.64	34.97	140.76	24.73	63.05
37.19	35.87	68.02	2	60.78	8.84	19.02	45.95
9.08	38.91	15.48	25.7	137.72	46.08	81.89	5.9
74.83	40.85	41.75	57.21	72.43	17.7	25.74	29.79
31.4	28.24	49.94	79.87	68.91	53.04	31.62	133.02
9.64	7.85	4.68	1.2	35.77	6.49	37.11	24.85
170.48	65.46	17.94	33.09	77.09	52.53	37.31	101.83
23.91	60.91	100.55	39.86	56.44	61.46	36.68	14.49
12.89	8.79	16.03	39.02	41.22	35.98	6.78	10.15
2.32	4.33	21	3.09	6.05	33.04	22.07	1.47
28.46	18.74	9.67	8.86	6.37	9.15	8.61	4.53
19.14	18.42	16.22	43.72	24.92	13.77	30.95	14.22
87.47	62.42	3.88	54.94	69.81	29.36	14.22	101.15
56.68	65.38	12.1	18.4	20.56	17.31	9.24	39.49
3.17	2.07	1.64	1.5	10.24	3.81	9.72	1.46
99.38	11.73	101.25	5.84	24.24	41.83	12.26	71.39
1.45	1.27	1.74	2.81	5.04	6.77	1.04	8.4
1.59	7.33	75.59	128.53	36.03	65.83	81.99	44.2
9.02	2.64	1.12	16.61	7.16	4.61	17.44	12.51
11.07	14.27	3.26	14.52	6.43	26.11	1.48	24.8
7.81	35.55	3.75	13.48	3.2	24.38	42.11	26.8
18.74	14.8	12.49	24.94	36.58	30.52	9.54	12.61
13.69	25.03	10.99	52.45	16.9	23.51	21.62	15.15
44.5	165.86	49.62	83.91	41.95	307.11	141.44	10.91
31.87	29.23	14.19	26.04	24.97	31.24	24.39	13.43
84.8	94.7	283.12	223.35	121.61	759.85	551.33	93.48
29.67	14.05	30.67	13.92	25.25	26.63	16.04	32.11
68.03	64.78	6.35	159.37	94.89	38.15	26.91	30.21
3.04	26.91	6.53	10.67	1.33	4.73	6.94	9.66
14.67	10.68	2.01	5.94	20.19	5.09	9.83	22.82
4.25	17.8	14.1	1.1	1.61	16.6	30.04	3.34
1.1	2.3	2.68	1.09	1.47	5.73	8.33	2.77
22.73	40.68	26.14	28.92	3.19	63.32	1.36	4.69
38.58	15.02	27.56	8.9	60.55	10.8	8.04	31.88
51.62	90.43	93.27	23.5	47.36	40.16	48.1	48.47
3.07	8.8	1.67	15.67	14.43	20.17	2.68	18.08
62.8	5.74	11.04	8.21	90.29	14.66	30.47	62.3
16.67	23.36	35.11	103.62	76.46	9.41	8.08	1.55
4.64	7.77	2.43	3.88	3.17	2.06	5.79	7.73
7.75	13.51	7.52	13.26	7.05	17.84	10.58	8.92
41.92	42.19	3.96	60.56	30.86	71.5	27.14	35.25
47.44	2.85	37.04	7.51	1.77	9.39	24.55	62.68
23.15	12	23.66	21.84	4.39	19.89	8.37	7.33
85.97	35.5	208.52	262.08	134.89	77.06	11.79	180.99
49.54	12.25	40.36	7.5	10.71	34.65	7.93	3.35
123.09	142.03	20.21	32.09	66.89	33.03	93.11	30.38
148.94	8.38	14.77	36.8	52.63	14.58	95.91	41.15
5.13	14.27	16.04	5.24	7.84	6.28	12.5	19.54
15.09	3.92	1.65	12.44	1.75	2.1	1.1	17.01
18.74	16.54	27.06	19.78	3.92	36.3	15.64	11.64
79.29	18.95	52.82	78	21.13	306.3	24.9	32.05
34.58	13.57	19.11	81.89	92.94	21.11	26.08	24.24
1.65	1.09	2.52	5.48	2.03	1.31	1.77	1.13
15.88	28.82	11.58	8.31	80.05	106.6	33.4	14.07
1.1	1.33	1.49	1.87	1.76	1.24	1.48	4.3
57.54	42.7	3.48	4.39	25.77	4.71	24.26	17.02
11.38	8.59	29.91	14.5	12.57	6.56	11.9	35.4
20.34	22	28.59	39.81	6.63	27.96	18.86	1.25
20.59	18.13	32.3	69.66	25.82	77.84	198.38	388.17
19.37	23.23	30.89	12.74	113.91	42.11	44.53	173.1
87.38	11.57	7.64	4.9	7.32	3	54.78	7
4.55	18.7	3.36	7.54	1.13	5.44	1.04	3.08
4.12	5.03	15.1	7.99	16.75	10.78	10.95	7.88
170.59	18.09	17.12	20.33	18.59	33	10.49	6.95
3.01	7.22	36.66	3.4	1.72	2.12	21.61	22.4
49.35	12.38	144.4	103.84	156.76	23.47	63.11	14.49
21.58	21.67	35.64	36.02	57.43	57.48	10.97	42.1
18.26	121.21	9.85	29.16	34.89	69.55	31.17	65.8
26.52	8.36	10.14	8.13	10.94	15.86	15.51	17.11
8.15	29.32	16.9	4.91	6.83	5.1	11.8	26.09
36.49	22.4	33.1	41.57	37.6	82.61	1.46	28.4
49.93	12.17	141.9	19.54	86.84	60.57	1.67	194.15
40.3	25.58	141.19	58.28	55.44	101.27	42.28	81.3
1.59	7.07	60.57	143.54	15.88	2.26	90.74	40.62
13.13	12.83	4.5	17.26	10.75	34.87	27.11	21.73
2.33	35.87	19.19	8.95	8.87	40.02	13.68	11.76
2.11	11.17	4.71	11.61	1.66	1.07	3.35	4.24
26.71	14.93	24.96	23.04	65.77	93.1	51.53	33.03
41.34	20.23	20.97	33.19	41.53	10.75	11.1	43.65
22.35	14.75	1.47	10.9	7.08	14.94	16.3	9.02
3.7	12.2	18.43	13.19	2.07	11.25	4.08	3.51
64.15	8.76	4.25	50.89	34.8	10.44	77.25	17.42
24.56	17.76	5.92	7.52	13.11	7.33	12.87	33.66
14.52	1.64	12.66	36.92	9.53	2.3	6.02	5.15
10.33	9.23	1.62	7.29	5.22	1.38	2.95	10.64
140.54	38.21	27.83	27.76	36.35	56.07	3.98	59.7
2.83	4.02	23.3	7.04	4.66	4.15	5.18	2.06
9.28	11.12	49.45	10.65	8.62	5.73	139.64	7.93
67.79	39.89	46.95	25.36	65.62	70.85	202.13	45.6
17.81	8.31	13.6	18.47	2.32	5.81	4.67	16.18
89.45	80.76	49.84	20.63	50.34	9.46	28.06	43.25
245.09	35.26	1.54	109.43	89.11	50.56	70.55	3.43
3.04	6.66	2.74	10.98	3.24	8.92	3.62	1.27
8	1.09	6.13	8.53	3.33	42.15	1.46	17.57
2.46	45.56	69.19	8.96	5.55	18.8	24.74	23.1
9.58	7.37	3.2	16.07	4.56	9.33	6.9	2.19
7.5	20.72	3.63	9.3	3.91	8.51	2.86	21.44
16.48	3.63	1.13	3.7	28.24	12.01	4.02	1.23
4.99	4.47	1.24	1.62	2.81	3.07	3.16	4.81
1.81	3.13	1.24	3.57	2.67	2.03	1.69	1.58
1.2	10.66	10.12	18.91	1.37	1.76	8.26	9.46
1.82	1.09	6.91	4	4.87	8.54	10.42	6.43
2.79	29.76	25.32	7.97	11.77	14.99	8.05	14.88
25.09	55.88	15.97	19.37	15.99	10.11	2.74	93.48
58.91	78.13	89.81	3.41	5.6	80.3	38.99	172.08
49.16	31.23	27.5	36.11	53.06	136.51	37.94	31.8
84.09	121.11	404.94	46.1	55.45	1.2	136.4	99.22
7.76	50.89	14.6	15.02	12.45	7.65	25.82	36.01
27.2	7.03	6.27	12.12	23.38	22.18	5.91	45.43
1.92	20.64	34.66	4.44	2.27	2.45	17.31	6.62
2.28	1.07	19.53	1.77	16.76	8.16	2.67	1.46
72.61	4.82	5.2	28.99	4.01	54.7	5.8	30.01
12.01	40.28	33.35	16.18	5.85	17.05	18.35	24.47
20.02	9.08	3.93	26.51	66.16	7.92	13.93	13.7
5.67	14.07	8.42	1.23	1.15	5.03	1.81	3.06
1.69	1.22	6.86	8.92	2.49	3.08	1.58	2.05
1.63	26.15	28.07	25.64	20.46	55.24	7	3.47
1.91	4.03	2.53	2.49	2.42	2.85	1.25	4.74
5.08	12.64	51.94	35.77	4.95	37.52	25.44	9.9
10.98	27.29	9.37	55.04	6.67	7.65	97.36	1.49
9.42	31.92	107.7	21.27	134.82	70.78	75.13	5.64
19.97	15.41	142.11	23.69	16.72	60.54	137	93.02
16.64	5.13	10.57	2.86	18.22	9.87	51.85	20.82
107.93	75.54	4.63	59.84	2.83	22.49	93.73	31.23
21.73	18.88	1.74	11.02	2.71	44.32	44.35	5.28
5.41	2.74	12.07	4.11	37.2	9.88	9.89	22.66
9.62	12.34	11.53	3.94	3.08	30.33	5.28	10.51
2.34	17.97	28.84	1.25	10.96	1.45	6.38	10.01
87.4	15.9	18.47	37.64	14.76	9.37	31.86	15.81
6.25	11.38	42.49	12.22	31.22	23.68	20.38	16.68
1.22	2.73	1.29	1.17	1.53	1.93	2.41	1.36
5.09	8.73	9.74	6.44	27.72	5.95	53.94	13.98
13.23	5.4	2.24	8.43	9.35	40.89	3.92	3.47
39.67	31.96	80.42	55.78	59.04	2.18	47.22	84.64
2.42	5.53	6.19	5.68	1.36	1.39	4.37	15.22
41.77	172.77	42.71	326.98	46.67	96.07	31.1	151.15
24.35	72.44	87.83	149.78	228.39	40.35	100.21	29.73
68.21	22.46	100.05	211.77	82.01	49.58	23.84	50.64
240.3	108.67	100.43	52.39	27.6	85.53	49.01	8.73
19.02	15.56	52.74	68.8	33.92	18.99	57.81	26.11
10.14	32.15	11.77	1.51	25.23	10.04	2.62	6.39
11.12	68.82	23.18	13.27	74.34	73.13	106.23	52.74
25.97	44.27	65.29	2.29	5.37	54.55	77.85	17.03
19.43	46.34	6.42	47.14	32.19	2.5	28.64	64.39
8.26	9.63	40.33	59.96	64.53	110.01	34.42	11.03
9.86	20.91	4.86	7.34	12.53	7.72	4.36	10.33
150.43	23.37	80	5.18	32.79	30.25	74.36	53.8
2.33	5.4	2.56	7.76	40.01	12.92	9.99	10.03
14.04	28.61	53.1	5.22	46.36	35.59	61.89	18.76
29.83	47.52	65.53	10.09	14.11	101.15	11.51	15.59
2.2	3.15	1.38	2.98	1.07	4.67	1.06	6.11
10.77	9.78	7.17	5.97	2.38	23.17	4.53	14.21
1.13	1.05	2.4	7.22	2.14	2.06	2.18	1.32
17.91	11.92	9.61	27.41	33.47	8	6.18	18.59
74.66	105.61	4.47	65.61	10.12	90.96	72.58	154.24
13.66	12.53	49.5	4.39	4.92	18.71	10.23	2.55
8.14	19.59	7.17	35.91	1.71	9.77	2.75	33.22
3.9	2.31	4.86	16.78	9.86	19.1	14.01	9.39
6.23	20.07	42.29	74.14	50.12	49.38	36.77	2
60.53	3.37	79.82	29.95	60.68	13.57	58.14	29.37
18.98	17.06	74.9	25.22	59.67	4.16	40.32	15.64
120.77	21.38	208.67	70.13	95.34	114.76	37.78	29.98
48.94	30.53	42.01	10.45	19.75	15.03	84.7	32.21
85.78	57.31	16.25	34.83	21.32	46.59	34	10.65
80.47	9.7	86.1	58.9	28.93	17.38	124.97	28.89
90.25	24.2	163.31	48.59	30.78	130.39	138.9	90.84
43.11	16.82	2.81	10.57	21.11	3.95	12.89	2.85
1.94	1.14	6.4	6.97	7.92	10.95	17.91	4.46
