15.6	2.45	8.71	7.83	3.96	4.48	12.04	13.17
17.74	5.38	9.07	1.79	6.09	3.57	2.61	7.67
4.18	59.71	13.75	2.12	20.26	26.04	1.75	19.57
28.17	37.02	9.27	14.02	4.06	75.21	2.99	37.74
44.12	27.23	19.49	39.63	114.8	2.93	1.56	11.93
13.14	13.62	20.85	39.73	38.64	23.44	11.35	9.25
29.77	25.85	1.25	32.18	12.59	27.94	15.08	18.39
14.18	21.63	34.47	15.43	8.3	25.25	2.21	6.77
21.47	30.06	7.15	22.27	13.12	7.73	20.04	10.02
10.18	41.28	83.31	10.59	52.39	61.59	34.4	62.07
6.28	4.24	59.9	27.67	16.56	126.52	21.24	41.01
40.08	51.6	95.33	12.66	197.15	4.73	54.04	29.02
38.63	13.51	18.94	2.1	4.04	11.17	3.37	35.51
7.41	8.71	4.78	23.31	2.28	33.38	3.44	119.48
5.67	11	4.88	2.42	4.15	14.1	4.34	2.96
6	12.7	17.74	8.41	1.51	4.2	14.76	5.7
23.68	38.91	69.52	27.06	9.4	20.5	7.46	25.18
43.91	3.62	17.67	2.66	30.96	96.79	1.59	8.26
9.23	27.63	26.83	26.88	14.11	25.42	8.11	3.74
2.57	2.23	9.91	8.58	10.12	12.82	5.13	30.36
32.2	101.4	93.21	36.71	31.56	32.49	15.51	45.58
25.28	203.28	50.04	40.05	3.15	52.23	57.63	46.44
7.16	18.06	13.79	66.53	18.1	12.79	43.13	6.8
79.93	113.73	4.77	42.9	58.24	88.73	33.98	10.39
1.52	2.15	4.84	7.63	4.42	2.58	3.27	4.67
8.82	6.8	3.74	1.05	3.08	11.02	1.06	1.8
73.23	21.58	50.32	1.21	21.85	85.95	9.94	74.34
21.81	54.16	42.91	75.06	48.56	100.2	27.16	19.71
20.9	40.41	5.5	47.98	109.5	41.97	74.49	10.01
12.54	2.7	17.94	3.27	1.89	20.95	1.34	1.54
96.36	39.79	77.2	6.59	129.22	34.29	108.87	109.13
94.48	174.77	10.69	123.15	10.33	1.41	13.43	54.5
10.85	9.18	7.64	22.09	1.49	15.65	21.98	5.78
6.65	15.85	29.95	10.25	8.65	15.59	3.52	46.98
8.56	12.64	1.29	5.28	3.04	14.08	21.38	4.2
17.02	20.37	10.46	13.27	15.87	13.22	41.75	43.96
1.48	4.42	10.52	11.89	16.37	21.62	5.3	8.3
6.42	3.25	14.33	14.39	3.95	1.31	7.39	1.61
2.67	1.12	2.43	1.32	3.75	3.3	4.68	1.3
10.08	34.01	22.84	41.55	23.08	24.74	11.68	6.73
2.25	6.02	17.89	2.22	2.39	4.97	17.36	2.16
2.31	1.94	2.53	2	1.24	5.35	7.82	6.7
35.12	96.31	109.09	79.03	14.48	78.54	28.28	10.98
18.37	13.68	23.48	15.06	25.18	15.89	8.16	21.53
6.08	3.08	10.51	11.99	4.25	6.69	5.03	6.11
4.58	20.32	6.02	38.7	40	39.54	97.18	106.26
1.31	3.36	3.13	20.33	7.31	6.92	42.11	6.82
75.69	10.82	50.82	272.25	35.89	101.71	285.43	188.92
4.85	20.68	10.04	13.68	4.22	70.83	41.38	15.75
1.72	1.74	13.14	6.56	10.17	15.04	18.53	11.25
2.11	5.88	4.18	9.56	2.2	11.34	4.03	31.59
82.47	40.12	322.35	78.68	41.45	148.79	92.11	154.07
6.33	25.01	39.81	29.02	54.84	10.17	69.67	6.28
22.8	62.49	34.59	4.53	15.01	3.17	4.65	14.3
12.66	19.55	8.32	9.49	53.17	32.16	31.02	24.57
18.19	37	132.88	70.29	6.91	47.32	51.25	40.19
20.83	154.74	33.75	16.78	31.92	95.08	11.72	47.25
13.21	26.24	2.24	2.7	21.4	14.69	9.27	6.73
16.56	5.99	13.47	14.82	83.85	11.2	38.06	17.86
1.16	3.65	16.28	10.28	6.56	3.38	3.63	3.53
26.42	15.37	54.5	8.38	23.55	12.24	5.42	17.63
2.47	5	33.03	13.95	5.87	10.11	19.25	11.33
19.69	7.26	82.91	55.22	62.49	30.86	120.58	66.04
19.18	5.34	1.32	41.71	3.49	4.2	7.47	4.12
15.13	4.66	12.28	28	3.97	1.43	29.56	2.33
15.02	9.09	36.56	3.72	8.49	15.58	8.27	7.61
7.3	44.32	20.19	30.25	20.57	9.13	4.23	2.41
5.79	5.93	2.35	7.23	12.83	1.86	1.77	4.42
5.12	51.46	53.71	6.47	25.18	8.2	9.47	11.23
2.24	1.46	61.47	30.51	52.15	41.45	18.32	14.64
22.12	8.73	47.61	35.64	143.15	51.34	48.09	23
56.96	16.71	19.55	8.66	73.96	17.72	34.76	9.67
65.02	47.63	17.41	17.08	36.32	45.85	24.46	55.21
16.85	18.04	17.24	2.6	7.23	47.28	32.77	1.76
1.19	3.01	4.02	3.38	1.17	4.29	2.45	1.73
5.46	2.06	6.38	15.46	12.54	2.1	17.23	6.16
18.64	95.35	76.07	60.61	109.25	2.92	28.37	64.24
4.48	54.12	53.65	16.24	101.63	16.39	116.43	25.56
48.8	8.19	55.21	13.08	30.97	13.44	30.59	71.78
5.78	4.26	3.19	1.02	4.89	8	3.74	3.1
10.29	4.72	9.87	3.52	5.1	3.27	6	3.43
16.95	21.73	41.67	2.99	8.24	37.32	37.41	15.12
17.57	20.08	9.16	15.28	56.04	19.32	14.64	3.68
46.17	11.57	22.47	60.26	20.77	60.79	32.53	18.75
3.32	1.92	3.35	10.96	3.51	3.85	1.91	6.68
85.46	67.84	15.12	4.03	7.87	9	11.27	27.91
36.93	113.74	162.18	65.24	127.29	149.88	191.6	222.18
17.68	71.9	7.81	2.61	32.44	18.46	20.98	9.83
13.55	10.66	30.2	19.86	6.82	2.24	25.93	16.97
47.3	25.39	8.7	28.73	10.01	12.75	5.19	30.7
124.4	31.15	148.85	24.08	37.87	7.86	19.51	5.81
32.81	36.22	35.73	7.27	11.06	22.26	54.09	7.13
47.89	59.56	13.69	22.11	6.61	66.15	118.64	5.21
13.95	18.73	48.53	1.19	4.48	5.28	27.68	11.92
89.14	5.65	50.3	6.73	7.68	39.7	5	117.92
10.94	4.84	38.8	6.6	55.65	45.99	5.26	20.6
19.02	9.29	4.74	8.45	3.13	5.37	7.74	3.2
28.11	18.95	96.53	33.71	168.76	15.23	16.05	39.42
2.69	6.43	89.16	39.14	48.41	10.35	23.54	11.24
17.77	22.09	6.31	23.46	12.82	5.88	5.92	3.99
8.79	2.57	10.63	15.64	6.37	5.2	7.3	3.56
15.67	13.13	1.46	6.92	44.01	7.06	10.33	21
7.31	114.83	17.06	3.24	22.13	18.55	52.13	2.81
43.86	12.24	16.73	14.85	2.73	59.61	2.36	1.45
14.56	1.28	9.35	13.6	3.63	2.29	5.6	9.24
124.07	37.02	108.11	12.18	25.12	44.85	35.39	26.84
81.46	15.54	34.11	80.71	111.59	71.44	132.87	61.52
10.07	4.08	9.24	19.72	38.18	4.05	1.61	7.54
15.29	13.19	53.32	3.44	4.58	1.1	131.84	30.59
1.96	6.46	15.93	6.19	6.32	10.42	6.94	1.17
67.64	27.51	7.63	15.01	20.75	32.87	4.29	18.66
19.54	32.05	22.16	47.55	136.51	74.73	17.5	111.45
25.39	111.68	21.41	72.18	36.49	93.36	8.04	106.87
182.55	2.03	21.34	36.62	7.4	19.66	19.94	74.21
5.12	38.73	17.37	62.11	45.55	1.61	26.64	4.04
171.27	77.16	27.46	32.98	21.26	135.45	42.51	67.75
23	44.5	72.47	114.63	18.33	33.86	90.53	106.01
18.23	185.89	33.8	51.72	130.52	2.12	26.07	8.96
5.56	14.82	17.5	14.08	19.78	6.16	7.55	17.25
3.31	4.63	5.42	4.63	1.65	7.83	21.25	4.61
1.22	10.06	10.62	22.47	8.13	5.54	41.9	53.02
9.45	39.75	1.49	15.59	3.98	39.54	2.05	3.7
11.25	2.71	5.32	3.95	6.08	2.48	26.62	3.85
272.64	52.03	87.36	70.84	72.69	100.01	65.77	106.93
7.28	12.06	29.58	5.84	10.63	3	7.68	2.21
22.86	3.51	14.08	15.98	12.56	32.75	30.22	25.3
15.89	55.8	29.72	16.38	59.37	42.5	110.41	29.21
10.19	13.65	4.44	5.68	5.49	34.3	8.99	22.44
52.83	1.91	4.49	9.66	14.64	39.12	6.17	39.2
274.24	5.48	24.24	76.19	18.54	70.89	284.46	7.67
166.29	118.08	127.42	27.47	22.56	44.24	68.25	7.71
8.26	8.44	8.72	33.35	34.26	84.59	18.41	38.49
50.08	42.9	42.45	54.69	212.44	96.1	59.58	107.36
6.93	20.32	2.81	45.95	12.06	17.95	11.69	11.73
1.44	9	10.36	9.8	8.25	2.71	5.07	3.62
174.36	154.77	21.68	2.87	45.57	18.76	19.56	119.99
2.21	2.33	2.55	7.04	5.95	5.04	4.94	1.61
46.68	32.67	53.61	9.42	12.2	4.83	39.93	107.39
4.88	8.72	3.91	15.8	7.45	3.05	1.16	26.55
18.87	353.53	141.15	140.09	86.96	65.91	113.32	59.87
286.45	10.21	22.23	121.2	25.93	12.69	167.06	63.97
113.66	12.21	34.7	40.31	30.64	78.59	28.88	91.93
9.01	6.35	33.01	2.87	3.95	13.31	11.13	5.14
2.36	9.18	1.26	34.27	7.1	15.8	1.78	4.77
35.91	12.91	41.17	42.13	13.08	26.16	26.55	16.17
12.56	3.07	4.24	62.05	18.49	17.18	11.54	159.19
18.25	13.85	6.5	55.43	2.7	38.65	3.73	3.2
3.73	28.03	13.49	1.01	4.49	19.31	18.18	18.79
9.65	33.64	15.01	3.56	13.26	13.09	6.94	1.46
24.51	46.55	41.97	11.51	19.47	22.18	1.56	25.49
4.48	42.04	2.87	5.43	9.38	102.3	103.24	76.4
4.53	12.3	20.01	34.4	10.18	32.72	28.42	7.18
31.82	1.56	124.37	33.85	42.72	16.87	27.02	70.31
1.81	18.01	11.35	31.49	19.37	59.41	72.81	24.77
17.95	7.21	75.7	38.22	122.27	30.39	78.57	16.11
34.22	36.96	10.12	14.74	38.54	57.51	58.87	56.75
156.67	47.79	58.04	11.89	43.83	4.26	166.03	65.07
5.9	53.67	11.71	30.63	80.98	14.62	23.56	15.48
16.89	4.24	5.35	33	2.66	17.83	8.87	11.09
2.86	1.54	15.39	12.53	39.72	22.16	11.74	16.48
24.11	125.49	40.69	47.14	57.8	22.48	185.48	50.63
170.98	91.66	69.5	135.79	81.45	74.47	1.78	120.23
3.43	3.94	3.42	2.11	6.49	5.45	6.07	4.26
10.1	11.54	5.26	11.16	4.04	28.23	1.79	6.52
14.29	74.12	17.18	12.07	2.55	36.84	39.29	41.66
43.77	24.19	29.5	37.45	55.85	186.81	2.17	71.45
46.28	20.33	19.41	42.6	27.15	25.21	1.53	14.9
276.89	67.86	23.91	46.31	39.58	129.26	126.75	219.65
14.58	15.87	16.7	56.28	3.19	69.78	37.36	3.74
15.86	1.9	43.44	3.5	24.66	25.68	23.61	2.91
16.51	43.99	6.94	30.82	35.52	17.76	8.23	37.6
22.26	41.7	4.91	7.04	13.44	46.23	28	26.21
8.02	25.11	27.8	1.72	13.39	8.95	5.72	17.03
6.9	6.05	6.82	5.14	3.18	13.52	4.8	3.4
39.08	116.51	30.26	96.61	9.57	16.36	84.91	10.73
19.74	8.72	14.03	27.02	22.8	17.43	4.1	11.02
30.4	8.65	3.22	18.27	20.88	7.19	2.27	3.45
5.82	6.1	5.89	3.62	17.62	1.93	10.6	26.56
12.76	8.65	45.46	17.73	16.1	73.48	23.72	19.07
1.69	1.13	5.1	1.41	6.58	4.63	3.77	1.94
77.53	19.84	4.21	27.5	89.32	53.55	66.78	6.69
110.28	62.57	236.1	20.35	5.16	40.37	75.02	9.87
33.72	16.92	6.87	21.17	2.78	11.5	35.68	44.21
23.73	12.77	8.88	34.97	17.23	13.39	13.35	9.5
4.11	23.63	16.37	64.62	23.84	29.81	13.59	12.6
5.45	11.21	2.65	8.99	15.46	8.96	11.12	7.08
2.35	2.72	17.39	8.67	11.23	1.3	9.74	7.85
2.99	3.74	3.11	2.25	5.15	9.86	1.14	4.92
17.04	56.67	6.29	77.89	42.74	16.35	14.77	2.34
1.64	5.17	10.81	7.34	3.19	5.37	3.87	21.34
52.53	1.21	20.39	31.01	9.53	9.99	11.04	39.4
15.17	9.24	108.87	128.59	5.37	1.45	20.88	28.83
11.29	15.21	4.31	5.08	5.7	17.28	4.92	15.28
19.76	37.59	56.87	21.62	1.91	2.54	99.21	19.77
3.71	11.93	2.58	7.64	12.48	8.04	22.13	26.58
41.23	38.16	23.3	26.2	30.02	9.38	60.25	12.75
14.71	4.42	51.84	14.04	22.89	3.04	3.73	8.54
8.97	4.98	1.75	2.66	3.51	2.81	3.22	1.64
6.75	4.29	16.6	18.44	27.24	119.36	2.53	3.64
32	4.82	9.61	6.1	15.32	28.69	10.66	20.7
6.39	18.35	29.92	17.07	12.35	51.07	7.52	3.6
23.29	24.39	61.79	25.25	25.35	26.96	12.83	4.12
14.1	5.59	5.65	18.23	40.19	9.13	5.72	17.24
23.5	44.58	44.7	99.77	21.42	16.91	20.56	28.08
219.44	103.49	27.75	175.68	208.05	69.97	36.92	259.59
116.29	89.31	19.1	47.74	280.73	95.35	36.1	219.25
39.41	7.92	11.07	22.54	19.03	7.01	36.82	16.2
5.03	4.2	6.79	4.8	1.36	5.18	19.64	2.07
21.73	10.37	11.88	16.18	9.63	22.79	22.01	10.94
4.37	2.94	67.37	5.55	12.11	11.58	2.56	50.74
49.59	61.02	86.11	13.78	18.6	68.24	75.58	26.54
7.98	87.92	32.67	22.68	97.25	18.6	16.13	17.39
5.12	21	17.65	45.47	22.54	28.82	1.94	11.24
334.22	14.14	58.26	41.36	136.71	5.18	23	8.64
85.43	2.04	24.71	57.86	4.8	15.85	45.88	36.83
29.7	3.4	17.54	7.87	8.51	1.74	7.51	25.28
9.44	4.04	5.93	4.68	6.97	3.48	3.91	1.54
57.75	12.24	9.71	71.9	56.87	10.37	7.88	42.39
1.67	1.62	7.41	1.98	5.4	2.73	1.45	2.32
16.44	89.56	35.16	43.65	20.33	39.48	13.72	40.74
24.4	2.32	32.95	8.98	14.98	19.57	4.13	19.39
10.34	7.92	8.95	2.61	122.9	23.63	36.07	29.92
22.13	9.91	9.72	1.81	64.82	19.48	54.48	176.74
7.22	86.53	39.69	28.1	7.58	21.58	37.48	14.5
3.47	1.46	6.14	5.44	7.98	6.13	2.72	2.22
321.41	97.93	168.7	46.11	35.14	156.52	16.69	124.85
12.56	13.29	48.5	10.26	8.64	36.26	196.34	112.56
10.25	13.22	7.25	33.96	14.59	3.08	41.46	2.05
1.57	7.55	15.65	3.98	1.1	11.61	2.35	4.45
14.16	1.49	4.94	1.22	4.28	15.94	3.94	11.64
24.88	9.41	11.8	5.86	26.33	1.84	6.5	54.85
4.79	29.27	46.09	30.09	15.17	2.99	13.24	4.7
118.68	53.41	15.98	91.1	65.18	36.91	50.93	334.03
7.95	10.93	3.5	26.22	79.32	69	75.16	47.95
1.86	3.54	3.87	1.06	2.36	3.91	2.96	3.04
42.09	51.31	7.09	21.17	37.76	43	7.2	36.78
6.63	74.65	29.76	34.67	22.58	147.97	15.87	18.56
2.55	5.97	2.24	5.11	2	14.29	8.99	2.42
237.22	104.74	40.78	69.43	8.93	18.06	34.11	45.35
16.86	20.81	9.95	28.39	3.23	9.72	23.4	9.37
14.56	15.6	42.96	44.77	19.61	4.02	37.58	13.34
56.91	71.26	21.77	8.91	30.18	14.15	69.41	69.87
69.67	21.88	17.49	9.08	1.76	15.27	11.55	8.56
5.56	9.03	10.88	11.71	26.95	16.76	8.15	21.32
172.41	221.27	150.37	5.31	94.41	74.42	112.07	240.12
1.06	7.52	1.91	1.79	2.93	2.75	2.85	7.13
2.35	33.34	1.58	15.38	16.4	49.24	2.57	6.34
1.82	1.32	2.24	2.69	6.34	2.23	4.02	11.43
1.61	6.18	8.84	1.92	14.79	7.69	9.34	15.86
146.72	54.19	110.93	165.8	41.91	46.93	30.12	30.33
3.73	34.42	8.75	13.8	18.31	12.38	21.68	4.03
97.06	112.49	34.7	3.18	5.62	55.44	245.39	9.17
3.11	4.24	2.11	3.05	2.85	7.23	5.56	3.96
3.6	11.07	17.57	7.34	4.96	21.22	8.56	24.99
6.08	60.39	38.74	46.55	56.24	12.53	18.38	192.07
33.06	4.93	26.48	33.32	62.92	14.23	59.21	48.17
79.79	10.39	93.32	13	14.2	79.72	22.32	28.54
49.28	77.1	54.15	394.19	182.73	44.1	63.12	66.47
1.73	4.3	22.42	6.79	45.07	2.31	13.25	5.57
11.31	3.87	9.3	1.17	16.19	22.25	11.85	4
12.48	28.38	140.97	231.11	6.38	39.77	45.69	11.8
29.37	61.19	67.98	56.35	87.6	114.63	84.59	5.06
26.97	11.56	25.3	14.59	74.18	11.57	3.44	4.95
10.85	33.67	27.56	12.91	11.62	3.49	26.74	12.99
72.79	31.85	18.48	48.93	20.54	10.37	31.17	388.08
32.58	14.28	33.32	2.05	69.15	25.43	20.87	38.98
26.73	15.46	5.7	1.44	16.31	20.79	28.39	65.48
4.75	3.85	1.1	3.6	1.14	5.54	1.31	2.35
1.57	19.79	1.17	13.11	3.77	53.16	8.36	23.83
31.18	154.72	5.41	26.12	19.85	5.17	23.83	134.9
6.86	3.95	9.75	27.48	5.68	4.05	4.04	15.75
2.18	10.36	15.94	16.77	1.64	1.46	2.61	12.76
4.15	3.76	1.54	1.23	6.81	3.72	7.7	5.54
1.9	1.06	1.13	1.44	3.24	1.1	1.55	1.52
20.42	8.92	40.92	17.12	5.18	6.36	4.82	10.47
29.41	18.67	2.58	27.98	43.44	4.17	14.5	13.25
54.94	10.52	11.18	40.3	91.94	112.52	22.02	145.46
16.2	2.27	7.79	6.62	16.97	6.1	2.58	24.41
41.71	14.68	9.22	30.07	4.69	23.56	15.52	76.09
14.41	2.04	13.19	8.09	5.21	9.96	12.83	17.25
4.47	2.44	3.31	1.22	3.17	1.72	3.35	5.14
14.26	8.38	21.91	14.1	3.45	17.35	8.88	1.97
48.06	42.39	152.65	3.48	13.21	12.73	13.82	11.2
21.46	25.91	87.53	93.57	46.33	70.35	13.7	70.06
30.98	10.08	29.13	5.16	2.5	22.32	28.59	9.04
30.9	40.63	44.1	15.3	1.15	7.49	6.06	85.8
17.51	22.31	19.59	4.83	1.03	3.11	6.66	30.48
17.64	117.71	1.78	49.72	20.24	18.54	76.55	96.81
78.64	3.49	49.07	43.8	110.01	10.2	56	104.72
3.22	10.62	3.4	1.98	7.89	1.76	1.38	1.4
13.62	29.41	11.64	111.38	11.45	103.32	32.67	18.92
21.87	140.77	18.06	93.65	5.86	20.69	36.86	18.23
13.22	8.06	29.9	5.62	19.01	39.4	31.52	7.7
1.16	1.6	2.81	1.43	3.32	1.89	1.1	8.2
15.19	55.41	1.04	9.51	5.08	15.05	20.88	5.73
50.46	45.18	71.23	2.54	8.79	117.87	26.01	13.49
17.57	5.2	19.25	63.11	79.52	40.68	46.41	4.08
11.74	3.21	1.96	6.66	7.97	7.98	13.59	24.59
3.77	1.77	4.19	4.53	3.23	1.38	2.89	1.43
5.95	10.97	28.73	36.81	129.73	27.19	28.18	6.28
27.07	7.92	120.77	42.33	124.31	6.66	17.18	38.17
125	74.48	69.56	65.88	59.79	12.5	172.1	94.32
9.33	29.63	6.17	7.54	11.48	19.65	11.51	22.33
70.43	40.55	40.37	29.51	21.31	165.68	21.96	27.55
1.96	3	3.44	1.17	6.18	1.18	4.54	3.19
3.45	8.23	16.01	15.81	10.12	38.07	9.63	3.7
2.76	11.55	15.27	5.04	3.15	4.8	22.03	28.01
6	6.05	7.49	8.39	11.73	7.63	3.11	1.04
11.05	37.26	43.06	18.25	18.33	127.76	21.81	139.45
237.81	8.95	9.6	60.03	28.13	6.56	7.64	68.15
95.79	70.05	33.11	2.7	13.55	43.79	12.92	12.23
61.67	55.89	15.11	40.17	40.49	17.96	17.4	135.29
60.35	30.03	12.11	34.97	15.7	17.32	10.29	8.74
15.94	24.97	2.12	71.69	30.94	3.09	6.95	16.39
102.97	57.69	15.21	14.66	39.19	41.91	36.5	58.37
20.91	2.11	25.7	20.98	4.1	20.87	27.77	1.13
144.33	80.77	237.49	38.33	210.75	36.76	104.88	32.92
25.29	14.1	2.7	20.37	22.55	27.58	29.22	19.86
29.58	2.37	9.29	105.92	23.38	1.02	17.71	40.29
35.42	18.54	22.17	13.31	5.47	11.62	13.42	10.94
2.64	11.52	21.15	17.51	26.54	36.47	72.28	21
32.63	54.41	99.85	34.52	2.95	96.67	103.91	57.18
79.07	74.56	9.34	37.45	1.53	40.3	3.2	10.48
4.48	6.86	1.27	3.88	4.45	4.65	5.32	2.98
12.83	5.92	76.29	2.63	33.64	20.49	42.66	13.19
14.78	24.21	9.18	2.01	21.68	11.2	5.24	11.21
1.67	6.98	4.25	2.39	9.03	2.51	5.79	6.73
30.63	22.75	4.7	6.98	48.07	69.65	29.13	5.12
8.28	2.64	9.46	15.48	9.23	2.2	32.39	4.49
21.51	19.11	4.7	7.18	3.64	9.02	11.24	3.25
14.28	9.12	71.47	72.69	2.67	17.83	4.39	147.69
17.99	9.52	19.26	7.15	26.42	57.45	54.37	5.07
10.28	11.15	10.5	39	16.05	130.06	53.5	24.97
16.06	11.63	8.3	15.28	7.16	1.9	6.86	2.42
5.99	167.08	24.78	34.36	108.62	41.38	27.41	55.38
1.18	1.51	10.22	3.9	5.59	3.56	15.58	17.93
18.88	1.88	5.68	2.38	2.5	4.77	10.83	4.28
1.89	1.17	1.43	1.79	3.07	5.32	1.98	1.62
16.99	10.1	15.98	3.81	7.47	17.65	2.64	19.64
101.1	56.67	52.54	46.89	40.63	54.53	84.07	8.81
22.1	2.29	6.86	2.12	5.26	4.49	1.94	11.36
25.21	21.93	15.49	5.8	41.4	1.99	17.58	1.26
25.47	12.98	28.88	47.33	43.85	31.45	23.18	43.8
18.97	29.2	51.38	81.37	101.01	68.92	43.23	17.36
83.53	196.62	44.13	34.1	42.21	35.17	89.82	37.46
15.3	39.56	15.32	9.05	52.9	11.94	4.53	45.8
4.78	66.46	112.2	12.3	53.54	2.04	10.81	56.01
1.76	15.83	18.88	16.67	12.97	1.48	5.75	8.55
153.13	80.3	15.02	312.12	71.13	18.21	39.24	32.6
104.1	112.51	22.57	7.49	2.2	10.94	50.36	66.25
34.57	52.72	10.19	13.64	9.98	10.76	15.1	32.67
17.98	1.74	11.48	10.17	3.36	31.48	14.24	10.63
28.25	30.56	31.44	13.54	43.83	8.65	50.88	11.34
41.26	7.37	129.28	42.6	22.32	22.74	36.47	21.12
26.52	67.73	8.76	11.02	36.24	17.58	2.25	16.45
2.7	1.52	1.42	10.8	30.26	8.27	2.74	24.29
18.91	25.78	27.3	7.74	14.57	13.42	24.72	41.03
13.07	37.13	27.85	5.1	18.76	41.79	8.96	32.86
21.75	13.59	51.24	55.17	20.84	9.63	17.07	35.69
1.31	11.64	4.05	13.66	2.63	8.64	4.63	9.51
69.23	20.66	1.59	31.09	71.21	53.21	18.43	62.37
3.63	8.21	4.6	11.94	18.41	59.06	1.31	7.91
4.75	34.36	1.86	7.41	8.26	14.43	18.91	70.91
2.09	7.3	5.56	3.41	37.41	9.08	26.46	19.03
8.78	1.65	26.9	25.67	16.22	3.05	48.09	51.97
7.42	6.76	1.57	5.06	6.75	4.04	7.16	15.88
5.42	1.68	15.65	2.74	10	5.96	19.54	9.4
6.52	3.86	3.07	3.27	6.11	3.25	5.39	7.22
39.13	3.26	30.6	3.95	26.7	18.42	17.29	3.71
1.18	1.71	3.57	1.04	2.81	1.44	1.4	2.47
1.11	4.72	3.34	5.51	2.1	2.33	1.89	1.9
47.34	35.74	2.48	2.75	26.85	41.95	83.41	20.66
10.67	2.9	6.1	4.19	1.45	3.6	6.03	16.11
27.97	1.22	9.45	3.18	16.98	32.36	2.96	6.68
9.85	7.74	2.77	14.03	12.41	1.46	24.18	10.58
4.74	9.94	22.52	35.63	10.95	7.06	6.93	8.96
35.14	19.66	50.67	19.2	67.89	21.78	5.26	20.08
6.36	18.43	12.6	22.73	44.17	2.31	56.91	82.18
32.87	108.24	23.23	89.84	22.76	14.27	93.17	45.91
48.01	6.94	12.04	31.21	46.67	50.44	4.02	40.84
26.1	33	39.29	30.75	11.35	45.15	62.89	2.85
11.54	23.85	10.44	16.1	4.05	2.24	1.96	7.17
17.15	4.55	9.3	7.6	30.06	10.8	42.15	35.7
4.14	1.14	9.54	14.17	3.94	18.37	10.97	2.82
6.09	3.85	4.78	7.13	4.28	14.29	1.17	12.68
12.31	13.23	7.06	1.22	2.17	10.25	12.06	5.99
49.03	16.47	25.87	13.66	9.92	5.11	3.96	19.08
3.01	17.1	3.21	2.23	8.12	7.1	10.13	1.86
51.61	131.96	50.96	41.06	49.05	47.96	118.7	85.54
5.01	52.36	58.28	14.44	28.01	3.58	21.01	48.34
2.21	1.99	2.01	5.09	1.39	4.31	2.5	3.01
5.03	5.46	7.68	1.47	13.37	4.44	1.71	2.46
21.93	212.2	144.2	472.13	48.92	146.14	122.73	122.35
24.01	22.77	36.04	38.59	25.96	73.75	15.06	60.03
38.11	30.62	39.91	7.71	2.75	17.19	17.32	56.48
42.58	63.73	8.8	86.84	122.37	12.76	83.28	9.41
12.47	1.87	4.19	5.75	10.23	6.41	8.93	4.77
31.03	103.2	66.15	64.55	14.95	34.75	19.95	35.44
3.79	5.62	5.69	2.07	1.87	18.08	9.14	11.97
12.26	14.46	4.82	33.64	4.16	23.6	5.18	5.62
17.25	40.54	26.89	1.25	11.14	9.35	16.94	6.37
3.55	15.52	2.8	3.73	17.74	11	1.49	12.99
87.05	14.4	71.88	19.38	138.23	70.85	108.86	641.74
23.02	1.49	7.49	9.14	3.08	11.2	11.64	10.54
11.98	63.62	37.76	59.77	92.01	55.7	142.99	25.32
4.86	11.57	2.25	8.07	9.54	3.25	3.83	19.72
7.05	19.39	19.32	7.94	85.68	4.08	14.85	8.43
289.73	156.19	61.42	76.22	204.6	268.03	130.92	7.43
130.6	15.46	84.58	433.86	30.76	278	63.75	81.19
14.54	143.72	93.48	95.58	81.85	85.4	104.73	33.2
11.12	17.44	3.79	21.8	5.85	1.69	12.89	19.09
26.15	71.21	26.96	44.14	12.39	43.37	17.32	3.52
10.77	29.69	7.33	18.35	43.35	11.77	29	25.96
58.81	41.49	48.07	73.42	30.3	39.57	64.06	10.16
12.44	10.77	5.06	6.51	2.56	13.64	7.73	15.56
208.6	106.23	74.7	23.58	3.82	93	20.94	59.28
22.71	32.21	20.45	14.44	51.96	16.54	25.08	5.07
4.78	12.09	28.37	6.99	2.87	18.28	17.45	14.87
53.68	119.55	71.45	123.32	91.06	221.73	11.44	266.09
25.56	8.49	4.81	6.16	18.08	12.43	32.42	73.06
9.66	20.75	1.33	1.5	12.36	3.09	28.36	49.23
53.15	29.49	55.56	46.68	23.11	350.66	109.85	181.22
52.11	21.78	92.45	232.84	146.06	47.1	64.99	56.51
3.66	19.96	4.46	6.79	21.78	14.14	10.87	43.37
16.79	1.94	18.51	2.83	3.16	1.06	9.57	17.91
21.56	69.6	3.57	25.46	5.06	87.82	24.21	40.31
4.67	9.54	23.8	17.94	1.31	6.15	4.42	3.47
12.37	45.95	1.16	36.58	38.73	71.9	19.69	6.35
91.75	48.24	30.55	55.68	28.29	55.97	5.54	132.06
46.9	7.32	57.31	12.92	33.3	35.52	6.22	7.68
2.95	43.78	8.03	13.53	21.17	1.05	11.88	27.79
10	10.34	10.24	1.19	6.38	20.66	10.99	28.38
5.87	8.98	8.32	25.02	9.94	1.71	11.4	4.74
3.57	3.01	9.85	2.6	1.22	5.55	4.26	1.38
98.8	5.38	135.44	60.66	63.7	10.75	11.69	36.37
56.52	2.62	47.63	19.72	1.46	43.33	32.65	4.02
4.83	1.89	1.87	10.71	4.17	11.64	3.25	2.98
48.35	39.59	24.56	10.81	1.28	4.81	36.75	5.41
2.65	3.33	5.25	9.72	1.76	6.05	8.87	1.85
3.63	24.55	7.28	7.43	8.88	11.58	6.07	5.69
7.85	12.31	10.32	2.92	16.73	31.63	17.63	27.17
30.85	66.08	100.96	57.71	15.11	66.5	29.64	14.98
10.27	29.71	30.41	22.21	50.98	16.02	7.83	8.91
9.65	17.48	38.14	9.98	63.71	13.27	33.97	7.53
65.78	34.4	23.54	78.4	14.95	102.83	12.87	18.37
25.3	38.97	43.66	47.94	17.55	18.19	35.97	53.82
30.51	18.19	38.12	6.72	16.43	13.93	10.2	11.12
23.36	6.17	28.15	17.07	4.2	10.47	13.95	14.75
32.03	12.13	8.61	13.65	6.19	3.17	10.84	2.05
189.47	17.87	62.06	264.39	147.49	33.96	144.53	37.51
4.07	3.44	2.18	6.08	2.98	1.33	2.12	3.84
18.34	7.09	13.14	36.8	1.86	5.13	3.53	1.05
7.91	2.7	6.19	3.6	1.7	3.25	2.79	3.99
15.69	6.98	3.25	16.17	4.32	12.19	20.81	4.36
9.24	1.72	6.36	7.82	5.73	4.41	3.2	10.12
6.53	5.31	8.05	12.89	14.49	17.45	12.55	2.12
32.07	7.46	33.9	85.57	38.75	19.77	86.62	36.26
99.74	247.69	26.88	89.39	12.03	40.84	70.74	42.37
1.99	40.85	46.84	50.58	113.3	104.57	40.91	12.42
61.09	157.1	30.72	99.03	29.41	49.01	17.53	80.62
3.84	9.46	10.22	3.3	8.02	12.51	13.76	2.77
2.99	8.86	1.09	1.92	1.3	2.13	1.03	1.3
4.02	2.41	17.79	9.85	4.3	3.64	1.44	16.28
11.08	1.81	8.88	9.71	5.36	19.4	7.54	2.48
43.34	13.81	9.68	8.29	22.75	12.36	44.5	35.96
10.07	6.63	15.16	14.87	13.59	12.14	49.81	5.26
1.03	2.06	2.07	7.81	4.29	7.91	6.24	4.43
1.06	7.54	3.32	46.99	8.16	29.03	12.93	11.96
5.43	2.4	24.99	4.37	2.04	2.23	2.13	18.97
4.6	23.61	10.37	15.12	52.11	14.62	19.87	18.86
294.38	354.09	108.25	36.04	233.06	218.37	147.76	73.18
39.62	28.39	1.2	1.17	8.57	10.87	6.47	55.2
25.81	54.19	93.23	10.99	96.09	7.23	38.31	103.88
13.77	14.48	2.74	1.26	1.69	3.85	2.83	4.03
1.66	2.53	8.25	2.85	1.34	1.45	3.27	10.7
74.7	24.28	72.8	1.15	134.12	28.38	44.03	39.62
20.21	4.94	1.78	3.84	11.33	4.02	11.62	1.1
42.17	33.84	45.17	3	22.19	2.82	16.46	39.71
32.74	12.69	20.45	3.06	9.26	13.13	8.58	20.37
13.39	28.29	13.9	45.52	213.89	12.67	54.07	30.92
123.29	220.39	257.92	45.54	18.84	22.36	347.07	107.48
5.07	14.19	5.24	38.81	22.42	38.21	9.17	1.8
1.46	7.6	1.65	27.71	4.19	4.23	8.6	14.6
4.33	6.33	14.01	7.7	12.22	15.5	4.45	11.88
25.3	11.92	7.78	10.04	14	5.3	16.22	3.73
34.85	25.54	318.12	71.77	168.6	90.33	18.86	43.87
10.97	11.91	26.5	14.81	4.83	4.89	17.61	14.63
59.83	77.99	31.94	12.01	21.1	7.06	6.04	31.22
9.03	41.96	4.43	27.6	3.38	5.3	15.1	22.3
1.16	2.23	7.68	79.17	74.3	156.63	16.68	32.77
21.57	21.82	12.86	1.6	6.78	5.11	3.03	2.64
15.32	8.78	41.19	10.24	22.59	10.36	5.92	8.22
1.56	2.94	1.26	1.87	1.18	3.44	1.58	1.35
2.6	4.75	11.5	28.65	6.9	12.15	14.74	12.43
102.7	118.45	60.91	65.84	107.43	25.04	1.3	90.84
1.72	6.23	38.4	26.01	22.97	34.4	18.49	29.62
5.06	27	36.99	27.83	12.3	8.7	37.55	16.73
5.32	1.21	2.55	4.1	2.2	3.03	1.49	3.59
5.75	9.43	4.1	4.11	2.6	9.24	19.98	4.24
42.02	21.83	11.94	48.1	39.44	10.11	8.1	34.59
2.27	4.67	15.9	1.32	8.66	18.79	28.02	10.38
5.92	4.14	31.89	4.51	4.25	1.24	9.41	2.54
1.21	30.13	11.49	11.66	29.27	1.57	7.28	10.83
21.23	25.74	38.22	24.37	29.66	10.07	8.97	10.96
458.81	35.62	162.32	97.45	143.94	78.91	26.87	145.74
44.64	25.94	44.54	49.47	124.26	9.12	22.31	103.26
1.26	5.14	5.57	1.63	3.54	3.78	8.59	2.75
124.65	127.48	7.02	16.75	46.93	231.74	64.97	60.71
4.76	3.72	12.16	17.35	76.84	5.92	24.68	6.4
118.16	70.19	80.42	71.69	48.2	64.52	86.92	119.62
22.66	4.21	16.64	39.47	15.99	31.04	51.24	1.54
6.53	75.58	27.34	16.23	2.35	95.38	133.52	70.16
15.91	9.22	29.04	37.07	39.56	64.81	13.5	12.42
8.67	13.45	2.49	5.43	20.04	14.89	1.36	2.59
73.46	55.02	94.41	79.08	167.08	97.87	103.96	55.53
3.79	2.45	3.1	1.96	1.5	3.58	5.64	2.31
10.84	11.29	6.69	2.38	26.72	18.05	16.72	6.05
7.81	10.58	4.48	7.71	10.74	6.02	15.82	21.53
7.97	3.68	77.61	28.79	12.17	1.03	1.11	6.61
2.43	5.08	2	15.38	6.63	3.07	10.93	4.45
3.83	3.13	1.9	2.12	1.38	1.31	2.63	3.51
5.31	7.31	15.37	10.34	4.56	10.96	10.28	1.64
140.77	18.82	112.83	22.47	3.07	19.68	77.8	6.43
2.83	15.82	10.31	17.95	15.17	5.15	3.73	1.33
5.04	1.39	7.65	22.77	19.36	5.68	10.11	4.66
3.78	13.15	2.86	16.99	11.28	17.82	8.82	7.97
2.79	2.54	11.44	4.24	4.18	25.4	11.57	16.51
12.69	10.29	34.63	17.6	4.69	16.29	7.02	8
1.1	13.02	9.18	3.54	1.66	4.75	10.21	15.18
11.44	55.11	105.21	52.27	27.74	25.03	4.5	19.49
7.67	34.28	7.35	6.58	7.97	33.74	26.26	6.81
4.71	6	9.14	3.87	31.92	13.07	18.34	2.9
111.34	16.81	52.07	105.08	151.47	16.74	9.23	47.8
14.01	6.02	9.53	33.9	7.14	20.84	1.8	14.68
2.82	9.31	1.11	3.93	4.97	9.49	2.18	1.39
16.64	61.46	47.36	26.89	4.7	7	45.81	3.4
4.57	14.78	9.35	4.41	3.2	5.63	4.93	20.94
46.57	26.52	68.11	28.61	10.06	24.55	100.34	59.34
26.13	76.27	11.13	4.65	20.2	37.33	38.96	11.28
1.22	1.64	12.69	1.44	5.85	1.73	3.21	17.96
52.1	14.34	37.21	49.16	7.31	10.28	7.04	6.19
54.72	44.18	5.3	25.37	47.09	75.21	22.33	20.74
3.13	32.1	3.51	5.9	6.24	4.54	10.89	2.42
2.69	2.35	14.39	7.02	4.12	3.76	4.97	14.77
21.32	87.55	65.68	7.81	24.95	28.01	45.29	59.81
6.98	38.08	10.03	23.74	25.22	11.87	178.01	66.81
8.06	5.38	18.95	7.95	6.67	2.6	8.02	17.88
2.03	12.73	1.71	7.26	11.59	4.61	8.82	3.26
4.54	101.97	20.25	8.88	23.45	56.63	30.26	2.24
16	3.9	1.2	32.72	5.28	31.65	117.15	38.55
26.94	45.25	14.2	23.57	65.78	36.07	59.91	9.71
55.1	79.13	23.01	39.31	15.72	303.06	32.39	38.43
8.75	13.29	69.54	23.36	46.34	15.65	26.37	26.09
18.43	9.31	3.64	6.29	12.61	2.68	1.68	6.98
5.65	21.81	4.38	8.48	1.69	4.76	4.97	13.21
5.94	5.28	4.65	1.25	11.28	25.84	2.18	8.66
10.99	6.41	7.98	19.23	14.41	4.35	1.5	10.89
26.69	1.84	6.08	18.14	36.59	41.02	37.05	15.13
12.87	36.52	3.13	16.68	48.38	68.53	5.29	9.94
2.62	6.09	3.47	5.24	8.64	35.8	11.58	2.81
3.57	14.67	25.97	91.74	16.63	14.81	89.95	23.61
27.56	12.72	1.92	26.96	18.25	18.4	21.73	13.62
83.38	36.25	41.09	6.53	39.84	83.33	24.48	89.67
14.57	41.45	16.74	68.13	8.2	18.63	9.67	14.05
20.04	1.42	8.75	12.96	15.93	16.87	17.62	14.76
13.54	13.38	20.05	28.47	17.14	8.31	82.44	16.81
157	123.06	9.57	35.01	43.8	2.57	74.99	16.77
10.86	8.48	35.45	5.72	16.51	3.52	1.8	4.85
19.95	49.59	8.31	3.88	3.31	5.85	4.31	4.01
1.99	12.16	1.05	4.35	16.27	3.47	4.79	44.02
160.83	56.08	322.37	413.07	191.41	53.59	26.75	38.6
3.22	12.59	64.89	7.62	43.57	40.86	32.21	4.15
12.51	20	4.39	2.45	56.34	16.56	6.03	13.8
2.91	14.17	11.88	153.48	52.48	3.69	9.79	20.84
8.25	19.43	22.77	21.01	23.28	49.98	10.44	20.4
241.77	12.13	48.58	1.55	30.39	69.75	28.42	82.71
88.22	68.63	29.21	3.7	252.53	50.3	69.98	42.41
61.77	50.66	16.17	160.69	3.19	25.2	10.67	94.26
1.74	1.01	5.25	7.22	5.99	5.77	1.03	4.4
7.38	7.48	9.13	2.54	2.05	2.79	3.07	11.28
115.99	186.53	335.06	44.57	37.02	204.73	30.45	162.6
12.07	13.57	24.24	24.18	18.82	5.31	13.15	13.31
5.26	1.24	22.49	5.13	1.93	7.23	7.91	9.49
56.3	39.74	42	13.3	11.18	8.57	39.72	21.53
2.23	2.11	1.45	2.15	2.26	4.38	2.46	10.81
42.52	60	35.68	21.32	89.97	30.61	43.92	53.01
20.12	30.67	6.72	158.83	74.25	23.42	38.82	109.41
1.53	3.13	2.85	2.06	2.6	1.89	3.29	2.91
1.67	2.06	2.32	4.59	3.22	14.27	5.13	15.06
27.28	20.48	10.64	6.15	33.01	7.72	11.47	33.32
45.06	43.54	41.94	12.09	22.91	12.47	22.3	73.37
36.3	11.34	22.59	2.99	110.5	1.02	14.48	75.9
4.86	1.06	18.16	3.28	14.16	11.37	27.65	47.12
36.91	49.39	13.16	21.26	3.57	211.96	190.59	83.24
37.85	11.2	33.36	63.9	35.71	2.11	74.41	60.91
11.57	30.48	20.84	24.03	5.37	21.44	51.13	47.08
25.77	246.16	43.71	49.2	13.22	97.76	35.24	56.6
63.07	69.44	6.76	80.02	6.01	10.51	59.18	23.68
2.18	15.94	2.62	4.17	4.12	17.59	2.91	3.37
2.58	9.47	4.34	9.39	26.86	15.89	63.1	17.18
94.77	16.23	52.97	12.81	19.48	10.17	59.7	28.04
1.84	1.62	2.88	1.32	3.9	1.87	1.2	2.18
3.87	18.81	6.42	11.75	2.16	19.51	5.41	5.86
26.49	10.11	5.42	3.5	49.83	10.12	5.84	35.76
5.14	1.08	4.97	3.64	5.66	3.7	10.18	1.45
35.9	5.76	11.59	4.33	51.81	27.61	41.4	2.27
3.5	10.25	14.37	30.62	19.75	48.29	5.97	39.19
134.45	112.75	44.81	74.76	47.88	4.54	19.77	167.3
6.56	13.26	11.27	7.76	2.32	3.43	3.41	2.56
399.45	64.82	64.16	137.1	116.23	12.03	76.27	37.64
22.1	26.26	59.71	18.66	132.2	3.93	145.46	22.19
158.27	84.24	286.12	25.32	170.52	53.98	25.49	81.23
11.82	8.86	4.81	11.02	6.85	5.87	4.47	4.72
11.7	28.76	33.56	28.4	106.43	110.08	2.57	202.79
35.07	12.58	267.16	58.52	23.61	17.58	63.55	15.97
96.4	21.11	75.25	27.9	49.83	7.51	42.26	108.64
45.87	32.75	111.37	23.2	11.21	8.35	17.9	30.84
3.55	5.01	6.52	5.94	4.75	5.99	8.44	5.15
36.07	82.38	15.72	6.59	29.67	1.84	13.66	4.56
17.75	48.43	2.99	44.85	24.63	1.17	45.34	52.15
2.6	10	3.5	16.13	12.68	6.45	13.69	17.48
3.22	1.75	1.41	1.34	1.36	2.2	8.58	1.81
8.32	3.78	14.63	21.58	5.09	2.42	1.92	1.46
7.86	3.07	4.82	10.44	4.79	10.59	10.79	11.71
28.49	8.88	18.04	42.1	7.34	82.17	26.97	16
75.6	79.51	51.96	35.97	82.25	9.54	32.54	56.68
5.75	11.66	7.2	2.16	4.12	1.52	10.88	1.62
28.37	18.7	5.13	40.71	103.28	14.62	52.92	64.98
45.64	20.52	46.39	45.39	37.03	152.2	153.5	77.44
8.61	6.29	9.95	5.09	7.1	2.77	5.18	3.94
4.01	28.99	4.16	14.73	1.64	34.12	8.79	52.29
12.95	27.67	5	29.28	35.63	34.59	14.24	7.33
18.64	35.62	4.43	4.1	67.73	42.63	49.96	51.06
13.22	27.96	25.2	14.29	8.79	22.71	151.41	66.73
53.21	40.07	111.63	24.95	11.11	58.33	5.33	53.72
5.27	35.94	5.9	62.89	15.11	34.32	16.14	10.09
36.31	11.8	47.18	44.56	136.38	8.93	60.1	31.23
65.76	4.19	16.95	10.89	2.62	15.69	23.78	14.64
48.9	15.44	36.28	49.84	36.7	4.5	44.01	6.99
1.72	23.81	10.96	38.35	14.17	5.59	20.09	10.88
15.81	5.62	30.49	9.85	40.75	21.79	21.66	7.24
1.74	2.4	1.1	2.2	4.03	20.2	9.38	1
57.59	69.87	44.33	43.07	24.97	84.13	76.73	83.3
3.97	1.11	2.28	19.2	1.96	4.34	2.35	7.72
30.29	5.32	78.67	2.3	6.16	23.8	8.81	9.18
1.68	5.58	1.89	2.72	1.96	1.84	3.94	4.78
3.24	5.86	9.77	9.92	8.15	23.49	9.88	8.52
11.51	6.13	14.53	7.64	13.85	8.87	28.78	29.71
82.94	52.65	5.61	26.57	5.36	9.09	13.65	53.07
5.85	34.31	21.78	11.31	34.81	14.91	25.2	14.45
20.65	2.5	10.93	21.11	4.51	1.1	40.33	39.03
18.96	24.63	35.91	12.42	18.34	20.71	21.65	31.5
29.31	13.05	1.27	6.6	57.14	8.2	11.14	17.25
22.99	12.27	8.92	11.26	15.34	55.64	35.83	32.54
37.05	4.68	43.99	19.89	13.18	21.04	84.53	17.11
1.71	12.41	5.67	19.13	11.12	10.83	4	12.55
45.96	50.83	9.18	69.5	64.5	3.35	8.13	47.77
2.07	47.53	21.07	124.73	69.7	41.26	27.42	9.06
35.32	43.73	39.31	42.27	27.05	53.63	2.77	18.24
35.57	28.35	10.98	8.71	23.09	29.4	2.55	12.25
53.65	23.31	8.36	6.09	37.33	5.19	8.51	7.53
113.48	51.76	260.43	82.26	40.09	87.8	123.12	106.83
9.83	15.27	36.94	4.89	158.06	12.68	8.01	8.12
7.3	5.5	11.74	19.86	1.17	2.04	9.25	2.82
4.21	4.53	1.73	2.5	1.61	7.76	6.7	4.38
21.27	64.05	3.54	1.43	29.3	30.54	12.03	22.24
58.15	13.93	20.92	58.56	11.59	40.2	23.85	45.5
16.99	35.66	84.97	40.04	34.51	21.99	96.51	1.41
4.27	4.77	49.2	39.94	20.46	167.77	66.32	2.2
171.7	66.59	2.58	70.46	83.64	46.64	37.36	29.88
29.61	23.75	23.43	28.33	51.41	7.6	18.49	46.22
12.28	5.65	2.47	17.13	8.97	4.32	23.42	8.63
51.41	30.69	6.88	44.12	37.37	22.75	14.66	23.68
25.71	56.17	17.43	28.12	8.72	21.62	4.67	13.91
10.91	3.11	27.87	16.84	13.07	10.31	14.46	104.43
97.09	23.97	111.19	14.07	28.58	48.37	23.53	32.68
32.99	34.56	10.92	22.2	6.27	100.31	48.76	51.94
1.72	5.44	9.51	58.2	27.79	14.83	19.71	5.84
21.72	3	14.19	3.71	17.27	12.3	1.05	4.73
8.23	14.92	26.3	8.97	22.77	9.77	19.33	22.85
64.74	29.51	488.54	166.51	10.14	103.3	38.89	190.81
13.71	50.25	66.32	5.57	16.49	9.63	38	58.32
1.18	7.62	2.61	15.27	32.29	9.45	16.45	5.41
24.64	1.88	94.37	114.78	39.06	176.78	131.22	15.32
49.21	7.59	1.1	1.29	1.63	3.66	8.86	39.62
38.26	23.42	5.1	10.07	34.59	45.35	40.68	52.19
115.4	42.74	41.25	17.59	61.95	14.87	100.43	24.32
24.45	3.96	64.04	5.01	77.01	7.68	6.13	38.59
67.92	27.25	98.81	45	80.15	12.93	60.28	6.67
154.89	12.65	174.88	10.45	10.15	35.55	68.07	43.43
1.91	7.62	20.72	3.97	8.61	5.85	5.33	54.67
1.81	2.1	3.87	6.09	2.59	1.68	4.28	3.65
4.83	7.21	3.69	3.89	5.51	3.89	9.67	1.13
12.71	14.14	76.34	31.66	43.03	11.04	14.28	25.93
37.38	49.08	14.72	21.73	88.35	19.6	50.74	110.62
113.14	187.37	52.68	149.05	102.17	31.4	316.01	20.06
16.71	13.49	240.81	103.84	10.32	32.59	18.77	66.76
13.17	6.39	7.69	7.19	7.84	9.73	8.33	13.19
1.04	3.45	6.77	5.99	1.88	14.76	1.58	1.11
15.96	92.36	3.69	14.56	24.7	22.64	20	13.29
139.75	17.32	15.18	16.33	12.93	95.31	3.51	53.43
121.15	28.18	28.8	13.79	127.99	59.05	85.73	196.87
4.39	28.52	39.94	25.89	32.5	6.4	2.85	38.2
18.26	40.61	68.48	43.54	83.8	125.15	13.6	22.99
15.73	13.12	14.97	9.64	1.44	12.44	11.34	36.44
36.87	38.78	138.11	50.1	33.66	20.3	127.05	76.07
32.1	125.7	55.4	42.26	40.85	1.85	9.5	5.58
17.17	10.23	12.78	27.69	101.54	81.75	94.13	33.8
35.58	131.13	32.21	26.66	5.01	41.7	11.91	84.37
3.41	55.57	32.33	190.08	5.37	88.43	49.69	261.56
31.34	22.91	48.08	38.48	62.12	12.96	36.37	65.06
51	12.26	82.34	43.73	46.06	92.93	136.69	1.25
33.54	10.6	64.11	36.49	43.97	8.76	26.11	175.56
1.82	6.03	1.47	7.01	1.77	5.52	1.63	4.12
11.02	10.09	4.13	6.69	19.58	98.45	45.47	36.85
2.59	3.99	5.95	3.78	5.05	5.02	1.9	13.3
3.17	1.33	2.11	2.62	1.1	6.57	1.96	3.17
11.67	30.91	80.83	4.52	61.08	20.28	37.06	91.1
9.33	17.3	29.04	16.12	19.4	52.21	97.73	11.27
3.65	3.08	2.55	3.47	1.22	4.79	2.71	4.46
1.91	11.54	17.91	7.94	2	8.99	8.73	9.94
17.27	17.52	38.01	62.92	24.92	118.18	54.51	5.11
82.55	10.61	43.37	14.01	19.44	47.26	39.12	12.82
16.91	2.65	24.68	7.32	23.82	4.58	6.31	19.88
4.24	5.02	11.16	25.22	29.71	75.12	34.77	12.49
34.54	11.19	10.47	115.35	10.18	38.81	7.67	62
18.73	30.79	19.74	6.96	11.94	53.12	17.28	45.25
47.51	66.69	19.29	16.71	136.31	129.46	30.28	37.7
5.4	3.35	5.45	24.72	17.85	9.29	1.78	16.44
78.12	16.81	143.12	28.44	43.56	16.1	49.45	85.03
43.84	188.23	92.76	42.49	10.69	11.96	5.32	59.25
68.87	5.53	61.68	51.5	9.77	3.68	19.32	6.75
44.27	59.02	52.25	97.86	99.29	37.41	11.88	20.04
14.21	5.31	20.59	42.93	31.7	29.62	9.07	1.84
96.41	20.37	9.49	154.63	45.61	24.28	30.36	90.42
33.95	26.53	5.53	13.69	2.82	24.47	8.87	8.39
69.61	44.53	34.29	29.87	4.89	31.26	6.26	45.04
63.56	148.7	51.09	6.01	158.64	130.29	308.18	56.53
5.8	31.83	8.3	38.63	4.48	39.6	25.41	22.5
23.14	61.54	23.2	162.89	58.34	15.15	4.9	162.97
60.17	12.74	214.3	6.97	32.94	11.02	28.77	29.04
1.14	4.31	1.71	4.99	2.72	3.04	4.46	4.37
3.66	4.42	4.65	9.1	4.78	4.13	3.81	5.96
76.79	66.27	43.57	13.7	32.24	9.78	21.51	24.39
5.24	3.87	2.07	45.2	10.61	2.09	1.17	14.51
26.19	8.9	2.92	1.11	3.08	1.31	4.58	3.14
27.75	21.34	43.48	10.54	39.92	149.25	11.78	29.46
19.71	28.45	7.48	12.08	9.66	1.79	41.54	4.33
35.02	26.29	15.95	5.99	19.31	24.36	12.71	17.84
8.16	5.32	10.86	70.02	23.42	30.78	19.99	29.31
15.76	6.05	7.95	19.71	26.81	11.07	1.58	12.94
21.39	3.64	14.24	21.67	104.62	24.13	164.2	196.65
6.16	53.7	24.44	77.42	166.52	56.75	19.45	31.74
88.52	20.09	11.22	36.82	22.9	89.53	9.21	24.96
162.27	78.72	68.65	106.24	11.52	67.29	80.37	149.79
56.15	88.88	82.69	23.23	43.3	66.61	58.16	1.99
2	57.18	6.59	1.26	9.39	55.54	11.52	40.94
9.19	58.39	34.85	31.81	5.48	42.64	10.18	186.67
12	52.23	30.41	49.44	14.53	25.51	7.44	21.38
46.71	52.71	21.91	54.1	46.18	104.47	20.71	28.53
30.73	10.14	38.23	26.18	4.36	61.22	21.04	17.57
6.54	60.47	61.86	29.74	16.75	93.06	76.65	24.33
15.13	48.48	66.48	38.59	3.25	36.06	77.42	10.92
15.64	13.21	3.15	14.23	15.6	6.05	3.22	3.47
58.61	29.11	138.1	106.88	16.91	27.55	63.09	37.23
33.97	25.12	65.55	11.93	3.16	43.8	69.83	79.74
2.58	62.32	7.99	8.33	11.86	100.16	3.68	55.65
7.97	16.48	66.63	37.38	3.93	5.65	16.24	14.49
20.51	42.36	20.93	11.85	29.83	6.36	15.98	11.52
4.8	3.51	20.24	4.98	7.16	13.45	34.64	7.4
6.24	6.94	1.16	27.32	30.32	26.14	8.84	1.84
69.6	9.5	7.25	27.86	15.24	14.73	93.23	24.24
102.87	19.05	35.56	112.21	55.45	119.68	198.75	7.49
40.08	7.79	5.22	12.16	1.89	21.09	12.79	15.57
9.99	7.48	8.44	10.23	2.19	17.5	45.05	2.58
48.14	36.05	12.78	51.2	5.73	80.61	28.25	85.39
42.64	26.32	2.36	53.38	66.06	63.19	26.02	10.58
91.38	49.68	14.78	16.25	58.29	10.49	1.41	3.76
63.66	2.42	22.79	11.67	12.26	1.7	7.84	10.53
103.78	29.68	129.03	41.34	42.64	297.96	16.62	11.32
9.7	19.56	2.82	34.7	40.32	38.91	52.03	56.51
82.59	82.17	46.82	91.08	40.18	91.92	92.26	62.18
3.67	5.95	2.8	2.54	2.72	9.12	5.63	2.54
26.5	41.13	21.82	12.32	15.42	40.32	15.42	2.94
2.23	1.18	10.59	3.47	14.85	1.01	7.57	14.43
1.7	5.62	1.07	4.24	4	3.18	3.4	7.55
58.95	9.48	4.18	55.95	8.14	3.82	3.42	25.59
3.73	2.4	1.38	4.38	13.26	3	2.57	5.88
4.08	9.45	3.3	4.21	14.74	28.68	15.83	3.6
19.73	19.86	12.06	3.85	1.11	7.23	37.83	14.56
7.42	2.84	2.12	3.51	2.87	5.85	1.31	1.23
57.4	9.7	47.27	94.09	17.58	57.31	22.03	33.07
21.57	23.59	66.1	7.09	8.7	28.16	6.45	28.5
10.6	5.14	43.39	17.06	14.44	11.64	12.16	15.15
2.35	18.19	4.22	28.2	10.56	16.16	46.37	29.67
3.62	30.46	31.42	1.37	14.44	6.61	41.05	22.33
19.16	138.46	22.54	10.14	5.49	57.34	2.45	10.77
20.28	11.85	149.95	2.83	36.58	6.15	19.37	16.23
37.81	50.64	48.61	12.04	114.6	16.07	27.41	88.32
25.7	69.63	10.79	26.24	16.94	121.64	23.1	8.08
3.65	2.77	5.58	2.75	5.54	7.68	3.69	6.67
35.11	33.74	16.68	39.23	109.94	77.41	17.96	10.04
4.5	28.91	18.11	4.12	5.41	10.39	8.8	15.3
28.02	82.9	59.8	13.41	19.38	14.4	13.52	28.87
3.96	25.21	60.72	60.12	27.4	15.39	26.48	82.93
15.19	22.95	5.26	51.82	21.85	14.08	6.15	1.09
4.08	5.53	7.33	75.69	71.93	15.65	36.19	57.17
34.18	4.61	4.63	3.79	7.62	7.82	2.02	4.14
130.88	24.95	20.34	10.83	40.72	45.69	131.6	8.11
35.02	23.3	11.39	49.71	3.32	19.59	27.63	6.85
14.21	2.73	13.89	25.33	27.31	15.47	12.89	8.44
16.53	24.19	5.5	18.65	43.32	7.92	21.61	41.83
11.05	52.05	6.34	3.86	8.85	36.76	33.26	109.38
35.67	28.58	6.02	9.09	15.89	36.05	89.62	21.09
1.15	5.25	8.13	9.39	24.23	10.18	3.35	2.85
63.23	30.69	54.67	82.03	9.14	75.7	8.96	47.23
4.91	1.28	1.75	1.02	5.62	1.64	16.38	7.66
13.76	77.92	86.7	8.46	2.24	8.4	5.31	25.56
25.97	116.66	19.44	3.75	14.27	38.6	22	72.43
17.25	2.53	7.76	3.4	3.09	6.61	1.67	1.16
1.66	8.1	23.79	13.98	7.39	16.78	4.94	7.6
2.44	30.35	47.89	68.08	34.55	64.66	21	21.69
4.96	16.43	8.01	5.85	14.63	58.06	49.08	71.02
2.43	24.47	15.12	4.54	8.48	24.88	2	10.59
43.9	24.28	5.53	1.42	1.29	203.67	9.66	57.78
19.56	5.93	17.98	3.4	1.22	6.81	1.71	26.8
62.11	24.18	1.59	23.76	1.98	40.84	11.37	45.64
5.83	10.38	1.58	2.06	14.21	5.7	1.7	6.66
9.5	1.63	24.29	24.08	14.14	27.91	18.87	10.64
10.84	2.03	1.78	21.06	10.15	7.77	13.58	10.76
10.13	102.15	92.81	4.7	21.6	31.4	72.27	57.84
2.78	3.27	9.35	3.37	12.12	1.31	6.5	10.49
7.77	6.68	10.02	4.52	42.64	12.81	10.89	3.17
35.46	48.96	7.98	10.81	21.57	22.04	7.77	90.76
15.26	21.85	12.61	13.36	93.4	47.23	11.14	54.29
475.72	19.79	12.7	45.21	223.1	212.96	119.23	93.03
7.79	184.71	10.06	8.34	7.36	21.75	41.71	12.79
5.16	8.02	15.75	6.35	1.49	6.9	6.89	18.58
22.33	12.38	110.73	78.05	31.71	50.77	19.33	22.54
51.96	28.06	78.27	49.35	8.36	9.78	114.75	67.26
52.53	14.95	145.59	167.41	47.03	23.06	32.7	18.09
4.65	17.7	9.74	11.6	71.18	44.25	4.32	5.53
31.46	105.65	196.69	29.83	121.89	24.58	5.79	50.43
16.23	52.23	5.19	14.19	43.03	21.24	45.5	8.9
19.92	217.89	31.37	214.04	140.75	37.37	162.88	39.05
30.87	5.46	44.66	11.38	22.72	67.53	12.94	27.06
4.64	38.3	44.16	11.6	20.51	50.96	21.29	16.04
7.94	110.95	16.49	35.92	32.46	18.36	86.94	15.37
49.45	11.76	68.1	51.69	48.61	13.03	48.08	86.03
26.27	10.95	23.45	33.21	7.77	22.59	4.54	12.93
8.69	24.7	30.47	5.25	44.17	5.48	7.91	25.82
5.3	6.13	9.73	8.98	9.49	7.69	9.74	2.11
189.46	137.71	19.28	164.01	744.19	252.38	76.21	79.7
33.19	4.85	55.85	14.66	26.89	88.47	29.59	1.71
47.13	111.25	4.38	56.99	46.71	26.09	3.54	71.76
11.31	40.78	17.06	39.22	47.49	8.73	14.99	35.5
5.8	9.27	4.31	2.91	9.97	4.06	2.35	2.32
14.09	26.53	64.65	2.59	32.22	23.24	21.5	28.9
2.35	1.44	1.71	1.29	1.27	1.85	2.57	1.01
7.28	16.48	3.06	10.08	20.72	18.54	4.96	2.66
6.39	3.08	5.9	1.65	6.03	5.02	5.28	3.82
4.41	23.1	4.57	32.3	4.25	11.58	46.62	6.52
169.51	18.56	70.93	17.66	62.18	28.55	59.15	55.47
4.96	13.38	10.18	11.91	34.36	27.59	9.75	39.11
7.07	36.23	23.76	32.27	2.95	20.85	1.5	5.06
11.43	6.24	5.61	15.26	3.2	3.98	10.87	19.06
24.75	64.06	23.41	9.56	2.19	75.05	21.42	12.98
12.61	203.52	101.29	154.68	19.75	8.18	62.35	92.22
111.95	57.08	2.05	190.5	124.92	64.59	8.37	111.85
34.26	3.04	5.79	9.6	17.42	11.26	10.08	5.29
26.34	21.73	10.84	1.98	4.93	28.73	6.77	13.23
35.18	129.65	48.4	14.96	40.59	45.23	4.09	254.32
60.83	59.47	87.54	1.93	7.94	8.3	5.65	9.45
26.67	11.88	2.53	9.23	19.31	59.45	77.08	11.24
3.03	2.47	15.76	2.55	9.73	2.45	2.77	11.09
23.28	6.19	11.85	2.84	14.62	25.42	6.41	1.09
57.01	11.65	24.99	1.61	36.6	14.42	14.02	64.82
8.16	17.65	11.95	8.66	47.49	18.6	1.33	15.76
2.56	3.58	37.64	2.95	23.28	1.89	8.95	11
34.68	1.28	8.01	5.01	4.07	6.34	7.32	3.37
14.82	55.8	26.02	20.36	32.77	17.15	13.92	5.99
122.71	67.69	39.41	50.02	197.98	54.09	158.79	10.7
3.65	1.21	1.37	4.26	1.08	2.92	2.38	1.36
72.99	21.22	31.22	47.4	45.92	19.01	37.94	111
100.94	55.71	17.99	13.36	61.99	19.71	16.87	18.66
10.67	48.99	7.26	34.13	5.9	7.9	2.19	1.78
16.73	144.29	4.45	8.98	29.61	75.02	3.24	1.11
5	6.23	6.3	5.78	3.47	14.54	8.19	3.9
17.38	7.61	12.85	7.78	23.27	12.18	15.39	15.74
48.8	40.39	41.3	34.82	15.75	5.2	103.77	57.42
30.49	32.65	87.86	83.61	7.58	42.37	3.66	52.56
7.96	1.72	5.83	25.13	12.41	3.6	20.82	15.03
9.2	18.46	25.16	8.68	2.57	7.41	11.18	53.73
5.26	5.15	7.13	3.08	6.09	3.56	9.65	18.96
67.55	68.82	52.1	22.52	22.67	21.63	47.02	36.96
10.62	21.64	4.31	26.06	4.44	11.3	47.81	19.24
109.95	72.5	142.77	109.4	74.5	73.39	57.74	14.5
11.27	13.98	4.5	24.14	18.54	26.63	17.99	59.62
48.36	17.03	82.69	17.41	5.21	59.42	18.63	12.76
36	13.95	85.61	109.05	35.79	124.43	48.89	174.32
28.62	61.81	27.42	53.06	199.65	52.73	86.49	34.28
5.89	1.28	19.03	9.58	3.19	6.31	7.39	7.04
24.06	18.4	19.88	9.91	4.08	6.16	9.42	1.35
9.74	1.03	3.82	1.64	3.75	4.66	1.45	2.69
11.8	10	5.39	46.2	106.32	31	36.56	40.08
40.53	51.83	28.28	17.44	20.42	121.39	27.46	14.72
1.94	5.56	9.54	13.12	3.31	1.58	12.51	7.33
7.68	1.23	8.06	3.47	3.29	17.95	1.58	4.5
5.77	9.63	9.97	3	1.58	8.17	12.48	16.35
21.77	15.67	13.96	7.8	59.64	28.35	10.05	3.84
23.02	114.46	91.65	159.97	71.62	31.48	118.81	37.4
15.09	2.51	6.15	1.22	9.25	1.71	2.12	7.98
10.41	6.02	42.65	65.6	6.12	11.58	10.91	9.68
2.52	6.84	6.75	3.06	4.75	35.56	3.59	9.59
9.9	48.12	29.68	20.58	29.4	10.05	13.54	3.63
26.99	26.94	36.14	45.26	97.08	116.66	42.06	12.77
33.99	11.67	15.78	11.79	41.63	5.57	16.98	7.97
27.05	19.42	1.63	28.34	25.79	11.26	15.98	13.61
2.11	1.61	1.67	1.61	5.09	7.66	1.26	2.81
36.36	47.94	23.01	5.45	17.87	26.24	17.72	13.6
87.02	58.18	53.75	39.87	105.15	145.17	17.71	76.58
86.53	89.85	55.6	60.24	110.63	45.24	43.57	68.42
10.26	12.77	1.64	24.49	13.81	19.4	9.84	13.81
42.83	161.42	17.32	186.68	11.83	158.86	5.95	5.64
3.91	2.06	6.49	6.91	69.07	11.48	22.15	35.58
93.5	1.11	31.71	61.24	26.77	31.92	1.41	38.17
3.48	3.06	2.39	2.41	9.82	2.75	1.21	4.93
5.14	5.3	19.58	9.33	22.61	14.44	4.68	1.29
76.97	23.57	32.04	23.07	41.22	8.19	29.42	62.09
31.88	6.15	28.85	6.59	120.18	9.97	3.24	27.94
27.13	66.41	46.43	30.18	81.22	139.24	9.96	12.05
13.06	45.57	71.71	2.12	1.77	5.51	25.79	1.42
3.53	6.78	3.2	12.68	20.45	9.23	1.79	6.42
8.52	32.2	4.36	11.07	30.61	9.65	37.77	5.86
10.58	35.37	88.14	23.34	17.03	1.57	21.44	15.68
18.89	3.17	10.4	1.95	1.37	4.05	3.03	9.43
16.73	15.55	4.22	45.04	7.63	16.9	8.45	13.29
4.01	59.55	12.34	39.51	35.83	53.9	40.8	46.36
5.68	5.89	20.53	1.36	14.5	4.48	32.37	3.75
14.77	1.54	4.48	4.28	1.38	13.85	18.6	19.67
25.67	24.38	5.58	4.27	31.25	9.34	13.83	4.38
13.89	31.32	7.61	5.2	2.56	2.42	15	13.57
3.89	6.12	4.91	19.74	37.36	16.3	2.2	8.95
23.25	9.13	8.32	2.98	1.31	5.3	4.69	8.91
141.45	39.44	58.13	160.01	199.64	104.09	4.82	203.05
7.43	34.21	13.25	37.65	12.67	3.4	21.89	7.69
75.59	10.74	22.81	33.8	51.48	17.32	18.41	21.64
50.79	90.36	11.22	42.7	32.35	151.86	36.3	35.32
91.98	77.27	5.77	59.98	23.7	12.59	72.31	24.32
15.78	52.79	20.27	82.95	109.03	25.85	44.39	78.07
16.76	12.83	16.93	10.09	2.14	5.17	6.58	3.43
2.97	27.16	26.89	10.07	8.79	9.46	3.39	25.51
5.97	3.19	5.65	45.8	35.43	12.58	3.05	19.66
10.62	22.71	4.59	10.62	4.05	18.33	4.09	12.72
20.24	7.03	8.43	3.47	28.14	9.93	29.03	8.68
11.86	14.73	19.62	5.62	12.94	32.33	13.02	6.13
16.17	1.44	22.17	4.6	4.46	8.89	13.68	5.64
54.89	23.09	87.64	22.83	32.25	118.74	144.43	19.09
23.65	15.63	6.32	6.88	11.83	3.9	19.66	23.3
16.95	23.44	10.77	4.85	14.64	20.47	8.47	6.04
12.55	44.5	42.15	11.2	20.09	45.31	21.94	57.56
1.37	1.4	3.94	2.53	14.55	1.2	2.33	1.54
293.93	125.56	69.52	258.9	48.35	324.53	58.53	20.61
95.14	13.55	13.91	4.94	95.56	59.72	83.03	8.02
21.38	15.63	20.78	34.66	47.7	119.99	400.2	118.46
34.53	3.75	52.77	73.79	6.54	67.91	36.23	17.79
5.34	30.85	31.07	33.52	468.56	99.91	37.09	28.7
11.92	35.85	4.33	13.27	7.68	26.3	8.18	36.49
2.27	2.41	1.92	1.32	1.45	1.42	1.99	4.44
86.66	69.13	7.94	3.12	21.8	24.77	25.28	9.42
14.04	31.58	63.47	47.36	39.15	10.94	29.25	32.61
98.41	13.14	101.92	18.94	165.79	20.36	105.77	22.32
13.47	10.4	1.13	44.27	5.62	6.12	14.7	15.29
8.47	3.91	8.45	3.32	3.53	26.14	2.67	5.14
17.78	9.98	18.39	4.93	29.71	49.62	2.74	6.98
53.61	42.92	14.58	67.9	6.5	9.13	26.49	11.91
35.75	35.15	29.48	18.96	22.19	18.96	78.93	4.22
8.48	17.13	2.16	5.62	9.21	24.43	12	5.04
17.37	15.98	1.35	8.04	14.95	21.41	36.07	9.82
4.77	34.48	89.34	6.2	1.01	14.3	27.78	24.88
120.34	97.72	203.97	136.85	165.46	81.56	32.04	58.5
22.15	10.94	14.14	98.69	49.93	22.64	46.1	25.06
53.86	73.16	100.79	17.14	72.11	194.62	204.18	22.31
36.41	2.22	122.31	12.62	22.57	39	32.48	15.46
13.05	88.37	3.69	8.8	36.67	28.71	51.26	21.05
2.33	2.24	3.83	1.95	6	5.55	15.41	25.96
15.44	10.55	9.34	12.03	6.62	5.11	17.57	22.27
11.87	4.2	52.39	65.42	12.64	5.66	41.36	66.54
32.73	11.52	9.15	12.56	48.34	55.22	25.46	49.04
18.01	3.44	25.95	18.26	30.93	44.09	2.19	2.44
15.15	16.12	20.37	13.6	3.18	8.35	10.91	13.84
14.67	14.4	25.26	13.88	38.32	1	34.05	40.81
93.63	419.75	322.01	211.54	144.89	97.07	112.57	20.58
3.19	9.91	1.57	12.3	3.08	17.21	2.5	11.91
2.95	3.68	6.14	12.25	23.53	2.9	77.52	18.08
16.61	18.66	79.42	8.75	47.24	21.2	32.83	4.26
73.79	8.5	27.03	35.15	22.61	4.3	67.95	51.97
12.14	6.34	11.78	55.59	9.96	12.24	28.87	12.2
2.93	23.75	5.25	2.09	1.57	6.74	5.94	7.68
4.44	1.2	7.5	3.82	8.86	6.12	21.48	14.26
65.93	7.97	43.31	8.44	10.48	54.56	4.6	3.9
3.78	5.57	10.65	7.43	1.91	4.75	3.67	1.16
13.18	8.39	5.4	2.32	13.97	13.76	2.59	23
37.31	2.33	14.41	68.97	10.44	21.76	33.64	26.86
17.99	44.28	57.36	15.29	56.06	5.84	97.94	33.97
20.69	5.61	16.23	23.14	3.89	25.65	14.49	3.96
6.52	81.32	20.36	60.33	83.7	9.52	11.9	64.69
6.13	15.51	6.51	3.92	2.05	7.54	2.61	13.87
7	76.87	17.46	31.28	40.97	2.2	37.48	1.27
29.2	86.25	45.39	68.76	49.17	27.07	28.09	17.01
3.96	2.53	1.43	4.05	2.76	2.6	4.43	10.34
56.34	106.79	78.76	74.88	22.05	202.41	51.06	122.83
10.53	31.39	96.84	63.18	85.4	49.52	159.01	10.27
411.93	129.01	267.64	93.87	14.57	21.97	140.6	82.29
41.3	88.69	86.4	41.76	28.06	63.26	55.71	67.57
11.65	3.97	6.25	4.68	21.68	3.87	9.5	1.48
7.21	3.81	1.75	3.03	5.11	1.23	1.58	1.04
5.86	10.95	5.67	12.79	14.9	16.99	1.08	2.26
13.38	5.36	10.32	58.01	9.25	3.67	7.91	64.17
11.47	2.11	51.66	4.71	16.87	48.56	31.52	21.3
16.14	5.46	27.41	11.11	4.51	45.02	12.14	15.74
375.81	123.44	568.05	189.47	7.39	325.64	94.39	44.87
95.01	180.72	25.31	34.98	329.9	38.86	254.38	83.47
7.09	6.69	3.69	43.82	8.69	3.49	11.36	14.19
