120.87	21.99	63.81	23.4	40.72	60.17	14.27	14.1
3.41	1.82	4.2	2.29	2.29	1.02	1.38	1.44
35.34	4.66	23.01	5.35	55.06	14.44	30.86	3.9
9.61	16.57	9.17	10.65	77.56	24.02	6.09	6.13
93.37	17.75	5.77	79.19	6.24	23.11	8.63	59.1
16.56	104.73	40.89	52.11	71.68	36.36	80.78	5.08
15.39	28.12	24.72	13.17	3.94	40.12	9.56	7.94
2.45	1.92	60.11	85.75	30.77	17.08	33.9	68.46
13.76	45.42	77.37	12.58	11.08	48.84	3.11	53.07
8.48	10.31	6.85	1.16	18.57	6.74	7.03	3.13
8.29	1.41	24.14	25.97	3.55	9.55	6.88	5.42
112.47	8.78	99.97	16.3	116.59	90.35	231.74	193.47
188.63	49.12	105.53	49.79	99.86	22.41	463.25	265.32
115.05	58.4	38.24	17.65	10.32	45.6	107.36	49.17
6.63	7.06	10.07	4.36	2.47	8.4	4.49	1.73
4.35	11.7	27.96	95.9	69.58	71.79	27.74	15.05
106.65	19.24	111.1	12.45	67.78	124	5.58	9.39
142.46	10.56	54.12	21.55	47.78	42.55	101.32	90.8
9.6	15.99	8.93	13.84	10.12	10.42	30.9	26.48
16.27	9.83	45.65	77.12	67.24	110.28	76.44	14.97
28.42	9.48	27.99	33.46	8.45	12.64	35.82	11.65
16.58	5.73	11.43	9.37	11.06	8.77	7.19	12.53
13.48	14.74	8.16	27.42	27.39	15.08	16.81	54.67
12.17	4.74	5.56	34.94	12.7	10.92	10.81	13.61
68.09	136.22	164.03	132.05	116.3	281.76	418.93	120.81
44.25	17.48	4.48	11.03	4.64	2.31	31.91	1.22
3.38	3.33	2.75	4.58	3.06	5.19	2.11	2.36
33.48	4.11	2.92	19.1	9.13	33.71	7.27	40.06
20.15	8.01	72.64	29.32	4.81	17.26	50.07	8.02
18.51	5.65	11.35	25.7	36.32	9.06	8.57	5.13
30.49	1.66	31.22	13.54	28.12	3.11	11	21.33
35.23	2.97	9.39	65.03	21.68	71.25	32.66	2.79
10.13	5.62	1.02	7.58	8.42	12.29	10.62	5.67
11.34	35.22	35.13	6.48	4.34	32.76	81.45	36.87
21.83	10.12	22.71	1.27	16.55	6.51	19.89	34.96
51.25	7.15	15.73	7.55	7.48	8.9	6.22	47.58
11.44	9.31	10.87	17.86	23.96	3.01	22.45	9.36
1.18	9.55	1.28	3.81	1.53	2.43	1.93	4
9.11	180.25	45.94	57.22	1.41	253.16	6.72	40.02
1.96	23.61	9.87	18.33	48.88	26.51	12	9.32
1.35	6.66	2.08	2.6	4.9	1.67	3.74	1.56
9.15	1.05	5.18	6.37	6.96	1.53	6.63	6.33
5.1	9.46	11.14	5.5	1.99	4.12	9.37	6.3
27.52	53.53	8.89	25.7	9.84	56.11	26.57	17.24
2.21	12.91	2.6	10.28	4.16	16.89	12.13	1.86
13.81	331.61	84.22	47.53	87.44	4.42	88.81	68.54
24.95	6.51	13.84	30.77	80.29	33.7	29.24	32.44
761.74	41.04	435.56	318.67	144.89	186.71	276.86	48.77
25.58	24.01	50.31	45.54	31.31	24.86	34.58	45.51
111.08	67.4	39.24	53.23	21.8	40.84	33.05	3.14
1.52	1.66	2.81	3.84	2.11	1.94	1.08	1.11
1.31	7.06	3.37	2.69	6.72	5.44	7.21	2.24
1.05	5.98	4.02	4.34	10.98	2.56	8.27	15.69
7	37.47	4.14	5.57	9.93	2.24	17.62	12.64
70.88	11.42	8.1	38.49	46.64	9.54	108.1	6.71
59.1	48.14	45.55	5.18	42.29	29.32	47.26	15.06
11.49	20.74	116.34	17.58	7.71	9.81	18.14	26.11
90.55	60.02	28.63	17.81	4.43	19.54	1.29	4.47
21.04	37.92	11.98	24.59	22.58	13.34	3.41	25.28
7.02	43.87	3.88	9.9	3.48	11.87	25.68	4.09
23.76	8.82	28.32	2.16	36.43	92.81	26.93	39.16
1.45	3.4	3.32	2.49	9.35	19.96	2.03	24.55
5.92	2.12	1.15	4.04	4.05	4.64	1.76	2.17
56.11	43.96	80.63	6.64	39.01	82.8	25.4	60.6
7.19	14.69	1.22	7.76	3.26	3.07	2.23	2.51
38.96	9.76	15.26	35.17	83.27	23.22	150.8	31.28
23.31	60.58	7.02	99.41	1.73	32.33	30.5	15.8
10.81	101.33	76.62	31.47	204.02	131.83	234.76	29.18
16.94	48.09	46.19	16.78	19.6	26.25	34.46	52.66
12.72	23.71	6.22	28.07	39.13	7.19	12.88	3.25
94.24	44.67	88.7	8.22	57	22.32	20.51	49.1
18.97	2.38	4.98	45.84	50.59	5.73	8.89	39.83
2.9	1.02	1.69	2.25	4.79	2.8	5.38	2.95
1.23	27.67	8.78	13.38	13.45	6.11	42.93	8.08
57.28	33.21	8.71	66.43	22.3	59.74	57.84	1.89
56.91	98.35	79.15	39.08	23.68	93.01	49.78	30.63
9	15.36	31.67	9.86	33.15	4.62	7.29	14.28
18.55	6.3	22.14	14.2	2.01	71.72	5.15	35.76
53.83	91.37	4.01	221.22	45.67	8.96	30.71	33.13
58.08	48.37	223.86	202.87	149.79	69.98	38.73	202.12
11.48	16.42	4.64	11.62	14.2	1.27	21.84	6.18
38.95	30.74	75.67	49.8	71.8	34.03	26.53	144.44
53.92	145.62	40.33	31.09	20.49	35.24	66.64	3.56
26.44	6.8	3.63	1.13	15.51	1.81	2.93	9.77
49.56	44.14	30.78	9.86	53.05	47.98	20.42	10.51
6.92	78.5	44.31	6.38	6.52	33.34	7.05	18.99
87.58	15.61	296.23	9.33	69.03	122.19	204.74	7.19
2.94	6.35	5.46	4.33	3.57	5.92	4.27	10.16
46.12	13.67	34.12	44.16	18.65	93.24	5.68	8.68
3.19	75.58	34.29	29.24	54.8	44.28	58.72	44.57
92.4	38.17	22.95	100.44	90.86	79.6	86.64	85.03
5.5	1.12	37.12	24.41	18.12	14.22	3.27	1.53
2.32	193.26	5.67	111.94	110.21	1.9	202.13	45.12
51.85	10.15	25.47	19.35	13.67	34.89	66.1	26.1
9.28	29.07	16.74	16.41	64.4	29.09	2.01	34.3
2.62	1.33	1.33	1.19	1.37	1.22	2.8	2
7.48	2.02	4.3	16.25	15.44	1.39	12.27	28.72
12.46	8.36	3.2	62.76	1.52	47.65	27.1	13.42
5.48	1.97	2.42	2.38	5.52	3.91	1.31	4.5
100.43	70	148.25	77.88	15.64	49.91	88.87	35.54
22.26	47.68	51.36	74.31	39.07	26.21	47	149.74
2.52	1.26	12.93	8.38	8.06	37.06	9.06	14.88
16.88	101.11	157.89	93.5	63.44	39.31	19.45	74.28
2.71	12.81	6	7.74	6.58	4.94	4.85	7.24
12.49	23.16	23.2	15.41	22.19	7.37	45.46	18.43
13.92	14.45	18.28	1.52	27.95	26.1	52.73	7.74
24.16	6.96	2.72	4.32	3.56	13.95	7.57	5.22
18.81	45.4	97.79	15.46	40.34	98.62	28.8	97.37
25.8	32.12	49.3	48.05	67.2	13.3	12.03	21.3
48.56	61.79	9.39	14.25	66.41	24	86.35	50.94
8.57	35.77	17.21	4.18	10.21	9.03	7.94	18.56
63.8	11.24	20.59	1.09	128.41	62.38	40.3	106.49
7.43	5.77	1.15	2.81	6.66	4.54	5.21	15.09
39.6	28.16	32.03	30.47	154.37	24.64	29.71	48.58
11.88	1.79	16.42	5.49	8.86	1.3	3.76	6.35
18.33	2.03	7.19	1.8	13.14	4.35	3.84	3.1
3.82	2.21	3.07	1.05	5.15	2.85	5.45	1.14
133.93	50.85	5.18	29.19	18.29	22.63	15.63	31.71
19.74	3.25	5.39	10.35	29.54	33.95	24.85	81.61
24.99	188.26	82.52	157.27	36.53	161.56	36.47	90.12
4.46	8.95	1.8	13.78	7.94	18.53	14.29	1.74
3.59	23.44	57.19	17.91	53.68	6.56	25.19	33.62
74.01	6.99	75.54	29.13	15.74	45.81	6.12	11.76
11.49	59.44	4.33	30.83	24.33	17.26	67.88	34.98
33.35	39.44	27.74	52.64	216.51	29.23	12.33	19.21
80.89	22.03	53.69	35.23	76.61	228.89	18.23	17.12
6.07	3.94	10.98	3.86	2.36	4.33	2.25	2.5
25.16	238.21	9.35	92.54	82.64	110.46	34.02	94.28
53.54	11.7	12.74	106.58	28.26	42.1	38.78	104.9
10.32	3.55	60.33	3.53	16.52	42.1	18.59	17.53
95.07	31.01	47.53	91.39	24.95	159.2	75.37	126.78
23.28	26.52	139.78	87.94	5.38	70.82	15.84	41.29
57.64	26.78	66.94	55.22	56.18	31.62	248.93	298.3
2.76	1.27	1.22	2.28	6.8	5.78	1.18	4.49
4.92	4.14	2.66	6.59	9.57	1.63	5.17	2.12
3.07	30.55	12.84	165.27	20.2	39.29	64.27	20.53
22.47	11.84	67.32	7.37	12.17	34.21	35.9	6.47
156.28	29.09	176.77	95.93	57.36	35.24	17.13	24.96
15.71	2.02	38.41	6.07	63.22	25.66	49.16	15.34
8.18	229.9	197.13	379.5	90.95	29.75	55.61	185.64
124.99	28.31	75.65	54.59	19.47	8.92	33.88	20.6
1.5	4.28	1.63	4.92	3.78	2.57	2.21	10.74
34.4	19.25	11.44	2.87	24.99	18.71	15.09	39.47
62.26	57.21	15.5	41.78	30.94	45.66	33.08	22.72
33.13	12.51	3.95	97.75	12.04	33.05	13.71	22.85
25.72	27.2	143.01	48.34	41.01	44.99	4.84	3.93
6.71	1.7	2.54	5.09	7.14	5.98	23.63	20
33.9	34.6	90.11	147.32	108.15	47.53	226.27	53.13
4.31	1.35	64.74	30.22	45.87	61.49	120.27	11.02
63.03	4.83	21.39	6.9	21.63	24.32	3.33	15.66
58.13	35.04	106.52	6.97	28.93	427.65	53.52	84.8
14.99	21.08	76.58	45.55	100.59	10.15	14.64	84.2
24.17	2.54	4.35	4.7	6.56	8.58	17.34	12.87
59.39	10.85	29.74	71.56	73.88	134.51	18.11	19.6
1.41	16.16	6.64	10.77	4.24	15.53	21.18	11.52
78.7	190.55	2.52	53.65	27.99	156.19	190.69	23.1
5.22	1.64	14.43	4.31	4.87	25.83	10.03	43.55
3.63	47.49	4.97	7.46	8	33.09	36.55	67.52
22.12	1.33	1.55	2.26	4.91	5.52	2.03	2
75.85	17.49	54.43	3.97	29.32	8.41	69.42	3
54.42	13.32	39.44	28.68	17.01	29.74	8.56	16.71
75.75	51.94	82.62	79.51	39.62	17.66	32.24	5.43
2.19	1.48	9.41	1.6	1.12	1.78	16.96	20.5
45.44	8.66	20.71	37.02	22.77	5.76	12.73	15.21
17.14	83.77	42.02	28.17	51.64	95.85	219.18	76.14
13.13	116.67	56.59	41.87	9.95	4.58	28.37	59.42
16.22	114.2	73.86	9.22	35.01	28.76	65.47	54.58
1.89	13.66	7.24	1.97	12.36	1.05	1.12	6.19
2.15	52.97	1.22	17.69	8.45	2.4	11.66	16.77
43.52	40.24	25.59	80.83	8.57	115.76	43.79	16.93
6.21	40	32.81	6.51	9.24	17.74	3.87	68.12
5.78	10.44	17.5	20.77	2.24	1.7	7.59	4.7
26.62	81.05	18.37	1.33	7.69	29.2	12.63	23.49
3.85	4.91	3.03	1.5	2.39	4.21	6.17	1.14
74.74	3.76	42.57	23.58	10.2	5.37	1.93	19.81
8.15	1.28	16.76	2.05	17.33	3.71	1.27	5.48
3.53	3.92	5.42	2.99	1.67	3.15	2.64	9.04
26.01	5.58	14.52	2.17	47.62	4.51	63.17	50.6
32.04	52.05	6.38	40.04	6.53	28.56	11.6	3.18
153.09	57.94	192.05	93.08	131	99.15	91.04	79.48
4.55	9.72	1.5	2.16	6.34	5.23	1.19	2.18
7.43	2.82	54.52	3.8	13.59	3.3	1.6	9.03
10.49	12.86	24.39	71.62	14.09	51.85	27.61	49.69
5.68	3.27	9.5	18.69	29.76	8.91	15.98	2.59
65.55	25.44	136.83	20.36	12.46	31.12	115.61	24.21
8.14	11.89	6.03	16.28	7.83	1.52	3.2	33.23
1.21	2.87	5.6	1.02	6.31	1.88	1.87	7.15
26.14	47.06	36.76	32.39	16.3	56.24	14.29	44.01
48.46	78.23	45.43	72.76	20.09	18.24	31.16	108.18
27.21	71.96	3.83	28.62	59.63	8.33	133.16	31.85
1.06	47.7	15.54	50.48	12.21	87.65	56.75	92.49
10.2	2	3.2	1.22	3.95	1.63	3.45	2.17
10.8	7.81	2.77	44.69	20.73	51.16	53.18	14.99
106.06	51.43	7.12	57.29	51.78	53.24	80.85	75.39
3.21	2.75	4.21	1.72	2.81	16.32	3.18	3.18
27.73	47.85	16.99	8.5	39.98	13.43	19.01	46.42
2.77	22.73	76.93	50.21	14.66	52.77	4.31	19.37
1.43	13.59	21.34	15.17	4.28	56.05	9.52	4.02
2.19	4.9	3.27	3.48	4.75	2.49	3.17	2.17
30.55	8.09	8.62	22.14	2.87	9.63	32.68	13.29
14.91	18.73	27.6	16.64	5.35	4.91	29.39	54.53
22.36	14.62	15.42	74.63	28.2	9.51	14.9	49.35
8.79	33.02	65.1	12.11	9.65	31.37	44.91	92.15
5.1	3.31	8.68	5.27	31.46	2.07	20.22	10.78
3.63	2.62	2.07	1.54	5.91	3.4	4.48	4.65
8.63	4.88	7.18	11.47	19.87	3.82	4.89	1.1
1.25	2.82	7.1	2.19	4.68	1.58	7.93	2.33
21.14	50.01	21.77	19.38	2.71	34.86	22.74	64.18
46.82	10.62	61.7	24.27	22.52	17.85	23.88	58.06
10	18.93	47.49	33	14.17	20.33	28.34	89.93
13.5	9.7	61.23	51.8	25.49	17.73	19.91	66.4
18.86	13.76	3.99	9.64	17.55	1.16	16.01	4.64
21.36	6.01	3.71	2.66	39.29	7.51	14.05	8.76
1.04	12.55	10.99	3.08	44.98	28.97	3.51	12.97
49.97	26.47	112.19	37.48	80.72	18.11	42.6	29.27
19.24	20.1	42.57	10.21	5.52	9.7	91.53	9.69
2.42	1.77	6.07	10.57	6.32	6.82	4.26	6.21
13.22	10.2	9.3	5.35	6.83	19.69	10.52	5.65
5.81	119.03	77.81	260.46	69.41	176.31	107.01	112.48
4.18	25.31	58.81	54.77	38.41	38.21	67.18	50.77
84.89	45.25	21.96	13.54	93.22	1.52	28.04	86.71
150.05	6.68	79.4	9.13	39.31	50.99	44.55	43.69
3.25	13.47	26.09	91.81	57.08	11.43	59.61	27.77
7.51	6.15	28.12	4.2	11.8	17.07	1.25	5.27
7.47	37.4	31.03	43.65	37.51	3.27	6.32	9.25
88.84	208.96	169.26	390.74	111.85	238.04	70.92	41.09
23.72	21.75	27.41	15.95	25.36	2.74	58.67	80.39
40.94	2.99	10.55	37.53	4.75	9.06	16.74	16.62
74.15	45.91	31.14	30.01	70.96	57.75	46.76	11.29
3.65	1.92	1.55	1.69	2.42	2.57	1.05	1.83
22.09	16.78	20.05	2.24	18.07	12.95	13.02	44.69
15.65	27.27	39.87	33.82	17.21	5.62	14.78	39.31
3.95	18.68	7.1	9.88	13.95	57.75	36.97	3.37
22.46	10.74	21.58	24.65	40.58	41.75	55.93	28.54
58.55	65.09	47.7	108.27	164.48	11.99	7.53	113.22
14.33	27.52	40.09	24.76	15.02	3.94	14.7	22.35
197.96	78.92	40.96	28.86	66.93	19.61	44.53	66.23
30.12	53.22	13.38	6.93	47.92	25.9	87.7	103.94
73.25	136.92	86.06	13.59	4.26	31.49	91.46	4.7
4.34	1.63	1.73	13.15	1.68	5.31	1.85	2.1
36.37	72.56	58.01	6.01	18.14	68.39	7.3	19.05
11.82	15.75	51.87	20.71	10.32	16.01	35.76	6.94
97.79	8.81	93.87	3.22	44.83	63.84	6.92	28.16
4.51	23.86	127.09	1.34	2.63	10.38	4.54	34.1
8.8	45.1	28.14	52.45	76.99	51.28	97	27.61
21.82	22.7	82.86	40.79	3.56	19.29	12.99	16.75
4.7	134.91	50.86	102.07	22.21	60.03	11.14	34.5
6.23	2.75	18.64	11.71	3.65	13.98	8.18	13
53.63	15.12	10.23	12.15	22.26	20.22	18.71	153.79
28.24	37.75	10.33	28.33	5.34	21.32	1.17	1.96
7.52	1.44	13.42	3.99	8.79	4.29	3.19	10.49
35.4	32.25	6.08	17.35	18.08	3.72	64.36	46.15
264.69	142.76	14.82	93.26	88.78	304.73	184.29	184.92
11.86	69.19	3.43	46.07	64.17	10.16	45.04	32.12
73.51	15.57	43.9	3.06	2.78	4.54	13.22	29.01
33.26	39.08	47.58	28.05	16.49	13.56	33.25	21.22
47.04	30.91	56.31	26.31	8.3	4.64	5.89	19.12
17.01	13.59	96.4	4.33	15.05	17.62	29.06	24.29
10.86	74.93	61.71	15.61	45.18	16.73	19.5	1.78
211.25	60.59	66.28	5.31	53.61	20.19	1.98	76.65
18.27	8.33	23.33	21.74	4.14	13.8	45.3	20.46
1.73	1.15	2.08	2.82	2.01	2.98	2.33	3.59
8.5	18.85	1.48	63.76	16.06	5.53	9.03	13.77
1.07	1.1	2.13	1.47	3.23	2.2	2.44	1.4
25	2.96	3.98	33.94	29.07	26.84	4	1.3
11.4	2.31	1.31	5.15	7.09	5.07	23.84	2.45
2.89	3.1	17.02	25.21	11.26	28.45	20.67	9.18
82.46	24.91	39.65	133.86	65.45	78.8	36.22	40.76
4.17	2.81	1.77	5.1	37.32	12.05	22.39	30.21
25.94	25.05	113.13	1.43	12.16	46.32	21.49	60.11
14.26	6.91	9.72	7.03	2.41	17.14	19.12	31.38
6.81	5.78	2.87	8.87	1.17	13.74	8.33	4.72
1.99	21.46	13.76	3.95	3.75	19.38	14.11	5.87
22.56	89.2	101.29	245.06	226.66	61.41	85.32	349.8
175.27	137.85	68.36	103.4	198.63	86.39	103.29	80.31
8.35	5.53	3.51	16.64	17.66	8.59	8.09	31.14
1.95	3.3	9.42	6.21	22.91	3.82	2.04	4.64
164.53	51.18	28.48	39.6	115.26	114	37.62	28.12
66.27	21.92	13.49	29.31	61.42	50.73	15.04	39.82
2.2	1.56	1.4	1.39	2.48	1.08	1.19	1.01
5.57	2.83	2.52	1.45	5.98	2.42	5.91	1.3
11.63	2.41	22.39	1.65	16.37	57.94	31.87	44
97.83	38.58	176.7	183.84	105.35	166.9	108.17	58.54
3.05	22.11	34.71	5.38	19.12	13.12	15.36	38.7
11.25	3.04	5.94	4.46	13.41	2.89	3.63	2.27
53.94	57.53	80.83	123.11	19.61	66.45	12.21	76.24
14.74	13.64	93.71	46.05	3.1	33.43	40.9	22.95
2.52	13.56	4.33	5.74	6.36	4.22	2.02	7.87
38.34	2.4	19.02	8.72	8.1	21.37	3.44	48.61
9.18	16.15	10.58	4.7	1.16	10.94	6.63	9.49
11.54	59.28	91.53	21.45	10.38	11.62	11.21	4.19
9.56	17.87	7.06	5.95	2.21	8.7	1.7	8.96
15.39	71	194.77	109.57	7.06	63.22	2.26	48.11
13.21	4.72	11.73	7.57	12.86	1.4	13.73	1.89
26.04	26.05	12.71	3.87	8.32	2.71	1.98	6.51
62.63	34.37	95.86	68.72	46.69	9.23	18.49	24.74
2.55	6.59	14.07	12.33	3.9	3.99	18.03	63.39
2.44	18.79	65.78	14.34	2.61	42.57	42.84	4.82
67.08	9.08	24.48	54.68	55.97	46.06	28.51	44.17
7.72	7.01	11.97	22	6	30.81	38.28	7.89
70.42	39.01	47.3	101.49	47.4	39.74	23.74	40.93
235.16	3.87	39	64.27	102.52	4.67	15.39	77.21
1.21	22.13	14.87	32.09	26.04	9.22	26.84	29.11
182.28	48.24	308.17	36.19	93.81	3.31	18.45	10.26
6.16	7.99	45.99	12.09	25.1	9.11	27.11	7.03
69.88	4.65	2.35	31.07	86.44	8.93	8.79	83.64
32.47	36.54	38.06	21.01	39.49	56.64	122.65	11.32
44.9	19.3	24.56	18.69	7.81	5.26	5.62	29.1
5.45	74.32	19.21	52.1	22.8	24.84	21.45	14.66
71.9	113.1	5.56	24.31	56.03	112.87	78	23.44
2.12	3.82	1.1	6.23	9.35	10.29	7.2	5.31
5.93	1.06	2.21	1.73	7.16	2.85	2.75	1.59
10.1	5.67	20.78	10.08	14.79	5.56	1.59	18.06
16	72.89	27.2	17.27	21.54	24.92	1.21	3.83
170.76	71.34	153.71	29.7	122.18	38.59	136.93	228.81
11.27	20.56	11.64	1.42	19.02	17.38	14.23	10.16
32.64	138.31	73.67	29.36	5	133.03	32.42	43.14
45.66	14.51	11.25	26.4	122.26	58.58	46.86	38.51
4.42	8.83	34.08	30.51	63.14	11.88	47.31	18.58
10.72	17.98	8.87	4.7	10.75	4.33	2.28	28.23
158.75	41.32	13.39	15.8	61.34	10.57	16.58	14.4
3.76	4.14	6.55	1.47	16.93	3.64	13.52	7.15
26.38	32.95	35.89	16.2	9.92	49.18	55.66	82.72
33.13	24.37	27.63	13.3	13.86	32.72	9.46	60.05
9.57	2.65	12.53	15.81	1.07	8.69	21.61	29.36
6.17	2.27	2.87	7.55	5.8	8.52	28.89	5.84
21.98	40.62	66.85	34.48	48.14	25	30.25	19.03
30.8	50.45	6.91	15.85	15.33	12.6	12.69	2.05
41.84	14.77	38.14	51.66	52.07	40.18	54.02	2.73
28.72	12.08	24.67	17.21	31.35	25.3	16.38	22.56
2.59	1.52	4.03	1.69	4.25	2.39	4.16	4.46
48.13	53.65	35.02	52.8	70.93	4.22	89.67	43.68
60.55	75.77	40.46	77.12	10.37	33.54	37.67	36.88
7.31	15.83	1.95	6.47	2.98	2.12	7.47	2.25
7.3	3.87	11.13	5.31	6.55	1.86	12.35	22.04
8.04	1.78	11.11	22.06	8.93	2.8	1.93	1.62
5.26	3.66	7.3	3.86	2.91	6.37	1.69	5.48
20.71	1.02	33.55	88.5	23.99	43.78	23.71	94.65
21.72	130.95	126.64	118.58	8.28	129.87	78.52	282.55
108.24	33.15	49.42	78.43	1.31	18.26	41.38	82.82
2.77	17.65	21.94	8.21	13.72	15.75	6.55	4.1
256.55	37.99	34.92	3.1	70	11.99	99.6	34.91
31.9	3.11	34.68	56.02	47.08	31.93	9.52	15.05
143.26	94.39	64.73	27.01	11.15	34.36	5.85	72.97
6.3	2.98	15.45	3.28	18.5	2.98	12.57	2.1
8.88	9.97	3.17	11.21	12.53	3.77	15.71	6.88
37.61	3.13	6.57	40.08	108.23	10.7	21.13	5.02
9.48	17.34	29.39	13.65	42.57	44.83	49.32	37.48
29.73	2.65	4.02	3.7	3.84	6.62	7.43	12.8
2.41	3.26	2.36	1.42	1.07	1.66	1.14	2.38
38.47	43.11	22.34	146.61	101.63	20.35	112.45	145.22
102.34	13.06	4.14	34.48	196.63	45.64	4.82	87.41
1.3	2.32	1.04	1.53	3.36	3.32	2.51	2.74
3.35	24.3	10.82	5	5.99	1.54	3.01	1.5
3.4	38.06	1.88	68.35	2.95	4.25	3.41	14.66
96.82	17.93	47.43	33.08	2.36	18.58	80.15	58.97
28.48	88.7	41.49	67.17	39.8	53.96	25.22	30.65
162.28	55.26	13.83	51.41	38.19	13.26	90.07	22.69
3.4	127.7	62.69	212.66	69.83	5.39	17.5	79.27
1.88	1.75	11.45	3.3	2.9	5.81	5.71	3.01
12.79	1.96	3.06	8.46	1.64	3.09	4.64	7.29
100.02	207.67	260.89	84.46	18.81	125.21	42.15	176.76
1.81	34.73	19.06	13.57	9.17	10.31	16.1	12.06
13.32	8.3	60.83	11.59	49.39	3.41	44.3	1.4
1.11	1.58	3.27	1.07	2.65	1.14	1.92	1.36
3.26	4.07	6.29	6.76	5.33	3.31	6.15	4.05
32.19	18.29	38.13	24.66	11.24	51.81	23.2	10.94
17.69	6.15	3.77	2.75	4	7.07	5.88	8.11
18.43	83.08	122.53	15.51	24.57	57.23	26.82	11.22
3.41	2.78	1.24	2.15	1.21	2.29	1.98	1.91
27.3	30.23	3.33	21.5	22.05	2.92	10.93	10.76
16.98	12.92	10.22	17.13	30.14	18.15	21.69	41.03
2.62	3.08	5.02	3.06	2.79	3.02	3.4	1.42
28.15	31.75	4.55	29.56	19.15	106.39	12.48	32.41
307.48	71.18	56.82	348.8	69.92	102.16	669.66	24.07
9.28	9.06	16.17	9.7	8.55	41.48	4.94	1.52
75.2	65.88	47.79	62.64	6.12	29.63	1.09	146.51
8.49	16.89	27.87	8.05	10.6	33.3	10.37	11.46
108.82	78.89	96.81	99.6	106.3	41.74	38.32	42.31
6.74	18.13	71.13	35.48	17.01	54.37	6.12	33.62
98.08	188.5	7.84	262.28	231.48	190.61	129.43	212.19
96.13	241.38	28.22	108.62	166.16	1.83	26.24	223.3
105.89	53.85	146.9	17.52	113.34	40	6.33	2.42
40.15	71.4	4.14	38.79	32.88	28.01	9.43	34.22
3.41	4.73	7.19	6.5	2.7	5.28	1.66	12.26
15.74	55.62	33.4	255.16	9.08	21.53	26.05	57.39
21.89	16.87	28.23	3.33	72.84	62.61	40.97	111.04
67.9	56.5	38.72	7.62	153.05	45.09	16.57	22.64
5.02	29.24	106.01	26.51	29.56	27.82	8.45	72.5
55.59	3.39	25.67	38.15	75.83	58.13	10.15	10.9
8.52	57.34	62.99	59.62	18.64	125.77	38.51	54.64
109.01	140.01	28.91	71.99	47.24	8.31	40.86	75.76
24.21	16.98	20.55	40.62	5.71	8.27	26.12	49.72
124.96	9.22	29.58	81.08	12.83	30.68	15.33	83.37
17.84	6.3	28.51	11.03	2.6	59.19	3.54	50.19
9.6	2.41	3.23	13.74	13.09	2.38	8.56	7.96
10.11	28.27	54.84	1.21	8.24	10.53	21.27	15.61
4.38	1.96	2.57	4.07	6.76	2.04	1.41	2.58
18.41	6.23	75.17	17.13	3.3	69.07	59.11	21.81
3.8	12.59	70.57	104.83	46.32	66.5	5.14	23.67
23.82	47.59	9.94	1.35	56.04	35.41	10.07	12.8
13.58	10.29	19.69	5.89	8.52	8.93	10.33	3.77
1.98	3.21	4.62	8.13	5.4	2.54	18.91	8.3
96.31	32.33	125.9	28.04	21.43	40.54	101.59	45.15
32.73	30.69	1.93	2.86	24.56	25.94	11.58	11.59
24.71	4.8	10.87	22.94	3.74	26.48	12.66	19.23
7.52	22.28	22.48	15.19	13.39	3.49	8.56	5.4
53.04	6.84	27.08	31.05	29.74	12.2	7.47	5.95
40.73	16.87	14	44.69	83.1	9.63	56.75	18.67
163.5	115.6	7.74	136.53	40.84	170.02	60.77	15.86
7.31	62.22	19.92	34.74	7.28	2.07	13.85	6.7
73	221.46	10.73	6.79	95.05	22.14	26.87	107.51
8.42	2.11	1.31	3.24	4.46	1.51	2.77	8.4
13.16	7.49	4.19	46.76	19.91	14.12	45.16	1.53
5.44	18.46	23.34	10.24	70.09	3.69	89.6	28.06
18.2	9.85	17.94	25.04	20.75	12.2	11.41	3.85
23.3	18.32	63.25	20.16	5.18	123.39	3.33	20.22
8.16	8.23	25.75	4.15	7.73	13.34	8.87	2.8
3.45	1.6	13.75	2.49	8.8	1.66	1.5	9.12
10.9	26.87	1.83	82.42	26.61	3.68	27.13	9.5
3.68	5.51	1.29	9.18	5.53	5.02	20.94	10.24
47.33	76.47	6.26	34.99	67.08	19.23	48.26	53.31
2.95	4.32	4.11	1.38	3.28	3.51	1.76	1.4
1.85	3.28	2.65	6.62	15.14	2.01	27.23	6.59
4.51	9.04	1.27	1.98	2.51	5.07	5.19	2.34
1.86	34.25	72.12	9.7	127.41	56.81	59.79	6.33
11.27	2.95	7.09	22.91	66.1	6.6	1.89	24.33
1.81	33.17	6.46	1.04	7.79	6.16	4.68	2.54
34.19	28.62	30.31	50.38	20.37	22.97	2.76	2.88
9.72	1.95	12.08	17.12	18.45	18.04	14.43	43.24
47.49	183.19	41.46	102.47	65.74	106.97	53.09	500.06
22.27	21.79	31.5	20.27	60.74	49.51	26.17	37.78
16.86	25.03	23.78	7.75	11.93	2.11	17.95	7.45
35.56	48.01	4.43	29.82	18.98	33.91	9.16	49.99
2.94	5.75	28.88	29.84	5.14	16.44	1	15.15
93.85	78.69	188.56	150.57	8.35	141.15	31.85	119.98
33.3	35.92	15.02	76.7	33.06	10.21	61.7	21.81
17.15	9.08	22.48	40.94	24.05	14.36	5.17	15.92
5.36	5.64	10.45	10.99	7.36	56.85	45.04	9.27
2.03	1.87	3.54	3.33	2.17	4.35	4.22	2.57
23.54	5.18	6.56	5.16	28.22	11.94	1.9	2.68
19.83	1.2	13.55	22.46	1.95	17.35	10.65	2.67
15.52	12.63	12.82	11.08	15.28	1.03	2.04	6.68
26.47	24.04	19.62	43.04	26.01	11.58	25.28	33.99
5.59	9.85	24.02	5.46	5.72	4.07	9.03	4.21
7.15	7.13	94.36	24.32	43.05	22.93	56.1	60.05
15.02	25.47	23.02	14.02	117.88	41.42	32.81	12.52
79.05	6.55	32.59	16.31	34.33	25.05	13.73	39.44
12.23	2.43	94.71	26.44	71.13	20.17	76.85	33.5
25.94	10.85	27.61	15.53	11.39	110.79	18.33	12.52
35.91	20.38	32.4	30.84	144.74	34.51	83.26	15.39
141.33	8.06	4.09	54.38	8.37	24.59	46.43	66.78
38.86	3.41	8.66	23.21	10.59	4.68	7.79	78.46
5.83	9.73	8.51	7.03	7.09	3.34	2.56	10.65
6.83	3.65	1.29	14.3	4.38	4.3	2.17	6.56
3.33	17	4.58	2.84	13.39	1.41	1.88	2.8
5.31	14.01	20.97	6.25	18.38	40.31	8.15	19.89
20.24	19.72	48.98	44.32	126.11	27.5	137.81	9.6
2.33	8.2	49.26	1.04	30.12	1.41	49.34	9.59
80.27	31.03	24.63	2.68	145.78	103.66	34.95	57.58
3.22	8.77	4.25	15.34	1.61	2.27	2.01	1.87
15.52	8.99	1.42	1.52	1.92	5	3.56	4.82
4.99	1.45	1.27	2.82	1.49	3.84	2.58	3.02
5.01	32.66	36.01	20.92	57.63	16.93	48.52	47.77
34.82	12.25	11.67	8.71	14.85	13.23	77.4	47.94
49.77	155.76	102.29	44.57	171.01	22.04	15.38	66.87
5.22	8.13	2.04	12.62	4.99	12.55	16.89	6.86
6.77	15.87	57.56	125.61	86.7	81.59	31.35	44.94
1.27	24.53	16.22	14.14	71.55	32.72	6.33	15.95
37.73	16.64	10.95	98.62	56.59	4.71	31.43	7.39
1.58	1.14	4.43	4.29	26.48	3.23	15.64	3.25
21.96	14.7	7.74	5.61	18.26	3.97	4.12	82.9
34.11	7.35	45.94	10.48	26.63	9.8	52.13	16.95
17.43	5.83	5.08	1.31	16.68	3.55	1.61	3.99
85.88	31.18	29.19	50.42	52.91	67.35	118.21	30.08
40.24	9.41	3.71	31.97	23.29	2.45	5.06	24.15
52.09	31.22	20.2	3.39	23.82	26.5	2.69	14.71
82.2	58.79	39.5	29.87	28.97	78.39	78.58	73.59
11.38	12.35	10.63	13.02	9.92	17.4	47.52	2.59
3.32	12.08	6.66	2.26	2.48	4.88	7.34	5.35
3.8	5.25	1.63	2.4	1.91	10.06	1.23	1.07
2.98	31.24	53.04	30.96	51.36	84.09	27.56	4.66
5.78	11.3	40.22	11.07	8.9	45.57	5.41	18.14
25.39	7.1	45.37	80.27	88.46	91.58	157.43	29.1
18.37	27.58	51.04	27.33	6.28	85.2	7.85	8.54
216.82	9.49	110.18	205.44	53.7	24.5	32.81	7.97
7.68	1.96	2.23	14.74	48.47	10.95	6.28	8.89
53.27	22.57	14.68	30.87	6.81	56.78	12.77	82.88
21.9	18.66	12.18	181.53	37.54	73.44	56.74	46.97
3.18	8.49	7.46	1.23	16.86	32.35	1.21	1.77
22.59	5.49	2.75	6.4	7.3	10.39	4.97	5.04
99.13	70.71	84.98	31.42	11.86	47.37	21.48	16.22
78.62	35.29	26.01	3.18	5.5	3.45	29.54	32.43
7.98	7.37	14.29	1.66	6.15	3.6	9.99	5.84
33.71	41.02	39.73	32.37	14.81	12.28	7.92	66.32
40.04	4.03	20.44	25.86	10.05	4.89	29.83	17.59
3.2	21.43	18.04	50.3	23.92	25.08	10.33	17.66
8.01	5.71	13.97	5.1	7.34	11.11	13.39	5.5
1.72	52.14	95	33.72	1.22	28.4	16.09	29.12
50.52	7.34	38.21	58.1	60.73	4.58	36.99	18.25
22.79	13.68	28.94	10.94	5.88	5.69	12.85	6.22
21.31	56.82	3.59	17.25	89.82	70.89	32.48	42.17
5.69	19.9	16.28	16.33	11	43.54	36.31	15.5
3.13	4.55	16.28	2.2	2.1	1.98	7.93	3.15
16.15	10.54	18.35	42.22	8.3	4.58	4.39	7.06
2.44	72.8	19.34	43.14	18.56	2.34	161.25	51.1
25.13	5.92	4.94	53.61	16.08	41.49	23.57	50.39
28.28	72.55	101.23	9.16	28.61	3.1	6.99	59.78
14.85	34.13	9.37	14.6	2.17	10.3	34.87	35.95
26.62	4.57	4.5	38.77	10.56	11.55	15.17	10.22
121.36	6.93	7.79	72.24	167.39	13.65	21.55	197
64.63	8.68	75.26	222.83	180.1	175.44	15.16	9.66
4.61	1.29	1.49	2.65	4.37	1.76	5.14	3.3
22.91	21.97	1.54	10.7	12.75	7.66	11.76	6.17
4.06	6.2	12.43	13.86	9.34	23.96	6.02	5.33
5.47	2.3	21.27	13.24	6.89	16.05	20.17	2.32
121.97	10.03	19.73	9.96	30.85	25.99	34.02	150.94
16.87	19.48	25.8	9.96	16.36	31.31	7	7.84
155.06	32.47	7.23	34.23	70.36	103.17	186.72	14.13
35.19	5.61	60.03	11.88	47.84	53.41	24.54	62.76
5.43	4.38	11.56	9.62	17.62	16.24	17.76	17.38
53.57	28.44	126.95	24.17	25.34	10.95	32.29	25.9
16.84	16.39	5.35	11.82	1.87	2	2.61	6.18
37.62	12.12	29.32	32.39	15.03	10.55	7.04	99.87
52.92	155.99	118.23	47.78	40.64	150.8	173.99	53.08
16.64	5.7	9.25	15.34	14.77	1	16.24	15.16
17.53	4.75	3.38	5.94	26.66	4.8	9.27	15.91
14.53	54.51	33.62	75.55	91.34	3.39	16.19	70.45
85.28	74.25	68.7	13.93	4.58	252.89	55.09	334.25
9.41	2.38	3.32	4.12	2	16.92	16.39	10.06
7.48	5.51	32.27	4.21	3.07	19.81	12.38	18.92
2.57	7.84	7.33	11.69	5.09	3.43	7.03	12.05
4.25	6.55	12.48	11.66	4.98	2.55	1.63	4.47
64.28	12.61	15.84	9.43	30.97	12.78	19	64.86
5.28	29.68	50.7	74.71	62.72	57.3	72.14	51.88
9.88	3.3	8.56	4.36	1.22	15.91	1.45	7.64
5.62	4.67	5.15	1.56	8.85	2.23	3.57	19.57
58.52	10.47	44.01	39.07	36.26	14.02	25.19	26.2
16.43	41.45	45.48	25.04	18.46	9.84	15.86	22.87
16.37	32.91	37.1	3.61	19.95	10.83	2.13	34.26
16.56	14.96	34.44	9.4	11.88	8.11	4.97	39.75
92.46	92.09	1.98	184.04	169.41	1.64	81.88	74.69
164.84	130.2	177.97	66.29	111.73	8.35	266.45	382.58
2.36	3.18	2.03	33.8	19.39	21.73	5.62	15.76
1.27	18.32	2.68	1.75	3.32	11.67	1.01	2.05
2.4	26.59	5.94	6.64	3.01	19.46	15.71	21.82
6.39	8.3	18.88	10.49	8.02	5.57	12.39	39.94
7.11	24.36	12.92	36.29	57.43	10.43	61.54	61.2
23.4	11.92	2.82	31.54	15.38	2.86	24.3	14.49
21.91	9.28	26.47	4.35	26.8	94.32	12.99	6.95
8.06	7.33	7.04	6.15	2.63	4.3	1	1.58
35.69	7.71	14.56	6.64	13.91	10.29	8.83	19.43
73.99	2.03	21.92	9.06	14.58	1.14	48.62	4.69
31.44	18.79	62.85	10.02	25.14	17.82	18.46	12.72
50.24	57.56	79.34	12.22	53.96	13.45	213.83	44.27
45.4	208.38	18.29	82.69	316.48	203.59	3.62	32.78
1.81	10.85	1.75	2.86	1.98	3.83	3.53	3.5
10.96	47.21	12.88	130.09	52.25	122.88	70.68	82.86
13.66	9.97	3.44	7.83	3.83	9.79	21.37	24.82
29.98	24.27	74.89	158.43	41.92	44.59	60.31	1.3
3.84	2.9	7.57	1.97	3.32	1.24	4.48	13.17
7.57	17.19	19.14	5.67	28.53	29	127.52	18.3
5.84	112.56	40.66	2.75	52.17	6.97	38.75	56.96
14.89	5.85	16.03	10.08	2.65	16.04	2.17	25.28
3.99	1.38	9.2	3.2	2.62	9.58	1.26	2.14
1.59	1.83	3.39	5.29	9.05	5.42	3.56	8.78
2.5	11.77	7.54	3.35	3.14	9.51	26.55	5.76
9.86	9	14.57	14.65	5.69	6.65	18.53	12.3
8.3	36.58	13.5	28.7	87.43	25.65	24.13	11.89
93.23	37.38	15.59	39.25	335.92	41.14	83.02	80.97
44.06	36.08	40.63	68.78	36.76	5.2	22.59	24.74
6.8	3.95	2.95	34.92	2.47	12.61	9.53	1.63
7.44	1.66	4.6	7.96	1.57	3.8	1.37	7.37
11.21	3.47	15.3	3.84	33.71	11.54	18.01	24.56
28.39	32.11	87.69	54.11	79.56	50.55	119.48	34.14
8.13	2.63	28.34	80.93	7.26	4.75	39.08	19.32
10.54	16.24	55.03	2.7	27.37	21.45	12.21	17.66
13.68	16.59	2.3	15.09	38.82	5.19	8.3	9.59
105.09	31.32	292.78	185.64	63.85	73.58	15.86	49.07
23.08	23.71	4.61	44.2	2.98	15.28	9.46	18.74
25.04	62.61	38.18	49.41	24.75	35.01	26.76	54.14
5.29	20.69	57.79	22.28	15.52	84.35	10.07	50.85
60.06	32.37	14.4	44.5	24.55	3.87	71.36	37.98
18.92	3.72	6.57	4.03	10.88	36.52	11.46	8.35
39.24	33.83	17.86	15.81	17.67	11.83	28.74	38.1
11	64.48	3.94	10.86	84.77	2.59	2.41	36.97
273.12	33.17	155.77	20.48	50.58	10.68	42.49	4.59
9.69	17.28	29.06	24.79	33.24	1.5	31.52	42.58
1.14	2.63	3.52	1.43	5.07	1.22	2.15	1.34
2.67	6.13	3.91	7.79	17.05	7.9	1.85	5.66
318.95	209.22	250.38	107.02	154.69	147.64	237.71	27.48
4.24	4.58	11.48	11.13	3.79	23.9	3.1	5.15
8.02	61.61	21.51	22.38	174.1	112.19	48.58	17.53
14.44	71.63	8.1	39.86	6.46	13.29	19.56	49.01
20.09	6.01	15.14	33.23	15.14	24.92	1.99	9.96
14.5	8.08	20.02	3.91	8.79	7.86	22.52	25.07
1.95	3.23	9.56	8.26	4.25	1.1	4.61	5.13
36.48	34.12	12.12	7.15	2.77	7.72	3.74	7.4
44.31	11.06	19.46	26.81	36.73	1.37	81.88	3.57
12.4	36.49	12.65	12.03	1.97	9.2	31.87	20.01
11.98	39.39	11.04	13.92	6.28	2.77	17.91	19.11
12.02	26.03	1.53	21.73	11.68	15.64	1.78	6.98
49	7.17	34.52	21.51	103.84	10.16	47.81	15.96
56.89	40.19	72.26	54.39	101.03	11.15	132.55	61.58
13.81	1.04	21.75	18.68	8.82	18.82	60.17	37.38
2.18	5.77	8.56	2.78	2.67	2.3	1.13	4.22
1.41	12.48	18.24	4.06	4.31	5.51	1.44	2.01
6.41	14.56	64.68	9.31	36.35	24.4	22.92	53.98
51.23	18.54	11.74	45.53	14.31	6.48	31.18	13.42
12.6	10.46	11	1.36	23.59	4.58	2.58	4.57
1.92	2.17	2.98	1.6	7.16	1.83	4.39	1.77
9.01	119.62	106.36	36.05	86.49	42.93	55.63	123.96
9.64	5.06	2.87	4.2	5.26	3.87	5.67	1.01
252.46	141.32	143.45	82.47	35.51	15.24	126.47	48.38
15.63	5.15	12.18	8.74	9.65	26.53	23.05	23.52
8.69	190.73	116.5	146.88	43.99	104.86	64.12	87.39
1.97	2.86	1.79	1.07	3.32	2.28	1.33	2.07
14.67	14.6	11.02	2	11.77	28.28	5.37	48.11
28.15	5.44	51.36	21.82	15.16	2.45	5.49	1.61
2.22	15.43	16.36	3.84	1.01	12.23	10.58	1.78
142.62	31.88	35.2	79.02	32.57	94.29	18.98	120.6
72.98	30.22	22.44	26.45	31.16	51.09	8.68	19.44
138.13	93.25	13.51	36.76	26.55	51.02	20.07	2.22
27.8	42.12	77.18	21.87	91.92	64.42	169.18	67.12
11.67	5.41	12.71	5.93	7.21	15.86	80.98	15.59
31.05	24.48	139.8	174.19	168.06	150.63	42.1	4.61
3.99	7.56	6.02	1.67	7.68	6.68	5.36	4.63
38.95	62.98	18.17	38.92	40.07	10.26	17.86	29.9
72.17	93.17	93.28	72.75	9.33	13.59	6.35	50.76
16.14	18.35	63.03	4.31	7.14	16.51	16.84	11.34
41.99	119.57	4.09	36.81	10.25	18.07	1.21	2.33
3.14	5.85	1.19	4.95	1.3	3.97	1.83	1.01
19.11	4.35	14.1	7.6	20.28	1.59	42.5	7.05
51.54	78.99	8.91	68.07	25.33	13.61	6.31	16.76
10.96	41.13	10.43	32.54	55.59	27.97	40.84	9.36
2.34	9.91	16.91	6.25	19.76	6.67	36.96	28.14
16.44	11.35	50.54	56.45	9.34	22.16	21.41	14.78
50.76	6.44	51.67	47.98	6.22	51.03	50.35	20.25
4.26	13.6	9.03	12.92	16.4	21.2	9.47	7.51
102.17	35.37	75.32	30.56	25.66	87.68	360.76	28.42
38.67	25.64	58.56	29.69	40.55	5.19	13.26	45.52
15.41	1.27	19.68	21.59	15.84	22.15	20.81	19.09
7.11	3.17	14.04	14.52	3.33	5.41	37.18	14.41
5.49	126.97	20.25	34.86	77.77	21.74	9.09	54.41
3.99	42.23	56.6	23.97	51.35	2.76	30.07	29.04
13.08	5.64	13.22	20.56	11.54	2.1	13.15	2.55
43.36	141.95	209.46	170.67	127.12	89.2	83.34	95.51
4.84	1.28	5.93	9.86	3.94	8.39	1.28	13.18
3.48	3.54	41.8	80.47	76.78	112.12	68.63	80.78
21.05	5.66	10.24	30.62	3.45	83.09	14.29	12.93
26.17	2.2	3.72	7.14	1.5	1.64	1.64	4.17
20.05	1.06	10.55	37.77	10.67	52.32	5.66	17.69
37.49	6.95	11.1	7.53	25.03	3.79	3.16	10.39
15.5	23.03	30.76	8	4.64	3.03	3.17	1.17
3.72	10.96	14.27	15.26	8.04	2.44	1.77	10.32
6.13	2.65	4.76	3.33	9.92	4.72	6.02	1.26
54.14	21.37	52.39	39.57	51.57	20.94	18.21	45.54
4.82	33.46	16.25	53.42	37.18	9.74	3.58	23.47
27.03	73.92	57.54	15.44	61.36	91.56	124.5	1.46
13.84	13.02	24.8	38.19	22.15	7.68	40.15	10.64
55.4	12.01	45.93	15.72	30.55	2.03	10.15	8.38
11.43	94.44	18.7	21.12	6.24	4.47	28.3	35.35
1.06	6.41	4.97	30.8	8.79	11.7	1.83	1.93
76.66	27.41	163.29	34.17	75.49	142.69	23.76	50.74
8.58	20.72	3.49	19.63	18.26	8.19	18.59	6.51
3.11	31.31	2.14	8.49	19.22	9.37	16.9	13.46
6.5	36.53	13.17	29.27	1.46	2.4	19.19	4.43
95.12	11.01	50.44	22.03	7.53	56.8	106.5	63.24
5.3	25.8	23.17	31.32	14.52	2.99	4.98	5.42
190.28	7.69	96.9	21.64	100.91	7.11	136.82	41.09
1.8	17.23	20.64	37.25	18.7	10.96	3.9	34.75
23.68	20.03	10.13	2.56	6.35	25.41	9.38	10.19
18.6	9.25	9.34	37.57	25.9	21.92	114.13	14
9.98	8.58	32.33	5.42	8.72	33.27	2.78	13.31
5.24	60.9	11.56	8.44	1.43	14.89	15.35	23.73
50.93	28.44	21.97	57.66	9.06	97.38	22.52	25.44
30.21	15.56	1.12	35.04	17.37	20.5	9.32	14.18
1.58	1.31	2.45	3.15	1.11	5	3.07	1.12
6.08	13.09	8.12	3.32	13.42	1.35	1.73	1.5
1.95	44.76	43.84	32.87	54.23	70.92	61.42	8.22
15.43	128.03	19.45	32.52	288.9	18.51	36.87	17.75
9.63	4.44	4.08	29.51	45.01	42.17	81.93	9.88
15.76	31.85	33.8	3.87	1.01	2.96	10.2	4.93
132.2	163.36	58.83	3.65	78.07	210.93	146.61	197.86
20.24	9.66	29.26	32.84	9.85	9.68	12.54	13.62
47.52	132.53	226.06	143.41	37.18	67.07	39.17	70.1
8.89	29.79	2.14	12.88	15.08	6.56	57.93	18.81
4.26	3.82	23.37	3.45	27.7	4.56	10.3	41.93
100.97	17.19	3.64	113.84	84.03	21.38	19.73	57.28
28.66	39.76	28.09	31.72	2.82	67.04	6.19	109.62
14.3	8.73	17.95	9.85	10.7	9.39	19.97	3.73
15.4	22.77	11.98	4.47	3.09	9.61	97.59	37.58
5.69	12.6	22	8.9	13.2	2.93	6	18.13
5.18	16.71	1.51	6.49	10.4	10.21	5.07	6.27
114.97	106.94	22.42	71.41	37.57	39.71	40.42	137.29
22.76	1.44	18.43	10.76	11.18	3.21	9.99	37.91
6.71	15.73	3.5	5.12	32.09	21.25	21.23	29.78
9.64	5.34	36.93	24.19	21.77	2.37	9.89	14.36
158.14	107.04	41.62	31.62	6.55	120.41	75.38	155.35
18.35	30.93	14.88	12.94	96.26	3.72	24.48	9.08
9.5	4.47	1.54	3.68	7.74	42.78	1.03	5.5
55.39	21.93	3.2	54.33	18.44	8.28	11.28	24.81
3.13	5.93	2.58	10.78	14.37	17.07	4.88	6.47
3.92	6.62	24.47	6.94	6.64	10.58	6.49	5.43
6.9	21.46	17.86	27.44	37.51	18.28	9.62	5.3
18.03	115.16	1.79	37.04	39.12	28	34.25	24.58
4.16	5.87	12.59	28.53	48.57	2.96	12.62	60.07
26.2	9.49	10.43	34.59	35.74	20.01	29.08	8.31
7.03	9.21	5.9	1.31	15.21	9.3	4.8	20.81
10.75	2.95	2.34	1.58	3.07	8.94	11.83	12.79
4.21	33.63	3.9	25.69	5.7	2.98	6.13	12.7
25.38	43.41	5.36	7.25	12.72	14.01	1.58	14.09
6.57	2.6	1.76	2.48	2.29	7.54	5.35	1.41
21.43	73.05	11.76	15.11	24.79	11.54	88.1	4.98
12.37	28.97	22.68	58.53	51.3	17.73	42.37	17.88
12.45	5.77	17.28	4.26	3.95	2.68	17.86	2.1
8.36	1.26	17.91	5.81	26.59	2.66	15.51	1.46
282.07	83.91	54.23	58.7	89.22	32.45	19.82	182.32
154.23	94.53	37.55	23.58	92.44	162.68	66.55	75.53
23.85	3.43	4.15	3.47	10.36	52.14	6.06	24.73
32.19	43.75	13.66	71.19	30.67	37.42	5.92	105.97
27.55	17.45	36.14	2.21	56.3	9.2	14.18	17.27
54.84	19.55	58.27	89.76	197.9	16.19	3.08	148.03
2.16	9.9	9.85	4.63	4.37	3.46	6.47	3.62
1.35	12.59	17.49	10.31	9.93	6.67	10.69	6.66
2.71	3.57	1.59	1.21	3.52	1.9	1.32	2.47
2.31	1.97	6.63	2.33	2.19	6.3	4.81	1.6
58.62	93.79	27.84	19.25	86.11	166.24	25.32	80.9
6.08	5.14	3.53	3.77	1.42	3.51	2.21	21.58
6.77	26.79	97.19	65.79	9.16	3.12	42.94	21.92
10.33	3.39	17.04	2.99	8.46	22.7	2.55	68.56
28.62	23.56	15.52	40.08	32.47	69.37	16.16	9.9
10.23	21.16	14.57	10.05	13.43	12.38	6	26.45
12.21	4	10.8	1.61	11.86	1.13	25.25	3.17
8.38	18.61	14.24	6.28	10.62	28.28	13.7	3.28
4.94	7.3	4.48	3.16	1.84	2.7	9.91	33.86
28.61	58.27	25.72	2.09	4.92	28.63	21.23	33.7
30.48	32.55	250.37	92.66	42.81	51.06	39.2	21.77
5.8	8.37	3.04	5.88	12.54	4.19	22.95	7.97
3.4	34.57	21.65	21.18	52.69	8.68	19.59	5.27
6.63	2.46	10.2	2.34	10.72	6.31	2.59	1.08
4.44	7.78	4.62	19.12	10.02	4.82	30.77	6.9
32.35	7.28	64.76	8.99	19.29	7.62	8.33	60.54
46.37	45.3	16.58	17.38	30.97	17.27	3.42	11.65
79.23	26.41	10.68	56.54	32.5	257.96	4.13	24.74
16.17	18.45	8	36.9	4.91	23.25	44.51	19.43
4.43	9.91	5.37	17.53	8.23	6.84	26.53	9.98
76.58	148.66	7.92	24.32	43.38	14.54	23.34	18.69
8.17	51.67	79.7	12.56	27.55	30.14	6.31	33.71
2.21	2.35	3.12	3.82	2.69	15.03	1.97	13.01
1.56	5.36	9.5	20.94	6.59	7.31	7.39	10.31
6.39	5.14	87.98	44.3	2.86	19.11	33.34	29.78
2.57	15.46	29.45	2.38	2.19	6.65	7.15	11.87
105.28	78.97	96.66	57.44	218.15	77.51	114.15	3.8
5.13	10.93	3.37	1.69	4.44	2.45	2.13	29.78
20.34	38.27	10.31	20.3	45.94	44.92	57.75	2.24
11.34	10.71	5.58	4.46	10.06	4.37	5.87	11.31
30.11	14.37	26.55	26.83	25.75	2.92	20.17	163.01
63.3	9.1	11.23	15.88	32.07	29.16	22.21	12.06
3.12	3.22	2.7	1.51	2.81	2.01	1.88	3.07
2.1	4.8	1.48	1.62	3.03	3.52	2.73	8.95
9.03	21.32	4.44	60.11	94.59	12.68	30.48	65.29
10.11	42.28	5.09	7.08	18.78	4.48	19.58	14.36
6.22	46.02	65.59	33.92	10.14	48.79	3.12	6.18
215.56	44.51	18.28	27.99	80.35	25.64	11.94	56.65
21.13	11.34	9.76	35.39	15.52	11.94	13.95	6.32
27.57	6.19	14.1	45.5	20.98	54.22	10.43	41.86
9.04	2.5	29.21	1.23	23.01	19.47	12.81	18.06
32.15	16.87	194.24	33.76	68.4	30.41	97.18	24.54
21.7	96.68	41	31.21	21.46	60.66	32.42	54.28
1.32	9.56	17.8	14.65	13.7	4.59	10.06	7.67
33.43	6.86	1.01	10.2	1.81	25.63	30.54	17.4
30.66	15.01	19.84	12.46	1.35	75.95	24.02	11.22
82.17	11.25	22.22	2.43	35.14	16.86	11.61	53.1
54.21	7.36	17.22	25.63	80.41	17.78	17.81	25.45
111.07	44.48	31.45	63.42	10.42	163.62	21.36	207.39
136.93	109.16	145.32	85.97	227.17	202.12	71.63	134.6
11.86	46.09	33.4	4.06	16.67	2.46	11.39	21.14
32.57	17.54	27.49	38.51	22.47	20.25	15.91	13.11
6.85	9.23	16.06	15.88	2.49	35.82	9.97	3.53
77.08	13.21	6.09	77.29	18.02	17.04	6.25	36.25
54.25	13.2	80.94	20.76	1.33	13.04	4.28	16.26
11.18	4.99	40.66	5.62	22.72	6.4	7.46	16.33
21.81	14.14	41.18	8.9	9.44	47.32	17.83	17.34
4.84	1.44	8.55	6.52	7.27	7.29	49.02	18.83
68	63.37	5.18	10.83	22.31	180.23	4.92	87.15
74.92	4.59	30.77	36.15	29.27	2.9	25.46	93.22
10.63	26.52	5.45	3.75	4.48	6.61	6.16	2.68
31.08	7.07	113.47	33.87	7.72	61.6	10.05	25.72
14.56	8.93	3.42	2.5	7.44	3.26	4.29	7.28
10.82	15.27	16.5	20.28	43.8	115.8	61.53	34.3
82.91	12.68	17.86	122.12	3.41	30.94	76.16	91.91
5.7	10.72	3.42	2.14	9.21	5.07	1.69	1.17
12.06	17.91	27.89	22.05	8.81	13.69	35.55	23.54
21.96	20.57	4.99	13.41	2.68	3.4	15.19	23.68
2.31	227.11	29.31	17.77	19.01	224.73	211.01	165.59
1.05	5.62	1.61	2.9	1.31	4.26	14.75	9.23
2.71	20.78	6.82	12.66	38.61	10.98	14.56	19.33
3.01	1.98	3.4	1.2	18.87	8.5	13.94	22.65
2.4	8.62	27.91	9.05	10.57	1.4	6.04	2.67
9.97	3.68	15.09	7.88	16.23	16.09	29.27	8.5
4.98	2.22	8.06	5.44	5.37	9.63	1.52	2.36
11.74	9.54	16.21	21.51	14.79	9.26	30.94	15
5.26	3.2	58.89	97.69	4.38	7.98	10.9	24.87
3.35	4.67	6.32	1.27	1.48	1	1.95	2.8
5.5	290.76	93.84	36.12	27.92	306.39	148.42	115.78
14.56	18.42	29.71	5.1	11.21	6.07	17.37	3.93
2.88	3.42	21.83	9.26	4.54	3.12	3.27	1.14
2.5	1.58	1.3	1.43	1.41	1.03	2.95	1.41
14	26.9	38.96	9.42	44.29	229.1	16.38	39.09
53.89	113.99	23.76	5.64	97.82	15.06	40.4	7.33
4.79	3.64	26.63	28.93	22.09	4.81	25.96	3.07
26.84	18.44	38.27	49.54	51.65	7.19	37.38	3.93
119.15	49.64	79.52	379.75	11.09	156.8	135.53	188.02
1.63	1.16	11.26	7.98	24.1	7.57	4.13	19.46
6.9	2.48	17.46	3.02	2.7	13.59	7.47	9.14
22.59	26.89	28.38	16.15	27.75	9.42	24.95	38.98
53.9	48.83	17.17	10.46	105.99	14.89	32.22	25.82
17.81	18.4	47.53	34.26	22.03	83.71	101.89	63.27
5.36	16.17	8.59	4.24	20.91	52.35	2.62	5.75
1.48	4.07	1.05	2.07	1.99	4.86	1.9	2.05
17.39	14.87	8.26	26.94	26.79	27.97	108.83	1.32
3.06	8.38	3.02	4.53	3.32	4.33	6.35	14.15
3.94	7.48	14.72	25.54	5.89	1.18	27.49	8.07
11.42	35.64	31.21	6.77	59.77	7.2	44.32	13.89
16.53	4.03	6.39	10.07	4.59	1.44	12.3	8.94
73.29	117.59	123.72	437.78	144.2	51.21	337.32	145.69
1.29	1.03	2.57	3	1	1.69	4.73	1.89
7.74	16.81	34.12	9.82	14.52	2.76	1.44	23.06
54.26	116.73	3.86	47.66	6.95	9.16	27.12	41.68
6.12	2.59	17.53	17.79	23.35	8.76	13.81	38.84
1.22	3.59	1.75	1.04	2.06	1.06	4.86	1.29
118.19	175.39	83.64	79.18	154.47	5.62	19.06	68.96
1.76	3.27	5.13	2.7	2.4	6.21	3.07	4.19
124.03	117.83	60.05	14.71	96.38	13.06	5.82	8.87
2.85	3.11	3.16	5.93	3.75	1.32	16.54	1.74
4.8	5	5.07	17.98	1.59	31.14	1.62	7.69
22.75	9.75	88.75	9.93	92.45	144.72	80.72	29.17
51.32	76.21	1.85	23.73	10.53	2.97	31.09	7.2
87.58	30.64	5.22	12.89	24.75	41.71	6.02	21.04
27.79	56.01	33.59	7.87	32.16	36.8	15.41	6.47
178.46	172.02	10.9	40.19	50.65	17.59	77.08	13.99
12.48	8.53	21.17	5.46	8.04	7.41	16.43	1.21
21.43	39.89	5.77	10.18	8.14	21.24	16.41	13.18
10.27	4.88	1.45	6	13.3	2.32	8.33	4.06
4.27	7.24	3.67	28.32	1.18	12.69	1.74	4.09
111	14.89	55.8	49.76	3.81	3.4	5.46	13.97
2.61	10.61	4.99	5.4	6.92	1.65	1.78	1.38
15.97	1.48	10.06	23.09	5.56	29.06	20.97	14.05
3.74	53.82	28.85	41.08	2.16	20.41	7.48	32.29
78.85	72.32	27.75	46.1	125.7	33.65	61.13	36.62
1.16	15.84	65.16	22.28	12.15	29.83	27.04	25.87
26.73	19.01	27.69	14.04	55.62	11.6	4.12	17.23
16.53	37.94	1.09	6.7	1.71	4.43	1.93	13.59
12.96	11.75	22.4	5.57	3.42	1.4	13.55	11.92
32.2	25.51	86.84	12.49	70.7	99.6	56.17	25.35
53.96	29.52	29.01	156.28	17.14	1.9	78.26	26.87
52.75	19.37	5.89	17.2	4.87	18.29	2.95	38.56
68	41.34	39.39	88.26	66.01	26.9	45.03	30.74
1.38	9.77	1.35	9.93	1.73	5.21	2.23	11.73
65.47	66.78	170.35	187.38	96.97	108.3	105.67	203.06
19.33	10.98	109.79	50.02	17.83	90.08	29.86	84.07
3.04	62.04	28.88	50.27	87.09	13.01	58.91	20.46
13.27	4.29	4.83	33.92	13.86	2.07	16	13.9
6.52	5.56	84.3	15.06	20.33	15.02	14.95	11.49
31.85	15.84	39.48	9.67	27.15	12.04	60.18	13.17
1.63	3.2	3.52	6.45	3.83	1.54	1.74	3.25
2.19	2.57	2.09	3.83	2.07	1.89	1.83	2.6
1.47	1.07	3.69	7.23	4.21	5.13	4.09	1.3
14.83	8	21.42	12.66	1.13	1.79	2.93	12.05
1.17	75.91	40.78	57.33	30.2	10.93	75.67	12.67
51.96	7.64	65.39	144.76	17.89	139.74	14.23	28.99
21.49	11.5	23.7	14.72	17.55	10.16	37.93	12.87
112.05	6.81	50.6	53.29	67.72	62.4	52.19	41.28
3.18	1.5	3.37	4.87	4.69	1.05	4.9	1.63
13.11	35.31	29.79	4.8	71.73	21.77	9.3	1.45
46.04	23.9	2.58	4.18	10.27	36.15	45.2	20.99
11.51	10	1.11	10.56	3.62	2.66	6	2.46
20.57	79.93	28.44	131.59	17.13	9.57	21.46	44
18.51	24.85	8.63	33.7	13.38	28.32	3.44	5.66
32.09	52.89	10.74	11.43	23.61	7.41	2.04	2.74
11.78	14.69	8.91	11.32	4.86	13.65	4.93	14.66
7.11	10.34	3.65	7.59	1.81	15.47	10	6.01
7.84	6.6	16.27	7.18	3.43	9.23	4.27	5.19
54.92	18.78	51.37	344.49	11.56	41.51	42.69	26.33
6.33	15.57	1.83	3.65	4.99	4.66	10.52	7.27
42.42	19.67	3.03	5.14	6.09	4.15	31.19	38.5
12.51	9.85	21.96	76.25	11.09	16.75	14.65	38.58
50.18	6.95	46.91	16.36	12.63	13.77	54.44	40.29
104.8	75.93	34.85	11.84	65.01	149.73	18.33	3.18
31.89	14.02	91.04	34.31	49.95	63.05	9.63	35.69
162.78	34.64	183.43	13.07	170.85	73.88	45.33	72.71
30.73	5.8	4.67	7.61	4.35	1.09	6.61	1.59
19.62	3.7	27.85	51.49	6.67	37.62	35.2	14.42
33.5	14.13	12.37	35.49	5.92	5.91	70.91	5.16
13.06	1.32	6.25	13.59	3.89	50.62	15.62	6.86
43.87	31.17	46.6	58.42	40.9	1.46	87.66	50.74
14.09	7.34	5.75	4.98	1.27	7.38	4.37	12.16
34.43	46.09	32.79	2.91	23.14	11.33	30.29	5.51
47.99	12.73	5.91	3.83	44.68	78.21	27.22	10.09
27.65	41.7	9.82	22.68	36.58	3.63	71.49	41.29
12.53	15.98	2.82	9.26	15.65	17.02	5.15	59.15
7.35	6.9	41.6	9.63	41.43	64.35	20.51	57.78
37.01	14.5	33.95	10.39	31.72	77.47	15.03	13.07
1.08	2.01	2.79	2.13	1.37	9.08	1.47	1.46
31.41	12.77	45.91	28.37	29.42	53.39	9.21	6.93
2.71	1.45	6.76	6.17	2.51	1.74	3.02	1.39
57.28	21.02	9.59	159.87	209.82	46.28	71.96	9.7
137.53	24.46	15.14	49.91	16.87	51.97	15.34	12.46
17.61	30.62	5.14	15.04	7.79	11.32	14.44	28.2
2.09	5.69	7.98	8.26	8.83	2.89	3.37	2.02
10.72	23.85	63.58	14.06	5.66	37.64	9.04	4.29
302.75	162.03	176.3	41.65	171.45	13.23	193.87	293.18
33.15	1.83	9.46	42.55	35.69	134.27	33.08	53.44
3.62	28.66	9.47	6.44	2.88	7.98	3.32	22.67
37.24	111.03	60.52	185.2	220.11	30.33	166.36	366.22
19.63	64.9	4.9	22.25	172.36	38.23	23.64	14.71
2.36	4.33	3.36	1.62	1.11	8.36	2.76	3.63
51.73	105.71	69.22	48.38	88.7	139.06	27.2	100.98
19.6	22.13	4.88	12.33	9.67	7.77	15.47	36.78
17.27	10.89	6.75	25.63	1.16	3.78	2.97	43.7
104.08	15.02	9.86	81.04	20.79	28.05	6.12	13.32
27.44	38.89	60.6	86.49	18.23	33.67	131.15	3.23
6.95	3.85	1.47	1.11	3.57	10.18	2.28	1.1
1.43	32.38	3.37	59.47	82.66	5.72	3.47	48.53
14.32	223.19	15.07	65.6	24.77	62.2	32.3	5.83
54.96	60.22	185.39	9.74	13.32	53.57	10.77	25.97
76.98	183.53	16.97	85.48	203.85	15.04	36.46	322.88
3.32	1.41	3.37	1.49	1.33	2.27	4.46	3.15
1.63	1.66	8.38	33.3	114.93	2.85	9.99	71.69
46.85	11.03	6.69	38.89	39.28	34.52	29.01	12.31
25.55	49.16	18.42	23.03	39.05	42.63	1.43	16.19
10.99	3.75	2.37	14.19	1.42	3.57	4.46	7.9
3.05	36.69	52.74	6.72	9.98	2.32	6.86	13.4
58.45	4.65	25.65	1.1	9.93	3.63	80.62	5.5
35.64	91.6	52.1	99.08	62.97	26.78	15.65	105.74
5.53	30.81	22.25	7.2	13.25	7.64	9.8	37.67
20.88	165.28	87.23	23.12	28.44	14.83	18.55	225.78
86.17	50.4	88.23	17.01	205.61	16.76	19.16	98.59
23.19	64.56	50.66	172.32	174.8	26.24	125.32	227.48
42.49	66.03	56.94	3.98	25.61	63.12	1.86	82.25
54.46	4.87	34.92	1.75	24.6	6.7	12.67	1.74
5.68	8.19	2.66	6.28	9.98	9.57	3.12	6.56
4.76	4.56	4.39	51.44	18.43	4.17	33.05	21.33
30.19	50.35	42.83	68.53	16.21	45.38	34.8	22.22
8.19	4.22	2.05	5.68	1.22	3.36	7.94	5.46
13.28	23.71	7.47	9.32	13.44	2.36	15.94	8.5
12.76	62.67	10.11	99.57	20.94	6.47	56.56	50.47
40.2	24.08	71.2	26.32	47.65	8.29	46.99	174.89
39.63	64.2	4.41	56.37	87.24	7.86	29.6	12.66
3.58	7.37	10.57	13.44	19.08	29.09	34.19	17.57
46.72	4.89	14.55	4.82	51.84	35.69	108.9	47.11
67.44	26.18	8.66	30.65	6.16	81.45	4.43	40.6
10.85	15.57	21.16	2.87	16.93	10.99	2.93	33.91
9.48	13.09	12.58	27.08	13.59	15.11	43.52	89.07
18.12	9.35	17.84	11.02	5.18	54.69	4.82	22.76
20.26	21.59	10.54	58.57	15.12	31.45	3.14	13.45
4.13	3.08	3.21	8.1	5	5.25	5.27	11
10.85	48.22	46.46	12.3	36.54	16.54	106.29	17.32
14.28	2.62	5.28	1.45	12.73	2.26	4.82	2.6
5.44	35.85	5.07	6.72	1.85	16.64	2.34	20.11
4.83	69.38	63.5	25.34	3.05	15.85	12.82	9.33
8.06	4.14	8.15	7.26	13.16	4.46	2.62	4.7
1.82	2.53	3.31	7.1	7.24	4.72	6.49	5.46
2.96	3.94	9.23	3.19	34.89	21.75	49.33	5.22
2.65	13.68	2.26	8.75	32.84	8.43	2.23	16.48
10.53	21.2	15.48	22.84	7.04	10.24	1.29	16.71
5.3	3.24	1.49	13.94	2.58	12.6	5.92	7.4
3.91	8.51	20.75	5.4	13.06	6.96	29.98	5.57
10.26	3.98	6.73	4.45	3.87	7.66	5.4	5.12
9.29	20.53	4.27	20.56	115.7	14.56	21.91	43.73
53.06	76.19	41.1	22.34	37.36	33.02	72.5	28.82
3.92	9.42	7.56	5.98	2.37	5.52	6.08	8.69
21.32	11.82	9.99	2.82	3.98	2.14	9.99	12.51
30.96	49.07	3.46	5.08	11.61	33.34	14.31	23.92
14.44	2.01	15.99	3.38	20.76	29.6	1.51	10.06
1.51	2.76	3.14	4.42	4.38	1.54	3.45	2.03
15.45	25.77	23.04	9.09	82.29	49.16	17.63	9.7
17.57	10.49	11.3	18.96	6	3.45	16.02	17.5
64.35	3.92	43.76	29.39	31.9	6.26	39.13	16.39
30.81	189.65	36.68	2.68	10.2	9.91	15.6	43.55
40.5	42.46	81.01	5.87	79.59	74	247.66	101.78
42.28	4.05	44.51	16.49	32.57	14.84	21.41	18.1
59.78	76.39	28.75	239.33	90.78	6.07	135.53	208.55
4.25	7.99	4.1	2.51	3.06	1.33	1.7	4.73
3.56	3.17	2.72	5.07	2.04	1.09	1.64	1.36
15.15	45.02	7.1	80.56	6.86	6.09	10.38	12.6
9.87	8.27	6.74	6.81	10.06	14.73	26.76	35.91
57.89	22.58	74.48	56.59	81.25	29.91	51.84	46.39
7.83	10.99	7.3	52.16	9.02	40.39	6.02	26.69
6.7	5.9	16.62	5.79	4.95	13.49	3.16	13.06
5.73	5.19	16.57	76.96	15.85	34.05	38.76	12.4
17.6	39.33	85	32.91	26.99	48.38	10.48	9
6.02	19.47	3.95	1.97	10.8	20.5	3.72	12.87
21.78	16.83	61.9	17.42	125.59	1.92	279.26	68.52
138	76.76	66.35	38.99	48.5	84.73	68.44	4.98
4.9	15.34	8.74	3.86	9.54	21.17	2.36	23.77
11.34	6.67	31.18	1.73	4.8	16.31	11.19	35.17
4.88	10.42	3.28	29.11	8.28	14.56	5.84	27.48
12.6	48.7	35.74	84.87	23.22	48.69	59.8	2.1
41.54	22.2	4.58	59.82	9.79	26.19	4.38	36.57
16.56	27.32	48.98	5.21	19.51	56.97	22.78	46.11
8.94	15.35	5.67	2.85	1.33	13.2	5.13	3.28
29.86	1.4	9.55	15.58	35.62	10.81	4.09	32.93
17.55	34.58	220.32	104.54	149.07	9.38	153.22	17.81
10.61	1.28	14.72	71.33	6.29	3.94	75.45	42.53
62.61	35.32	20.49	31.44	57.03	5.24	40.18	27.83
10.3	10.91	39.1	21.82	14.76	29.56	42.35	101.24
15.18	54.58	44.05	11.85	50.8	59.46	33.3	16.68
22.62	1.56	4.81	21.28	3.72	5.42	30.13	9.09
9.06	10.65	15.27	48.85	6.38	22.38	3.5	36.8
8.78	30.81	14.41	145.36	63.44	58.78	53.87	46.72
41.99	3.94	60.63	55.94	7.97	8.64	27.62	4.96
228.35	68.73	120.11	90.15	450.16	68.94	43.58	127.43
38.6	36.01	12.59	22.96	28.31	11.14	6.65	17.71
102.16	10.37	214.51	6.56	43.08	71.09	29.87	128.47
89.04	34.36	25.35	13.97	12.59	23.46	18.8	193.75
35.11	10.83	9.9	17.39	20.45	30.81	87.21	10.65
30.65	187.33	123.43	67.37	158.02	117.97	127.96	242.81
14.65	3.13	5.56	4.57	9.55	1.05	4.36	2.3
1.32	3.3	2.89	3.2	4.06	1.76	7.78	3.5
13.79	11.42	2.31	15.38	3.28	2.61	6.45	18.54
48.88	112.99	16.22	6.66	5.41	4.02	45.23	58.6
22.67	18.63	7.94	1.87	133.14	12.81	5.02	35.17
