16.17	21.42	5.82	4.56	15.09	5.02	16.16	2.2
49.9	49.21	3.42	18.8	36.52	93.52	42.27	141.88
14.59	14.48	10.59	7.43	7.48	28.47	13.84	61.36
25.05	45.72	91.96	11.62	49.19	74.27	6.85	42.2
1.77	1.71	3.9	1.08	1.73	1.8	5.11	1.52
58.93	39.98	33.53	35.84	225.19	32.66	77.84	19.11
42.31	11.88	8.59	26.15	1.07	17.85	23.43	29.35
2.13	1.07	4.51	8.52	8.27	5.27	1.54	2.39
12.94	33.23	33.58	46.04	22.89	18.91	3.11	42.73
103.51	210.94	320.61	72.25	124.49	185.18	66.72	40.96
277.45	10.89	98.36	13	28.81	242.79	55.99	90.38
6.34	64.82	106.18	166.61	30.47	16.49	4.71	97.15
37.04	12.1	9.67	38.98	2.06	8.28	103.59	74.8
23.21	23.09	21.59	9.62	13.9	13.28	92.91	33.97
177.53	186.23	60.58	20.54	18.97	122.74	34.49	94.57
10.12	56.57	36.4	71.85	13.84	14.14	39.52	9.58
35.86	68.72	81.77	115.95	39.43	68.39	339.47	37.13
128.12	169.1	12.39	12.06	82.59	24.56	203.96	38.61
16.85	16.24	25.2	86.99	3.4	16.36	6.46	3.74
3.05	18.4	127.95	85.67	22	159.8	14.32	114.89
80.17	164.84	63.31	23.02	63.28	65.85	34.71	44.03
73.04	59.58	116.1	51.94	53.81	33.68	27.58	111.77
21.57	12.5	12.47	16.1	38.29	28.41	15.71	10.48
7.94	5.96	30.91	23.14	6.03	1.73	19.87	36.97
14.26	6.03	3.04	4.39	21.12	8.16	8.45	4.35
4.97	6.71	7.22	1.13	22.07	10.8	26.63	15.27
9.99	34.5	19.14	55.06	12.04	10.84	34.7	2.74
58.52	14.85	121.8	68.35	48.76	32.67	114.94	93.83
18.52	4.39	26.98	20.61	17.99	8.5	11.02	16.56
2.28	18.71	37.24	13.4	38.65	25.21	16	18.08
17.39	12.45	11.39	5.02	25.65	13.7	32.15	17.4
9.55	30.08	72.8	32.15	13.49	23.45	8.61	8.79
10.68	31.02	7.34	17.39	51.25	49.95	31.73	19.47
58.75	79.41	47.9	344.2	140.76	47.91	70.27	7.27
11.86	32.45	15.32	9.05	7.82	1.89	3.28	10.82
2.38	4.5	3.66	8.72	1.06	7.33	4.69	1.35
6.7	14.53	7.96	11.4	2.03	15.05	12.38	7.83
19.35	6.66	46.23	5.94	57.47	22.03	9.78	61.66
2.46	7.6	22.56	55.65	7.87	34.89	51.35	22.12
1.38	3.89	4.27	1.17	1.95	6.08	1.75	4.02
28.15	153.45	56.67	45.67	48.23	50.21	49.37	48.5
24.27	6.86	17.35	64.47	11.37	59.08	77.09	58.55
4.77	19.79	2.92	3.6	10.08	4.76	1.26	5.97
9.32	3.98	2.42	3.09	3.4	5.21	6.42	8.11
9.97	8.35	2.4	24.34	1.24	1.8	4.34	6.8
9.07	52.53	62.63	12.16	23.62	16.84	46	35.04
3.07	3.01	1.15	1.52	4	1.21	1.02	2.48
33	81.53	68.49	27.48	25.08	34.48	27.66	42.8
1.66	5.75	1.46	1.46	3.98	3.98	1.52	2.67
24.25	20.95	8.05	6.5	9.2	3.86	3.12	13.86
39.86	215.51	110	77.74	74.11	97.85	78.66	53.17
76.95	32.63	124.41	38.25	29.78	74.19	50.89	12.01
10.66	14.38	2.06	6.84	13.61	11.32	8.04	7.53
1.12	9.18	2.06	1.33	3.21	12.26	2.35	19.36
20.18	277.62	96.53	113.19	320.17	7.27	67	35.78
10.21	12.84	1.61	9.6	20.14	2.84	19.01	3.93
6.89	16.46	27.06	4.48	9.76	17.86	38.49	20.06
16.81	6.25	5.73	3.61	11.7	10.61	14.88	4.74
2.17	30.7	5.32	17.16	5.24	5.35	2.27	5.29
11.26	48.49	1.63	10.85	4.62	17.71	7.16	32.63
9.51	20.66	28.4	66.71	24.99	21.14	115.98	12.31
16.82	39.73	62.7	3.95	10.49	44.04	5.83	7.57
1.54	8.77	16.42	7.87	27.55	15.47	15.63	48.45
34.5	25.26	11.32	52.56	167.51	5.8	33.57	30.11
4.58	14.26	5.43	5.98	2.41	4.31	1.48	7.91
47.6	8.49	8.4	20.76	7.24	13.87	29.11	54.55
5.89	3.36	55.89	28.71	18.06	29.26	39.04	36.33
65.76	26.79	29.1	8.5	69	19.33	15.35	16.34
17.56	3.05	56.85	66.24	1.42	58.97	18.27	5.72
5.26	1.04	10.9	3.14	7.89	8.89	6.19	2.02
26.44	15.35	64.29	27.06	14.62	108.08	8.34	24.54
111.04	29.85	6.51	27.43	95.85	18.16	3.08	95.24
2.02	14.3	20.03	6.47	9.62	8.26	10.11	6
11.15	66.86	94.62	52.59	11.93	10.84	59.29	3.89
23.23	9.14	39.51	5.99	10.94	56.26	9.61	87.62
19.18	24.73	13.25	20.03	16.51	2.03	59.37	19.49
5.27	1.95	8.59	2.15	3.5	3.78	4.33	5.59
89.74	8.14	38	122.58	20.05	105.8	19.44	22.69
8.31	93.42	155.05	128.24	3.72	51	80.31	41.93
38.65	53.53	25.45	4.05	42.95	25.86	8.55	80.15
4.92	31.8	13.13	28.13	8.35	38.02	17.82	12.86
22.64	18.69	12.22	2.08	22.08	38.73	18.86	8.64
4.83	4.67	3.68	7.22	6.85	2.17	4.42	2.71
17.4	22.61	17.03	10.63	3.82	1.91	5.21	7.4
44.15	48.58	17.15	21.91	43.31	30.9	29.97	74.66
2.23	3.62	10.68	3.29	6.95	4.02	4	14.6
95.09	25.19	13.4	24.56	1.01	46.16	30.95	27.13
14.92	7.96	63.87	20.95	41.16	51.56	19.65	40.24
2.42	2.12	1.28	2.04	7.98	4.28	1.59	10.52
45.29	12.98	82.48	28.94	24.99	18.64	1.61	19.93
62.1	8.24	62.72	24.09	15.24	16.9	93.17	109.15
13.81	19.01	49.46	7.7	12.16	20.46	149.8	37.77
15.39	111	190.61	248.13	123.56	149.8	67.88	57.88
1.24	2.35	45.15	23.13	7.44	28.82	49.47	9.34
51.76	11.25	11.27	90.89	60.47	24.3	96.83	30.59
8.5	4.66	2.81	2.05	1.29	2.28	12.26	2.27
1.39	3.02	1.47	12.74	5.42	3.2	14.55	2.06
60.46	48.42	10.57	3.83	22.9	61.83	4.55	56.92
3.68	8.29	4.5	3.47	2.64	9.1	16.13	6.34
4.18	7.99	8.05	7.09	1.11	4.99	2.12	2.35
17.13	8.26	3.3	6.59	26.2	6.59	3.39	4.66
41.55	10.37	11.29	33.23	9.22	57.18	11.06	3.23
32.86	38.25	3.68	16.52	4.19	27.07	32.71	18.7
38.87	20.46	9.27	11.91	28.97	18.19	37.95	40.73
12.9	12.17	5.61	4.78	14.22	1.3	1.71	1.09
23.21	12.58	5.37	5.34	25.5	134.82	32.01	94.11
27.61	54.12	24.04	30.72	20.52	89.76	67.21	62.89
21.77	54.22	24.49	20.84	69.73	74.34	31.73	88.92
9.21	2.87	4.99	1.42	7.14	5.47	4.08	1.28
30.41	12.47	6.13	4.97	3.15	13.45	14.95	5.46
7.16	3.61	21.97	18.31	5.47	3.9	8.74	1.15
15.07	30.6	23.04	120.09	356.35	57.63	22.35	89.87
3.43	1.15	1.06	2.59	3.09	1.57	2.68	1.21
4.09	30.56	15.69	94.26	34.06	33.18	5.3	26.17
1.08	14.47	51.15	3.16	114.57	16.32	2.75	7.17
6.23	25.82	20.96	11.37	1.86	4.39	23.25	11.24
30.01	24.12	128.44	75.9	10.42	22.33	25.46	31.14
48.61	31.3	3.04	7.19	22.26	96.58	45.1	8.21
2.94	3.47	2.91	4.18	6.17	2.73	5.78	1.37
17.99	34.1	1.32	24.99	1.85	9.39	85.28	26.43
3.42	2.76	2.68	3.22	1.22	4.02	4.03	2.03
1.59	276.69	52.65	19.07	3.39	11.71	147.71	54.52
15.38	11.44	9.71	5.68	29.04	13	15.36	10.77
15.94	8.06	3.85	10.9	5.04	5.06	25.13	14.31
10	18.68	110.2	56.89	45.99	115.55	81.53	12.98
76.61	38.78	15.74	141.57	92.25	233.9	123.18	62.64
5.13	3.25	1.77	4.38	17.28	5.57	24.93	2.63
1.23	1.26	2.05	1.69	3.15	2.22	3.32	2.68
27.85	5	4.5	16.54	41.02	3.57	10.52	28.68
37.89	29.03	46.81	1.49	31.35	39.12	45.84	64.78
85.32	99.79	83.99	25.69	105.22	167.02	57.9	104.71
26.29	3.71	1.15	7.66	12.6	72.01	6.11	21.25
17.08	54.96	66.49	13.99	31.32	25.61	11.76	16.5
77.66	100.76	118.99	136.68	102.37	71.71	46.91	98.88
166.2	6.28	104.54	100.68	97.19	65.44	59.78	118.58
1.99	8.15	2.81	7.72	1.17	4.35	2.66	18.1
14.07	21.38	41.37	43.62	1.34	6.14	15.93	11.72
2.99	10.26	5.05	8.73	4.76	1.98	1.69	4.21
12.68	35.35	41.08	19.4	7.69	20.73	64.39	30.47
1.12	22.01	112.79	139.04	48.08	10.03	41.77	19.37
8.82	14.5	1.16	26.6	30.08	7.92	4.57	4.9
7.19	7.64	8.97	7.75	16.31	20.48	3.48	6.66
159.14	39.59	59.27	26.71	33.81	3.99	87.98	75.45
26.77	48.8	3.51	50.8	17.28	28.95	55.49	18.49
2.84	5.38	5.5	4.09	6.08	7.35	4.81	1.21
12.05	4.5	16.59	67.65	157.71	81.4	111.89	52.51
1.52	8.56	14.13	7.18	3.59	8.32	13.16	6.23
36.96	4.96	8.33	14.75	18.19	31.26	36.33	46.15
269.31	72.65	84.46	36.44	48.6	103.04	20.04	93.58
54.71	7.35	1.43	39.9	4.18	21.81	26.7	30.68
3.54	64.33	90.57	57.64	13.89	8.02	44.55	7.72
15.23	161.11	12.7	62.2	72.32	123.8	52.63	23.27
11.72	24.11	7.52	21.85	7.75	32.09	40.35	58.22
14.59	15.25	22.45	88.88	2.19	7.42	108.49	9.09
2.56	1.64	3.04	2.36	3.15	1.59	2.5	1.34
16.9	7.62	54.07	62.45	1.88	260.02	76.84	34.51
2.08	15.57	5.28	1.07	3.22	29.75	6.36	6.94
22.69	6.33	26.95	11.62	44.67	60.31	18.44	80.98
5.66	9.25	5.94	26.75	17.88	6.46	15.44	4.79
7.51	1.14	4.18	2.97	10.4	6.93	1.4	4.86
23.43	22.34	7.98	3.86	2.4	5.86	8.5	23.92
32.71	60.32	48.85	158.24	46.34	14.43	129.15	122.16
214.33	26.26	2.27	76.27	42.48	127.34	168.5	68.42
65.88	26.19	37.46	101.28	86.57	20.25	89.43	57.2
1.98	11.57	2.02	6.95	4.06	4.74	3.79	31.07
312.66	70.39	192.02	38.76	17.89	54.78	47.01	101.28
17.53	13.08	20.32	28.88	15.15	2.72	10.27	10.6
3.48	5.16	15.79	14.89	8.3	16.01	18.18	2.96
16.56	60.24	4.63	6.67	10.9	20.8	7.32	78.53
45.01	11.61	11.14	24.05	22.14	16.06	16.49	48.1
108.72	76.2	57.87	60.48	39.07	179.05	78.73	57.15
101.09	66.69	11.33	56.16	74.7	127.69	18.55	25.38
9.14	15.46	13.58	8.39	3.05	2.32	22.91	22.97
34.44	129.03	41.44	6.78	195.08	21.52	32.65	230.69
12.32	99.67	15.57	61.86	31.85	1.34	15.66	16.18
45.56	53.46	15.96	33.47	35.56	42.45	16.36	64.44
7.77	6.35	1.6	1.73	2.09	1.57	4	3.25
26.17	23.99	35.19	82.11	19.7	1.63	10.61	2.2
49.26	6.22	115.08	13.06	2.1	5.49	25.56	42.64
54.3	75.26	254.38	15.16	30.41	32.08	102.31	101.82
1.72	18.74	4.11	2.72	7.35	12.99	46.37	6.38
16.36	36.97	15.58	47.59	2.33	54.21	1.24	2.9
6.83	17.96	7.83	62.55	20.51	22.1	2.67	1.46
3.05	1.6	1.68	3.23	2.2	8.76	1.47	3.9
15.88	24.15	29.28	18.24	9.29	31.31	8.12	5.87
21.53	10.44	29.9	34.74	7.69	44.69	7.26	20.16
20.14	6.25	7.87	26.99	12.03	20.99	7.37	16.35
3.91	51.64	41.75	17.9	4.75	2.68	24.9	26.02
3.83	1.26	3.36	2.21	9.48	8.02	1.61	14.15
5.19	2.71	12.76	1.34	1.2	39.02	4.85	11.38
9.88	22.78	11.99	11.42	30.34	13.86	124.66	25.02
6.11	5.08	4.71	4.64	2.38	4.91	12.65	4.46
16.81	14.68	11.95	20.23	14.52	25.73	15.12	3.81
9.63	9.49	38.82	2.43	37.97	31.53	18.95	21.12
3.37	4.79	3.37	17.31	6.29	5.57	1.25	5.26
151.33	37.2	93.34	50.97	4.04	85.38	210.22	66.82
23.5	27.34	11.66	26.06	5.31	35.47	8.86	19.25
38.04	12.65	2.24	9.72	53.37	20.01	104.53	7.22
185.18	35.89	47	96.26	32.32	27.87	53.49	65.69
2.2	1.13	4.21	16.35	1.51	26.22	4.86	6.27
1.49	6.79	1.4	1.95	2.02	3.66	5.77	1.74
19.73	5.22	42.55	7.96	11.83	1.71	6.81	1.8
43.51	4.25	24.87	9.09	57.43	44.28	50.09	39.26
1.77	2.63	8.54	3.96	6.95	5.56	1.26	1.39
10.2	64.15	71.69	25.85	11.53	21.42	41.96	25.59
11.2	17.67	6.91	19.24	19.22	11.69	26.77	17.78
16.53	30.65	5.37	15.98	9.66	5.61	9.99	15.95
2.42	3.73	8.63	2.58	7.59	6.1	3.23	4.57
39.03	102.03	18.5	39.44	39.45	204.93	12.22	125.71
113.8	8.05	47.76	24.13	258.05	329.89	143.87	154.2
2.98	2.9	4.1	5.31	1	4.92	3.95	11.11
14.97	97.25	6.05	65.71	33.06	8.59	4.18	21.88
25.31	35.29	30.39	61.44	195.47	4.01	14.12	23.57
5.81	3.21	17.34	60.38	13.05	10.75	44.7	1.88
7.14	11.15	6.57	26.26	1.97	1.99	10.72	1.63
54.52	3.77	47.4	76.02	8.52	48.64	26.94	18.19
26.46	177.83	97.72	49.67	12.06	48.45	43.35	28.08
23.77	68.07	14.41	75.46	10.15	18.56	19.09	54.02
5.32	8.57	26.58	2.63	10.18	10.45	3.61	6.99
85.29	68.69	36.13	19.08	18.73	26.57	184.95	82.33
19.13	4.04	12.49	33.18	23.2	16.76	18.28	32.95
8.18	21.5	2.68	37.5	52.5	8.79	4.64	42.45
41.84	18.94	55.45	41.37	15.63	76.13	11.04	4.8
16.48	5.05	8.56	7.37	12.13	45.63	26.83	14.38
25.27	36.63	35.99	51.64	16.61	120.17	85.65	20.33
4.41	9.01	10.9	24.07	40.11	15.31	54.44	3.89
7.02	28.19	30.5	23.64	3.44	1.53	11.4	7.96
17.28	35.83	160.35	89.8	84.06	62.96	1.15	5.57
2.74	13.78	2.69	15.03	7.32	2.55	7.53	1.44
1.56	2.4	4.44	2.1	8.7	1.08	1.98	1.75
17.5	33.04	9.08	51.88	3.48	12.24	16.48	27.49
30.06	41	49.49	23.14	133.98	40.61	29.84	58.52
9.72	11.65	9.94	10.6	19.52	65.15	11.18	12.05
52.46	28.51	20.32	38.24	13.77	2.56	49.61	2.68
4.03	1.66	7.72	13	13.39	1.48	18.27	41.05
113.74	27.47	55.53	66.66	20.61	51.75	44.04	112.96
44.71	81.6	69.02	73.64	59.98	170.37	170.58	54.23
99.86	37.59	11.02	2.74	36.43	66.11	128.63	55.13
25.84	8.39	31.17	10.29	104.72	69.99	17.97	13.25
23.02	12.87	11.45	20.65	109.06	49.21	101.89	25.52
30.58	20.33	91.24	86.04	24.12	98.19	36.82	112.42
8.57	5.68	2.61	8.18	20.91	15.49	26.34	11.8
42.79	31.49	16.13	87.49	43.47	11.62	11.14	7.56
12.68	10.51	10.24	17.61	12.81	7.39	4.41	3.46
1.07	12.03	14.22	20.65	5.45	11.9	3.02	13.66
37.36	68.05	27.55	34.51	6	59.39	51.19	10.78
6.74	4.39	3.16	5.62	5	3.8	8.63	2.09
10.94	15.98	7.04	36.9	7.75	5.19	17.98	27.11
9.02	4.82	43.55	1.19	3.94	64.89	49.14	28.31
28	26.73	48.18	39.25	25.95	55.26	59	126.46
2.84	1.44	1.75	2.42	1.12	1.22	1.5	1.49
19.55	73.46	26.68	36.49	16.96	10.94	2.11	51.24
1.72	4.75	1.33	6.81	2.82	7.73	7.65	2.27
5.42	31.96	3.74	13.39	9.61	11.45	29.48	7.09
16.35	14.25	3.93	3.28	16.97	23.26	5.97	2.15
81.4	235.97	184.93	93.38	35.25	214.57	151.71	403.85
1	16.7	3.18	2.75	3.44	1.34	5.75	8.56
35.29	10.71	15.32	17.22	76.9	49.5	78.21	51.27
52.97	8.6	16.08	31.65	33.02	17.1	8.3	3.86
65.8	30.05	69.01	16.42	20.47	6.79	22.32	73.83
76.13	72.53	62.5	15.92	76.7	37.41	146.65	34.13
4.18	34.85	17.56	58.1	87.88	13.97	145.06	110.35
7.85	5.24	3.25	3.06	15.32	7.66	1.76	29.1
81.61	17.88	88.62	33.18	27.31	23.2	31.88	21.98
12.8	7.2	6.6	8.19	7.48	13.13	37.57	3.61
29.43	21.28	26.13	7.58	11.76	17.97	5.33	16.68
22.33	13.6	10	6.51	2.26	26.49	8.27	18.76
9.94	29.34	14.56	7.34	38.08	28.04	47.04	36.85
4.17	1.65	13	9.82	8.22	1.04	2.05	6.18
18.58	5.1	6.44	5.76	1.27	13.63	5.13	6.01
37.27	8.99	17.55	36.72	13.95	29.83	6.59	74.87
12.7	27.61	115.75	5.81	2.25	9.57	22.68	25.2
4.97	14.98	6.42	1.08	6.14	5.15	3.43	4.46
1.11	102.09	73.98	27.62	32.27	33.08	12.68	37.95
13.62	21.61	4.2	12.15	9.31	28.01	38.36	5.95
27.4	2.63	29.39	24.33	13.51	10.43	5.93	45.23
1.35	1.32	20.84	42.7	4.27	4.6	16.48	27.07
6.2	13.17	7.75	6.57	11.34	4.57	4.2	3.96
56.5	145.95	96.2	200.23	100.46	228.4	122.05	298.33
31.8	22.6	1.11	3.23	9.73	17.6	2.71	1.78
9.83	39.76	25.26	42.06	76.19	68.31	199.38	106.66
78.18	37.87	8.06	14.97	45.86	18.53	6.34	86.66
61.15	53.99	64.62	19.7	42.7	151.62	44.85	65.4
1.24	22.02	47.29	18.27	50.21	1.86	13.33	17.75
21.08	11.26	23.76	146.77	54.61	50.77	19.13	103.17
1.52	14	27.62	2.55	7.43	13.63	1.68	2.39
11.69	2.81	26.54	23.09	2.81	5.46	14.71	10.37
23	21.81	55.93	42.29	4.01	1.39	74.94	1.65
67.36	119.29	49.19	81.68	56.57	23.15	23.92	8.73
32.33	41.18	248.29	10.67	33.18	77.35	92.27	5.4
73.59	47.81	79.2	106.12	181.88	103.26	8.7	48
35.51	50.44	39.27	12.89	16.96	17.21	11.4	9
28.76	5.32	10.01	18.61	17.05	2.08	19.15	9.29
1.39	12.18	5.18	12.4	8.24	6.55	11.33	26.04
49.41	51.72	61.09	93.63	117.4	17.14	59.2	76.56
21.88	42.71	187.53	33.75	69.7	293.02	114.31	44.26
5.51	7.88	30.66	48.53	14.03	6.92	35.88	50.7
8.25	10.3	3.34	11.62	5.64	4.78	3.48	3.27
10.76	5.63	5.07	3.96	5.63	15.24	11.91	36.67
42.29	1.78	47.27	31.68	4.17	84.04	28.69	40.33
2.9	2.54	17.43	2.63	3.03	19.09	2.11	20.09
1.29	2.94	5.14	3.17	1.47	5.76	3.05	1.89
13.61	23.31	73.37	8.84	59	23.08	53.86	19.51
5.79	6.14	5.17	3.8	75.58	11.06	8.4	31.36
42.71	41.25	4.5	6.54	1.93	13.3	35.27	31.91
2.88	30.07	13.6	84.21	4.06	31.67	13.41	5.67
26.56	21.21	49.41	17.7	33.63	18.94	9.02	32.99
60.08	63.38	174.97	44.37	123.48	135.69	74.23	30.02
17.26	13.92	7.87	6.43	28.66	11.38	67.2	9.13
53.08	24.28	5.05	92.21	50.82	84.72	22.41	27.88
4.22	1.06	1.66	7.1	5.25	9.86	1.9	3.11
13.8	39	24.6	7.19	77.95	11.85	11.9	42.39
11.98	6.52	15.59	10.54	6.66	5.11	2.05	6.56
41.75	1.76	11.62	73.07	71.49	11.46	23.14	66.72
12.5	31.13	51.12	11.06	3.76	29.69	1.98	9.95
3.19	1.09	1.76	3.05	2.11	1.37	3.61	2.7
15.6	15.68	4.19	3.37	8.36	3.43	16.59	8.81
3.82	13.03	18.35	11.24	44.91	23.59	5.9	6.75
92.58	9.26	17.72	87.13	168.43	61.61	7.41	6.98
15.39	19.16	25.77	13.96	15.3	18.23	3.6	2.68
99.94	463.95	217.52	106.47	198.72	184.72	474.67	14.29
122.47	267.94	117.49	152.42	92.17	140.33	209.88	168.94
14.87	4.13	25.03	25.23	19.94	11.46	133.58	69.12
3.11	1.54	15.83	14.42	30.38	68.67	36.85	3.53
69.47	64.78	97.01	86.86	119.71	10.1	81.79	76.82
135	39.47	224.97	47.41	45.22	149.3	91.19	109.66
67.24	16.87	21.6	6.61	25.04	20.53	17.66	10.81
20.29	92.34	22.1	12.04	7.04	59.28	25.88	43.89
11.22	87.21	12.79	34.05	17.57	8.6	18.9	61.67
9.44	6.98	18.04	41.85	3.04	49.91	23.06	23.06
107.21	13.43	27.61	4.47	42.34	42.74	53.06	41.04
1.15	10.9	10.44	2.61	3.18	17.91	28.44	14.52
30.11	10.83	3.52	38.79	74.05	181.28	12.53	32.19
7	13.5	15.21	9.62	31.59	4.52	14.03	13.1
18.55	17.88	27.71	1.86	9.92	8.95	15.1	10.5
31.11	44.29	1.14	38.32	22.19	2.9	63.83	54.44
12.96	9.28	3.48	3.14	2.31	5.93	1.62	11.98
6.49	10.23	8.2	12.41	14.67	8.69	57.29	7.44
2.59	11.99	8.38	3.23	8.57	2.61	13.81	2.89
5.32	2.67	9.03	11.17	13.88	50.77	6.74	7.2
1.85	9.11	4.23	5.37	10.08	8.37	6.7	5.92
35.71	132.87	18.42	74.61	8.62	18.09	19.75	113.84
8.33	21.26	29.45	42.86	40.47	30.06	8.43	29.9
20.84	42.44	58.85	128.66	5.69	68.4	189.19	140.11
16.74	125.15	138.23	68.32	102.64	86.85	160.29	52.69
13.77	27.46	5.43	63.18	45.76	21.56	73.63	17.01
225.74	202.59	65.82	51.55	45.42	285.06	10.82	110.59
21.46	5.62	3.51	6.34	34	41.11	17.88	8.73
2.88	4.8	34.21	60.17	3.08	3.16	18.08	36.3
133.13	499.66	233.92	14.22	26.9	157.8	38.08	89.42
10.15	14.07	9.69	39.27	37.59	19.22	5.98	11.84
18.2	10.41	126.83	7.76	23.45	27.7	13.53	20.56
14.31	21.39	1.4	9.59	24.06	6.69	9.14	17.43
1.97	16.75	7.87	24.65	83.16	12.51	15.69	27.33
10.96	9.28	15.01	10.26	12.38	3.39	1.68	3.61
165.87	63.98	48.28	26.96	43.89	39.97	52.82	22.98
259.32	16.71	97.79	76.55	83.48	21.97	96.1	8.26
6.9	9.31	25.72	6.18	13.46	1.1	16.72	30.4
222.24	75.62	12.42	13.66	135.29	3.87	19.89	89.6
1.02	6.58	7.24	36.31	5.69	1.26	4.07	6.1
93.57	4.34	9.42	48.18	45.76	20.95	20.44	15.19
9.17	25.6	13.87	36.22	43.22	5.45	8.6	1.1
173.29	145.3	76.08	82.95	9.98	194.75	7.47	124.79
7.98	13.84	10.66	22.89	160.27	51.94	41.17	26.42
77.89	72.13	12.52	106.61	105.71	44.37	50.62	10.55
193.36	22.85	217.35	229.95	350.47	20.69	135.11	202.66
105.01	68.62	73.75	9.16	16.16	44.67	21.39	6
14.02	62.85	29.7	8.84	10.51	21.23	1.68	22.86
11.41	2.17	3.34	7.11	4.02	2.01	1.68	6.2
10.22	24.95	1.71	9.95	11.7	20.8	5.77	5.34
40.25	18.65	38.6	98.78	138.46	185.98	55.58	68.97
3.78	2.7	1.51	6.07	1.32	2.64	10.54	10.38
5.95	36.42	21.38	10.32	74.45	75.22	37.06	75.95
69.11	60.62	17.63	65.49	76.72	98.12	2.6	72.05
5.24	26.51	43.34	24.94	49.16	22.14	31.84	61.73
6.25	228.24	55.48	61.02	7.5	79.03	76.73	25.37
12.66	5.19	16.59	2.77	36.73	9.86	1.42	7.63
33.47	6.99	4.61	11.6	4.14	18.09	4.53	20.23
99.52	33.2	21.04	188.44	37.78	29.67	104.59	37.95
9.43	67.71	44.78	103.86	37.71	262.99	114.17	59.99
6.02	4.05	6.94	1.36	2.01	3.83	13.47	17.1
28.13	9.65	65.31	30.23	28.19	191.91	97.02	17.27
3.79	6.78	2.57	1.48	1.51	6.62	12.39	3.61
2.58	3.31	7	3.45	2.13	3.1	7.78	1.31
47.18	5.06	41.7	9.51	10.15	5.93	12.17	8.23
6.7	16.24	70.33	72.4	30.32	72.7	28.34	58.2
20.84	6.58	13.79	8.39	4.66	16.4	16.51	21.15
9.06	22.79	3.61	4.4	3.18	4.65	8.96	36.95
2.55	11.78	1.65	1.08	1.94	1.97	1.81	1.5
41.45	131.06	9.41	37.7	129.17	75.78	153.34	39.91
10.73	8.86	4.77	56.04	48.99	15.83	31.68	2.14
13.68	82.2	262.43	18.5	84.35	42.02	31.99	89.09
7.93	18.66	23.97	12.6	11.59	69.39	6.27	5.57
107.61	20.73	23.7	87.45	38.85	134.36	20.92	9.59
4.84	94.48	172.24	18.63	14.24	81.48	57.77	33.08
5.22	21.37	44	11.63	98.58	14.51	59.82	2.02
1.74	2.24	3.84	1.88	2.83	2.4	2.94	5.18
15.25	13.78	34.84	8.42	1.2	10.44	1.21	11.34
332.68	103.5	30.59	54.98	52.97	106.35	131.75	83.01
20.75	7.05	1.54	3.38	33.62	10.61	34.65	9.84
17.83	3.53	3.66	11.23	3.69	6.04	1.95	2.64
4.16	2	13.02	4.38	8.23	3.68	1.09	6.69
26.84	7.96	16.68	11.58	19.27	1.3	4.23	20.01
35.27	15.09	46.14	33.98	18	19.39	9.74	9.95
50.97	66.21	15.43	16.01	47.75	79.29	36.9	58.83
97.46	33.99	35.34	176.77	11.73	36.37	87.45	56.1
20.6	5.4	2.2	41.74	46.94	19.55	60.11	101.1
1.83	5.83	5.07	12.01	5.37	3.48	1.65	2.26
27.95	30.89	98.83	110.31	8.24	212.44	167.05	99.54
30.49	21.53	25.37	64.52	28.29	28.55	8.85	14.68
6.08	6.31	8.94	19.81	7.65	13.56	9.4	6.13
36.76	85.95	3.69	19	2.78	26.68	63.07	4.87
14.88	12.96	13.87	27.71	5.04	9.51	1.45	3.03
26.62	5.32	3.39	6.69	20.25	3.14	1.07	1.77
6.5	5.31	8.33	15.07	1.17	8.11	15.02	2.42
2.6	2.98	4.07	5.58	3.74	3.2	1.62	2.82
5.5	7.76	1.09	8.73	3.87	6.9	2.14	6.05
2.23	2.54	1.08	4.62	2.69	1.92	1.44	1.09
25.1	33.92	63.03	34.78	43.35	9.75	8.06	46.12
63.32	95.61	56.57	10.12	70.92	13.12	78.27	3.29
50.8	23.42	11.52	91.79	116.35	51.69	88.97	127.7
28.39	24.47	42.83	37.23	4.61	45.84	61.12	44.27
6.82	14.01	13.59	21.36	10.72	25.83	25.56	27.23
72.03	34.64	58.54	102.86	44.57	13.74	4.13	29.39
2.48	8.12	3.64	40.33	24.93	8.51	52.17	23.3
22.06	56.15	25.04	41.46	74.79	17.8	122.48	74.06
11.49	18.2	29.65	19.07	14.73	22.86	30.19	12.49
21.85	32.32	6.19	13.52	41	3.04	21.05	10.89
10.94	4.11	26.32	39.13	18.6	26.06	20.25	19.06
13.5	7.56	36.16	17.22	16.58	50.22	19.94	28.79
27.95	11.17	18.98	2.89	12.42	4.69	11.92	6.76
34.99	101.8	20.49	46.01	51.71	76.45	81.29	5.61
14.19	172.49	16.36	56.14	31.9	237.46	3.42	10.77
5.71	4.68	44.12	75.95	201.49	83.31	23.25	22.14
40.7	84.87	13.01	3.04	17.9	2.86	104	19.35
49.86	16.56	24.82	82.83	12.38	4.33	7.76	29.46
6.71	2.02	9.27	8.71	11.23	2.28	12.44	9.61
10.38	14.04	23.91	6.69	20.46	12.48	4.75	20
9.04	22.07	10.46	2.23	2.63	3.84	3.7	2.29
18.93	30.37	5.27	34.92	25.06	33.45	48.03	44.85
8.37	44.12	85.5	3.76	20.38	8.19	6.35	31.88
11.12	5.06	11.7	1.31	38.14	25.58	8.68	4.98
2	3.69	1.08	7.66	4.35	2.04	1.3	4.76
38.04	30.45	19.52	13.06	67.54	32.91	41.92	59.92
3.47	2.41	7.32	6.94	1.37	1.31	1.14	10.78
4.79	82.9	16.94	44.66	4.59	22.71	3.36	16.07
10.64	8.47	4.49	3.79	20.23	8.89	6.12	4.02
4.25	18.06	8.37	23.97	10.46	7.93	1.37	12.51
52.27	41.99	36.46	50.67	8.85	16.34	8.91	33.46
13.67	3.93	5.92	3.15	21.44	1.8	6.31	5.06
23.06	58.02	135.95	201.22	49.43	30.52	50.99	38.83
5.71	4.4	6.51	7.62	1.74	6.44	4.79	5.67
3.8	13.44	9.01	26.9	25.44	25.6	14.95	3.76
17.46	28.37	92.81	35.55	9.17	56.71	56.86	28.36
1.29	2.55	7.01	11.4	8.64	54.28	16.79	18.29
35.69	7.5	56.17	55.12	37.12	35.21	24.91	57.8
2.55	6.76	2.29	6.38	4.91	7.02	18.54	69
63.54	44.86	21.91	31.34	17.28	15.9	66.74	29.86
217.57	11.92	64.02	81.22	23.21	63.59	118.98	46.03
116.06	2.59	96.87	7.82	83.3	8.88	11.72	2.55
69.86	12.98	15.54	39.42	67	11.99	29.85	15.97
21.96	50.59	32.47	8.04	18.94	4.66	7.16	20.97
34.08	2.81	5.22	1.96	9.9	2.47	4.72	39.98
4.22	2.98	2.2	4.07	5.41	5.89	9.27	5.18
11.83	1.7	6.14	10.31	8.03	8.11	17.74	3.95
29.79	83.8	52.18	85.21	42.97	23.45	15.1	128.24
193.95	135.55	58.19	28.09	7.36	48.01	55.62	47.77
4.97	28.42	45.81	5.07	33.7	2.41	24.67	18.73
142.78	35.92	33.12	100.76	33.26	40.07	12.39	49.48
18.4	14.89	5.7	7.55	5.54	2.54	12.13	1.14
72.15	57.48	41.11	80.01	63.33	39.62	29.85	30.55
4.55	10.23	124.4	48.11	124.87	89.25	27.29	18.52
2.27	2.38	3.79	2.6	2.29	1.21	6.95	2.45
14.77	14.25	36.39	7.33	11.03	3.37	24.84	3.46
5.82	12.59	1.41	1.31	1.71	7.02	2.88	3.39
1.36	4.19	1.84	1.12	3.01	7.53	6.36	4.45
21.85	47.59	35.71	23.03	5.66	49.84	29.26	7.79
22.22	4.66	19.59	15.43	23.22	16.79	2.07	27.47
21.72	12.22	31.84	4.88	35.65	23.69	46.81	13.02
12.24	11.08	38.83	11.32	18.51	33.84	57.46	25.11
2.27	2.15	2.6	1.15	12.26	1.11	2.68	7.71
1.69	2.03	5.44	1.53	3.62	1.2	1.24	10.66
1.45	2.32	1.25	2.39	1.91	3.35	2.46	2.48
16.02	70.89	55.28	65.21	12.62	32.75	11.89	72.26
7.82	21.8	19.58	19.15	59.37	25.19	30.01	15.36
17.62	7.66	24.53	14.71	8.95	3.78	20.05	19.24
1.01	8.7	26.02	15.85	8.53	49.06	4.13	43
34.26	36.5	85.16	4.29	14.58	13.57	31.9	11.22
3.06	2.71	7.35	6.84	10.92	1.66	1.85	8.23
31.59	23.06	5.81	32.06	74.91	16.58	24.07	8.87
1.71	2.82	24.68	16.36	38.45	3.3	22.21	4.7
18	22.21	24.54	42.99	18.93	31.06	7.26	35.48
23.28	22.48	24.93	7.5	12.7	8.59	11.42	65.79
62.42	37.09	76.72	141.31	219.19	189.51	56.69	36.58
288.53	9.82	19.85	102.39	45.42	53.14	180.33	252.6
20.58	3.87	29.58	13.95	14.87	60.05	18.89	19.32
94.05	78.32	8.49	132.98	25.8	23.1	288.83	70.57
34.45	33.13	9.27	6.3	4.14	4.81	42.6	9.48
1.68	19.04	8.39	1.86	11.31	2.49	2.8	14.46
8.22	14.28	15.26	18.86	78.1	9.42	3.77	12.82
119.45	5.28	36.81	62.79	55.74	29.34	14.07	29.52
5.05	23.21	5.1	8.5	2.47	6.22	7.69	21.53
1.84	2.85	4.52	1.33	14.42	4.56	4.46	10.11
1.96	1.14	6.17	11.52	10.56	6.29	1.58	1.03
1.62	1.25	3.24	1.86	1.55	4.24	1.46	1.16
11.28	2.83	106.53	63.72	38.9	18.06	25.94	78.14
1.17	4.9	6.34	2.03	2.87	3.14	1.27	2.73
22.11	5.48	6.3	14.13	17.44	11.3	6.24	6.31
16.56	23.58	29.53	2.56	113.41	9.68	17.07	53.59
46.46	6.94	53.36	28.93	22.95	3.58	50.19	5.38
12	69.63	87.39	269.19	11.18	205.94	107.18	65.01
30.17	26.1	3.51	18.97	35.69	10.76	11.94	10.77
35.21	3.82	46.68	3.4	5.31	8.82	6.08	27.4
1.8	3.92	8.15	2.17	2.29	4.21	1.36	2.34
48.7	89.16	72.44	9.18	74.19	154.33	74.68	125.72
82.51	9.13	8.65	49.21	15.18	55.64	59.9	49.53
59.04	37.09	62.42	69.39	25.65	33.24	90.25	13.22
53.79	32.54	39.98	17.81	28.58	34.59	29.45	41.34
23.08	30.06	30.77	43.44	14.96	20.29	3.49	20.07
85.08	56.98	30.93	15.14	10.37	21.81	20.43	8.95
5.9	17.77	20.59	9.96	10.53	5.34	5.34	6.89
12.09	1.66	6.16	6.24	2.77	16.22	5.06	8.66
26.25	46.18	54.34	42.8	27.53	5.08	10.75	72.98
43.46	48.59	90.13	23.94	8	10.83	14.72	103.77
53.17	59.39	122.94	32.18	45.2	32.1	6.65	50.49
18.92	6.75	18.47	23.31	10.97	94.84	79.62	95.14
27.31	75.17	1.93	10.92	27.08	7.5	37.14	40.41
1.14	4.24	35.45	35.35	5.37	6.16	33.12	15.51
50.23	42.64	22.19	34.48	136.54	42.65	61.7	8.97
2	4.11	4.56	8.18	1.17	1.14	18.58	2.31
46.76	2.32	10.15	25.62	11.25	12.34	22.37	44.76
45.63	1.18	58.87	27.21	35.92	10.83	94.37	8.47
20.58	21.17	8.41	14.23	16.89	7.62	26.09	5.6
18.2	19.48	13.69	75.65	18.01	28.54	11.62	32.18
9.81	5.3	6.31	2.8	17.78	1.85	9.97	6.63
37.74	2.04	32.09	49.59	16	34.2	27.76	3.45
10.59	6.89	1.19	7.88	10.26	2.78	1.98	11.34
36.97	44.09	12.44	14.33	51.05	10.02	30.85	29.2
7.24	45.56	24.64	16.19	2.18	31.7	5.06	13.9
12.76	21.4	6.2	2.41	25.71	30.74	44.25	52.52
1.2	4.39	7.25	15.37	14.5	22.48	7.47	6.37
40.01	11.2	21.37	26.63	86.21	4	30.98	35.4
2.26	7.55	4.53	1.77	1.63	3.73	1.01	1.88
374.71	12.91	18.47	30.59	57.96	74.59	15.75	59.33
205.72	3.34	123.01	37.91	10.63	9.34	46.3	61.55
13.87	10.89	2.27	13.2	22.33	21.65	14.58	52.87
13.93	9.38	5.06	11.93	25.87	14.77	3.21	20.81
20.01	2.44	41.07	13.99	19.28	4.78	5.3	31.61
7.7	2.29	2.49	6.65	8.72	5.27	1.78	3.66
2.22	4.66	1.91	2.41	5.22	2.12	3.57	6.88
38.33	10.52	15.77	5.63	8.12	60.07	1.73	32.94
8.73	11.66	6.95	7.19	16.26	6.81	3.71	2.86
6.08	69.35	48.6	64.85	29.88	14.81	7.47	14.25
106.29	7.13	136.53	9.16	25.76	9.25	36.85	22.81
46.1	3.68	7.89	107.64	27.75	3.97	28	36.14
48	17.87	34.3	7.11	48.56	86.17	102.53	24.95
28.41	13.31	34.54	7.94	15.13	5.6	10.64	14.61
43.8	23.23	5.05	12.21	24.82	5.22	14.86	16.85
2.63	1.16	13.87	36.91	1.23	6.07	1.57	1.96
297.12	136.27	164.51	142.63	9.12	190.63	29.68	248.61
33.02	82.92	66.04	96.77	139.14	175.48	9.44	41.27
134.06	42.25	36.38	61.62	101.84	19.89	54.42	14.04
22.72	10.81	12.68	34.13	6.31	13.98	58.88	30.79
13.9	25.19	1.58	21.54	2.14	38.92	7.1	8.72
5.88	1.37	22.47	12.97	37.64	1.16	3.95	9.49
24.68	16.8	20.21	58.24	3.84	23.07	45.8	22.05
27.31	14.01	5.95	39.61	10.49	11.78	3.97	6.1
16.45	8.62	9.04	23.21	4.38	11.45	17.71	9.88
1.94	2.71	4.36	5.2	1.17	16.5	6.79	2.02
6.52	5.8	3.14	12.45	2.14	6.97	2.16	5.49
41.88	63	7.39	22.29	76.65	14.12	74.76	8.37
15.01	55.59	11.26	26.84	10.29	5.22	6.37	24.66
5.61	5.52	19.95	7.06	19.36	11.94	8.83	17.58
9.97	65.28	12.33	22.96	14.04	37.7	13.52	10.06
1.02	52.19	46.25	16.27	3.85	9.36	14.76	23.26
8.49	47.08	77.19	101.43	164.69	211.39	119.67	268.94
10.11	7.23	20.09	24.79	14.31	1.84	4.34	5.38
12.86	10.09	13.36	3.46	12.97	22.08	17.82	32.75
61.05	37.71	53.66	33.59	41.86	19.76	23.47	17.66
7.12	23.65	60.34	19.75	3.25	20.5	36.79	43.16
15.03	66.18	9.24	55.07	39.87	28.79	61.19	123.71
19.27	12.84	4.59	52.18	7.25	10.41	17.64	14.02
20	4.3	49.23	9.13	26.96	42.1	11.87	20.6
80.82	50.76	63.72	142.5	89.16	100.17	65.36	19.06
8.1	8	16.57	9.81	52.65	3.33	2.55	31.32
12.7	25.7	64.48	52.68	28.85	16.84	15.8	58.38
73.31	119.94	35.45	56.6	12.4	68.65	137.26	53.55
32.3	25.52	10.06	16.95	19.35	91.75	4.92	7.84
10.27	2.52	20.39	7.73	13.31	21.13	14.4	1.52
44.58	5.96	71.91	9.4	125.33	226.06	127	113.65
1.8	1.31	2.73	3.45	1.22	1.61	4.65	7.72
2.04	5.48	9.17	15.78	21.96	24.62	12.25	12.19
6.99	2.75	3.82	2.21	3.76	5.85	2.34	7.06
1.57	18.82	59.86	13.75	22.57	6.94	25.82	40.17
60.89	44.18	41.63	18.72	11.16	22.68	80.06	62.5
5.22	2.78	6.73	39.87	52.62	26.02	8.39	6.21
32.14	175.31	16.17	63.05	61.88	16.97	141.76	94.77
10.36	22.2	2.47	6.16	3.47	1.47	8	2.13
50.36	24.57	3.85	4.23	7.09	8.51	2.86	35.68
7.33	14.34	39.82	66.21	77.94	17.81	32.18	10.48
18.86	2.8	11.5	11.1	9.54	7.57	5.25	8.82
35.26	29.43	28.54	21.83	43.77	7.66	9.34	34.19
4.17	11.51	12.76	1.6	4.93	14.71	17.66	7.73
112.39	6.25	45.6	6.39	11.83	29.34	80.71	47.89
127.63	65.14	415.49	55.55	340.96	269.83	144.18	40.04
92.26	8.7	34.76	8.6	21.82	41.7	12.28	89.51
4.56	4.78	3.29	2.24	4.67	1.6	1.3	1.02
3.15	19.29	15.61	11.03	5.03	6.57	1.74	9.07
23.52	14.95	22.43	58.1	8.99	18.37	80.14	23.3
4.68	2.79	3.66	1.14	1.12	6	3.73	7.75
32.42	18.03	14.4	2.14	4.47	13.57	17.67	16.15
53.27	48.08	127.63	14.82	25.92	217.41	61.92	95.93
46.92	47.74	1.62	11.92	36.7	4.29	20.55	1.82
21.58	3.36	8.11	13.07	10.39	13.15	8.04	3.1
7.01	4.51	9.54	4.2	3.57	6.81	3.55	3.24
29.87	28.48	45.06	28.47	15.29	4.99	26.88	19.34
5.3	1.48	8.3	2.01	7.7	14.11	4.06	4.39
44.12	48.44	17.78	4.03	264.88	8.4	15.13	38.47
17.63	2.02	31	6.39	18.44	4.09	34.66	2.47
120.29	32.9	19.44	96.12	5.48	30.48	27.52	42.01
16.96	8.87	22.44	29.77	29.61	37.75	24.31	28.68
38.89	61.62	19.2	26.6	28.21	65.84	14.96	64.13
37.96	36.12	2.09	19.85	41.47	34.27	12.48	5.34
21.76	8.68	19.42	4.08	9.25	26.17	21.26	21.14
1.12	8.71	3.27	10.63	3.52	6.16	13.76	20.61
18.5	9.09	51.53	19.19	18.05	20.7	1.56	8.89
50.34	44.41	2.49	17.44	32.35	14.98	5.16	35.2
9.89	7.33	134.15	51.15	90.47	24.37	80.32	111.08
171.3	73.85	31.93	207.76	42.32	109.49	72.11	188.54
2.37	24.29	19.12	16.04	19.29	20.02	3.02	7.56
21.46	126.85	258.85	26.67	63.08	354.51	15.66	52.27
92.71	64.35	8.55	84.41	131.56	238.67	320.81	17.25
136.04	116.42	50.17	27.26	21.99	35.68	2.67	26.17
21.79	2.9	19.85	5.98	70.63	31.13	22.96	13.05
10.09	26.6	138.48	91.22	78.51	234.52	123.49	178.76
6.09	13.2	4.25	25.03	1.3	19.76	28.7	6.42
13.61	82.63	60.37	15.25	76.92	24.1	79.04	7.76
7.44	11.04	30.27	11.61	5.12	9.82	22.99	13.62
9.22	75.78	12.08	5.92	9.46	10.29	9.57	18.92
18.18	341.64	497.94	405.77	235.5	35.1	274.09	55.12
10.47	5.05	7.44	50.01	4.85	16.07	5.35	7.14
90.02	77.82	26.54	94.28	10.26	90.24	17.24	33.81
42.32	38.03	38.94	9.81	19.58	24.14	17.76	22.07
18.62	31.99	5.79	2.15	7.48	25.79	8.19	39.08
8.19	4.3	1.96	1.94	2.99	4.83	4.99	2.21
288.56	22.08	46	12.44	302.07	28.9	243.89	30.35
25.9	16.36	5.9	7.24	2.67	3.92	5.39	5.84
1.58	2.51	2.48	2.59	2.53	6.23	3.36	4.26
55.6	7.23	101.55	28.26	23.33	6	41.25	6.31
3.82	3.63	7.14	2.35	5.34	3.96	1.41	18.17
37.2	18.35	41.48	2.74	25.62	37.6	20.82	35.65
25.42	6.34	42.4	14.16	1.34	16.15	7.93	34.32
13.64	20.1	13.55	23.36	7.2	17.55	27.61	7.26
13.32	15.86	8.08	73.47	36.58	57.56	22.83	17
3.3	3.25	1.06	1.14	5.18	1.53	4.04	2.28
12.59	2.87	7.46	1.63	1.62	3.45	1.62	13.67
3.2	2.45	1.19	1.91	1.52	1.16	8.69	1.29
171.84	128.23	68.33	63.22	3.42	117.83	21.78	26.29
23.23	18.93	8.3	78.78	11.18	4.04	22.92	16.64
57.17	27.44	32.43	17.59	21.68	10.53	13.52	76.22
129.85	67	14.28	19.06	6.63	45.57	14.81	68.72
32.01	43.6	24.15	40.29	43.4	26.53	11.17	4.84
108.01	15.26	173.89	233.35	19.37	118.4	21.45	33.34
44.81	26.83	25.74	13.1	8.7	43.92	118.14	44.6
57.56	13.55	317.12	114.31	79.06	50.71	82.04	10.44
7.74	165.03	103.14	111.12	95.2	103.58	279.05	6.71
5.5	2.51	2.29	3.18	3.34	2.23	1.87	2.41
9.48	4.95	6.52	4.68	7.62	1.16	11.11	15.8
29.49	50.22	48.01	30.22	20.49	41.85	15.56	2.99
2.94	2.06	1.49	3.35	2.14	3.86	8.98	3.21
7.74	69.66	60.59	16.52	15.97	53.05	67.62	8.93
5.82	2.93	29.03	28.57	1.82	10.25	10.07	25.66
70.85	89	83.05	115.61	100.98	73.24	139	11.18
172.63	96.77	134.08	48.84	185.94	161.76	18.16	357.35
37.87	204.84	97.39	19.66	9.44	83.96	123.05	123.02
5.24	11.57	42.83	16.56	18.77	23.57	83.03	42.82
57.42	39.45	3.95	104.53	138.56	241.72	24.39	82.67
8.01	67.73	15.9	1.77	12.03	12.89	10.09	7.81
33.59	3	14.3	2.84	6.74	4.61	16.34	2.18
1.52	3.36	4.16	3.03	3	11.9	4.14	13.11
2.68	4.65	3.03	2.01	4.33	1.02	2.5	1.06
1.53	5.03	5.49	18.29	4.86	9.64	41.16	12.51
69.89	54.31	26.64	32.96	31.16	31.09	91.9	48.93
39.62	34.58	9.3	12.99	7.19	16.11	3.63	15.39
13.18	25.03	2.77	4.58	17.78	81.28	13.96	28.42
4.3	65.74	15.27	111.51	29.22	126.39	63.71	84.05
7.46	9.87	14.61	15.9	4.04	4.19	17.68	15.82
30.13	47.41	157.26	52.7	69.85	12.54	4.47	73.12
4.54	1.09	72.56	6.84	9.55	7.11	19.97	30.91
26.43	159.01	35.92	13.95	61.74	34.71	16.67	30.06
6.98	11.38	16	133.39	52.6	32.59	16.41	15.78
44.59	3.97	9.94	43.32	30.55	9.3	17.18	5.11
1.09	1.11	1.97	1.03	2.46	2.78	3.45	3.14
22.24	92.98	54.32	24.63	37.48	23.28	33.59	14.82
1.9	3.24	16.59	2.5	1.3	10.86	4.79	4.28
23.72	67.19	82.84	25.7	64.81	20.03	20.29	27.81
36.6	1.77	21.43	5.27	32.07	8.38	23.82	3.97
49.93	27.65	64.1	31.53	142.28	125.93	41.62	31.76
3.36	9.35	6.55	38.88	5.59	49.9	26.26	15.72
4.34	2.02	27.45	64.87	65.34	65.06	11.01	45.85
42.32	39.2	37.44	118.96	185.31	27.05	110.9	83.05
25.86	42.99	49	16.65	4.67	5.66	6.83	61.48
15.92	2.83	6.26	3.17	3.88	2.1	2.4	10.94
7.77	9.3	6.43	8.2	15.81	1.44	3.25	1.59
11.72	38.97	9.12	8.56	11.52	8.97	17.62	23.13
2.49	2.92	1.51	4.1	1.97	5.12	5.94	3.69
54.58	41.87	67.85	50.33	20.94	3.64	12.29	14.89
2.01	3.1	4.78	3.39	3.15	1.57	5.43	2.17
4.49	6.93	8.45	15.55	10.55	22.91	29.87	3.17
1.64	5.3	7	4.41	1.44	1.27	1.73	1.16
2.26	2.04	1.03	2.24	6.57	2.25	2.6	3.88
3.66	6.67	4.87	2.92	4.31	6.48	3.31	1.13
9.79	1.29	2.32	3.82	2.26	16.67	8.87	7.57
44.98	64.34	4.96	70.15	106.92	209.7	50.29	11.23
17.23	7.3	17.86	3.73	41.89	3.04	15.48	1.6
6.65	14.72	57.35	17.63	21.72	29.3	5.05	14.73
1.98	4.73	1.12	1.24	1.76	4.67	5.06	11.27
17.7	5.64	7.66	21.99	33.91	23.12	4.27	5.48
24.43	56.69	36.32	22.64	50.6	22.54	21.85	32.28
40.57	74.45	26.09	6.14	148.16	10.53	60.75	72.91
2.99	107.71	8.73	72.12	68.32	44.13	64.33	41.42
78.56	90.51	20.09	34.03	82.31	146.95	72.51	90.5
6.6	16.17	50.79	18.07	25.2	18.75	47.66	11.01
11.5	4.94	9.04	5.71	2.73	1.6	2.82	6.51
2.5	2.52	5.58	3.13	2.09	1.15	1.68	6.18
2.88	2.96	1.98	22.18	2.8	9.09	6.71	3.84
1.51	2.99	3.17	2.37	1.12	2.51	6.47	27.39
4.16	4.71	2.77	2.38	2.33	1.08	1.93	2.56
57.89	120.18	45.95	31.29	104.73	41.39	97.11	92.08
67.42	36.44	4.24	15.51	30.05	20.19	2.43	6.98
4.63	10.25	6.28	3.33	1.63	4.33	19.28	15.43
22.86	18.9	4.52	50.88	50.85	73.66	20.74	79.56
19.26	1.19	5.84	11.44	5.77	5.74	34.04	4.19
9.24	28.4	30.2	5.29	19.67	8.37	2.17	6.07
6.75	2.44	4.57	16.95	9.61	7.26	4.47	7.83
66.86	125.78	46.84	26.15	40.01	30.58	71.86	89.4
5.38	14.75	16.16	4.83	24.38	13.01	1.43	1.74
32.52	33.99	13.87	30.4	25.09	56.57	19.14	75.8
9.9	10.78	5.01	14.12	16.64	21.62	23.32	11.18
6.97	3.2	4.4	13.66	2.53	4.06	1.56	4.54
110.38	35.22	70.69	139.68	44.15	168.4	71.9	228.35
1.85	16.98	12.55	36.78	14.46	1.32	14.3	34.21
8.92	1.19	13.64	5.58	1.41	2.57	21.98	2.35
6.61	99.52	23.47	43.59	20.09	101.6	43.48	38.13
3.05	7.65	12.62	3.04	2.96	7.45	10.37	10.33
113.73	87.4	2.28	95.04	16.75	11.39	3.36	23.4
4.07	12.69	4.79	2.43	2.82	13.17	2.05	12.8
1.2	9.37	5.08	7.03	1.5	2.8	11.51	12.26
8.46	30.8	2.84	24.45	44.91	15.43	12.45	28.11
37.66	4.78	16.96	17.45	17.96	28.67	30.31	15.54
17.7	3.22	10.3	10.31	1.9	16.86	19.43	30.32
49.67	3.24	5.58	15.38	40.97	33.17	2.96	24.01
1.93	6.11	3.25	1.29	4.47	1.77	1.6	8.36
32.94	79.97	52.48	3.87	65.94	70.62	36.28	64.06
44.88	4.41	65.11	81.7	133.2	7.28	40.15	7
4.34	12.01	5.19	2.75	2.83	21.69	19.26	9.55
179.14	60.53	171.44	24.27	165.04	296.08	83.78	94.59
5.65	4.96	3.85	12.4	7.59	4.13	19.28	6.11
87.96	22.55	3.82	88.93	77.04	110.17	41.73	52.11
6.54	73.92	39.65	7.82	45.83	3.72	8.15	6.1
2.54	52.62	139.54	38.62	15.47	19.5	82.57	22.2
23.26	11.48	4.98	4.52	22.97	1.86	23.56	6.65
13.04	33.12	20.45	7.82	24.26	73.97	18.28	25.8
129.81	16.24	55.47	15.57	12.06	83.08	219.37	30.72
12.31	27.05	14.05	5.4	2.17	37.74	27.17	13
10.32	20.9	67.89	4.16	21.78	55.52	8.5	64.55
19.83	21.35	7.03	54.61	9.48	31.89	27.81	56.77
2.4	5.7	2.07	2.54	1.02	5.52	9.38	1.44
53.21	29.95	4.61	10.95	80.54	7.95	50.2	41.43
76.07	13.24	8.33	13.13	7.52	40.12	10.54	3.66
143.57	5.59	12.96	14.2	109.75	9.84	21.63	28.34
5.12	13.3	4.39	1.35	2.13	10.71	3.88	16.68
23.25	108.48	53.23	36.37	53.35	32.51	20.01	11.77
11.57	16.74	31.98	13.95	2.55	24.63	52.04	31.82
4.61	1.6	38.45	4.27	20.3	13.36	1.32	11.06
8.07	10.37	3.09	8.43	14.54	8.34	4.88	13.04
2.38	6.79	9.74	17.71	28.53	23.4	33.29	15.45
3.2	6.58	10.67	59.28	6.28	6.04	2.79	50.29
108.01	59.99	20.86	50.82	20.74	31.13	76.07	7.5
30.14	140.26	7.01	136.32	5.82	38.82	3.14	231.47
56.12	219.42	73.29	71.17	78.9	100.57	53.43	3.06
49.94	46.99	97.08	60.6	13.92	18.08	139.47	52.2
85.27	277.92	52.03	117.33	28.5	23.06	3.06	10.28
9.08	36.85	55.16	75.67	154.61	21.27	13.8	5.14
2.32	8.1	11.19	21.74	8.61	5.92	1.09	2.25
30.83	13.04	57.31	2.05	34.56	11.95	9.17	36.66
4.43	13.58	20.43	3.14	1.98	9.95	10.68	9.53
45.95	91.16	16	37.26	96	121.36	29.52	58.43
15.19	2.55	16.84	14.5	8.86	24.43	6.45	64.47
564.53	95.09	219.96	74.49	111.66	20.86	11.52	69.2
4.9	8.33	10.05	2.06	16.51	5.84	4.05	7.5
8.57	39.14	21.62	15.7	38.89	37.23	58.35	29.51
39.48	9.99	49.21	117.13	34.72	13.62	2.53	9.47
19.59	16.66	86.08	92.03	44.23	36.98	59.15	4.1
22.45	9.23	219.5	25.4	66.67	22.18	7.15	90.92
19.42	64.66	175.07	12.27	42.19	89.45	19.54	38.22
11.09	4.22	4.41	1.06	8.61	12.9	2.8	13.45
1.09	3.61	1.04	1.83	5.85	6.29	3.16	2.99
25.09	35.21	26.78	46.38	45.42	48.58	26.73	102.86
23.46	19.59	17.41	19.73	5.19	13.06	9.65	31.9
5.85	13.27	14.21	1.24	1.84	2.49	8	1.47
11.25	41.74	48.71	59.28	28.09	24.34	56.13	12.66
1.23	1.77	1	3.34	2.42	2.57	7.58	10.26
5.55	63.4	23.96	10.82	98.36	42.48	23.05	10.74
19.77	10.71	34.58	3.34	16.43	49.99	9.47	2.91
101.19	11.47	81.53	15.06	17.11	33.72	4.65	11.23
149.43	106.61	126.99	153.39	90.62	48.6	592.25	96.78
222.56	9.43	44.85	100.88	7.9	94.65	71.57	60.58
47.67	6.67	18.09	18.61	15.27	97.49	48.39	57.4
115.78	20.95	2.77	49.51	36.14	8.18	9.92	29.26
29.99	85.06	56.23	13.63	59.67	14.52	40.32	45.51
238.6	9.2	27.92	115.91	32.28	13.79	17.75	27.78
7.51	11.89	32.47	14.25	15.13	5.23	5.07	28.1
11.34	31.81	8.22	6.77	18.37	20.92	3.51	7.64
2.35	22.04	39.47	42.33	24.74	53.02	25.07	47.31
197.66	54.1	18.36	62.41	40.14	220.97	16.1	63.22
3.25	6.91	16.91	37.41	34.96	44.73	22.05	11.93
25.99	26.62	24.07	1.2	4	7.26	8.39	15.9
281.46	38.1	8.22	186.25	54.85	24.48	3.45	227.49
74.8	80.43	53.86	22.51	36.47	11.35	41.06	73.65
47.43	52.4	55.96	10.14	29.75	89.31	50.33	18.59
68.66	94.24	82.7	100.24	226.04	66.73	204.4	52.22
16.27	35.69	9.08	12.54	46.93	31.67	19.29	4.53
4.54	52.65	24.9	42.29	14.96	1.42	12.27	1.79
20.61	21.18	19.39	43.28	3.29	31.14	22.33	41.17
9.85	54.29	28.3	15.23	76.01	44.42	9.26	20.23
26.88	9.01	2.91	34.53	2.75	2.08	7.32	7.94
74.15	131.53	110.17	10.87	34.88	29.14	9.23	70.6
23.15	42.36	29.44	10.19	7.17	33.24	2.46	9.49
19.28	2.77	7.68	11.44	43.36	14.22	10.11	34.23
8.54	69.82	17.2	133.35	19.88	16.13	14.07	7.23
33.82	20.71	21.65	66.08	20	11.61	79.42	65.46
13.04	10.49	34.57	24.97	42.12	13.48	35.09	25.95
157.77	6.4	204.89	36.9	58.31	17.34	37.77	8.15
57.83	97.39	25.61	9.1	41.24	23.83	99.55	35.32
49.92	8.7	13.46	34.39	12.89	27.14	16.53	16.42
205.49	52.32	282.32	810.05	97.1	122.51	162.66	160.66
24.67	15.22	22.36	23.38	6.01	34.74	27.85	75.84
71.71	11.23	6.73	1.21	13.05	23.97	36.06	5.91
16.44	34.42	17.83	68	32.56	21.4	37.21	22.97
9.14	41.66	6.37	67.22	13.88	7.32	14.64	45.19
4.68	12.17	4.9	14.2	7.27	17.42	1.27	13.33
23.93	45.04	71.92	7.8	29.98	62.03	8.49	11.94
6.15	20.73	73.48	174.65	17.21	69.64	42.15	19.59
27.45	67.95	21.69	12.07	18.96	57.43	128.53	83.7
40.58	2.9	32.76	1.97	9.72	42.28	32.65	36.49
15.26	17.88	16.19	8.55	9.26	9.2	22.04	9.64
94.14	14.67	50.77	130.62	17.29	73.56	49.42	73.82
15.77	11.72	15.76	16.72	16.25	8.99	29.68	5.1
4.1	1.4	1.04	2.01	1.35	1.45	2.24	4.47
27.2	48.73	15.34	3.1	38.79	7.16	2.5	23.72
7.03	2.74	1.16	10.03	12.17	5.78	5.11	19.96
2.15	4.11	2.91	6.16	3.22	21.75	1.66	11.31
7.98	8.14	7.69	24.1	21.66	14.67	3.53	4.81
10.88	11.02	14.86	5.9	3.61	5.53	1.16	7.43
340.53	77.15	233.24	232.23	123.31	36.03	156.19	216.26
4.65	3.42	1.93	7	32.34	26.1	6.4	4.76
2.87	15.94	18.01	3.9	18.83	2.88	9.54	3.44
150.85	117.57	40.44	22.41	40.12	47.8	40.45	56.23
22.24	100.91	9.26	68.39	12.32	180.28	42.27	78.39
8.61	6.39	6.23	6.01	4.08	4.48	1.97	5.62
3.76	2.55	18.73	22.87	27.29	7.71	16.47	7.16
12.05	15.96	6.94	116.51	5.98	13.49	134.57	14.11
38.49	5.8	23.57	67.58	6.74	80.86	17.4	36.04
70.1	44.29	50.19	21.3	68.34	35.8	81.12	42.68
8.2	10.83	2.08	3.31	8.43	26.93	4.77	4.34
20.13	2.7	13.98	19.87	1.36	7.45	7.08	1.14
14.33	7.65	14.98	11.65	9.01	7.18	1.68	4.5
10.84	1.51	4.16	14.9	6.92	44.18	13.82	17.7
2.77	6.31	8.02	12.76	30.4	40.07	4.36	3.51
31.15	98.15	19.44	81.07	57.48	70.22	55.59	8.76
4.04	12.32	31.03	18.71	18.34	9.69	25.39	16.73
1.31	3.61	1.26	4.21	3.75	5.82	25.83	6.83
26.95	70.19	6.68	6.17	35.66	10.73	5.68	46.45
5.62	4.71	18.3	25.51	11.06	3.08	1.02	23.18
6.5	20.5	4.13	1.9	45.17	3.71	8.62	3.98
52.13	27.71	62.5	7.12	26.08	56.24	21.35	12.72
46.53	61.78	42.13	48	227.78	21.6	32.24	150.5
5.94	8.78	12.62	9.98	8.53	5	2.33	22.48
1.35	16.49	2.59	2.87	24.16	3.6	23.19	22.93
59.05	139.54	147.83	7.59	93.66	8.37	60.07	34.06
69.76	27.54	2.87	37.8	32.73	42.37	6.53	32.77
59.11	24.63	29.7	15.67	178.2	124.79	16	62.12
21.62	223.26	105.76	114.99	190.01	39.53	83.44	28.67
3.94	16.86	8.98	14.52	27.5	23.99	11.87	21.32
1.33	2.58	1.68	1.87	1.93	1.95	2.17	2.15
123.91	40.17	43.72	6.28	51.25	13	110.51	95.21
18.38	53.02	22.88	6.06	51.16	6.9	101.42	43
1.89	2.13	1.41	11.43	3.18	6.36	1.15	6.3
24.67	3.32	6.08	12.82	20.18	4.42	6.64	22.84
28.79	22.09	6.82	23.94	20.02	9.94	5.14	11.89
18.22	17.54	33.96	34.97	30.7	31.75	2.34	16.43
18.67	7.66	6.94	43.32	18.5	19.88	49.07	46.64
6.79	143.06	272.91	55.07	13.77	16.54	38.71	49.93
52.65	37.53	4.05	3.45	79.67	6.58	7.78	27.59
1.25	6.94	1.09	48.19	6.74	13.65	16.09	19.96
15.89	9.55	1.09	19.19	15.3	13.76	22.19	33.15
16.05	22.94	1.63	1.31	13.05	13.73	14.16	2.01
311.09	41.41	36	170	23.93	85.31	28.53	63.46
80.92	33.27	38.66	32.11	26.35	48.64	20.29	23.07
51.45	10.64	3.76	24.85	12.19	11.71	47.95	93.36
36.71	67.03	57.01	7.22	61.35	138.17	18.93	77.77
11.1	18.06	6.87	22.55	7.77	5.69	35.8	10.38
10.95	10.57	31.32	118.48	28.33	33.1	1.66	9.9
6.68	8.54	10.38	11.46	2.63	9.33	8.24	1.39
40.42	5.59	45.13	27.52	47.58	10.14	35.53	1.87
21.2	5.21	39.66	55.63	89.71	5.62	12.67	9.39
132.41	14.02	142.34	25.88	102.82	84.98	55.87	52.86
49.46	172.22	36.52	1.23	42.71	59.79	6.27	67
44.66	50.61	1.78	245.02	145.74	15.27	80.62	89.52
35.14	48.8	27.62	21.4	35.88	59.02	29.84	2.2
141.46	5.02	15.1	13.44	78.69	26.77	12.47	11.05
25.23	9.2	17.44	17.28	13.01	62.47	7.34	11.12
14.06	3.69	3.86	12.26	16.88	22.85	6.73	10.83
16	11.82	7.18	2.04	5.33	11.54	35.23	13.04
29.27	8.8	1.5	6.55	2.49	13.85	3.2	7.57
26.84	13.47	73.22	87.81	46.64	16.82	17.42	115.65
10.94	5.84	12.96	5.93	6.85	28.37	38.6	7.03
50.38	12.37	14.51	65.33	18.21	53.65	11.79	82.13
32.87	1.26	12.4	5.57	172.42	35.83	10.34	42.89
6.84	64.75	88.35	35.83	20.28	13.9	30.09	45.99
6.47	5.47	12.81	25.8	2.67	43.36	2.47	1.84
25.44	31.67	21.34	30.41	15.73	1.1	4.42	1.74
4.48	51.36	26.63	12.59	2.24	5.01	117.94	18.59
2.27	1.76	1.2	1.23	5.25	3.15	1.32	3.09
25.34	142.63	31.2	67.81	25.92	55.24	25.36	29.42
9.62	1.73	1.03	2.94	2.64	7.79	4.74	1.81
59.91	19.25	39.61	6.65	70.42	11.7	18.54	1.79
112.03	58.95	69.45	91.7	381.56	90.77	261.96	26.19
10.27	4.42	25.16	1.15	20.94	8.72	16.18	16.82
8.51	28.18	61.48	50.96	10.37	18.09	101.75	74.48
2.47	1.42	2.33	7.75	2.81	1.91	3.17	2.18
15.8	9.26	13.74	19.04	62.32	17.02	10.64	1.75
51.7	15.47	6.68	27.59	37.24	15.66	65.64	46.29
2.75	6.67	6.61	7.58	1.03	4.65	5.18	3.93
108.95	28.94	80.39	19.93	14.97	116.44	17.67	12.67
22.04	19.8	26.3	19.26	85.66	32.51	92.85	2.72
6.81	2.8	3.08	7.37	28.85	12.69	5.49	7.48
18.01	2.08	105.96	197.77	29.44	110.17	24.63	20.14
66.92	7.24	3.78	83.09	26.82	25.87	87.59	33.43
11.63	17.89	6.09	2.52	15.92	27.84	43.05	15.58
73.56	1.93	84.82	132.69	33.06	182.08	21.74	26.16
2.25	10.29	17.9	8.81	6.34	6.85	11.14	6.69
62.87	38.19	36.54	16.7	75.34	8.85	19.75	276.43
52.44	220.66	188.43	32.91	34.56	95.48	20.33	245.49
16.04	13.35	9.8	47.34	2.66	52.6	9.72	13.17
46.63	139.35	64.87	47.25	10.17	113.66	32.88	28.92
66.9	188.19	7.72	83.96	3.11	73.59	9.99	2.67
27.87	41.32	19.08	33.01	16.74	2.41	3.25	6.98
82.44	1.6	65.11	38.86	103.86	18.54	165.26	64.05
41.16	82.87	66.81	70.78	60.47	47.55	47.03	45.05
24.6	23.75	78.31	14.8	8.48	78.82	36.71	16.35
6.13	10.29	5.49	6.03	7.15	20.87	5.15	9.35
1.32	2.84	2.61	11.56	6.49	9.58	2.49	14.72
21.83	16.64	5.01	4.8	14.88	4.62	8.39	35.21
10.7	16.42	3.3	17.39	3.9	5.51	28.32	29.9
3.42	62.5	39.28	47.94	77.23	84.53	103.39	18.09
88.66	68.96	13.09	20.33	23.02	26.64	4.24	5.56
6.76	4.19	4.31	2.3	20.45	31.44	8.85	26.62
8.72	19.32	14.14	36.8	7.05	21.41	11.01	37.34
12.51	3.7	3.25	4.76	16.46	22.44	9.87	1.04
109.22	25.17	26.13	50.54	70.06	55.94	19	21.31
13.45	5.14	19.03	24.34	17.69	22.2	35.14	6.14
7.66	11.11	1.49	16.97	16.6	4.31	13.47	5.77
37.97	58.48	26.72	67.11	5.93	11.04	56.76	13.67
3.56	2.48	2.09	47.14	15.41	16.16	8.29	9.83
9	4.62	16.05	29.34	26.21	2.54	11.2	6.88
17	22.99	5.31	19.18	8.66	47.77	11.85	64.46
16.19	2.39	7.85	24.04	1.87	36.26	8.48	19.5
2.08	1.63	5.85	17.29	1.19	1.71	7.27	2.61
2.68	1.12	1.27	1.03	1.76	3.02	1.16	2.34
1.98	11.75	4.19	2.73	5.56	6.72	21.92	9.75
20.96	29.32	8.35	6.19	5.47	26.86	7.49	6.91
8.89	14.01	17.84	4.66	15.22	4.66	22.37	20.28
88.3	5.91	101.01	26.65	80.74	59.2	35.86	12.98
1.97	11.29	4.91	14.15	7.29	16.14	3.79	16.53
20.16	2.39	102.51	10.29	15.1	7.32	7.71	6
93.9	142.43	78.05	21.02	37.07	11.56	33.85	5.32
7.72	28.63	10.01	10.67	73.5	35.67	48.54	2.95
8.28	2.78	13.79	9.87	6.52	14.27	5.45	12.21
42.95	22.47	20	17.06	9.2	16.14	41.78	21.11
7.57	4.91	7.75	1.23	1.9	2.05	15.85	10.41
6.1	4.67	1.1	16.05	15.09	4.5	23.06	1.95
32.34	27.63	28.88	56.56	3.93	25.25	55.52	19.6
6.94	3.48	2.21	1.8	1.82	5.23	2.12	2.91
27.35	36.22	149.96	123.4	266.98	61.52	302.32	162.7
127.91	160.2	117.69	13.95	73.51	6.02	265.1	69.3
3.54	3.95	14.09	3.82	8.94	2.58	3.44	13.53
76.48	209.19	3.5	31.29	5.76	43.83	33.54	15.93
1.97	42.11	18.35	42.81	3.38	6.27	34.19	7.79
1.64	1.35	5.24	2.83	1.41	4.99	2.25	4.21
36.07	6.35	6.69	21.63	7.61	12.28	20.12	1.67
21.82	16.23	11.96	22.02	11.77	17.46	55.13	20.99
44.54	2.06	11.42	53.64	24.88	4.34	73.34	26.31
38.64	66.85	29.49	102.17	8.51	39.56	29.62	21.49
1.55	8.6	1.05	4.68	2.56	3.25	17.11	12.74
34.01	17.9	84.48	88.32	26.22	13.96	113.36	20.58
2.07	2.34	1.82	3.5	1.76	1.54	2.17	2.61
5.7	1.66	28.17	24.46	19.43	15.3	4.14	25.58
2.14	14.62	47.41	2.18	5.61	9.72	3.36	6.27
7.89	1.6	3.8	2.21	2.99	1.58	5.03	1.49
9.55	3.65	5.41	6.9	13.48	4.78	6.6	10.53
43.59	15.82	62.14	16.26	14.69	6.05	7.27	33.47
13.48	1.37	5.62	5.38	8.21	6.58	46.52	3.49
8.61	26.29	14.74	19.76	34.68	39.68	78.15	30.71
10.48	84.31	32.15	46.64	66.6	7.83	104.93	37.96
7.94	30.16	1.75	6.83	13.49	8.74	27.44	26.96
3.39	7.81	2.01	1.62	1.33	1.48	1.57	1.48
29.56	3.51	17.59	25.61	1.21	8.75	6.25	15.55
3.11	1.61	11.48	1.92	8.1	1.61	3.38	6.47
12.58	3.27	18.96	6.37	1.69	1.98	10.67	2.14
8.5	36.25	16.93	28.2	22.82	36.69	60.4	50.53
3.44	1.86	1.05	1.83	1.79	9.05	1.01	1.61
8.13	8.69	9.37	15.29	2.16	8.59	1.73	9.38
43.14	55.95	27.8	24.78	29.45	20.4	61.48	29.94
28.95	107.94	55.75	6.62	123.04	119.99	199.35	95.01
15.33	26.96	57.76	33.2	88	36.71	306.97	148.41
11.54	13.25	31.13	21.82	5.04	50.78	25.74	18.36
9.73	4.3	4.49	1.44	7.21	6.46	10.13	11.97
46.43	8.29	2.09	40.3	3.11	2.22	57.99	3.39
18.66	9.26	19.94	25.16	42.95	63.18	22.83	9.9
15.98	70.36	22.22	77.5	5.14	12.58	13.1	19.67
69.32	26.28	11.71	29.44	100.77	8.29	4.97	18
2.5	1.18	4.34	3.22	3.41	1.77	2.04	6.67
