43.8	59.4	28.2	13.7	34.5	42.3	31.9	41.6	
31.5	27.6	34.2	35.7	19.7	23.0	26.2	51.0	
25.3	27.3	51.3	14.2	34.0	31.9	33.6	35.7	
30.3	21.4	27.6	15.3	31.5	32.8	28.5	40.9	
34.9	25.5	46.8	50.0	29.6	46.7	29.6	28.8	
57.2	45.2	46.1	42.1	47.0	61.8	40.4	82.1	
21.3	21.9	25.1	18.1	29.4	44.5	17.3	40.6	
22.1	53.3	49.4	41.0	58.9	37.5	47.0	36.6	
42.2	65.3	35.0	39.2	65.9	65.8	29.9	46.6	
15.3	24.8	26.4	31.6	29.9	26.1	15.0	26.6	
39.6	37.9	61.9	59.0	55.9	41.8	42.4	64.4	
33.8	64.0	73.3	55.4	72.0	18.5	42.4	63.2	
12.8	32.9	27.6	28.6	14.5	26.1	31.0	29.6	
45.6	32.5	27.7	50.1	36.8	37.7	26.6	38.4	
44.4	35.6	15.2	22.2	26.3	24.0	39.7	35.5	
14.8	23.0	13.9	11.3	18.7	6.6	18.5	16.1	
18.8	11.3	21.0	24.8	32.0	13.0	19.3	22.8	
34.0	31.3	44.5	31.6	37.0	29.0	35.4	42.5	
26.8	33.5	30.8	17.6	45.6	49.5	28.7	40.9	
17.6	32.3	27.3	19.3	23.9	13.2	26.1	32.8	
69.7	25.8	27.4	32.5	43.3	24.5	48.1	19.5	
22.6	18.1	23.2	27.0	23.1	27.4	28.2	41.3	
34.2	14.0	28.1	33.6	31.5	6.2	54.1	26.9	
18.2	22.3	26.3	16.3	43.9	29.7	21.5	28.0	
69.6	34.2	42.1	43.3	30.8	41.0	29.7	75.1	
37.3	47.0	33.9	25.3	26.6	28.9	39.9	35.6	
30.7	32.6	28.1	22.9	23.0	35.7	23.1	32.7	
65.7	46.1	23.0	34.7	34.2	40.8	34.8	40.2	
29.9	18.4	14.2	19.5	13.9	29.3	22.1	17.9	
64.5	65.4	39.7	70.9	61.9	41.1	112.7	110.8	
50.1	28.2	26.7	39.5	34.4	26.0	29.9	34.8	
49.5	39.9	38.9	26.6	37.7	66.8	31.3	38.4	
84.6	60.8	41.3	57.8	47.3	25.5	38.7	63.0	
28.1	28.1	19.9	30.9	24.6	22.6	35.1	35.8	
21.4	35.8	40.7	34.7	32.6	68.5	41.1	32.2	
53.6	33.3	60.2	53.9	30.4	26.7	59.6	42.5	
36.2	20.8	26.0	28.9	24.7	33.7	31.4	35.7	
19.3	13.3	8.3	24.0	23.8	15.1	26.0	22.3	
45.2	51.8	48.3	33.1	30.6	48.6	73.1	44.8	
40.7	30.9	24.0	58.9	44.0	36.9	30.7	35.3	
41.9	65.5	71.0	19.2	33.7	71.7	77.8	56.2	
26.4	71.3	30.1	40.9	38.2	44.1	40.5	40.4	
47.5	20.8	33.6	44.7	38.3	45.1	22.8	33.5	
48.3	30.9	31.8	29.2	33.6	43.0	23.1	46.1	
19.0	22.1	16.2	24.3	25.0	28.8	19.8	21.5	
31.7	43.5	24.1	38.9	34.8	26.4	36.8	18.8	
23.6	40.6	41.9	28.0	30.3	15.2	28.8	26.0	
25.8	26.0	29.3	27.5	26.9	54.2	20.5	40.0	
58.2	28.7	60.6	29.9	54.2	39.0	56.7	44.4	
22.1	36.7	30.4	31.1	36.5	32.0	27.2	31.4	
48.3	13.4	24.0	39.7	42.6	25.4	42.6	53.1	
14.0	21.0	15.0	12.8	19.3	14.9	20.8	18.3	
38.1	50.8	49.4	71.1	51.0	62.2	45.1	41.2	
31.1	29.0	30.6	36.7	26.5	28.9	29.1	35.9	
35.2	45.7	40.5	51.5	40.5	84.3	58.8	31.9	
13.3	15.4	14.1	8.6	20.3	11.0	14.7	22.2	
34.8	61.6	27.2	45.6	26.0	30.9	23.0	24.9	
17.5	19.5	23.3	7.9	11.4	19.5	18.1	27.3	
26.1	29.0	16.2	26.7	28.3	20.2	39.4	39.0	
22.5	27.9	28.6	31.5	20.6	21.3	26.7	25.2	
70.1	61.5	74.0	50.9	61.7	47.4	78.8	52.3	
25.2	31.1	32.9	30.8	31.1	40.8	38.4	55.8	
23.9	47.7	41.1	38.6	27.0	43.4	28.9	40.2	
77.3	58.6	61.7	38.4	50.8	83.6	71.1	47.4	
44.1	42.3	55.1	68.0	43.8	37.9	46.7	41.7	
20.6	27.6	29.0	43.5	26.6	37.0	21.5	21.7	
49.0	58.8	37.1	35.3	40.8	33.0	38.1	22.3	
21.8	37.1	34.2	58.4	18.0	15.9	28.2	20.5	
43.0	56.7	34.3	66.7	29.0	42.1	63.8	70.8	
25.8	32.7	40.3	55.7	19.0	26.0	21.7	16.6	
20.7	27.9	27.0	17.8	21.7	20.5	26.5	24.0	
27.7	32.8	24.2	20.1	17.7	29.0	31.8	34.9	
43.3	47.5	54.7	27.1	51.7	24.8	65.5	43.7	
42.0	50.6	54.6	37.9	31.8	65.4	48.8	33.2	
23.8	30.3	51.9	43.7	34.9	48.9	51.4	29.9	
35.3	54.0	32.1	25.3	44.6	36.9	37.4	41.3	
20.7	18.2	44.3	14.9	41.1	36.1	21.7	22.8	
25.8	19.5	37.4	41.4	37.6	39.0	24.3	30.6	
41.8	16.6	20.0	29.8	25.6	16.9	23.2	25.1	
34.9	51.4	44.1	51.5	45.2	44.9	28.4	35.1	
18.1	13.5	15.8	23.8	25.7	25.2	25.9	17.9	
42.6	24.3	34.6	54.9	25.1	21.6	29.1	43.3	
18.5	18.0	25.8	40.2	19.3	16.1	18.9	25.1	
46.8	63.0	38.9	46.5	30.4	35.2	40.6	41.6	
47.8	53.1	25.9	47.9	45.1	45.3	50.0	38.0	
38.0	61.5	42.9	58.2	59.8	34.7	27.9	33.5	
28.0	16.9	24.7	44.1	19.1	32.1	42.9	39.4	
29.0	23.0	35.0	20.8	34.6	16.1	26.2	13.1	
44.1	44.6	50.8	46.0	24.7	39.6	42.0	49.0	
48.8	34.3	18.1	35.0	18.1	32.9	39.3	40.8	
12.8	24.4	33.3	25.3	18.2	21.7	17.5	15.7	
35.4	37.3	38.5	59.8	25.8	37.5	56.5	39.3	
29.1	47.6	27.5	39.5	48.7	24.4	36.1	27.5	
28.1	33.0	12.6	23.8	27.7	22.1	15.2	21.6	
38.1	28.9	24.8	36.4	39.4	42.0	32.5	38.2	
36.7	55.7	39.7	23.1	57.3	46.8	47.9	43.7	
22.0	12.5	32.7	17.2	26.2	28.2	29.6	17.8	
74.8	61.1	43.2	51.6	52.5	85.4	80.0	36.5	
55.5	106.3	34.3	36.0	62.8	49.8	34.1	35.1	
16.3	18.7	21.8	25.3	23.5	29.1	29.1	20.6	
73.9	45.9	54.6	30.5	43.4	82.6	56.5	36.0	
27.6	41.6	27.1	22.9	18.2	28.6	39.8	54.1	
27.9	33.6	26.1	25.8	22.8	28.3	29.4	19.5	
20.4	25.4	31.5	19.4	19.2	16.6	30.3	29.8	
52.9	40.5	35.4	32.6	39.3	36.7	50.1	61.6	
21.1	28.4	18.3	14.9	26.4	24.1	24.9	17.2	
30.5	34.6	40.8	50.7	52.3	38.5	26.1	31.6	
22.5	28.1	46.7	33.4	31.7	43.4	48.0	24.2	
35.7	22.0	20.7	29.4	22.7	16.3	57.5	38.8	
39.1	29.8	38.9	38.6	30.9	38.0	19.1	41.4	
22.6	21.3	19.7	28.7	36.2	21.8	20.8	15.6	
21.3	25.0	46.8	34.0	23.9	35.7	24.3	18.4	
21.3	29.9	15.1	27.1	24.5	18.9	14.0	23.5	
29.2	22.9	28.7	44.3	67.0	40.6	51.1	52.8	
24.9	29.9	36.7	32.2	41.5	37.0	21.9	30.9	
43.2	40.3	52.0	36.0	39.5	40.8	45.6	47.2	
25.5	41.6	61.9	35.8	58.2	19.4	28.9	18.5	
41.8	31.2	30.6	34.1	31.8	32.8	31.1	35.5	
61.6	31.3	31.2	43.8	45.6	31.4	77.9	46.4	
26.8	34.8	49.7	32.8	19.7	41.2	44.6	34.4	
70.4	71.5	45.4	27.6	26.1	55.3	70.6	46.2	
35.0	34.2	30.3	17.9	20.3	50.5	15.1	25.4	
26.4	23.9	27.2	13.9	30.2	26.1	35.7	23.7	
33.8	26.3	26.8	32.3	32.2	31.7	39.5	17.0	
60.0	34.7	54.0	48.0	66.7	32.9	38.2	36.6	
24.7	27.7	19.3	30.2	25.6	27.3	33.6	37.2	
39.3	47.8	39.6	30.6	49.8	23.0	19.6	22.3	
21.6	20.5	15.7	16.8	17.7	10.8	22.4	18.3	
35.2	25.4	37.5	22.9	50.4	49.9	22.5	35.0	
24.8	35.4	21.4	38.2	23.3	18.9	58.3	18.4	
13.6	19.2	27.9	19.2	13.6	24.3	23.0	13.2	
29.7	26.1	19.6	27.1	57.1	51.0	30.8	38.9	
33.4	41.6	36.7	54.8	15.0	32.0	38.8	43.7	
39.2	37.5	42.7	43.5	30.5	53.0	23.7	55.8	
43.8	33.8	46.6	85.4	40.0	73.1	32.9	68.3	
16.1	10.8	16.3	14.4	23.8	23.1	18.5	30.6	
31.3	29.7	21.7	35.0	34.4	21.5	15.6	31.1	
27.3	18.2	22.5	20.0	14.7	20.3	21.0	12.1	
33.4	19.6	34.0	22.5	31.3	28.9	31.7	19.2	
40.1	50.4	32.9	49.8	19.4	39.6	50.9	47.1	
22.9	30.1	33.9	23.0	28.7	36.3	25.0	30.1	
45.4	20.2	32.8	31.9	41.1	52.5	67.5	52.0	
48.7	24.7	25.9	23.6	19.3	27.4	18.0	31.3	
22.1	29.0	25.6	21.2	16.0	16.8	24.3	36.4	
28.8	21.9	26.3	20.5	35.5	27.9	33.9	32.1	
51.2	61.0	36.6	34.2	37.5	73.9	60.6	49.2	
26.6	23.0	20.8	30.9	16.3	13.9	23.3	35.8	
49.8	31.9	44.1	26.3	44.9	31.7	28.9	32.0	
48.0	23.5	31.3	29.0	40.1	29.2	23.5	35.4	
24.9	39.7	18.8	39.7	28.5	62.1	27.5	31.1	
60.6	81.2	73.3	35.6	37.1	44.4	46.2	81.0	
56.1	58.5	55.0	30.1	29.6	53.0	52.9	51.2	
14.5	17.3	17.4	15.2	15.4	13.1	12.1	11.3	
29.4	39.2	34.3	16.1	25.4	21.7	34.5	23.4	
46.9	32.5	18.4	38.5	30.0	21.5	33.7	13.2	
20.0	33.1	45.6	23.6	21.8	28.5	39.1	48.2	
23.4	23.9	34.4	30.0	41.1	30.1	31.6	42.8	
31.3	48.3	37.6	39.1	32.0	36.7	34.4	27.3	
31.8	28.9	43.7	41.5	52.5	40.6	49.9	31.4	
23.8	37.6	44.2	31.6	19.5	23.4	29.2	18.1	
40.9	43.0	34.2	69.9	47.9	31.8	60.8	60.9	
12.2	17.6	26.2	9.9	18.4	24.6	16.8	21.0	
24.5	30.5	47.1	46.7	15.9	19.0	23.3	25.7	
28.7	33.0	24.9	31.3	20.8	31.3	24.1	29.5	
30.3	31.8	34.2	45.4	45.5	41.5	36.5	30.0	
24.9	18.3	14.4	14.6	21.8	35.5	21.1	20.5	
37.5	55.7	55.9	32.1	35.9	27.6	40.2	29.2	
31.6	20.8	17.0	50.2	26.7	26.9	32.1	32.0	
56.5	25.0	20.3	41.0	51.4	28.7	24.5	19.1	
26.9	35.8	43.3	16.7	35.2	25.6	34.1	23.3	
24.8	32.5	26.9	23.5	17.7	28.0	26.5	28.5	
40.4	44.9	43.7	38.9	51.4	57.3	106.1	48.6	
29.4	57.2	58.6	51.4	40.3	44.3	45.1	36.0	
56.5	36.3	52.8	39.6	58.0	24.7	31.8	44.1	
31.9	18.8	23.7	36.4	26.1	17.4	15.1	31.2	
21.1	23.0	39.0	25.8	21.5	35.9	41.7	27.9	
42.1	20.9	28.3	33.4	40.5	27.2	43.7	46.4	
29.2	38.7	49.3	55.3	53.4	45.8	39.9	68.5	
36.1	25.7	25.0	17.5	21.9	23.4	20.5	28.8	
37.7	24.8	51.0	28.1	51.5	31.2	27.6	30.9	
53.3	24.5	35.5	48.6	36.4	49.9	30.6	46.9	
20.9	68.6	50.9	63.6	49.3	32.1	34.9	47.4	
55.6	27.7	24.3	43.0	48.8	46.0	36.6	21.2	
58.3	54.3	41.4	66.0	104.6	61.1	51.7	81.7	
22.2	28.2	17.0	24.1	28.5	30.9	25.7	30.5	
72.9	82.1	69.6	58.3	71.9	110.1	52.9	77.4	
38.1	51.3	75.2	24.7	38.5	50.9	39.9	58.5	
20.7	14.5	31.6	23.3	21.6	25.8	18.3	15.3	
32.7	33.4	31.6	29.1	28.7	14.4	23.2	42.0	
49.0	40.9	62.4	46.8	56.9	25.8	46.5	65.3	
30.0	37.9	31.4	35.8	39.5	37.9	47.2	31.0	
32.9	25.0	30.5	43.1	50.7	24.1	52.6	55.5	
31.8	19.2	31.5	38.4	55.6	47.4	59.4	35.4	
36.8	62.6	54.9	42.5	51.1	43.4	50.2	41.3	
21.1	17.4	27.6	16.6	19.2	26.9	19.5	30.1	
27.3	36.8	32.0	14.4	24.7	17.0	23.2	26.7	
29.2	12.0	22.6	35.7	50.0	53.3	30.1	20.8	
34.8	38.7	27.5	50.1	40.3	45.1	28.5	42.2	
44.9	42.8	55.5	45.7	40.8	44.0	33.6	28.7	
64.3	36.3	31.4	37.0	27.1	41.3	49.6	40.0	
40.6	52.3	72.6	39.7	36.7	35.4	62.4	55.6	
29.1	29.9	47.0	44.8	58.8	32.4	47.7	34.7	
24.1	32.0	42.1	29.2	28.0	49.4	45.6	44.5	
21.2	15.8	33.8	45.4	32.7	14.0	28.0	40.6	
35.0	27.4	59.9	72.2	31.2	43.9	37.2	32.5	
18.0	66.3	37.1	22.4	45.8	62.3	58.7	43.8	
26.2	27.9	23.4	36.2	22.2	32.0	14.5	28.2	
48.5	55.6	68.0	53.9	47.9	58.6	42.4	50.5	
35.5	35.5	31.8	44.9	36.3	28.6	22.9	44.3	
33.4	32.6	49.1	36.0	33.9	27.2	36.7	52.4	
39.5	38.0	41.2	46.3	37.8	28.0	32.2	69.7	
33.0	53.2	36.8	50.8	44.1	19.2	27.4	34.5	
34.7	41.9	36.7	35.8	42.5	34.3	42.3	27.9	
15.3	54.1	30.2	24.1	25.1	33.9	21.8	33.3	
59.5	36.4	80.9	48.9	70.2	40.8	38.4	43.4	
36.6	30.1	34.1	16.7	39.4	20.5	15.3	22.5	
24.7	16.7	40.5	16.8	22.8	18.6	31.0	20.5	
27.4	22.0	29.6	39.0	21.0	22.8	39.3	50.3	
27.3	25.6	15.6	29.6	42.3	24.7	31.3	35.7	
29.3	35.4	31.4	54.2	35.4	33.0	57.2	38.9	
27.4	26.2	33.7	38.0	35.8	25.2	33.3	25.0	
12.1	10.6	16.0	15.5	20.2	16.7	9.2	16.0	
27.5	20.7	34.9	23.0	31.6	33.0	16.0	18.9	
67.7	44.0	52.6	49.6	45.2	32.5	56.8	30.0	
21.1	25.7	20.5	22.1	21.3	24.8	32.7	21.4	
35.0	47.0	28.1	32.7	49.1	25.6	40.7	31.8	
33.1	30.7	33.6	25.8	26.4	37.5	27.6	50.3	
43.5	39.0	54.2	61.6	44.1	64.8	37.0	31.3	
44.3	39.6	48.3	39.2	33.7	28.9	40.1	29.5	
44.4	56.7	32.7	46.4	45.4	35.2	27.7	25.1	
49.4	44.3	52.0	47.6	35.7	28.3	40.3	30.0	
42.5	50.3	43.2	31.9	43.6	37.5	46.3	50.3	
45.3	67.4	42.9	48.7	60.6	37.4	56.2	52.9	
58.5	36.5	49.0	45.3	22.3	60.2	49.6	82.8	
25.7	9.8	15.1	12.4	18.0	28.0	34.0	9.7	
48.3	37.1	52.5	33.0	52.9	53.7	27.2	30.2	
66.6	107.4	49.5	40.5	57.5	52.7	88.6	56.5	
51.4	37.4	40.2	23.9	28.1	40.8	31.2	30.6	
29.7	25.1	34.6	26.3	28.5	36.5	29.0	21.7	
29.6	17.6	28.7	17.8	16.3	26.0	22.0	24.8	
53.3	47.3	48.0	85.1	56.7	37.0	45.8	57.0	
45.6	25.6	28.7	43.2	53.9	19.2	42.1	45.0	
35.5	23.9	38.8	24.9	18.9	20.7	16.8	31.3	
53.3	34.1	51.8	44.6	40.4	54.8	54.6	56.5	
27.5	49.4	34.6	35.5	24.1	15.9	30.4	35.4	
17.8	34.7	24.8	22.8	14.7	24.7	24.2	24.1	
42.4	39.1	22.9	40.2	25.7	37.8	24.6	20.2	
41.0	40.4	41.2	36.0	42.3	26.7	37.6	28.7	
58.5	29.3	46.9	35.2	38.4	45.0	41.7	41.2	
32.1	36.9	42.3	33.2	18.8	30.4	44.6	40.8	
37.7	68.7	56.4	68.3	77.4	53.2	87.8	34.7	
64.7	68.6	28.5	41.9	34.7	46.9	40.4	52.9	
34.4	32.6	23.6	38.7	33.7	31.8	27.3	46.7	
67.5	48.9	43.2	42.6	91.0	74.9	64.3	62.2	
7.5	13.4	13.0	9.3	12.7	9.2	13.8	11.5	
29.5	19.9	28.4	31.2	18.8	25.6	26.2	14.7	
45.0	46.3	18.4	28.7	46.0	35.5	25.5	37.8	
31.2	44.4	42.4	40.9	58.0	29.4	61.3	54.7	
37.7	21.2	49.4	35.6	47.3	50.2	32.6	40.1	
30.5	29.9	31.1	29.7	29.2	47.9	28.7	56.4	
57.0	51.0	35.6	49.5	68.7	46.7	33.8	37.9	
48.3	65.9	48.9	29.0	36.9	49.4	58.7	64.5	
20.2	25.0	35.3	29.5	38.3	16.0	23.1	27.2	
41.3	53.1	65.4	48.2	42.4	56.2	39.8	60.3	
15.3	17.4	10.9	17.2	18.8	18.0	15.2	21.1	
22.2	57.8	29.6	63.8	37.7	35.2	58.2	35.2	
77.9	58.7	35.4	42.4	52.3	58.1	35.5	54.6	
59.4	43.1	23.3	27.3	51.0	41.1	33.1	22.0	
31.1	28.9	31.9	33.3	31.0	30.9	59.2	37.8	
38.2	32.9	28.5	31.3	27.2	41.4	31.6	36.7	
29.2	34.6	20.5	26.8	46.2	25.0	40.7	26.0	
14.6	24.4	21.1	38.2	13.4	33.3	36.5	30.2	
19.3	30.0	22.5	22.5	52.0	36.5	24.7	40.6	
80.6	44.7	41.7	50.3	50.9	45.5	30.7	38.1	
32.9	22.8	19.1	26.3	28.7	21.6	26.5	24.7	
31.2	28.4	35.5	44.3	36.4	20.4	31.1	24.0	
26.5	21.6	23.2	29.5	22.8	14.8	23.9	19.8	
15.5	20.8	17.0	37.0	28.7	24.2	13.9	25.6	
26.2	44.7	28.9	33.0	25.6	42.1	36.1	19.4	
45.1	37.0	26.9	28.2	37.5	42.2	45.6	30.8	
22.8	19.1	19.8	31.9	14.1	22.4	28.3	22.2	
38.4	54.0	38.3	48.8	25.5	36.4	33.3	35.2	
49.9	61.9	35.2	65.7	50.5	100.2	42.1	60.7	
15.6	33.1	20.0	28.4	26.8	16.5	23.4	19.3	
33.4	37.4	28.7	28.0	34.0	29.8	36.4	23.8	
76.7	88.5	77.7	77.3	64.3	62.0	37.9	76.3	
34.9	26.7	15.5	23.8	23.3	11.2	27.4	41.8	
23.4	15.9	26.9	37.3	23.3	53.9	22.8	30.6	
36.8	30.7	22.1	33.0	40.0	28.8	46.0	34.9	
57.5	50.4	42.9	43.3	50.9	51.6	26.8	67.5	
31.7	36.9	33.6	36.0	33.9	27.0	48.2	47.6	
64.3	53.9	38.5	39.8	25.7	55.7	37.9	55.1	
41.7	34.3	66.4	98.8	50.7	67.5	76.9	75.0	
18.7	33.9	25.8	40.4	30.6	43.2	39.7	17.7	
19.5	10.8	10.5	24.3	23.3	8.4	21.4	15.4	
44.9	23.5	25.2	35.0	52.8	52.4	25.3	29.3	
9.3	14.5	10.2	13.2	16.0	20.2	20.8	26.7	
18.7	43.3	22.9	27.0	38.5	23.9	24.1	29.0	
54.7	38.0	32.0	33.8	36.4	34.6	19.6	28.2	
19.8	30.1	28.2	27.3	20.6	22.6	38.8	29.0	
40.9	61.0	18.3	38.9	33.6	33.7	38.2	16.3	
26.0	20.1	32.3	43.8	24.7	25.3	20.0	18.7	
33.5	23.2	27.5	26.7	28.3	34.3	23.8	19.1	
14.3	21.0	13.6	20.8	16.5	10.8	25.1	24.0	
40.9	53.0	18.9	46.2	27.9	44.4	44.3	68.3	
23.4	32.1	36.3	49.5	40.8	55.1	40.9	30.8	
11.1	26.7	21.7	24.8	20.0	18.7	33.2	20.1	
37.4	29.7	23.6	26.6	43.7	25.4	25.8	31.6	
40.3	22.9	35.7	39.7	44.9	39.0	44.8	33.9	
32.3	44.4	11.2	24.8	19.7	38.6	43.1	30.6	
29.4	44.5	35.9	54.4	34.9	52.6	42.7	45.5	
43.4	63.2	34.9	41.6	41.2	47.2	43.1	52.3	
49.9	81.9	48.4	65.3	32.1	35.2	29.4	31.4	
74.2	56.0	36.2	40.2	59.4	51.8	55.7	53.8	
74.1	57.4	55.8	97.9	35.0	51.5	78.3	64.2	
43.1	49.5	41.6	43.1	46.4	26.9	25.9	37.3	
35.8	38.9	35.1	40.8	63.5	77.9	55.9	45.7	
26.9	26.7	23.9	49.1	19.8	39.4	55.7	45.2	
39.0	38.1	28.1	31.1	61.9	33.2	39.5	55.6	
35.5	51.9	34.6	40.2	32.9	30.5	22.6	51.4	
24.0	13.6	16.3	18.3	21.4	20.2	13.0	19.1	
36.8	24.1	25.2	33.0	19.2	25.6	37.9	34.1	
17.3	16.7	15.2	19.5	12.5	13.6	10.7	13.9	
20.8	21.8	24.9	25.2	31.3	12.3	23.4	24.9	
39.9	21.2	25.1	53.5	35.6	35.1	41.1	30.8	
48.5	22.3	31.1	43.1	24.7	27.2	36.2	24.4	
26.0	50.7	32.8	46.8	68.3	54.2	55.3	37.9	
34.1	24.1	17.0	21.0	34.3	26.1	23.3	44.1	
21.7	27.6	14.3	39.3	20.9	29.4	27.5	51.6	
18.3	17.9	18.8	24.7	23.6	18.3	24.5	18.6	
51.1	61.6	23.4	47.4	61.6	38.0	21.2	25.2	
35.3	28.2	28.7	32.7	20.9	54.8	24.2	29.2	
35.0	52.0	45.0	50.0	47.4	41.5	35.4	31.1	
15.5	25.0	28.4	39.5	25.5	24.1	43.4	22.8	
52.8	73.7	43.2	63.2	53.7	47.7	30.5	55.6	
42.7	55.5	40.5	65.6	23.4	37.6	30.3	34.9	
52.9	43.2	20.4	29.7	27.6	28.1	33.1	14.7	
21.9	37.1	32.0	34.2	25.0	31.7	24.6	24.3	
38.5	12.0	40.5	56.9	43.0	26.1	26.2	38.7	
43.0	51.5	23.8	24.7	29.0	47.1	31.7	37.7	
25.1	13.3	12.6	29.4	13.5	51.6	39.3	37.2	
20.4	25.0	34.0	55.5	30.1	32.7	34.3	40.8	
26.3	33.0	22.9	39.1	33.7	23.4	44.1	51.3	
37.0	25.4	31.2	33.1	30.3	32.2	38.4	21.3	
41.7	31.1	31.5	41.2	20.1	25.3	30.8	19.7	
29.9	38.9	36.5	59.9	25.6	38.2	31.2	30.9	
20.2	54.1	13.7	31.5	30.3	29.0	34.0	22.9	
47.2	36.9	17.1	30.6	39.0	44.4	34.9	29.6	
18.2	31.5	17.9	24.4	33.9	37.5	32.8	33.0	
61.0	57.6	37.7	66.4	34.1	46.9	45.2	49.0	
22.7	25.9	22.4	32.6	33.5	31.7	25.3	40.2	
45.8	22.9	37.6	38.4	39.3	30.8	42.4	26.2	
10.9	21.6	10.5	11.5	22.2	14.5	10.9	10.8	
28.8	35.1	24.8	30.0	23.6	51.8	27.5	29.8	
38.3	36.3	28.3	45.8	36.6	21.3	26.5	27.3	
18.7	14.5	13.1	22.8	12.4	16.7	10.7	19.1	
43.0	32.1	22.8	26.2	27.5	45.0	33.0	33.0	
66.0	24.2	27.2	55.8	33.4	45.7	72.3	54.6	
35.1	51.5	40.1	46.8	76.7	36.4	28.4	23.2	
19.1	51.5	29.5	37.6	59.1	56.5	39.9	61.1	
39.7	37.6	27.4	34.2	36.5	31.9	32.6	23.6	
18.3	29.2	25.4	29.7	25.1	29.9	28.6	42.1	
25.4	44.1	20.2	22.6	52.6	22.5	44.6	64.5	
26.9	29.8	17.5	24.6	27.6	29.7	19.2	40.5	
17.8	15.2	16.6	26.0	17.4	24.1	18.9	10.3	
19.1	36.7	22.5	31.5	32.2	27.1	29.8	28.2	
31.9	24.3	31.1	38.1	36.1	54.4	57.0	31.4	
20.9	35.1	18.0	36.7	26.3	19.9	26.5	20.8	
39.8	25.1	15.6	54.4	14.2	48.1	25.7	29.3	
44.8	33.5	19.3	54.8	45.9	31.2	40.0	45.9	
43.2	42.5	54.3	63.8	32.6	32.4	72.1	32.3	
33.0	29.8	40.0	48.0	55.2	44.8	32.6	68.3	
45.6	42.9	48.0	58.7	40.8	34.3	61.0	19.7	
51.6	31.0	23.7	27.1	35.6	43.8	22.9	32.3	
20.5	38.8	22.6	39.2	42.1	30.5	25.5	21.7	
32.9	37.9	21.4	32.2	33.1	11.4	25.1	26.5	
36.7	21.7	15.9	19.3	21.7	20.0	26.9	32.5	
11.1	22.4	22.0	44.4	14.9	27.8	21.9	41.1	
24.6	49.4	24.4	45.4	32.0	59.0	39.1	45.6	
12.9	29.5	27.6	31.6	23.1	22.4	28.7	25.8	
26.3	33.6	19.0	32.9	42.0	25.7	35.6	33.3	
31.7	31.4	31.3	36.6	49.1	29.9	25.6	23.7	
14.3	14.4	23.5	29.6	21.1	20.2	17.2	25.5	
25.9	45.1	17.3	44.0	35.9	25.9	52.0	22.2	
37.7	37.2	29.2	61.4	47.7	44.6	47.9	49.5	
18.0	14.2	14.8	29.6	30.3	24.4	21.1	26.9	
17.3	37.8	25.9	40.7	17.2	33.7	21.3	35.9	
24.6	29.6	19.2	23.0	26.9	15.4	11.0	19.3	
49.8	32.1	32.8	61.4	33.4	50.8	25.1	33.6	
51.7	45.1	60.0	119.1	55.0	69.7	45.3	61.7	
46.7	34.1	59.9	67.2	59.3	54.3	51.9	37.4	
36.4	59.7	42.0	69.2	56.6	39.8	33.9	26.4	
20.7	43.7	21.7	31.0	22.7	20.3	36.4	41.6	
28.3	36.6	27.0	27.5	41.0	50.3	37.4	32.2	
15.4	38.9	31.7	37.7	16.0	35.5	21.8	19.6	
36.8	39.9	26.0	28.5	37.7	24.4	17.4	44.5	
43.6	27.0	18.1	50.1	61.4	69.7	41.6	48.1	
66.6	46.8	34.0	46.1	44.4	77.6	31.0	51.2	
45.9	55.0	28.1	36.9	30.9	35.0	49.4	20.9	
56.7	33.1	44.3	49.9	60.5	58.4	65.9	63.6	
23.3	27.0	24.5	26.1	22.2	33.7	30.7	27.9	
34.4	29.7	25.9	29.4	32.7	39.6	17.2	32.3	
41.8	37.4	23.7	37.0	34.1	45.2	46.1	27.1	
57.8	53.3	32.4	34.8	22.9	45.4	61.3	47.4	
18.9	21.1	14.8	14.0	18.5	18.7	14.3	19.4	
43.8	39.8	28.2	37.5	21.2	28.0	29.9	53.9	
39.1	70.4	49.2	85.5	46.6	29.2	58.6	50.1	
33.5	15.9	19.9	30.1	20.1	18.6	30.5	37.7	
29.3	17.8	24.1	44.9	25.3	57.8	15.4	34.5	
39.7	42.8	30.2	34.9	13.4	26.7	19.1	28.3	
38.7	70.3	39.8	47.3	61.0	70.0	30.8	59.9	
26.3	18.6	26.6	32.3	23.0	8.8	17.3	18.0	
47.3	24.9	22.7	35.5	44.6	29.3	14.2	31.5	
27.2	18.4	20.2	25.2	17.1	15.3	23.4	17.7	
53.2	39.0	25.4	42.5	51.7	49.7	48.3	58.9	
48.9	36.9	28.3	32.1	48.3	52.6	40.1	34.2	
12.8	24.3	18.9	20.7	22.8	25.0	37.4	25.9	
26.6	43.4	49.7	58.3	52.7	49.6	36.6	30.8	
15.6	9.7	11.4	15.1	17.5	8.8	8.1	22.1	
19.2	25.8	26.0	29.2	17.6	32.4	18.2	21.8	
33.9	57.5	47.8	48.2	25.4	19.2	38.9	37.9	
29.2	18.7	32.3	36.2	26.5	21.5	24.0	32.0	
52.0	35.2	35.6	44.3	22.0	54.9	38.6	38.7	
26.8	63.1	39.4	46.3	17.9	30.3	25.8	28.8	
70.3	100.3	46.0	64.1	43.0	31.5	31.1	71.2	
27.2	31.9	45.3	48.8	41.2	33.1	40.2	41.7	
31.6	24.2	17.4	21.4	29.1	47.3	28.6	18.8	
39.2	32.7	22.0	27.6	30.5	38.0	16.6	22.1	
13.5	25.0	17.9	19.9	28.9	13.1	24.9	22.3	
19.8	29.4	18.4	20.4	20.9	30.1	13.9	19.2	
44.0	41.5	35.2	36.9	44.1	22.7	33.4	46.3	
23.9	50.5	25.6	51.9	62.9	43.4	42.1	42.1	
40.6	58.4	32.4	79.6	38.7	31.1	36.9	39.2	
37.8	45.2	36.8	41.6	17.4	35.2	33.7	34.3	
53.9	42.2	34.1	41.4	47.9	39.6	67.0	43.0	
31.9	65.8	45.0	71.7	30.7	52.5	70.4	58.4	
23.5	15.5	24.9	33.5	44.5	27.8	33.0	23.5	
37.0	50.6	41.6	45.7	61.8	81.7	41.9	58.9	
49.2	36.2	24.5	45.1	71.1	36.2	25.6	39.7	
19.1	36.7	21.9	65.8	35.5	21.0	39.6	52.7	
38.7	25.2	17.5	19.8	31.4	24.8	19.0	35.8	
42.1	20.4	30.4	58.0	31.0	34.3	35.6	29.0	
54.6	55.6	30.3	36.6	35.8	25.7	45.6	36.3	
29.0	13.0	15.0	19.8	11.5	23.8	14.7	29.5	
35.8	23.8	28.5	33.3	23.4	30.2	28.7	33.3	
21.0	30.2	20.0	34.6	39.3	31.4	25.2	62.3	
29.8	34.2	25.6	28.3	32.0	54.8	21.8	58.2	
25.3	18.7	15.6	26.0	17.9	37.1	24.7	19.3	
29.8	27.8	31.7	36.2	37.1	36.8	55.3	29.4	
39.5	20.0	22.2	26.3	36.0	41.1	33.7	41.2	
11.3	18.5	14.5	22.6	20.4	13.3	15.1	19.4	
17.1	20.8	10.7	20.8	35.8	26.8	13.7	18.1	
31.9	35.4	33.3	37.8	42.1	40.4	41.5	49.3	
41.2	22.1	21.4	29.7	55.2	22.1	32.7	26.6	
47.8	32.0	30.7	45.6	22.8	21.9	25.3	19.1	
47.7	58.6	30.2	65.1	47.0	45.5	45.0	76.1	
47.7	31.2	13.7	17.4	12.7	24.1	27.2	23.5	
23.2	20.1	27.1	44.5	34.8	32.5	29.5	31.6	
24.0	8.8	20.1	23.2	29.1	17.6	34.4	38.3	
26.5	40.2	39.4	50.6	22.6	29.3	34.8	23.9	
46.8	51.6	30.8	31.6	34.5	44.1	32.2	44.3	
26.5	16.8	21.8	25.2	16.9	19.0	18.0	25.5	
26.7	37.7	33.6	35.7	35.0	30.3	48.7	49.9	
49.8	41.8	28.5	36.1	32.7	38.8	37.4	33.1	
57.3	31.3	24.8	30.9	28.9	38.2	34.3	53.5	
69.7	62.0	48.3	54.5	37.6	60.0	77.1	23.8	
36.9	49.6	36.6	68.6	45.1	37.2	57.1	60.1	
37.9	36.0	18.9	26.5	50.3	56.3	37.2	36.1	
27.1	29.4	36.7	38.1	21.8	33.2	40.6	39.0	
23.2	55.8	38.2	72.1	57.9	39.9	56.5	54.4	
48.5	39.5	36.7	64.0	20.6	34.4	42.2	43.9	
33.0	32.1	22.9	28.5	13.9	46.2	23.6	22.7	
37.1	37.7	19.3	23.3	26.2	20.7	31.6	45.1	
35.9	24.3	40.6	67.4	44.5	32.0	34.7	38.1	
41.9	36.8	17.1	23.2	35.5	44.9	36.9	21.6	
18.4	15.1	37.3	38.8	30.2	29.1	21.5	19.4	
50.5	22.7	43.4	46.5	21.8	39.1	48.3	37.7	
53.8	36.5	41.3	54.5	64.1	40.6	18.7	44.7	
26.9	28.3	16.5	26.1	28.2	30.7	28.6	21.4	
25.3	15.8	18.5	26.9	20.1	18.6	24.6	12.1	
22.8	41.6	18.7	31.8	31.7	29.3	28.8	37.1	
55.5	41.7	32.7	47.2	27.7	40.7	37.3	32.3	
20.1	35.5	32.0	56.4	32.3	47.7	44.4	35.4	
38.1	47.3	43.6	50.1	39.7	26.3	64.5	29.3	
32.5	25.9	17.7	27.7	21.5	42.5	17.9	34.5	
27.0	18.1	22.1	21.3	35.7	27.4	29.9	21.9	
55.7	52.6	28.0	37.3	49.9	48.5	49.7	72.9	
36.9	32.2	37.8	50.1	67.7	47.3	29.7	69.1	
24.2	27.6	13.7	22.5	24.1	20.5	14.0	10.9	
44.1	38.6	18.1	28.1	25.9	45.1	29.7	32.9	
58.0	54.2	27.2	30.5	46.2	31.1	26.7	44.5	
33.3	22.4	18.8	37.9	25.0	39.0	30.1	34.6	
44.0	20.8	32.4	41.4	27.0	33.1	19.4	25.2	
12.2	14.9	10.0	11.6	7.5	10.1	16.4	13.1	
25.6	36.7	18.3	28.9	31.7	59.5	28.0	24.7	
34.5	21.1	33.1	39.0	25.7	46.8	27.6	35.3	
33.3	33.6	38.3	40.3	29.1	54.7	31.2	36.2	
15.6	22.9	17.8	35.6	29.4	21.6	24.7	13.4	
18.4	30.3	35.5	44.2	23.3	27.1	27.0	28.2	
53.4	22.5	11.7	26.3	23.5	21.4	34.2	15.7	
45.3	65.4	27.6	34.5	43.4	76.4	38.6	71.0	
24.6	20.6	23.5	28.5	19.5	18.1	29.1	41.1	
32.9	27.4	30.4	32.7	30.3	27.3	30.0	35.1	
49.6	48.3	33.2	59.1	40.5	62.8	45.9	39.4	
43.3	22.6	17.3	25.6	20.2	34.0	23.1	27.8	
38.2	38.1	40.4	42.8	43.2	42.1	42.2	59.1	
26.4	17.4	23.1	26.2	32.3	21.1	37.5	35.3	
53.0	18.8	35.4	44.3	51.3	25.8	37.0	23.1	
38.5	16.6	28.7	44.6	39.2	33.5	40.8	27.3	
20.5	25.5	20.8	42.4	23.1	19.1	23.3	29.7	
14.0	21.6	17.8	43.4	27.6	27.5	25.7	31.4	
74.5	51.1	49.5	63.5	53.1	76.7	59.0	56.0	
16.2	40.4	28.3	33.4	41.5	27.1	37.6	31.1	
38.7	52.2	32.1	38.9	51.6	66.4	46.9	36.0	
46.2	44.4	35.0	43.9	48.6	37.8	21.3	36.2	
29.0	21.6	17.4	18.9	23.8	15.8	23.7	17.5	
45.9	35.2	44.4	56.1	38.8	43.9	44.4	41.7	
70.0	35.5	51.0	80.0	55.1	51.2	56.1	62.8	
39.8	25.6	29.5	44.2	30.4	28.4	21.6	28.8	
49.4	60.6	29.9	32.1	39.6	69.6	32.3	20.6	
36.2	16.0	18.9	22.1	27.3	27.2	25.5	44.9	
39.3	55.9	44.0	49.6	41.5	61.6	33.2	25.7	
21.7	41.1	35.5	57.3	29.1	37.9	35.7	36.2	
27.8	35.4	23.5	33.6	30.1	38.4	28.9	45.0	
46.5	34.6	41.8	53.4	44.4	41.6	51.8	35.7	
42.0	28.0	21.5	28.7	42.9	41.8	48.7	43.1	
55.0	27.1	25.8	42.1	26.7	28.1	21.5	44.6	
51.5	53.7	27.8	47.6	31.3	44.4	33.9	50.6	
20.5	35.5	21.6	36.9	29.8	28.9	22.7	42.7	
41.1	47.6	50.7	63.4	64.9	49.5	37.9	34.9	
25.4	28.7	27.8	39.3	30.7	44.4	39.2	30.5	
28.6	30.9	23.1	30.2	33.0	14.7	25.9	29.3	
17.8	18.9	18.9	23.5	27.6	24.1	11.9	19.8	
30.8	13.6	27.6	39.5	39.7	31.1	33.5	27.7	
36.2	35.2	34.1	34.4	37.8	43.1	21.2	42.2	
25.9	26.6	33.7	26.9	30.2	17.6	25.2	23.7	
30.7	32.5	35.2	23.6	35.3	46.8	25.7	19.4	
47.5	33.0	43.7	37.7	43.9	40.7	33.0	57.6	
32.6	36.0	18.3	19.5	36.0	29.2	31.8	33.9	
62.0	40.9	30.5	47.2	57.1	37.3	35.1	49.2	
23.4	34.5	27.3	17.9	19.3	29.4	24.4	25.9	
29.9	13.9	19.6	20.6	34.3	20.8	15.7	19.2	
23.4	21.8	50.7	19.0	26.5	26.2	26.8	21.0	
44.3	23.0	50.5	26.6	28.4	31.3	33.1	35.5	
50.1	55.2	29.1	53.4	38.6	22.5	56.2	31.4	
25.6	18.1	28.6	40.6	23.0	25.8	40.5	20.4	
39.3	19.1	19.0	30.2	28.9	39.5	29.0	25.9	
49.3	54.4	50.0	57.1	50.7	26.8	39.2	39.2	
19.2	12.0	24.8	22.5	15.9	20.2	20.5	23.2	
32.1	36.5	40.1	16.3	44.3	20.8	34.5	27.2	
28.3	28.3	36.1	33.4	34.6	30.3	18.1	49.6	
27.9	17.5	15.0	25.2	19.5	17.9	21.1	25.7	
10.9	15.6	17.9	19.2	42.4	30.9	42.0	34.4	
67.9	38.4	62.7	22.8	45.6	66.2	52.1	63.1	
24.3	23.8	27.8	18.0	23.7	37.8	28.1	35.7	
29.2	18.4	21.8	19.2	24.6	24.1	21.0	13.7	
46.2	27.4	20.2	26.2	36.1	46.4	22.3	59.2	
35.5	12.7	19.4	24.7	14.5	21.6	19.5	46.3	
51.2	24.4	46.6	39.1	42.2	42.7	46.5	27.2	
21.1	22.7	22.9	51.4	14.8	17.9	43.2	32.1	
40.0	25.5	23.6	22.6	11.8	20.9	7.8	17.3	
66.2	52.3	49.2	43.5	54.7	48.2	32.5	34.2	
51.1	76.7	83.6	55.6	69.8	53.2	51.7	39.9	
45.1	40.2	32.6	17.3	42.8	54.4	41.0	29.1	
13.9	19.4	25.0	19.6	18.4	27.8	12.6	17.5	
46.5	15.3	27.6	26.3	22.9	30.3	28.5	24.6	
24.8	15.9	20.5	17.7	22.0	16.8	12.0	20.0	
44.6	62.0	50.2	53.2	45.4	60.6	29.9	49.4	
45.3	27.2	24.0	36.3	10.1	22.1	27.4	39.5	
119.5	71.0	33.2	92.5	34.5	31.5	59.4	56.5	
63.5	29.4	45.4	53.5	34.9	28.1	26.1	33.7	
22.3	33.7	48.3	20.6	12.0	41.6	27.1	21.5	
28.8	45.2	35.3	13.1	48.6	28.9	73.1	37.9	
51.6	39.1	36.3	29.9	42.2	40.4	29.0	37.7	
43.4	55.6	39.8	20.2	58.2	45.0	34.0	51.4	
24.7	28.9	20.8	22.2	37.0	24.4	20.9	17.2	
21.9	31.9	48.0	24.9	20.8	37.1	40.0	43.8	
17.3	18.3	19.7	26.1	25.6	35.1	25.9	21.7	
14.0	28.6	26.1	32.2	20.6	37.1	37.7	31.6	
16.8	29.4	16.2	24.2	26.7	29.9	27.6	42.5	
55.6	22.2	56.8	38.0	47.7	41.1	46.9	45.8	
29.5	23.5	42.3	17.6	39.5	20.6	22.3	22.4	
26.7	30.2	26.4	31.3	25.6	9.8	27.1	30.7	
32.2	18.2	29.2	15.1	40.9	33.3	32.3	26.3	
37.2	36.8	23.9	31.9	35.4	34.8	32.7	37.7	
23.4	23.9	33.9	18.4	27.4	13.3	32.3	35.5	
48.2	41.4	52.0	34.3	36.6	24.9	68.6	58.0	
19.8	21.4	4.9	24.0	15.8	16.6	21.7	11.1	
52.7	39.9	39.4	27.1	37.8	73.0	35.5	35.2	
63.1	46.6	44.3	41.9	35.2	50.4	76.8	35.2	
31.4	34.5	57.2	57.8	34.2	47.0	33.4	45.6	
39.1	32.0	38.6	34.5	28.6	44.8	41.7	48.5	
35.5	38.0	30.7	43.6	71.4	26.3	59.3	42.8	
34.2	26.2	34.2	26.1	34.6	58.4	38.2	14.0	
42.5	35.9	38.6	36.0	51.3	49.3	29.7	26.8	
55.7	49.8	45.7	29.3	34.5	61.9	37.3	54.5	
38.6	34.4	56.9	45.3	32.1	18.9	33.8	57.5	
45.6	39.5	33.7	58.0	40.2	36.1	39.6	44.0	
19.1	20.9	35.9	31.4	24.9	26.9	28.2	14.5	
47.0	41.1	57.1	59.9	35.8	39.2	28.6	43.7	
34.8	38.5	44.0	39.4	41.4	23.5	43.4	44.5	
25.2	18.0	21.0	25.6	28.9	14.8	23.6	13.8	
36.1	33.1	47.0	43.5	65.6	39.4	27.9	33.6	
36.1	28.1	38.7	30.5	51.1	45.7	40.5	40.9	
32.3	38.8	44.6	27.9	32.3	28.2	26.8	40.5	
17.3	10.1	23.9	30.1	18.1	13.9	26.1	22.1	
32.7	21.5	36.4	32.1	35.1	54.3	32.7	45.5	
42.6	47.4	52.5	44.5	78.0	32.8	34.3	48.7	
12.2	18.6	42.2	18.8	31.9	24.7	55.2	24.3	
38.2	34.5	33.7	32.3	33.8	47.5	58.2	46.6	
70.2	39.7	63.2	23.1	68.1	29.9	43.9	78.0	
38.9	21.4	36.6	42.8	27.0	12.3	27.4	34.5	
38.5	42.1	38.2	33.1	24.4	33.2	28.4	38.4	
63.2	54.7	40.2	67.8	69.2	64.4	60.7	34.9	
31.8	41.6	20.3	43.9	17.5	41.6	30.9	25.7	
61.2	47.6	43.9	72.2	43.0	68.0	56.9	75.0	
23.3	34.0	27.7	24.7	36.1	25.1	24.2	20.0	
31.6	40.5	24.0	23.8	32.2	38.4	30.5	54.2	
27.4	42.5	51.6	36.0	28.8	55.3	22.7	24.5	
39.9	48.7	65.3	48.4	52.0	40.6	44.7	29.1	
25.1	43.6	35.4	23.7	16.5	30.2	32.3	29.8	
26.7	24.4	18.6	28.6	22.8	33.8	29.0	31.7	
27.9	41.6	55.2	32.7	36.4	41.6	48.0	67.4	
63.9	34.8	27.7	56.3	32.2	56.5	65.8	76.1	
15.5	26.3	42.2	27.1	27.3	15.3	35.8	31.5	
25.0	13.6	9.2	20.2	17.5	18.5	20.1	22.9	
49.4	24.4	38.7	37.0	45.4	64.9	46.1	33.1	
25.8	17.9	20.5	28.4	41.2	21.2	31.6	20.8	
21.2	27.3	24.1	32.0	21.1	26.4	47.5	23.4	
32.0	15.4	33.7	19.3	25.1	26.8	28.4	30.6	
29.8	46.3	35.9	33.0	27.8	31.9	31.4	29.0	
25.0	44.5	16.6	23.3	25.5	30.1	22.3	40.3	
39.7	33.2	39.8	27.4	27.9	27.1	28.6	35.2	
16.7	24.7	17.3	20.7	22.4	21.9	25.1	21.0	
14.5	22.5	33.7	23.9	45.8	27.9	31.1	30.3	
83.7	80.9	64.8	64.3	52.3	37.5	41.9	34.0	
19.8	10.3	18.6	14.4	31.9	35.2	19.0	21.0	
24.7	18.4	27.2	15.0	14.0	28.6	21.1	25.6	
24.8	31.0	61.9	31.6	44.7	28.5	40.0	38.8	
15.1	17.0	18.2	15.1	21.8	27.2	21.1	15.9	
53.0	28.2	48.4	75.5	51.7	51.7	72.6	73.0	
32.2	29.7	22.0	30.7	44.7	25.2	26.2	21.9	
45.4	31.1	45.7	56.5	48.3	22.6	43.8	44.6	
16.5	22.6	33.5	14.8	27.1	39.2	43.2	62.8	
42.3	14.8	22.9	15.9	25.8	24.6	31.1	30.2	
19.3	32.8	19.8	16.4	45.9	27.0	37.0	43.6	
30.5	36.2	45.4	23.3	20.3	36.5	20.5	27.3	
16.2	23.1	10.1	27.2	23.1	21.8	18.1	9.6	
49.3	60.0	31.3	56.6	60.3	27.5	40.2	57.8	
14.0	16.8	23.4	25.1	28.5	23.0	23.6	13.0	
19.1	55.9	23.7	35.9	37.4	21.7	14.0	28.6	
68.3	79.0	66.7	22.6	34.6	97.6	68.0	69.0	
31.3	17.5	40.1	23.8	51.2	52.2	20.0	28.4	
67.1	42.9	27.9	101.4	50.3	60.9	52.1	69.2	
29.2	19.5	17.6	23.2	27.8	34.2	26.6	22.9	
23.5	20.2	48.3	52.5	54.9	33.4	21.0	24.8	
19.0	13.7	15.5	21.7	11.2	28.9	21.9	17.1	
38.0	37.3	44.0	45.4	55.4	36.2	45.3	51.1	
74.0	36.5	53.4	61.2	34.6	61.6	36.4	52.4	
46.0	60.6	38.5	24.0	23.1	32.3	69.5	22.6	
36.9	45.1	24.3	34.3	37.9	70.8	24.7	47.0	
23.6	29.5	21.2	30.8	14.6	27.7	33.5	22.9	
47.4	45.8	29.7	43.2	27.6	31.7	30.5	51.4	
29.5	23.2	36.4	56.0	31.7	27.3	26.7	43.0	
21.1	41.9	50.0	12.3	18.0	21.0	16.4	32.6	
26.2	39.3	38.9	43.4	42.5	48.9	35.6	51.4	
49.6	48.2	34.5	39.3	39.2	45.6	32.8	46.4	
42.1	20.0	50.5	29.0	28.5	22.7	36.8	35.3	
37.5	35.0	51.0	38.4	59.7	69.7	40.3	30.0	
36.9	28.0	38.8	47.2	28.3	32.4	34.3	48.5	
54.2	21.9	25.6	37.3	36.8	39.8	37.2	41.8	
32.2	44.3	48.8	27.1	30.5	22.4	26.8	33.1	
32.8	53.0	57.2	51.1	33.0	56.1	39.3	40.2	
54.1	76.4	49.0	57.9	59.1	43.4	47.2	63.0	
21.2	33.2	19.9	28.7	16.3	20.8	28.8	18.0	
31.2	25.3	14.2	20.9	22.1	22.7	20.1	21.4	
30.5	33.5	40.6	40.5	56.2	28.1	27.5	26.6	
53.4	46.8	74.1	56.1	54.3	36.5	37.6	82.7	
38.7	55.9	59.5	27.4	37.4	41.1	26.3	26.1	
42.1	37.8	46.0	60.8	20.9	43.8	42.3	57.1	
47.1	17.2	25.1	24.8	14.6	33.1	20.8	48.4	
42.0	37.5	56.6	26.5	18.9	19.8	42.0	44.4	
49.4	27.4	37.7	46.2	30.2	28.6	53.6	28.9	
27.4	18.9	15.0	20.9	19.0	15.6	21.5	25.0	
31.8	11.4	36.9	24.4	30.1	30.2	26.4	30.8	
34.6	24.5	24.4	43.1	25.4	16.3	28.5	25.0	
48.2	45.1	49.5	66.0	28.7	67.7	57.8	57.0	
21.6	32.3	26.1	24.8	34.0	33.8	27.1	21.2	
51.4	58.0	34.6	35.1	33.9	42.6	34.4	41.9	
12.9	26.4	18.4	9.7	20.0	13.1	27.8	23.9	
27.1	37.4	29.2	35.7	29.7	30.4	49.3	35.0	
20.3	19.8	16.5	34.1	22.7	26.6	43.7	26.5	
40.5	27.1	43.9	49.2	25.5	47.4	45.5	56.3	
53.0	32.2	39.3	60.4	51.2	45.5	49.5	66.2	
62.0	35.4	39.4	48.7	36.9	47.9	23.1	25.4	
14.0	15.9	16.4	25.3	25.1	12.7	27.6	14.5	
17.4	13.1	14.7	27.1	15.1	15.4	18.6	19.9	
28.2	28.8	25.0	28.7	29.8	20.1	44.1	35.1	
44.7	29.6	25.8	36.0	57.3	25.1	28.0	26.4	
41.2	40.1	25.7	29.9	38.9	35.3	26.3	36.5	
65.7	34.0	53.1	46.7	44.8	47.1	32.1	45.0	
43.8	30.4	25.7	32.1	34.6	32.8	33.8	37.8	
34.2	34.6	24.9	29.1	12.1	27.7	24.5	32.1	
37.4	29.7	23.6	19.3	31.6	46.6	34.5	42.9	
34.8	18.6	29.2	43.3	33.4	18.5	23.9	23.6	
48.0	31.4	20.7	24.3	27.2	62.4	27.8	52.2	
61.6	72.7	64.1	49.9	36.1	26.5	78.0	45.6	
16.7	37.1	17.2	27.4	25.5	19.0	16.9	13.5	
33.6	23.7	23.6	19.1	31.4	16.9	21.0	22.9	
18.8	15.6	23.4	20.8	26.0	23.6	18.4	31.8	
50.0	26.1	53.2	34.0	23.6	30.8	30.3	32.4	
30.1	58.6	22.9	43.8	57.0	27.8	38.2	30.5	
33.9	39.6	43.1	38.4	46.6	43.7	45.0	79.8	
43.7	23.2	25.2	33.5	19.6	40.5	30.0	36.7	
25.1	35.1	28.0	22.7	36.8	34.3	26.7	22.1	
22.5	40.6	34.9	33.6	49.4	33.0	32.3	56.3	
22.4	31.2	47.9	25.1	31.1	27.7	38.8	46.0	
43.9	31.7	41.2	46.8	50.1	38.6	36.1	27.8	
17.9	38.7	24.2	29.5	31.3	34.1	20.8	31.5	
25.2	15.9	13.0	28.3	17.9	21.3	23.1	18.7	
36.3	41.2	32.9	40.4	26.5	14.0	37.1	25.7	
58.4	31.1	28.1	46.4	46.2	39.4	31.8	42.3	
24.4	52.2	31.7	36.2	21.1	21.7	33.6	39.6	
33.9	21.3	22.2	27.0	36.8	23.4	45.5	34.4	
32.5	28.0	44.4	29.9	27.8	22.7	31.6	38.8	
38.6	57.7	37.3	54.1	38.5	47.5	69.7	37.4	
41.0	56.3	26.1	51.4	45.0	41.5	38.5	51.1	
49.4	42.1	25.6	27.8	27.3	50.4	17.9	49.7	
53.8	37.2	36.8	48.1	49.7	55.5	50.1	50.7	
15.5	19.3	11.1	15.5	19.4	23.8	18.5	11.1	
23.5	33.5	20.8	23.5	26.8	12.3	25.3	24.5	
29.2	26.3	36.1	31.6	27.3	29.9	22.0	34.5	
39.1	22.0	36.1	40.4	32.4	23.6	30.8	41.0	
33.4	22.9	27.3	24.3	21.6	17.9	26.7	38.9	
28.0	31.4	11.0	24.4	39.3	27.2	31.3	35.3	
19.5	24.1	23.1	27.3	30.3	39.2	22.4	23.4	
62.7	32.6	31.9	38.7	44.8	38.9	34.7	45.8	
46.5	57.6	27.4	57.0	19.1	45.3	50.2	58.2	
11.8	22.2	9.8	18.6	16.7	16.0	6.6	13.9	
44.4	47.4	40.1	34.0	22.6	36.7	40.4	40.0	
21.6	29.0	19.9	20.4	44.0	29.6	33.4	39.9	
51.4	39.1	50.3	39.5	46.6	46.8	49.0	61.3	
33.9	35.3	84.6	68.5	30.3	32.4	43.2	52.6	
32.3	25.5	16.3	20.4	24.6	10.6	22.7	11.8	
51.6	76.2	92.0	33.1	24.0	37.3	42.7	43.7	
43.6	87.2	98.2	37.0	82.2	60.1	62.7	89.7	
21.0	19.6	23.9	23.2	24.1	22.2	27.1	21.8	
44.6	56.5	39.4	42.9	47.9	43.3	48.8	54.7	
63.3	49.6	71.1	44.0	67.8	65.7	69.6	66.8	
27.7	37.4	45.1	20.6	63.0	29.1	23.1	32.8	
16.2	17.9	21.8	17.1	24.9	18.0	20.6	12.3	
24.5	23.0	27.4	13.6	18.8	22.9	19.2	29.8	
31.4	57.6	39.0	40.0	33.5	40.8	34.1	34.5	
55.6	42.6	54.5	51.1	59.7	41.0	98.0	74.2	
68.7	63.1	53.7	63.8	65.8	50.0	45.0	47.4	
14.0	19.1	14.9	23.2	23.1	18.3	19.3	14.2	
47.3	28.3	44.8	34.2	29.0	52.7	51.5	32.7	
11.7	10.8	19.1	27.4	29.0	14.7	16.1	22.5	
49.9	42.9	32.6	38.8	46.4	58.6	53.1	35.6	
37.1	64.5	59.1	55.2	45.0	54.4	67.7	50.8	
33.1	23.9	40.5	24.4	42.8	25.4	36.6	18.8	
29.8	32.5	20.6	38.9	33.2	28.3	60.2	27.6	
47.1	29.5	64.4	45.0	62.0	62.4	38.3	58.9	
32.5	42.7	40.2	36.7	50.6	30.2	33.7	30.0	
16.9	12.8	16.4	14.4	13.5	18.7	18.2	27.2	
17.4	18.5	22.4	17.9	52.9	31.4	29.2	28.4	
15.4	23.7	31.7	17.0	29.9	16.0	26.3	25.6	
41.3	34.2	54.9	36.0	45.5	29.8	53.8	42.6	
24.6	26.5	23.8	35.7	22.4	14.4	17.2	32.7	
52.9	36.1	21.9	41.1	36.8	31.1	19.7	25.7	
20.6	17.3	22.0	21.2	16.2	20.9	10.7	12.8	
25.6	29.2	54.9	26.3	25.8	47.4	37.3	32.1	
22.2	35.8	30.9	15.5	22.0	18.4	17.4	19.5	
20.5	13.0	8.9	20.2	31.5	22.8	21.5	7.5	
22.2	42.6	32.3	32.8	49.8	41.0	30.1	29.8	
50.0	25.2	37.5	56.3	35.9	22.8	22.1	47.3	
36.1	42.5	32.4	32.2	35.3	54.1	33.9	45.4	
28.8	25.3	33.0	28.3	24.2	18.4	23.2	11.8	
15.4	21.4	12.0	20.5	14.6	18.9	20.4	18.9	
48.0	69.4	48.3	42.5	60.2	43.0	39.6	50.8	
32.9	47.0	34.5	31.8	48.8	31.3	24.6	46.1	
40.2	28.4	24.3	30.1	19.9	38.5	21.8	52.0	
51.7	55.2	55.9	42.0	43.8	27.7	35.2	40.6	
15.5	23.9	17.3	25.7	22.0	16.0	23.4	22.9	
37.7	47.5	51.1	54.6	58.5	36.1	34.1	37.2	
25.7	24.0	29.6	20.0	22.5	17.2	25.8	17.0	
19.1	86.2	78.9	51.8	43.4	38.9	47.9	54.1	
64.3	62.7	40.8	23.5	51.4	40.7	22.6	44.4	
17.9	15.9	12.2	34.9	14.0	14.1	23.8	13.8	
14.5	43.7	28.7	36.6	30.4	30.9	31.2	17.2	
23.6	28.7	11.6	19.6	26.3	27.9	15.7	28.2	
27.8	51.5	71.1	20.9	42.4	22.5	62.5	36.6	
37.1	25.3	21.8	24.6	26.9	21.7	17.8	26.2	
38.2	40.9	32.0	25.3	36.9	33.5	39.8	23.6	
41.8	68.6	22.4	42.2	50.5	41.0	52.6	52.1	
32.4	43.8	47.3	41.5	55.3	42.2	40.7	63.1	
23.3	26.6	27.1	17.1	12.5	28.7	18.5	36.4	
16.4	19.3	39.7	14.2	15.4	19.8	22.2	19.5	
22.5	14.5	34.7	30.1	29.7	41.5	30.8	33.5	
50.6	34.9	32.5	24.9	59.2	36.0	31.7	36.8	
31.7	31.4	33.1	22.0	23.7	50.5	38.1	22.5	
26.2	45.5	22.9	28.1	31.1	22.5	47.6	26.2	
25.0	31.6	33.1	19.7	33.1	44.6	34.9	28.0	
31.3	18.8	37.2	38.6	40.6	38.7	30.4	23.4	
28.0	44.5	29.5	41.4	22.9	34.5	35.7	28.5	
22.5	33.0	18.9	21.5	20.0	12.4	19.1	15.4	
38.3	25.2	49.8	65.5	51.4	58.3	80.0	26.0	
46.9	50.6	38.2	32.3	28.7	32.8	28.6	20.9	
13.4	20.3	19.7	13.2	22.0	20.2	23.9	24.1	
28.9	21.9	9.1	30.7	20.2	33.8	21.1	29.1	
22.1	26.6	28.3	25.6	23.5	29.9	38.8	19.0	
46.1	36.7	49.0	45.1	45.0	20.4	28.1	41.5	
34.3	42.9	30.8	25.1	27.0	32.6	32.7	50.7	
28.1	15.3	13.8	21.9	8.9	13.6	14.9	15.1	
44.1	24.7	43.9	34.2	38.4	40.4	47.4	51.8	
34.6	30.9	31.0	32.8	31.4	23.6	19.8	15.9	
23.1	22.9	20.0	20.7	21.7	26.0	27.0	39.9	
29.1	63.8	45.7	49.9	38.6	44.8	28.1	50.0	
32.4	17.8	25.8	23.8	22.3	39.4	28.9	30.1	
36.2	24.6	32.2	45.8	20.3	19.4	14.5	27.3	
48.2	27.5	43.5	33.3	39.1	39.7	57.3	84.8	
53.9	106.7	98.4	101.0	154.4	81.5	47.4	118.5	
23.1	25.7	30.7	34.4	20.0	42.6	34.7	24.6	
10.1	17.0	27.9	23.6	29.9	21.1	18.3	22.6	
28.2	43.5	20.1	49.4	50.1	22.5	36.5	34.3	
46.0	46.5	31.3	26.1	44.7	26.7	52.6	58.3	
43.5	13.8	14.6	30.1	28.9	29.9	49.0	25.5	
30.6	9.1	53.2	42.6	24.7	28.1	21.8	16.1	
21.2	38.8	46.6	59.3	32.3	76.5	40.7	65.3	
25.6	23.2	32.6	38.7	61.9	50.0	36.4	37.4	
23.4	37.5	38.7	45.9	52.7	42.6	38.3	54.0	
15.3	9.1	20.6	21.9	23.7	24.4	18.6	20.6	
35.5	30.0	30.1	27.0	27.5	20.3	28.6	36.0	
28.7	28.7	36.3	39.5	25.9	28.3	39.3	40.8	
13.4	13.2	14.5	26.3	21.9	22.9	13.8	15.2	
16.5	28.0	18.8	30.3	21.7	19.5	16.7	28.5	
49.6	46.1	40.1	45.7	56.8	41.6	39.6	37.8	
58.8	32.2	53.9	40.4	39.1	59.0	52.2	64.1	
26.2	33.6	30.4	20.2	23.3	22.1	31.8	9.7	
21.7	23.8	33.2	22.4	25.3	27.3	33.7	26.4	
42.8	60.7	28.1	38.7	47.8	32.6	46.0	49.2	
28.5	36.1	21.0	40.1	33.6	40.1	45.5	27.8	
60.1	40.7	69.5	33.4	46.8	51.6	66.6	58.5	
33.3	33.1	23.5	29.7	51.8	21.6	28.1	32.6	
38.7	41.9	31.4	34.1	42.3	59.2	30.5	41.7	
25.8	31.5	40.5	35.8	26.2	38.4	22.7	15.4	
25.5	48.1	43.0	35.9	61.9	40.4	31.7	35.4	
41.0	77.8	80.0	59.9	30.8	47.0	66.2	66.6	
26.1	23.6	29.8	26.8	25.5	32.7	36.5	24.3	
18.3	23.0	32.8	40.8	41.9	21.5	17.6	17.2	
18.1	19.6	35.6	43.2	42.5	37.2	14.8	15.4	
15.3	14.0	13.4	16.8	11.6	26.6	14.2	23.1	
51.1	30.4	40.6	26.9	42.1	31.3	24.9	28.3	
23.8	33.6	47.3	24.2	32.9	28.6	34.4	41.2	
37.3	34.9	39.7	29.0	37.8	40.2	26.4	33.9	
7.2	7.7	15.7	10.4	13.9	14.5	19.6	19.0	
72.2	45.8	34.5	38.3	41.4	61.9	51.4	86.7	
14.5	10.4	6.8	8.2	13.4	12.6	11.8	7.9	
13.8	21.0	12.9	21.0	32.0	16.5	17.7	20.0	
40.2	28.9	20.2	38.4	29.5	31.2	46.8	27.4	
26.4	17.2	26.6	24.1	27.0	22.4	20.4	30.5	
40.8	61.5	40.3	44.2	57.4	43.6	61.9	71.1	
33.7	17.8	21.8	18.0	12.0	15.6	24.5	29.0	
35.2	32.6	48.6	23.9	51.4	39.8	51.2	38.2	
49.7	76.2	54.5	59.1	69.8	103.8	72.1	26.7	
37.0	20.7	31.2	33.4	25.1	27.3	18.5	41.2	
45.6	43.9	38.7	52.8	18.8	34.0	34.7	34.6	
14.3	46.9	22.9	30.0	28.9	44.0	30.8	43.9	
27.1	15.8	18.4	26.8	23.1	20.8	21.6	23.1	
27.2	24.7	19.2	31.0	17.6	22.0	34.0	24.2	
22.3	44.3	21.4	26.7	39.0	23.8	30.1	38.3	
30.1	45.3	52.6	33.4	23.2	21.8	28.7	34.2	
19.8	22.0	17.0	18.8	28.2	15.6	24.3	11.6	
27.5	28.0	25.5	32.1	47.5	39.8	23.5	40.7	
32.4	21.4	7.3	27.3	18.5	26.8	29.0	21.8	
35.5	52.9	25.3	24.4	44.6	33.6	46.5	33.1	
21.3	12.0	26.1	16.6	18.7	25.9	10.6	23.3	
40.5	48.4	37.2	57.0	66.5	36.8	29.2	54.1	
17.8	71.7	88.8	66.4	66.9	54.3	50.7	33.0	
54.6	58.4	32.5	30.2	64.3	29.9	64.2	41.2	
36.7	29.0	32.2	29.6	20.8	44.5	41.1	42.0	
41.2	23.1	53.5	46.8	52.1	43.9	36.9	35.7	
79.4	64.5	54.2	62.5	51.0	103.1	44.8	54.4	
15.6	11.4	16.0	12.7	18.0	13.6	11.5	15.4	
42.6	18.2	30.6	38.9	23.9	56.9	60.6	26.3	
33.2	47.9	43.2	30.3	34.8	35.7	43.1	34.0	
40.1	38.1	38.2	23.4	25.0	27.9	32.6	23.7	
33.3	35.7	41.6	27.3	36.6	37.8	31.4	44.4	
35.0	38.1	36.6	47.4	25.5	33.0	31.6	41.5	
46.1	31.7	42.2	36.6	46.9	20.7	46.4	54.4	
19.7	28.0	29.9	22.8	21.5	29.3	20.8	21.8	
37.3	54.1	27.1	42.8	20.4	28.5	46.8	26.8	
27.2	25.1	28.9	18.1	21.2	23.6	29.2	22.5	
15.7	27.6	33.3	28.5	30.2	40.2	16.8	22.7	
40.1	28.6	23.6	27.4	55.5	37.3	28.1	11.5	
10.7	15.4	14.1	30.5	18.1	18.1	16.6	23.8	
19.2	26.7	51.8	22.6	27.9	43.4	29.7	21.1	
17.9	11.8	32.1	26.0	18.1	12.9	16.0	19.8	
42.8	94.6	36.2	57.6	41.3	40.0	50.6	51.2	
39.5	39.7	19.4	40.5	33.6	54.0	35.8	40.9	
20.4	34.3	40.9	33.7	22.9	22.8	29.2	23.3	
37.3	50.9	40.6	20.0	47.7	44.7	34.3	45.7	
18.0	38.8	41.7	20.4	13.2	26.0	17.8	30.2	
17.6	20.2	40.5	42.5	30.9	23.1	26.8	16.7	
23.1	32.5	29.9	30.5	26.6	29.5	39.8	35.5	
34.9	44.4	26.1	29.4	28.9	37.1	33.8	36.3	
28.9	21.3	30.8	20.8	28.5	25.9	28.2	25.9	
32.7	34.8	41.5	24.2	23.0	22.6	22.9	13.2	
34.3	76.4	52.5	52.3	32.7	41.6	39.7	63.9	
23.9	15.6	27.5	12.3	23.2	42.1	22.7	29.2	
41.0	21.8	37.8	30.0	33.3	40.9	28.4	41.2	
49.7	33.6	44.8	52.4	45.9	45.4	55.3	41.2	
49.8	56.5	77.7	45.2	44.3	96.3	62.1	42.6	
24.9	32.7	27.1	26.2	27.9	23.3	17.0	21.8	
36.1	45.3	39.6	25.7	36.9	37.2	25.9	44.7	
27.0	39.3	35.0	38.2	28.5	25.2	36.0	19.1	
22.8	42.5	36.2	30.0	37.3	16.8	32.8	26.5	
28.2	24.4	27.1	27.6	33.7	44.6	22.4	21.1	
40.3	43.8	48.3	28.2	25.4	28.1	37.4	49.3	
13.8	8.5	13.4	13.5	11.9	8.8	16.2	9.2	
85.9	55.8	83.0	76.5	58.2	94.5	62.4	32.3	
22.8	26.3	26.1	38.1	30.6	40.0	31.5	32.4	
52.8	25.8	36.8	40.1	35.7	26.7	42.6	61.3	
36.6	26.8	22.0	34.2	39.6	32.0	31.9	21.0	
43.0	35.3	40.6	35.1	44.3	23.4	52.4	39.4	
23.7	19.1	26.1	23.1	21.3	19.4	33.6	32.7	
23.6	24.1	12.7	18.2	29.0	31.3	36.1	25.1	
29.2	19.7	20.1	20.0	21.9	22.2	22.4	14.2	
30.9	33.7	25.6	24.6	29.7	36.8	30.7	42.7	
49.4	55.9	43.7	39.5	51.4	79.0	31.1	65.2	
33.7	32.9	26.7	44.0	63.6	45.7	45.4	27.4	
24.5	22.7	30.4	38.7	23.1	60.5	19.4	29.2	
32.7	21.4	45.6	41.7	37.2	68.5	36.7	36.9	
25.6	18.2	24.5	16.2	15.9	20.6	26.7	27.2	
27.8	31.1	27.9	27.9	27.0	15.4	55.5	28.7	
27.7	68.7	54.0	27.8	32.6	48.1	37.0	47.9	
45.3	44.0	26.6	47.6	34.6	15.3	37.1	32.7	
40.7	51.0	25.5	47.7	56.9	40.5	43.3	38.6	
32.0	48.9	33.8	29.7	42.9	40.6	33.7	31.8	
21.7	20.0	27.3	34.0	19.9	28.6	24.0	28.9	
49.8	34.4	60.0	18.4	43.4	34.3	64.9	53.6	
38.6	66.1	28.2	30.2	41.3	32.4	19.8	33.9	
25.2	22.3	39.7	22.6	39.2	18.5	27.1	28.4	
14.6	15.2	16.9	13.9	22.5	15.1	13.5	19.4	
37.6	36.4	20.6	22.0	55.0	39.6	29.3	44.9	
33.8	36.7	36.5	26.5	24.3	19.1	37.1	21.0	
22.7	29.3	19.2	40.2	13.8	44.9	45.0	22.2	
29.7	26.1	25.4	22.6	27.5	23.5	26.1	19.6	
32.5	20.7	29.1	20.3	38.8	18.5	21.6	19.3	
23.3	27.5	25.3	40.7	25.5	26.3	32.4	15.8	
13.7	22.3	17.7	13.8	10.4	11.5	20.7	16.0	
17.7	17.5	34.1	22.1	26.9	24.1	34.2	23.8	
39.1	46.4	24.6	34.0	36.6	44.1	32.9	23.7	
63.6	46.7	53.7	30.7	51.3	74.9	42.0	64.6	
27.9	37.2	36.4	47.1	41.2	48.4	18.8	33.9	
30.6	24.1	49.6	56.9	59.4	44.2	42.7	46.7	
29.1	16.6	16.8	34.9	13.5	18.8	14.2	10.0	
36.9	44.1	61.0	35.1	55.2	52.3	62.7	42.3	
39.6	30.1	32.5	24.2	40.5	32.4	37.6	43.5	
20.1	36.7	25.8	33.7	26.9	44.0	55.0	41.3	
23.8	19.9	38.5	31.2	29.2	42.8	32.5	31.6	
31.4	52.0	22.9	28.4	49.5	34.7	44.0	30.9	
22.7	31.3	25.2	22.5	25.2	26.8	22.3	23.1	
49.9	19.6	38.3	24.8	27.1	35.4	31.7	45.9	
42.6	39.1	33.2	16.0	24.3	42.4	22.4	51.1	
26.5	27.3	41.6	63.5	21.7	40.4	31.6	26.8	
42.2	18.6	65.5	34.2	37.8	25.2	40.9	46.6	
28.7	16.5	24.9	23.2	40.9	27.8	34.3	26.0	
42.5	47.1	47.4	40.6	21.2	25.1	34.6	46.6	
32.9	38.4	34.0	30.7	19.4	21.3	25.1	50.3	
18.9	46.0	84.6	36.4	43.7	20.2	24.4	35.8	
50.4	21.6	24.8	21.7	31.7	44.7	24.8	31.2	
30.1	38.1	20.1	24.4	25.2	29.2	18.7	16.9	
26.0	25.8	14.8	25.5	34.4	27.8	35.6	20.1	
26.4	15.7	22.2	19.5	18.3	18.5	19.8	29.6	
43.1	27.1	60.9	29.1	30.9	44.4	49.8	51.1	
28.0	55.4	38.6	40.9	42.4	21.7	39.3	22.9	
25.9	29.6	38.4	31.9	21.6	32.6	31.6	33.3	
19.1	25.5	32.2	57.2	34.3	65.3	51.9	54.6	
60.7	39.4	41.5	34.7	41.5	23.9	16.7	26.0	
44.9	47.2	51.5	31.0	26.3	49.4	54.0	37.9	
26.7	66.1	25.1	62.2	25.1	31.1	30.1	55.1	
36.9	22.1	28.9	26.7	23.9	27.3	33.4	29.3	
14.8	12.1	11.6	10.8	11.3	15.8	10.7	10.4	
28.0	16.3	31.0	22.3	34.9	19.1	18.4	13.5	
28.8	33.3	33.3	26.7	29.2	34.3	28.1	36.4	
65.9	30.5	50.9	43.8	36.2	44.3	64.8	65.1	
37.7	39.0	37.9	46.6	34.5	43.7	50.5	37.3	
28.6	19.7	34.7	44.9	34.1	34.1	46.4	44.4	
46.2	27.2	22.0	25.8	24.6	34.0	29.1	36.9	
14.9	43.9	33.6	31.8	33.8	37.7	24.0	24.4	
51.7	54.2	31.6	51.6	33.3	42.8	45.8	28.6	
33.0	48.2	35.2	34.3	49.6	50.7	49.8	39.0	
54.6	62.2	52.9	45.9	70.0	32.9	41.8	67.1	
55.7	50.5	41.5	49.7	66.9	48.1	53.9	70.1	
33.2	32.3	51.5	41.7	39.4	33.3	28.0	82.9	
50.8	53.5	35.4	37.9	33.1	48.4	26.3	33.1	
63.1	67.7	48.1	45.8	50.6	33.4	64.7	44.7	
28.7	14.3	19.3	14.4	28.3	19.7	23.1	11.5	
52.1	51.9	38.3	31.7	28.2	42.6	19.8	31.7	
61.2	27.1	33.9	36.4	36.2	50.1	49.3	39.0	
45.3	36.1	27.2	28.0	41.4	36.8	34.4	27.6	
23.6	37.2	23.2	16.7	22.2	23.0	33.1	15.7	
17.3	30.9	31.8	24.8	36.7	28.5	21.9	34.4	
17.4	23.7	33.6	33.2	45.8	21.9	22.6	39.4	
18.2	24.0	39.2	45.9	28.0	20.2	37.7	27.1	
20.9	14.7	24.9	23.5	16.0	26.9	16.4	14.9	
20.8	34.1	35.4	31.4	25.4	9.1	22.6	44.1	
18.4	33.6	26.3	14.6	25.3	21.1	32.5	35.2	
34.6	49.1	43.9	40.8	48.0	52.3	48.3	58.3	
44.9	24.6	26.5	47.9	55.1	40.2	35.9	28.5	
19.1	16.1	20.3	24.7	23.5	17.5	18.0	32.1	
50.2	27.0	30.2	37.1	32.8	43.6	33.2	41.7	
43.7	75.3	61.4	29.1	49.0	25.6	52.0	56.1	
16.6	14.4	22.2	14.0	21.5	17.7	14.4	19.8	
63.4	46.2	60.2	59.2	57.6	39.7	43.4	38.4	
29.2	17.8	20.5	20.2	16.1	12.5	26.8	22.3	
49.3	32.7	38.5	32.1	31.8	25.1	33.8	30.4	
39.3	25.0	35.6	42.6	54.5	52.8	51.1	80.3	
23.1	29.7	28.5	22.9	32.0	27.5	25.1	39.1	
97.6	56.1	64.4	54.5	92.3	52.2	48.1	71.1	
34.2	43.7	21.2	20.9	25.0	40.6	70.9	45.1	
53.4	16.1	31.9	27.3	18.0	49.3	29.9	25.9	
98.4	21.7	82.7	73.4	82.9	44.4	51.8	37.1	
