53.6	72.0	40.4	51.6	67.5	43.9	59.8	53.8	
42.8	32.2	24.7	27.0	40.8	38.9	52.2	34.5	
31.5	25.3	42.5	50.5	37.5	30.7	23.9	22.1	
34.7	28.3	47.7	24.8	38.1	17.9	41.2	26.0	
44.4	26.2	52.4	43.1	38.7	47.7	33.3	35.5	
32.9	41.0	34.2	33.3	54.2	33.0	38.1	26.8	
39.0	70.1	52.5	51.2	73.4	31.7	48.6	44.9	
45.6	26.2	42.6	33.0	31.4	36.0	27.1	40.2	
69.2	55.0	32.5	54.2	39.0	47.2	41.8	29.0	
59.4	57.0	26.2	50.3	71.0	33.0	30.4	29.0	
12.7	19.5	23.8	33.1	34.8	21.1	20.0	55.8	
18.1	30.7	15.7	31.0	36.5	22.5	29.8	32.5	
41.7	34.0	19.6	40.3	38.0	26.2	28.0	37.8	
17.8	11.0	18.4	27.2	17.9	21.0	17.5	9.6	
31.4	52.6	75.9	58.9	55.4	63.0	39.8	25.7	
23.0	14.0	23.4	51.5	32.3	34.2	34.0	26.4	
43.4	21.5	50.9	33.7	42.0	32.1	35.9	27.9	
38.0	47.6	25.1	31.1	38.4	32.0	33.3	39.6	
54.6	32.4	32.5	37.8	62.3	40.1	75.6	43.1	
31.7	38.8	43.3	40.8	22.8	24.7	56.2	31.1	
28.8	22.0	25.9	47.8	55.2	28.8	20.4	35.3	
42.7	29.9	54.1	48.3	55.6	48.8	71.8	54.6	
61.3	50.5	95.9	59.5	54.8	44.5	71.4	73.2	
43.3	20.3	44.4	40.4	37.1	29.0	49.3	39.6	
36.4	28.4	37.4	38.9	29.3	66.4	37.9	30.4	
18.4	38.0	35.2	41.7	35.0	36.4	32.7	36.7	
34.1	39.0	72.5	29.5	14.1	31.4	26.5	24.7	
72.5	89.2	45.5	65.0	33.4	67.4	53.9	58.0	
75.9	37.7	41.7	71.4	54.9	63.2	41.0	24.2	
20.1	40.9	35.3	17.2	47.1	36.6	29.2	30.3	
21.5	16.7	32.6	24.2	25.0	39.3	32.0	20.1	
30.2	29.4	18.2	26.7	26.1	14.7	19.4	37.0	
25.4	39.2	37.9	17.9	49.2	41.3	31.1	45.6	
31.2	34.2	21.1	21.0	42.6	36.8	34.6	24.5	
58.7	38.5	36.5	42.7	29.1	39.9	65.7	32.9	
32.8	36.0	22.7	29.0	25.7	38.4	24.3	11.5	
31.2	19.8	36.8	47.8	46.3	28.0	48.0	35.0	
30.0	46.8	21.1	28.2	29.0	50.8	29.8	29.4	
38.1	67.5	89.8	72.5	67.2	60.1	48.3	47.7	
30.1	24.5	43.0	58.4	35.6	43.0	27.4	33.2	
37.4	24.5	21.1	22.8	20.0	28.2	31.8	30.3	
48.6	39.3	49.4	50.2	54.7	80.4	51.9	57.6	
27.2	37.9	37.6	63.9	45.6	50.4	36.4	35.4	
39.2	20.2	31.3	45.9	17.5	44.6	39.3	39.1	
41.1	28.7	34.7	30.1	35.3	39.0	34.6	24.0	
57.9	20.2	22.0	23.8	27.9	40.4	22.0	18.7	
73.4	47.7	41.2	39.6	38.7	51.2	65.5	40.5	
28.3	9.3	28.0	30.9	49.3	28.8	34.2	29.3	
36.9	34.8	30.5	54.9	28.1	35.7	37.6	34.8	
22.3	29.6	30.5	27.9	19.7	23.6	31.9	26.0	
30.0	17.9	23.7	19.2	21.7	19.4	16.3	25.7	
27.0	27.4	29.9	22.3	28.9	25.9	21.2	28.6	
32.7	47.7	59.0	40.9	48.5	65.9	28.6	45.7	
40.5	58.8	53.1	37.9	48.5	41.4	45.8	43.9	
34.9	22.8	45.4	32.2	33.3	27.8	43.8	17.9	
68.9	47.7	53.9	53.9	53.9	30.6	102.7	66.5	
16.4	18.7	20.3	23.1	15.6	15.8	18.5	20.2	
31.8	35.2	40.6	46.5	32.1	29.3	29.7	42.2	
29.4	20.5	32.7	22.5	23.9	16.3	23.7	35.6	
24.2	51.7	35.9	26.0	30.4	41.1	27.1	28.5	
27.9	19.2	26.2	28.1	34.0	25.1	19.6	25.1	
58.3	44.0	54.5	24.2	51.4	36.0	43.3	69.7	
37.0	38.7	32.7	43.5	47.2	37.6	37.0	21.0	
56.9	79.3	58.4	49.1	42.7	51.4	42.7	54.1	
34.7	27.7	36.3	61.4	23.2	24.8	15.7	13.7	
16.4	20.1	15.4	13.1	10.1	15.5	18.2	16.1	
22.7	17.1	21.6	15.9	21.3	21.8	25.6	22.0	
33.0	24.6	34.4	47.2	42.3	22.4	28.7	23.7	
35.5	18.8	37.3	33.4	26.0	52.4	26.0	27.7	
27.9	19.8	27.5	19.0	27.3	29.1	31.5	17.0	
35.8	47.6	35.5	42.2	33.7	24.1	38.5	33.6	
26.7	18.7	26.9	24.2	32.4	37.9	22.8	34.5	
25.2	24.6	26.1	39.8	29.3	24.6	26.5	31.2	
64.6	53.0	103.8	79.8	89.0	92.8	82.2	66.2	
52.9	23.8	66.6	51.5	30.9	39.1	33.5	40.6	
47.0	34.9	24.3	19.6	20.6	24.8	34.3	36.8	
34.7	38.4	32.4	39.9	47.1	33.2	28.9	26.4	
30.4	57.8	34.1	41.1	56.0	31.7	54.6	35.5	
41.1	42.7	33.0	29.1	46.3	35.5	31.5	22.9	
20.9	31.1	31.4	26.1	34.1	51.6	29.7	20.4	
24.8	21.9	28.3	41.1	20.6	21.3	28.1	27.2	
55.2	38.3	37.7	56.3	43.4	71.6	59.4	48.0	
99.4	31.7	54.6	35.7	45.0	72.9	51.7	70.7	
62.8	57.5	55.1	52.4	35.5	34.7	61.0	49.4	
27.4	34.7	45.3	32.7	38.2	35.8	38.5	30.3	
45.4	35.3	26.8	42.1	42.8	31.9	31.8	37.2	
45.1	24.4	53.3	25.4	48.7	75.8	54.4	44.0	
38.4	56.0	39.2	42.1	34.4	39.8	25.0	31.9	
34.2	21.7	68.4	61.1	29.9	45.7	75.9	42.5	
62.4	45.8	45.5	39.1	41.6	41.5	43.2	29.1	
6.6	11.1	15.6	13.5	7.1	10.8	15.0	15.1	
51.9	28.9	29.7	31.1	42.2	44.6	45.5	46.6	
13.8	19.0	19.7	14.7	20.1	22.1	30.2	18.9	
47.9	46.8	54.1	33.5	40.2	36.9	49.0	42.1	
45.8	22.0	44.3	31.5	23.1	68.3	36.4	40.8	
58.1	20.3	36.6	57.7	23.4	30.2	32.7	26.2	
29.6	22.4	32.5	28.9	46.5	26.4	40.2	17.9	
21.4	12.9	14.4	14.6	25.6	14.1	10.1	21.3	
20.8	25.6	30.4	31.6	38.4	33.0	28.8	30.6	
21.6	7.1	18.6	25.6	14.6	17.7	27.6	14.1	
12.0	12.7	9.0	11.0	6.9	16.4	15.9	24.5	
38.4	67.0	60.7	50.9	45.0	32.5	62.9	41.2	
31.7	23.0	18.2	27.8	25.5	30.0	20.6	28.9	
18.9	34.3	56.2	26.0	17.5	27.8	34.5	39.2	
23.3	13.4	14.3	18.4	25.5	13.4	15.1	21.0	
55.0	71.7	51.6	38.4	36.2	40.9	55.4	50.2	
27.2	32.3	28.2	20.5	26.8	33.8	43.8	36.1	
52.5	28.7	31.6	25.0	28.5	31.9	40.6	36.4	
23.8	22.6	39.3	17.8	20.9	32.2	27.3	32.5	
29.8	22.9	24.5	33.3	26.8	25.4	21.7	27.4	
59.9	64.1	26.2	61.5	55.7	37.6	33.5	70.3	
29.6	31.4	25.9	25.4	34.8	56.8	19.3	43.6	
21.2	33.3	36.5	28.3	20.0	31.1	29.6	33.2	
34.5	31.9	34.3	25.9	51.1	17.4	27.5	16.1	
19.1	16.7	27.9	15.8	27.8	15.4	22.5	14.1	
43.1	50.1	48.2	34.3	45.7	24.8	33.8	36.0	
30.5	26.9	36.6	50.9	10.9	32.8	43.9	51.7	
36.8	34.7	27.4	33.7	24.3	49.2	35.1	42.8	
29.1	31.4	26.3	25.6	38.5	16.9	35.0	27.7	
34.0	23.8	42.4	43.3	28.7	36.4	18.6	27.3	
33.0	35.3	22.9	23.7	40.5	17.9	26.8	26.0	
49.9	29.6	33.8	37.4	49.3	22.2	45.8	38.7	
46.9	45.2	84.6	54.1	38.3	50.5	61.7	69.9	
20.7	19.4	29.8	26.2	39.1	26.4	29.8	32.2	
36.3	26.2	36.5	36.3	36.1	20.3	25.4	27.9	
19.6	32.7	33.7	31.1	33.0	31.0	14.0	30.3	
34.5	47.9	56.1	70.1	62.2	33.4	60.5	74.0	
53.1	62.0	57.8	53.1	87.9	68.1	65.1	82.8	
44.1	41.4	51.0	36.9	34.8	43.1	41.6	45.2	
27.7	28.1	17.1	31.4	46.8	33.6	18.0	21.5	
37.6	60.2	52.5	40.7	57.7	59.5	57.3	42.6	
18.9	10.9	13.3	6.0	16.5	12.0	10.8	11.3	
45.1	51.7	48.7	34.6	32.5	40.7	47.1	41.5	
45.3	35.9	48.3	29.4	50.4	42.7	39.1	48.4	
25.5	18.1	26.6	43.8	26.6	32.2	28.3	18.4	
22.6	43.5	34.0	31.7	27.3	25.1	18.0	25.1	
22.4	20.8	42.6	19.7	26.7	28.9	21.0	26.7	
28.1	37.0	56.6	43.1	49.9	28.3	40.8	22.5	
34.6	40.9	52.6	42.4	51.0	35.7	46.9	30.2	
36.8	33.7	21.2	26.5	11.9	28.4	21.6	21.9	
37.0	27.4	41.1	26.5	44.9	57.7	39.0	15.6	
44.1	29.3	31.5	44.2	15.8	50.8	33.9	39.2	
22.0	35.4	30.1	26.1	27.6	26.2	43.1	19.5	
20.3	36.2	57.2	41.1	31.3	34.4	22.2	24.7	
33.4	57.7	27.8	18.9	25.6	66.6	33.6	43.8	
51.4	21.5	22.4	21.9	23.3	31.1	28.4	24.0	
21.1	30.4	32.0	19.9	41.9	57.9	37.0	38.3	
31.1	30.2	45.7	52.3	47.0	29.5	32.5	39.5	
40.6	23.0	64.4	32.0	46.3	62.9	37.6	34.3	
32.8	33.0	36.2	26.4	39.1	36.3	36.8	32.5	
30.4	36.0	44.2	30.5	22.3	27.1	36.3	20.4	
45.8	47.9	34.4	45.8	52.1	41.1	51.8	21.3	
22.7	23.8	34.9	28.6	29.9	31.7	27.3	19.5	
47.5	57.0	33.4	83.8	34.3	57.7	36.2	55.8	
23.8	49.7	57.9	69.8	18.0	49.8	33.1	46.3	
21.0	19.6	17.9	32.2	20.1	16.9	29.5	30.8	
26.2	24.1	10.8	17.6	35.0	24.4	28.2	39.3	
31.4	35.9	27.0	18.6	33.5	44.0	18.3	30.5	
23.4	19.9	22.5	24.0	21.0	32.5	18.9	20.3	
29.5	22.2	31.4	26.5	33.9	37.8	23.9	31.0	
16.5	19.2	16.0	18.2	15.2	9.2	18.4	19.3	
26.6	29.2	64.7	32.5	33.9	34.4	20.8	41.9	
39.7	34.0	50.0	44.6	56.1	31.3	25.0	32.7	
42.4	53.6	20.1	35.2	42.8	45.3	28.7	20.6	
17.0	39.4	49.4	52.0	46.3	25.4	32.9	37.5	
36.6	27.2	16.5	28.4	18.0	32.5	25.6	24.6	
45.2	43.5	22.6	39.0	56.0	37.3	36.2	38.0	
21.3	25.8	40.7	29.1	28.8	60.3	48.2	35.3	
31.6	21.0	24.9	28.9	45.7	37.1	22.8	37.7	
29.8	28.5	29.0	22.6	26.9	32.0	28.1	29.4	
48.9	30.3	39.9	47.3	38.1	30.1	41.8	24.3	
36.0	43.5	24.6	26.3	15.0	29.7	23.5	16.1	
31.6	32.4	11.7	15.9	18.4	15.1	38.4	24.7	
74.8	52.9	23.6	81.2	27.6	65.9	49.6	36.6	
25.5	23.1	20.6	17.0	33.5	25.3	23.4	24.1	
17.5	18.1	37.2	34.3	33.9	32.6	29.1	21.1	
17.9	28.5	27.2	20.0	24.5	20.1	21.4	33.3	
58.0	58.5	17.9	61.3	56.7	35.4	46.6	41.7	
26.6	23.1	33.6	26.6	33.6	30.0	42.3	35.1	
48.7	45.6	23.0	47.9	39.2	43.4	33.6	37.8	
21.6	25.3	26.8	14.6	26.6	23.3	13.0	25.5	
30.1	19.5	31.2	41.0	38.2	30.7	27.3	21.4	
31.7	18.5	19.2	11.3	15.0	26.7	30.5	32.5	
28.9	34.6	34.4	33.4	41.1	43.9	17.5	29.4	
55.3	31.7	49.5	24.9	55.3	49.1	43.1	51.0	
24.8	36.4	26.6	48.2	29.6	20.9	61.2	46.8	
37.1	60.8	39.9	48.5	27.1	42.4	70.2	55.0	
25.0	24.0	19.3	16.3	12.0	15.7	24.5	28.3	
16.2	18.7	14.3	16.8	21.7	10.8	11.9	17.7	
32.4	39.4	49.2	35.6	36.3	39.7	29.9	29.9	
32.8	29.7	33.6	41.9	39.3	27.5	38.8	36.5	
41.0	43.4	54.5	50.9	43.2	43.7	59.8	35.7	
30.5	29.5	34.7	22.7	32.4	24.3	30.0	31.9	
24.2	19.4	33.9	25.5	25.6	9.8	14.4	21.9	
14.4	10.2	10.7	20.0	12.4	26.6	12.4	11.4	
30.1	26.3	31.0	15.9	31.8	29.0	32.0	26.4	
17.3	22.6	18.0	24.5	42.5	17.3	18.9	13.7	
44.9	33.1	32.5	32.5	31.9	28.4	40.3	21.2	
40.4	28.4	18.0	23.6	29.4	30.3	21.0	18.7	
20.8	36.9	30.1	21.1	25.2	23.2	25.8	13.8	
13.9	29.8	26.9	22.2	20.3	16.3	16.7	15.0	
22.2	22.2	31.1	21.0	26.4	20.6	15.2	21.6	
25.5	53.6	44.9	56.5	35.3	47.8	42.4	45.3	
52.3	33.3	27.6	43.1	44.0	31.8	25.4	36.8	
26.4	31.6	44.9	31.1	23.1	24.9	29.1	26.7	
39.8	20.7	35.2	36.7	23.2	41.8	45.3	33.7	
23.2	35.3	18.1	29.9	47.9	21.8	30.4	19.7	
50.4	29.2	33.1	19.8	34.2	37.0	50.7	22.5	
28.5	49.3	46.2	46.1	30.6	40.6	32.9	45.3	
16.1	17.5	10.2	23.1	28.6	23.9	26.3	34.6	
57.1	57.4	60.5	33.0	42.5	33.8	66.7	39.1	
24.9	32.5	28.6	25.6	17.9	31.8	17.7	31.0	
26.6	17.4	14.8	34.4	33.6	39.7	22.0	22.5	
30.6	44.5	42.3	24.6	34.6	53.2	49.6	43.8	
47.5	45.5	42.6	28.7	70.9	35.7	26.7	56.8	
23.0	33.6	26.2	32.6	51.1	31.4	48.5	26.5	
55.1	51.1	40.8	36.5	51.5	33.2	30.5	26.9	
51.6	26.1	35.2	30.8	26.3	55.2	41.9	42.8	
19.5	24.0	36.4	32.1	24.8	22.1	25.9	32.5	
18.1	46.8	31.1	32.4	41.5	68.1	46.3	66.5	
22.7	28.5	40.8	50.2	32.0	28.6	40.3	28.2	
56.4	25.4	32.3	31.3	22.0	36.2	38.4	35.4	
30.2	22.1	25.6	20.2	25.0	28.5	21.8	23.4	
9.1	19.3	13.1	11.9	18.6	15.9	21.4	12.1	
47.0	23.4	28.2	47.7	15.3	30.0	46.1	23.4	
35.0	23.4	19.0	23.2	32.7	19.6	26.1	49.3	
37.7	26.8	44.8	27.8	38.5	28.0	24.1	35.2	
22.0	32.8	28.2	26.7	25.7	35.6	29.9	30.3	
32.9	19.2	33.4	23.7	47.0	23.1	26.4	23.0	
39.1	36.7	74.4	44.7	41.0	22.7	47.7	23.1	
28.7	53.0	28.5	42.8	44.0	32.8	25.4	50.2	
21.1	16.7	19.1	16.5	19.6	31.7	25.6	13.3	
11.0	25.8	20.4	24.1	17.2	16.9	19.9	19.8	
17.3	34.1	19.0	25.8	33.0	24.3	19.0	25.8	
32.6	48.5	44.2	34.8	28.2	32.2	35.0	43.6	
38.3	30.9	31.2	34.8	37.4	34.0	15.6	30.0	
33.6	34.6	20.8	30.8	24.5	16.6	21.8	38.1	
12.8	13.1	17.8	11.6	17.5	16.6	11.8	13.9	
42.1	66.1	77.0	54.1	27.2	55.7	55.5	30.8	
32.5	45.4	34.3	29.9	54.8	20.0	40.2	24.6	
41.0	40.6	28.8	57.3	42.2	37.7	50.3	22.9	
35.8	43.9	44.3	30.6	50.0	35.5	33.6	63.9	
37.4	32.6	30.7	57.2	31.4	20.4	37.8	33.4	
59.0	64.1	70.2	63.7	51.9	30.4	67.1	41.1	
33.2	30.2	30.5	37.0	19.9	42.6	45.8	22.0	
29.2	21.1	27.3	29.0	24.8	37.3	29.3	38.6	
28.8	48.1	51.7	38.3	28.0	33.4	27.1	37.8	
18.8	29.1	26.0	48.4	29.5	14.8	23.4	20.2	
39.9	56.8	55.9	45.8	37.0	38.0	56.3	34.7	
36.1	34.6	27.6	28.6	44.7	37.2	63.9	34.3	
21.3	53.0	35.9	93.2	47.6	78.9	49.2	63.1	
25.3	22.2	35.7	27.7	35.7	15.4	37.5	16.0	
28.8	41.8	46.3	48.0	19.6	48.5	74.2	41.5	
34.9	31.0	37.7	34.4	20.6	43.6	20.9	20.6	
32.0	27.9	45.3	22.9	30.3	32.7	26.8	24.0	
13.9	7.0	14.3	11.6	25.8	22.2	18.6	13.6	
13.3	12.8	11.7	8.4	6.3	17.1	15.2	10.2	
30.5	22.0	15.5	33.6	29.0	16.8	24.5	26.2	
13.1	24.1	20.1	25.5	23.8	28.7	15.7	16.8	
16.7	10.8	29.5	25.0	27.9	20.9	33.3	26.9	
33.2	53.4	38.8	22.6	25.8	23.5	23.4	35.4	
58.0	41.0	70.2	43.0	42.8	37.4	37.1	49.2	
28.9	25.0	31.1	28.1	27.2	16.7	17.0	11.0	
18.5	23.0	28.2	36.6	15.5	10.5	13.5	17.3	
55.3	37.1	35.8	39.7	22.1	23.4	31.3	30.6	
50.2	36.9	23.6	29.8	25.9	24.3	30.3	44.8	
23.3	41.2	36.5	46.3	26.2	23.7	38.9	44.4	
22.8	35.0	19.3	25.7	23.1	30.2	39.2	36.9	
22.9	17.0	17.4	14.2	12.1	26.5	10.0	18.4	
41.4	58.8	38.4	48.4	51.1	84.9	23.3	40.1	
29.1	17.6	37.9	50.2	34.5	19.1	36.3	26.1	
47.1	27.0	35.8	25.1	29.2	30.9	23.5	37.8	
96.8	76.0	58.0	78.0	50.0	36.2	45.6	50.0	
20.6	23.1	34.4	43.1	38.7	60.5	33.7	31.9	
43.0	61.7	36.0	45.3	72.3	43.5	40.7	47.0	
43.9	44.9	56.4	56.1	27.6	35.4	56.5	65.0	
65.7	70.6	42.9	55.3	34.9	45.6	40.7	31.4	
50.7	39.4	24.9	29.5	40.3	34.8	27.2	36.1	
25.4	24.3	19.0	47.3	22.5	20.1	16.6	21.8	
24.7	21.9	20.6	29.0	18.7	41.7	28.6	29.8	
34.5	29.8	18.2	28.9	37.2	64.8	14.3	33.7	
48.5	34.6	13.2	33.1	22.9	29.2	43.9	30.4	
72.2	67.2	35.8	68.7	29.8	29.3	28.1	28.9	
22.1	26.5	27.1	51.2	30.4	44.1	35.8	36.7	
32.0	31.2	37.9	39.4	49.3	39.1	30.4	52.5	
32.9	19.3	29.2	33.9	39.5	18.3	36.2	37.5	
16.3	9.3	19.3	20.7	20.8	16.9	12.2	16.5	
37.7	47.1	45.7	46.1	50.4	32.6	40.1	41.0	
22.3	17.9	20.1	19.4	29.8	17.4	27.4	19.4	
47.9	31.3	36.0	42.2	46.4	62.5	39.2	38.9	
45.1	52.6	37.5	50.2	57.8	41.1	31.4	31.4	
10.0	30.2	10.2	27.9	23.5	33.5	17.0	17.8	
24.8	42.9	30.3	42.4	29.4	20.9	26.0	30.1	
34.1	26.3	29.7	32.8	25.6	38.6	19.2	16.9	
24.8	36.1	23.0	28.7	21.3	38.8	17.7	27.4	
31.4	14.8	24.0	40.6	34.0	22.2	20.7	37.6	
32.8	34.1	34.8	40.1	45.9	30.8	52.1	41.0	
29.9	22.4	17.2	22.4	20.0	20.0	28.4	41.8	
56.9	53.9	50.3	52.8	44.5	69.7	62.5	47.8	
28.8	18.2	22.8	35.9	33.5	41.5	23.8	19.6	
75.4	43.1	48.1	66.5	47.3	67.4	45.3	29.7	
47.3	35.9	30.6	32.2	29.5	17.5	25.0	26.3	
16.3	30.9	27.2	32.5	25.4	25.9	17.1	35.0	
26.5	43.0	32.3	48.2	37.0	46.9	27.7	29.6	
12.6	22.3	18.2	34.5	19.7	25.5	26.8	32.0	
55.9	35.1	34.8	37.6	48.7	35.1	54.6	50.7	
33.1	53.3	34.8	39.0	27.2	35.3	31.0	17.4	
64.0	34.0	29.4	29.6	32.7	17.3	31.1	28.6	
30.0	16.6	25.6	27.3	38.8	29.8	18.5	26.3	
29.9	30.9	37.8	39.3	36.5	22.2	44.6	42.6	
47.5	59.7	46.3	49.3	44.7	30.1	43.2	27.5	
24.4	44.1	27.6	29.2	29.4	33.6	42.8	43.5	
30.0	39.3	39.6	47.6	22.0	43.5	38.5	49.6	
28.9	19.0	13.5	18.5	10.8	32.9	37.7	32.0	
34.5	18.3	31.1	34.3	43.1	38.2	39.0	23.2	
16.7	39.3	26.8	46.6	20.7	28.4	45.1	28.4	
35.0	38.1	36.4	44.6	25.7	55.7	44.8	27.0	
25.3	33.7	36.6	37.3	22.6	25.7	27.3	29.3	
43.3	53.8	33.1	32.9	32.5	52.8	40.4	21.1	
23.8	21.4	27.5	33.2	44.6	9.8	34.0	28.6	
19.4	22.9	17.8	19.7	18.7	23.0	16.8	36.9	
39.4	32.2	29.8	34.3	38.8	38.1	33.0	48.2	
54.6	40.0	40.3	69.3	65.9	47.6	51.9	44.3	
23.3	17.6	19.0	37.7	22.7	21.2	22.0	34.5	
41.9	37.2	34.9	44.3	29.1	42.8	41.1	29.5	
25.1	21.4	25.5	26.8	39.9	34.8	24.8	21.8	
27.4	23.9	12.1	24.4	21.8	25.7	17.9	19.3	
21.0	29.5	24.0	36.7	25.1	31.0	33.6	21.3	
26.3	26.0	34.2	35.5	29.7	31.7	16.8	37.5	
15.6	27.3	15.9	26.0	43.0	30.9	26.5	21.9	
22.6	34.6	45.9	46.1	31.3	26.5	29.1	24.0	
35.6	23.2	35.3	48.3	40.4	43.4	43.0	40.1	
28.0	23.2	20.1	21.5	25.3	35.7	43.4	38.4	
36.1	41.8	40.8	50.2	37.2	37.1	37.6	44.1	
35.8	39.8	27.7	39.0	24.8	32.4	35.1	23.8	
34.0	41.8	18.7	28.2	22.4	28.4	32.7	30.2	
17.9	29.1	12.4	14.9	14.6	20.0	15.2	26.8	
31.0	22.8	17.4	31.1	20.9	34.0	38.1	31.1	
36.3	36.2	26.2	28.4	16.3	29.7	48.8	29.0	
32.6	42.7	27.7	44.8	17.9	31.9	60.0	35.8	
52.8	44.3	46.9	54.3	86.2	73.2	49.9	59.1	
61.1	58.3	28.5	41.6	26.9	60.0	44.1	39.3	
33.4	22.5	15.1	19.6	29.0	31.1	25.4	20.9	
40.1	17.7	25.1	42.6	27.1	36.4	47.5	26.5	
22.7	23.7	20.8	20.7	16.2	32.6	29.7	31.6	
21.4	24.5	23.8	40.8	47.6	31.7	35.0	57.5	
12.6	15.9	17.3	19.6	11.8	19.5	24.7	22.5	
31.6	34.6	34.4	47.2	28.1	18.7	22.6	19.3	
35.6	20.7	29.6	39.1	27.7	32.2	28.0	24.0	
23.3	27.9	34.4	45.3	32.8	37.5	40.8	30.5	
31.1	20.9	11.8	19.8	27.2	20.0	27.4	27.1	
24.8	24.8	25.6	25.0	34.8	10.6	58.6	24.1	
35.5	30.6	36.0	55.3	49.9	67.0	20.1	46.8	
26.7	23.6	27.8	33.0	42.8	32.8	38.9	46.7	
18.8	26.3	20.4	26.6	18.0	28.4	26.7	15.1	
20.8	29.6	26.2	28.1	23.5	29.5	21.5	35.1	
25.3	21.5	33.8	49.1	55.6	34.7	31.4	23.3	
37.3	21.3	12.3	37.2	25.3	17.4	27.5	27.6	
16.4	32.7	26.5	30.4	40.8	16.4	16.0	31.7	
25.4	21.6	21.2	29.1	19.7	21.5	37.8	23.0	
44.5	31.5	39.2	55.0	57.5	52.5	65.3	57.7	
32.4	45.0	49.2	63.6	65.1	47.9	66.7	47.2	
11.4	14.4	14.7	18.0	19.3	13.4	12.2	9.6	
21.8	20.2	9.1	17.0	28.0	12.5	12.8	16.9	
40.4	43.2	38.1	40.3	41.0	31.5	21.4	23.7	
98.5	59.3	71.8	74.1	77.7	82.7	53.2	53.4	
29.3	31.3	22.6	26.7	36.1	29.2	29.5	23.5	
25.9	26.3	13.9	22.9	12.8	27.6	20.6	23.1	
36.6	44.9	29.0	34.3	67.0	55.6	29.0	43.9	
42.6	44.7	24.4	32.8	51.1	30.9	37.8	68.2	
11.0	16.2	11.8	13.6	15.3	8.7	18.3	19.8	
20.9	24.4	32.3	37.6	50.2	22.3	52.4	35.7	
36.5	27.4	13.5	33.9	25.0	33.9	26.7	28.4	
19.1	24.0	17.3	34.4	18.4	20.9	14.1	21.3	
44.5	21.3	15.5	58.2	23.5	23.6	18.3	17.2	
36.1	39.5	21.4	33.9	25.3	26.2	37.0	16.8	
19.7	14.3	14.2	33.0	18.2	30.1	15.3	23.4	
18.5	24.7	15.2	31.6	30.7	40.4	27.4	29.6	
45.7	40.5	34.8	36.5	34.5	47.3	18.7	21.9	
40.6	17.4	23.5	41.4	32.0	41.8	31.9	32.1	
59.6	34.1	43.3	63.7	40.1	32.1	40.1	42.2	
22.6	20.7	22.9	28.7	41.4	19.9	25.2	29.1	
40.6	26.1	36.9	46.2	49.6	29.9	37.5	28.4	
23.6	26.8	25.1	28.0	26.1	27.0	28.2	20.0	
29.2	36.3	23.3	33.0	22.8	30.4	37.0	23.8	
53.1	46.9	44.3	60.2	33.0	58.9	36.1	49.3	
39.7	49.0	39.7	57.4	51.2	30.0	34.9	36.4	
21.2	33.1	32.3	36.8	30.4	25.7	39.0	38.1	
29.1	31.3	27.4	35.3	25.4	19.9	32.5	18.9	
33.2	74.1	25.8	33.4	32.5	31.6	32.9	23.7	
22.2	33.3	22.9	24.4	23.3	26.6	50.1	26.0	
43.9	29.4	44.3	55.7	50.5	21.7	46.1	37.6	
18.5	22.6	12.1	19.2	16.7	27.4	27.7	33.2	
34.4	47.7	40.8	43.4	42.1	28.5	39.8	35.7	
32.1	58.6	27.3	44.1	23.5	59.7	37.1	45.5	
38.0	22.1	19.3	26.8	36.6	28.7	35.9	30.5	
23.9	41.3	24.2	45.8	33.1	32.2	35.4	33.6	
25.6	19.0	17.5	23.0	14.3	12.0	30.8	9.3	
23.8	47.9	22.5	30.6	37.5	30.2	38.5	45.2	
36.5	26.5	26.7	36.8	22.4	35.8	30.9	28.2	
40.5	11.2	27.1	30.6	36.1	33.2	29.1	28.4	
21.2	16.6	25.5	26.5	19.5	17.0	21.2	23.2	
33.0	18.7	20.5	24.6	39.7	16.3	18.3	23.6	
59.9	39.0	33.6	34.7	39.9	46.9	32.9	41.5	
37.8	42.0	21.5	29.2	31.8	39.0	40.6	37.4	
14.1	18.7	29.8	35.6	19.6	26.0	28.9	19.0	
25.4	15.5	22.8	26.2	24.1	31.0	24.1	37.4	
30.0	22.0	19.4	20.9	22.3	13.4	21.8	24.6	
37.5	28.5	28.5	39.1	21.5	45.4	38.1	20.6	
19.2	31.8	20.0	24.3	31.4	21.2	17.5	26.9	
51.9	56.4	39.2	54.3	46.4	51.7	32.0	43.3	
22.1	23.8	19.9	20.9	26.8	26.2	23.4	20.9	
18.4	20.5	36.4	66.1	25.6	32.5	38.8	44.4	
29.3	45.2	21.6	26.7	42.0	36.6	37.3	37.6	
15.1	37.8	13.9	17.3	23.0	15.0	20.8	24.0	
32.4	30.7	45.1	47.6	48.6	57.1	48.2	56.5	
18.9	21.8	16.8	24.6	17.1	17.1	21.1	24.8	
23.9	25.5	21.3	23.5	22.6	47.2	22.8	25.7	
26.7	34.2	57.5	65.2	32.7	39.2	46.6	44.2	
30.2	28.7	16.9	44.0	27.1	17.9	20.6	23.2	
24.0	52.0	21.9	49.8	38.3	56.8	37.6	34.2	
40.0	42.4	34.3	56.4	80.6	50.8	60.0	35.7	
29.9	27.3	19.0	39.1	44.6	34.0	29.8	23.1	
32.3	20.1	22.4	27.7	24.1	20.4	17.3	22.7	
26.1	39.7	27.0	29.4	44.8	32.2	28.3	29.4	
39.6	91.3	34.6	56.4	69.3	34.2	30.7	98.6	
33.3	28.5	17.5	30.2	27.3	32.8	26.2	24.0	
26.1	40.3	27.6	39.0	34.3	22.6	39.3	44.4	
35.9	50.8	45.1	58.6	35.0	43.4	31.2	58.8	
68.3	54.8	38.9	47.8	39.9	39.2	23.3	70.6	
11.0	9.7	6.0	26.2	12.6	8.6	13.4	17.0	
12.8	47.5	14.9	14.6	21.5	25.8	24.9	27.6	
26.6	16.8	27.4	32.1	27.7	34.7	21.3	16.9	
71.5	55.4	34.0	45.2	68.9	50.5	68.8	29.7	
23.2	14.9	13.2	22.7	23.3	27.3	16.9	20.0	
31.5	22.8	37.7	40.1	50.3	32.7	33.0	33.1	
38.6	34.2	23.5	36.4	24.9	22.1	20.8	42.7	
61.1	39.1	47.7	58.7	59.7	30.3	30.4	40.7	
23.9	21.0	10.6	32.3	31.4	22.2	27.1	33.3	
56.7	29.5	27.4	47.4	33.7	37.8	31.0	47.2	
28.4	28.3	16.5	30.4	28.0	28.5	26.2	45.6	
42.7	19.8	20.3	29.4	27.1	22.6	22.7	40.1	
68.3	42.7	46.3	65.2	49.2	16.5	48.6	43.2	
69.3	60.8	19.4	54.5	39.7	59.5	51.5	41.0	
35.8	29.3	26.7	74.9	26.3	50.4	43.2	38.5	
62.4	51.7	23.0	46.4	35.9	45.4	45.9	41.9	
14.0	23.4	14.8	51.8	13.9	21.2	32.1	26.5	
25.7	43.0	39.7	58.3	33.1	41.0	35.1	33.6	
25.3	21.7	24.2	31.2	19.8	22.7	11.8	17.9	
36.2	48.0	40.6	56.2	40.9	63.7	46.4	43.0	
34.8	44.6	33.1	54.8	25.4	27.6	37.0	30.2	
29.8	29.7	22.5	30.7	40.2	32.4	32.5	31.2	
45.9	40.5	27.6	39.8	47.4	11.9	60.7	57.4	
29.8	29.5	26.2	30.3	20.9	25.1	29.5	26.9	
27.2	31.6	25.0	31.4	47.9	21.6	46.3	61.0	
52.7	30.7	22.2	51.8	54.8	26.6	40.7	46.6	
40.6	51.3	15.7	28.4	26.6	44.9	34.0	42.8	
92.4	54.4	69.6	77.5	68.4	65.0	51.5	81.0	
32.3	20.3	22.2	26.6	23.7	27.3	37.3	28.4	
39.3	33.8	29.1	34.5	19.5	51.7	43.6	32.2	
60.9	29.9	23.1	31.4	27.9	50.9	48.6	45.1	
34.7	41.3	34.6	39.1	18.0	22.1	33.2	35.8	
43.8	30.0	32.5	44.1	26.8	26.1	30.3	46.4	
47.0	45.7	28.4	48.4	23.9	37.1	18.7	45.4	
25.8	32.6	38.3	40.3	21.7	34.3	36.1	30.4	
38.3	19.8	16.2	31.4	28.9	26.7	42.9	23.4	
20.0	18.1	21.3	24.1	18.7	19.8	11.0	24.3	
18.6	29.6	20.8	32.6	18.2	25.2	15.4	22.5	
37.2	48.2	22.2	47.6	32.1	58.2	49.3	56.0	
39.8	35.3	41.5	57.0	34.9	45.1	66.8	50.2	
26.5	22.6	30.4	32.4	47.6	46.9	36.3	26.2	
35.6	37.4	26.7	37.4	32.0	34.0	27.9	19.1	
13.2	12.7	12.3	16.6	13.3	17.8	15.8	12.1	
40.0	30.5	38.8	52.8	40.1	31.5	48.3	38.9	
34.9	36.8	35.9	65.2	58.3	33.5	39.1	38.7	
17.5	17.3	26.2	28.6	21.7	26.4	27.8	13.0	
40.5	38.5	31.0	59.3	25.3	21.1	24.0	51.7	
22.5	17.0	20.7	26.5	41.9	18.6	44.1	28.9	
51.9	27.2	28.1	65.7	28.5	33.3	59.4	49.0	
20.8	26.2	23.1	28.3	18.8	19.6	18.1	14.2	
36.3	18.0	21.4	27.1	23.0	41.0	28.1	44.2	
69.7	45.8	37.5	42.1	76.7	64.9	81.0	45.0	
46.9	35.2	17.6	39.9	21.9	21.6	35.5	26.3	
61.9	67.0	25.7	42.5	37.5	40.1	29.7	65.0	
36.6	40.0	39.8	40.9	27.4	23.0	12.4	38.3	
54.1	68.2	45.0	63.3	25.0	66.3	66.5	42.4	
39.5	28.5	40.4	66.4	29.9	38.2	60.7	81.8	
19.4	36.4	54.8	65.3	73.5	46.4	60.4	36.6	
34.7	30.6	32.5	38.2	29.4	18.4	42.0	27.2	
57.3	21.9	26.6	51.4	29.6	29.9	43.7	26.3	
28.9	50.5	38.3	43.3	40.0	33.3	26.5	32.5	
42.8	35.5	32.7	35.6	25.6	20.4	52.0	26.1	
16.4	28.3	24.7	32.5	17.3	16.5	34.8	13.4	
33.4	32.0	25.4	25.2	18.2	21.4	21.2	25.4	
35.4	33.6	24.6	31.2	36.5	38.3	33.5	49.0	
34.9	57.3	36.2	37.9	40.9	39.9	38.0	54.9	
41.7	28.6	30.2	37.7	44.1	37.3	35.3	35.1	
50.0	55.8	29.7	31.0	33.1	23.3	31.4	23.8	
68.6	51.0	36.5	69.7	51.0	57.8	46.7	39.0	
30.8	34.0	25.6	45.2	44.0	38.5	33.0	18.4	
21.2	16.9	15.8	27.6	33.5	30.8	28.4	22.1	
44.8	44.4	19.1	43.7	69.9	48.8	28.4	27.9	
41.7	43.9	19.8	19.7	38.0	39.9	45.9	30.2	
21.7	12.6	8.3	21.9	20.6	23.9	15.8	17.0	
20.7	26.3	15.7	20.9	20.4	24.1	11.9	15.8	
34.7	37.4	21.5	27.5	23.1	26.0	41.2	45.7	
43.7	30.6	22.2	43.1	47.3	45.1	64.1	31.9	
47.6	61.7	27.9	36.6	34.0	29.4	25.9	49.9	
40.4	44.4	36.7	56.7	27.9	27.7	37.9	31.7	
48.9	28.5	31.9	39.9	44.3	24.4	34.7	21.2	
63.2	41.2	33.1	51.3	21.5	28.2	33.5	58.0	
55.1	46.1	60.7	60.8	35.1	64.2	51.4	68.1	
23.4	24.6	38.5	56.4	48.8	32.6	51.3	33.8	
66.2	44.3	44.5	83.3	50.1	67.1	41.3	91.1	
29.1	27.5	39.4	40.2	45.1	51.1	37.6	34.3	
58.9	46.1	48.0	52.6	45.6	49.5	69.2	39.1	
43.0	55.6	22.8	43.2	51.3	42.6	25.6	42.1	
54.0	53.6	38.0	48.8	48.5	50.6	25.5	40.3	
40.3	60.7	39.8	61.7	40.7	36.5	69.2	59.2	
94.2	66.4	54.8	59.6	64.2	67.6	42.7	22.9	
35.8	43.8	35.0	42.2	33.6	25.1	28.8	58.5	
31.9	20.2	30.6	29.9	41.2	35.5	26.2	41.2	
24.0	30.3	22.1	57.9	29.7	51.6	15.7	33.4	
62.0	61.3	30.4	77.7	73.0	81.8	75.7	58.2	
31.1	76.4	28.8	41.1	56.1	52.0	22.2	53.7	
42.9	27.8	34.7	39.2	59.5	50.5	35.2	64.1	
48.3	39.6	31.0	31.5	44.9	40.1	48.2	23.7	
43.6	26.7	32.0	32.8	27.4	24.4	54.1	29.7	
52.7	29.3	22.3	30.9	30.7	31.0	35.9	26.5	
25.4	40.0	56.5	66.1	19.5	60.1	63.1	86.3	
35.5	37.2	18.9	24.1	31.4	19.7	25.9	28.2	
40.9	28.0	46.2	50.2	40.1	47.8	37.8	63.0	
35.3	24.0	29.1	31.3	16.1	13.7	24.4	21.0	
50.4	82.6	41.9	114.2	49.1	55.4	74.1	59.5	
32.0	28.2	35.5	37.4	31.5	21.9	25.4	37.1	
89.3	41.5	39.6	86.1	33.2	45.3	24.6	85.8	
51.1	68.9	51.3	59.8	60.7	48.1	54.8	30.0	
50.2	47.7	19.0	54.2	50.8	51.0	25.4	37.8	
35.3	57.3	57.1	58.9	23.3	27.4	43.9	65.8	
53.4	36.4	32.9	64.8	39.9	34.7	56.5	39.7	
33.7	27.3	28.7	42.3	22.5	17.9	32.8	23.4	
38.6	35.7	41.0	49.6	30.0	25.9	48.4	28.2	
49.3	31.8	30.4	39.0	27.8	22.2	20.9	35.6	
23.3	36.0	28.5	44.0	39.5	21.3	41.2	25.1	
19.1	22.1	18.5	21.0	27.3	30.4	34.0	43.3	
15.0	37.8	26.6	26.9	29.5	24.7	40.8	31.8	
62.3	37.6	40.9	44.6	77.5	28.7	63.5	36.3	
34.1	52.4	21.8	49.8	48.7	42.2	45.5	33.8	
19.6	22.2	18.7	21.9	25.8	23.4	25.3	34.1	
17.5	33.2	35.3	38.0	29.8	22.6	31.9	32.8	
46.8	62.1	36.9	46.6	51.1	32.8	46.9	49.4	
34.0	31.1	32.0	33.8	25.3	45.0	36.7	33.5	
14.7	34.6	22.8	26.5	29.5	33.3	20.9	29.0	
31.5	18.8	14.4	22.4	12.7	31.7	23.2	15.5	
69.2	37.8	36.2	47.2	33.4	46.5	32.2	34.2	
48.6	37.9	58.9	63.4	43.8	52.3	51.0	20.1	
48.4	45.7	37.0	74.3	49.7	57.2	38.2	46.3	
37.9	56.9	42.4	55.8	71.6	31.5	50.3	31.0	
15.8	24.3	19.1	12.6	22.8	9.3	23.4	16.3	
25.0	40.8	23.0	34.3	40.3	31.4	30.9	23.3	
34.9	35.0	45.0	36.1	46.7	49.9	61.0	63.8	
30.4	61.8	36.0	40.1	41.0	47.1	35.2	38.7	
45.5	44.0	51.5	58.8	44.0	29.6	50.2	45.6	
25.2	10.9	25.6	10.1	18.6	36.7	32.8	19.7	
45.7	27.9	33.9	23.7	24.6	38.5	21.5	29.4	
24.5	31.1	21.2	20.9	20.2	25.6	28.9	19.9	
30.8	42.6	44.9	40.1	39.9	23.4	49.7	25.6	
32.9	35.3	79.4	22.9	38.2	30.9	30.3	24.4	
47.4	18.1	28.9	24.4	31.2	30.9	37.2	24.4	
36.2	77.5	24.8	23.6	20.8	30.2	65.4	40.5	
26.3	27.5	38.2	35.6	31.1	21.9	26.3	27.3	
64.1	45.1	37.3	50.7	60.5	51.5	58.2	39.3	
23.1	21.3	34.6	9.0	16.4	19.0	10.0	13.4	
20.1	39.6	34.1	46.0	25.3	30.2	21.8	35.9	
29.1	15.4	30.6	25.7	34.2	47.2	28.9	39.5	
16.6	16.9	21.1	24.1	19.5	22.5	23.8	33.1	
46.5	21.0	42.9	32.1	27.6	25.6	29.0	20.7	
30.6	29.6	16.5	26.0	36.5	18.4	42.4	8.9	
42.9	14.7	21.5	28.6	19.9	31.4	38.5	36.5	
21.9	16.1	9.7	15.0	15.7	13.8	9.2	17.4	
13.0	16.3	20.5	34.2	24.1	15.9	17.8	20.6	
36.5	62.5	49.9	58.1	57.9	93.2	55.9	60.8	
34.3	30.8	40.6	59.9	34.7	44.9	35.0	37.1	
54.2	50.7	53.7	40.9	41.7	27.5	45.7	40.1	
45.9	30.3	41.4	40.2	17.0	25.9	26.4	24.7	
20.3	31.2	21.6	27.2	20.6	37.9	27.9	27.2	
33.2	27.4	18.6	26.3	15.5	21.4	14.7	14.4	
20.2	14.6	20.0	21.9	21.9	13.1	24.1	30.0	
46.6	71.3	43.2	43.7	58.8	27.1	32.9	54.6	
27.8	14.7	29.7	39.7	24.8	27.1	16.1	18.9	
43.7	22.1	24.3	12.0	27.9	36.2	32.0	46.1	
25.4	41.6	27.2	53.6	25.0	29.4	40.5	36.3	
51.8	32.8	20.3	49.8	42.6	37.0	49.4	38.1	
31.0	16.7	29.1	35.1	20.3	22.7	34.0	25.0	
50.2	25.9	51.0	39.3	54.8	35.2	78.4	20.2	
42.6	24.2	39.4	17.8	43.8	43.7	39.3	22.8	
15.8	17.9	20.9	28.3	20.8	18.9	14.4	16.3	
20.2	35.7	55.5	56.5	39.0	31.5	53.7	23.7	
31.4	45.2	34.4	33.2	28.7	31.3	32.9	36.2	
28.7	20.3	21.6	18.8	23.6	15.6	21.4	19.4	
11.3	17.2	25.6	23.4	27.8	25.1	16.4	18.8	
36.9	23.4	36.0	43.1	27.8	39.5	68.8	25.5	
39.1	37.4	50.6	43.6	31.5	32.6	47.2	30.5	
25.9	12.8	10.9	24.6	13.0	24.0	29.0	20.3	
38.8	25.5	43.1	35.1	39.3	35.1	41.2	58.0	
34.3	21.5	29.3	23.4	30.1	29.4	18.6	15.9	
40.6	43.1	38.6	22.8	36.5	30.2	42.2	25.4	
27.4	24.5	34.0	23.6	46.6	47.1	51.5	17.9	
42.6	52.9	18.2	34.3	40.8	29.9	35.2	27.3	
31.9	24.3	19.0	18.9	21.1	26.7	20.7	25.9	
28.6	31.3	26.9	25.5	25.9	11.9	24.6	13.6	
40.1	48.2	44.4	39.7	37.1	61.3	61.2	57.5	
41.5	40.7	41.7	30.5	24.9	20.6	39.2	36.1	
47.8	52.3	50.7	48.0	59.6	48.3	46.2	56.3	
25.4	20.5	27.8	29.9	28.6	17.9	24.1	45.0	
68.9	37.9	78.0	29.7	51.6	51.6	75.0	50.1	
50.9	49.5	22.7	60.7	36.1	38.7	43.2	26.4	
46.5	63.3	42.1	33.7	40.3	41.4	50.7	58.4	
26.8	42.2	48.7	30.9	39.4	54.4	44.7	36.5	
35.8	59.1	51.8	37.2	39.2	67.0	51.8	48.7	
59.3	32.8	22.8	34.5	32.6	51.6	54.8	57.9	
71.1	64.8	46.3	61.5	34.3	16.9	49.1	37.6	
55.8	73.0	65.8	68.7	46.9	48.9	28.9	59.9	
27.6	26.9	34.9	20.1	32.0	29.6	18.1	29.0	
20.9	29.9	46.6	27.0	32.6	37.6	43.4	53.4	
23.9	45.0	36.7	33.6	39.2	35.5	37.2	53.8	
54.0	32.7	43.6	33.4	27.0	36.2	39.3	24.9	
26.0	17.7	20.6	18.5	20.7	21.5	23.9	24.9	
30.4	23.9	28.7	21.1	23.2	26.2	34.2	32.4	
88.3	44.9	61.7	43.6	34.1	50.8	48.5	57.8	
19.9	29.8	40.4	43.7	55.7	15.8	28.4	48.6	
25.7	24.2	21.4	20.0	26.2	20.2	14.8	11.3	
8.4	16.2	31.5	17.6	12.9	7.5	14.3	17.0	
16.3	39.8	40.8	36.0	36.1	22.7	30.4	37.4	
55.9	18.8	29.6	35.8	35.5	60.5	39.0	36.0	
38.0	27.8	42.4	44.8	42.7	35.5	30.1	30.3	
21.5	15.0	25.0	27.0	11.2	29.2	24.8	26.9	
18.3	42.1	40.1	38.7	25.2	23.2	31.4	20.7	
33.6	18.9	23.9	23.4	19.5	16.8	19.8	18.4	
62.6	36.9	31.7	32.2	70.9	26.8	48.1	43.8	
43.4	34.7	30.5	44.6	43.6	47.9	18.6	45.6	
44.2	29.1	57.4	51.8	81.3	59.9	36.2	74.6	
28.0	17.7	49.1	44.5	21.2	49.4	25.2	20.5	
41.6	61.4	29.9	44.5	63.5	56.1	52.9	74.4	
40.7	41.0	29.8	35.1	30.4	39.6	14.4	12.2	
15.5	18.9	26.1	44.7	35.8	32.2	15.6	28.7	
35.4	41.7	55.9	55.8	47.4	40.6	62.4	39.3	
20.0	34.5	24.2	23.7	23.8	22.1	16.7	19.0	
35.7	23.3	23.2	25.3	13.8	21.9	19.3	21.4	
38.0	87.3	59.7	52.6	40.7	57.5	43.2	37.0	
36.3	16.6	21.6	33.6	19.2	18.7	24.9	40.8	
60.5	30.2	53.8	50.9	61.4	47.3	51.7	46.3	
47.3	19.0	44.3	50.1	36.2	42.8	39.0	36.1	
46.3	52.4	45.2	46.4	34.8	44.4	61.2	37.2	
46.8	31.7	26.2	26.4	28.1	30.3	36.6	22.8	
36.5	42.4	28.4	25.9	34.5	29.3	36.5	53.6	
28.2	29.0	35.1	35.8	49.1	22.5	41.0	33.1	
17.9	19.1	16.9	27.1	15.2	20.1	24.6	20.1	
52.1	31.7	41.0	37.6	31.7	40.2	60.4	42.9	
34.4	23.7	27.6	26.4	22.6	41.5	42.6	34.1	
45.7	66.4	34.3	47.1	40.6	48.3	51.7	55.6	
39.4	63.4	51.6	40.8	34.8	43.6	33.4	46.4	
82.7	69.9	45.6	60.2	106.1	67.7	31.9	50.6	
18.3	44.2	34.7	32.5	17.7	16.6	24.9	22.3	
25.7	22.5	27.4	13.8	17.4	21.6	16.9	19.8	
48.5	40.8	31.2	55.9	46.2	38.5	38.6	38.3	
47.6	50.3	55.4	50.8	38.2	44.4	30.3	36.6	
36.8	27.9	28.1	20.7	19.7	26.2	49.1	56.5	
30.3	32.8	19.9	32.3	23.4	26.6	27.8	21.3	
22.7	32.1	27.3	22.1	57.6	29.7	16.4	39.1	
14.4	16.0	15.9	14.3	16.7	20.7	14.4	16.6	
30.0	25.8	25.0	45.1	32.7	28.6	32.9	20.7	
24.8	23.4	35.7	17.0	16.7	38.2	41.2	18.5	
37.4	51.0	46.6	31.3	32.9	31.0	15.6	41.9	
49.3	41.4	20.6	50.3	39.7	49.1	20.4	32.3	
59.3	38.4	50.2	49.8	51.2	55.8	49.3	31.8	
18.8	47.1	43.2	25.2	40.5	39.8	40.2	42.6	
68.9	21.7	44.5	19.9	38.8	31.5	34.3	28.0	
40.9	25.2	47.3	37.9	61.3	26.9	43.0	46.2	
27.7	34.9	31.2	24.9	30.9	33.0	20.8	31.0	
30.5	22.3	15.5	30.5	25.2	40.2	29.1	42.3	
17.9	34.0	19.9	20.7	34.8	38.8	30.6	35.4	
29.9	37.7	39.7	39.5	42.4	47.4	56.5	49.2	
55.9	57.8	33.0	55.5	53.0	29.4	54.7	24.3	
37.5	29.5	26.3	42.4	27.0	32.9	50.3	29.8	
62.9	29.5	51.2	52.4	67.3	47.2	62.8	40.6	
49.6	34.7	35.5	29.4	48.7	34.7	61.5	57.3	
29.2	34.6	26.8	20.3	29.2	31.7	36.4	30.2	
44.3	40.2	60.9	33.9	49.2	48.1	41.8	72.8	
54.0	39.3	42.1	21.2	44.1	36.4	59.1	58.1	
39.3	23.0	50.8	41.1	33.0	46.4	37.4	41.4	
44.5	27.6	42.1	62.0	47.6	26.5	70.0	52.0	
23.8	27.9	49.6	41.9	29.4	37.2	37.6	33.8	
26.9	25.5	22.7	25.3	28.7	22.5	31.4	33.8	
19.8	34.2	28.2	22.9	26.2	19.1	17.0	45.2	
39.2	30.0	30.6	38.3	57.2	31.7	28.8	44.7	
39.8	43.2	30.9	34.4	42.4	46.0	33.3	35.6	
41.4	40.3	49.8	19.7	27.7	26.2	33.8	43.1	
22.7	39.9	28.3	20.9	17.2	23.3	37.6	31.8	
33.3	65.3	26.0	25.1	28.8	16.2	33.2	26.8	
15.8	18.5	35.8	26.4	19.7	23.2	23.6	38.2	
9.9	36.1	25.1	25.0	19.9	39.8	23.8	29.9	
25.5	38.1	51.0	43.6	25.0	33.1	18.8	37.8	
44.2	26.6	24.6	48.6	20.1	30.0	39.2	26.7	
25.9	37.3	23.9	24.9	33.0	13.6	17.4	29.1	
61.7	48.0	33.4	37.5	64.3	35.9	32.3	54.0	
26.3	58.9	39.3	46.1	30.9	27.5	36.8	38.3	
23.7	22.6	34.3	24.2	22.8	43.2	34.1	27.9	
24.5	32.9	32.5	22.3	58.6	52.7	56.6	38.6	
45.6	28.4	45.7	25.3	29.3	34.8	46.4	41.4	
23.5	30.5	35.4	22.0	33.6	26.9	31.7	16.9	
34.8	45.6	41.2	48.3	38.5	36.3	49.8	40.1	
65.4	54.7	49.5	40.8	79.0	41.3	40.5	44.1	
50.9	36.3	67.7	45.0	85.5	45.0	26.8	37.5	
77.0	33.0	28.3	33.3	45.3	44.0	42.7	21.7	
44.5	30.4	42.0	34.1	56.4	33.3	45.5	43.9	
33.9	32.8	57.4	37.1	38.9	43.9	57.0	31.0	
25.6	39.0	47.7	22.1	34.6	44.7	42.3	35.4	
64.4	41.9	53.2	57.2	56.9	37.8	41.2	48.2	
27.7	15.7	20.8	32.1	34.4	23.5	27.7	21.2	
24.3	24.0	13.4	13.3	29.1	16.6	25.3	21.1	
28.7	38.7	46.2	65.0	49.9	26.2	47.3	56.5	
27.4	20.9	27.2	18.2	32.5	29.6	20.9	17.0	
20.5	38.3	23.1	35.5	19.1	20.5	16.0	34.9	
54.6	63.8	32.7	37.1	52.9	41.4	76.7	28.2	
42.7	23.9	55.8	58.2	22.7	31.0	37.1	27.4	
24.9	28.2	37.3	32.7	64.9	22.5	38.3	31.3	
37.9	23.6	19.6	28.2	32.7	32.9	22.8	21.4	
37.8	43.3	26.9	27.8	28.6	38.1	43.2	53.0	
15.5	47.1	13.3	14.8	14.6	18.5	28.4	19.0	
16.4	30.1	25.5	33.3	22.0	24.2	26.0	20.4	
17.0	8.7	14.4	9.3	16.8	13.6	13.6	13.6	
24.2	26.4	68.0	33.0	35.9	52.6	29.1	39.4	
32.7	48.0	42.2	47.4	50.1	39.0	44.2	30.2	
58.5	65.9	27.4	47.1	41.8	50.2	20.4	48.3	
34.6	31.4	19.6	26.7	28.4	47.3	27.4	23.8	
46.5	36.5	31.4	35.8	26.6	50.0	62.5	49.3	
27.2	28.2	22.5	58.3	22.8	17.2	19.9	21.4	
40.3	65.9	50.2	44.9	56.6	44.3	28.5	44.4	
19.1	38.9	22.0	27.0	26.6	47.4	31.9	37.4	
14.0	20.8	30.9	26.5	21.4	23.0	25.6	23.3	
29.4	47.0	59.5	40.4	29.4	66.3	51.4	36.6	
25.3	25.9	28.7	14.3	24.6	16.5	18.9	17.1	
69.8	80.9	63.0	35.8	54.1	52.2	75.2	43.7	
18.8	24.4	20.8	23.1	30.5	19.0	22.2	20.8	
37.9	37.8	16.9	24.8	21.5	24.0	37.5	27.2	
33.3	29.2	41.2	36.5	32.4	38.7	41.7	31.4	
29.7	22.3	24.1	26.0	43.3	25.8	31.6	47.8	
23.3	32.9	47.1	44.9	52.9	32.5	46.8	41.9	
20.1	6.5	16.7	25.0	23.0	19.3	22.5	13.2	
26.7	31.2	41.7	49.5	34.0	53.8	48.6	34.1	
39.1	47.8	41.5	50.6	43.9	23.5	44.5	70.7	
29.4	20.1	33.1	25.4	36.7	32.6	38.2	23.5	
39.7	32.1	24.3	45.8	23.9	50.0	48.9	32.1	
73.5	34.8	55.4	26.0	33.1	30.5	30.8	30.1	
45.1	18.0	62.0	29.9	20.6	22.6	24.8	21.7	
45.4	64.5	51.8	36.7	35.7	37.9	50.9	41.1	
50.9	33.3	29.9	69.6	40.5	45.3	35.1	37.5	
31.3	22.7	21.3	26.9	42.6	23.3	23.7	27.2	
42.1	32.6	29.0	39.6	32.9	27.0	39.7	36.1	
25.9	20.9	26.5	39.4	19.4	18.7	33.3	32.0	
27.2	13.5	24.6	19.6	21.6	23.6	13.0	14.4	
49.4	35.8	28.0	38.2	54.3	50.7	55.1	63.7	
25.9	24.5	33.7	44.8	24.8	31.6	32.0	24.6	
45.5	58.4	51.2	68.1	111.6	52.4	62.3	62.2	
36.3	38.8	20.5	32.4	31.2	67.8	34.4	34.4	
23.2	56.1	55.4	33.1	44.2	43.4	58.0	82.8	
24.3	15.1	22.6	28.2	34.5	33.4	26.6	24.1	
37.7	27.0	37.1	42.6	31.5	16.1	23.0	21.7	
18.7	26.5	35.8	40.9	16.1	24.4	29.7	16.8	
38.8	44.0	29.7	51.7	23.2	27.1	21.8	41.9	
20.0	31.0	41.8	39.3	25.2	22.4	42.9	43.0	
47.9	38.9	37.3	32.2	20.1	27.8	25.1	41.1	
41.8	61.7	44.0	58.9	37.6	59.9	35.6	41.8	
43.1	35.8	23.2	22.8	42.4	35.2	22.6	33.3	
47.5	46.2	49.3	55.1	46.3	50.3	33.0	30.9	
37.1	39.8	21.4	14.5	37.2	41.0	24.6	23.4	
50.8	39.6	38.8	49.3	44.5	32.9	50.0	61.3	
25.1	57.4	65.4	24.2	33.6	38.7	50.1	63.4	
29.0	34.1	53.9	46.8	17.8	32.8	33.2	33.1	
11.5	33.2	33.0	22.2	18.3	21.6	39.4	31.3	
35.1	20.2	47.6	22.2	29.4	31.5	32.6	21.7	
42.5	69.4	67.0	58.5	54.2	35.0	53.7	35.5	
27.1	41.0	34.8	26.4	17.6	29.4	18.2	16.3	
29.7	41.9	25.4	48.5	37.7	40.9	32.6	34.0	
72.7	87.9	56.0	35.6	43.6	41.6	38.8	58.1	
25.9	34.4	33.4	20.8	33.8	31.1	25.4	22.4	
75.9	65.2	68.2	113.4	73.5	76.6	127.7	63.0	
26.9	28.0	21.7	19.5	22.6	27.5	25.8	23.5	
18.0	17.5	18.3	19.6	14.5	22.1	16.1	18.0	
11.4	12.1	19.1	44.1	20.0	15.9	10.2	12.2	
33.7	28.6	21.6	34.4	36.4	34.8	64.8	43.2	
42.1	27.3	31.4	35.7	39.5	44.6	41.7	15.4	
52.6	39.5	64.3	60.0	26.0	29.3	29.5	79.4	
19.8	26.5	35.1	23.4	15.1	22.7	26.1	18.8	
56.3	53.8	68.0	59.4	36.9	48.4	49.8	42.7	
22.8	43.1	13.9	24.0	21.1	22.9	18.6	30.3	
35.5	18.3	44.1	44.6	37.6	21.8	27.8	23.3	
57.3	57.0	51.1	52.9	34.7	62.1	47.1	33.8	
65.6	77.6	104.2	74.1	65.4	56.1	64.8	47.6	
33.1	35.6	22.1	27.0	21.5	23.8	48.6	26.5	
31.0	40.5	44.4	22.4	35.9	29.7	17.8	42.2	
13.5	10.8	19.1	19.0	18.8	15.8	6.6	20.1	
21.0	24.3	50.4	37.4	45.1	42.3	29.8	31.3	
32.6	25.9	37.3	21.7	27.9	33.5	26.7	18.9	
11.8	13.0	12.8	15.7	21.7	17.7	10.6	12.1	
39.8	40.6	64.8	59.7	49.6	25.5	31.2	37.5	
41.2	59.5	27.9	43.6	35.7	72.0	44.0	41.1	
17.1	17.6	18.1	24.5	22.3	16.4	17.1	20.8	
12.7	12.1	18.8	9.3	26.6	9.3	27.9	22.8	
15.2	19.3	20.4	15.2	26.3	19.3	33.4	31.7	
21.8	16.0	30.7	24.8	21.8	9.8	33.5	19.7	
32.2	23.8	38.3	29.9	22.1	32.3	19.4	20.6	
32.1	23.1	30.1	20.5	21.6	23.9	23.9	19.6	
36.2	35.9	24.1	29.0	32.3	50.5	22.7	31.5	
21.8	19.2	32.6	34.5	19.2	24.3	31.1	35.5	
26.3	47.5	33.8	34.0	32.9	58.7	16.4	25.5	
45.3	33.1	34.6	44.3	31.7	38.0	31.0	20.5	
29.5	23.2	31.7	31.9	41.7	27.1	26.5	15.5	
18.8	7.4	8.2	12.6	14.1	13.9	13.7	13.1	
45.1	46.9	31.1	66.2	53.3	23.5	16.3	37.3	
32.5	26.2	33.5	22.6	28.4	44.9	14.9	27.3	
53.6	43.9	32.7	29.9	33.5	28.3	35.1	47.4	
58.6	37.9	73.6	55.3	29.4	34.8	31.3	37.5	
27.0	44.7	30.7	31.2	63.5	27.9	27.3	46.5	
25.0	34.4	27.0	27.1	24.9	30.8	45.8	36.2	
22.6	27.9	30.7	36.8	49.8	32.8	26.3	16.2	
44.4	55.4	43.8	18.3	36.1	50.1	59.4	23.3	
23.3	21.4	24.4	30.1	15.3	22.3	25.2	20.0	
10.4	28.4	19.1	26.4	20.1	19.0	13.0	20.6	
18.8	17.7	16.4	13.5	18.0	12.6	19.7	15.9	
65.9	23.8	61.7	59.6	66.0	60.6	43.7	45.3	
36.3	68.3	29.4	53.4	40.3	25.9	30.9	80.9	
24.7	31.5	38.6	37.7	29.3	39.8	44.4	32.1	
25.3	38.0	30.4	32.4	32.5	39.1	22.9	24.5	
46.9	45.2	34.6	24.7	46.6	53.3	36.3	31.4	
43.1	51.5	44.1	46.5	52.7	27.4	49.1	48.5	
54.6	29.9	35.0	38.3	41.9	53.3	48.3	28.3	
27.3	39.0	43.2	43.6	26.9	16.4	41.6	21.0	
60.5	42.8	38.4	31.9	60.0	25.1	35.7	24.2	
48.8	49.3	38.9	40.5	38.6	23.2	29.0	18.6	
21.7	29.6	26.5	43.0	36.7	32.4	32.6	17.9	
22.5	22.6	26.6	15.1	30.0	28.1	31.6	22.4	
98.2	74.3	53.7	36.4	55.5	52.4	41.4	61.8	
31.4	31.4	26.0	37.7	42.0	60.9	39.0	26.0	
45.1	103.8	43.0	58.1	75.4	44.0	63.7	73.0	
29.0	19.9	22.2	22.9	29.8	13.1	20.3	22.8	
24.5	40.7	42.6	45.2	82.2	43.5	43.6	48.9	
58.2	31.8	46.5	49.1	39.9	24.6	40.4	33.2	
15.4	34.6	22.0	22.7	31.0	37.0	25.6	33.4	
24.1	34.0	23.5	39.7	47.4	40.8	51.0	40.4	
60.1	48.2	69.1	48.7	61.5	45.2	63.0	50.8	
22.7	20.6	23.8	22.8	25.1	17.4	26.6	33.7	
43.5	36.6	18.3	30.5	32.6	13.0	29.1	24.8	
36.4	45.5	39.1	30.5	40.9	38.0	36.1	41.2	
40.0	50.7	21.6	35.6	40.2	34.9	52.3	55.0	
23.3	36.8	25.8	28.3	38.3	34.1	34.6	22.2	
27.0	27.7	33.9	41.5	19.9	27.2	39.5	43.1	
58.0	51.9	60.9	71.6	50.8	31.9	42.8	54.5	
19.1	35.5	22.1	19.4	36.5	33.5	25.6	37.1	
23.0	47.9	31.4	37.5	44.4	29.9	40.7	40.1	
30.9	25.3	37.1	24.0	30.1	32.5	38.7	46.6	
21.3	25.8	33.6	13.2	26.3	28.0	32.7	24.1	
31.2	41.7	52.7	17.7	61.3	66.2	32.5	33.8	
20.7	25.2	44.5	19.6	50.0	31.9	43.9	29.5	
33.9	37.6	46.6	16.9	53.0	36.4	19.9	29.3	
22.3	14.3	24.0	27.5	27.4	15.5	28.4	18.8	
50.9	38.0	38.7	58.6	55.9	52.7	61.7	54.0	
22.2	19.8	8.7	23.3	29.2	33.8	30.3	24.7	
16.2	34.1	22.1	16.5	14.8	23.6	17.1	40.3	
76.0	88.9	24.5	43.3	66.7	39.5	73.3	39.0	
31.6	53.8	56.9	48.8	28.4	61.4	66.9	70.7	
26.6	29.0	15.6	22.1	16.1	18.9	20.8	26.0	
34.1	15.8	46.0	38.1	31.1	39.5	38.5	45.8	
35.2	29.9	40.4	41.9	22.1	47.0	19.7	72.4	
45.9	59.8	36.7	22.5	44.8	30.4	20.2	36.2	
35.2	44.7	33.9	31.7	37.1	30.7	34.1	50.8	
46.1	35.0	46.7	37.8	43.5	26.4	53.6	56.8	
28.6	32.9	36.5	40.7	42.2	33.7	36.3	19.1	
29.5	39.3	29.0	24.1	30.6	27.1	27.5	44.6	
34.1	32.2	50.3	18.8	16.0	30.8	19.1	25.5	
17.7	32.1	38.8	55.2	18.4	46.9	37.0	56.6	
33.7	43.7	42.6	34.8	31.5	33.3	30.7	39.7	
34.7	29.7	23.0	33.9	31.7	45.9	49.9	48.3	
25.2	37.9	40.0	24.1	46.3	38.2	34.2	21.1	
63.1	21.5	24.0	16.4	40.1	26.5	51.6	37.1	
36.2	42.4	83.4	32.3	39.8	64.2	40.1	33.1	
40.9	48.3	51.1	29.4	48.5	54.0	41.9	35.9	
57.2	52.1	58.4	70.0	53.8	41.7	47.8	76.2	
16.9	19.9	19.0	28.6	47.5	27.1	27.5	27.8	
47.3	32.0	48.2	63.4	77.0	74.6	39.1	57.7	
56.0	42.3	19.7	24.8	34.8	30.6	27.7	31.9	
21.6	23.4	24.6	23.8	18.7	31.3	28.1	14.1	
105.0	30.7	54.6	66.7	50.3	56.2	49.9	44.2	
49.6	23.0	42.9	18.0	38.9	34.0	24.6	35.3	
23.6	19.2	22.0	21.4	23.3	20.6	20.7	23.8	
60.2	39.7	59.9	61.3	37.2	91.3	89.1	52.2	
28.1	39.5	19.9	24.3	19.8	39.8	33.8	26.9	
17.9	23.9	36.7	25.3	27.0	31.4	25.8	38.1	
20.7	26.3	14.6	18.1	32.8	11.3	15.7	26.4	
35.1	30.6	24.0	30.7	43.5	16.2	37.9	38.8	
33.1	43.6	27.0	50.6	42.3	39.4	26.9	45.1	
35.0	28.6	26.1	27.5	33.0	32.9	26.8	8.5	
24.1	54.2	28.3	32.8	14.3	29.0	26.1	34.3	
20.9	18.3	11.9	30.1	12.5	11.1	13.8	19.2	
29.1	28.5	38.0	25.0	32.7	29.6	38.4	26.9	
38.4	17.8	32.5	29.9	26.2	23.0	51.3	41.9	
22.4	38.0	24.6	38.1	27.7	31.2	30.5	27.2	
9.3	10.1	15.3	14.0	14.7	15.7	12.1	17.8	
32.9	36.0	12.9	23.0	36.3	24.2	38.2	19.9	
13.5	26.5	22.7	24.1	31.0	19.3	21.8	35.9	
27.5	18.4	28.0	22.9	12.4	28.7	14.8	16.0	
21.6	33.4	28.8	33.0	39.0	28.5	29.8	23.0	
25.6	21.8	19.2	17.2	25.2	18.5	22.1	12.5	
40.3	33.7	30.2	39.5	52.3	41.9	44.5	30.1	
35.2	50.5	33.7	46.5	30.3	40.6	46.7	50.2	
28.8	21.1	16.0	27.8	15.6	21.1	22.9	20.5	
66.5	75.9	83.0	43.6	77.3	44.7	63.1	61.6	
44.1	38.0	32.8	31.8	58.5	33.2	58.8	53.1	
36.7	23.0	36.7	51.6	32.6	58.5	57.1	18.3	
27.3	50.7	30.1	44.1	34.2	46.1	43.3	44.3	
11.9	14.3	15.2	16.8	11.3	17.1	14.9	9.4	
26.0	14.9	30.1	33.9	19.6	33.1	27.5	19.2	
44.8	46.6	48.2	35.6	43.5	39.3	53.7	46.4	
36.1	29.3	24.2	29.7	29.0	31.8	38.2	33.8	
23.7	28.2	43.4	36.5	22.0	34.9	25.7	33.6	
24.9	27.1	44.5	20.1	33.1	47.6	38.6	45.9	
30.8	36.6	38.8	32.3	50.5	42.6	48.6	35.2	
54.0	28.2	30.3	46.3	14.8	28.2	27.8	27.6	
26.3	18.6	20.4	11.2	24.9	17.1	30.0	18.8	
31.4	34.4	54.6	65.7	42.8	20.7	36.5	47.8	
14.5	28.6	17.2	29.4	26.3	36.3	24.4	29.2	
62.8	74.4	62.1	60.5	53.2	120.3	69.6	71.2	
29.1	46.1	34.2	50.3	44.7	45.6	33.6	50.4	
26.9	26.8	48.4	31.4	26.3	24.2	32.9	50.1	
58.4	40.4	41.5	47.3	49.1	32.1	39.5	42.6	
32.3	32.9	41.5	22.2	29.7	34.8	32.6	38.1	
53.9	28.7	61.2	57.1	71.3	48.9	34.0	65.4	
50.9	35.3	23.3	46.0	65.0	52.7	64.4	27.5	
37.8	58.5	31.9	27.6	45.4	42.9	45.7	41.2	
23.8	21.0	39.3	31.6	33.7	32.3	27.0	34.6	
27.9	42.1	31.4	37.8	41.1	40.5	22.5	47.8	
43.7	33.8	26.9	33.5	30.2	35.9	32.7	39.9	
18.0	20.1	17.9	28.5	32.1	22.9	27.2	28.7	
31.5	43.6	58.3	39.8	49.1	89.7	76.3	46.4	
25.7	31.2	17.1	17.5	33.7	20.1	23.7	16.7	
49.3	49.2	54.2	34.4	47.3	24.4	36.5	23.5	
20.9	8.3	19.9	11.6	16.9	25.5	17.2	17.4	
42.7	40.0	31.1	35.6	55.4	35.2	37.7	35.2	
59.4	32.9	39.5	73.5	53.3	53.8	66.4	44.8	
33.0	29.7	48.5	44.9	37.4	29.2	33.9	51.1	
34.7	29.5	20.2	43.6	25.3	37.7	63.1	33.3	
42.8	21.0	35.9	34.1	42.1	44.2	27.8	39.0	
36.4	21.5	28.0	17.4	27.8	23.3	28.4	27.9	
12.0	13.6	22.2	20.2	21.6	25.1	20.1	18.4	
32.1	14.2	29.7	24.7	40.7	23.5	36.7	37.0	
25.6	26.2	33.6	25.3	22.2	34.8	33.4	24.9	
44.0	41.1	59.4	30.5	27.7	64.5	34.0	42.4	
32.9	38.5	13.9	38.7	30.3	41.5	33.8	44.5	
72.6	70.2	54.1	52.0	50.3	50.3	43.5	37.3	
24.4	37.6	28.9	52.7	25.4	35.3	18.7	27.1	
46.6	54.2	54.5	59.3	76.4	48.6	40.7	68.8	
31.1	14.2	21.5	17.7	8.4	26.1	13.8	21.2	
35.1	27.5	25.7	30.8	46.3	25.6	28.1	33.8	
42.3	48.3	26.8	24.8	29.4	37.1	43.1	37.7	
20.2	36.2	27.3	46.8	36.0	23.1	52.1	46.7	
44.3	63.6	33.0	30.0	32.4	59.9	43.3	32.3	
43.0	28.3	39.8	38.8	34.1	30.7	26.0	46.8	
18.3	18.2	18.0	16.2	16.1	26.3	6.7	16.5	
29.5	54.1	30.3	23.4	40.0	25.0	26.1	27.8	
28.1	41.4	46.1	70.5	45.6	48.0	62.4	83.8	
21.7	28.6	18.5	23.7	30.6	39.0	42.3	32.5	
20.7	18.9	29.5	29.3	35.1	30.2	34.4	36.0	
26.7	39.9	21.9	19.8	29.3	31.2	16.4	21.9	
30.8	36.6	26.0	23.3	47.1	30.9	34.2	19.9	
56.3	35.6	44.9	33.5	25.4	51.3	33.2	52.6	
27.0	36.8	46.1	26.4	46.3	44.6	23.7	30.8	
33.9	25.9	18.6	27.6	15.7	18.8	15.2	25.0	
43.9	21.2	33.8	32.7	32.7	31.4	49.8	36.6	
50.3	54.4	43.3	79.5	47.4	79.0	51.6	47.0	
52.7	59.0	45.7	33.0	43.5	38.8	46.2	47.4	
29.1	21.0	38.7	34.7	21.8	41.9	30.2	20.9	
45.3	38.4	26.3	28.3	23.7	35.8	26.5	30.2	
53.8	66.5	52.9	54.1	78.5	34.9	40.8	81.4	
33.5	34.4	68.5	52.4	23.8	30.6	51.9	47.3	
17.6	14.9	24.8	16.4	17.0	13.5	14.6	21.2	
44.6	42.6	32.8	22.3	41.4	58.5	38.2	23.8	
30.7	16.9	33.4	33.4	24.6	28.9	26.2	22.1	
32.1	28.8	44.4	53.0	32.6	48.6	34.9	30.4	
44.9	49.1	54.7	62.2	24.6	55.1	42.3	41.8	
34.3	26.7	30.0	29.7	26.4	33.1	30.1	26.0	
16.7	19.9	12.8	13.6	17.0	12.3	9.0	12.9	
29.1	42.4	36.0	35.3	28.8	41.7	63.0	54.3	
37.2	36.4	49.9	35.0	41.8	34.4	21.2	25.0	
49.2	28.7	21.4	30.6	55.7	37.8	54.7	28.9	
46.2	37.7	47.2	52.5	68.2	76.3	58.6	48.5	
57.7	37.3	34.9	54.7	63.1	60.4	32.5	36.0	
44.9	35.6	28.2	83.0	30.8	42.2	48.6	40.9	
21.0	15.3	16.7	19.0	26.9	35.7	26.0	19.4	
43.1	41.6	38.5	31.0	32.4	42.1	24.3	50.2	
40.0	34.1	34.8	41.3	51.8	36.1	34.5	44.3	
31.1	21.0	48.4	35.4	35.7	27.3	35.3	31.9	
41.7	36.3	52.2	42.3	44.2	43.6	49.2	74.5	
28.1	52.4	51.5	65.3	46.2	48.6	51.2	26.0	
44.4	41.7	60.0	16.2	48.3	42.9	57.9	38.7	
23.4	43.7	31.2	28.6	36.7	19.2	12.9	39.1	
15.1	22.1	15.1	13.0	9.1	16.5	14.9	13.5	
44.0	19.2	39.4	43.8	38.4	42.5	31.5	24.6	
20.1	43.9	28.9	37.1	30.4	50.5	47.4	19.0	
44.8	6.4	17.6	25.4	20.8	22.6	26.5	17.9	
27.3	39.7	49.5	46.1	32.4	49.9	30.2	49.8	
30.6	13.8	36.4	18.8	25.3	31.0	20.2	25.1	
33.6	36.3	30.0	46.6	39.1	46.6	35.0	32.9	
45.2	33.8	42.5	34.8	66.5	35.8	18.8	41.6	
56.4	31.3	34.0	28.5	42.0	30.2	34.0	27.6	
26.7	41.3	36.3	24.3	32.0	30.4	45.7	41.4	
22.4	26.8	28.3	19.8	35.0	28.3	29.3	25.0	
40.5	73.8	39.4	43.2	25.9	44.2	42.7	43.8	
47.6	39.5	73.1	31.2	36.4	96.4	46.1	61.9	
24.4	38.1	25.3	38.6	26.3	19.7	17.5	31.4	
27.0	39.4	30.0	50.3	35.0	26.3	40.6	33.9	
29.8	24.5	33.0	38.5	30.5	47.2	54.6	15.6	
30.0	35.4	23.9	27.5	31.1	18.5	31.9	34.9	
32.3	31.0	61.3	70.2	30.5	47.6	39.5	31.4	
