48.2	55.7	68.2	72.2	59.4	73.0	39.3	64.3	
41.3	45.1	31.8	32.1	33.3	30.0	46.2	35.0	
26.4	25.3	23.0	29.0	22.3	21.3	19.3	21.7	
57.4	43.3	26.9	40.0	34.8	33.5	41.2	39.6	
50.1	52.2	34.8	36.0	22.2	66.3	41.0	36.4	
34.7	36.2	27.1	20.1	25.5	20.0	19.5	26.6	
43.0	53.0	39.6	32.3	47.3	50.9	39.4	47.7	
28.4	34.1	28.0	25.3	40.0	50.6	19.9	41.9	
31.5	38.3	39.5	32.1	26.2	32.7	32.3	34.7	
26.4	48.7	40.3	26.8	37.3	34.7	42.7	39.9	
29.0	46.0	59.4	37.2	20.5	45.6	37.4	49.7	
55.3	30.5	64.7	66.6	54.5	48.6	29.2	29.2	
16.4	18.1	28.4	24.0	24.6	40.2	24.4	21.7	
49.2	45.9	37.1	34.1	51.8	52.0	33.5	52.3	
21.9	39.8	27.9	23.0	18.7	28.0	28.1	34.8	
47.1	28.7	24.3	56.4	34.6	28.1	51.0	40.2	
33.6	21.3	38.3	26.5	39.7	29.2	19.0	21.5	
36.2	62.4	30.3	24.8	35.4	47.4	28.7	28.8	
19.0	35.5	26.0	40.4	16.5	28.7	23.4	30.3	
33.9	31.9	24.6	17.0	20.2	22.0	35.3	20.4	
41.1	39.6	24.6	17.5	37.9	39.6	31.3	21.7	
32.7	52.9	32.9	30.5	43.9	51.0	66.7	34.9	
29.5	24.4	33.1	43.3	57.2	52.3	17.2	17.4	
31.0	41.2	36.5	86.1	52.7	52.2	53.0	38.3	
19.1	12.1	39.5	39.8	23.8	22.3	24.6	33.6	
22.8	34.3	43.3	40.1	27.4	40.8	39.6	27.9	
25.7	38.3	50.8	23.7	32.0	44.0	40.3	28.9	
45.4	34.4	44.7	32.4	56.4	30.3	60.0	59.1	
44.9	60.2	36.3	23.4	28.2	62.6	36.4	53.1	
25.4	27.4	26.9	15.3	25.2	22.0	30.0	27.5	
40.6	64.1	38.4	20.8	71.8	45.4	53.1	23.6	
35.6	41.8	49.7	26.2	34.0	51.8	44.5	81.1	
21.5	19.8	11.1	25.0	17.9	10.0	13.9	10.8	
27.7	29.2	20.0	30.7	41.9	35.9	24.8	41.9	
38.9	29.8	40.8	37.8	32.0	32.5	35.7	23.0	
31.1	29.8	63.7	30.1	30.4	45.6	42.0	27.6	
48.5	18.8	45.4	61.5	32.8	22.7	49.6	30.0	
24.1	31.4	35.1	23.4	13.7	45.6	23.4	24.1	
17.1	31.6	23.9	20.5	22.2	34.4	44.0	38.8	
16.1	13.3	28.7	13.9	15.7	13.8	21.9	16.2	
66.5	63.5	49.2	25.2	44.8	39.0	41.5	47.6	
24.9	53.2	32.4	53.8	39.4	34.7	31.5	50.1	
25.9	20.7	26.0	17.8	20.1	14.5	17.1	12.0	
45.4	32.5	47.2	24.0	46.2	33.4	36.7	42.5	
32.8	14.4	19.6	26.1	20.6	24.1	17.3	21.8	
51.8	57.4	52.8	34.3	48.2	58.7	82.3	91.6	
30.0	53.2	81.7	39.9	48.5	60.2	81.3	52.3	
39.9	30.5	24.6	31.8	40.5	35.7	38.0	26.3	
38.3	28.3	31.6	23.0	24.9	19.1	30.1	26.4	
21.9	26.3	30.2	20.0	38.9	19.5	28.0	31.7	
22.0	28.8	16.6	25.8	24.2	23.2	45.2	18.2	
21.8	19.8	20.6	25.8	20.4	23.4	20.6	25.5	
39.5	35.5	40.1	43.7	19.4	21.6	33.3	51.7	
31.2	18.1	23.9	22.4	40.8	49.7	29.8	24.2	
24.0	30.6	30.6	44.8	50.1	14.8	25.7	28.8	
37.2	32.5	44.8	44.1	30.1	26.0	62.3	71.8	
21.2	15.2	36.0	26.3	40.5	26.3	21.0	13.8	
51.4	35.7	51.9	38.9	49.0	40.7	37.1	51.1	
35.0	32.7	24.9	33.4	37.3	29.9	46.6	31.2	
26.3	22.2	17.1	33.9	24.7	27.1	26.1	27.3	
31.8	32.5	26.6	36.5	41.4	38.4	48.8	43.5	
39.7	21.9	33.9	48.3	58.8	25.1	19.1	39.8	
18.4	22.5	36.8	29.0	26.3	39.6	26.7	20.2	
37.2	42.2	36.8	24.1	42.5	27.7	35.3	52.5	
39.7	35.4	25.6	17.0	50.1	42.1	49.1	47.8	
15.6	17.3	39.0	21.5	20.7	27.8	11.6	17.7	
16.0	21.8	36.7	25.0	21.6	33.5	28.2	23.9	
33.1	40.3	43.6	34.7	41.5	22.8	33.6	47.0	
35.5	31.1	22.8	17.1	30.6	16.8	14.3	34.5	
23.0	26.8	23.4	16.0	19.1	20.2	38.0	22.0	
67.3	40.7	38.2	49.7	55.2	49.7	40.7	31.6	
11.4	16.4	19.8	11.3	22.5	15.8	14.0	20.9	
54.5	38.8	37.0	70.1	36.1	31.0	70.5	51.8	
14.9	31.5	24.3	39.8	25.8	28.0	37.7	13.4	
29.7	28.2	53.8	28.4	50.7	50.3	23.5	18.5	
53.0	47.5	41.9	54.3	40.7	53.7	55.5	28.6	
22.6	37.9	36.0	35.1	28.9	38.2	29.5	28.5	
42.4	31.2	36.7	67.1	63.3	32.1	53.1	45.2	
32.0	18.5	16.5	17.0	24.3	35.0	23.7	21.9	
27.2	34.4	55.4	44.0	28.1	55.6	60.1	45.2	
42.6	26.2	39.6	28.5	58.3	38.6	34.3	22.4	
26.3	20.0	43.4	17.2	37.1	35.8	24.2	34.8	
24.9	18.5	35.5	34.5	46.4	22.6	27.4	35.3	
27.7	40.9	26.1	17.0	48.3	33.4	49.1	27.5	
23.6	19.8	21.9	12.5	24.3	12.7	18.8	21.0	
45.7	37.3	44.8	49.7	26.4	45.4	27.1	67.5	
55.7	42.0	47.8	47.5	42.8	42.7	32.3	52.7	
32.1	53.3	46.0	13.2	38.6	28.8	21.7	51.6	
18.7	51.1	19.3	19.7	20.9	35.8	18.2	26.4	
46.6	56.3	65.5	59.6	40.9	78.7	49.3	62.9	
36.7	22.4	36.3	42.4	25.6	35.2	30.9	17.7	
48.3	16.8	41.6	37.6	40.1	35.3	26.7	30.8	
65.9	51.0	69.3	40.9	63.8	66.8	70.1	55.7	
21.3	34.0	26.3	19.8	8.8	19.2	25.8	31.4	
17.6	61.8	37.5	42.4	35.6	13.1	22.9	30.4	
26.5	36.7	29.2	45.6	20.4	22.4	32.0	16.5	
37.5	50.4	42.5	37.3	25.7	36.1	47.8	23.5	
73.7	59.0	52.7	48.6	40.0	79.4	40.7	71.8	
22.8	20.9	45.1	25.6	27.7	48.4	29.0	25.3	
27.6	38.3	22.8	29.6	25.0	40.7	25.5	27.9	
19.7	25.9	33.4	31.1	31.2	35.9	31.2	24.6	
22.0	24.1	17.9	15.6	18.2	30.6	16.1	24.5	
36.4	43.4	69.2	23.4	18.9	33.2	25.6	29.4	
35.8	35.9	34.4	47.6	43.3	27.1	64.6	36.4	
28.9	24.0	29.3	37.3	34.4	27.8	30.8	34.3	
23.4	39.1	20.8	29.4	22.6	44.5	20.9	31.2	
23.3	23.2	21.1	28.4	28.7	27.7	24.5	33.0	
29.2	36.4	22.8	22.6	18.3	25.0	34.2	43.6	
26.6	17.1	49.0	31.2	35.2	16.4	32.3	41.4	
25.2	32.9	31.7	31.9	32.4	33.8	31.0	21.3	
37.6	34.5	45.9	21.3	24.3	31.3	44.0	28.3	
27.3	63.4	44.2	44.7	37.3	41.9	31.7	51.1	
74.2	69.6	91.1	71.4	58.7	69.6	78.6	76.0	
9.5	21.3	17.8	19.4	15.2	12.6	20.3	10.4	
23.6	47.5	44.2	49.9	39.3	58.2	35.0	43.8	
12.5	20.7	30.0	59.0	34.5	65.6	43.9	37.5	
23.0	16.5	19.1	16.6	22.1	25.8	22.5	21.4	
40.7	14.5	37.8	13.8	17.4	28.9	24.8	40.2	
35.5	33.5	36.6	36.4	31.3	32.3	37.0	37.1	
21.6	19.7	19.0	32.5	16.0	25.0	27.1	23.7	
28.7	46.3	37.6	64.4	33.7	50.6	36.1	56.6	
34.7	22.9	41.5	44.1	21.1	26.6	26.9	33.7	
30.4	15.3	31.5	13.8	26.3	11.9	42.9	26.8	
59.1	48.9	38.7	64.3	52.9	56.2	50.3	48.7	
22.8	37.6	24.7	16.3	22.7	18.8	41.5	29.8	
26.0	39.6	33.8	29.6	32.6	28.8	41.3	23.2	
13.9	24.3	18.1	25.3	31.4	17.0	23.1	18.6	
25.2	28.9	17.8	44.7	22.7	61.7	40.4	48.6	
52.1	53.7	30.7	45.5	24.7	44.4	44.1	37.1	
43.7	29.6	37.8	35.1	25.4	33.1	32.0	28.8	
40.6	27.8	36.8	26.3	34.1	33.7	26.6	31.3	
46.6	35.7	31.5	30.5	29.4	37.9	26.9	38.2	
56.6	35.9	53.1	41.5	46.4	33.1	30.5	59.4	
48.8	44.7	62.0	39.1	28.6	37.6	34.7	32.0	
28.9	24.0	34.7	29.2	22.1	13.4	23.4	29.2	
74.6	61.2	49.7	46.1	41.1	49.4	44.3	57.4	
51.7	36.8	46.7	57.6	22.6	51.3	46.3	44.6	
34.3	38.3	22.6	29.4	14.9	29.5	20.5	32.5	
18.3	28.2	34.8	11.8	26.2	12.9	28.7	31.7	
36.4	14.3	33.1	37.1	25.2	18.1	13.9	14.7	
34.2	34.1	24.1	22.2	31.1	32.1	25.0	26.3	
55.4	55.4	56.4	52.5	46.1	39.4	38.2	48.3	
21.4	25.4	31.3	19.5	13.9	21.9	23.5	24.3	
34.0	30.8	13.7	45.6	31.4	34.0	44.7	40.8	
22.0	31.7	31.8	20.7	25.1	30.1	36.3	25.3	
33.7	26.8	33.3	32.1	11.2	37.3	32.3	29.6	
71.1	32.2	52.1	40.0	31.9	33.3	42.9	34.5	
31.7	22.8	24.3	32.0	15.1	26.1	43.3	44.0	
47.7	44.2	45.0	29.6	52.0	41.7	40.3	25.5	
38.2	60.5	34.2	36.6	68.8	35.5	43.0	46.6	
23.9	19.1	19.3	25.9	22.1	19.9	22.1	18.9	
46.5	30.2	50.2	28.0	26.1	24.3	16.9	32.9	
32.5	56.7	51.8	47.3	44.2	48.4	34.2	42.4	
10.5	16.9	19.5	16.8	25.7	33.6	11.9	17.9	
40.5	31.2	19.7	20.8	30.2	24.3	37.8	29.0	
37.3	44.1	50.8	34.8	51.6	55.8	40.7	27.6	
20.1	26.4	31.8	28.0	28.0	37.4	41.5	27.4	
36.7	47.2	37.0	75.5	30.4	51.4	36.9	40.1	
49.7	68.5	53.3	38.4	79.2	35.4	34.3	76.1	
38.6	33.4	32.7	35.8	47.9	36.5	50.8	75.3	
42.8	34.7	43.6	51.1	34.6	33.1	74.7	27.8	
58.5	33.1	68.4	37.1	43.0	53.9	46.3	30.2	
40.6	46.7	52.4	47.1	80.8	46.6	58.6	56.3	
45.8	34.8	46.9	38.1	39.0	25.6	52.0	22.6	
64.1	25.8	41.8	54.3	43.4	39.9	49.1	52.0	
40.3	34.5	21.3	36.1	33.2	63.9	45.0	48.1	
40.1	54.1	69.3	58.6	65.5	59.8	67.1	75.2	
42.5	34.0	17.3	30.6	17.6	44.0	32.1	29.0	
24.4	26.1	17.5	19.1	25.2	20.6	21.1	12.1	
35.5	29.0	26.5	56.2	36.3	26.2	32.8	26.8	
23.9	30.1	47.1	44.0	51.6	30.4	30.7	24.3	
16.8	20.4	29.7	29.1	35.4	21.8	25.4	22.8	
26.2	40.1	43.1	39.0	50.1	30.9	56.6	31.6	
14.0	27.5	15.3	38.6	26.6	17.6	22.6	43.4	
80.3	65.6	35.3	66.6	72.4	24.4	22.3	45.4	
43.1	54.3	41.0	53.2	47.7	39.4	41.5	38.2	
23.6	27.2	35.1	31.4	23.1	30.0	31.6	22.0	
36.1	36.9	43.5	34.6	28.6	55.2	19.0	51.6	
14.4	13.2	11.5	7.3	11.0	14.7	6.8	23.9	
21.7	23.0	23.3	19.5	20.6	18.4	16.9	10.5	
22.5	48.1	48.1	64.4	58.6	27.6	41.0	30.9	
33.7	22.7	25.9	40.0	33.1	43.8	27.5	37.0	
44.7	46.6	63.5	42.3	71.6	52.0	47.5	65.0	
35.9	22.3	58.4	53.0	53.3	24.6	36.0	27.9	
40.3	37.1	29.4	42.1	48.1	34.4	34.7	41.5	
12.2	26.5	20.9	22.8	17.2	18.8	12.1	16.7	
16.8	19.2	17.2	16.0	21.1	20.2	23.5	27.7	
33.9	23.1	11.6	29.0	22.0	20.1	23.9	31.1	
35.7	36.6	38.1	42.7	36.6	32.0	25.8	36.1	
24.4	23.9	32.8	39.2	32.2	41.3	43.6	30.9	
67.7	57.0	42.3	50.9	54.4	27.7	55.9	51.6	
43.0	20.8	32.5	62.5	34.4	38.5	25.7	25.4	
20.8	24.1	30.1	13.9	21.2	22.0	26.6	29.9	
23.9	35.0	39.8	49.4	38.8	18.2	23.9	20.7	
18.5	38.0	20.7	13.1	20.9	18.3	14.2	16.1	
30.1	23.7	12.2	23.8	11.9	30.2	19.2	31.5	
43.9	33.4	44.3	22.7	47.9	29.0	39.6	49.2	
34.7	42.7	39.8	29.6	59.0	53.1	55.2	45.9	
20.5	35.8	26.5	46.4	34.6	31.5	46.7	42.6	
38.2	29.8	25.4	33.9	47.7	30.7	15.0	47.6	
51.2	29.6	54.7	29.8	17.6	22.8	66.6	32.4	
27.9	15.9	39.4	38.1	49.5	44.1	44.3	25.2	
22.0	28.4	15.2	54.3	40.4	13.6	27.1	58.7	
38.8	30.6	27.7	62.4	36.0	70.9	47.0	35.1	
45.5	44.2	34.6	41.8	69.5	48.5	37.1	44.0	
31.7	45.7	33.5	27.7	15.8	35.0	35.7	27.0	
25.7	22.0	38.1	26.9	42.1	19.3	34.1	24.0	
46.3	29.0	20.2	54.9	38.9	37.3	42.6	48.3	
29.8	34.6	29.0	23.9	16.6	44.4	40.6	40.0	
39.1	44.5	49.9	73.0	40.3	58.2	32.1	26.8	
48.5	37.9	39.9	39.6	32.5	31.5	29.4	26.6	
29.8	41.2	37.7	34.5	37.6	26.9	36.3	49.7	
29.3	52.4	60.7	47.9	48.2	59.5	41.9	79.3	
39.1	25.9	23.8	26.7	22.5	32.7	30.9	29.9	
42.8	17.1	32.7	39.2	23.8	46.9	18.1	40.9	
55.7	57.3	56.4	38.0	82.5	44.7	51.2	54.0	
9.8	35.3	24.2	22.0	23.4	19.7	33.7	34.1	
31.5	20.1	21.8	17.8	20.1	22.7	32.6	23.5	
23.9	23.9	22.3	43.7	20.5	44.7	39.6	25.4	
45.4	31.3	27.7	32.4	29.7	23.7	48.6	28.6	
18.6	31.7	12.7	16.6	26.8	22.6	27.5	34.2	
29.0	32.0	38.8	20.5	44.3	30.5	32.8	40.1	
55.0	42.8	67.1	43.1	35.3	77.3	35.5	30.2	
45.2	76.0	36.4	25.6	43.6	49.7	34.9	31.6	
70.4	43.2	58.4	67.6	39.5	71.1	42.8	41.2	
9.9	9.8	20.7	14.0	11.8	16.9	29.1	26.0	
22.2	47.1	44.5	38.2	25.9	52.3	34.8	53.0	
39.9	22.6	42.9	37.3	54.1	24.9	30.0	38.2	
31.1	48.2	39.0	42.8	22.0	41.8	38.0	23.4	
53.3	40.2	28.0	37.7	34.4	29.8	36.2	34.4	
33.7	28.2	41.8	63.0	27.3	27.2	37.9	56.5	
21.5	16.2	12.6	10.6	17.2	23.8	15.4	10.2	
30.5	27.6	22.2	32.3	36.3	31.7	48.3	30.8	
34.4	34.4	32.4	26.5	24.9	34.3	46.4	47.1	
39.6	70.8	55.8	64.9	56.7	52.7	64.5	31.8	
22.3	31.9	18.9	37.8	40.8	16.2	38.9	52.4	
25.5	38.4	20.6	15.5	25.1	41.5	13.2	22.7	
43.9	34.2	28.2	24.9	18.5	24.3	27.9	19.7	
28.7	27.2	30.8	40.4	32.4	36.8	63.6	31.9	
26.4	39.5	26.5	28.8	20.4	32.4	36.6	44.8	
26.6	44.6	24.4	63.0	52.7	55.3	24.1	26.8	
37.1	29.7	46.9	27.2	19.6	16.3	34.4	41.6	
52.3	36.7	37.2	51.2	53.8	68.7	49.4	44.2	
41.3	31.1	29.2	54.8	53.6	42.1	31.7	46.0	
46.8	26.9	30.8	29.9	18.9	47.7	19.7	28.7	
19.6	31.6	32.0	21.4	18.7	20.6	59.0	32.4	
23.0	10.2	27.2	22.2	27.2	27.9	18.0	35.6	
44.3	42.8	42.8	38.6	53.4	44.6	65.3	27.0	
47.2	77.3	48.1	36.6	69.5	36.0	71.6	61.3	
52.3	37.2	24.4	34.1	75.1	33.3	50.9	47.5	
47.0	45.4	44.6	28.5	44.7	66.0	51.0	46.6	
28.7	20.6	18.7	33.6	21.1	31.7	20.1	27.0	
33.9	44.3	56.5	36.3	45.5	47.6	25.2	42.2	
29.7	22.2	30.4	22.1	23.9	26.9	26.5	9.8	
51.7	35.6	33.0	59.8	26.5	29.0	31.6	24.9	
46.7	38.6	40.5	58.8	33.4	31.0	60.9	31.5	
70.7	68.3	42.3	61.2	66.2	50.6	57.8	27.6	
36.4	44.1	56.2	31.8	28.7	31.7	28.9	45.3	
10.1	17.6	14.1	13.2	8.5	23.1	9.7	16.6	
38.1	33.9	26.2	26.4	49.1	40.9	33.4	34.5	
32.7	19.6	17.9	36.0	36.7	39.4	34.1	30.0	
26.6	18.2	18.8	29.1	25.3	32.8	33.2	41.2	
34.9	32.8	46.4	20.7	33.9	35.1	27.4	34.5	
69.6	48.7	55.4	46.3	47.3	41.3	54.4	56.1	
30.0	13.8	14.2	13.7	16.1	22.0	21.9	19.9	
47.4	11.6	56.4	23.6	30.5	33.3	49.7	27.0	
38.6	22.0	21.8	23.6	44.8	58.3	28.3	38.0	
42.0	62.5	23.0	22.3	37.8	47.9	56.4	42.1	
36.1	22.3	40.9	33.5	48.9	37.6	27.2	25.8	
42.0	31.8	32.2	40.5	33.5	32.5	32.2	25.2	
20.8	25.5	17.1	28.6	18.5	41.8	21.0	51.3	
35.4	46.8	50.9	40.6	55.7	62.9	46.4	23.8	
88.4	70.5	55.1	68.5	57.3	66.6	36.1	42.9	
18.6	41.7	45.3	18.2	36.4	26.0	32.3	30.3	
40.9	27.6	19.0	28.5	17.0	26.3	26.4	16.9	
40.7	28.0	41.2	31.4	31.0	9.7	32.0	34.7	
21.9	19.6	36.4	21.4	24.4	37.7	24.3	28.5	
58.5	30.1	37.8	50.3	40.3	47.2	48.6	68.8	
25.9	18.5	27.9	25.3	20.5	19.3	30.3	16.3	
25.7	50.7	33.4	21.2	24.7	26.1	45.7	26.8	
23.3	13.7	30.8	8.6	23.6	31.8	22.7	26.5	
36.6	62.3	39.5	45.3	45.3	29.3	53.7	19.6	
29.5	45.6	26.3	37.2	42.2	27.4	22.1	17.8	
23.5	39.2	22.5	24.6	20.5	32.7	27.2	22.6	
18.6	14.4	18.2	21.2	17.3	27.7	24.3	21.1	
29.5	14.8	17.6	19.1	17.4	13.3	15.5	11.9	
17.4	19.0	15.8	41.0	18.5	25.7	33.2	24.7	
37.9	19.0	21.0	48.1	40.2	29.1	33.4	47.8	
50.3	41.1	42.3	52.3	31.3	21.1	49.7	31.7	
45.0	19.8	26.0	39.7	38.3	70.0	28.6	52.7	
26.0	40.8	22.3	25.8	18.1	26.1	48.9	27.1	
33.4	23.5	18.7	17.8	18.4	30.7	14.4	38.2	
18.2	24.2	15.5	29.5	14.7	24.1	17.1	28.2	
27.2	25.6	30.9	54.3	38.8	38.4	24.6	23.3	
33.8	24.5	17.7	30.2	31.5	37.1	31.8	33.2	
51.5	22.5	46.7	56.7	81.4	47.1	45.5	38.5	
32.3	29.4	24.5	38.0	46.9	17.2	53.7	15.8	
24.2	41.8	23.1	36.9	66.4	21.6	48.8	32.1	
66.7	29.7	36.7	38.2	61.5	61.3	36.3	36.8	
21.3	36.7	27.0	40.4	28.4	19.2	21.7	25.3	
39.8	47.8	53.9	64.1	29.0	46.5	54.9	38.6	
15.1	30.2	22.9	28.4	22.7	23.6	17.2	27.8	
59.6	66.2	36.0	55.6	61.5	32.9	64.1	75.0	
32.0	28.2	13.9	25.4	33.2	34.7	32.4	23.1	
23.9	44.7	22.7	22.5	18.6	13.9	24.9	20.9	
58.1	48.9	31.4	34.8	45.6	61.6	49.1	58.0	
41.9	31.3	32.1	35.8	37.5	32.4	52.7	42.0	
11.2	23.8	25.6	26.1	25.3	23.0	33.9	27.2	
68.5	62.3	42.3	96.7	73.3	51.2	43.6	53.8	
55.5	48.1	27.1	32.4	31.7	52.9	34.9	34.8	
26.4	26.8	23.2	37.0	37.0	29.7	44.3	31.1	
29.2	16.8	28.0	30.7	25.3	15.5	33.6	29.9	
24.9	59.6	33.0	44.3	43.4	22.7	36.6	40.5	
83.2	65.0	75.3	81.1	81.2	35.5	66.4	69.7	
50.6	30.4	29.0	64.0	46.4	32.2	29.4	72.8	
22.2	19.9	21.7	26.1	21.0	16.5	23.0	23.2	
44.8	43.9	28.0	42.7	31.1	17.4	14.9	40.4	
30.7	48.8	30.4	67.0	38.7	35.7	43.9	57.1	
17.9	23.7	17.4	22.4	18.4	20.8	26.8	16.7	
45.6	45.5	31.3	40.8	49.2	69.6	53.7	41.3	
26.6	20.7	36.5	42.6	31.3	37.3	30.4	25.8	
25.7	23.8	23.0	32.8	30.8	12.6	25.0	24.6	
36.7	19.7	27.6	45.5	26.2	27.3	22.9	18.5	
28.9	32.3	42.3	86.6	53.0	49.5	38.8	53.4	
48.8	28.9	37.1	42.6	18.1	40.1	36.4	33.8	
31.4	27.1	26.9	34.1	20.6	26.6	23.5	28.4	
56.9	24.9	22.5	45.8	34.1	53.6	45.1	44.6	
21.4	36.3	29.4	34.5	33.4	27.9	47.4	37.8	
23.4	23.1	25.6	32.6	25.6	27.5	19.6	32.0	
60.8	40.4	34.4	44.4	56.6	31.8	48.4	61.9	
37.5	74.2	48.7	48.6	42.8	53.9	61.4	24.0	
31.0	40.4	35.3	62.8	58.7	39.2	24.9	75.8	
21.2	25.0	26.2	31.3	25.1	22.2	42.2	21.2	
25.0	26.1	25.8	31.4	26.1	22.4	25.8	28.4	
38.0	24.3	34.2	37.8	18.9	29.8	27.1	28.8	
21.6	23.6	17.4	17.9	11.9	26.8	12.6	24.4	
22.4	25.6	13.7	18.7	13.6	18.7	25.7	20.7	
26.1	21.5	15.2	32.7	17.6	23.9	35.9	24.4	
22.1	27.7	17.0	26.1	24.6	27.3	25.3	28.6	
32.1	63.8	31.5	42.5	31.9	39.8	19.9	30.9	
37.7	39.1	25.2	66.0	48.9	32.5	31.3	23.8	
47.1	20.1	20.9	37.3	36.1	37.2	26.1	48.5	
38.3	66.4	60.8	65.0	40.4	39.6	55.6	53.4	
39.0	27.9	21.7	27.0	18.7	21.5	32.3	27.6	
34.0	23.8	15.2	19.0	23.1	39.7	30.4	29.8	
18.8	13.9	24.5	26.0	29.2	15.5	25.7	28.1	
37.0	30.3	37.9	41.1	57.4	39.4	23.6	48.2	
28.1	26.2	14.6	16.6	33.5	23.6	21.1	14.9	
81.5	44.1	38.1	85.0	69.1	53.9	73.3	38.5	
20.9	19.1	33.4	38.9	18.8	19.5	28.3	25.9	
29.3	14.6	19.3	18.4	20.9	26.7	12.2	16.9	
63.6	36.7	27.5	42.9	38.2	24.5	23.0	31.3	
44.4	84.9	48.2	64.8	71.7	52.0	54.2	61.8	
31.1	37.7	35.9	43.7	41.9	14.0	27.5	52.6	
22.9	37.9	20.9	42.8	61.4	41.4	40.4	29.2	
28.6	23.9	25.5	39.0	54.0	26.7	21.4	23.4	
46.0	61.8	66.3	99.8	61.3	32.1	86.7	50.6	
31.1	52.5	39.6	45.7	41.2	41.6	43.6	42.6	
13.1	22.6	32.9	39.0	13.6	32.4	40.0	37.1	
41.4	26.2	20.0	20.2	40.4	29.8	31.8	28.4	
25.0	13.7	18.0	20.7	14.7	23.4	19.6	34.1	
44.3	24.5	46.9	68.6	61.7	30.1	56.5	22.1	
47.5	25.9	24.8	24.0	31.6	47.8	37.2	39.2	
19.0	14.5	8.2	22.9	16.8	12.5	18.6	13.1	
25.6	25.4	38.7	38.6	25.7	23.2	57.5	13.3	
31.3	43.3	20.0	25.2	22.9	21.8	20.8	26.2	
21.1	20.4	22.4	27.8	24.5	26.2	20.3	12.8	
50.1	33.4	42.3	49.7	52.1	42.0	44.0	51.8	
33.8	65.6	31.9	54.6	49.1	34.3	51.9	54.5	
44.8	43.6	30.6	37.7	50.8	35.2	37.6	27.0	
66.6	53.4	23.0	44.4	40.5	42.0	52.1	43.0	
37.4	35.2	37.5	48.4	63.1	39.0	19.2	61.0	
25.6	27.8	17.7	30.8	17.7	21.7	16.9	24.8	
26.0	40.9	13.4	19.5	21.5	20.0	15.7	22.9	
36.5	31.0	36.1	61.6	17.3	58.6	39.9	34.0	
50.4	45.6	26.1	39.3	36.3	44.9	41.4	33.4	
39.5	17.7	16.4	32.7	29.9	23.5	19.7	33.2	
33.5	53.7	63.2	73.0	25.2	74.9	44.7	48.7	
9.5	16.5	12.6	14.0	17.7	24.4	13.8	24.8	
34.5	25.4	26.3	36.2	29.4	30.4	35.2	35.8	
42.4	40.4	51.7	56.4	53.6	79.7	72.4	45.6	
48.4	51.7	35.6	42.7	37.0	78.1	46.0	34.5	
44.8	34.1	24.2	26.3	43.7	23.8	43.0	41.4	
27.9	17.9	27.0	42.5	23.5	30.0	36.3	30.2	
35.0	52.1	23.8	38.3	54.0	30.0	39.0	55.9	
33.9	29.6	24.1	28.9	15.6	36.7	25.7	57.2	
24.0	29.6	15.8	15.0	15.0	17.0	22.9	25.4	
43.3	32.1	19.9	34.4	61.7	28.3	58.8	29.3	
33.3	26.1	28.4	37.0	29.7	26.7	34.9	36.0	
28.0	35.5	25.4	35.8	31.8	22.1	51.2	26.9	
58.1	33.4	41.8	64.8	30.9	32.7	47.8	23.1	
33.0	45.8	16.2	22.9	46.4	44.1	38.1	47.1	
29.3	21.3	36.7	45.8	18.8	35.8	22.0	21.8	
57.9	58.8	35.3	34.4	54.4	55.2	69.9	47.2	
49.0	63.1	39.2	60.3	42.3	33.6	41.7	38.4	
62.8	47.8	16.0	47.3	41.2	56.8	17.6	37.3	
39.2	36.4	34.7	43.3	42.9	43.8	52.6	23.0	
38.2	22.5	53.4	54.4	36.4	37.6	31.9	48.7	
29.7	45.3	37.1	54.8	72.2	43.2	43.9	43.6	
28.5	12.3	15.0	21.7	13.0	15.5	17.2	16.6	
28.1	33.7	27.5	32.6	57.6	32.2	42.8	43.9	
42.2	55.1	47.8	64.9	42.2	51.1	46.2	50.9	
31.6	34.5	40.1	43.8	31.2	33.4	22.8	21.3	
32.8	23.0	14.9	29.7	27.3	24.0	47.1	39.5	
26.7	25.2	50.4	71.5	48.8	50.4	29.4	62.0	
20.3	23.6	43.3	42.4	32.4	44.2	27.0	46.7	
32.9	36.9	28.2	42.6	37.0	47.4	44.6	42.7	
58.3	67.4	47.1	50.7	39.6	42.9	45.3	94.9	
19.4	25.2	17.2	25.5	19.4	18.0	18.5	30.5	
27.2	41.3	23.4	27.6	34.3	39.7	25.3	26.9	
73.7	40.2	18.6	47.0	44.0	34.8	65.7	54.9	
32.0	50.3	28.3	32.5	22.3	30.3	28.9	29.5	
26.7	46.7	36.9	39.7	25.5	21.1	28.8	32.8	
32.7	35.9	19.9	55.8	26.1	44.7	27.2	44.1	
38.5	33.0	32.4	34.8	42.4	28.4	41.9	55.6	
29.3	38.7	42.1	52.3	38.8	26.3	34.0	36.1	
44.7	41.7	32.6	61.8	28.7	29.5	62.3	47.3	
62.9	43.7	38.9	41.8	46.8	51.2	36.2	40.6	
73.3	48.7	46.9	62.6	99.4	88.1	52.1	52.1	
32.6	108.6	38.7	60.1	47.9	49.5	56.5	68.0	
50.0	37.7	31.2	33.4	42.3	21.9	37.1	34.8	
42.0	23.8	27.2	36.3	30.5	21.2	33.8	34.5	
34.5	30.3	24.6	41.7	26.1	39.7	25.7	30.3	
36.0	53.7	58.8	62.7	57.6	32.4	36.9	52.5	
44.2	29.6	46.8	50.3	20.1	15.2	28.2	33.1	
43.9	60.4	54.9	56.3	65.5	62.5	71.4	65.6	
17.9	29.8	17.3	25.0	23.8	13.3	30.8	27.1	
33.3	26.7	29.1	41.0	27.6	41.1	28.8	36.8	
29.8	22.8	32.0	33.4	24.4	18.9	22.5	18.4	
51.3	12.3	25.4	30.0	24.5	26.4	32.7	33.8	
26.6	14.8	20.5	33.9	34.6	20.8	22.9	15.1	
42.7	42.5	35.2	40.1	36.3	23.9	37.2	39.9	
45.9	23.1	25.5	38.7	24.1	68.9	35.8	30.8	
30.2	24.3	24.7	29.0	36.5	37.5	37.8	22.8	
56.3	42.4	18.9	83.2	75.1	59.6	33.6	38.4	
39.2	35.7	43.2	43.5	42.3	29.0	51.0	57.4	
54.5	68.4	50.3	66.3	50.0	38.8	73.9	43.7	
5.7	9.5	9.1	12.5	7.4	8.5	8.6	9.1	
47.3	44.7	45.0	55.4	56.4	35.3	42.2	34.4	
7.3	18.6	22.5	27.7	20.9	24.7	26.1	29.6	
11.5	19.6	25.0	29.5	29.1	24.1	19.1	35.7	
25.9	58.5	42.8	51.4	74.1	64.4	42.3	62.8	
36.8	52.6	42.6	43.3	25.5	34.9	53.4	20.8	
14.8	13.4	17.8	17.4	22.3	18.2	18.3	20.1	
39.0	36.8	31.6	61.3	55.6	64.2	33.8	31.8	
24.7	29.5	28.5	47.9	20.4	54.1	26.5	29.6	
22.5	17.8	21.6	23.7	18.3	13.3	16.1	18.8	
32.2	65.8	35.3	50.2	30.1	34.9	33.3	35.8	
48.2	35.5	32.0	40.1	38.4	29.4	36.1	47.1	
83.7	73.8	45.6	47.2	31.8	37.9	66.2	44.1	
21.7	21.4	22.9	26.9	37.8	24.3	33.0	32.2	
27.4	13.9	31.0	32.7	22.9	25.7	20.6	21.3	
45.7	27.3	34.8	38.6	37.7	50.1	32.1	40.8	
49.0	59.5	36.6	46.2	34.7	34.6	27.3	24.3	
55.6	51.7	54.9	57.5	54.3	62.2	43.8	44.0	
79.0	60.7	35.3	42.9	36.9	36.6	58.0	39.4	
19.5	29.9	36.2	38.0	23.2	32.4	19.6	27.9	
29.3	46.7	22.0	50.4	43.2	20.0	38.3	35.9	
35.6	46.3	21.2	48.3	35.5	42.4	36.5	64.1	
26.2	48.0	27.6	44.5	25.0	19.8	24.5	45.2	
57.8	19.6	31.5	56.6	44.2	51.9	34.8	38.7	
49.3	50.6	68.8	73.1	52.6	40.3	42.9	78.4	
35.6	46.6	33.3	35.2	41.5	46.9	67.6	20.3	
41.9	32.1	42.5	55.3	23.3	36.1	46.8	28.7	
51.2	74.6	43.8	61.4	49.7	69.1	63.8	61.9	
21.4	36.1	26.3	33.0	24.6	29.9	20.7	23.5	
40.7	37.3	19.9	32.4	38.9	29.8	31.9	34.2	
37.6	22.2	28.8	36.3	39.1	18.0	37.5	35.0	
27.9	43.4	22.7	43.9	28.4	55.9	14.7	35.4	
24.1	16.7	16.5	38.3	35.4	24.4	27.7	31.8	
60.2	58.1	53.5	54.3	51.5	72.0	53.6	69.5	
32.2	31.6	43.5	54.3	62.5	36.5	31.0	47.1	
16.6	45.0	22.9	32.5	28.2	63.6	49.9	29.2	
52.9	22.6	34.8	51.9	47.4	57.4	75.1	39.4	
46.1	66.1	62.9	74.1	59.6	38.5	53.2	49.6	
17.6	14.5	26.2	30.1	27.5	34.2	26.3	27.5	
17.2	25.4	22.2	43.5	27.2	34.9	35.6	30.6	
32.9	24.1	31.4	36.2	24.7	20.3	25.6	47.5	
26.1	46.6	38.1	42.6	30.1	44.5	23.2	38.2	
36.5	55.8	16.9	51.5	32.5	31.0	30.1	20.3	
38.4	53.4	33.1	58.6	49.2	37.5	32.0	49.8	
56.0	39.6	32.0	38.7	28.9	36.6	43.3	62.4	
18.4	36.3	30.2	35.8	22.8	20.3	26.3	35.2	
15.8	16.9	15.5	30.8	26.9	25.9	16.5	30.8	
40.9	43.4	35.4	36.9	29.5	48.9	73.8	45.4	
19.0	25.3	29.2	34.6	40.5	25.1	21.5	28.9	
12.7	28.7	24.5	29.4	34.8	36.8	31.1	51.3	
11.0	11.1	10.1	18.4	14.4	10.6	12.4	14.7	
39.0	49.1	33.1	52.5	59.6	41.5	45.8	77.3	
23.7	20.6	12.4	21.8	16.1	12.2	36.3	19.3	
46.4	38.8	47.2	52.1	45.1	32.5	21.8	31.6	
49.0	27.5	32.8	56.3	53.9	48.3	55.5	48.1	
35.0	26.4	32.1	60.0	55.2	71.3	53.5	36.9	
23.2	16.7	26.6	37.2	41.2	44.6	21.1	14.7	
30.9	37.9	13.0	52.6	41.6	31.2	45.0	27.4	
32.3	27.2	24.1	30.5	32.2	28.5	27.2	42.2	
48.9	55.6	49.8	71.3	34.6	50.7	36.7	47.8	
27.9	29.7	24.1	47.0	29.4	25.0	52.5	13.5	
25.6	31.5	24.3	30.4	29.1	29.2	27.4	13.5	
35.4	36.9	36.3	45.1	42.8	34.0	25.2	44.5	
28.1	31.6	33.2	34.7	30.3	47.5	83.0	39.9	
40.7	35.6	39.2	46.4	48.9	39.4	69.0	27.8	
43.3	38.1	20.2	45.4	51.0	34.1	25.2	30.1	
32.9	30.7	29.1	33.9	27.2	43.0	24.0	32.6	
30.2	37.6	30.8	40.7	35.8	50.1	23.0	46.0	
26.1	31.7	34.2	33.7	34.1	27.3	19.2	19.1	
26.7	29.5	21.3	28.3	22.2	40.3	25.9	31.9	
41.8	40.4	33.2	36.9	47.7	37.4	26.8	57.1	
44.4	30.9	33.5	36.8	29.6	29.1	35.0	42.0	
37.6	36.6	30.6	47.3	73.6	43.7	37.9	37.3	
22.0	18.5	11.4	22.5	15.4	24.2	22.6	14.4	
29.5	31.3	31.8	47.5	42.0	36.8	25.9	24.2	
14.2	31.5	31.7	37.5	25.4	49.5	37.3	26.3	
43.7	28.0	26.2	26.9	41.2	23.1	39.7	36.3	
23.0	27.3	21.1	25.8	16.7	18.0	16.7	20.8	
32.1	21.6	33.9	48.1	27.1	35.4	25.6	27.1	
24.8	33.6	41.1	42.6	31.5	35.4	47.5	20.5	
23.3	22.1	31.5	45.3	29.0	49.7	43.8	37.4	
47.8	41.3	24.9	58.1	40.6	63.5	60.9	53.5	
38.4	45.7	34.2	62.3	27.6	28.1	29.3	46.8	
31.6	14.7	17.2	29.2	17.0	12.4	23.8	14.4	
15.0	31.9	23.9	28.8	23.4	27.5	22.2	20.6	
36.6	34.8	18.7	44.8	33.4	26.4	20.1	33.7	
26.0	24.7	18.1	38.6	29.7	37.8	55.0	50.6	
51.3	29.7	23.1	26.0	48.3	34.9	29.8	46.7	
38.6	68.3	42.9	69.1	65.2	78.0	61.9	75.4	
41.1	33.9	26.1	55.5	67.6	79.6	45.7	46.4	
58.3	61.8	41.8	80.0	32.0	42.9	39.1	38.9	
25.7	38.9	31.8	40.2	31.5	33.6	26.5	53.9	
37.7	16.8	12.7	29.7	25.8	20.0	25.9	18.9	
12.9	11.9	22.1	31.2	14.5	18.6	28.2	13.6	
20.1	31.7	13.5	29.3	19.0	23.2	14.5	36.4	
54.4	43.9	42.1	51.0	37.6	55.7	38.4	39.8	
63.1	64.4	59.5	60.8	79.8	64.3	74.5	61.4	
46.3	36.5	30.2	47.0	41.6	38.6	34.8	54.7	
17.4	32.5	28.7	40.8	34.8	41.5	46.4	44.7	
19.4	36.2	25.0	29.5	17.5	46.5	30.6	32.4	
20.2	15.6	17.9	25.7	21.3	17.4	10.1	16.8	
21.0	17.0	15.7	24.5	27.9	27.2	13.1	30.2	
18.9	23.4	13.9	18.6	14.5	18.8	20.6	18.0	
34.8	45.9	30.6	32.1	35.0	26.9	59.3	26.0	
23.8	34.8	13.7	37.3	16.6	14.6	22.5	49.0	
46.7	25.2	47.3	69.8	37.7	63.7	59.5	53.2	
26.4	27.6	16.0	32.5	21.1	35.7	25.4	35.5	
30.7	20.3	42.2	45.2	70.1	38.0	52.2	22.2	
22.1	20.9	19.5	24.8	17.8	24.5	22.0	31.4	
17.8	30.1	15.8	18.0	39.7	61.4	18.8	41.7	
27.1	34.5	19.8	27.0	39.4	36.5	34.9	35.3	
28.5	75.5	33.7	44.3	62.0	43.2	36.2	41.3	
38.0	48.0	45.3	62.6	51.1	58.2	33.5	76.0	
24.2	32.8	31.6	42.3	52.5	35.4	51.5	62.9	
27.4	27.7	22.9	24.2	16.5	23.8	29.2	23.3	
35.2	36.2	25.8	34.1	29.2	32.2	29.1	38.1	
39.2	29.1	27.0	36.9	18.9	41.0	25.7	30.1	
80.0	62.1	56.2	59.6	53.0	44.8	54.2	73.9	
31.2	37.4	16.7	18.3	26.7	25.4	10.7	26.7	
23.9	40.2	19.8	48.3	50.8	46.7	23.1	49.5	
29.2	37.9	14.7	43.9	25.5	32.8	25.3	27.2	
30.7	42.4	32.3	31.6	33.4	17.9	28.6	27.4	
65.8	46.5	53.1	80.9	61.5	47.6	105.5	109.5	
70.3	58.1	42.0	54.0	64.3	36.8	42.7	37.9	
30.2	25.7	21.5	26.1	33.9	22.8	16.2	29.6	
64.4	41.7	43.2	59.1	22.0	43.1	70.8	54.2	
53.1	24.1	27.4	14.2	23.8	33.0	19.7	22.5	
30.6	31.4	30.7	15.5	41.8	50.2	17.8	27.4	
41.1	22.2	29.0	34.5	34.1	31.9	40.7	63.8	
38.2	35.0	28.7	54.1	21.1	30.1	26.3	30.4	
82.7	41.8	37.3	45.8	50.3	41.8	41.4	31.2	
67.9	81.7	47.1	48.4	88.3	39.6	45.2	59.4	
49.0	51.6	18.5	37.4	60.7	31.8	20.6	38.7	
32.0	28.9	24.3	51.0	50.1	39.1	62.4	27.3	
39.7	55.9	28.8	30.5	37.1	24.8	29.0	24.1	
47.9	44.1	45.6	66.1	16.9	28.1	59.4	48.7	
24.1	32.5	18.2	23.4	22.1	22.8	18.4	25.5	
44.9	41.9	50.4	29.8	68.0	53.2	32.8	36.3	
45.6	37.2	38.1	45.5	39.6	47.7	26.3	57.9	
13.4	10.8	19.7	14.6	11.4	12.8	12.2	17.3	
48.1	30.5	45.7	39.0	49.1	28.9	61.3	51.7	
27.6	28.6	39.9	29.9	38.3	25.0	27.3	30.5	
26.0	47.8	38.6	57.0	31.6	36.7	56.5	36.4	
40.3	22.1	56.4	28.2	30.3	17.8	32.7	23.8	
39.9	25.4	31.0	29.4	24.2	34.9	27.9	32.5	
36.5	40.7	16.7	31.9	25.0	52.7	18.0	40.5	
41.5	30.7	44.1	33.2	58.8	34.7	43.0	25.3	
42.0	53.7	25.9	26.4	70.8	17.8	37.6	33.2	
27.1	33.4	37.3	25.2	35.1	41.4	27.8	25.3	
26.4	24.4	42.7	26.0	33.3	32.3	25.3	19.2	
14.6	24.7	43.7	26.8	16.8	29.3	27.3	19.2	
24.5	28.4	34.1	14.7	20.1	28.7	40.6	26.6	
18.8	30.2	28.2	18.7	28.7	18.0	22.9	20.4	
29.3	79.7	30.3	45.6	60.6	38.8	33.1	41.0	
34.5	32.1	28.9	21.4	14.7	21.3	24.7	26.6	
54.7	29.4	34.0	22.5	37.0	46.1	35.9	46.3	
35.5	56.2	37.6	26.1	30.8	40.8	51.7	27.4	
41.8	40.0	27.6	49.3	36.0	28.0	43.7	37.7	
48.7	38.0	63.1	49.7	20.7	36.0	50.3	76.0	
47.3	45.2	40.7	54.1	53.0	82.2	28.8	48.4	
28.3	23.0	29.1	31.0	40.2	38.8	45.1	23.1	
24.6	36.3	29.2	34.2	45.4	33.0	25.5	28.1	
22.3	27.1	22.2	22.6	32.0	37.9	17.5	25.2	
59.1	48.1	52.3	46.1	78.9	51.0	51.8	53.4	
25.9	19.1	37.8	30.4	33.2	37.8	28.2	31.9	
42.0	34.2	28.1	23.5	22.9	28.5	23.8	35.6	
33.4	29.2	48.5	35.9	25.0	21.9	33.1	18.7	
24.1	24.2	18.0	21.6	13.1	16.9	17.2	31.0	
37.7	87.0	42.9	37.0	31.1	27.0	52.7	53.9	
27.2	15.6	26.7	20.5	18.0	15.4	17.3	25.6	
41.9	42.7	54.8	45.4	40.5	57.0	24.8	37.8	
28.2	39.2	44.3	39.3	30.8	47.2	36.9	42.3	
30.2	32.1	36.1	49.1	18.8	34.1	40.8	31.8	
67.9	29.6	22.3	47.5	43.7	36.3	57.8	39.8	
33.6	50.2	25.0	27.9	29.5	23.3	38.9	34.5	
21.5	16.0	32.5	32.1	26.0	18.9	19.9	16.1	
28.7	48.3	42.7	53.8	39.9	45.9	31.5	51.6	
22.3	28.7	27.3	22.3	25.5	20.4	32.5	32.4	
19.3	34.9	23.6	57.1	24.5	23.5	31.5	48.5	
40.7	45.8	32.8	56.7	40.4	38.2	43.5	25.8	
36.9	15.0	20.7	21.6	23.9	32.1	44.8	23.3	
31.9	35.9	33.8	19.4	34.4	31.3	36.3	26.2	
26.7	37.4	28.9	45.9	36.7	39.2	67.3	58.7	
44.2	74.5	26.4	49.2	36.2	34.4	47.3	47.1	
35.3	29.4	21.5	22.6	13.2	42.2	21.9	28.2	
48.7	38.8	31.0	34.3	37.8	22.5	15.4	32.6	
59.1	31.2	28.4	31.2	31.4	16.6	44.2	26.2	
47.6	27.3	28.2	36.1	45.1	35.6	50.4	55.3	
34.1	31.4	28.1	41.6	32.2	55.7	43.1	47.8	
35.6	28.8	35.6	26.1	35.8	49.0	29.7	25.1	
33.1	14.2	24.3	21.2	17.5	22.6	20.1	46.3	
84.3	52.9	72.1	71.5	25.1	68.7	97.2	49.1	
15.2	41.8	61.9	30.6	41.6	40.5	33.1	21.2	
76.3	52.0	31.5	28.7	38.7	22.3	24.0	58.7	
57.4	45.6	43.0	38.5	54.4	47.0	33.1	36.0	
38.6	22.5	25.6	26.8	23.7	20.5	20.1	39.9	
25.1	40.1	40.6	34.1	47.2	37.0	38.5	34.1	
50.0	33.4	54.4	44.5	41.6	49.2	48.9	19.9	
32.4	28.6	46.8	34.4	46.5	21.4	25.6	29.7	
28.0	34.7	26.7	23.9	24.8	15.8	38.0	25.3	
30.3	15.8	30.3	25.5	26.2	25.1	29.8	26.2	
49.7	37.6	38.2	31.8	40.6	30.9	27.9	47.3	
45.6	52.0	63.7	50.0	57.9	50.2	53.3	59.2	
14.0	22.7	17.6	28.5	21.6	18.9	28.6	19.6	
50.1	51.6	32.3	33.0	48.6	67.1	52.3	52.4	
25.3	28.3	27.8	28.1	27.8	16.5	22.1	31.6	
26.3	23.3	48.9	47.2	32.5	33.1	9.6	41.5	
34.2	32.9	31.3	37.4	35.6	23.6	32.9	29.9	
42.7	40.3	27.4	31.9	33.0	52.2	49.9	39.7	
19.3	19.2	14.4	17.1	13.2	13.9	10.3	17.8	
36.5	35.7	35.8	32.4	28.6	41.8	29.7	31.8	
37.5	40.3	61.9	36.1	54.9	17.6	34.4	29.7	
35.9	40.0	24.1	23.0	44.8	43.9	16.9	32.3	
36.3	58.9	21.8	24.4	16.5	39.3	39.8	38.6	
35.8	60.5	32.7	59.8	48.9	41.5	42.7	32.7	
46.4	49.9	51.8	30.8	39.4	37.6	37.1	49.4	
34.9	69.0	43.5	37.6	24.4	26.7	17.3	29.8	
41.4	23.9	43.1	41.9	38.4	39.9	85.4	47.8	
33.7	15.5	27.4	26.9	24.5	12.5	24.2	23.1	
53.1	86.1	33.7	54.0	60.2	38.7	34.7	55.8	
51.7	46.2	31.7	41.3	53.9	61.4	31.4	45.0	
27.5	38.7	29.3	49.6	37.1	26.8	35.3	25.2	
36.5	24.4	27.7	26.7	42.4	28.1	26.8	38.6	
54.3	21.9	37.0	21.9	39.1	25.5	25.6	22.6	
15.5	19.9	24.0	13.1	14.7	19.9	12.9	23.1	
25.6	31.0	31.3	34.3	37.5	24.1	24.0	28.0	
16.6	21.1	14.6	33.3	18.6	15.8	11.0	18.5	
23.4	21.1	34.1	20.6	15.7	39.6	37.8	24.4	
20.7	47.7	42.5	31.7	25.7	51.1	20.2	24.1	
41.2	25.1	35.0	36.6	27.5	28.0	34.6	31.0	
18.5	25.9	21.9	13.4	13.9	11.3	23.4	27.1	
20.5	26.2	26.3	44.2	24.3	33.7	21.5	15.6	
63.6	40.1	70.9	59.1	47.4	66.2	67.9	61.7	
13.8	30.3	28.4	21.7	16.3	20.5	11.9	16.8	
39.2	23.9	33.0	45.1	19.3	33.1	29.8	30.2	
27.3	37.3	23.4	55.3	31.5	47.8	32.9	41.9	
31.9	29.7	23.0	31.1	35.5	32.1	19.0	15.7	
31.1	44.1	46.7	32.8	22.4	45.2	26.2	65.1	
63.2	16.4	37.7	28.5	43.8	39.3	53.8	23.5	
46.0	28.8	51.8	54.1	43.1	50.3	58.7	56.9	
45.5	26.7	49.1	69.2	35.9	52.4	33.4	36.3	
59.6	67.1	54.0	51.1	47.7	53.1	41.3	25.5	
25.6	15.6	26.5	13.0	10.5	15.4	31.3	27.2	
43.9	63.5	34.5	64.9	37.0	36.5	36.6	43.9	
28.4	48.8	46.6	52.0	52.6	46.9	35.7	45.8	
24.7	17.1	33.4	21.5	33.1	30.9	19.1	23.8	
85.7	33.8	49.3	55.7	37.2	52.4	37.1	54.0	
41.3	50.3	46.4	28.3	52.7	45.1	62.8	40.5	
32.0	25.6	36.1	24.8	27.4	28.9	23.7	19.4	
31.0	24.1	30.5	20.5	32.3	26.9	26.2	27.7	
33.6	32.3	16.9	27.6	34.6	22.0	25.3	32.3	
37.8	26.8	42.6	39.7	27.3	26.9	30.7	41.2	
38.9	39.0	20.5	39.1	26.8	47.3	32.0	42.0	
39.4	39.5	30.4	30.3	33.7	27.1	17.4	14.8	
51.8	55.1	49.1	54.6	78.4	50.8	127.1	64.8	
42.4	40.7	31.9	38.4	38.1	58.6	29.8	29.3	
19.8	35.9	15.2	21.0	26.1	31.5	19.5	27.3	
18.3	17.6	15.0	21.6	24.4	18.1	29.6	29.4	
33.2	20.9	36.9	39.0	50.0	37.4	63.0	28.6	
38.8	62.1	47.4	33.8	34.5	37.3	61.7	40.5	
34.2	36.4	25.0	31.7	46.6	28.1	28.1	22.3	
12.3	19.2	16.9	23.9	17.2	27.0	13.7	12.0	
37.4	47.0	30.1	20.9	21.8	31.1	30.3	30.3	
34.4	40.2	13.6	13.9	18.7	11.7	43.9	17.8	
32.7	17.3	14.7	20.5	18.4	32.0	26.2	21.3	
39.5	32.6	28.2	22.8	26.2	25.3	46.0	20.2	
62.1	58.8	32.5	64.4	48.8	44.5	48.1	48.5	
20.1	27.9	21.5	24.4	38.2	19.2	28.9	36.2	
58.3	47.0	46.8	27.1	33.0	53.0	42.0	50.6	
34.2	24.5	20.6	19.2	55.6	36.4	27.6	21.8	
17.8	20.0	20.1	23.5	43.8	38.6	17.4	15.2	
20.7	35.2	14.5	18.6	32.5	30.0	16.7	24.2	
12.3	24.3	26.2	17.3	51.2	38.7	27.2	27.4	
14.0	35.1	45.8	45.5	28.8	29.1	30.2	25.1	
40.9	38.3	26.1	30.2	30.5	27.9	19.8	27.4	
35.8	41.6	27.7	27.0	35.9	47.1	33.4	24.6	
28.0	39.3	38.3	39.5	33.6	31.2	38.2	34.5	
42.2	26.5	46.2	47.0	44.9	61.2	71.2	57.5	
35.7	42.3	30.8	29.8	35.6	37.8	27.8	28.7	
9.8	17.5	24.8	10.3	13.4	25.6	18.2	10.0	
15.6	12.7	15.4	8.3	9.8	10.6	11.7	12.6	
27.8	49.4	39.5	51.8	40.5	34.4	53.7	27.8	
29.3	41.3	39.2	33.7	39.5	24.2	20.6	43.9	
15.8	11.4	16.0	14.6	13.8	10.4	18.1	21.6	
39.9	32.4	24.7	40.4	33.0	26.4	24.7	24.5	
26.2	28.6	15.4	37.4	26.7	20.4	26.1	14.6	
20.3	34.9	27.8	40.2	16.5	37.7	24.3	62.4	
15.7	40.2	17.0	8.6	20.3	33.8	25.8	26.5	
14.3	23.2	25.1	19.3	36.4	37.7	19.2	22.8	
62.0	41.8	39.1	93.2	48.3	53.4	54.3	46.5	
37.4	25.9	14.9	30.9	21.4	20.8	25.0	14.9	
55.0	53.8	70.9	56.4	26.6	50.7	59.1	64.0	
25.9	19.0	24.3	24.6	28.7	11.9	29.9	28.8	
33.3	43.0	24.6	22.7	65.6	38.2	57.2	31.7	
54.5	24.9	56.7	53.8	66.8	42.2	36.7	48.9	
16.7	58.0	33.0	32.6	34.7	17.6	25.4	36.6	
40.9	48.2	41.9	32.3	19.6	29.3	29.7	24.9	
47.8	45.8	41.9	30.9	62.7	49.7	55.2	43.4	
29.9	40.7	64.3	34.4	44.6	61.7	57.8	25.7	
45.3	56.2	23.1	20.2	40.9	38.5	24.4	27.8	
94.3	63.2	63.7	46.2	64.2	69.2	34.4	41.6	
53.6	54.4	53.9	45.9	50.9	71.9	47.6	28.4	
28.5	21.9	30.5	24.7	30.5	22.8	36.4	34.6	
25.3	46.8	34.2	27.9	38.3	53.5	29.8	48.0	
38.5	32.6	32.5	45.5	26.5	42.4	53.1	28.1	
20.2	25.9	21.9	25.2	25.3	33.1	31.3	20.0	
16.0	21.9	28.7	27.5	17.0	13.2	20.1	22.2	
38.3	57.2	95.6	46.4	59.5	81.3	55.3	80.9	
46.8	34.7	39.4	48.5	32.3	38.9	26.8	24.2	
36.3	20.5	30.4	41.9	44.6	39.0	32.6	32.9	
30.5	44.0	56.6	54.0	46.5	52.5	76.8	54.7	
81.1	52.0	62.4	40.3	63.8	57.1	34.0	51.0	
29.0	16.6	24.9	33.3	21.9	29.2	36.7	18.3	
44.3	58.6	28.8	51.2	50.6	52.8	24.1	47.8	
29.5	28.1	28.0	19.6	42.7	18.7	41.8	29.6	
37.2	51.6	52.7	43.8	47.1	78.2	41.8	96.3	
26.8	20.3	10.9	19.9	9.9	19.5	12.3	34.7	
60.6	54.5	53.6	79.8	48.9	31.7	53.1	65.3	
14.6	21.3	27.2	29.9	31.8	29.4	37.0	42.0	
36.1	43.7	32.2	38.1	22.1	30.2	17.1	45.3	
35.4	29.6	29.9	42.7	62.6	30.8	49.9	41.7	
39.2	43.2	29.2	15.0	45.0	31.6	26.8	31.8	
30.4	18.1	21.2	45.6	18.3	24.4	23.9	25.2	
40.9	31.9	18.1	33.4	38.3	44.5	46.1	41.7	
24.9	12.0	19.9	42.2	14.1	30.4	26.5	27.6	
57.9	46.2	29.2	36.9	25.2	23.7	50.6	40.9	
62.7	36.7	24.1	42.9	35.1	41.9	64.0	65.7	
23.3	29.9	54.7	51.4	27.6	21.1	41.2	27.8	
21.9	26.7	21.1	21.5	21.9	26.1	22.8	38.2	
60.6	65.3	55.6	47.3	34.1	26.8	50.3	78.5	
54.7	49.0	65.0	49.5	52.7	65.5	51.4	61.9	
40.7	42.0	38.4	58.6	38.5	35.1	65.2	53.1	
20.3	16.1	14.8	12.3	12.5	19.6	19.4	12.2	
33.8	42.6	24.9	26.7	25.4	20.1	15.7	51.4	
21.3	31.7	21.5	17.4	19.0	31.3	25.5	15.5	
20.5	19.8	11.4	14.9	18.3	20.9	18.2	14.6	
15.2	11.6	35.2	24.9	10.8	14.7	18.8	17.6	
33.9	16.8	20.6	28.0	32.1	46.7	24.5	55.1	
58.2	56.3	40.1	61.7	48.6	89.6	58.0	47.2	
28.2	43.8	35.0	34.2	24.6	32.9	14.8	19.4	
53.0	49.5	33.0	31.8	20.1	28.5	19.7	26.6	
44.3	34.9	32.7	46.1	37.5	25.1	33.8	42.6	
26.4	42.6	51.9	39.9	22.4	26.2	40.7	21.2	
26.3	25.9	24.7	30.7	28.1	20.9	22.1	27.9	
20.5	39.0	20.4	42.2	22.4	33.0	37.1	19.6	
21.7	38.7	27.0	23.0	21.9	24.1	27.0	27.9	
48.2	39.0	76.9	51.1	39.3	26.3	49.0	42.4	
72.3	38.0	60.7	48.9	51.4	68.8	35.6	80.5	
30.0	54.8	29.4	61.3	22.5	52.3	23.4	52.6	
27.7	16.6	30.8	26.6	12.9	22.5	25.6	19.3	
10.2	15.5	10.0	21.2	13.3	21.8	8.6	8.6	
53.9	34.8	51.5	41.1	59.5	40.9	47.5	38.6	
22.7	31.5	25.5	23.8	40.3	30.1	24.7	32.4	
19.1	22.0	16.4	20.9	18.8	34.0	21.4	21.9	
33.4	42.3	20.0	33.4	32.2	39.0	20.7	26.1	
14.0	23.6	20.0	10.3	15.0	15.3	14.6	11.7	
51.9	53.4	60.8	71.4	60.5	44.0	40.2	68.4	
43.0	26.4	38.8	28.4	22.2	26.5	30.2	34.5	
20.2	17.0	27.9	48.3	32.3	18.4	32.7	14.9	
44.4	25.3	33.2	45.2	53.1	21.8	37.4	46.8	
32.2	40.8	78.0	49.7	37.8	33.1	84.6	59.0	
17.1	34.1	31.9	15.0	22.3	20.4	15.1	31.2	
49.6	41.5	41.6	60.1	32.1	25.3	63.1	32.7	
53.1	76.0	67.5	52.3	66.2	51.4	52.6	41.4	
27.7	22.5	40.8	21.5	57.7	35.1	27.1	34.9	
12.8	21.3	22.1	26.3	27.6	27.3	29.9	13.2	
22.2	18.6	18.6	30.0	29.7	23.9	29.1	37.2	
51.7	50.4	63.5	23.9	38.1	36.3	25.1	42.6	
22.2	22.9	16.8	17.1	16.3	24.0	17.7	14.7	
25.1	23.1	23.5	26.8	23.2	18.3	27.2	20.8	
31.4	23.4	40.5	28.0	22.5	27.8	22.7	34.5	
44.5	33.9	45.7	34.4	51.6	47.4	49.1	30.0	
27.6	27.7	34.3	27.0	26.3	36.9	32.5	37.0	
49.2	51.4	25.0	34.0	41.7	39.6	40.9	46.6	
17.5	31.0	20.3	34.1	19.1	41.2	22.7	36.4	
41.0	42.7	33.0	48.8	23.3	34.1	31.1	29.0	
51.9	61.5	54.8	33.4	23.8	35.1	36.8	26.4	
20.8	28.6	17.7	25.9	35.4	20.5	27.5	23.5	
44.4	83.7	42.4	41.7	68.1	30.1	43.8	36.2	
42.3	46.6	49.1	56.4	60.7	78.2	91.2	59.5	
15.1	15.2	21.0	15.0	8.6	14.9	17.6	20.0	
20.3	20.6	37.7	55.6	32.4	33.5	35.4	16.6	
32.1	43.4	22.6	32.5	37.0	18.9	40.6	27.5	
49.6	55.3	48.5	46.3	65.8	61.3	41.1	48.7	
21.6	25.9	21.2	29.3	48.2	30.6	30.5	30.2	
66.0	58.1	41.4	55.1	56.9	34.8	42.7	27.4	
23.5	25.3	23.2	22.5	24.9	22.4	29.8	31.3	
47.1	37.2	31.2	65.2	37.6	36.0	36.9	46.2	
57.7	47.5	46.9	40.3	34.3	40.8	35.0	40.4	
49.3	74.7	55.4	33.0	37.4	32.5	30.6	67.5	
41.7	26.2	19.1	29.1	13.9	14.3	28.4	33.4	
32.0	11.8	22.3	24.6	21.5	17.6	32.1	32.6	
60.7	27.4	43.0	44.7	28.7	34.9	34.7	40.7	
32.7	30.6	40.2	50.3	16.4	63.8	28.0	21.8	
27.9	28.3	20.6	22.2	23.4	33.0	16.0	35.0	
40.4	30.4	33.0	23.8	47.5	48.0	40.9	45.7	
32.8	36.3	48.6	28.3	27.9	28.2	32.7	40.0	
45.2	18.1	16.9	25.5	16.4	26.9	32.2	16.3	
25.2	12.4	14.9	14.6	12.2	24.3	17.6	28.9	
29.3	26.3	68.1	45.6	29.2	25.9	44.8	23.1	
25.8	34.1	26.8	28.1	48.2	34.1	29.9	34.7	
28.5	44.5	42.8	19.5	30.5	26.0	20.0	50.4	
28.6	31.4	28.6	32.9	37.2	35.5	29.5	20.3	
27.8	9.1	24.1	7.6	17.2	21.5	28.6	14.0	
19.3	34.2	31.7	26.7	30.4	30.5	42.8	31.1	
24.5	26.9	38.2	19.9	24.8	26.3	32.8	19.9	
14.2	15.9	17.6	19.2	20.4	23.9	18.9	13.9	
20.4	24.1	35.4	28.7	26.2	46.2	25.4	25.3	
45.6	67.8	50.8	59.5	86.8	55.0	40.7	51.1	
19.0	39.8	20.8	22.7	36.2	19.1	45.4	38.7	
25.6	37.1	39.8	31.9	24.4	37.4	23.2	40.6	
19.4	26.3	23.4	30.0	26.4	38.0	38.7	25.0	
29.6	30.9	30.0	24.1	20.6	43.8	17.2	33.2	
23.7	23.8	34.5	33.3	21.4	32.2	41.3	23.4	
64.1	35.5	38.1	61.9	32.9	38.2	43.9	39.2	
37.1	42.9	46.3	50.4	62.6	39.6	36.2	71.5	
14.6	15.2	14.8	14.9	15.1	9.7	19.8	19.6	
22.9	49.2	33.6	25.2	38.3	47.4	50.3	30.3	
22.5	18.2	42.8	22.1	31.2	20.9	32.9	40.0	
54.9	27.4	40.6	34.2	37.5	40.4	36.9	23.3	
31.1	30.1	23.2	32.6	54.3	31.8	42.0	32.9	
21.6	38.0	31.7	13.3	23.5	23.2	19.1	15.2	
102.3	51.8	132.1	54.1	69.8	43.0	80.6	84.0	
53.6	36.7	13.8	60.3	60.2	73.4	73.9	43.8	
24.0	20.9	20.6	9.3	24.8	21.7	20.1	20.2	
29.5	25.1	22.4	46.2	19.0	35.4	36.9	44.0	
39.4	45.2	76.7	72.4	40.6	44.6	32.6	66.1	
21.4	25.9	22.6	15.6	18.9	23.7	25.3	20.2	
33.2	20.3	26.1	34.5	50.0	40.7	14.3	31.9	
45.7	30.0	13.3	31.3	27.1	44.6	35.1	27.6	
31.5	48.0	57.7	48.3	38.3	51.8	64.4	29.8	
25.1	22.6	18.7	21.8	15.7	24.3	16.6	24.5	
21.4	15.5	23.0	28.6	26.2	31.8	40.2	49.6	
23.9	26.1	34.4	25.5	18.5	20.6	21.7	17.8	
27.5	32.0	27.6	24.5	34.7	31.0	21.6	22.9	
24.4	15.7	36.8	29.8	17.6	35.7	26.5	37.6	
28.3	44.2	46.2	17.0	46.7	31.5	55.9	37.6	
35.9	32.1	51.3	53.5	47.8	73.2	57.5	49.1	
37.3	35.9	63.6	48.8	36.6	34.1	33.0	41.0	
24.0	15.4	15.0	14.1	27.1	17.1	14.9	13.1	
33.3	22.0	21.8	27.2	21.2	23.9	37.8	25.4	
48.1	26.9	22.7	22.4	32.8	28.2	24.2	20.5	
15.1	25.0	14.8	22.3	20.3	32.7	17.7	19.2	
16.1	40.0	27.0	30.6	48.8	30.1	56.9	42.6	
34.6	43.3	35.2	38.2	47.4	42.7	22.9	25.2	
17.0	22.4	28.3	26.8	27.1	27.5	19.2	34.0	
41.6	52.3	29.4	39.3	42.4	49.4	27.1	36.4	
10.3	33.5	28.7	23.4	20.0	35.5	35.2	24.9	
41.7	35.7	46.6	31.4	33.5	38.8	26.3	40.9	
66.5	60.0	56.7	63.4	29.5	32.0	56.8	44.6	
25.3	36.9	30.5	21.7	24.8	26.9	41.9	40.6	
43.1	28.2	14.1	45.8	41.1	26.7	66.7	27.5	
32.0	21.5	32.3	32.9	19.2	33.9	37.9	27.2	
54.6	42.4	45.8	66.7	23.5	49.0	43.9	30.6	
26.4	27.2	30.5	26.0	22.5	27.4	35.7	26.9	
23.0	26.8	35.9	29.0	47.7	16.0	27.1	40.1	
28.7	19.0	30.4	33.6	31.6	26.7	35.0	23.8	
43.8	29.5	37.4	49.0	28.2	41.4	42.4	33.9	
36.8	45.0	33.1	26.8	33.6	23.5	17.9	37.1	
30.1	56.5	33.3	29.5	29.3	57.0	29.9	18.2	
45.3	24.7	48.6	29.0	55.2	27.9	34.4	41.8	
26.9	12.5	38.1	14.7	24.0	16.1	25.2	16.3	
21.8	47.4	33.4	28.3	37.4	44.9	29.4	52.8	
33.3	50.8	68.7	71.5	43.7	39.3	71.1	53.9	
32.0	34.6	24.2	28.6	25.6	34.6	21.6	21.5	
29.8	35.8	30.2	32.9	40.5	27.5	37.6	23.6	
36.6	23.8	52.3	32.8	20.7	26.7	35.4	36.4	
31.6	38.4	25.6	28.5	29.9	56.9	38.0	44.9	
30.7	24.9	35.3	24.9	27.1	27.6	41.4	29.8	
20.7	34.5	14.4	28.3	21.1	20.2	13.1	15.6	
19.9	27.4	17.7	27.2	22.3	21.0	15.8	24.5	
17.4	26.7	21.2	30.1	19.6	15.8	16.6	12.2	
30.6	27.3	23.2	17.1	36.3	20.7	28.5	33.3	
17.9	48.3	11.8	48.2	40.0	39.6	23.5	24.0	
41.9	84.5	94.7	75.6	40.1	41.3	53.5	29.4	
18.5	19.6	25.5	21.3	21.8	22.4	25.9	28.9	
64.3	39.8	51.8	31.6	60.3	49.2	45.4	38.0	
85.4	46.2	67.2	48.3	34.6	46.2	55.5	49.1	
33.7	37.7	33.1	57.9	36.3	43.7	47.1	35.1	
33.7	47.4	73.9	22.9	32.3	36.0	31.4	44.2	
59.5	37.7	44.7	80.4	40.4	46.2	62.4	35.8	
37.2	34.9	36.9	30.9	22.5	25.8	27.4	20.8	
41.3	25.6	31.1	23.7	28.7	26.9	32.9	22.4	
28.0	39.3	20.4	40.3	30.8	56.8	39.1	34.4	
50.3	37.3	24.1	26.9	30.3	17.5	27.7	28.8	
23.1	23.4	29.6	19.3	14.8	19.9	21.5	18.0	
15.1	35.0	25.3	39.8	34.6	45.9	35.5	28.3	
39.5	46.6	46.2	79.7	47.1	40.9	53.0	46.2	
28.4	19.2	18.4	25.1	28.7	19.1	18.3	30.6	
40.1	63.1	44.4	87.9	43.9	57.4	46.2	90.7	
36.2	30.6	60.2	34.6	21.3	49.7	65.6	62.5	
28.6	20.5	22.6	30.6	22.0	17.9	27.8	39.8	
23.1	27.4	31.6	33.9	10.8	25.9	22.1	25.3	
65.4	74.6	55.6	53.1	34.6	48.9	26.2	39.0	
25.9	24.5	11.2	29.4	21.2	19.3	32.3	14.8	
22.3	11.7	15.1	18.0	19.1	19.4	15.8	18.6	
43.3	37.1	54.5	31.1	49.1	38.8	39.2	62.1	
48.2	48.4	30.3	48.2	95.6	57.6	42.0	37.2	
25.7	35.9	31.5	33.8	23.6	47.4	35.2	29.8	
24.1	17.6	13.4	14.9	17.6	16.4	10.4	25.4	
36.1	32.6	22.6	22.0	63.0	52.8	28.4	47.6	
34.7	58.8	37.9	52.0	41.0	28.0	34.7	60.4	
30.3	40.0	32.4	46.9	48.8	45.3	29.0	40.6	
22.8	37.6	32.1	26.4	26.0	51.4	36.5	44.9	
38.9	27.6	50.5	47.3	35.9	39.1	51.2	47.5	
13.4	19.8	22.2	15.6	14.2	16.9	25.4	19.2	
38.0	40.8	66.6	28.9	29.1	51.4	45.8	55.5	
33.2	22.4	25.4	23.3	34.6	35.0	16.0	30.6	
16.1	28.5	22.5	27.1	17.0	19.5	16.2	24.8	
47.6	30.8	20.1	33.6	39.7	42.7	20.7	60.0	
35.3	32.0	35.9	27.6	21.9	24.5	15.0	33.2	
42.2	30.5	68.0	40.1	37.8	36.6	61.3	27.2	
21.0	37.1	42.9	48.6	56.4	45.8	49.0	54.0	
63.7	39.0	49.5	60.3	68.6	38.1	37.3	54.7	
90.9	65.3	107.2	27.0	38.6	86.0	31.4	69.8	
19.2	44.7	96.0	84.6	85.3	39.4	47.3	73.1	
58.6	39.8	27.9	33.2	23.0	41.6	29.9	42.1	
29.6	28.6	27.6	46.8	35.3	52.9	40.1	34.5	
41.5	27.0	20.9	40.2	29.8	34.0	35.9	25.7	
42.9	47.9	31.2	28.8	56.4	25.0	78.9	56.4	
38.1	50.1	33.8	47.6	47.8	42.8	44.3	40.7	
24.2	32.6	21.9	18.7	25.5	41.0	31.1	21.0	
16.7	23.5	30.3	19.1	19.7	27.6	22.9	20.6	
34.1	28.9	37.7	43.8	42.6	39.7	25.7	42.4	
36.8	47.9	43.9	30.5	35.6	63.4	48.8	31.1	
35.9	52.5	48.9	53.5	54.9	52.8	36.9	72.1	
15.7	16.6	14.4	13.9	18.6	10.0	16.3	18.1	
70.5	66.4	29.2	53.4	47.9	61.4	58.9	51.0	
12.9	14.5	12.4	21.8	17.4	12.2	15.6	21.1	
40.6	26.0	38.2	20.1	30.7	34.1	24.9	34.7	
38.2	12.9	17.4	17.6	25.1	22.8	19.7	22.4	
29.4	10.4	20.0	26.4	20.1	21.4	21.3	14.3	
28.0	33.5	26.4	29.6	42.6	18.2	32.3	18.1	
26.1	15.0	24.6	20.0	21.8	33.0	20.4	20.8	
19.3	18.3	24.6	18.2	28.7	30.7	25.1	23.6	
38.3	19.2	33.0	25.0	28.2	34.7	36.5	21.6	
28.5	26.7	19.1	25.2	15.1	19.2	21.9	18.9	
34.4	34.5	26.9	30.7	28.7	36.1	42.3	54.5	
28.1	26.9	40.3	33.0	12.8	21.2	27.3	37.2	
21.7	26.4	39.8	48.6	20.8	27.9	39.9	17.9	
17.6	25.1	28.6	32.2	40.9	35.4	40.7	39.4	
48.1	57.2	68.9	42.1	36.8	45.3	54.7	59.1	
23.0	35.8	83.6	41.4	37.2	35.4	70.2	65.4	
29.1	18.6	33.9	27.9	22.7	20.5	13.2	20.8	
45.9	46.9	36.6	51.3	34.5	20.5	45.0	30.4	
29.0	23.6	27.6	34.5	33.5	50.7	30.5	40.0	
47.3	19.4	36.5	31.0	40.6	38.7	35.8	36.1	
43.1	24.6	42.7	48.6	28.7	25.1	38.3	40.5	
27.2	11.9	24.4	31.4	24.2	21.5	18.8	38.3	
45.6	59.1	52.5	28.9	31.7	57.1	32.6	61.7	
39.6	34.0	46.8	63.4	47.0	27.1	37.1	28.4	
14.2	37.5	47.1	35.8	40.4	37.7	30.1	32.8	
17.6	40.1	21.6	46.5	28.9	35.1	36.2	25.3	
19.8	16.6	25.5	11.4	19.6	17.9	23.0	22.2	
40.6	22.7	7.6	28.1	44.8	17.0	28.0	29.6	
28.6	28.1	16.4	41.1	26.5	41.7	28.9	21.6	
23.2	38.1	40.3	26.2	17.1	23.4	36.5	38.8	
22.5	25.9	51.9	51.9	50.3	42.5	51.0	25.8	
51.3	50.8	38.9	57.8	27.8	24.5	59.2	29.0	
29.0	45.0	40.8	60.7	50.1	47.1	54.6	39.5	
27.1	26.8	23.8	21.3	40.0	33.2	49.1	42.4	
29.9	27.2	26.9	34.0	25.8	28.8	60.6	29.8	
72.8	50.3	59.9	26.3	52.5	46.5	35.7	41.6	
22.8	22.8	15.9	19.9	20.8	15.6	30.9	28.9	
27.7	17.2	22.8	36.3	39.5	28.7	42.7	44.5	
42.0	28.6	39.0	22.7	27.6	29.2	25.1	33.1	
46.3	33.9	47.2	22.7	18.8	48.4	26.4	34.4	
22.0	20.2	28.7	26.1	22.8	15.9	18.5	24.6	
31.5	27.4	37.1	37.0	46.5	38.3	40.5	30.0	
25.3	38.3	35.8	29.3	34.7	48.3	28.5	46.0	
15.1	14.4	20.3	13.6	41.3	33.5	16.4	15.6	
36.4	20.3	54.4	32.0	46.9	36.3	31.8	34.0	
56.4	62.7	36.4	41.6	32.2	23.8	43.9	34.9	
19.3	18.9	16.5	24.2	20.5	20.6	14.2	19.2	
28.9	13.4	23.8	16.6	27.5	23.1	36.3	15.8	
21.1	23.8	27.2	16.9	28.9	50.8	18.8	23.3	
14.6	21.5	23.2	32.3	33.5	23.9	38.7	25.1	
20.3	23.8	20.6	38.9	23.9	22.0	55.2	35.3	
42.4	33.7	36.9	24.6	37.5	47.0	27.7	38.4	
23.5	46.6	31.7	28.4	30.9	31.4	49.8	36.1	
45.9	48.2	54.8	50.0	33.5	41.7	46.2	42.5	
45.3	50.2	41.0	23.7	49.7	57.9	37.3	34.4	
56.1	30.0	55.9	29.9	42.7	53.6	39.7	48.8	
25.0	30.6	20.1	42.6	44.6	64.2	38.1	26.4	
30.5	37.9	56.5	53.2	53.2	49.2	35.5	37.2	
43.9	37.4	26.7	40.9	45.7	28.4	20.9	32.1	
32.7	76.1	23.1	38.2	42.3	28.1	37.3	56.2	
