36.7	25.2	44.8	46.8	49.0	35.7	50.7	32.9	
19.7	21.1	30.7	32.8	20.8	30.6	19.5	15.1	
15.4	24.8	17.1	15.6	29.2	28.4	15.7	39.0	
39.5	72.3	40.3	24.6	43.6	34.1	53.9	40.5	
33.9	18.4	12.8	25.3	29.0	23.0	22.7	18.5	
34.0	43.9	46.1	33.2	35.5	30.0	34.0	32.3	
44.4	36.7	56.9	52.2	56.9	30.5	39.2	33.1	
40.7	27.6	22.9	19.9	31.1	37.3	25.9	28.7	
32.3	44.4	19.8	40.2	23.7	22.4	25.5	28.2	
29.8	40.4	33.7	34.6	41.0	21.6	20.5	24.6	
47.1	42.3	39.5	47.9	28.5	31.5	37.0	48.7	
42.2	31.7	36.6	24.0	17.6	41.0	15.9	29.5	
36.4	43.4	31.2	25.8	42.7	26.0	27.1	42.3	
37.5	33.6	28.9	49.4	57.9	35.7	69.4	45.3	
35.5	32.3	20.0	33.0	28.5	27.0	30.9	28.5	
40.9	76.3	56.8	29.1	47.5	70.2	58.8	42.2	
31.6	46.6	48.3	27.1	33.3	35.6	41.7	32.3	
24.8	45.9	12.9	34.1	14.6	13.0	21.7	20.4	
16.5	30.3	42.7	40.4	41.7	53.5	54.9	22.6	
29.5	25.2	15.2	21.0	19.3	27.2	31.7	33.1	
70.3	40.8	35.5	34.9	39.6	56.9	46.6	59.6	
21.0	38.9	22.5	17.8	22.4	15.9	29.2	17.0	
53.6	37.9	49.6	27.0	30.4	21.3	37.5	44.9	
29.7	37.5	29.9	26.3	34.4	25.0	35.3	32.3	
15.2	13.5	12.6	8.6	9.6	10.3	9.6	3.9	
17.9	42.0	33.6	22.2	42.1	28.9	20.1	46.9	
24.0	33.9	37.5	34.6	36.7	39.2	39.5	23.3	
20.9	28.5	28.4	21.8	28.9	27.7	25.8	22.8	
33.1	64.2	61.1	60.4	33.0	54.9	38.7	22.9	
38.1	31.2	33.2	21.6	33.9	19.9	28.8	30.5	
30.7	46.8	42.6	28.5	61.7	27.9	33.0	34.3	
20.0	27.8	27.7	23.3	17.7	22.6	26.3	20.6	
27.4	41.7	41.6	23.9	37.6	48.2	34.5	25.6	
15.1	29.0	31.8	35.4	31.7	24.9	17.8	31.5	
25.6	41.5	59.0	34.5	60.4	39.0	45.6	46.4	
32.6	47.8	51.8	40.7	27.5	41.1	48.3	28.8	
31.3	39.7	52.8	25.7	62.2	46.4	34.9	37.0	
24.6	27.8	38.5	26.2	28.2	27.8	42.3	60.3	
63.0	50.5	58.9	43.6	51.5	61.5	43.0	32.7	
36.7	71.7	66.7	47.1	80.2	14.1	33.9	28.3	
32.1	24.2	26.9	23.8	29.5	40.6	27.6	24.4	
38.2	41.1	71.8	47.5	37.0	39.2	35.8	44.9	
50.8	23.0	45.4	58.0	48.3	57.1	69.7	52.9	
27.0	23.3	17.1	16.6	14.4	24.5	25.6	16.0	
11.4	13.2	12.0	6.3	10.0	11.9	9.5	10.0	
27.6	19.6	44.1	29.7	29.5	23.7	14.5	22.9	
19.7	15.9	10.9	12.5	12.7	14.8	22.2	16.4	
20.3	21.4	38.9	22.9	26.2	22.1	16.4	15.0	
27.9	39.2	22.2	38.9	27.9	30.2	39.1	48.2	
22.7	17.0	17.1	31.9	23.2	21.5	16.1	15.3	
19.0	34.2	34.2	23.4	40.9	36.6	38.9	18.5	
33.7	39.0	21.6	44.7	38.4	48.0	51.8	53.5	
31.4	31.7	50.8	47.4	39.6	40.7	49.9	42.6	
35.7	56.9	53.8	30.9	36.3	26.4	37.6	36.6	
42.3	23.6	37.1	31.5	26.4	31.7	36.0	31.7	
22.7	38.0	18.4	27.7	28.4	28.4	28.3	26.4	
37.5	64.1	27.7	46.3	27.9	28.6	47.3	38.5	
28.2	30.6	32.1	32.5	20.9	28.6	22.4	24.8	
47.4	52.1	34.7	42.6	55.7	48.3	23.7	48.0	
49.5	51.3	34.8	37.1	29.5	30.1	26.0	34.7	
51.7	26.0	57.2	43.1	23.0	40.1	40.4	55.8	
14.7	33.4	24.5	27.0	30.3	46.6	19.2	25.2	
31.3	18.4	19.6	28.8	29.9	24.1	23.5	21.3	
12.3	18.1	7.1	8.7	14.3	18.9	14.6	10.4	
41.9	24.3	44.5	36.7	39.1	35.5	30.4	44.7	
23.6	37.3	16.3	27.2	22.0	35.5	15.8	24.3	
22.1	31.5	39.7	61.7	44.7	51.5	24.2	35.8	
21.0	36.9	20.3	31.5	32.7	29.2	21.9	36.3	
93.6	59.8	62.5	87.8	60.5	66.0	81.1	49.1	
27.0	22.1	17.7	50.9	33.5	16.3	33.5	19.2	
25.2	35.0	24.1	35.2	34.9	29.3	39.7	44.8	
46.2	37.2	28.1	39.2	37.4	53.6	59.9	34.5	
33.4	51.7	47.7	38.8	46.5	34.1	32.9	32.1	
46.4	28.1	34.9	37.6	36.2	35.1	40.5	32.8	
35.0	34.9	25.1	26.0	27.4	29.6	45.8	31.8	
19.7	23.3	23.8	30.1	29.5	26.5	31.0	28.4	
45.0	22.9	49.7	62.8	70.4	43.9	55.2	53.0	
31.1	29.8	31.8	39.4	24.6	45.3	29.4	29.6	
30.9	43.5	24.2	40.9	18.4	24.2	44.2	34.4	
68.2	38.6	59.2	63.8	75.0	61.3	62.8	61.5	
34.3	53.5	52.2	45.8	44.5	56.4	53.7	75.5	
34.2	16.6	16.3	31.9	44.9	43.4	28.4	32.8	
46.0	58.3	30.5	41.8	41.6	60.4	48.2	85.3	
28.5	37.8	29.2	32.8	28.9	38.4	41.1	49.9	
36.6	42.2	65.4	50.6	51.8	49.1	58.2	40.7	
32.6	32.2	36.5	43.9	48.1	40.1	31.5	41.3	
22.3	19.1	40.4	19.5	8.0	16.6	22.1	28.1	
54.1	44.3	35.6	33.7	38.2	43.8	40.8	25.7	
88.7	90.0	42.4	36.0	62.5	69.4	64.4	63.1	
19.7	15.7	17.9	28.1	12.3	19.3	11.9	13.0	
31.9	35.9	55.0	65.6	20.4	41.5	36.1	36.3	
36.3	31.7	34.2	23.1	41.4	35.0	19.0	18.1	
22.1	24.0	15.3	35.1	9.6	26.7	24.0	26.0	
30.0	20.2	43.2	33.3	31.2	31.0	16.8	24.6	
32.3	47.7	19.9	37.7	33.6	24.6	40.4	31.7	
39.3	31.6	33.7	37.2	25.2	24.8	32.9	15.6	
39.4	20.1	17.5	23.0	16.4	18.4	28.2	52.1	
36.3	42.5	32.7	30.9	39.4	46.6	40.9	44.5	
20.6	37.8	15.6	39.9	45.5	41.7	45.9	31.3	
36.5	50.3	34.1	47.0	30.7	35.9	27.8	38.7	
37.3	30.1	13.6	35.7	17.3	27.0	25.0	7.4	
26.0	36.1	30.3	18.7	28.6	29.9	26.1	32.1	
55.3	44.0	42.5	61.5	27.4	28.4	28.5	54.4	
27.1	23.1	29.4	26.6	35.4	34.8	37.9	51.6	
36.9	27.7	51.3	57.3	44.2	35.9	45.9	56.2	
30.2	36.7	43.4	30.8	30.7	49.1	36.5	39.7	
21.3	15.3	28.6	16.5	17.9	21.7	15.1	21.7	
38.5	31.8	24.4	19.9	29.7	32.4	20.8	33.6	
25.5	42.9	39.2	45.6	34.2	31.7	60.2	35.2	
46.2	46.8	58.4	55.0	40.4	32.4	53.9	31.5	
35.4	17.5	15.8	18.3	22.2	24.5	27.3	21.0	
58.3	52.9	53.2	35.0	74.1	54.0	49.8	54.6	
31.6	30.5	35.7	18.4	42.2	39.4	12.8	29.5	
20.0	22.6	23.3	31.8	29.6	22.2	26.4	23.3	
42.4	31.4	51.7	37.1	31.3	15.3	47.4	38.3	
32.8	29.6	29.0	31.3	38.3	28.5	35.2	48.1	
58.9	31.8	71.2	101.8	64.7	58.3	41.6	45.7	
24.4	19.5	14.6	17.7	16.2	28.5	19.4	25.9	
43.6	28.7	41.8	28.3	8.3	38.7	33.2	29.6	
21.8	16.9	23.6	17.5	11.7	16.0	18.7	7.7	
38.4	67.0	26.7	54.1	44.3	32.1	30.6	50.4	
43.0	48.3	29.7	66.9	34.4	49.2	41.0	58.3	
40.4	26.0	23.6	17.8	23.7	28.7	21.8	32.2	
35.8	48.3	43.7	23.8	52.4	64.1	40.3	39.9	
34.9	34.3	38.2	42.6	35.1	35.2	58.8	30.4	
27.2	35.7	30.8	29.3	45.2	43.4	31.3	41.3	
25.1	28.5	29.4	22.7	28.1	41.0	27.7	16.3	
22.1	29.9	36.9	29.6	36.9	40.7	40.8	23.7	
18.6	20.6	17.1	17.4	31.9	22.9	17.1	30.5	
23.1	27.0	22.9	25.1	22.3	15.4	29.7	34.5	
51.5	55.2	34.0	47.3	52.9	50.3	28.2	41.2	
37.6	50.7	38.9	52.8	47.2	42.4	50.3	39.7	
40.9	24.4	21.3	26.2	23.6	34.5	18.6	36.2	
42.4	34.9	24.9	19.9	25.4	19.4	25.5	25.8	
20.2	31.4	33.9	21.1	27.2	13.6	25.7	19.0	
30.9	35.1	23.1	27.8	23.8	33.7	15.6	34.7	
42.5	28.2	34.4	45.1	36.3	44.6	38.7	52.2	
25.9	48.5	35.7	29.9	36.2	29.6	32.6	22.9	
38.5	44.9	40.3	33.3	15.9	30.3	25.1	31.4	
22.6	27.6	21.1	22.5	17.1	27.3	22.4	20.7	
28.2	29.3	18.5	36.4	39.8	27.4	37.7	36.8	
21.7	14.4	9.5	28.4	27.6	22.0	18.4	10.0	
66.8	31.7	41.3	52.2	51.3	26.5	35.5	50.1	
56.1	61.5	37.5	57.5	50.2	61.0	59.2	72.3	
33.0	15.4	28.7	27.9	19.7	34.3	21.6	32.6	
35.7	17.8	27.8	25.1	39.7	46.6	29.2	41.3	
40.3	19.9	50.9	35.0	28.1	18.2	28.8	44.1	
61.3	54.0	22.5	56.7	69.9	30.8	76.9	50.9	
31.0	31.7	27.5	25.0	23.5	20.8	21.2	42.5	
38.8	31.0	30.4	22.9	14.4	36.0	17.5	15.7	
26.9	24.6	49.3	18.3	34.9	36.4	45.3	36.5	
39.7	51.7	39.6	48.6	32.5	40.5	37.5	65.0	
45.1	50.3	32.6	64.8	34.2	54.9	37.9	36.6	
31.3	55.3	38.4	32.2	32.6	36.7	21.0	34.2	
25.6	34.5	30.2	12.1	26.0	40.0	33.3	32.0	
23.7	44.1	38.1	26.0	30.4	38.5	36.5	37.4	
28.2	20.5	14.7	33.4	30.7	17.2	24.2	48.1	
30.7	36.9	23.0	32.1	61.2	41.9	53.8	34.9	
31.6	28.1	17.7	20.9	33.2	23.4	38.5	23.2	
40.0	40.2	63.5	43.3	52.8	31.0	23.8	40.0	
24.3	14.7	31.6	21.8	29.1	37.7	19.4	17.1	
24.5	9.9	27.8	28.3	26.3	24.8	23.6	11.9	
27.0	20.1	30.9	19.1	33.4	38.0	33.9	19.2	
38.9	56.9	50.0	34.7	45.7	29.5	65.4	46.3	
40.2	36.1	31.4	41.0	38.2	35.9	45.1	45.6	
66.4	111.4	54.0	58.6	83.7	35.0	55.9	62.4	
46.8	35.4	40.1	27.2	16.4	35.7	41.4	35.0	
18.5	12.7	14.9	22.6	27.4	20.6	22.2	23.2	
44.8	42.1	45.1	30.9	48.3	38.3	49.1	37.5	
28.4	24.7	61.0	68.2	57.2	29.2	48.7	53.5	
40.9	33.7	47.0	43.8	30.9	26.9	24.2	16.9	
53.0	37.3	24.1	53.0	36.6	40.7	23.9	46.9	
26.5	33.3	39.0	54.0	46.0	40.0	21.9	35.6	
37.5	26.3	16.1	33.0	21.4	27.8	22.4	17.4	
42.4	23.0	7.9	20.0	30.3	14.5	23.0	23.4	
40.3	30.5	32.8	35.1	25.4	36.0	25.6	15.5	
56.1	22.0	41.0	34.0	23.2	42.1	24.6	22.7	
38.8	31.6	44.8	34.0	21.8	29.2	52.3	29.9	
28.3	32.1	34.1	37.1	35.4	21.6	21.3	19.9	
47.1	54.5	76.8	79.0	75.8	78.1	58.1	68.7	
68.0	38.0	36.5	19.4	40.2	44.3	44.7	37.9	
43.7	31.8	36.3	50.8	49.5	24.1	30.0	28.4	
33.9	40.9	34.1	41.6	23.8	39.1	26.9	41.2	
30.0	29.3	26.6	23.9	21.0	24.7	23.8	19.0	
33.7	22.0	33.7	25.1	21.6	25.9	24.0	20.6	
53.3	39.0	49.1	41.9	54.9	32.4	58.2	59.9	
31.5	29.0	37.2	47.5	29.7	22.3	13.3	27.4	
27.7	43.5	30.3	59.3	30.6	46.2	20.1	46.9	
47.3	27.9	48.3	31.9	38.5	44.4	30.3	42.3	
54.3	50.5	52.0	38.8	76.5	82.8	39.5	71.6	
30.0	22.2	41.2	37.1	22.4	24.0	24.8	19.5	
25.1	32.4	16.4	13.3	22.3	24.8	17.9	37.7	
12.9	19.9	18.1	7.8	21.9	29.0	19.0	19.7	
42.7	46.4	38.6	40.0	47.1	41.8	32.9	34.6	
52.8	45.5	33.0	54.5	44.4	33.4	32.2	34.7	
39.0	72.2	80.2	99.5	43.6	57.5	40.8	62.9	
26.3	32.4	35.2	25.6	27.0	27.7	27.6	19.9	
31.1	22.6	50.6	23.0	26.5	23.3	21.5	29.2	
35.9	33.7	39.0	37.9	27.6	52.9	28.6	33.5	
43.7	36.3	26.9	43.4	21.6	37.9	49.5	40.6	
73.9	86.7	90.3	53.2	76.8	66.2	52.9	33.1	
27.2	32.6	21.8	33.8	36.0	30.1	20.6	26.0	
30.1	31.8	50.3	18.7	35.3	25.3	32.2	28.6	
63.6	37.5	84.5	35.8	51.7	28.7	31.9	44.6	
37.7	32.1	47.4	36.5	41.7	38.0	33.3	33.9	
37.8	47.7	18.4	33.4	44.8	25.5	41.8	55.2	
56.5	15.7	30.9	24.2	21.4	9.1	17.2	26.0	
22.4	32.2	25.5	25.2	24.9	31.6	23.4	31.2	
18.4	18.2	18.5	17.6	12.8	14.2	17.1	21.7	
27.1	23.6	17.2	26.4	16.9	19.6	16.3	20.2	
7.3	7.0	12.9	7.4	16.9	6.8	11.3	10.3	
41.2	25.4	39.0	54.7	49.3	61.6	29.4	45.7	
40.5	34.7	32.5	47.0	38.8	43.7	36.9	44.3	
27.9	41.3	31.5	33.7	39.9	31.8	28.8	43.7	
53.4	53.2	52.8	38.6	39.9	27.1	38.2	85.3	
25.5	34.3	30.1	19.8	24.5	33.2	34.4	34.3	
19.1	31.1	28.1	21.2	12.0	20.0	19.8	35.0	
59.7	24.6	38.0	33.6	36.7	56.5	31.6	27.6	
19.1	35.6	26.8	33.7	24.3	28.7	20.0	26.4	
25.5	25.4	19.0	19.0	18.8	27.1	23.8	27.4	
31.0	43.9	31.6	25.8	21.7	35.1	27.0	25.5	
27.6	21.4	28.0	26.7	17.1	12.7	24.7	17.6	
30.8	33.7	36.5	32.3	43.8	15.4	22.6	37.0	
50.8	32.1	60.3	42.6	49.2	46.1	40.4	39.8	
34.2	24.6	54.3	25.9	25.7	31.0	48.8	48.2	
29.0	40.8	42.5	43.3	24.3	33.4	24.6	33.7	
52.7	62.4	36.1	55.6	22.4	38.0	39.4	31.2	
39.5	25.9	29.9	33.1	29.9	44.0	32.2	61.6	
21.9	30.2	33.8	38.5	23.8	35.8	40.0	48.6	
36.6	32.7	42.4	66.4	69.1	62.1	58.4	29.6	
13.4	46.3	30.7	22.6	42.3	41.3	28.7	32.9	
22.3	35.9	53.2	41.3	40.1	44.8	43.8	64.0	
43.9	40.2	38.9	28.4	41.1	36.7	28.8	45.7	
20.8	32.0	28.4	30.8	33.4	20.9	42.0	34.2	
28.2	39.4	37.0	41.7	40.4	64.0	26.6	29.9	
35.7	11.7	20.7	32.4	20.8	25.4	24.2	22.5	
40.5	38.9	27.2	41.7	46.0	46.1	26.8	48.4	
52.3	41.1	65.5	44.2	49.5	83.1	65.3	44.5	
28.1	82.3	67.8	83.5	91.4	38.4	49.4	59.4	
14.1	34.8	27.8	17.8	26.9	33.0	44.0	14.0	
60.7	32.1	48.5	56.2	72.0	36.3	47.5	45.2	
38.2	30.4	47.3	32.6	29.6	30.2	32.0	25.2	
25.8	29.2	28.7	17.1	21.7	27.6	16.5	25.6	
58.1	53.6	47.1	68.5	49.5	104.6	48.4	58.3	
46.7	41.0	34.9	39.7	39.4	25.7	45.8	32.8	
37.0	48.7	38.4	51.3	36.0	49.7	36.3	50.1	
27.6	43.7	32.8	22.1	53.1	32.8	40.5	38.7	
47.4	32.2	47.5	45.2	36.1	26.3	50.2	41.1	
41.7	23.1	44.5	24.8	31.4	28.4	51.8	23.9	
37.3	32.7	33.2	41.3	36.0	32.6	32.5	33.8	
32.0	25.6	36.1	19.1	26.6	20.3	15.2	29.5	
29.2	23.6	21.9	24.5	14.7	34.4	29.5	29.9	
12.6	16.8	21.3	25.5	22.0	22.3	21.9	14.3	
23.2	16.9	40.0	24.4	22.5	19.1	13.6	26.1	
59.3	24.5	39.3	40.8	36.2	30.1	32.7	34.1	
22.6	21.3	32.3	17.0	25.9	21.9	15.4	38.4	
31.9	45.5	55.6	47.7	43.7	55.4	50.9	64.8	
38.8	36.0	46.2	25.8	23.5	37.9	60.4	36.4	
39.8	57.0	16.3	20.4	42.7	37.0	41.0	37.7	
69.1	45.4	74.5	63.9	31.3	39.5	52.4	37.6	
20.6	25.3	17.7	36.8	32.3	26.3	30.7	52.8	
21.6	41.2	46.5	59.0	38.5	24.6	56.0	25.1	
25.3	15.8	28.0	25.4	58.6	29.5	29.5	32.4	
33.5	53.1	57.1	39.5	43.4	17.6	41.2	40.2	
41.6	24.9	34.3	29.9	29.6	54.2	28.9	23.7	
24.5	40.5	25.7	40.7	32.3	28.1	47.7	25.1	
38.8	46.4	42.4	41.2	36.8	28.8	10.0	27.1	
40.5	38.9	51.7	37.6	44.2	33.7	59.0	55.8	
21.1	32.7	24.9	30.6	19.3	28.6	22.2	28.6	
25.3	15.3	14.6	17.8	18.8	16.1	14.7	19.7	
28.4	18.9	20.3	28.3	37.2	10.2	32.0	29.7	
28.7	23.0	24.1	15.1	25.6	22.8	28.4	34.1	
32.5	26.3	14.1	42.2	21.3	24.4	18.8	39.6	
55.6	53.9	36.1	44.5	56.4	50.3	42.8	41.3	
37.3	24.3	19.2	41.7	19.3	29.1	30.0	41.1	
17.8	36.7	23.6	39.9	26.7	35.3	41.9	29.3	
18.4	41.5	17.2	15.5	32.7	17.3	14.7	20.1	
37.5	32.1	26.9	23.7	49.9	23.7	48.8	38.3	
40.9	35.1	18.6	44.6	51.1	29.4	37.3	25.4	
30.1	41.3	19.9	20.5	38.2	28.8	29.4	45.3	
30.3	34.8	34.1	35.6	27.5	26.3	9.0	26.9	
27.5	46.4	24.4	26.7	20.4	41.2	37.0	29.9	
20.0	35.0	21.2	25.8	21.1	23.5	31.4	14.3	
32.7	26.8	29.1	38.7	39.7	38.1	36.6	41.6	
38.9	44.1	23.4	38.5	33.6	25.9	34.6	42.2	
27.2	24.8	24.9	26.4	23.3	31.3	17.0	30.6	
30.9	26.9	24.1	28.0	32.9	38.3	42.2	33.8	
48.0	50.0	58.9	80.1	28.1	34.7	52.6	44.0	
44.4	57.9	38.8	43.4	33.5	34.0	40.5	36.8	
24.3	16.0	14.8	31.5	23.7	22.7	17.2	15.6	
27.4	29.5	23.7	33.1	31.7	54.4	41.9	28.3	
24.8	28.4	11.0	23.3	28.9	21.8	23.6	17.4	
40.1	51.5	37.2	47.3	40.7	63.1	44.9	59.5	
24.2	16.8	22.2	29.9	32.7	36.9	35.5	30.5	
38.2	28.9	54.9	65.0	16.3	56.8	47.1	31.5	
35.9	41.1	37.6	49.0	72.1	36.3	29.4	27.4	
66.2	47.6	34.4	43.6	51.3	51.8	37.7	45.0	
21.7	32.0	24.6	29.6	45.1	32.1	24.6	32.8	
53.4	62.1	39.2	46.0	48.4	36.1	63.8	56.9	
73.4	21.7	37.5	36.8	61.8	38.8	28.1	32.4	
29.8	25.8	22.2	21.9	20.7	27.2	30.4	16.8	
29.0	56.6	59.5	68.4	59.8	73.6	42.3	49.5	
51.6	34.1	29.4	48.0	49.2	32.8	36.3	33.5	
53.5	50.0	66.1	71.5	50.6	63.0	51.3	51.3	
40.6	39.9	38.4	42.6	44.9	36.3	23.2	34.2	
14.4	17.2	12.7	11.7	16.9	18.6	24.7	14.0	
34.1	21.0	25.4	40.7	20.8	34.3	27.7	43.5	
21.5	20.7	20.3	21.9	16.3	23.2	23.3	20.3	
34.2	23.1	44.2	52.5	49.9	41.6	30.8	35.9	
25.8	26.5	29.1	42.3	19.5	20.2	19.3	37.3	
57.7	39.5	52.6	52.7	39.6	68.1	39.3	44.6	
30.0	24.2	20.5	33.8	24.6	28.1	31.0	17.3	
56.5	49.0	18.1	38.3	23.8	42.6	33.1	39.1	
42.6	25.2	16.9	26.8	41.3	28.0	39.4	27.7	
16.6	10.1	11.5	13.4	14.7	17.5	13.9	19.2	
21.5	15.1	22.3	23.6	39.0	21.8	29.3	27.1	
26.5	33.1	24.9	65.6	23.5	22.0	42.8	43.7	
61.0	75.5	44.4	50.5	52.1	31.1	84.0	35.6	
61.5	46.3	23.5	49.9	51.0	34.6	40.3	26.1	
34.7	24.9	30.3	40.8	32.8	70.7	42.8	31.9	
27.4	16.5	16.2	26.1	18.5	27.2	23.6	20.7	
51.4	37.7	30.4	55.9	37.8	41.4	49.0	30.1	
43.5	67.1	36.2	56.6	44.4	35.9	36.8	28.3	
24.0	22.8	17.7	44.3	27.8	16.3	22.3	15.9	
38.9	38.6	39.5	49.0	33.0	47.8	33.8	20.3	
36.7	25.4	32.2	49.5	28.7	46.8	52.3	15.3	
43.1	42.6	26.7	40.0	45.7	62.3	31.5	48.4	
36.4	29.9	28.6	28.6	26.8	27.1	32.7	25.1	
20.7	28.1	26.4	26.3	31.7	22.1	18.9	25.6	
81.0	49.0	36.9	63.1	60.9	97.0	56.6	50.7	
63.5	38.7	29.8	59.1	39.8	31.4	30.9	46.3	
50.7	25.1	34.9	68.9	41.1	43.6	45.4	28.9	
20.8	17.9	20.7	22.0	38.8	23.5	19.2	31.9	
26.4	14.3	14.1	22.4	30.3	23.4	20.3	27.4	
49.2	36.1	32.6	39.7	43.5	44.8	25.9	39.3	
41.8	34.2	33.6	46.5	59.5	45.0	57.4	30.8	
26.7	38.7	25.3	34.5	23.6	41.0	29.4	32.7	
32.1	19.4	19.7	37.2	19.2	26.1	37.5	34.0	
23.5	32.6	23.8	55.0	44.7	41.5	27.5	35.4	
56.3	61.7	39.9	73.8	55.4	29.3	29.6	37.1	
16.9	23.8	19.6	22.2	26.8	20.1	25.6	28.4	
46.5	32.5	25.4	28.9	26.4	15.4	23.2	21.4	
26.0	41.3	26.9	36.7	21.3	25.9	44.0	39.6	
46.9	44.0	22.6	25.8	22.6	30.0	30.6	27.2	
32.9	39.2	39.5	59.5	58.1	46.8	39.5	41.3	
32.2	41.3	18.5	41.2	22.7	34.3	23.0	51.1	
19.5	28.2	26.3	44.0	47.5	46.9	32.6	54.5	
36.4	27.6	28.7	36.4	54.9	42.1	29.7	34.6	
23.0	28.9	39.4	43.6	14.7	38.0	30.7	19.8	
25.4	23.5	13.7	28.2	20.1	19.0	17.8	16.1	
28.7	31.0	31.0	48.4	29.0	34.4	27.5	35.7	
56.9	59.1	30.2	38.5	37.5	58.3	44.2	45.5	
33.4	29.5	30.6	33.7	40.2	23.6	25.1	19.2	
43.4	37.1	42.4	62.0	31.1	63.2	32.9	27.3	
33.8	31.9	26.2	34.8	31.6	22.3	30.1	32.8	
52.0	30.3	24.8	33.9	33.7	20.3	18.1	27.1	
36.7	44.1	24.8	30.5	27.2	39.4	33.3	20.7	
42.0	44.5	38.2	39.5	46.4	30.8	63.4	39.3	
27.9	24.8	20.0	26.5	14.0	30.6	27.0	34.5	
39.5	23.0	28.8	30.4	22.2	35.3	48.4	34.5	
31.8	22.8	23.6	28.0	22.6	41.3	45.7	15.3	
54.1	40.9	20.6	39.7	29.1	27.3	57.1	31.5	
40.1	31.2	53.1	52.4	47.8	34.1	34.5	33.5	
46.7	37.2	29.5	37.1	33.7	44.5	27.9	49.6	
31.6	31.1	19.0	63.1	30.8	34.1	66.7	27.9	
50.6	33.1	34.7	42.4	52.8	55.6	50.9	38.3	
29.4	23.0	25.9	42.1	36.7	41.4	32.8	30.2	
47.3	39.6	48.4	59.7	29.2	31.4	26.4	36.4	
73.0	94.1	85.4	105.2	78.7	35.6	93.5	72.5	
43.0	39.5	41.9	46.5	69.4	55.1	37.7	54.3	
40.8	42.0	36.2	42.7	46.4	43.7	44.9	27.8	
18.8	17.9	14.0	13.6	23.5	15.4	15.3	22.1	
15.6	15.7	16.7	18.2	20.3	24.5	21.1	20.5	
23.5	43.2	24.6	25.3	25.4	35.4	21.4	19.8	
25.1	43.8	24.6	33.2	13.5	20.4	29.2	31.1	
20.7	41.9	43.6	49.3	35.3	49.6	28.0	29.2	
40.9	48.2	51.3	59.3	52.8	61.7	63.5	37.4	
46.0	22.5	37.2	44.8	90.3	28.5	45.4	44.0	
53.7	55.6	52.5	80.3	60.3	47.3	64.4	80.5	
41.7	38.9	20.2	53.4	55.4	44.8	33.9	22.7	
23.5	32.1	23.9	23.5	25.4	23.6	28.1	27.2	
20.0	23.6	24.5	25.9	15.6	27.7	16.0	21.4	
49.2	31.8	54.6	66.2	35.9	37.2	31.5	57.7	
14.9	20.1	20.7	24.7	21.9	27.3	30.6	28.3	
18.9	38.0	29.9	37.3	47.0	39.0	39.6	20.2	
53.5	37.4	33.4	47.3	57.3	50.7	39.3	57.3	
52.5	102.5	24.7	49.4	42.2	69.1	42.5	64.9	
25.0	38.6	29.4	36.9	63.9	19.9	40.2	24.6	
70.8	42.8	41.5	64.6	50.9	53.6	46.9	77.5	
57.2	39.9	43.1	62.8	53.4	56.5	44.9	36.9	
35.8	31.6	17.4	31.7	25.8	23.1	20.2	16.3	
32.5	55.4	42.8	44.5	24.0	47.9	87.1	57.6	
13.8	10.1	12.8	15.6	14.7	16.1	15.6	14.9	
34.9	28.7	12.6	29.9	26.3	21.0	33.4	28.2	
35.1	35.2	31.8	41.3	59.8	46.7	35.0	46.9	
54.3	63.8	38.6	53.8	26.3	47.3	65.9	47.5	
86.5	65.3	44.9	100.6	73.1	48.6	33.8	37.8	
31.4	32.4	21.6	30.3	29.9	25.6	20.4	36.3	
52.6	88.1	49.8	69.0	62.4	79.3	71.6	125.9	
32.2	53.5	31.7	54.8	37.7	54.7	58.6	51.2	
37.1	53.7	29.4	42.8	51.7	51.5	57.1	33.0	
50.4	21.6	19.7	25.3	33.1	32.8	36.4	27.8	
44.3	24.3	35.8	50.9	27.3	18.7	46.2	32.7	
29.2	14.7	23.3	33.3	27.7	26.3	26.1	25.4	
28.3	36.3	37.4	49.4	36.5	26.7	40.0	41.5	
30.0	56.1	43.3	48.4	28.0	85.5	50.3	25.9	
25.1	43.8	38.3	39.4	29.5	49.0	34.8	25.3	
44.7	49.0	30.9	58.7	26.4	32.8	39.7	33.9	
21.4	26.0	31.1	37.0	28.9	57.5	25.7	32.1	
22.6	21.8	22.0	23.4	16.2	35.0	20.0	31.0	
10.1	28.3	14.4	16.3	21.1	18.4	23.2	11.3	
89.1	47.1	36.5	66.5	45.7	49.9	80.7	70.6	
27.6	28.5	20.5	50.1	30.3	21.6	15.5	26.0	
15.0	16.4	20.9	24.1	18.6	13.9	35.9	20.6	
32.6	41.4	43.1	48.6	24.5	26.2	31.3	17.9	
17.9	26.5	18.2	22.2	35.5	31.2	16.2	36.3	
50.9	41.7	30.7	48.8	35.2	28.2	57.5	37.9	
32.5	46.0	29.9	36.4	54.3	20.2	34.1	33.9	
27.6	31.2	29.4	33.5	33.1	35.9	28.4	36.2	
12.5	7.6	4.5	16.4	12.6	14.4	15.6	10.1	
39.5	36.1	33.1	37.1	40.8	24.9	43.7	27.7	
16.2	28.1	19.9	21.7	24.3	27.0	17.0	26.8	
61.6	61.2	45.1	50.8	42.0	36.1	34.7	39.8	
66.6	41.5	29.0	33.4	35.7	37.2	29.0	39.7	
25.4	64.8	33.2	35.4	69.7	60.2	50.4	63.4	
48.5	65.5	43.9	46.3	50.7	61.2	54.4	30.7	
22.8	23.9	20.5	19.8	25.0	26.7	31.7	20.9	
64.1	36.9	42.0	68.0	56.9	42.2	72.1	50.0	
40.7	35.6	30.6	29.6	22.5	16.8	25.7	28.9	
17.0	36.5	17.5	21.9	27.5	23.7	33.9	25.0	
19.5	12.6	15.7	30.4	19.2	20.1	29.6	23.3	
43.8	22.1	15.4	25.5	31.4	22.2	42.0	17.8	
43.2	41.6	28.1	27.9	32.0	35.3	46.0	24.6	
55.6	96.6	36.2	84.3	72.7	38.8	35.9	47.9	
62.4	42.7	33.3	41.3	40.6	48.9	85.7	37.2	
19.0	42.6	21.2	21.5	35.3	49.6	27.0	19.9	
35.3	51.0	28.2	36.7	61.6	32.0	34.7	52.7	
32.0	39.3	31.4	39.7	27.0	59.9	42.6	38.8	
36.9	57.9	41.0	52.8	30.6	33.6	53.4	61.3	
37.2	28.1	18.6	31.3	24.4	38.3	32.8	13.0	
20.1	15.3	33.9	37.0	33.1	37.7	25.9	26.2	
44.3	53.5	58.1	57.7	28.8	28.6	41.9	32.7	
41.3	40.5	43.4	47.4	38.2	66.7	54.0	26.7	
23.9	35.0	24.5	60.3	21.1	50.8	28.8	33.2	
29.6	49.7	23.5	42.5	50.0	64.3	49.9	25.8	
21.2	14.7	18.9	43.0	28.1	14.9	23.4	31.3	
28.4	35.9	32.4	53.0	24.3	35.2	32.2	33.0	
54.5	72.2	52.5	111.2	81.0	50.2	41.1	77.6	
36.7	52.4	48.9	56.4	54.6	41.8	43.2	43.9	
15.6	24.6	23.8	23.0	32.8	23.1	18.3	15.0	
31.5	23.0	23.2	34.9	44.9	23.3	24.3	27.8	
17.0	18.8	9.3	16.5	12.9	15.2	17.6	23.3	
33.0	35.0	36.6	50.2	24.2	22.9	22.8	33.5	
19.1	40.3	20.5	23.7	34.1	37.5	28.3	19.4	
19.5	19.9	20.9	26.4	39.3	34.8	19.4	30.2	
73.1	71.1	33.3	54.3	39.5	78.5	38.3	47.2	
20.4	31.7	26.3	32.6	24.2	30.2	16.6	27.5	
33.2	46.9	22.5	53.4	13.8	33.1	47.9	31.5	
58.1	33.9	29.7	32.8	42.8	58.4	41.2	31.4	
29.0	26.4	17.5	21.8	36.9	26.1	32.0	20.4	
39.7	26.9	36.1	49.7	36.6	27.8	32.4	37.3	
10.8	17.2	14.9	14.2	17.4	14.2	16.5	26.9	
35.1	28.6	19.7	22.9	24.5	78.1	63.5	33.6	
47.5	57.5	47.1	57.0	41.9	36.0	52.1	66.3	
38.2	52.0	37.7	47.7	37.0	37.0	41.6	39.6	
25.8	21.5	17.7	25.9	19.9	30.3	20.4	25.7	
38.3	36.7	15.9	41.3	28.1	25.7	41.4	22.1	
32.9	20.6	32.1	46.3	36.4	38.9	28.3	41.8	
32.8	33.0	23.5	55.2	30.0	28.0	28.3	25.0	
13.7	24.3	17.8	32.7	25.5	22.3	21.2	17.8	
90.8	28.8	45.0	69.8	36.8	43.3	68.9	57.6	
47.3	46.4	41.4	53.7	51.9	32.8	34.4	38.0	
36.1	66.1	40.1	46.6	54.1	34.5	43.0	43.1	
40.7	56.2	33.5	38.8	49.9	44.1	33.7	36.7	
30.1	42.2	29.9	39.0	46.1	26.3	46.2	33.7	
23.0	35.6	25.2	36.6	17.3	27.3	44.9	19.2	
14.4	27.6	25.4	33.7	21.2	23.1	44.7	29.9	
55.4	41.3	34.7	53.8	54.0	41.4	37.1	46.3	
19.1	18.6	21.2	21.1	12.3	20.1	20.4	15.6	
27.2	22.3	23.0	23.7	24.0	43.9	22.1	31.0	
34.0	34.7	22.7	26.4	42.5	39.8	35.5	44.2	
44.6	29.5	56.2	59.7	31.2	42.4	46.8	52.0	
36.5	30.5	49.3	66.8	55.4	63.7	64.7	34.1	
32.5	27.8	16.2	40.2	25.4	21.2	20.6	17.4	
29.2	32.6	48.3	48.6	31.0	30.4	28.6	33.8	
52.6	43.0	32.5	41.2	31.6	38.3	35.2	41.7	
32.2	40.4	30.7	49.8	37.2	28.2	31.6	39.9	
33.4	32.5	21.9	45.5	28.9	22.0	33.2	26.8	
57.9	59.2	33.2	37.9	42.1	35.1	46.8	33.6	
15.7	39.1	13.1	29.3	13.5	18.1	24.5	19.8	
64.2	37.7	27.9	41.3	27.6	42.8	34.9	41.2	
18.9	17.3	20.9	24.9	26.6	30.5	24.8	41.9	
33.0	20.1	34.7	39.9	57.1	35.5	40.9	31.4	
16.0	29.0	22.2	35.6	30.9	31.3	32.6	30.2	
16.8	19.7	13.7	24.0	24.9	34.4	25.7	15.0	
29.1	21.8	24.1	39.6	48.0	24.4	18.5	27.9	
30.8	24.9	31.6	41.8	34.3	21.3	44.2	31.0	
52.4	31.6	21.1	26.6	41.7	27.0	59.3	33.4	
17.7	29.9	18.9	26.4	29.1	31.5	31.4	17.8	
47.7	47.5	34.7	53.8	47.0	44.8	29.1	51.5	
50.3	44.4	49.5	64.7	41.3	48.2	42.9	20.7	
68.0	64.2	34.6	78.7	38.5	64.7	59.8	63.3	
16.3	46.1	28.4	35.6	31.5	62.2	36.1	51.7	
15.0	18.7	25.8	35.2	24.9	16.7	24.4	16.7	
52.9	39.1	23.6	50.8	43.1	54.2	53.7	46.6	
48.7	36.0	17.0	31.9	28.9	25.2	55.3	27.3	
38.5	27.5	38.7	52.2	67.8	34.9	41.7	19.6	
9.6	18.3	16.0	16.5	15.8	15.1	19.6	19.9	
39.6	50.7	36.0	45.0	49.5	55.6	31.9	64.9	
20.9	19.2	28.9	37.3	13.3	34.8	24.2	35.9	
40.4	31.6	30.3	39.1	30.1	33.5	29.2	36.9	
47.1	37.0	27.6	41.7	34.1	32.6	50.9	23.7	
39.8	47.7	13.6	33.9	32.0	27.9	32.1	19.9	
43.5	40.0	23.9	39.1	41.9	40.9	32.7	30.4	
14.5	53.7	40.1	43.9	30.3	49.2	61.9	32.7	
51.6	32.0	39.2	78.1	56.0	39.5	31.0	79.1	
22.7	46.8	35.0	44.8	40.1	37.7	33.9	38.8	
21.2	69.0	30.5	56.1	37.6	42.4	47.8	32.7	
30.8	22.5	28.4	30.2	27.7	21.0	38.9	20.1	
77.1	76.4	36.9	55.9	46.7	56.2	27.1	46.9	
27.8	46.7	35.5	43.4	56.5	30.6	83.8	43.0	
59.0	29.7	30.9	54.0	33.4	55.4	59.6	40.9	
21.6	25.2	52.8	70.7	31.2	61.8	40.3	54.6	
25.6	41.0	14.5	26.6	27.3	19.9	41.7	40.5	
20.0	42.5	26.7	32.0	40.9	39.1	37.1	33.2	
65.6	48.6	31.5	39.2	42.6	27.4	61.4	34.9	
23.3	25.6	29.3	29.2	25.4	26.7	18.2	20.0	
41.9	27.6	30.2	45.4	22.7	58.0	30.1	26.4	
50.2	40.3	22.6	35.0	41.8	22.6	40.5	23.3	
21.5	41.6	26.8	34.7	40.2	34.0	33.5	26.7	
56.3	62.5	31.4	50.0	52.6	41.4	51.3	61.0	
16.0	14.1	8.0	11.8	20.4	11.3	16.9	16.8	
65.5	57.4	36.5	39.6	56.3	99.6	63.9	53.2	
25.2	29.8	27.3	36.0	30.2	42.4	21.1	52.5	
38.1	16.8	33.4	33.0	38.8	27.8	25.4	26.2	
64.4	45.3	50.9	55.2	50.7	32.5	60.5	38.8	
25.4	27.7	17.9	18.4	18.3	22.3	17.7	21.3	
26.1	23.7	20.8	22.9	19.0	16.2	31.6	30.0	
24.8	35.7	29.1	33.5	31.5	32.0	13.8	43.2	
48.4	35.0	29.7	33.4	24.8	24.3	29.0	33.4	
50.8	19.0	21.0	40.0	18.9	27.4	23.9	41.1	
32.3	42.6	25.7	25.5	28.9	21.4	29.4	29.6	
31.3	33.7	30.2	30.5	26.0	54.1	38.2	36.9	
28.3	35.4	22.6	32.2	21.8	24.3	38.9	24.6	
22.9	20.2	18.8	22.7	27.5	24.8	19.5	26.7	
25.5	19.1	24.9	36.7	31.5	17.4	18.9	15.1	
28.5	39.3	24.8	43.1	35.7	28.4	19.8	34.1	
22.9	26.3	32.7	45.2	35.9	35.0	29.7	20.7	
22.1	35.4	23.7	41.4	33.8	19.0	22.1	26.1	
36.4	42.0	40.8	50.6	32.6	36.2	44.1	24.4	
64.2	61.9	49.9	54.6	51.6	41.9	30.9	86.5	
34.1	22.5	31.3	50.5	20.3	33.4	24.7	28.7	
24.1	30.6	15.0	20.8	35.9	17.3	22.3	34.5	
28.7	28.9	14.9	32.9	30.9	38.6	27.8	48.0	
27.5	42.0	10.5	33.2	32.6	24.1	15.0	32.1	
38.7	19.8	25.0	41.5	25.7	32.0	28.2	27.8	
25.8	54.1	33.1	48.8	29.2	20.5	21.2	36.4	
50.4	49.7	34.6	38.4	47.8	31.3	36.1	45.0	
56.4	53.4	25.2	45.3	27.9	39.5	25.3	34.8	
8.8	15.4	20.1	16.8	20.0	11.6	13.3	18.1	
37.6	30.4	16.1	29.5	26.3	27.1	29.4	37.0	
37.0	41.1	35.6	35.3	30.9	25.4	46.8	26.7	
34.0	13.3	49.7	27.6	25.8	24.3	33.7	37.8	
24.3	25.0	36.9	29.6	55.1	25.2	17.1	45.2	
48.0	89.7	50.6	40.9	50.0	93.7	41.6	109.4	
48.5	75.3	20.7	46.0	55.0	49.8	36.0	39.2	
32.3	44.2	30.7	31.1	28.5	14.4	47.6	42.1	
32.2	63.9	47.5	60.1	63.2	53.1	48.9	70.3	
45.4	23.2	50.2	47.3	41.5	21.6	50.5	24.4	
15.8	15.4	20.5	11.9	22.2	14.2	12.9	24.8	
33.2	43.1	51.3	26.8	28.2	24.8	16.6	25.2	
21.8	32.4	34.9	29.2	30.1	29.5	58.5	40.4	
36.2	22.1	29.6	16.9	27.9	35.6	30.6	40.9	
20.8	30.3	31.8	13.8	20.7	37.4	19.4	31.8	
18.6	34.0	50.6	63.4	50.0	46.1	66.2	42.3	
50.7	42.9	47.8	43.0	57.3	34.5	42.2	62.5	
18.3	45.6	22.6	38.8	22.0	28.5	21.1	26.1	
43.3	42.0	38.3	51.0	47.3	35.9	27.4	35.2	
58.8	37.1	40.5	52.8	36.9	30.8	49.1	37.2	
28.1	55.7	30.2	55.1	49.7	66.9	64.2	42.8	
19.5	28.9	25.9	17.5	17.4	18.2	25.5	38.9	
25.8	54.8	21.3	32.0	44.4	31.2	32.6	50.4	
29.2	36.9	21.1	20.1	40.0	36.5	32.9	25.1	
50.2	46.0	33.0	58.3	43.1	53.7	50.3	75.7	
11.1	33.5	21.5	12.1	29.9	19.3	29.3	22.3	
25.0	30.4	33.8	35.6	37.3	44.2	24.9	16.6	
13.2	43.1	19.2	20.6	13.3	15.8	23.8	14.5	
32.8	48.4	19.0	41.4	28.9	47.9	36.0	27.9	
37.4	34.5	34.9	27.9	42.0	45.7	32.6	34.3	
52.6	38.0	17.6	31.9	45.7	23.1	42.3	28.3	
25.4	19.1	39.1	26.5	21.0	35.9	29.7	29.2	
35.6	61.0	34.6	59.6	27.7	31.5	45.2	33.5	
33.9	25.3	36.9	27.7	35.7	45.4	23.9	40.7	
34.1	36.0	49.7	29.3	27.8	20.7	22.9	47.9	
24.9	24.5	20.0	25.0	23.0	12.4	24.1	29.3	
44.8	25.6	35.7	32.7	50.9	36.0	47.7	41.9	
43.0	52.0	24.8	42.6	21.1	37.0	34.4	33.4	
19.0	20.2	17.0	34.4	15.8	22.6	29.6	29.9	
36.2	34.7	46.0	31.4	34.8	43.3	37.5	28.5	
32.0	43.2	22.9	32.7	41.7	18.6	76.0	44.2	
47.6	56.3	29.7	78.9	57.1	58.2	59.1	63.0	
52.4	53.5	61.5	41.4	39.1	28.3	36.0	47.9	
29.0	41.1	17.9	36.3	27.5	25.2	23.3	19.7	
96.5	68.5	62.8	45.0	60.5	67.3	74.5	40.5	
14.7	24.8	21.7	21.8	19.8	12.2	14.2	21.1	
48.6	30.4	53.0	32.7	44.6	57.1	35.6	56.3	
43.8	39.4	51.5	26.6	22.5	46.2	38.9	58.4	
38.1	36.4	23.5	18.6	27.3	14.9	20.6	22.7	
31.6	22.2	36.6	31.0	27.8	26.3	32.8	17.0	
27.7	46.6	45.2	35.0	27.8	42.7	53.6	14.6	
30.8	63.1	24.6	30.7	33.0	33.2	30.3	42.3	
59.0	36.9	48.1	28.5	29.4	30.6	32.3	42.2	
41.6	31.9	27.6	27.7	23.7	25.8	30.4	22.3	
14.1	19.4	20.7	17.1	17.4	20.3	17.7	15.3	
17.4	27.7	36.5	20.2	16.3	14.5	35.2	31.4	
64.7	99.6	39.6	79.6	57.9	78.3	95.0	66.1	
33.2	37.5	47.2	39.6	44.5	49.0	27.8	33.8	
37.9	36.2	45.7	24.4	38.2	20.7	35.8	47.4	
46.0	72.8	28.6	20.2	44.8	51.9	47.2	46.5	
70.9	46.5	57.5	82.5	120.3	64.1	76.7	83.5	
36.2	17.9	30.8	33.6	39.2	34.9	36.8	35.6	
33.7	42.8	34.5	44.7	30.4	45.4	25.4	32.4	
27.2	15.5	28.4	20.3	34.5	33.3	37.6	31.4	
27.6	33.3	27.3	26.8	34.2	24.7	24.8	29.3	
20.5	18.5	51.8	18.8	34.1	26.5	36.4	30.0	
24.0	31.3	27.3	20.7	28.2	31.5	24.9	22.2	
16.3	10.1	16.1	8.8	15.8	19.2	14.3	14.4	
30.5	40.5	28.9	40.8	28.5	37.1	38.1	47.7	
24.2	20.7	31.2	40.9	18.9	45.3	12.5	34.6	
21.0	48.6	39.9	20.7	36.4	46.8	59.1	28.8	
16.6	24.1	34.3	32.4	21.4	30.3	19.6	17.5	
36.7	80.3	58.5	44.9	50.2	64.7	84.3	60.5	
26.5	18.8	33.5	36.4	29.7	20.9	25.7	28.7	
31.4	24.3	54.4	38.4	26.9	20.4	51.8	57.9	
31.1	31.8	22.7	22.8	17.6	33.2	23.6	21.3	
47.9	35.5	34.6	26.3	48.9	44.3	33.6	37.1	
45.3	42.0	35.8	68.2	47.6	31.1	32.7	38.6	
25.6	33.0	29.4	37.3	41.3	47.5	30.0	38.0	
13.9	19.1	23.0	22.9	27.2	27.0	30.2	21.9	
25.6	26.2	11.8	22.2	19.2	15.1	23.1	20.9	
26.0	24.3	15.1	21.0	16.5	36.0	23.4	25.5	
33.5	17.3	25.3	27.2	13.2	15.0	22.5	13.0	
25.6	12.9	18.3	17.4	24.9	17.7	23.9	16.9	
26.9	33.9	42.8	29.7	37.5	54.9	29.0	27.7	
20.7	26.9	11.7	38.4	21.0	26.1	32.3	19.4	
25.1	21.1	26.5	18.5	15.2	20.9	11.8	14.2	
23.7	16.5	22.9	14.2	19.7	28.5	27.1	25.4	
46.9	30.8	15.8	31.8	29.2	37.3	29.2	35.2	
31.5	37.4	34.4	44.2	46.9	48.4	44.5	37.4	
17.6	24.4	32.8	18.4	32.7	24.1	18.5	17.8	
14.5	26.4	12.6	21.6	19.3	21.3	21.7	20.5	
26.2	23.9	26.1	40.1	28.2	28.3	41.5	34.8	
25.5	28.8	22.0	21.5	13.5	15.7	25.9	20.5	
44.7	51.1	26.7	70.7	49.1	46.0	44.3	37.8	
32.7	47.0	26.5	30.3	24.1	28.7	32.7	26.1	
13.8	22.9	22.5	20.6	12.2	13.0	22.3	21.8	
31.7	51.1	29.9	33.6	43.6	59.1	25.6	44.4	
23.9	38.6	41.8	37.4	51.2	42.7	41.0	34.0	
25.7	46.8	30.1	49.3	57.6	27.9	30.0	33.3	
27.8	39.5	20.8	27.9	25.1	21.1	25.3	31.5	
37.9	57.4	62.0	37.8	52.9	51.7	47.9	67.6	
32.4	35.4	26.4	60.2	33.6	31.7	34.8	22.7	
40.1	37.8	49.1	31.7	19.1	38.0	23.4	38.0	
74.7	50.4	22.4	57.2	40.4	27.9	36.1	38.2	
10.2	13.9	16.2	12.2	6.8	21.8	16.7	11.4	
33.9	33.7	35.4	35.2	22.0	28.4	40.7	50.3	
44.6	29.0	34.1	44.9	33.7	71.1	42.8	47.7	
45.0	26.1	34.5	34.7	30.4	18.8	41.2	55.3	
13.8	24.0	22.4	14.8	11.3	30.9	12.6	23.9	
26.3	23.7	19.1	13.3	27.6	28.9	28.5	20.7	
16.5	24.6	29.2	26.7	31.8	39.2	26.9	29.3	
38.7	48.5	28.0	46.0	30.9	35.0	45.1	44.7	
32.4	29.1	28.3	28.2	37.3	42.4	21.7	21.6	
42.5	56.5	24.9	39.2	38.3	17.6	33.9	43.5	
33.1	34.2	45.7	32.3	33.3	30.1	35.4	54.7	
37.2	43.9	27.6	27.7	30.4	23.0	38.7	32.3	
72.3	38.5	44.2	45.6	48.1	37.5	49.3	33.5	
26.4	21.1	20.1	30.4	25.7	17.9	16.3	21.8	
26.5	15.8	18.4	18.6	18.7	13.6	22.3	16.0	
20.5	11.9	28.3	27.4	22.0	23.2	28.1	24.7	
23.1	17.0	12.2	19.5	38.0	26.5	31.4	27.2	
13.8	23.1	25.3	15.5	17.6	23.1	16.8	19.1	
36.6	23.7	31.3	29.1	22.8	24.6	14.8	25.4	
56.8	48.2	24.3	49.9	49.1	32.3	32.3	50.4	
29.6	26.6	28.5	27.9	50.6	36.5	42.8	44.7	
47.5	53.5	37.3	38.8	29.0	49.4	45.1	35.1	
34.6	28.6	48.1	22.3	18.2	25.3	22.5	37.1	
17.7	18.7	32.9	17.3	23.3	17.3	27.0	38.1	
38.2	26.2	19.3	27.0	25.0	31.0	28.0	25.0	
33.8	39.9	36.0	62.9	42.5	41.5	36.5	56.1	
15.0	18.1	25.8	16.5	21.2	17.7	17.8	20.3	
30.1	55.2	39.3	32.6	42.9	44.8	47.6	61.8	
43.7	47.2	48.3	35.0	39.2	56.6	62.0	24.3	
50.2	49.0	23.3	18.4	33.2	32.7	32.4	37.0	
29.4	30.0	31.6	29.2	30.8	22.2	26.6	22.3	
23.8	23.6	46.9	46.5	36.0	55.7	37.5	40.3	
35.6	31.2	49.2	44.8	33.1	51.0	38.4	27.6	
31.1	32.8	37.4	19.5	19.6	26.3	46.0	31.1	
18.9	28.2	24.8	17.1	17.9	35.5	24.4	31.6	
36.2	39.5	52.9	58.8	53.8	25.3	43.8	51.6	
23.3	20.8	27.2	22.1	36.7	32.6	25.7	17.7	
46.3	22.6	30.7	34.6	28.8	49.0	34.3	26.4	
59.7	64.1	48.7	61.3	37.9	37.8	46.0	61.2	
17.4	40.2	39.6	40.7	42.3	49.4	38.5	21.9	
84.1	47.6	40.1	47.8	47.4	54.0	72.7	57.9	
22.7	27.0	14.2	16.4	21.2	31.1	26.0	26.3	
26.4	28.9	21.8	22.1	32.1	34.3	33.4	28.4	
42.4	31.9	37.4	39.5	25.7	41.9	43.1	39.9	
27.6	34.2	29.5	25.6	42.2	22.4	31.9	31.3	
51.3	41.5	49.3	26.6	41.9	40.6	43.0	40.8	
33.2	25.4	27.6	40.8	43.8	36.2	54.6	42.9	
18.6	37.2	26.5	31.9	28.8	29.2	47.6	20.1	
19.3	19.9	19.0	22.8	17.1	29.8	27.0	29.4	
16.4	17.6	11.0	16.9	20.9	12.9	16.1	12.0	
51.5	57.4	54.5	45.6	37.2	33.5	35.5	31.4	
72.3	34.9	49.3	45.7	45.3	35.0	52.4	44.8	
27.1	43.8	30.8	39.8	32.2	38.9	35.2	31.4	
29.2	34.8	23.2	37.3	34.3	45.1	24.4	26.6	
42.1	25.1	49.3	65.9	23.9	51.7	63.0	71.6	
38.2	49.5	32.3	53.3	31.6	40.6	29.7	51.4	
21.7	9.1	34.2	37.4	37.1	14.0	18.8	24.8	
32.0	25.9	25.8	36.3	25.1	31.3	15.0	38.5	
26.6	33.5	24.8	21.6	38.2	23.1	43.7	29.9	
27.4	40.3	33.6	54.6	36.3	29.8	46.5	25.4	
22.3	12.9	21.2	19.5	13.5	25.7	15.9	26.6	
22.3	37.1	31.7	30.7	34.5	34.8	39.4	28.7	
34.3	50.3	34.7	35.2	35.8	14.9	20.9	37.6	
27.3	71.8	22.4	45.2	30.6	28.6	40.3	31.7	
25.0	19.6	17.4	37.8	23.8	29.2	24.1	29.2	
64.0	59.9	45.3	46.4	57.5	60.6	46.8	38.5	
25.6	37.5	22.0	24.1	28.8	30.8	29.3	31.1	
17.6	22.1	24.6	21.0	22.8	28.5	13.8	19.8	
27.3	32.8	31.1	21.6	37.4	40.6	26.4	35.5	
15.8	31.2	9.8	30.5	30.9	26.4	24.2	22.5	
17.0	24.9	18.6	16.2	22.1	25.0	11.7	32.0	
20.5	16.8	38.1	17.2	34.6	34.6	25.9	33.1	
39.1	30.8	49.0	34.1	28.5	35.4	26.0	32.4	
51.1	34.9	60.9	38.8	32.2	46.8	74.5	58.3	
11.8	7.8	16.6	14.5	11.6	21.7	15.5	21.0	
46.9	19.0	27.8	26.9	19.8	32.7	51.1	33.1	
55.8	41.9	42.3	64.0	54.4	37.1	35.2	58.7	
50.2	52.1	56.9	41.5	40.9	91.3	57.2	34.9	
49.4	69.9	46.0	76.1	49.8	42.5	45.8	66.1	
24.7	36.1	49.7	26.9	30.5	28.2	30.6	19.0	
65.9	39.2	15.8	44.2	39.3	35.5	60.6	41.9	
22.0	37.5	39.2	50.3	39.2	30.9	49.8	49.7	
52.6	50.5	62.5	34.2	43.3	19.7	39.2	29.1	
39.4	27.9	36.1	27.3	24.1	27.5	55.5	19.5	
33.4	31.6	32.7	44.3	45.0	23.3	14.7	40.0	
31.0	54.7	22.4	36.3	26.9	35.0	22.1	30.9	
26.4	16.8	20.6	22.3	33.3	17.0	22.6	28.3	
121.9	84.5	72.6	58.3	87.9	42.9	59.4	53.8	
35.9	25.9	51.9	44.2	33.9	47.9	52.1	56.8	
39.6	29.6	21.2	44.7	37.0	26.3	44.0	21.8	
42.2	56.0	48.3	44.1	52.3	42.9	38.2	108.7	
34.5	40.5	34.7	52.3	83.7	73.2	47.8	35.4	
24.0	15.7	26.6	18.0	14.4	20.4	19.7	21.3	
35.9	21.6	17.3	18.7	22.4	16.8	23.9	22.0	
27.4	22.1	15.3	36.3	21.1	26.8	20.2	21.4	
25.1	16.7	43.7	28.6	31.4	38.9	31.1	29.6	
39.2	26.1	50.3	64.8	55.2	64.2	30.3	51.5	
68.2	61.9	26.3	49.2	61.3	41.4	55.0	83.5	
40.2	20.6	32.8	33.9	24.9	55.6	49.9	51.4	
37.9	29.3	26.0	30.6	21.8	23.6	35.9	21.7	
51.0	40.2	23.4	33.5	31.5	39.5	26.9	32.2	
16.2	34.1	34.4	19.8	18.5	21.6	19.3	22.5	
21.0	27.4	33.4	26.9	37.7	24.6	16.3	43.0	
32.7	40.1	41.1	58.6	39.2	29.3	26.0	29.7	
26.7	22.4	28.7	19.5	23.9	41.1	39.1	23.4	
17.3	12.3	21.7	20.2	22.9	17.1	21.1	14.7	
32.7	28.3	37.8	28.9	25.3	24.1	32.8	40.6	
11.4	13.7	6.3	8.7	11.1	17.2	13.0	19.3	
38.8	25.9	33.7	22.1	25.1	26.6	33.4	23.0	
42.4	34.6	20.2	36.5	71.2	40.1	42.5	32.2	
26.0	35.7	40.2	19.2	23.3	21.4	31.2	28.8	
64.6	51.1	38.6	42.7	58.3	52.8	39.1	27.2	
19.7	39.6	31.6	39.4	26.8	22.5	34.2	30.4	
23.1	31.6	31.1	14.3	19.9	18.1	16.8	18.7	
70.1	41.5	31.4	53.7	45.5	43.2	32.8	38.0	
32.6	31.2	37.5	32.4	35.3	23.6	23.4	26.5	
33.0	22.8	19.2	28.2	29.5	46.9	31.7	43.3	
50.1	38.8	31.4	43.4	38.7	46.5	40.6	28.6	
25.8	9.9	26.8	18.3	26.3	20.1	25.4	16.2	
11.8	10.5	9.9	11.9	13.1	15.7	12.0	10.3	
24.6	23.6	34.0	22.9	35.0	20.9	20.4	24.7	
76.4	38.0	81.9	57.7	57.7	45.7	70.2	60.4	
16.5	17.7	24.2	29.1	34.9	14.2	36.9	12.7	
41.6	34.2	19.5	29.4	52.5	35.8	35.5	30.7	
26.3	39.7	28.2	37.7	25.3	50.5	12.1	28.6	
22.5	37.9	53.0	62.7	64.8	44.1	41.1	40.2	
21.1	34.0	27.0	35.4	22.0	37.2	16.1	18.1	
18.6	27.8	26.5	12.5	16.5	18.5	19.8	9.2	
37.4	41.6	60.5	42.2	50.6	29.3	58.5	48.4	
29.0	56.2	21.2	40.1	17.8	27.3	32.2	29.1	
44.4	23.2	38.1	39.6	32.9	39.6	33.5	22.6	
69.6	28.9	41.0	44.9	70.3	44.8	35.3	73.4	
38.6	32.0	24.4	25.8	28.8	36.1	23.2	48.8	
31.6	41.5	21.2	37.7	46.7	44.3	34.7	26.7	
45.3	82.7	41.4	33.9	33.8	54.7	49.7	43.0	
29.0	25.9	28.6	30.3	44.5	26.2	16.1	27.8	
22.2	24.0	34.7	45.3	48.6	50.6	39.3	37.0	
21.9	26.4	34.7	29.1	39.0	21.1	28.1	26.1	
61.1	40.3	47.6	36.0	32.1	39.4	24.4	63.1	
14.0	31.1	30.8	25.3	18.0	19.1	26.1	23.5	
29.2	24.0	54.6	38.5	43.1	29.0	27.8	25.7	
26.6	54.6	28.1	45.6	30.7	31.3	44.8	39.5	
32.6	19.7	21.6	17.1	20.8	15.5	27.8	24.8	
27.7	27.1	37.5	26.4	17.7	45.3	37.1	37.4	
15.9	18.8	12.2	9.4	18.2	10.0	23.1	21.0	
21.9	26.6	44.6	33.3	25.0	28.8	36.8	32.4	
13.6	9.4	13.0	14.1	16.7	19.1	15.4	10.7	
13.1	12.8	13.0	7.7	9.7	16.0	21.7	10.1	
27.5	25.9	53.8	41.7	26.6	22.4	35.9	32.1	
28.2	33.3	21.6	15.1	42.8	33.4	68.4	22.2	
29.9	32.0	43.8	35.4	24.6	36.8	58.4	30.1	
23.5	20.2	23.0	33.7	19.4	32.1	35.7	26.0	
34.3	26.7	19.1	25.8	20.1	41.5	18.8	19.7	
18.7	41.0	22.1	34.8	20.4	49.4	29.8	28.2	
21.4	16.0	19.2	34.2	25.4	26.8	17.8	23.6	
38.3	29.3	24.9	36.9	30.0	40.8	32.1	30.5	
34.9	38.3	16.7	29.8	28.2	35.5	55.3	23.9	
48.2	41.6	24.4	45.6	43.3	44.7	75.0	56.8	
27.1	26.0	31.3	19.2	21.7	37.2	28.6	19.0	
20.3	19.7	19.4	28.5	30.1	21.3	37.6	29.5	
40.4	19.9	30.6	38.7	55.9	40.0	45.2	39.8	
34.3	25.3	33.9	51.6	51.9	32.2	32.9	60.8	
31.0	20.7	27.0	15.6	15.7	19.8	22.7	20.1	
46.3	29.8	26.0	27.2	30.0	38.2	27.2	34.9	
37.4	32.1	41.0	54.3	40.1	39.7	35.4	22.6	
54.0	31.5	34.7	77.2	32.7	33.0	34.1	32.2	
28.1	33.1	23.7	38.9	15.0	28.8	20.5	48.0	
15.1	13.4	20.6	34.7	20.8	24.7	14.9	30.5	
38.5	46.0	24.1	73.0	49.7	50.7	57.8	33.9	
39.0	36.2	37.8	18.8	26.9	32.6	21.2	23.5	
47.6	27.5	29.1	38.3	32.9	57.3	34.0	36.4	
56.8	31.6	51.1	45.1	44.6	51.7	62.4	45.0	
30.8	16.0	15.2	25.6	28.6	30.7	16.5	22.6	
43.0	38.9	63.3	58.1	53.9	53.6	44.7	57.7	
15.3	46.9	45.6	30.9	21.1	25.1	50.6	21.4	
44.9	49.0	44.4	55.6	37.7	35.1	30.1	25.4	
36.2	33.8	35.8	43.8	17.6	47.0	65.9	50.9	
36.2	36.7	49.0	46.1	57.9	36.5	37.4	29.3	
38.4	44.0	32.1	47.0	28.5	34.6	46.6	37.4	
21.1	34.6	16.9	22.7	33.7	38.6	18.1	13.9	
34.6	49.0	53.5	63.0	37.2	28.2	39.3	47.4	
30.8	26.6	21.1	16.1	23.6	35.8	22.4	31.3	
52.4	39.2	33.2	41.8	49.5	61.2	66.7	36.1	
52.3	26.9	27.8	28.5	15.9	45.2	32.5	21.4	
20.8	14.0	16.4	22.3	24.6	24.9	18.0	13.9	
41.9	14.6	34.5	24.6	32.1	48.1	37.4	58.6	
22.4	23.3	33.9	23.1	36.8	37.8	23.4	20.2	
23.9	26.6	29.9	28.3	25.0	31.9	23.1	24.0	
25.1	48.5	24.4	23.5	36.3	27.8	23.9	50.8	
35.4	27.0	32.7	38.0	31.8	23.0	16.8	27.4	
17.6	14.9	16.2	20.7	35.4	12.8	11.7	23.5	
36.9	26.2	17.1	23.3	23.5	30.6	20.6	24.9	
37.9	102.1	47.8	48.3	32.8	65.7	48.9	46.4	
40.1	27.0	34.0	57.8	23.5	48.8	28.1	30.8	
27.2	39.3	31.9	21.5	39.5	30.1	25.3	33.1	
42.5	42.9	51.7	26.4	58.8	36.0	62.4	44.9	
38.4	48.1	41.3	21.8	32.7	31.6	31.2	36.2	
21.4	24.8	24.3	30.2	20.6	29.1	15.9	21.4	
42.8	55.3	44.3	27.4	28.2	32.7	39.8	44.8	
29.4	73.9	43.7	53.1	44.8	59.3	52.1	49.8	
37.0	65.1	66.8	30.9	41.4	50.1	63.4	50.1	
32.1	12.5	23.2	22.7	26.2	21.3	28.1	18.1	
43.3	37.8	56.0	22.6	47.1	74.4	38.3	29.8	
30.5	44.9	41.3	37.6	20.3	41.4	25.2	33.1	
34.7	23.9	20.4	25.0	26.4	35.0	38.2	24.5	
27.7	23.6	33.9	37.9	36.9	33.8	37.8	35.0	
38.3	31.7	25.1	54.1	26.7	49.4	41.4	29.3	
14.3	23.6	21.7	22.7	18.4	31.3	27.1	32.7	
28.6	43.6	27.9	41.4	28.1	23.9	23.6	19.5	
11.8	17.7	31.3	18.3	22.3	26.9	31.1	16.8	
28.0	47.8	42.7	46.3	65.1	57.0	50.6	29.0	
33.3	36.9	19.5	32.2	31.8	41.4	26.3	42.2	
20.2	26.2	27.5	18.9	15.4	25.7	32.1	30.4	
44.2	19.0	59.1	50.8	35.3	48.8	28.5	53.3	
33.4	29.6	22.5	31.2	33.1	20.7	14.3	21.8	
32.3	14.4	27.2	25.2	35.8	22.4	35.4	23.7	
31.0	24.0	17.3	42.2	33.4	22.4	34.0	27.1	
29.8	23.7	16.1	32.1	23.7	43.0	39.0	45.3	
51.6	62.6	58.0	39.4	30.5	33.4	38.5	55.0	
41.6	43.0	35.5	37.8	35.0	38.3	23.1	33.2	
62.0	69.2	40.7	75.5	41.8	70.0	51.9	43.3	
49.7	51.9	41.2	39.1	108.6	72.2	33.1	61.0	
37.8	41.6	37.9	33.3	30.5	30.8	53.2	62.7	
28.4	36.8	30.3	49.9	22.4	40.3	18.7	22.3	
74.6	47.0	46.7	51.4	39.9	103.2	36.6	34.9	
40.8	25.5	31.9	34.4	34.4	28.7	15.9	28.0	
17.8	24.7	30.7	40.2	22.9	23.4	26.5	18.5	
57.7	30.6	26.8	43.6	55.6	69.2	45.8	52.3	
72.9	29.0	60.2	23.2	56.6	47.4	41.4	54.4	
50.5	22.7	59.4	56.6	36.0	36.7	26.8	47.9	
16.4	35.1	30.1	29.9	39.5	34.9	37.3	41.0	
24.1	21.5	13.0	39.9	34.0	33.7	47.3	22.0	
24.4	17.7	18.2	14.4	22.1	13.0	24.4	24.6	
28.8	20.4	14.9	23.0	26.6	26.4	26.4	33.7	
18.2	40.7	20.9	33.7	43.0	37.2	34.2	34.5	
41.1	28.0	34.3	19.2	35.2	42.8	50.9	21.2	
48.1	43.5	24.2	25.0	23.3	29.1	46.5	29.4	
45.2	32.7	53.2	44.7	61.6	31.0	43.7	70.9	
40.2	52.2	39.8	44.7	53.0	32.2	39.1	48.9	
57.4	39.3	48.6	26.0	27.7	32.7	42.8	41.8	
32.2	52.9	61.7	39.3	61.1	24.5	51.5	38.7	
13.7	12.5	20.2	14.5	10.9	26.2	19.0	14.5	
26.7	27.5	20.7	36.4	12.9	52.6	30.4	24.2	
37.2	34.4	21.3	30.8	43.6	16.5	44.0	27.9	
29.9	33.2	32.8	25.5	33.9	29.6	22.1	38.3	
41.7	20.0	45.0	39.6	26.8	22.8	35.3	21.0	
29.0	32.2	51.4	51.2	34.7	22.0	28.0	26.4	
29.2	49.0	18.3	32.0	58.1	21.4	34.7	28.4	
30.2	55.9	58.0	29.9	35.7	32.7	27.1	37.2	
24.2	51.7	35.3	31.7	23.4	40.6	36.7	50.9	
58.1	41.8	42.7	42.5	64.5	33.9	29.3	36.3	
38.3	37.7	38.2	31.8	25.5	44.7	68.1	47.1	
25.0	16.4	27.1	26.7	34.8	20.6	35.2	15.1	
50.7	68.7	27.5	41.6	59.7	33.4	64.7	19.9	
31.7	28.8	32.5	27.9	34.4	23.2	35.9	16.2	
29.7	20.9	34.4	29.4	28.1	35.1	28.5	24.6	
36.3	59.2	37.9	31.9	50.6	23.9	32.3	35.7	
22.8	18.7	43.7	56.3	19.6	59.1	45.6	40.8	
11.8	27.0	22.7	18.9	23.0	31.2	22.4	18.3	
41.2	54.7	71.3	39.0	52.7	45.1	89.5	50.4	
34.5	32.4	20.6	33.5	33.8	29.5	30.8	32.3	
59.6	46.6	23.0	25.7	30.9	38.2	34.6	36.2	
36.2	36.8	29.2	23.6	20.4	22.6	24.9	44.3	
38.0	51.2	36.9	32.6	55.9	36.2	27.8	38.7	
51.3	41.2	44.1	33.2	17.8	38.1	41.0	49.1	
35.3	63.8	21.9	47.7	38.6	26.4	30.8	25.6	
33.2	40.2	45.3	79.1	46.9	34.6	42.5	58.8	
13.9	17.2	16.0	9.4	19.5	14.2	15.1	22.4	
25.1	28.9	37.0	23.1	28.3	33.2	31.6	24.8	
51.1	27.8	41.9	42.6	19.8	25.6	23.0	33.9	
21.4	23.0	32.7	16.4	25.3	38.1	18.3	20.3	
30.2	44.3	24.3	45.5	32.7	37.4	21.3	21.7	
56.2	56.1	35.3	33.6	54.0	46.6	52.5	42.5	
31.4	33.6	23.3	28.1	51.5	64.6	22.3	34.5	
48.2	36.5	59.3	48.1	36.8	25.2	41.6	64.9	
69.4	57.9	72.6	50.3	44.8	35.9	47.4	50.1	
105.1	48.5	76.3	59.2	55.3	66.1	87.8	74.2	
46.5	30.8	40.6	25.4	41.3	31.6	34.7	38.3	
21.4	22.0	23.4	15.4	22.2	18.9	27.7	18.4	
43.6	31.7	22.4	28.2	32.6	27.1	28.1	19.2	
35.1	57.4	47.9	30.7	38.3	71.7	38.1	36.3	
55.5	33.1	53.1	43.3	37.0	32.2	43.8	31.0	
51.9	27.6	28.7	48.7	36.9	27.9	60.7	60.0	
31.6	33.3	45.9	39.4	35.5	37.9	48.6	52.2	
49.7	35.2	24.4	39.1	47.1	43.5	39.9	43.1	
22.4	35.6	29.8	31.5	18.2	44.4	28.3	20.3	
52.4	41.7	78.5	59.4	52.9	43.9	36.1	32.0	
34.4	14.1	22.4	17.5	15.1	13.8	20.4	29.6	
29.6	25.9	35.3	25.2	49.4	28.2	22.2	27.1	
36.9	46.0	40.4	34.5	49.2	35.6	57.3	34.9	
44.5	53.5	21.7	56.8	31.4	30.9	52.4	37.9	
58.1	49.6	63.8	25.5	39.9	32.5	53.0	34.2	
29.2	29.9	13.4	16.6	37.1	38.9	20.5	28.8	
86.5	118.1	74.8	94.3	117.7	52.8	93.0	92.9	
58.8	48.3	28.0	54.2	53.4	68.7	32.7	27.3	
52.1	41.6	36.1	61.3	35.0	36.9	45.1	63.9	
24.6	24.8	12.8	20.8	28.6	24.3	45.2	32.4	
32.3	41.8	64.7	40.0	35.6	65.2	77.1	46.4	
26.7	44.6	24.5	35.1	28.9	37.1	46.5	28.7	
43.7	35.3	37.7	55.5	13.8	37.4	35.8	47.8	
42.5	20.8	32.6	35.7	33.8	27.8	44.5	46.6	
40.7	38.2	45.2	38.2	64.4	51.8	35.5	35.5	
13.0	23.8	23.4	24.9	23.2	16.1	9.2	19.6	
30.9	33.8	43.6	36.8	26.6	13.6	35.4	24.1	
42.6	23.1	25.5	22.0	37.6	42.9	42.0	16.7	
46.1	20.6	33.4	31.7	27.4	29.5	21.4	24.0	
20.4	23.3	22.1	27.8	14.7	26.4	36.4	15.8	
41.1	47.2	27.9	47.3	34.3	23.0	39.5	41.6	
26.5	33.5	19.4	21.6	26.9	26.3	14.0	34.9	
31.8	53.5	21.1	30.5	25.7	31.9	30.0	52.0	
22.5	26.2	41.9	45.4	23.7	29.1	24.1	30.9	
38.2	24.3	22.0	28.5	45.5	23.2	39.4	42.9	
89.2	50.1	44.9	43.7	43.0	65.4	46.7	36.6	
14.6	21.9	12.2	23.0	23.9	32.9	24.5	14.8	
23.6	33.0	18.6	34.0	45.1	36.0	25.3	26.0	
20.4	41.7	42.5	48.1	92.8	54.2	79.6	43.6	
14.0	51.3	31.5	28.1	54.2	38.8	27.1	29.0	
62.1	48.3	77.3	54.3	34.7	54.6	77.5	46.7	
30.3	15.6	25.9	17.8	30.5	13.2	28.9	29.7	
39.2	34.9	37.4	32.2	24.8	65.6	39.9	32.8	
43.5	77.1	78.6	71.0	109.2	80.1	49.5	45.4	
20.6	31.5	48.6	23.0	33.2	30.4	35.0	39.4	
29.1	18.4	34.8	21.9	25.2	28.7	39.2	29.4	
23.8	39.3	25.4	27.5	40.2	27.4	21.2	32.6	
23.1	20.4	25.0	28.6	27.2	23.0	23.3	37.2	
21.5	27.4	29.1	40.2	51.5	48.2	31.1	34.6	
26.3	22.7	25.9	26.7	13.5	24.6	22.1	32.3	
36.8	28.4	41.6	28.6	26.9	22.8	26.5	36.8	
20.0	28.6	29.4	36.9	43.1	23.8	37.2	26.2	
14.2	25.1	25.3	32.4	41.2	33.9	52.3	23.0	
86.2	69.9	62.9	71.7	46.3	59.1	84.0	91.6	
43.0	46.1	32.1	41.5	61.0	20.8	66.4	64.1	
25.0	21.6	17.3	25.2	14.1	35.0	26.9	26.3	
58.0	20.8	32.0	42.0	28.5	41.2	41.9	21.1	
29.4	39.1	36.8	26.1	21.1	57.7	21.1	32.0	
34.7	25.3	22.3	51.5	25.3	30.7	37.8	20.1	
30.4	32.5	53.0	32.4	32.8	34.1	35.3	28.5	
39.5	22.7	53.2	28.6	49.2	32.7	30.7	50.7	
48.9	51.1	48.0	27.7	39.8	44.5	70.8	77.5	
17.2	27.1	32.3	34.9	28.2	37.8	21.0	23.9	
45.0	27.9	18.3	20.9	27.3	24.3	40.4	38.7	
48.4	28.3	55.6	48.8	32.3	32.7	30.1	50.7	
31.5	31.4	45.1	48.6	31.7	37.3	59.1	45.5	
73.8	38.0	29.6	48.0	37.3	50.8	14.9	44.0	
24.6	32.9	48.5	45.0	37.6	27.8	35.4	50.7	
50.7	38.1	41.4	39.1	23.3	28.9	33.3	42.9	
40.1	41.7	42.8	37.2	43.1	26.6	35.1	45.4	
18.3	24.4	25.0	14.2	24.1	29.8	15.6	17.1	
38.3	43.9	59.1	77.3	91.8	85.5	68.0	55.4	
37.8	48.6	48.8	74.2	50.6	44.3	61.3	33.4	
40.9	47.9	51.3	54.4	34.9	24.5	34.2	44.1	
30.9	47.0	30.2	19.0	31.4	33.2	31.1	62.5	
44.1	37.6	24.2	34.6	26.6	23.9	38.2	25.5	
14.8	6.6	13.7	13.6	14.6	17.7	12.7	9.4	
18.4	21.9	19.3	24.5	27.9	30.4	40.5	42.9	
33.9	38.8	35.6	35.1	27.5	27.1	25.8	24.2	
20.7	14.7	28.3	17.8	18.2	16.2	16.6	24.6	
35.2	20.1	40.1	54.5	63.0	41.5	49.3	60.9	
40.2	34.8	28.2	33.8	44.4	41.5	35.5	24.3	
46.9	97.3	54.5	81.4	51.4	64.3	54.3	39.9	
