32.9	36.6	33.9	30.6	31.0	26.4	39.5	19.7	
30.5	39.6	48.9	45.8	27.6	37.2	49.3	41.9	
48.6	52.2	54.6	35.5	43.6	38.7	47.5	43.5	
17.7	17.4	16.2	19.4	23.4	27.3	15.4	17.9	
34.3	18.0	23.4	26.6	33.6	27.4	26.1	22.4	
63.2	46.6	29.3	50.6	34.2	46.0	44.5	54.5	
29.5	31.9	34.3	39.2	23.0	22.3	27.5	44.1	
40.6	39.0	36.8	33.8	63.7	38.7	59.0	45.3	
23.0	39.9	25.6	20.0	34.7	23.9	47.5	25.6	
30.4	49.7	35.0	60.2	33.4	32.8	55.2	42.0	
67.4	35.8	65.9	40.6	59.2	18.9	38.3	45.2	
30.8	45.2	71.1	81.5	69.4	86.3	64.1	90.8	
57.2	59.1	31.7	55.4	40.8	25.8	66.9	51.9	
34.6	38.1	17.1	27.5	32.7	25.4	24.7	30.7	
23.4	18.9	41.2	28.8	26.3	30.4	19.2	42.9	
49.1	32.5	27.7	58.2	35.4	56.8	37.7	32.0	
39.3	51.0	37.6	39.5	29.7	32.0	35.3	44.1	
24.9	21.0	34.0	37.3	36.2	26.7	35.6	29.2	
21.8	15.1	20.2	14.8	25.1	17.6	27.7	21.1	
67.6	22.6	32.8	61.0	71.8	24.6	43.5	48.8	
55.4	35.3	30.7	75.6	53.2	47.7	37.5	44.0	
32.7	24.2	32.7	56.9	26.2	20.3	22.1	50.7	
21.9	18.9	21.6	32.4	34.7	25.2	18.5	30.5	
47.8	34.6	49.0	35.8	21.9	50.3	46.9	53.5	
49.6	35.9	60.2	74.1	64.2	67.2	39.9	61.0	
22.6	30.6	26.4	35.0	29.2	14.4	40.4	41.2	
42.4	32.8	40.1	47.9	49.7	31.3	35.1	68.4	
16.3	18.4	33.2	27.6	26.5	33.1	16.5	28.1	
17.8	17.1	42.4	22.7	34.8	39.0	29.9	29.4	
16.3	14.9	18.1	18.1	26.7	21.6	28.5	19.8	
27.2	31.7	30.6	37.7	25.3	36.5	29.9	32.4	
31.7	17.5	28.4	31.9	33.1	35.8	30.4	31.2	
37.6	33.5	31.9	51.9	15.4	38.1	28.6	51.6	
35.7	72.9	50.6	45.2	30.8	41.6	52.2	74.5	
25.0	15.2	40.0	23.5	22.4	16.9	37.5	20.4	
37.9	30.6	47.4	47.3	21.7	18.2	42.1	26.8	
32.5	35.0	31.5	35.0	20.6	37.6	17.4	15.2	
22.1	36.7	32.5	18.5	36.6	20.1	35.8	13.4	
30.8	21.6	35.3	21.1	15.9	32.0	31.8	32.2	
30.1	46.9	28.5	29.9	30.5	22.8	40.0	43.1	
56.6	30.8	30.5	34.0	17.2	28.1	22.1	23.4	
43.8	35.0	48.2	26.4	33.3	51.8	47.4	37.8	
13.4	19.4	24.1	18.0	17.4	17.7	18.8	21.4	
28.4	25.2	25.5	27.9	38.1	26.1	24.8	33.4	
67.6	39.0	49.7	50.3	57.9	39.9	40.3	45.7	
30.4	44.9	30.7	47.1	35.2	28.3	32.3	36.7	
33.9	28.1	31.8	42.3	24.1	30.4	33.2	43.7	
30.0	36.2	36.2	46.7	37.6	30.1	42.4	31.6	
21.8	20.3	23.2	20.9	12.2	13.9	23.2	21.2	
33.0	38.5	31.2	38.8	25.1	41.1	37.0	33.4	
37.4	22.7	16.8	34.0	44.6	22.1	23.7	27.9	
54.1	50.9	25.9	27.7	92.5	47.3	32.7	35.8	
16.8	24.5	36.3	24.9	15.8	26.9	13.2	18.4	
36.6	30.8	35.9	28.4	34.9	28.9	31.7	38.2	
32.1	44.4	51.4	33.4	37.7	29.6	38.1	57.9	
33.9	25.1	39.9	19.3	20.8	40.2	26.9	54.8	
17.5	9.6	11.3	25.2	17.7	16.9	15.8	20.5	
11.5	36.5	18.1	22.1	22.6	21.2	23.8	15.1	
77.3	76.7	46.5	67.2	43.1	15.4	64.8	74.1	
48.1	60.0	55.8	57.0	47.4	46.3	44.2	58.4	
52.4	36.8	30.8	57.4	40.3	51.8	26.0	14.2	
40.0	36.6	22.2	49.2	33.6	41.4	26.2	36.5	
48.7	19.4	27.0	32.5	22.9	24.3	29.7	27.2	
72.8	62.5	54.5	55.2	31.0	45.5	35.2	48.0	
28.7	23.8	25.1	23.0	27.9	28.1	23.5	22.6	
56.7	48.4	66.2	22.1	41.2	82.1	31.0	61.7	
30.5	31.3	25.1	33.4	36.9	30.7	35.5	35.8	
44.3	36.1	48.9	44.5	40.5	59.9	49.0	65.8	
31.5	35.7	29.2	23.7	70.5	34.0	35.0	24.7	
48.3	93.6	57.4	70.1	80.8	75.7	80.9	59.0	
35.0	40.1	33.0	46.2	45.8	55.6	33.4	36.3	
30.1	45.5	40.0	30.2	38.1	49.9	47.4	35.1	
28.8	40.7	24.0	27.6	44.2	30.0	26.8	16.7	
49.4	34.9	26.3	35.6	31.9	30.4	14.1	40.7	
35.0	40.2	50.1	41.0	32.8	45.7	46.7	41.7	
23.5	38.8	27.9	53.2	28.1	10.4	17.3	39.6	
22.4	21.6	31.6	22.7	24.9	21.0	24.8	20.2	
27.1	32.5	28.0	30.0	24.4	29.6	29.6	27.8	
50.1	34.5	22.0	29.0	33.6	45.3	22.9	35.7	
36.5	32.3	27.4	37.0	18.6	43.1	34.4	33.1	
51.5	42.9	41.5	16.7	34.6	21.6	35.4	28.5	
40.5	29.3	22.6	27.7	22.8	27.6	28.4	41.9	
35.9	12.5	24.8	30.2	37.6	31.0	35.3	23.5	
36.3	34.8	32.5	43.7	38.1	35.3	41.4	22.1	
59.6	46.2	84.4	41.1	96.3	79.0	110.1	63.4	
96.4	50.7	61.3	54.5	76.2	44.4	61.6	46.7	
53.8	41.1	26.8	46.1	50.1	62.7	36.6	38.2	
15.2	36.1	42.3	26.7	27.6	16.1	51.9	31.5	
25.6	21.2	42.8	30.9	39.6	30.8	30.5	45.4	
39.2	35.2	37.6	31.6	29.6	49.2	32.3	20.2	
32.2	24.2	46.3	24.9	37.3	23.0	30.2	35.5	
37.6	38.8	46.9	37.4	52.0	30.0	45.4	31.3	
22.0	31.1	31.1	31.8	17.0	43.6	10.0	28.5	
34.9	24.5	30.0	36.6	45.8	61.5	37.3	43.8	
32.9	21.4	24.0	31.9	21.7	27.6	28.8	23.5	
46.6	46.5	33.3	33.5	27.4	39.2	29.7	48.7	
35.3	17.3	31.0	32.4	37.3	23.7	39.6	39.4	
12.9	28.0	30.3	30.7	15.8	27.6	23.4	38.8	
46.4	56.9	30.9	65.6	48.0	56.6	68.3	64.7	
57.0	40.6	26.7	43.0	51.7	50.0	25.5	48.5	
16.8	22.7	19.9	26.0	9.4	23.0	23.8	15.7	
16.1	18.2	8.3	17.1	21.7	16.1	12.0	10.4	
23.3	23.0	26.2	21.5	28.4	22.5	28.9	31.8	
68.7	44.6	64.2	47.2	46.1	62.8	40.0	46.3	
29.5	38.2	26.3	41.5	23.4	46.0	18.9	38.7	
32.6	42.9	22.4	16.8	33.3	36.8	22.5	19.3	
33.5	40.7	35.0	43.3	13.3	42.6	28.1	40.9	
34.7	41.3	27.0	34.9	43.7	49.0	20.4	58.2	
24.6	12.0	16.5	18.0	16.6	20.7	26.2	25.8	
46.3	40.9	36.5	42.7	31.7	31.3	41.5	36.0	
38.9	45.6	52.8	39.6	42.7	32.2	38.1	49.2	
23.6	17.5	18.1	24.1	20.3	17.6	14.2	10.5	
55.1	62.6	29.0	35.9	21.4	47.3	47.4	49.2	
26.4	18.8	24.5	21.3	20.9	22.9	23.7	23.5	
24.4	20.0	26.3	28.2	15.4	25.2	38.5	37.6	
25.1	49.4	30.9	31.2	18.1	32.8	41.6	41.9	
21.1	25.4	21.6	42.2	15.2	21.1	25.1	23.1	
44.3	38.4	15.5	38.5	36.5	25.8	37.7	22.1	
33.3	41.3	20.2	26.8	43.8	22.2	41.2	34.2	
60.8	40.8	27.1	34.2	43.5	33.0	24.0	43.8	
51.4	41.7	34.1	30.6	27.7	28.4	34.7	41.0	
39.8	21.2	35.0	50.9	57.9	21.6	22.3	36.5	
27.7	30.4	16.5	27.0	25.7	23.8	26.2	30.5	
23.9	22.7	21.3	25.7	20.5	27.0	19.1	29.5	
50.7	57.7	75.0	37.3	37.1	47.5	47.0	73.7	
24.6	11.4	28.2	22.6	27.6	27.2	25.5	12.8	
22.6	35.4	29.1	49.9	39.6	23.2	31.7	28.9	
11.3	10.8	15.9	22.0	15.5	17.4	9.5	14.1	
36.6	21.0	30.8	21.7	27.5	23.6	25.2	27.5	
15.8	37.9	18.6	20.1	19.8	37.8	19.7	30.3	
15.3	21.2	23.5	26.7	17.5	33.9	36.5	20.1	
50.0	30.8	34.1	36.6	33.4	39.7	42.5	45.2	
33.3	25.7	33.2	29.2	38.5	31.8	22.2	34.5	
57.6	48.6	71.0	42.8	36.0	48.0	41.7	59.4	
22.9	21.3	40.6	20.6	25.7	46.5	26.2	27.7	
30.1	25.6	24.4	23.4	12.1	26.8	16.7	19.3	
32.3	39.9	26.9	44.6	49.3	64.6	31.0	24.5	
40.8	26.2	34.8	33.9	53.7	46.6	39.9	25.4	
44.3	11.7	17.1	23.2	23.3	23.3	11.2	22.7	
30.2	35.5	44.9	28.9	35.9	34.7	32.3	33.6	
23.7	23.3	27.0	17.8	22.1	25.6	15.7	24.2	
26.6	22.7	18.3	28.2	26.8	15.4	29.1	21.5	
24.4	19.3	32.1	23.3	20.9	22.0	19.0	34.8	
46.0	71.9	38.5	37.5	38.4	60.3	26.1	32.8	
73.9	44.4	54.4	35.3	31.8	32.5	30.9	14.4	
46.7	61.6	29.6	34.7	28.2	42.0	47.0	56.7	
37.3	26.7	27.0	27.6	38.7	29.3	14.6	31.9	
28.9	51.9	24.5	29.3	25.0	48.9	25.4	20.4	
20.4	51.8	34.3	26.9	36.8	38.4	22.9	19.6	
40.9	31.2	56.4	18.4	54.2	49.7	28.6	20.1	
28.3	61.3	31.6	43.5	40.8	52.0	34.3	22.4	
30.9	22.3	27.4	31.8	33.0	24.0	23.5	23.0	
18.1	23.2	26.5	25.8	14.4	16.1	26.4	14.9	
35.0	60.5	38.3	51.3	38.1	68.3	27.0	62.3	
28.4	38.4	48.9	34.0	41.2	51.0	59.2	26.7	
44.9	56.8	28.1	57.2	35.8	64.6	46.4	44.3	
30.1	43.7	32.8	51.0	21.0	44.7	25.7	35.0	
40.9	37.2	33.0	37.8	11.2	22.7	19.2	36.6	
53.4	43.9	39.9	49.9	44.9	51.9	37.8	70.9	
20.8	14.3	20.2	21.8	23.8	17.4	21.1	19.9	
57.6	66.3	36.2	68.1	41.6	46.3	69.3	69.2	
42.0	50.6	48.4	49.6	19.6	36.6	52.0	40.3	
68.1	28.2	71.1	38.1	52.1	82.4	49.6	87.4	
64.1	40.8	56.0	24.8	31.3	31.1	28.9	27.5	
44.3	25.9	32.7	27.8	45.5	26.8	29.6	33.8	
44.3	27.7	30.3	35.7	34.7	21.8	22.5	28.7	
34.5	40.3	69.6	55.5	66.1	24.2	41.4	53.8	
18.8	25.0	42.9	31.9	27.4	24.9	45.2	35.5	
60.6	48.0	44.8	56.0	50.9	42.0	45.3	21.9	
43.2	39.8	37.1	36.5	70.2	62.7	32.6	42.8	
25.3	15.8	24.5	18.2	28.3	25.0	16.2	20.9	
33.7	30.6	33.0	37.0	24.8	28.6	31.8	43.6	
20.9	46.6	24.9	25.7	22.0	26.2	30.2	55.6	
36.3	32.8	25.8	24.7	41.7	31.7	18.2	23.2	
38.0	30.9	41.2	34.4	35.4	49.3	63.9	51.9	
32.2	38.6	48.1	24.5	36.1	38.4	33.2	26.1	
11.6	38.2	20.0	32.9	27.3	47.4	28.8	38.2	
26.3	39.2	62.0	26.7	31.9	28.7	49.0	34.2	
19.2	34.6	13.7	14.1	19.0	30.3	25.8	27.4	
30.0	30.8	22.8	45.6	61.5	41.2	25.2	33.2	
19.3	23.2	35.2	35.7	15.1	34.7	21.5	29.8	
38.1	48.8	26.7	58.6	29.8	38.7	37.7	40.3	
26.9	13.1	13.2	20.7	16.2	13.2	21.7	23.9	
38.4	28.6	39.8	21.0	41.9	32.1	35.2	46.1	
25.4	34.2	38.0	51.5	42.9	33.6	44.3	32.1	
23.5	37.0	44.9	59.9	44.7	31.8	27.6	57.3	
11.2	51.5	44.5	39.6	31.6	61.7	56.0	41.0	
38.8	44.3	37.6	36.1	21.2	36.9	39.3	39.0	
29.0	35.5	18.4	27.3	36.9	31.1	27.9	28.7	
15.0	24.9	29.0	40.1	37.4	24.5	25.7	45.8	
32.1	26.2	42.3	31.9	46.3	25.9	26.7	24.5	
18.8	30.7	33.6	17.6	30.1	17.2	13.1	21.4	
36.6	41.7	35.0	36.2	21.1	36.6	26.5	39.5	
11.5	28.6	29.8	20.6	24.7	25.1	42.4	31.1	
35.7	53.5	40.4	70.2	46.4	30.2	52.6	45.7	
39.5	41.0	52.0	56.3	46.3	34.4	38.6	51.3	
63.9	31.8	69.6	146.2	74.8	86.7	37.9	59.0	
43.4	41.8	41.5	17.6	49.6	41.7	33.1	38.1	
18.4	23.9	30.1	16.7	25.3	20.1	12.4	15.0	
10.7	6.7	12.4	13.2	11.5	16.8	29.9	7.1	
20.4	18.3	21.8	12.0	8.6	14.6	16.9	24.2	
52.5	47.8	37.8	52.1	48.0	37.8	34.5	49.1	
63.4	33.3	52.4	51.3	29.8	26.9	42.7	26.8	
42.5	33.8	41.1	46.3	53.2	38.5	52.4	38.1	
22.1	30.7	28.5	26.8	21.4	23.4	26.9	18.4	
13.3	22.1	35.1	15.9	37.7	48.8	29.0	29.0	
49.7	53.5	51.8	45.3	45.4	57.1	14.1	42.6	
25.5	27.4	36.3	26.8	26.8	32.8	35.3	42.4	
28.1	35.8	36.1	40.2	22.1	26.5	27.7	22.9	
26.2	32.4	37.1	24.6	30.5	29.9	35.1	28.4	
36.4	27.8	31.6	35.5	38.2	28.6	36.5	33.2	
84.0	32.9	26.9	89.8	47.1	42.1	49.1	42.8	
74.3	42.9	38.1	25.9	43.2	28.7	51.7	50.9	
85.4	26.7	36.7	28.1	42.1	30.2	61.2	30.2	
31.9	28.3	30.2	31.4	28.0	19.7	23.6	21.4	
38.7	35.4	20.6	24.1	24.8	19.6	18.5	15.8	
29.6	29.6	18.0	23.1	16.4	28.9	11.7	18.7	
28.2	25.3	36.8	31.9	31.3	20.0	27.2	28.5	
36.0	29.8	23.8	18.1	20.6	29.4	26.4	29.9	
42.2	36.7	52.8	41.7	52.4	58.7	46.9	31.0	
8.5	17.8	18.4	12.8	28.1	23.4	26.0	12.8	
42.8	38.9	26.1	34.9	41.4	25.2	19.6	44.9	
14.0	14.2	18.9	24.6	17.0	17.2	14.4	24.8	
39.5	34.7	22.8	33.1	38.0	27.5	44.3	34.3	
52.0	37.6	46.0	52.3	35.5	51.5	33.2	44.4	
37.9	33.7	21.4	31.7	43.3	35.5	45.4	45.4	
79.6	46.2	42.6	26.4	63.2	46.3	62.1	67.9	
27.2	26.7	34.5	33.7	56.0	39.4	43.3	39.4	
29.6	26.9	49.3	21.9	34.5	20.2	26.6	17.0	
46.7	43.5	45.1	61.8	41.5	61.4	57.3	28.1	
42.3	25.9	47.9	35.9	33.7	40.5	49.4	28.5	
35.3	32.3	24.3	16.8	22.0	30.0	25.5	42.8	
14.1	20.0	20.0	13.7	12.9	11.2	13.9	12.5	
17.8	23.0	14.3	22.8	21.4	25.4	30.0	14.0	
40.9	25.7	37.5	52.0	52.4	39.3	38.6	28.0	
27.8	40.2	18.6	36.0	48.7	44.6	26.5	28.8	
27.7	26.6	22.0	30.4	35.0	45.2	20.9	32.6	
16.6	26.5	22.5	29.4	36.0	27.9	28.1	31.9	
31.5	19.4	14.2	19.3	43.6	42.7	33.2	35.1	
46.4	59.8	40.5	38.3	25.9	58.1	33.4	48.7	
29.9	34.0	37.5	21.6	21.3	29.4	25.8	21.8	
26.0	50.6	35.0	48.6	15.9	33.9	27.5	41.3	
67.2	35.8	55.5	49.9	35.6	52.7	48.6	41.9	
23.0	36.9	21.0	35.2	23.7	29.7	26.2	22.7	
55.1	66.3	39.3	51.2	54.4	53.2	19.1	32.6	
19.8	29.9	25.2	19.8	35.0	16.7	22.5	26.6	
58.6	36.1	43.9	28.9	23.9	23.6	42.3	26.8	
22.1	15.8	17.4	15.7	21.6	28.4	35.4	30.6	
31.9	26.2	29.7	48.4	37.7	34.5	29.6	30.5	
32.7	28.0	20.9	33.3	29.7	27.8	18.8	30.4	
45.6	32.8	29.7	36.8	30.5	39.3	47.1	50.9	
18.9	10.4	14.2	12.2	24.4	11.6	25.5	19.1	
68.4	64.3	58.3	78.3	24.8	83.3	39.2	70.1	
51.5	65.3	51.5	37.5	35.8	31.1	25.8	47.1	
8.5	18.4	16.9	15.6	15.3	24.1	21.5	14.2	
32.2	39.9	25.6	13.5	44.6	37.4	32.2	66.9	
21.4	26.7	12.8	16.1	23.5	21.3	15.6	27.3	
38.9	49.3	39.6	33.9	57.3	27.1	31.9	41.5	
25.9	35.5	44.4	30.0	28.7	22.8	30.8	28.2	
45.8	46.3	62.2	42.8	59.2	70.2	47.6	58.1	
88.6	83.7	61.2	53.1	78.7	58.0	57.4	69.8	
27.1	20.0	18.5	7.0	19.4	26.4	18.6	20.5	
17.9	21.7	29.9	40.1	37.7	38.1	44.6	17.7	
9.5	20.3	11.7	20.5	30.2	22.9	21.4	13.4	
75.9	22.8	41.9	31.5	34.3	26.7	21.6	34.1	
50.7	72.6	84.3	52.6	30.1	53.0	33.6	51.9	
26.3	37.0	37.7	30.2	20.6	53.0	29.1	32.9	
26.7	28.0	35.4	44.3	34.9	42.5	36.5	36.7	
39.3	28.0	39.5	55.2	41.6	46.4	32.4	66.4	
22.0	16.7	17.1	17.9	23.9	19.7	15.7	20.9	
30.4	14.4	15.6	28.3	21.7	11.7	19.2	26.9	
15.9	35.6	22.3	44.1	24.5	31.0	17.4	23.5	
39.9	27.0	42.6	49.9	35.2	32.8	43.9	33.3	
16.3	15.9	23.5	36.0	34.7	58.3	27.1	22.3	
56.1	60.5	42.8	57.9	24.6	34.1	45.9	94.4	
62.2	44.6	35.6	62.9	59.3	33.1	69.8	42.9	
31.2	28.5	46.2	47.8	27.5	48.9	25.6	33.4	
48.2	33.5	33.6	36.4	23.3	58.1	35.1	30.8	
34.0	38.4	30.7	40.4	24.1	39.1	44.1	54.4	
36.5	26.2	16.1	19.1	20.3	26.0	27.3	30.9	
33.0	26.6	45.8	47.8	48.5	19.1	50.0	40.2	
16.2	28.0	38.5	49.3	40.4	42.1	15.8	32.0	
30.5	35.9	33.9	42.2	65.3	31.4	24.2	37.9	
23.1	18.5	22.8	28.5	18.8	25.4	36.5	32.3	
23.2	29.4	20.8	36.2	23.9	25.6	23.1	26.9	
59.0	26.0	50.2	65.9	53.5	53.0	47.1	47.6	
41.8	26.4	18.2	41.1	33.1	33.1	22.4	38.0	
26.2	23.3	12.1	19.7	26.8	23.7	24.7	16.5	
32.9	21.5	22.6	28.1	14.3	18.0	23.9	26.4	
41.0	28.5	23.6	39.5	56.8	38.4	30.8	51.1	
16.3	19.1	31.0	32.5	32.8	37.3	25.6	19.6	
22.0	25.2	33.4	39.1	36.2	16.1	26.0	25.4	
23.4	18.4	20.1	30.0	16.9	26.5	21.1	25.6	
50.8	41.3	14.8	33.1	33.0	30.2	15.9	34.3	
40.6	40.9	33.0	39.0	37.5	33.9	30.1	21.4	
16.0	32.8	19.6	37.7	26.3	35.5	37.0	27.0	
24.4	34.0	26.2	33.9	18.6	38.3	36.9	21.6	
56.3	42.8	33.1	62.7	80.5	49.6	105.1	55.0	
64.3	26.8	33.4	60.0	45.2	43.3	20.6	46.8	
26.3	42.9	14.7	27.1	21.0	27.0	19.5	16.2	
33.0	27.0	37.4	63.5	42.2	36.0	34.4	32.7	
24.6	18.2	10.2	21.2	42.3	23.1	33.4	26.4	
50.9	33.4	34.5	51.7	32.2	33.3	67.0	45.0	
65.2	52.5	46.6	74.0	34.8	59.5	85.6	35.5	
36.7	22.2	29.9	43.1	33.4	25.4	12.8	22.0	
36.8	40.4	39.1	41.7	37.4	36.9	36.9	34.3	
25.3	60.1	23.6	46.3	51.5	38.9	52.4	39.2	
18.4	22.0	11.7	20.8	13.2	17.3	13.2	22.7	
29.0	24.3	23.9	40.4	22.4	34.8	29.5	22.3	
38.0	34.4	35.3	43.5	38.5	31.1	26.5	53.5	
48.6	48.5	44.1	54.5	59.3	38.6	28.4	59.8	
22.6	24.6	18.1	23.8	13.8	11.2	25.5	14.2	
66.2	37.8	23.2	46.0	24.2	14.7	41.7	29.3	
24.1	27.1	21.2	35.3	25.0	22.2	21.4	27.3	
23.7	6.8	24.3	36.2	30.3	23.2	24.2	23.9	
16.8	14.3	15.7	19.7	24.9	30.0	31.1	10.8	
52.2	37.4	20.4	28.2	44.5	36.4	35.4	31.9	
62.0	49.6	51.9	53.4	48.2	52.0	38.8	38.7	
19.4	28.1	28.4	34.6	26.8	26.1	27.6	27.5	
32.5	34.7	23.4	39.6	23.5	18.3	28.7	21.7	
50.6	54.7	31.3	42.7	31.6	45.1	49.2	21.9	
44.2	63.0	33.2	45.3	41.4	27.7	39.5	40.4	
40.1	60.5	36.0	64.0	32.4	25.4	35.4	24.6	
26.1	34.0	12.6	21.6	20.7	27.9	41.2	23.4	
33.9	27.9	20.0	30.8	30.8	25.6	30.3	20.6	
30.7	28.8	29.0	35.5	29.0	22.7	32.4	33.3	
67.4	31.8	32.8	46.2	53.1	56.0	69.7	61.5	
26.5	48.6	35.1	38.4	38.3	35.7	33.6	36.3	
57.5	53.0	42.5	68.3	62.2	55.5	79.1	63.1	
45.4	64.6	41.9	59.1	46.5	104.1	43.6	51.1	
11.8	35.5	23.8	27.3	15.5	37.6	14.2	20.4	
33.8	21.5	25.9	50.8	38.9	56.7	59.5	36.3	
13.7	26.7	22.9	30.1	16.4	17.4	18.5	15.8	
21.1	26.9	18.4	21.4	23.4	22.1	23.9	23.6	
41.1	38.7	44.3	57.6	25.0	71.1	63.9	55.4	
31.2	18.0	19.1	30.4	29.9	26.8	25.8	28.3	
25.1	37.6	28.0	43.6	26.2	46.2	43.7	59.7	
41.3	54.3	38.4	45.4	33.2	52.8	42.4	18.6	
37.9	48.7	36.5	49.5	30.5	38.2	43.8	33.3	
35.7	68.4	41.0	43.6	54.6	45.2	18.9	38.0	
48.1	28.5	21.8	25.3	35.9	30.0	18.0	51.4	
26.2	18.7	28.3	34.4	13.0	21.1	29.1	32.0	
30.7	36.2	14.6	27.6	36.8	28.9	29.8	38.2	
45.1	51.6	27.1	43.1	31.5	25.4	36.8	49.4	
31.2	23.6	27.5	30.4	11.6	17.1	24.2	31.0	
33.5	53.4	36.2	41.7	47.8	34.9	40.6	21.1	
22.4	27.9	19.4	28.6	18.9	38.6	26.2	51.6	
20.0	36.8	27.9	39.5	44.4	47.5	37.3	41.7	
30.5	47.7	29.8	34.7	22.8	29.2	21.6	38.9	
52.8	54.8	22.4	44.4	58.3	17.9	23.1	47.0	
11.0	22.4	16.4	21.4	17.9	24.7	18.6	22.8	
46.4	45.1	33.2	50.9	68.3	23.1	39.8	37.1	
24.3	58.3	23.6	56.5	34.4	32.6	20.4	20.3	
35.5	49.9	41.6	49.4	74.1	42.6	39.4	33.8	
34.8	24.8	41.2	44.8	44.7	54.7	44.1	50.5	
24.4	26.1	25.4	30.9	27.4	25.2	33.1	23.7	
32.9	49.2	25.2	29.2	48.9	18.3	54.6	36.4	
37.8	43.0	59.9	86.0	47.7	67.9	32.4	46.8	
29.1	21.8	28.7	31.2	37.0	33.7	42.4	48.9	
40.2	39.6	45.8	48.8	62.1	61.2	73.5	54.6	
52.5	39.8	55.4	58.5	50.0	41.5	45.5	38.0	
30.5	34.1	25.3	36.8	19.4	23.7	23.5	32.3	
58.0	28.9	39.3	53.4	33.4	31.5	38.8	35.2	
33.9	36.7	36.8	39.6	44.2	40.4	32.6	25.2	
36.4	34.8	23.1	28.5	16.4	13.9	21.6	33.2	
38.2	53.4	45.9	49.5	57.4	39.2	47.8	41.7	
42.3	29.0	38.8	43.5	44.4	59.5	25.0	49.6	
66.0	57.1	40.7	49.6	34.5	37.2	47.8	34.4	
66.3	73.1	30.1	102.0	56.6	85.1	43.1	35.8	
46.6	30.5	47.5	65.4	37.9	52.9	68.8	32.2	
26.0	41.7	28.0	34.3	40.6	40.5	42.6	38.3	
25.9	26.6	21.0	35.3	31.9	43.5	38.3	21.7	
29.1	40.3	21.0	28.6	42.0	22.1	27.0	51.1	
34.3	29.2	38.3	40.3	40.0	21.1	31.9	20.7	
40.6	32.7	32.1	63.4	18.8	43.7	63.7	20.7	
29.7	27.2	15.5	24.0	21.7	21.7	32.9	19.5	
30.2	19.6	23.8	28.7	24.0	18.9	22.6	21.9	
28.0	26.2	34.4	39.0	30.8	35.2	28.5	32.6	
29.2	36.8	37.1	71.0	22.6	63.3	47.2	52.8	
21.9	37.9	13.6	50.8	24.2	28.3	34.2	32.5	
53.0	46.1	30.9	75.0	72.4	46.2	26.5	41.9	
38.5	37.7	14.6	41.7	27.3	33.6	38.2	26.0	
48.9	44.1	35.6	58.2	21.2	40.5	48.2	44.7	
44.6	35.9	27.3	42.3	56.8	37.6	48.1	41.2	
38.5	21.2	20.2	27.6	13.4	31.1	19.2	21.3	
26.1	30.7	49.8	50.2	57.0	70.8	43.3	46.6	
67.1	57.2	37.2	49.9	58.3	28.7	61.4	29.8	
41.5	32.5	33.2	48.8	45.5	40.2	47.9	57.6	
16.6	33.2	27.5	32.4	21.1	27.2	39.8	28.3	
46.7	30.5	36.2	39.8	27.8	42.7	37.8	38.2	
18.8	26.4	14.5	43.8	38.1	20.7	34.6	40.5	
35.8	26.0	38.0	53.1	36.7	43.6	36.7	28.8	
37.2	36.9	25.0	38.4	34.0	36.3	35.0	36.3	
51.5	35.6	32.3	65.4	28.6	27.7	25.5	38.3	
16.0	40.4	46.1	61.2	25.6	39.3	10.9	45.6	
72.2	72.6	27.3	40.1	57.0	33.6	26.9	41.6	
28.7	32.9	25.5	41.9	33.4	33.0	26.3	27.4	
17.6	23.9	27.5	40.7	26.4	32.8	45.1	27.6	
33.6	47.6	10.2	22.0	19.6	26.7	28.0	35.0	
21.7	34.9	25.5	31.1	23.4	15.2	19.8	22.4	
52.3	37.2	22.2	30.8	22.1	33.4	16.3	35.5	
34.3	27.9	36.7	38.7	34.3	21.7	31.5	30.9	
70.6	45.8	37.6	48.0	50.2	51.6	48.8	40.5	
21.6	12.5	16.2	27.7	20.3	39.1	45.8	27.7	
26.1	41.6	44.4	49.5	21.6	25.0	29.0	20.5	
36.6	32.0	20.6	28.9	30.9	22.9	19.4	25.1	
21.9	38.1	27.9	34.2	23.5	24.5	49.4	43.3	
32.9	35.6	21.9	27.7	35.9	24.5	21.4	30.1	
13.9	39.8	41.9	46.3	46.9	31.5	20.4	37.9	
36.3	23.4	18.2	20.0	32.3	26.0	17.9	43.2	
33.7	29.5	30.7	35.9	19.0	21.0	24.6	27.2	
37.0	55.7	34.0	59.1	29.1	50.1	39.4	22.7	
45.5	56.7	42.1	62.5	26.2	33.3	42.5	38.6	
31.9	18.4	17.6	24.3	44.3	20.8	26.0	31.0	
33.0	29.7	23.7	40.6	37.6	20.5	28.9	36.5	
40.6	21.1	25.2	33.1	25.8	34.5	26.9	34.0	
24.9	52.1	28.0	53.1	23.1	27.7	41.6	38.3	
69.5	68.9	50.3	104.1	26.6	38.2	99.9	60.6	
22.7	32.4	20.9	38.4	24.9	24.7	23.2	28.7	
34.0	46.8	19.2	38.3	30.6	39.2	29.3	27.0	
36.3	60.1	31.1	36.8	20.3	53.4	56.7	67.5	
24.9	19.8	34.9	36.3	19.4	35.9	18.2	18.1	
31.3	34.8	30.2	71.6	22.8	30.3	44.3	46.0	
12.2	27.3	10.8	19.6	8.3	14.0	12.0	28.2	
60.1	37.1	34.2	37.2	23.1	21.9	23.2	44.5	
48.9	49.2	36.5	38.6	29.2	31.0	34.4	45.5	
52.8	43.4	36.5	46.5	47.7	51.1	29.3	28.1	
31.4	25.3	27.6	38.0	48.0	27.3	28.6	38.4	
43.9	31.8	27.5	32.9	23.4	44.0	44.5	39.0	
29.5	16.6	17.7	21.3	26.8	26.0	9.0	22.8	
25.2	45.7	27.2	43.8	39.6	27.0	34.1	40.6	
34.7	37.9	53.0	68.9	49.2	39.1	53.8	37.9	
33.2	48.5	22.7	29.4	47.8	31.6	36.8	31.7	
23.0	44.9	26.7	26.2	36.6	42.4	25.8	21.7	
39.1	36.8	22.6	38.6	54.3	39.7	39.1	38.4	
37.4	23.8	18.9	33.8	45.9	27.2	52.7	25.2	
38.2	25.0	45.1	48.2	22.7	24.5	32.4	37.1	
26.3	15.1	21.3	24.1	11.0	15.7	29.0	14.1	
32.4	39.6	21.1	52.3	37.2	40.0	32.4	52.1	
42.6	39.8	35.5	38.5	22.8	20.6	20.2	22.1	
33.2	22.4	19.3	30.5	23.6	23.8	33.9	24.0	
51.4	37.3	43.1	48.5	44.0	39.7	48.2	35.3	
21.6	34.1	25.5	25.4	23.4	24.0	19.4	39.9	
23.6	19.8	19.3	28.1	25.2	24.4	35.6	37.1	
41.2	49.2	40.3	67.2	52.8	23.5	59.4	35.5	
24.4	48.8	32.8	61.7	34.9	20.0	35.9	35.8	
11.7	17.6	23.1	24.4	13.6	9.9	18.4	19.3	
15.0	35.2	14.3	18.7	16.4	24.7	36.7	24.2	
45.8	52.8	25.1	44.4	67.0	76.4	53.8	62.8	
18.7	28.0	27.6	32.4	15.3	34.9	25.9	34.4	
32.9	30.5	25.4	30.0	27.8	17.6	35.5	39.4	
27.6	62.8	56.1	69.9	37.7	44.2	26.5	40.8	
50.7	53.1	41.2	46.9	77.2	76.8	53.4	57.3	
31.8	53.3	26.9	30.3	34.2	33.4	49.3	47.4	
32.1	17.6	25.8	31.5	20.3	17.7	23.9	27.7	
25.3	28.6	14.6	39.4	31.3	33.3	44.6	32.2	
57.6	32.1	47.9	69.9	44.1	27.4	27.2	35.9	
44.6	39.9	33.7	45.2	39.1	28.3	33.0	51.1	
31.7	22.1	23.9	26.0	33.6	28.9	28.0	47.1	
16.6	14.1	15.6	26.1	30.4	31.9	20.4	29.5	
50.5	45.6	38.9	45.3	41.6	22.9	31.2	52.8	
40.9	59.3	23.4	69.7	25.6	52.8	51.5	49.1	
43.7	49.1	26.6	51.1	35.3	44.3	49.5	40.8	
64.8	62.7	40.5	47.2	34.6	35.1	48.7	35.5	
27.4	32.2	51.1	52.7	45.9	36.5	36.2	38.1	
45.4	40.4	30.1	45.7	57.3	41.4	35.5	36.7	
74.2	53.7	50.4	116.4	76.2	33.9	62.5	40.3	
23.6	38.1	26.8	40.2	39.3	27.7	31.1	32.2	
19.8	14.8	20.8	28.9	17.1	26.5	37.9	17.8	
27.2	29.4	26.1	35.6	48.4	18.2	32.9	33.3	
26.6	40.9	34.2	37.5	24.1	18.5	36.8	34.2	
23.8	38.1	18.5	22.3	16.5	26.1	35.5	25.4	
35.8	35.2	26.4	36.9	38.8	38.0	28.5	38.1	
34.8	23.8	28.1	30.2	21.9	12.8	33.9	28.5	
70.4	26.4	34.2	48.7	53.5	41.4	57.0	61.4	
24.0	52.4	25.2	54.4	33.4	20.4	21.6	11.9	
23.6	39.6	22.0	45.2	59.0	41.1	29.5	30.9	
25.9	30.5	15.6	27.3	14.0	38.8	32.2	18.9	
29.4	23.6	35.9	44.2	20.5	40.2	29.7	21.7	
25.4	19.2	13.3	28.7	16.8	15.0	13.0	25.4	
29.4	26.6	23.1	23.7	35.3	21.8	64.6	31.4	
33.3	9.4	30.2	37.5	21.7	18.4	21.8	35.3	
33.6	26.5	38.6	63.1	30.3	42.4	28.7	35.5	
30.8	16.7	13.8	19.5	22.5	40.3	38.8	38.8	
18.3	11.2	17.7	21.2	13.7	14.4	12.7	10.7	
50.9	34.5	28.5	32.1	36.2	36.7	32.3	27.2	
48.2	21.0	43.5	47.8	38.9	36.3	39.8	26.6	
61.0	47.9	31.5	82.8	51.8	51.5	47.2	59.4	
51.4	27.1	33.2	37.3	60.5	69.8	62.2	49.9	
18.7	24.1	37.9	63.8	44.1	45.0	44.7	34.3	
19.7	35.0	13.7	38.5	26.0	26.2	26.6	33.2	
29.6	16.5	19.3	20.8	21.0	21.4	43.7	26.1	
53.5	33.4	44.8	47.0	37.6	60.1	49.0	47.4	
32.3	45.7	19.4	68.1	53.2	31.7	48.0	31.7	
31.8	23.2	34.9	34.2	60.9	22.4	40.8	52.4	
50.3	22.2	33.4	43.7	53.7	32.8	47.5	22.4	
49.4	65.0	31.3	51.7	77.4	33.5	107.2	89.2	
30.9	39.6	38.6	49.5	36.1	35.5	47.4	39.0	
38.6	32.1	26.7	33.4	36.5	37.4	26.2	34.9	
34.3	75.0	49.0	67.3	35.3	56.5	26.3	38.7	
25.0	43.2	30.3	51.1	20.4	52.6	28.4	28.6	
27.0	38.8	23.4	24.3	23.5	32.3	26.7	28.7	
15.0	12.6	15.6	34.8	24.5	13.9	16.2	14.2	
55.5	25.8	50.3	52.6	29.4	56.4	50.3	30.3	
24.3	27.1	26.6	40.8	22.1	31.6	35.7	29.0	
56.1	30.4	49.5	56.7	32.2	58.4	27.7	41.5	
54.1	28.7	17.5	37.9	47.8	23.3	35.2	25.9	
41.6	13.4	21.5	30.0	15.9	32.2	33.1	20.1	
29.0	47.6	24.5	31.7	39.9	51.4	29.0	44.8	
38.7	28.3	43.6	43.8	40.7	38.4	54.1	51.6	
36.2	26.3	21.5	38.1	44.7	25.4	47.1	15.8	
37.6	40.3	23.5	25.3	31.1	22.3	23.1	23.5	
37.9	23.0	23.9	43.4	26.8	30.2	46.6	27.7	
48.3	30.7	23.5	39.1	44.1	48.6	49.0	19.5	
50.3	58.3	38.1	43.2	39.1	29.5	31.6	41.8	
22.2	31.3	38.5	59.0	23.6	30.5	35.5	34.6	
45.7	69.4	61.5	69.3	50.2	49.0	26.8	37.6	
33.6	30.0	45.6	61.4	24.6	40.9	55.0	17.1	
53.0	36.6	18.1	33.2	46.4	22.0	30.8	44.0	
58.0	53.9	42.6	46.7	45.2	25.5	27.5	33.7	
47.6	32.1	53.1	66.8	42.5	55.4	25.6	51.2	
64.6	46.3	47.8	50.1	22.3	52.3	32.2	37.1	
68.9	47.2	32.5	57.9	33.4	41.2	50.0	56.3	
29.3	73.9	33.5	35.1	52.7	48.3	46.1	49.2	
54.1	41.1	46.6	57.8	56.6	47.8	41.3	41.3	
41.3	31.7	38.4	72.6	31.3	23.4	52.2	19.4	
26.0	30.6	24.1	45.7	50.3	27.5	51.8	27.3	
26.4	22.5	14.5	29.3	28.5	23.0	26.6	34.4	
21.2	17.6	17.6	19.5	15.1	23.8	27.3	31.6	
37.0	24.6	16.8	30.4	18.1	29.1	29.0	49.1	
40.0	24.7	42.2	46.1	87.1	48.3	70.2	38.2	
50.3	34.4	33.2	34.6	29.3	39.0	47.5	29.8	
40.4	42.3	22.4	44.9	18.7	37.1	36.9	28.6	
50.1	46.1	40.6	55.4	44.3	28.5	42.3	54.5	
32.2	35.9	21.0	14.8	27.2	29.3	20.7	29.9	
32.3	28.8	25.0	18.0	40.4	40.6	21.4	25.8	
15.0	23.0	19.2	20.5	23.7	28.0	29.1	19.7	
31.5	26.8	34.4	48.2	15.6	25.7	21.1	34.9	
35.9	40.5	31.3	41.1	53.9	15.2	43.9	54.1	
28.3	29.2	19.4	17.4	43.5	22.1	27.5	45.9	
36.6	23.6	37.8	36.8	43.7	41.9	36.1	44.4	
27.8	36.0	41.6	15.3	31.0	31.0	47.8	35.7	
50.6	35.3	47.0	24.2	30.0	18.6	17.5	43.2	
17.3	32.7	19.9	18.2	12.6	20.8	10.7	16.6	
50.2	43.1	44.1	29.8	25.8	26.0	55.9	55.8	
42.9	42.0	35.7	92.2	58.1	49.7	46.2	30.5	
18.2	12.3	14.6	23.9	20.5	27.1	21.0	21.7	
21.0	13.8	14.5	17.3	9.1	20.7	8.3	21.7	
33.9	32.4	25.7	33.3	25.6	31.2	30.4	34.5	
54.6	48.0	37.6	46.1	22.2	65.8	43.4	28.0	
15.8	46.9	28.5	24.2	45.2	27.8	42.0	30.4	
13.9	24.7	25.6	32.7	17.8	15.5	17.4	9.7	
16.9	28.1	36.0	35.9	30.7	30.6	49.0	40.2	
26.4	35.6	15.0	24.1	26.9	30.1	26.2	35.8	
16.2	24.7	27.0	19.7	33.1	32.7	17.2	21.7	
45.7	40.6	44.8	38.0	38.4	26.9	28.8	32.8	
64.9	55.7	55.8	49.2	62.2	77.9	73.2	58.4	
25.5	29.1	28.6	17.4	25.3	7.0	17.3	27.3	
31.9	21.6	71.5	26.5	39.9	38.2	30.8	41.8	
39.3	61.2	41.0	67.7	65.3	63.4	96.1	57.2	
29.0	52.8	50.4	46.0	47.3	52.7	31.1	53.6	
28.1	28.9	43.4	43.8	24.4	13.2	28.7	19.4	
23.2	12.4	40.6	45.1	35.9	28.4	35.4	44.4	
18.4	28.5	26.1	15.4	13.2	16.2	17.5	28.0	
27.8	26.4	17.6	34.7	31.8	40.1	26.0	43.7	
51.0	54.7	25.4	21.7	46.5	40.8	37.2	35.6	
30.9	38.3	37.4	65.1	73.4	48.8	48.0	39.8	
74.2	43.2	49.2	59.3	52.5	44.1	62.9	30.6	
23.5	25.0	31.9	15.6	26.9	32.3	18.2	48.3	
50.7	36.7	36.6	66.2	45.8	38.3	59.3	69.3	
46.9	32.9	46.8	23.2	36.0	43.5	45.5	42.2	
54.4	32.3	36.8	18.2	35.5	21.6	25.6	56.8	
37.2	45.8	28.4	49.4	29.5	25.7	29.6	53.3	
49.4	37.0	43.6	36.1	29.6	44.5	30.6	35.9	
40.9	55.6	28.2	40.0	27.8	24.0	53.6	27.9	
46.2	50.9	37.9	70.1	30.6	44.6	35.4	34.4	
35.5	34.4	48.4	48.4	72.4	34.1	42.0	44.1	
20.0	16.0	22.1	15.7	20.9	25.0	17.4	36.5	
51.7	29.6	20.5	23.4	9.4	29.1	38.9	29.6	
33.8	35.5	30.0	54.9	51.8	43.3	22.3	48.1	
23.1	15.8	39.4	22.2	16.0	26.4	35.0	16.8	
34.5	26.2	27.6	15.4	31.0	13.2	33.6	35.5	
44.0	27.1	42.8	31.2	32.3	16.9	43.3	23.9	
26.4	44.8	26.2	29.0	17.5	31.4	41.5	20.1	
22.7	29.4	48.3	58.1	34.6	27.9	38.3	39.3	
66.5	65.8	41.0	55.4	35.6	47.1	94.1	51.3	
62.6	48.9	60.0	29.5	79.4	76.8	40.8	40.4	
35.1	25.8	44.1	33.1	46.8	18.0	26.4	23.9	
24.1	27.3	23.8	27.5	64.4	45.7	35.4	26.4	
54.0	75.1	29.3	64.7	34.6	53.7	56.2	46.3	
16.6	29.5	17.4	22.4	27.7	34.0	21.6	28.0	
39.4	48.5	32.6	34.3	39.1	41.1	31.3	31.6	
50.9	34.5	33.5	34.1	51.3	49.5	39.9	41.6	
42.5	71.8	50.8	51.6	33.1	43.1	31.4	55.9	
39.4	47.8	30.5	70.7	90.4	33.5	38.5	33.9	
33.8	56.6	35.4	38.0	44.1	46.7	26.3	73.3	
27.3	24.0	31.1	40.7	38.1	26.7	36.7	36.6	
25.7	28.1	16.9	31.4	31.1	39.8	35.8	35.0	
35.9	44.2	38.0	43.3	39.2	38.9	21.3	45.3	
51.1	52.6	32.7	35.1	29.6	25.8	37.1	35.8	
37.3	25.0	41.5	24.3	29.8	28.1	29.6	33.0	
22.8	41.4	15.5	11.0	28.1	54.4	25.0	28.2	
45.2	67.2	43.0	39.6	23.3	31.7	30.6	63.7	
42.4	44.6	47.6	26.7	55.6	60.6	64.0	54.6	
12.5	13.7	13.4	19.6	15.2	17.4	15.0	27.2	
36.5	38.4	25.9	36.0	29.2	50.3	22.3	55.6	
26.9	40.7	40.7	33.7	16.1	24.6	34.1	30.7	
38.0	59.9	25.5	34.4	35.7	23.4	22.9	48.8	
14.4	21.9	25.8	31.4	28.0	23.3	22.0	33.4	
24.9	20.6	36.5	21.3	29.4	16.7	18.2	24.8	
29.6	27.2	18.1	17.7	39.4	38.5	34.4	35.1	
49.9	26.4	32.0	32.7	48.6	56.9	33.3	39.8	
29.8	24.1	26.7	34.8	31.4	28.0	26.2	31.6	
40.6	61.1	34.1	48.9	43.0	45.6	63.2	57.2	
19.3	35.2	42.0	38.2	29.1	37.0	36.0	54.2	
40.2	17.0	26.3	31.0	20.5	24.6	22.1	42.0	
38.6	15.9	38.1	33.6	23.7	37.9	30.8	28.1	
30.0	27.3	33.6	46.8	20.4	39.9	29.9	12.8	
22.2	37.2	49.1	27.7	41.2	48.5	34.2	44.2	
48.5	38.5	35.7	49.8	32.7	27.4	44.0	27.9	
28.9	39.5	36.9	45.0	25.2	28.9	52.6	54.4	
58.6	30.8	37.4	44.1	38.9	60.0	31.9	32.2	
31.8	33.3	28.9	35.4	29.9	40.2	43.5	30.3	
92.5	57.7	41.9	72.9	38.5	43.7	64.4	45.7	
26.2	34.3	18.0	33.8	31.9	60.1	33.9	39.1	
24.7	39.9	34.6	48.4	42.7	43.2	51.1	19.4	
16.8	36.8	40.3	42.5	44.8	33.7	37.8	32.0	
30.9	37.0	59.4	23.3	40.3	63.8	67.8	55.9	
30.2	24.1	17.8	18.9	18.1	24.7	19.1	22.7	
57.4	36.8	40.8	48.0	34.6	46.6	52.2	46.8	
52.8	56.6	33.0	46.7	39.4	50.7	33.6	37.3	
47.4	35.9	20.3	38.5	28.0	53.7	38.0	24.9	
37.9	44.9	36.7	41.7	33.8	39.9	26.0	46.5	
27.4	26.4	20.7	57.8	56.4	39.3	44.1	27.6	
31.8	32.9	33.4	21.2	49.2	34.8	23.6	30.2	
53.1	53.3	39.2	40.7	58.7	67.7	47.9	51.8	
32.3	29.7	36.1	41.3	40.9	70.2	38.4	47.1	
28.7	26.2	37.4	33.1	23.2	47.4	36.3	18.7	
38.9	19.9	40.2	28.0	29.4	30.5	20.3	15.8	
63.2	38.4	36.8	48.3	36.9	37.1	41.3	46.0	
38.5	26.2	22.5	34.7	22.5	29.1	21.8	27.3	
31.5	48.6	20.7	43.2	45.8	31.3	19.0	34.3	
38.5	40.8	35.4	42.8	35.3	31.2	34.3	28.2	
30.1	32.3	42.8	30.4	29.7	54.9	45.7	28.7	
44.9	26.4	75.1	29.4	30.5	50.9	64.3	34.9	
40.8	72.6	48.4	80.9	51.0	55.8	43.8	32.7	
33.9	36.3	32.8	48.5	30.5	40.4	74.3	42.5	
53.4	46.0	47.7	22.9	39.3	33.9	40.0	26.3	
18.9	22.1	24.8	19.8	21.1	31.3	23.0	31.9	
25.5	36.5	44.2	35.1	28.0	25.3	38.6	30.6	
41.1	48.9	58.5	22.1	70.9	30.9	57.7	52.4	
20.7	39.8	31.0	35.0	35.0	33.0	26.0	44.3	
59.7	74.2	72.8	43.2	56.9	63.3	36.5	63.5	
30.1	41.1	39.6	35.4	44.4	29.8	46.6	27.8	
45.9	25.1	25.7	31.5	54.1	39.1	58.6	37.1	
56.4	26.2	21.6	22.9	36.6	27.0	25.1	45.0	
52.0	46.2	46.4	87.8	53.4	68.0	71.0	60.8	
45.3	39.6	42.0	25.9	46.5	29.3	59.1	50.0	
41.1	24.9	17.3	36.3	30.2	16.2	32.3	32.4	
24.0	29.5	39.1	32.2	25.7	41.4	48.3	75.8	
57.1	51.9	43.2	53.1	67.8	37.5	57.1	50.0	
43.8	32.7	28.8	58.7	56.3	33.2	54.3	33.0	
32.1	46.6	22.5	33.7	87.9	19.3	48.7	31.3	
28.5	17.1	19.0	27.3	19.1	19.1	19.0	17.6	
25.0	43.7	27.1	32.3	31.0	26.4	36.2	48.3	
30.7	27.4	22.1	32.5	29.6	18.1	29.2	28.1	
53.9	21.8	48.8	63.0	52.0	54.7	64.8	46.6	
58.7	39.0	27.5	44.3	47.2	36.3	30.7	20.4	
80.6	38.1	51.7	65.9	36.9	66.7	50.8	48.6	
30.9	34.2	33.1	26.2	20.6	28.9	19.8	12.7	
66.0	44.2	29.3	36.6	36.3	24.9	35.1	28.1	
28.9	31.4	20.0	45.9	33.4	29.2	34.9	26.8	
52.6	37.1	23.8	21.1	37.3	50.1	34.4	51.5	
43.4	43.1	41.0	23.1	44.3	31.5	18.6	29.6	
27.8	29.8	62.7	31.4	27.5	48.0	14.5	28.3	
20.2	30.8	13.4	14.8	13.3	19.4	10.7	17.2	
33.8	48.3	48.5	17.6	38.6	20.6	67.4	29.5	
22.2	31.2	33.3	23.1	18.0	15.5	30.9	18.5	
54.7	54.5	57.3	60.4	65.1	49.2	46.0	58.9	
38.0	25.2	23.8	47.6	40.3	29.7	36.3	36.8	
60.5	35.6	40.8	54.8	46.0	47.5	40.7	38.8	
24.3	36.0	35.8	22.9	40.7	37.4	31.5	21.4	
23.0	32.7	38.8	35.8	31.1	47.6	47.9	24.7	
39.9	45.3	18.9	31.7	24.9	44.1	21.8	55.0	
40.5	25.3	36.3	40.5	27.9	30.2	30.0	39.0	
20.9	37.1	24.0	22.9	22.3	33.3	48.0	28.1	
46.7	46.5	35.3	27.2	46.1	54.1	31.3	53.1	
31.1	31.3	28.9	35.3	40.4	57.0	47.2	39.8	
22.4	26.8	24.0	22.6	31.0	27.3	25.2	18.2	
26.0	33.7	25.0	57.0	40.0	33.1	20.4	30.1	
39.8	60.8	41.0	48.1	29.4	51.1	38.9	21.0	
30.0	24.3	24.3	37.4	25.5	31.9	24.9	29.0	
41.5	25.5	36.8	55.6	41.5	28.4	51.9	32.5	
30.3	38.4	40.2	23.2	53.3	35.1	49.9	39.2	
40.3	21.2	23.4	21.4	20.5	46.6	29.1	25.2	
56.0	31.4	67.5	43.7	38.5	75.5	35.2	41.6	
36.5	26.2	49.0	50.5	30.6	43.4	63.2	41.8	
43.9	40.7	27.2	24.2	27.1	30.4	15.4	26.4	
29.2	38.4	26.0	31.5	25.3	33.5	35.3	22.6	
18.4	25.0	26.2	31.7	39.0	24.8	16.4	27.8	
29.6	19.5	28.0	26.4	23.0	19.4	13.7	26.1	
40.0	42.8	78.3	43.4	42.2	35.1	27.3	56.7	
31.9	46.4	54.8	32.9	20.3	41.4	40.0	26.0	
30.8	18.3	21.4	21.0	24.0	18.9	24.9	25.6	
58.9	60.8	47.1	61.4	31.1	43.9	29.2	45.5	
52.6	29.9	66.0	49.1	79.5	62.4	29.0	96.4	
35.0	28.3	23.2	22.8	38.4	37.1	42.3	46.6	
22.7	22.8	25.0	30.7	36.7	28.6	16.4	24.1	
24.8	25.5	22.7	21.1	24.0	18.0	36.9	25.3	
37.9	24.4	30.4	22.5	43.2	27.6	32.7	43.1	
19.9	36.3	32.3	28.8	26.6	27.9	34.3	30.4	
70.5	46.2	21.7	33.4	52.2	39.5	31.7	65.0	
23.5	25.7	33.6	28.6	25.9	31.1	35.0	24.3	
13.3	20.3	24.1	19.9	20.9	25.1	27.9	28.4	
49.1	100.5	54.0	46.5	45.8	32.5	48.9	38.3	
13.6	27.7	38.7	25.7	25.5	23.9	28.1	27.5	
28.6	33.2	23.6	55.6	37.7	38.1	37.4	40.0	
62.3	54.0	51.9	38.2	41.1	46.9	38.5	21.1	
56.2	51.4	40.1	48.4	37.7	54.9	58.9	19.0	
27.6	28.4	63.1	32.0	51.5	50.0	37.4	28.1	
60.6	37.9	64.6	48.7	83.9	56.9	45.4	102.5	
64.2	32.5	25.3	54.4	58.4	32.8	43.2	30.9	
28.9	25.6	40.9	55.8	37.3	29.9	39.5	50.2	
71.7	67.4	32.6	54.6	62.7	31.9	50.1	59.9	
31.2	25.9	57.5	40.1	42.1	35.0	30.4	44.6	
52.8	29.4	22.6	35.3	30.8	30.1	22.9	28.3	
49.5	24.8	80.2	48.0	18.2	30.7	30.6	30.6	
28.6	41.7	35.2	61.0	71.8	35.9	28.1	47.3	
28.7	30.4	35.9	30.3	68.1	46.8	50.6	44.0	
16.1	21.9	15.2	29.2	16.6	27.9	25.3	23.3	
27.4	24.8	34.0	30.8	26.5	23.8	25.5	45.3	
22.9	18.1	15.8	48.8	23.6	22.4	27.8	24.5	
31.2	16.7	36.4	22.9	14.0	33.7	23.8	20.6	
25.3	21.7	25.4	23.5	23.1	15.7	14.2	20.3	
57.5	54.0	51.9	45.8	50.3	51.6	53.5	32.3	
45.7	56.1	42.5	52.2	48.8	43.9	41.3	43.8	
36.2	45.8	27.0	33.5	39.6	23.8	22.1	16.3	
23.1	12.4	20.8	18.0	23.5	21.9	15.9	25.1	
50.4	72.2	62.5	32.5	43.8	96.4	75.8	59.7	
33.1	18.2	18.2	22.0	11.4	27.0	13.7	19.7	
19.5	22.7	30.3	15.7	22.0	26.0	22.5	16.5	
70.7	40.4	53.9	35.4	23.4	39.9	47.7	36.1	
19.0	28.5	21.0	28.9	37.1	18.4	49.4	56.6	
39.5	21.4	35.0	27.1	16.3	39.3	28.1	49.2	
39.8	50.2	23.9	41.9	22.2	47.5	43.7	33.6	
44.7	32.9	20.8	30.1	13.1	30.8	19.6	38.2	
39.3	16.8	19.4	23.3	21.0	22.5	17.3	24.8	
20.8	22.5	45.9	14.3	20.1	21.2	35.3	16.6	
31.2	30.5	24.4	25.7	13.3	36.3	20.4	30.3	
30.7	44.2	23.7	33.8	24.5	29.8	30.5	23.5	
31.1	25.8	34.0	29.5	31.4	39.2	56.0	16.6	
43.5	29.9	41.5	70.7	40.9	48.1	35.9	25.0	
45.2	32.8	56.7	62.4	51.5	37.0	34.5	45.3	
51.3	21.1	44.7	45.8	40.6	33.4	27.5	35.0	
27.4	41.5	33.0	11.9	28.4	38.1	44.0	48.6	
68.6	57.6	44.0	21.7	73.9	51.2	55.9	55.4	
24.3	28.3	31.2	21.5	36.6	22.2	14.9	24.0	
46.9	28.5	32.4	56.7	50.1	34.2	33.5	38.4	
76.5	50.6	32.4	90.4	92.1	67.1	67.4	70.4	
23.7	44.5	22.1	29.1	41.2	30.6	25.8	15.8	
68.9	55.4	43.6	73.9	25.2	55.3	69.6	41.6	
51.2	40.4	43.5	35.9	37.8	28.6	29.3	33.7	
21.9	19.4	58.5	60.2	35.9	21.4	28.8	52.1	
42.9	47.6	26.7	19.7	22.2	44.1	52.8	67.9	
28.4	40.3	25.8	45.4	40.3	25.9	53.0	34.6	
29.7	20.8	24.8	36.1	26.1	26.1	19.9	16.4	
36.3	41.7	41.9	24.1	41.3	22.2	45.3	51.9	
37.3	31.3	25.9	49.7	25.0	31.7	32.9	45.9	
27.3	40.8	47.8	39.8	40.5	32.8	57.4	21.0	
20.7	33.6	21.4	38.9	29.7	38.8	24.3	26.8	
38.3	55.6	30.0	31.3	49.5	30.8	41.2	43.7	
19.1	19.7	25.6	31.7	14.3	22.5	29.2	22.4	
25.3	20.6	32.3	19.0	35.5	27.9	26.4	25.5	
44.8	55.2	57.0	77.2	45.1	36.8	43.0	31.5	
35.5	48.7	35.7	35.6	69.3	34.6	44.3	76.8	
13.8	24.2	23.7	37.2	24.2	29.2	25.5	41.2	
26.5	23.8	37.8	34.5	23.5	15.5	19.3	27.5	
45.9	69.5	105.3	58.7	45.6	76.5	70.8	44.7	
20.7	17.1	21.8	9.2	26.0	24.2	27.1	25.7	
12.4	12.9	19.9	16.7	31.3	15.9	16.7	11.9	
66.6	42.1	41.6	46.1	31.4	56.8	40.2	40.1	
31.6	23.3	29.3	32.3	44.8	20.6	48.7	37.5	
27.4	45.6	31.4	29.5	62.0	28.4	41.0	40.4	
25.3	40.3	28.8	37.8	34.8	36.1	23.0	31.6	
52.4	21.8	37.5	48.6	47.8	18.6	35.6	31.5	
28.1	36.9	27.5	40.0	26.2	59.6	52.7	26.5	
39.2	39.7	40.1	27.7	34.4	30.9	30.2	40.2	
18.4	29.6	25.2	21.2	17.3	34.6	15.1	24.6	
21.2	19.8	27.4	24.8	27.6	27.0	26.1	23.8	
30.0	16.6	20.8	19.8	6.4	15.8	13.6	19.2	
30.3	31.3	34.6	25.6	59.6	27.3	32.7	49.7	
22.4	47.0	59.3	40.3	51.9	49.2	51.9	24.7	
26.0	56.2	39.4	34.3	36.2	36.6	38.9	34.3	
36.2	19.0	23.9	27.8	25.2	27.6	11.0	27.1	
38.7	34.7	37.3	49.3	45.2	39.0	34.3	31.7	
27.5	62.8	50.5	39.4	39.3	29.7	33.1	27.5	
23.9	38.2	18.9	27.8	20.6	47.8	34.2	28.2	
44.3	39.1	47.6	46.3	37.6	48.3	43.0	44.7	
24.2	22.8	20.6	23.0	35.6	30.3	32.5	17.9	
20.9	32.5	17.5	27.2	21.1	18.7	19.5	12.8	
27.4	19.1	30.0	12.8	37.8	35.2	11.6	16.6	
15.7	15.9	51.4	22.3	22.8	29.2	30.4	21.7	
53.1	33.8	40.0	25.6	72.3	89.0	50.6	47.6	
18.6	32.0	35.2	21.4	19.5	29.5	27.5	31.2	
21.2	29.0	18.8	16.8	21.3	20.2	23.7	25.4	
31.5	19.3	29.3	28.4	27.5	22.2	17.4	24.2	
27.4	38.8	46.9	30.6	30.3	37.5	32.5	22.7	
19.6	25.7	20.2	17.8	24.8	22.2	20.1	20.2	
14.4	12.7	15.9	9.2	10.0	23.5	8.1	9.3	
17.8	40.4	40.0	36.1	20.1	35.1	44.7	45.1	
27.2	23.0	23.2	28.6	16.8	39.5	39.7	54.2	
17.0	21.6	16.0	18.5	24.5	15.4	15.7	22.1	
41.1	55.7	54.7	40.8	38.0	31.0	59.5	35.5	
23.7	52.8	71.1	90.6	40.6	43.0	52.1	21.9	
28.8	17.9	38.3	38.1	24.5	23.7	41.8	33.9	
38.9	25.3	33.7	23.8	24.7	39.1	27.6	30.8	
40.0	48.6	34.3	38.9	61.9	45.0	31.2	32.0	
40.6	51.3	52.1	33.9	88.5	19.4	56.9	53.0	
36.8	48.5	30.2	32.9	23.7	33.9	44.9	30.0	
37.3	33.0	40.8	56.8	72.7	32.9	56.7	35.3	
35.0	37.7	22.8	31.6	63.0	27.2	29.9	36.6	
29.7	30.5	22.4	43.6	21.3	36.9	21.5	23.1	
33.4	48.1	32.2	20.1	20.5	32.6	58.5	40.7	
41.7	24.3	47.8	26.2	37.3	35.8	46.3	33.6	
32.9	28.4	42.3	19.7	28.3	28.0	24.7	19.7	
29.5	16.5	20.5	18.7	16.7	37.1	15.2	27.6	
44.5	65.3	41.3	52.9	37.0	59.8	46.8	50.7	
27.4	26.0	25.1	29.5	30.4	50.0	39.2	31.8	
27.7	46.5	37.3	20.2	31.5	30.8	50.3	26.2	
57.7	64.7	45.3	44.7	52.8	30.4	27.5	45.1	
40.1	43.7	38.5	16.5	20.8	29.2	14.8	34.9	
36.6	80.1	78.5	50.7	37.4	76.3	64.5	46.7	
38.5	35.2	35.4	35.9	56.5	21.3	51.1	22.7	
32.1	43.0	47.2	50.7	33.5	41.4	47.5	31.4	
35.6	20.4	31.5	33.4	30.7	16.8	26.6	27.3	
32.5	18.8	22.3	15.2	35.0	26.0	29.6	34.8	
20.2	27.5	21.6	27.2	24.1	22.2	20.3	30.7	
21.5	27.4	19.1	30.1	27.6	25.3	32.2	36.8	
31.1	30.5	42.4	31.9	42.4	12.5	20.9	26.3	
25.0	16.7	22.3	37.5	39.3	27.4	15.0	19.4	
27.7	27.1	47.1	27.0	38.0	32.0	27.1	28.5	
29.0	32.4	55.5	32.5	28.8	36.2	36.5	23.5	
30.1	35.3	21.7	24.7	30.0	39.3	21.4	43.2	
38.4	20.3	39.9	25.8	12.2	24.8	20.4	27.1	
40.6	56.3	72.1	31.8	36.0	40.9	32.9	37.0	
19.0	15.4	23.3	28.5	25.0	24.3	10.9	46.2	
24.4	36.7	29.0	28.0	23.8	40.0	30.3	35.4	
32.3	18.6	47.8	32.7	66.5	37.0	29.9	45.0	
58.7	28.6	36.3	40.9	54.9	52.4	44.3	33.0	
19.4	38.2	23.6	39.9	21.5	23.2	40.1	27.6	
26.5	19.6	10.7	29.9	24.0	24.1	13.8	11.6	
30.0	38.7	22.1	50.4	38.0	36.4	26.1	75.4	
39.6	35.8	36.8	51.9	53.8	38.7	26.6	52.4	
54.5	53.7	42.8	50.5	40.3	41.7	36.4	35.1	
64.1	51.2	29.9	26.0	42.5	35.4	31.1	46.9	
18.8	24.7	27.8	20.9	46.5	42.4	22.0	31.7	
29.7	34.5	29.4	30.3	29.0	28.8	34.4	14.0	
40.4	50.3	34.5	58.1	42.5	64.1	29.5	24.7	
33.5	53.6	36.0	57.8	49.8	68.7	43.0	65.7	
42.4	33.4	17.6	41.5	31.7	45.5	29.4	43.7	
32.9	28.2	34.8	37.3	48.7	36.7	43.2	51.9	
19.2	20.2	15.2	40.6	25.0	26.1	16.7	26.9	
41.1	54.0	40.9	45.0	39.2	31.5	39.9	48.9	
35.0	58.0	27.6	57.6	43.8	55.9	35.3	35.0	
39.4	31.6	32.9	29.2	28.3	24.4	16.2	21.7	
11.9	35.6	19.8	20.1	24.2	18.1	13.7	11.5	
36.6	16.8	39.3	39.9	23.3	24.4	26.7	30.5	
25.2	30.6	52.1	50.0	32.9	43.6	31.2	24.7	
31.1	22.4	41.7	31.8	33.2	34.1	17.2	20.0	
33.9	25.5	27.8	25.2	42.2	34.8	33.8	32.2	
25.5	49.6	25.4	19.6	43.4	25.5	16.4	37.5	
52.4	91.6	106.0	57.5	68.1	71.3	71.8	53.5	
48.0	43.0	76.5	57.6	81.4	47.1	64.8	50.2	
38.6	23.3	21.3	26.8	28.1	27.9	22.4	18.7	
82.3	50.9	36.8	41.5	59.5	52.0	38.4	34.3	
17.5	36.4	33.7	31.1	30.1	32.6	25.6	37.0	
28.3	24.0	23.9	20.3	29.9	19.8	21.4	37.2	
32.1	46.8	29.1	22.1	51.0	19.3	56.2	42.5	
24.9	30.9	30.2	61.1	31.8	21.7	29.6	36.3	
56.1	38.9	55.8	14.6	37.7	32.2	26.6	42.1	
47.9	59.4	40.9	29.3	28.5	40.4	38.2	21.4	
21.0	16.4	17.2	14.1	34.1	21.0	24.7	25.5	
32.1	45.9	41.3	52.4	60.4	90.5	47.5	28.4	
12.9	47.1	55.4	26.5	59.8	33.7	36.4	40.7	
37.0	20.0	48.3	22.3	39.2	30.9	28.7	28.4	
51.6	32.8	16.7	48.4	30.4	32.1	56.0	47.7	
30.0	18.5	15.4	20.8	11.6	9.2	36.5	34.9	
36.1	37.5	43.9	31.3	18.2	37.0	34.6	22.9	
20.9	25.2	22.3	11.3	12.7	24.1	25.1	34.7	
26.9	42.1	36.5	34.7	15.3	25.5	69.5	20.7	
27.6	28.3	30.9	21.6	22.2	24.4	18.2	19.8	
24.9	23.2	17.3	18.6	31.1	11.0	24.2	14.2	
25.7	37.0	36.1	58.3	27.8	40.4	39.5	34.8	
46.8	66.1	65.3	55.7	31.6	33.2	42.3	29.3	
19.3	35.7	30.4	25.2	24.5	21.7	27.3	21.4	
47.7	23.4	31.7	49.9	47.6	28.8	35.6	36.1	
29.3	31.4	20.8	13.1	21.5	32.1	25.7	36.3	
25.9	20.3	13.9	29.9	22.9	20.2	22.2	25.6	
33.2	24.7	34.7	21.3	43.8	26.4	29.8	24.1	
33.0	25.7	34.6	42.4	21.6	30.9	38.3	31.8	
24.3	22.3	22.6	19.9	16.7	31.6	18.0	44.5	
20.6	23.0	24.9	19.0	28.4	29.2	31.4	30.1	
28.3	13.7	20.3	24.1	15.8	35.1	21.3	24.2	
43.6	33.8	18.6	23.0	35.3	24.2	23.5	19.9	
58.0	50.4	51.4	61.1	50.8	52.4	52.1	38.5	
19.9	23.6	32.4	36.4	21.5	28.3	29.5	26.3	
41.7	15.0	35.7	38.7	34.3	34.0	36.8	37.0	
30.5	31.0	40.3	18.9	21.3	50.6	31.5	24.5	
38.8	31.9	42.8	52.6	50.9	44.3	40.0	52.6	
25.0	34.3	16.5	30.5	26.2	38.5	15.8	50.7	
32.5	30.7	31.5	22.3	23.1	39.1	28.3	27.2	
41.3	32.5	25.3	57.6	43.5	47.2	39.6	26.4	
50.3	50.6	49.9	48.3	63.4	52.3	44.5	47.6	
19.1	31.9	15.2	22.7	28.3	14.7	30.3	16.3	
43.3	28.8	24.0	48.1	88.2	35.1	41.8	41.0	
16.3	44.3	37.3	38.0	42.5	34.0	45.4	34.0	
20.3	35.9	70.1	45.3	52.7	32.7	55.8	23.1	
31.6	31.3	37.4	21.4	29.5	44.4	12.2	20.2	
16.2	25.5	31.8	32.3	16.3	39.5	36.4	37.4	
31.3	16.9	25.2	52.0	48.0	39.3	46.6	34.3	
45.5	32.4	40.2	42.9	42.7	37.3	19.2	40.4	
29.2	49.9	32.4	22.7	39.8	45.9	36.5	24.2	
16.7	23.8	36.7	29.3	39.6	56.1	25.2	35.9	
29.7	55.4	37.6	53.6	33.1	34.2	90.9	34.1	
17.5	22.4	28.5	21.4	24.5	29.9	29.4	20.3	
30.7	34.5	56.8	32.9	44.2	39.3	19.7	26.9	
46.2	63.8	38.7	31.2	58.0	45.0	45.0	61.4	
24.3	20.5	25.4	14.7	16.4	10.0	13.6	15.6	
22.6	30.0	23.1	17.4	18.1	18.2	17.8	21.2	
44.1	31.8	91.2	72.4	60.2	50.8	65.5	66.1	
23.1	29.7	18.6	13.9	28.6	13.6	31.0	18.1	
17.4	39.4	43.1	40.1	50.9	48.3	32.8	27.6	
53.7	60.8	46.8	26.1	39.6	39.5	53.9	38.7	
41.3	31.2	35.1	49.4	75.1	35.2	50.6	25.6	
36.0	40.2	21.5	25.8	31.2	15.4	26.8	27.6	
16.4	24.4	42.0	32.1	42.3	25.4	37.4	29.4	
34.2	27.2	33.1	38.7	19.4	24.8	35.4	35.7	
45.8	36.6	34.5	33.6	29.7	22.4	32.2	29.9	
27.2	13.4	33.8	36.8	28.9	27.5	42.9	40.4	
32.6	58.1	41.0	56.2	52.7	46.5	57.1	27.3	
28.4	22.8	19.2	22.9	28.8	36.0	18.7	21.0	
16.9	30.2	30.0	17.9	19.9	17.3	20.6	27.7	
9.8	25.8	14.8	16.0	16.1	12.9	20.4	14.6	
34.8	47.8	61.5	41.8	28.5	40.2	31.2	47.6	
26.7	49.7	47.1	64.8	24.7	26.3	24.8	53.9	
23.3	18.7	18.5	21.6	18.2	19.5	13.6	17.1	
21.0	32.4	25.6	29.1	30.5	23.0	18.7	20.4	
13.4	11.7	13.2	19.2	10.4	18.2	18.0	13.0	
17.6	25.1	24.1	23.0	16.9	10.6	22.6	24.1	
41.3	63.5	37.5	40.3	54.3	48.2	47.5	34.4	
24.2	23.1	18.8	15.4	12.6	14.4	19.2	22.8	
37.6	28.7	35.8	42.2	37.3	36.9	59.6	50.7	
24.0	33.1	44.0	36.9	45.7	24.5	24.9	40.1	
32.5	37.3	33.4	45.4	29.3	62.5	37.2	19.2	
39.2	32.1	44.4	47.2	34.3	38.7	24.9	77.7	
16.4	22.4	13.1	27.2	23.5	20.0	32.1	31.6	
26.8	34.3	25.7	18.1	25.2	18.4	21.6	16.2	
29.3	19.9	30.7	21.7	33.4	22.7	23.4	29.5	
40.4	18.8	32.7	26.1	17.9	27.4	21.5	34.2	
48.9	62.8	71.9	41.5	48.9	20.9	42.7	41.8	
31.1	14.8	9.7	15.7	36.9	38.5	27.0	29.3	
37.7	32.1	22.6	17.4	36.5	28.6	26.0	24.4	
47.2	34.5	30.2	43.1	22.9	24.2	42.4	33.2	
50.8	38.0	32.3	69.2	44.8	80.8	43.7	43.8	
17.3	24.3	20.8	24.9	27.6	21.8	23.3	16.4	
61.9	49.9	27.8	99.1	52.9	57.5	46.2	52.8	
21.1	12.7	14.9	21.3	27.5	21.8	16.0	16.4	
15.7	34.3	33.3	30.7	46.5	32.2	24.6	53.0	
33.6	34.4	26.9	25.6	39.5	33.7	21.5	33.4	
67.6	70.6	40.0	77.5	33.9	52.3	51.4	45.1	
27.6	29.9	31.7	41.9	34.6	30.6	34.0	39.2	
29.6	43.1	32.0	34.1	40.8	24.1	21.9	55.5	
17.5	40.1	33.0	20.1	27.9	34.7	27.5	37.6	
21.5	22.3	25.5	36.7	29.8	31.8	39.3	55.6	
21.3	36.0	39.3	29.1	32.9	28.0	32.2	25.2	
26.6	34.3	24.7	17.1	20.8	18.1	19.9	21.8	
43.0	21.1	21.9	46.2	18.7	32.4	35.0	30.5	
19.8	30.5	40.9	31.8	24.7	27.1	28.9	40.1	
27.9	49.4	37.5	30.0	47.0	42.2	28.3	79.5	
27.2	17.0	18.7	31.3	16.4	36.0	17.7	23.3	
21.9	12.7	34.0	19.3	14.5	22.2	9.6	18.2	
34.9	15.9	30.7	40.2	17.6	38.6	22.7	22.8	
51.8	30.3	41.4	39.8	25.7	23.5	44.6	38.2	
19.4	36.3	29.2	39.3	54.8	31.2	16.3	35.6	
26.5	56.5	58.8	47.9	32.6	20.2	39.5	52.5	
29.2	34.6	21.0	19.9	34.6	26.4	23.2	19.9	
31.1	25.2	25.4	24.5	26.5	24.8	13.1	23.9	
17.3	14.3	34.1	29.8	13.5	24.2	20.2	11.1	
18.0	27.3	31.1	23.3	38.9	34.4	18.1	41.2	
31.4	53.4	28.5	29.2	49.1	56.6	38.0	29.2	
61.1	80.4	49.0	76.6	49.7	54.5	58.4	66.1	
34.2	44.1	64.6	59.6	64.9	38.6	36.0	27.1	
26.5	21.1	38.3	32.5	22.4	36.3	22.7	35.7	
35.4	34.5	56.9	58.1	41.3	47.1	44.0	44.1	
24.6	14.6	10.4	23.6	27.9	28.5	21.9	23.5	
43.0	26.1	37.7	59.4	43.2	29.2	38.8	30.3	
26.5	24.4	51.2	30.7	17.4	27.0	24.8	24.2	
16.8	14.4	19.2	17.0	26.3	16.7	15.3	18.0	
24.4	15.2	29.2	32.4	24.8	30.8	11.9	22.5	
46.9	54.4	41.3	44.8	55.4	68.5	42.0	56.3	
30.8	30.8	31.0	30.8	21.7	39.9	28.9	28.3	
20.7	24.6	19.6	26.1	26.0	18.8	17.1	20.3	
17.6	20.2	33.8	23.8	29.9	33.8	38.6	17.4	
26.1	31.1	30.9	23.6	12.1	16.2	22.2	17.4	
42.5	34.4	32.8	25.9	36.5	36.3	38.2	44.7	
18.0	12.2	16.5	16.1	13.4	17.9	14.7	16.4	
53.4	30.2	33.1	32.1	33.4	43.4	25.2	47.6	
28.1	34.6	23.8	43.2	39.4	45.1	39.4	47.4	
32.6	24.8	24.5	25.4	40.3	33.4	23.1	34.8	
12.3	22.4	36.0	31.4	20.3	36.1	37.7	26.1	
35.2	41.4	35.5	48.2	37.4	34.9	22.5	33.3	
20.6	34.4	25.3	35.3	38.0	24.9	38.0	37.1	
41.8	26.4	34.7	39.8	28.7	19.3	13.9	22.5	
53.1	46.6	54.7	34.1	59.9	63.3	33.5	38.1	
43.6	39.8	30.3	40.4	53.8	41.4	36.0	69.3	
35.5	27.4	12.5	34.8	26.6	37.9	16.0	19.2	
54.2	25.2	26.7	30.1	39.7	26.3	52.8	31.9	
29.2	48.1	31.3	32.8	32.6	40.1	52.8	26.8	
22.0	33.9	28.0	14.0	20.3	15.8	25.3	23.1	
21.9	26.3	34.2	18.1	18.6	26.1	27.5	12.7	
37.6	36.6	54.5	54.5	30.5	42.3	56.9	41.1	
72.5	64.0	66.9	49.2	32.3	41.6	67.0	69.8	
20.0	38.8	44.2	39.1	32.6	13.9	36.1	24.3	
24.5	27.1	31.8	28.6	29.2	20.8	40.8	26.0	
