62.5	46.0	61.3	39.1	47.4	38.9	40.4	58.2	
52.5	16.9	36.8	33.1	14.8	28.8	38.3	30.2	
37.2	69.7	58.1	36.7	57.9	60.4	58.1	48.9	
22.3	29.6	35.8	31.0	52.6	29.7	33.7	31.7	
74.0	63.2	30.2	68.2	44.5	57.9	36.4	35.5	
30.9	30.4	41.0	29.8	51.8	32.9	46.1	34.4	
37.0	18.9	32.2	21.9	28.5	24.3	36.3	17.2	
37.2	37.3	29.2	36.9	41.4	16.6	38.4	62.0	
16.8	18.2	22.5	20.4	12.9	15.5	26.3	22.5	
35.8	52.1	26.6	38.0	24.8	37.2	36.4	38.4	
16.3	24.6	17.1	18.9	33.1	29.2	25.2	15.1	
17.5	18.4	18.3	29.9	27.2	24.6	24.4	22.1	
31.6	47.1	16.8	33.6	16.2	24.2	35.7	25.9	
32.0	16.8	36.7	23.9	21.8	24.9	34.6	38.6	
52.2	38.7	49.7	39.9	39.3	46.5	49.2	36.8	
36.5	48.7	54.6	25.8	32.2	35.8	51.9	51.7	
35.7	52.2	61.3	56.4	53.4	48.6	28.0	81.5	
47.8	33.6	29.6	25.9	45.6	49.9	46.2	33.1	
20.4	22.7	13.9	21.2	18.7	21.8	30.6	18.0	
39.3	58.4	72.5	28.1	40.3	51.1	28.1	27.8	
55.4	37.8	25.9	32.5	39.1	51.5	33.8	33.2	
50.1	21.8	26.1	43.5	26.4	24.3	29.4	20.5	
28.6	56.9	51.7	41.7	50.8	60.6	72.9	33.7	
34.4	31.6	49.2	42.6	42.8	46.4	38.6	63.6	
23.0	23.7	19.4	21.9	26.5	29.5	25.8	30.3	
56.1	57.6	29.7	52.4	22.8	48.5	20.7	26.0	
25.0	39.1	36.4	16.6	14.4	48.3	22.2	31.5	
33.1	37.8	31.1	27.0	14.6	21.1	31.0	26.5	
42.2	48.4	46.1	55.4	49.1	55.9	50.0	32.6	
36.7	16.0	38.7	18.2	22.0	24.9	47.2	15.7	
24.7	34.7	33.5	32.5	24.9	28.3	43.3	29.8	
23.3	32.2	34.1	28.9	33.3	25.5	37.5	20.5	
22.5	35.3	75.5	36.4	14.1	42.3	33.5	19.4	
55.3	47.1	67.1	41.4	29.5	37.0	19.8	34.4	
21.4	37.6	69.1	74.7	31.7	57.9	34.8	73.8	
64.8	35.1	70.4	40.4	54.5	51.3	39.2	31.8	
35.3	50.8	59.5	28.8	29.1	28.9	36.4	23.7	
34.5	33.9	29.6	53.8	39.4	40.3	24.5	23.2	
34.8	28.7	31.2	39.7	32.4	42.5	19.6	31.0	
27.9	30.1	23.3	28.0	30.6	26.5	28.3	42.5	
27.5	47.5	37.5	30.3	34.5	26.5	23.1	45.7	
63.2	46.9	33.4	45.9	39.6	23.4	25.7	38.7	
63.5	70.4	41.4	47.7	59.5	60.8	43.3	42.7	
18.4	45.7	27.2	30.1	27.9	20.5	26.0	22.7	
57.7	36.9	63.5	55.1	53.8	49.9	65.4	43.0	
42.3	21.9	41.1	39.4	32.7	35.0	40.8	49.4	
32.0	34.5	30.7	40.5	38.3	28.7	35.2	38.1	
30.5	30.8	44.4	38.9	49.4	32.2	33.5	32.8	
19.0	48.0	22.7	23.2	40.4	32.6	29.8	24.1	
43.1	25.8	39.8	46.3	32.3	23.8	31.8	50.8	
23.7	46.1	27.4	31.6	35.8	52.1	40.5	48.4	
14.7	27.9	29.5	24.3	27.9	20.3	31.7	30.7	
59.5	37.9	62.7	51.8	58.9	31.1	58.8	83.4	
66.3	23.6	39.2	77.7	76.3	72.6	59.1	50.2	
31.5	36.2	47.9	25.9	41.7	44.4	36.1	69.4	
28.7	54.2	23.8	52.7	31.7	24.0	22.1	36.4	
35.1	24.6	21.5	25.0	21.2	36.4	48.4	43.7	
25.1	46.3	28.0	26.7	26.3	45.9	26.4	24.9	
37.3	19.0	53.7	59.9	58.5	34.1	28.9	37.3	
12.5	12.0	14.5	21.2	17.7	13.2	19.7	12.6	
51.0	22.7	40.6	29.4	52.3	23.7	35.7	25.4	
36.1	42.6	48.6	58.6	40.0	35.6	40.0	18.1	
25.5	39.2	25.2	14.1	36.7	42.0	35.0	43.9	
81.1	70.1	49.2	53.7	52.0	58.1	86.7	42.7	
17.9	11.2	30.2	27.6	21.3	10.0	16.2	23.9	
24.7	17.8	21.3	42.4	28.9	37.1	40.8	27.9	
75.5	45.1	61.8	61.4	48.2	36.0	82.6	83.8	
50.4	47.8	92.9	45.6	37.5	59.6	49.6	48.5	
24.8	28.3	29.1	40.0	29.9	26.3	27.8	37.2	
34.8	24.4	44.2	31.7	25.4	39.6	37.4	26.2	
45.1	57.7	25.5	37.4	52.2	38.0	47.8	39.3	
30.4	40.0	49.7	51.7	43.7	32.1	25.5	28.2	
16.3	32.7	41.0	20.2	26.4	17.0	19.2	18.5	
42.3	33.7	37.1	16.9	25.4	24.1	38.4	17.1	
65.0	55.4	27.5	40.6	56.4	51.1	42.0	57.9	
18.7	39.8	24.1	33.3	30.9	31.7	25.2	17.9	
36.8	25.6	38.2	41.0	39.5	35.5	21.3	43.4	
36.8	61.7	38.7	40.3	32.5	25.8	43.8	23.7	
32.4	37.9	38.9	64.3	45.9	46.4	43.2	46.6	
37.4	44.7	40.1	35.7	37.4	45.6	32.9	41.6	
34.9	30.2	23.4	34.0	36.5	23.8	36.7	24.6	
46.8	32.2	25.3	48.5	36.3	37.2	29.0	25.9	
17.5	36.9	35.0	30.5	27.6	18.3	15.5	32.5	
31.5	34.1	24.7	17.0	29.6	26.1	32.7	22.7	
17.4	25.1	34.6	15.6	44.4	29.1	34.5	20.1	
22.7	38.9	25.0	20.2	17.8	18.2	21.2	26.9	
33.2	20.1	32.8	29.9	21.3	15.4	26.4	27.8	
15.1	20.1	22.8	20.3	13.5	21.5	20.4	18.8	
55.3	63.1	71.2	78.8	85.7	59.9	75.1	33.3	
38.5	27.8	35.1	36.0	22.8	25.9	21.5	27.4	
70.7	31.9	48.0	41.3	36.9	48.6	25.6	72.0	
17.7	16.7	24.2	18.9	14.2	24.6	18.7	14.8	
45.1	40.2	45.8	41.8	29.0	34.5	44.1	26.5	
14.6	17.6	21.8	19.3	15.4	16.1	28.6	29.9	
32.3	22.7	29.5	34.4	46.0	31.0	30.9	26.3	
13.3	24.5	17.1	15.8	15.5	29.4	22.2	20.1	
30.9	32.0	21.0	13.4	24.7	32.0	35.0	30.5	
70.3	57.3	55.0	44.5	29.0	49.6	34.2	37.2	
49.2	41.6	44.1	25.4	21.8	43.0	31.0	17.0	
35.9	29.2	12.6	17.3	27.0	29.8	30.7	26.9	
17.6	29.8	25.8	26.3	30.5	43.8	20.2	26.2	
49.5	50.8	32.4	26.6	15.8	28.8	23.3	34.0	
16.8	30.3	38.2	30.0	24.6	27.0	27.5	24.2	
23.6	27.3	15.6	22.3	16.3	26.5	19.1	16.7	
28.7	27.0	29.8	23.1	41.4	37.9	27.0	40.8	
36.0	41.6	29.8	31.9	31.6	43.7	31.3	30.7	
25.5	34.6	43.6	46.9	31.1	50.2	27.6	46.0	
25.5	29.8	19.4	12.0	22.8	27.2	22.7	18.7	
29.4	47.1	26.8	41.3	45.7	39.5	31.8	36.8	
55.5	49.4	50.3	80.1	41.5	21.4	68.0	29.9	
13.8	31.6	23.9	12.8	24.8	34.7	24.2	32.5	
31.8	26.1	13.3	23.9	22.7	33.5	22.3	11.6	
30.7	40.5	37.9	21.5	16.6	24.7	50.9	15.6	
25.1	40.6	36.6	28.1	48.6	20.7	36.3	48.3	
62.6	30.9	41.7	39.1	31.6	53.5	74.4	17.0	
27.2	24.8	42.4	29.8	23.0	23.4	32.4	19.3	
32.4	21.5	18.7	23.1	25.3	25.7	17.0	22.9	
22.8	48.8	32.6	43.4	26.8	34.2	37.2	58.7	
53.6	31.3	40.0	28.9	46.6	24.5	43.6	28.4	
46.2	18.3	36.9	41.9	32.4	24.0	20.1	25.8	
17.2	18.4	28.7	17.0	12.4	30.4	17.9	13.7	
31.3	39.9	44.1	35.4	25.4	36.3	44.5	23.3	
28.1	54.7	13.3	30.2	46.4	30.2	27.6	27.9	
31.1	50.5	30.7	42.8	32.8	41.9	64.1	79.6	
45.9	17.7	23.6	41.2	27.9	28.9	21.9	29.8	
22.2	22.5	22.0	43.2	14.1	33.5	34.8	30.3	
32.9	32.6	29.0	24.8	33.1	41.9	34.9	49.1	
51.9	18.4	56.4	34.4	56.8	37.6	33.1	43.9	
23.3	21.9	23.7	36.8	17.5	27.7	29.1	17.6	
18.4	28.0	29.4	17.3	34.4	17.3	18.0	36.3	
36.4	32.5	44.5	27.6	18.9	26.4	24.8	26.5	
33.7	19.6	35.9	17.9	24.7	24.5	39.0	37.5	
47.5	19.2	37.6	23.2	24.5	41.0	34.4	22.6	
47.9	31.4	47.1	55.9	53.6	63.5	19.2	39.1	
62.5	40.7	30.8	35.0	26.5	64.2	38.0	23.0	
27.9	21.1	20.8	20.0	27.6	32.0	25.5	13.0	
29.3	57.7	36.0	23.9	19.9	51.4	42.1	46.5	
31.6	24.5	31.1	26.1	48.6	21.8	56.5	25.7	
25.4	46.9	27.3	24.7	38.4	27.2	30.4	30.4	
43.0	57.9	43.5	35.1	45.6	32.7	49.6	44.2	
22.3	42.7	23.1	23.0	21.1	25.7	26.9	36.1	
35.7	57.6	55.0	37.3	43.9	62.8	34.5	47.1	
23.7	24.5	21.2	25.9	13.8	45.8	23.1	31.0	
21.3	16.8	20.3	35.5	23.9	13.4	24.7	32.6	
34.6	45.7	33.3	43.5	51.0	22.8	42.6	64.0	
27.5	45.1	26.4	26.2	18.9	47.3	38.9	32.8	
38.4	17.8	36.8	27.4	48.9	20.7	17.9	47.3	
21.9	28.9	43.2	27.7	25.4	30.9	23.5	17.3	
29.4	32.6	20.5	16.1	54.6	27.0	28.5	25.8	
56.2	64.0	34.5	59.7	64.7	38.2	63.7	48.0	
18.4	29.0	24.7	15.2	19.9	32.2	23.2	17.4	
44.6	54.1	38.4	36.8	34.5	58.4	34.7	53.0	
13.3	15.7	16.2	11.7	15.7	14.7	27.6	31.5	
44.0	38.7	44.5	25.1	25.7	41.6	46.2	30.4	
27.0	17.4	31.0	25.1	23.5	21.0	38.4	16.4	
28.1	26.4	31.1	21.0	28.2	21.8	24.5	26.0	
46.0	47.4	57.0	54.6	55.9	42.8	47.8	54.8	
28.4	35.7	40.8	59.3	44.1	45.0	13.9	34.5	
34.5	34.5	14.1	26.6	20.7	24.6	27.2	16.3	
26.8	58.1	47.2	40.2	28.3	32.6	50.6	24.5	
24.4	31.9	21.8	31.3	25.6	29.8	15.8	22.9	
11.2	20.1	12.1	27.5	12.5	20.1	9.5	25.6	
30.5	14.7	24.5	23.2	30.8	20.5	25.6	20.1	
37.3	25.5	44.0	11.3	31.3	19.7	25.1	45.3	
26.4	19.8	17.0	27.5	19.5	29.0	41.3	18.4	
51.0	45.3	55.2	58.2	40.6	51.6	38.0	32.2	
37.0	55.1	41.5	31.0	23.6	57.8	30.7	39.8	
43.6	53.3	47.0	57.2	22.3	34.5	46.1	44.6	
25.1	30.3	45.2	32.8	40.1	35.4	38.3	69.3	
25.8	24.0	36.1	28.2	30.8	11.9	43.6	14.5	
43.2	44.8	28.7	63.1	21.0	30.1	32.3	15.1	
44.1	24.6	14.1	35.3	47.8	40.7	42.0	27.6	
30.7	52.3	31.6	25.5	40.2	48.9	36.3	38.3	
47.6	31.0	37.0	72.1	25.2	33.5	29.1	18.2	
49.9	51.7	39.0	39.4	49.2	32.9	33.2	34.4	
19.8	51.3	26.0	23.4	19.8	41.2	20.8	48.9	
32.2	25.5	18.0	36.2	31.2	25.3	27.4	29.0	
32.6	38.5	43.0	26.9	21.5	18.1	32.5	28.3	
45.6	29.4	31.0	53.5	31.6	31.3	38.1	34.7	
36.7	55.1	21.8	29.1	24.7	44.4	55.6	55.0	
34.4	59.1	42.7	42.8	41.1	49.9	41.4	49.1	
19.4	38.0	34.6	35.0	27.6	38.3	38.0	33.5	
30.2	15.3	20.8	37.0	20.7	38.9	22.4	37.1	
24.0	27.8	35.8	28.1	19.4	29.6	19.3	24.8	
47.5	24.4	36.6	61.0	38.9	39.9	33.1	42.4	
62.4	28.9	33.5	28.8	54.0	19.8	22.6	37.4	
37.3	35.7	59.3	41.0	33.7	43.0	64.3	34.5	
25.9	30.2	19.0	40.0	24.4	36.5	37.4	33.3	
62.1	33.0	42.3	42.0	58.6	42.5	57.7	59.5	
35.2	14.3	27.9	24.6	22.7	16.5	13.1	31.8	
31.2	25.8	27.9	44.6	48.8	22.2	33.8	38.7	
32.1	19.9	30.8	23.2	45.5	24.0	29.8	18.1	
42.6	45.7	31.4	31.8	27.3	37.8	36.4	35.7	
31.7	22.2	39.8	19.0	44.7	40.7	29.6	40.3	
12.0	24.5	15.8	22.8	26.4	14.6	21.1	19.2	
61.6	43.6	71.8	39.2	65.4	60.2	32.5	37.3	
58.6	42.1	44.5	41.0	51.8	49.4	68.5	89.1	
28.2	41.8	23.4	44.8	51.7	35.2	44.1	29.6	
36.1	19.9	25.2	31.8	23.7	27.6	41.4	44.1	
33.4	44.2	33.6	35.1	44.5	68.0	19.5	38.5	
33.0	51.3	24.9	37.7	32.6	36.8	17.9	29.3	
26.6	53.6	53.1	53.4	45.6	31.7	21.9	33.3	
41.4	38.8	26.1	50.9	26.4	19.3	28.0	61.0	
24.3	20.9	42.3	51.1	16.0	27.0	31.4	35.3	
37.8	58.9	38.2	29.0	74.8	53.2	36.2	48.3	
35.8	71.5	36.9	42.8	43.1	48.3	24.5	43.1	
48.4	68.3	43.6	37.6	55.9	64.2	73.4	35.0	
20.1	23.7	28.6	20.9	52.0	25.9	16.9	43.6	
41.8	28.0	29.7	49.2	39.6	40.8	43.1	22.2	
22.0	32.3	41.1	33.6	32.5	28.0	23.3	50.1	
26.7	26.9	49.9	17.3	21.7	26.0	33.4	31.2	
22.9	23.4	30.1	20.2	29.8	48.2	29.7	36.2	
42.8	31.4	45.6	35.7	32.6	37.8	40.7	30.7	
17.8	50.3	62.5	49.4	36.5	52.9	51.5	38.0	
51.1	50.4	36.4	42.2	39.0	59.9	32.1	38.8	
17.1	32.0	16.3	16.2	16.1	23.8	21.4	23.6	
43.9	20.4	25.5	31.5	16.1	27.4	20.5	21.9	
26.5	37.3	31.5	23.5	29.2	31.7	30.1	41.1	
45.9	12.8	18.1	49.3	44.5	31.7	35.2	51.7	
25.1	25.1	32.0	23.0	19.0	10.6	33.4	25.5	
19.6	15.8	18.3	24.4	26.2	25.3	38.3	39.8	
25.9	33.1	26.3	22.4	25.7	21.6	24.9	31.0	
22.7	31.7	23.7	28.7	23.0	24.5	26.4	27.6	
17.2	30.7	13.3	23.0	23.7	28.9	39.7	21.7	
21.7	11.6	28.3	13.6	23.8	14.0	13.0	14.4	
30.4	41.5	28.1	57.6	36.0	33.1	31.5	36.8	
39.5	74.2	38.8	39.1	52.1	44.3	67.1	56.7	
39.7	34.3	45.9	35.9	42.7	51.2	52.1	41.0	
31.7	60.2	29.8	47.0	37.9	54.3	32.0	52.3	
35.7	42.0	44.5	37.5	42.7	46.5	31.6	47.9	
45.9	35.2	42.4	46.8	47.5	25.6	34.0	22.5	
37.2	24.7	36.7	14.5	56.6	36.5	60.5	54.4	
14.0	22.4	17.2	16.2	14.3	22.4	33.5	25.4	
29.8	29.2	49.5	29.4	34.2	38.6	38.2	27.8	
50.8	57.0	72.4	78.7	43.2	54.7	44.7	51.6	
24.2	22.6	25.6	15.0	23.3	20.8	19.2	31.9	
18.9	53.3	26.8	39.6	26.3	20.6	29.6	35.5	
40.8	17.5	45.7	31.1	32.9	21.9	43.8	26.6	
28.9	33.6	23.8	17.2	30.4	24.0	19.6	15.5	
19.3	19.1	16.8	21.8	20.9	16.5	17.2	36.1	
23.1	18.2	26.8	21.8	20.0	32.7	26.7	23.9	
52.1	47.1	43.3	25.4	44.7	51.8	39.4	47.1	
55.1	47.5	38.5	30.7	49.5	39.6	71.3	33.9	
37.1	26.2	24.1	18.9	29.2	30.5	34.0	25.9	
41.2	45.7	61.1	53.9	46.6	44.2	45.8	31.5	
27.9	22.1	32.3	22.0	41.4	15.0	30.1	58.6	
30.7	32.9	33.0	34.0	38.9	29.4	34.0	32.8	
22.4	40.1	32.9	27.1	37.6	22.3	43.7	65.5	
28.8	26.0	19.4	58.0	27.1	35.3	33.6	40.0	
33.9	40.1	21.2	35.5	40.2	32.9	29.4	29.5	
22.2	22.6	29.5	40.9	42.9	38.4	22.2	23.4	
36.6	35.6	32.6	23.6	59.1	31.0	26.1	21.9	
46.1	46.4	72.7	38.4	46.8	35.1	50.7	22.6	
43.2	57.9	46.0	34.7	26.8	29.5	43.0	23.4	
72.2	55.4	39.8	79.2	56.7	47.4	67.4	42.0	
31.8	14.2	45.3	20.2	17.1	19.4	25.2	25.7	
17.6	30.3	30.7	15.2	28.7	11.1	17.7	13.7	
25.6	25.6	31.5	44.6	15.3	28.3	36.9	33.4	
24.4	30.6	25.9	13.3	28.4	16.2	35.1	19.2	
42.8	70.1	47.8	65.2	46.2	38.5	55.8	33.2	
79.4	55.0	44.3	69.4	66.6	38.4	47.6	76.4	
50.5	44.4	43.3	44.5	40.3	51.2	35.0	44.9	
24.1	15.3	16.9	22.4	16.1	26.6	19.3	11.6	
22.6	30.3	37.1	34.7	35.0	41.8	43.8	33.6	
30.9	23.4	15.3	31.2	32.3	28.3	31.2	34.4	
33.2	29.8	28.0	31.2	49.8	40.4	32.8	43.9	
22.8	36.3	23.6	47.5	43.7	34.6	37.0	52.6	
29.9	44.8	19.0	38.5	25.6	21.7	38.6	35.1	
26.7	33.2	29.8	33.7	47.6	24.5	37.3	29.3	
29.3	22.0	19.2	36.5	29.5	19.8	30.0	27.2	
20.3	43.4	22.4	27.6	26.2	32.2	38.3	14.5	
43.7	30.2	32.7	36.6	28.5	45.4	46.1	59.5	
23.6	32.1	20.5	39.7	30.2	19.2	35.3	24.9	
44.6	37.8	44.6	46.5	46.0	33.0	27.4	47.2	
20.8	23.1	17.4	27.9	32.2	26.7	15.5	19.4	
61.9	44.2	51.6	52.6	68.0	70.0	79.9	47.9	
39.8	42.0	47.1	58.6	57.4	55.9	32.9	76.6	
20.5	23.7	17.9	17.8	22.3	15.7	17.6	9.3	
30.9	30.0	41.5	49.4	33.0	54.3	27.3	34.1	
30.5	19.4	21.3	32.4	30.8	34.2	31.7	19.1	
35.9	22.4	22.4	30.3	36.8	41.6	20.5	19.4	
28.5	43.4	27.2	42.5	29.2	35.5	30.6	35.1	
15.3	29.9	19.6	25.3	28.7	39.6	35.4	18.4	
11.0	28.6	14.4	14.9	16.3	19.1	23.6	21.8	
55.3	38.4	38.7	63.1	41.2	63.3	57.2	55.3	
31.3	27.7	26.9	39.4	46.1	58.7	29.4	49.3	
32.7	32.2	15.7	47.1	43.2	40.2	25.6	54.0	
29.6	38.2	27.5	27.9	46.7	35.7	18.0	24.8	
12.1	11.6	9.3	19.5	17.7	18.9	14.6	18.1	
41.4	31.0	28.0	27.9	27.6	18.9	26.1	41.7	
9.4	17.5	14.7	27.7	18.5	11.0	18.3	16.2	
32.7	27.4	20.2	28.0	26.1	14.5	15.5	20.0	
33.3	44.7	30.2	50.5	29.4	70.8	36.1	51.0	
11.5	10.6	9.3	13.4	7.9	14.6	9.1	15.9	
45.3	21.0	32.6	43.8	26.7	20.9	43.3	19.1	
27.6	16.0	13.3	15.5	11.2	18.2	22.4	18.4	
34.9	40.6	13.8	37.2	32.2	21.8	55.2	23.9	
59.8	51.9	18.1	19.9	29.4	31.0	28.4	44.9	
53.7	71.7	56.7	72.6	54.6	40.5	66.7	54.8	
36.6	58.5	23.8	75.7	66.0	56.0	44.7	30.2	
42.6	43.2	33.4	38.2	22.4	33.6	26.0	44.5	
23.6	19.0	14.1	22.7	26.7	26.3	15.6	15.4	
83.2	58.5	41.4	64.2	45.8	59.5	54.0	58.8	
33.4	30.9	25.7	32.3	36.2	35.8	19.8	21.3	
45.4	75.5	61.8	64.7	36.4	46.8	69.1	43.4	
29.9	33.8	16.1	18.8	29.4	27.0	26.3	35.0	
8.0	24.8	21.0	20.5	22.0	28.1	23.6	31.5	
54.1	86.5	36.9	76.2	66.1	54.0	68.5	66.3	
66.3	14.5	18.3	38.4	34.8	56.5	65.0	41.7	
32.5	13.8	17.9	19.6	31.4	12.5	27.2	17.8	
22.4	44.9	18.1	29.6	18.3	31.4	26.7	23.1	
23.6	14.2	16.8	21.1	16.7	22.4	28.4	22.7	
35.0	37.0	28.2	46.1	40.0	41.0	23.3	20.7	
63.0	56.1	40.3	53.8	42.3	34.9	30.9	31.9	
54.6	62.1	38.0	47.2	31.1	51.5	81.5	55.2	
20.9	24.3	21.0	26.5	25.1	27.3	19.4	17.8	
45.3	26.0	19.1	22.0	35.6	32.1	29.5	34.9	
37.9	29.2	35.1	43.1	35.5	43.3	36.7	49.5	
30.4	27.7	27.8	40.6	29.3	16.9	47.4	26.0	
32.4	34.5	17.1	21.6	21.2	19.2	28.6	21.4	
58.8	47.4	35.5	41.1	92.5	68.6	66.5	49.0	
31.0	24.0	28.0	33.8	19.5	33.6	27.7	30.6	
20.9	22.0	22.8	28.5	37.4	13.2	30.6	39.3	
11.4	14.2	13.3	18.9	13.6	8.6	18.0	18.0	
55.8	51.9	23.4	26.2	29.4	30.6	28.7	26.1	
62.4	69.5	44.0	48.2	60.8	65.6	80.0	50.5	
47.4	47.9	32.6	41.0	35.5	37.5	41.8	47.9	
22.0	17.4	13.0	41.9	36.6	34.1	32.8	32.7	
23.4	19.7	20.5	30.3	18.5	12.2	24.2	23.8	
48.8	47.5	33.7	46.5	21.4	53.1	40.3	49.3	
30.6	42.8	40.3	46.7	23.9	46.6	36.1	63.3	
25.5	27.2	35.9	40.5	27.9	32.8	26.0	43.8	
49.2	54.2	25.9	64.5	68.2	32.3	54.7	33.3	
50.4	25.7	21.5	25.4	43.7	40.5	35.6	43.2	
24.1	16.5	14.5	15.8	16.3	17.4	23.5	21.8	
19.6	36.0	32.9	33.5	23.8	31.7	35.5	31.5	
32.7	33.7	41.6	46.7	19.5	48.9	29.8	13.9	
30.5	36.1	23.1	33.0	36.9	21.2	33.2	17.4	
22.8	44.4	34.3	35.2	41.1	44.1	47.9	47.8	
33.1	36.9	27.4	44.0	45.9	43.9	46.1	36.8	
33.5	33.6	36.7	47.9	33.1	48.7	36.1	54.4	
48.8	47.9	15.4	25.2	28.9	20.6	48.4	20.9	
24.3	18.5	14.7	20.6	22.2	16.1	21.5	22.1	
35.1	36.4	15.5	31.7	23.3	34.7	32.2	29.8	
28.9	32.9	26.7	39.9	24.7	26.0	24.4	31.3	
39.7	28.5	18.5	29.5	15.3	23.9	27.4	26.0	
36.6	27.2	28.3	43.2	24.2	32.2	15.9	21.6	
19.6	24.2	9.8	17.6	14.0	22.5	18.2	22.5	
54.0	49.8	61.4	68.3	53.8	20.3	32.6	56.9	
27.3	41.3	17.6	35.7	28.7	27.8	16.4	22.5	
38.9	34.5	43.0	45.4	39.1	28.5	29.7	22.5	
80.6	57.2	42.8	81.5	37.4	48.2	41.0	69.5	
45.8	45.3	48.3	49.3	37.6	22.6	33.1	55.3	
21.8	33.9	20.4	30.2	36.1	12.5	31.1	24.0	
41.3	34.7	34.2	35.3	43.9	47.0	25.7	19.0	
32.1	36.4	25.4	32.2	43.2	20.0	40.6	25.8	
30.5	27.0	25.8	27.8	53.6	35.6	32.4	34.0	
27.2	36.6	54.2	63.0	63.4	67.4	33.7	85.8	
24.7	23.5	32.0	54.6	31.9	43.0	41.2	54.6	
49.1	61.7	60.1	60.6	50.0	42.0	53.4	35.0	
46.6	37.9	62.8	64.4	60.3	31.5	63.2	47.9	
15.1	15.5	22.4	34.2	17.4	11.9	15.4	15.4	
26.7	19.9	23.1	35.3	13.3	28.2	20.1	41.5	
35.0	58.0	50.2	60.5	51.6	29.5	49.9	48.1	
41.2	50.3	35.0	59.3	47.7	50.3	53.4	25.9	
34.8	17.8	25.2	40.2	33.6	35.5	41.8	26.5	
30.2	47.1	39.7	43.1	35.3	38.1	41.5	36.9	
45.1	50.7	17.0	35.1	30.8	32.3	48.1	45.1	
33.1	35.2	21.1	31.6	20.6	32.9	36.9	41.8	
29.4	36.0	49.5	60.8	58.8	45.0	36.2	36.1	
20.8	31.8	21.0	43.0	31.3	32.4	35.0	57.3	
19.3	26.5	28.1	43.3	15.0	26.6	25.2	27.0	
31.2	33.3	36.2	61.3	32.4	18.4	46.4	24.4	
22.9	31.5	30.7	42.1	19.8	41.5	31.0	41.9	
32.2	40.8	40.3	41.7	32.4	40.0	27.8	28.5	
28.4	16.5	28.2	48.1	12.4	31.1	16.1	31.3	
12.1	20.1	20.0	23.9	28.6	17.2	13.1	21.9	
27.3	24.2	34.3	48.2	54.0	22.1	22.9	32.2	
26.7	22.2	16.5	22.0	34.6	20.9	18.4	34.4	
39.2	37.8	35.7	53.6	58.7	48.0	63.5	49.9	
50.9	22.9	24.5	76.6	25.5	71.9	37.5	33.7	
19.4	32.8	13.0	20.3	24.0	32.1	16.9	20.8	
18.0	28.2	26.9	52.8	15.1	45.5	30.3	26.1	
15.1	46.4	21.5	24.4	24.7	33.1	28.4	24.9	
13.9	18.9	13.4	19.1	13.2	21.3	11.2	18.4	
37.3	25.0	33.3	42.8	34.8	31.9	42.1	39.3	
37.1	28.9	30.6	33.7	45.9	54.5	48.2	39.9	
23.2	22.0	18.2	18.1	20.8	31.0	20.9	16.0	
57.0	40.2	30.7	56.6	54.3	65.9	41.5	44.0	
80.3	48.6	43.4	48.7	58.2	35.8	28.4	66.4	
8.3	17.6	16.9	19.1	12.4	20.4	20.8	16.2	
17.8	17.6	17.4	18.1	13.3	17.0	18.5	30.6	
21.0	13.7	16.3	22.6	38.0	19.1	14.0	29.7	
34.1	36.0	36.1	79.4	34.5	34.0	43.8	56.8	
48.1	27.9	24.7	33.6	15.9	30.9	33.0	23.0	
33.0	35.7	27.1	34.0	44.9	50.9	40.1	44.8	
42.4	12.5	31.2	45.5	32.0	18.7	25.8	30.1	
43.9	39.8	42.2	47.2	17.7	37.7	40.1	24.1	
24.7	50.4	20.4	28.8	27.0	31.8	24.5	17.9	
34.2	39.5	25.7	49.1	37.8	28.7	33.8	31.1	
37.0	27.5	25.7	36.0	28.9	32.2	45.6	28.0	
36.0	52.8	27.8	43.1	34.7	23.9	49.5	17.3	
25.4	27.7	22.5	31.8	43.0	28.3	48.3	30.6	
19.1	12.6	13.1	23.2	35.6	17.7	29.7	10.7	
19.9	17.6	14.2	18.5	16.0	18.4	26.0	27.5	
36.7	44.4	32.8	60.6	29.9	27.9	34.9	17.4	
30.6	38.2	38.2	51.4	34.4	38.6	29.3	36.3	
23.3	29.0	19.7	21.2	18.6	12.6	14.3	13.8	
28.0	25.5	24.9	49.5	37.8	53.7	38.9	64.6	
38.3	68.0	33.8	37.1	46.3	41.4	64.0	49.3	
69.7	46.3	31.3	45.1	52.7	62.8	75.4	47.1	
18.7	35.5	17.7	31.0	40.2	18.2	37.4	29.1	
14.7	24.3	12.9	22.2	24.2	17.9	24.4	21.1	
29.7	30.9	36.3	38.6	40.9	45.4	42.3	15.2	
35.0	37.4	57.5	63.0	51.9	56.9	49.5	41.6	
27.5	38.4	24.6	29.0	16.3	52.9	25.4	23.0	
28.0	53.8	34.3	43.4	24.1	35.0	34.6	78.6	
28.1	27.6	11.8	18.1	23.0	22.4	27.1	19.7	
25.5	24.9	17.9	18.1	30.5	29.5	29.7	23.1	
29.4	41.4	38.7	43.3	42.1	20.8	65.0	47.2	
18.1	34.9	26.2	48.3	16.2	50.1	28.8	23.8	
31.7	37.5	31.6	35.1	25.3	38.1	17.2	33.2	
37.5	43.1	39.1	46.8	51.3	43.5	43.9	42.8	
35.6	19.4	30.2	41.3	32.7	28.8	36.7	31.9	
50.5	38.9	34.9	45.2	40.1	44.4	29.0	45.9	
35.0	37.1	22.7	29.3	28.3	29.5	19.6	31.1	
28.6	20.3	25.7	25.9	25.2	33.1	19.8	24.5	
31.1	22.0	24.3	29.0	23.8	42.7	32.6	40.5	
39.0	42.1	37.7	64.1	31.5	39.7	39.0	44.1	
74.3	50.4	68.6	109.2	44.8	131.8	41.0	52.3	
53.4	38.4	19.2	25.8	42.7	52.1	43.2	28.7	
41.2	50.0	65.9	70.7	28.5	44.4	45.0	24.9	
44.6	43.5	29.0	31.4	29.3	49.8	25.9	30.0	
29.0	42.4	23.7	23.5	28.8	35.6	34.8	29.6	
34.3	31.7	37.5	55.3	41.0	47.7	26.2	70.8	
22.8	12.9	19.3	19.5	21.5	25.5	13.3	23.9	
31.5	23.5	32.3	35.7	18.9	24.2	32.5	31.5	
59.5	30.4	34.0	36.4	33.3	45.9	46.5	39.0	
25.9	40.9	32.9	38.3	39.2	18.1	32.8	33.4	
38.6	37.5	46.6	51.5	38.9	30.5	24.4	35.2	
72.9	50.3	42.9	73.7	56.2	59.9	46.5	47.4	
32.2	34.1	36.4	48.6	31.2	25.3	23.0	36.7	
47.6	69.5	28.7	65.7	70.4	48.5	43.8	51.7	
45.0	34.1	25.9	30.8	47.6	50.3	44.0	55.3	
52.4	83.3	63.6	72.0	43.9	75.2	106.5	70.5	
37.3	22.4	27.1	32.2	33.5	15.0	36.3	18.9	
18.9	27.3	30.0	29.8	26.0	49.3	37.3	26.1	
26.1	28.2	17.5	19.3	23.7	21.8	20.8	19.4	
62.1	47.0	37.4	75.0	50.5	60.4	35.7	65.9	
45.4	55.7	45.6	49.9	34.8	25.2	44.7	23.5	
36.8	33.3	43.0	50.4	38.8	30.5	57.8	77.6	
34.5	20.9	43.7	44.8	30.4	31.4	39.9	51.6	
34.7	35.7	28.2	33.4	30.7	19.0	37.8	22.2	
36.8	41.7	32.6	37.7	25.3	37.6	36.2	35.6	
32.3	48.9	28.8	36.6	32.8	38.7	27.2	29.7	
39.7	41.2	30.7	45.1	47.7	41.0	27.9	28.9	
20.5	23.0	19.4	18.6	29.2	32.1	25.2	24.3	
38.5	32.7	23.0	49.1	49.3	34.3	22.1	50.4	
21.4	24.2	27.3	29.1	48.3	31.0	27.9	34.5	
57.1	37.8	47.6	47.1	26.8	38.7	26.9	40.2	
27.0	17.9	18.6	21.0	24.9	26.7	18.8	20.5	
26.1	17.4	18.8	31.3	16.9	38.0	20.4	40.0	
19.5	35.1	21.2	32.3	16.8	28.2	16.1	30.1	
30.2	31.9	29.0	48.0	42.4	24.6	35.6	35.4	
27.5	39.9	38.7	39.9	49.3	69.3	45.0	40.5	
28.8	43.5	29.4	41.8	39.0	35.0	20.5	26.6	
25.8	17.5	17.7	39.7	18.0	22.3	26.3	24.9	
25.8	15.3	25.5	24.5	18.7	17.5	16.0	22.7	
35.6	37.9	38.8	61.5	35.7	34.1	48.8	29.2	
37.7	29.0	30.9	50.7	33.7	34.9	43.0	22.3	
52.4	44.7	33.1	87.1	89.8	67.4	78.5	52.1	
51.8	39.6	49.4	50.8	52.5	47.9	67.5	31.0	
24.8	24.2	39.1	39.4	20.2	18.7	46.5	46.5	
23.7	32.3	28.7	30.9	43.1	23.2	11.4	29.5	
39.3	27.6	29.7	31.0	28.6	34.1	48.1	40.6	
35.0	15.6	32.5	38.0	50.4	36.9	24.7	37.3	
20.9	29.0	15.7	18.8	28.9	39.0	23.0	36.1	
23.8	29.5	19.1	26.1	14.8	25.5	23.4	21.1	
32.8	25.9	17.4	33.5	17.0	38.9	21.6	33.5	
22.2	16.0	21.0	22.4	16.8	31.4	19.9	22.3	
37.4	13.4	21.5	30.1	34.9	27.5	19.2	36.1	
34.7	40.2	38.9	46.1	46.5	30.9	51.3	32.6	
39.2	50.6	27.7	33.2	23.6	35.5	43.6	75.1	
57.1	67.6	32.2	66.1	36.0	43.3	44.1	61.4	
32.2	23.5	32.3	33.8	34.7	35.6	48.8	38.6	
11.2	13.6	8.8	11.3	7.9	13.6	7.1	13.3	
24.9	50.4	27.3	32.3	71.9	38.4	31.5	35.7	
24.9	62.5	24.9	60.8	41.9	39.6	26.8	71.7	
28.1	35.0	30.8	43.8	51.6	32.0	31.6	38.7	
8.3	9.0	8.6	18.6	10.7	15.5	14.2	17.9	
74.6	47.0	39.1	44.5	21.2	33.1	49.4	25.2	
33.8	49.9	26.6	32.4	28.3	54.3	36.3	25.5	
62.3	30.2	48.0	67.3	35.1	38.6	40.7	30.8	
36.0	31.1	46.4	57.3	71.0	61.9	29.6	47.7	
36.2	33.0	20.7	51.5	32.1	41.9	35.2	31.9	
31.2	60.3	35.5	40.6	20.8	46.6	18.2	42.4	
46.0	23.1	22.4	32.2	46.7	47.2	25.4	40.6	
26.3	13.5	34.6	35.8	22.3	13.6	18.4	31.4	
44.6	45.2	29.8	58.4	33.7	44.3	65.5	31.3	
68.1	59.8	37.6	60.8	69.8	57.3	54.4	58.9	
32.4	30.1	23.9	33.5	33.0	28.3	24.2	26.6	
21.5	29.0	24.6	30.2	24.0	20.0	34.7	23.4	
33.8	30.2	19.5	28.5	14.3	28.1	22.1	25.8	
19.5	49.1	26.3	36.2	47.4	23.0	46.9	46.7	
36.5	34.1	24.3	27.4	19.6	40.9	25.0	38.5	
19.5	26.7	17.4	24.7	17.9	34.1	31.7	15.8	
22.6	47.3	33.0	35.7	33.2	29.8	47.7	39.6	
30.6	20.6	31.7	42.1	34.7	43.5	32.7	43.2	
22.4	15.6	35.0	42.0	38.7	49.3	25.1	18.8	
27.4	27.1	31.8	36.2	33.8	39.2	30.1	54.9	
27.6	39.3	23.2	25.0	31.6	15.4	14.4	15.1	
49.2	27.8	27.3	42.3	28.6	39.5	45.2	29.7	
47.7	36.8	48.9	61.3	24.3	57.6	35.0	30.9	
30.0	28.4	39.3	59.2	40.6	40.5	34.7	19.3	
20.1	22.5	24.0	34.3	22.0	26.8	34.8	30.9	
38.0	27.3	13.5	41.4	28.7	32.9	35.8	29.3	
21.6	26.7	35.3	36.9	20.5	32.1	35.0	17.2	
20.5	34.4	13.8	16.6	21.8	17.0	16.7	22.2	
64.0	46.2	32.3	43.1	48.6	38.8	62.2	33.4	
22.0	30.0	22.1	44.9	36.5	29.4	25.2	46.1	
51.6	44.3	47.8	55.0	58.6	32.3	79.1	53.3	
23.2	11.9	22.5	28.7	15.1	23.8	30.3	33.6	
28.1	54.0	28.6	45.9	50.9	43.7	34.1	56.9	
28.3	34.5	28.0	49.1	27.1	33.3	37.2	42.1	
43.8	29.8	29.8	50.8	39.9	30.8	26.7	34.0	
47.5	26.1	39.1	39.9	25.1	33.6	52.9	27.0	
38.1	37.4	41.7	43.7	24.2	40.4	38.5	47.7	
36.6	25.3	25.5	47.5	32.2	36.8	23.6	27.9	
32.0	26.5	20.5	21.1	20.9	27.6	19.9	27.5	
25.3	20.2	15.4	17.1	18.0	16.8	31.0	36.5	
52.3	55.0	48.0	58.0	104.7	66.6	48.6	53.1	
42.1	30.3	58.3	29.6	26.5	56.5	47.3	46.1	
48.7	57.8	34.9	57.2	34.9	28.3	18.3	38.1	
51.6	51.9	25.0	54.1	40.2	40.4	22.0	43.5	
50.4	30.2	23.5	39.8	35.2	29.6	18.9	35.4	
23.7	41.6	56.2	47.5	32.5	30.7	32.3	25.1	
75.9	63.1	65.6	47.4	58.0	36.7	41.7	66.9	
24.9	13.2	27.7	28.7	8.4	19.3	18.1	20.2	
30.9	32.4	28.6	26.6	37.2	23.4	29.1	35.3	
31.4	36.0	39.9	25.5	35.4	12.1	26.3	15.9	
33.9	31.9	15.4	37.6	24.3	54.6	35.3	24.3	
42.6	35.8	53.5	47.9	51.2	38.7	29.8	37.2	
17.8	20.1	25.5	16.5	25.3	28.0	18.1	24.6	
14.5	17.5	14.5	13.8	18.4	15.8	11.8	12.6	
30.6	31.1	35.9	30.8	17.6	31.5	28.7	31.2	
21.9	38.1	30.1	41.0	31.5	42.3	39.7	51.6	
36.0	36.0	37.7	47.2	36.6	32.4	43.5	42.8	
25.6	30.3	41.9	38.1	28.2	27.7	37.5	31.5	
38.8	40.4	29.5	22.6	52.6	31.3	46.8	28.1	
32.4	51.1	39.5	26.8	49.3	53.3	44.6	58.8	
30.9	53.3	58.7	32.1	30.6	56.6	25.7	33.9	
19.2	29.6	8.9	30.1	10.8	24.3	31.9	18.6	
31.7	21.5	51.2	31.5	25.1	34.4	24.7	20.3	
22.1	32.9	23.8	24.9	20.7	46.6	44.4	37.4	
28.1	38.1	26.9	36.1	40.9	34.7	42.7	38.6	
58.7	47.2	31.6	60.1	50.7	39.9	49.7	75.5	
25.8	22.3	29.1	36.4	43.4	51.8	48.8	29.9	
36.1	44.3	26.3	49.7	68.1	45.2	53.6	44.6	
22.1	20.6	12.9	23.8	12.5	26.6	20.3	22.8	
46.1	30.1	32.5	20.7	36.1	16.2	47.5	44.1	
45.6	48.5	43.5	32.8	46.1	75.0	53.1	31.7	
35.3	45.8	30.3	38.1	40.2	22.4	52.4	66.0	
49.3	43.7	48.1	52.2	38.9	53.9	35.6	53.0	
58.8	49.5	35.9	43.2	41.6	14.4	38.7	53.4	
21.3	39.8	42.0	35.5	45.7	18.2	21.0	37.8	
44.1	37.5	34.4	68.7	41.1	43.1	26.6	23.7	
44.6	29.9	32.1	29.0	26.0	23.2	38.8	29.6	
14.6	17.9	14.8	24.6	15.8	25.1	12.9	21.5	
19.9	40.1	34.1	36.9	52.7	21.4	35.0	34.8	
20.8	33.0	19.5	15.3	31.0	16.1	36.4	24.1	
28.5	35.3	14.4	19.8	16.6	16.3	26.4	21.3	
42.8	29.6	38.9	41.7	21.6	32.4	36.8	26.0	
32.5	36.5	32.9	24.8	27.6	12.5	32.9	39.0	
32.5	38.3	17.6	40.4	33.1	74.8	39.7	44.9	
34.4	48.2	63.6	29.6	36.8	39.0	29.3	41.1	
19.2	47.3	31.4	42.9	15.4	47.1	22.0	54.7	
23.1	24.0	35.5	52.7	80.7	61.5	47.9	69.0	
56.6	36.7	39.5	43.4	43.2	38.6	32.0	29.2	
60.6	42.1	36.1	35.9	34.3	37.2	31.6	55.1	
54.2	55.1	55.0	40.9	50.1	60.7	39.6	30.6	
22.2	27.3	49.2	25.2	24.6	38.6	17.5	41.8	
51.3	46.4	27.7	30.8	17.2	23.7	35.0	42.7	
32.6	20.2	25.6	27.6	30.0	25.0	30.5	21.2	
28.3	29.4	17.8	42.9	45.2	25.5	16.6	31.0	
8.4	6.6	17.7	9.5	18.6	20.4	16.5	9.2	
62.3	88.8	53.4	96.6	44.5	74.5	107.0	59.7	
40.2	23.4	28.5	21.5	46.0	17.9	27.3	42.8	
36.7	25.2	54.6	41.4	30.4	41.1	33.3	33.4	
43.7	49.3	41.8	42.6	47.4	29.7	42.1	40.2	
31.9	49.2	38.0	34.2	57.6	55.6	30.7	40.1	
41.3	24.6	45.6	35.3	24.3	29.9	45.2	39.2	
16.2	17.4	15.7	17.4	10.5	23.0	25.3	20.3	
36.9	44.7	39.0	26.5	42.3	25.8	20.1	41.6	
44.3	30.1	47.4	50.3	43.9	27.1	43.4	44.6	
29.6	35.5	30.2	20.2	44.1	22.8	24.2	23.5	
49.5	57.3	40.2	62.4	57.8	25.8	36.8	37.6	
69.1	51.0	47.0	61.5	30.3	61.4	46.9	34.7	
25.1	43.2	20.9	34.4	31.4	29.1	21.4	30.3	
9.7	19.4	16.4	16.0	7.4	26.4	18.5	21.9	
30.3	35.3	41.0	52.6	40.7	48.1	36.2	43.5	
42.9	37.6	28.4	30.5	24.4	36.4	35.6	38.0	
42.7	35.1	47.9	45.2	47.9	27.1	52.4	42.3	
35.2	22.3	18.0	31.9	33.5	14.7	36.9	22.8	
28.5	22.3	21.5	24.1	27.8	27.4	31.0	22.3	
55.4	50.3	65.2	79.9	48.0	70.4	64.5	66.2	
32.2	30.5	42.7	35.9	22.9	50.1	46.2	51.1	
34.0	59.1	44.9	20.1	52.1	29.1	22.0	58.8	
75.6	39.5	40.3	42.4	40.5	22.9	54.6	47.8	
14.6	19.2	28.1	6.5	16.2	19.6	18.0	27.6	
36.8	21.3	16.9	28.0	20.2	26.2	35.6	20.5	
36.9	36.7	30.0	42.0	61.5	30.4	27.8	42.3	
22.2	23.1	12.6	19.0	32.3	46.7	33.3	27.1	
19.1	31.5	41.7	36.8	34.1	31.2	34.4	44.9	
24.1	34.3	14.1	28.7	42.5	43.5	36.7	27.7	
28.2	30.7	22.7	30.8	20.3	29.8	29.0	26.0	
46.0	43.3	33.5	46.6	23.0	23.0	30.1	30.6	
40.4	36.7	24.4	34.6	28.1	40.7	16.6	37.7	
33.2	48.1	17.9	22.4	48.0	19.8	29.9	32.4	
24.5	17.7	13.3	13.0	18.2	18.5	36.1	40.0	
20.6	41.7	22.0	32.2	51.4	26.4	20.7	26.2	
27.3	19.4	21.9	15.0	20.6	27.9	13.6	23.8	
65.3	51.6	30.2	25.1	51.4	36.6	33.8	45.2	
38.8	35.7	38.1	42.4	49.3	42.4	17.1	57.8	
19.6	13.9	25.5	27.3	26.8	43.6	36.5	16.1	
44.9	51.8	56.0	32.6	39.8	38.4	37.5	66.9	
26.4	20.3	51.1	26.4	21.8	39.2	42.7	31.6	
28.0	33.1	22.6	20.5	38.1	32.4	26.4	18.3	
21.4	29.4	31.3	19.6	26.2	32.3	26.1	14.7	
37.8	58.7	32.7	65.9	41.4	29.8	45.7	42.0	
48.5	45.7	58.6	40.9	85.7	44.3	46.2	46.8	
28.1	62.1	49.9	23.1	20.7	27.3	26.5	27.5	
18.8	22.4	31.1	26.2	32.7	24.3	21.0	18.8	
36.7	75.3	47.1	51.4	62.1	47.9	39.6	43.3	
46.4	50.7	62.8	39.8	41.8	54.8	51.8	42.3	
34.7	27.4	30.5	38.4	22.4	21.6	18.5	25.9	
15.8	34.2	27.7	29.1	23.9	32.1	30.7	31.9	
43.9	46.5	27.9	25.8	51.1	34.9	39.4	47.6	
42.2	22.4	30.9	22.1	40.6	28.8	45.5	36.6	
23.5	14.6	15.3	27.7	37.2	18.0	17.4	18.7	
45.3	23.7	20.5	29.3	19.3	34.0	26.4	31.0	
25.8	32.6	29.4	16.3	31.4	39.0	21.2	34.0	
28.0	45.6	35.4	20.6	29.6	29.2	21.9	44.3	
39.5	16.6	15.0	17.1	31.1	20.0	36.6	25.8	
61.6	56.0	51.4	23.4	47.7	71.2	39.9	84.9	
33.7	39.0	54.3	22.7	33.5	36.3	20.8	37.6	
20.9	51.0	29.2	42.8	39.0	38.1	56.0	36.6	
52.9	21.5	49.8	50.0	41.4	38.0	25.9	35.7	
43.0	48.9	34.8	36.5	47.3	63.0	21.6	40.9	
46.3	19.1	21.5	40.8	22.9	16.3	25.7	27.4	
30.0	19.2	10.2	17.8	39.9	32.9	25.8	20.8	
63.4	35.9	46.9	27.3	50.9	27.1	79.5	67.5	
63.1	73.8	49.9	55.9	52.6	39.1	76.6	68.5	
30.8	37.6	22.9	33.3	36.7	29.3	27.2	28.5	
15.9	18.1	13.4	21.5	33.8	14.0	15.8	20.7	
28.2	83.5	33.2	42.3	59.0	36.9	52.8	47.2	
27.7	21.1	23.2	22.5	36.0	26.7	24.4	28.1	
13.7	25.7	27.7	22.4	20.6	21.5	32.0	15.1	
32.6	48.1	34.9	33.7	49.8	28.2	26.5	19.6	
20.2	19.8	29.0	21.5	26.2	18.3	12.8	13.9	
20.7	19.1	23.8	22.2	20.5	21.5	21.4	17.5	
45.3	56.7	26.5	41.0	36.0	32.9	43.1	31.6	
40.1	26.0	39.3	39.3	16.2	47.3	32.2	23.2	
20.8	22.5	16.7	19.8	21.7	11.8	9.7	18.2	
25.5	28.7	29.3	20.1	21.2	27.8	36.3	36.1	
31.0	27.8	25.2	29.9	40.7	17.8	25.0	27.3	
31.5	25.6	23.2	14.8	35.1	20.1	14.5	34.4	
21.6	17.8	14.8	21.9	20.7	18.1	28.2	19.6	
74.4	51.8	45.2	43.8	76.3	63.4	90.9	49.1	
23.9	35.4	12.6	35.0	29.3	41.9	24.6	23.4	
21.3	40.9	27.2	39.5	50.5	43.4	23.2	29.2	
35.8	42.9	50.3	48.4	52.2	41.2	37.7	41.5	
21.3	43.7	44.7	50.1	38.2	38.0	31.4	29.4	
20.4	18.5	10.5	21.2	25.1	21.3	25.7	15.0	
19.3	59.0	24.2	16.6	38.6	25.4	35.1	28.7	
31.9	46.8	31.7	43.7	30.5	26.5	30.4	21.7	
26.6	31.0	35.4	45.4	17.5	23.4	35.7	25.5	
43.5	67.6	79.2	76.4	46.9	48.0	69.2	87.8	
32.4	48.7	51.8	36.3	49.2	55.8	77.8	51.6	
33.7	89.9	67.1	35.6	37.2	25.6	47.5	55.2	
30.8	41.0	38.9	24.3	36.6	34.0	12.6	22.2	
22.5	29.3	25.8	30.6	34.1	31.1	20.1	34.3	
30.2	34.7	28.8	11.9	29.7	36.9	32.7	27.5	
22.0	31.1	28.9	35.1	41.3	41.6	64.9	35.5	
30.2	48.9	33.7	36.5	46.8	32.7	54.1	46.1	
34.0	29.8	35.6	34.5	29.8	29.6	16.9	20.7	
66.8	38.4	42.8	34.9	41.4	29.3	39.1	27.5	
81.1	29.7	33.4	77.7	58.5	22.7	52.8	42.9	
42.7	61.3	43.9	36.5	43.1	28.5	23.6	46.2	
32.2	25.1	42.9	37.3	26.1	52.7	33.7	46.0	
34.4	38.2	60.7	59.6	25.1	34.8	60.1	45.6	
26.5	35.5	19.4	39.6	35.0	17.2	36.6	27.3	
44.2	35.1	56.4	51.8	65.3	34.4	47.1	52.6	
54.1	37.9	44.7	46.9	26.9	46.7	46.5	60.6	
32.9	34.6	34.4	22.5	29.1	30.3	18.5	24.0	
17.0	14.8	18.3	13.9	9.4	16.3	14.8	11.9	
46.2	31.9	47.6	43.8	59.3	46.6	44.7	51.4	
31.0	39.8	45.8	48.3	36.1	33.6	34.4	36.1	
17.7	18.8	32.0	39.6	21.3	15.8	32.8	26.0	
22.3	28.4	24.5	32.4	19.8	26.9	20.7	26.9	
95.1	33.2	64.2	64.5	46.2	38.7	73.1	31.4	
22.0	9.4	23.9	12.0	27.3	27.7	17.5	15.5	
19.2	22.3	29.1	23.5	20.8	17.9	34.2	36.8	
24.8	25.7	38.1	48.4	26.0	64.8	47.1	50.7	
18.7	35.1	8.8	34.9	28.1	37.0	21.5	29.7	
55.5	31.9	24.1	52.5	49.9	53.9	26.7	34.2	
55.7	33.4	38.8	56.8	39.6	44.4	45.4	48.4	
16.3	32.0	24.1	50.4	28.6	35.0	22.9	36.9	
59.1	27.8	43.1	46.5	52.6	26.5	37.0	59.7	
50.0	46.2	34.8	29.3	52.2	35.3	32.1	40.5	
117.2	87.2	60.4	55.2	64.2	48.6	62.7	57.0	
40.4	42.8	36.1	19.5	40.7	43.8	28.8	34.6	
31.7	25.8	44.0	23.9	49.0	23.6	30.0	37.2	
21.2	29.2	31.5	25.3	18.1	25.4	18.4	43.5	
90.0	30.2	20.9	36.2	33.3	31.5	32.8	18.7	
21.1	19.6	19.6	19.0	25.7	23.9	34.2	44.0	
74.0	64.0	83.5	103.4	63.1	36.8	37.8	61.3	
36.3	42.2	41.6	23.8	28.7	26.6	28.4	32.3	
37.9	34.8	34.8	58.2	33.8	29.6	20.0	44.4	
22.8	31.5	32.5	31.2	22.2	34.3	30.8	27.7	
21.6	39.9	15.8	30.5	26.0	42.8	26.3	35.5	
31.0	49.7	64.8	33.4	54.1	84.2	50.1	48.1	
28.2	37.7	35.9	22.4	29.7	38.5	39.0	35.9	
74.0	80.6	46.3	52.5	49.3	36.8	62.0	42.5	
48.1	36.3	44.3	43.1	43.2	25.8	35.2	35.4	
13.9	10.3	17.9	20.1	17.9	20.6	18.2	14.7	
60.0	65.1	45.8	58.6	51.2	36.6	49.4	39.3	
33.3	39.1	51.1	17.8	27.4	35.7	31.9	24.5	
45.1	37.1	41.9	48.3	41.1	57.6	40.9	34.3	
45.2	67.1	53.5	27.9	67.8	57.2	37.1	47.6	
45.9	45.2	57.8	57.5	20.1	26.6	63.6	24.4	
13.5	25.3	31.8	38.3	29.8	33.1	31.5	52.9	
11.0	21.9	20.2	14.4	22.5	15.5	16.8	17.0	
51.7	34.1	39.9	14.7	38.0	55.5	42.0	34.4	
59.7	57.2	71.7	53.2	75.7	26.5	65.2	58.6	
43.2	27.4	54.7	61.2	38.1	40.1	32.6	51.8	
40.4	71.0	38.0	26.9	51.0	45.8	62.9	29.2	
34.9	30.7	25.9	33.8	42.6	27.9	48.9	29.7	
31.0	28.8	23.4	18.0	31.3	30.8	22.3	24.0	
19.6	28.0	23.0	22.5	38.4	31.5	16.1	19.2	
25.3	23.3	29.1	36.1	12.9	31.5	27.9	18.5	
15.0	27.8	21.2	40.5	23.1	29.2	35.9	31.0	
22.6	11.3	24.2	13.4	22.1	10.4	31.0	15.4	
43.9	49.0	97.8	43.2	54.3	82.9	56.7	44.4	
79.0	62.7	49.5	71.7	76.4	69.1	75.4	41.6	
25.0	14.7	30.3	29.5	13.1	14.9	18.4	21.6	
38.0	46.3	27.8	27.6	41.0	30.0	57.6	51.0	
30.0	33.8	39.0	50.3	26.6	34.5	47.4	46.9	
23.6	27.0	34.3	19.2	38.9	35.5	40.1	20.1	
38.5	16.6	25.0	26.1	42.3	19.7	22.5	17.9	
19.8	42.0	25.5	28.6	39.7	32.7	28.5	33.8	
36.4	22.0	20.5	16.0	21.5	31.1	23.4	12.7	
55.5	54.3	46.8	36.5	27.5	47.6	42.5	42.3	
48.4	37.3	46.0	29.6	18.1	19.1	30.6	23.3	
45.9	28.4	45.2	32.4	49.6	35.1	23.4	31.7	
52.7	35.2	13.9	46.1	14.5	40.3	49.4	28.7	
17.3	19.5	18.2	22.8	12.8	14.6	13.2	21.7	
34.0	31.5	37.4	37.5	39.0	27.0	19.9	34.1	
22.1	19.0	21.2	14.0	15.8	12.3	19.8	19.8	
18.4	21.4	12.1	19.5	35.3	25.3	35.5	17.9	
32.8	38.8	47.7	39.4	31.0	36.7	35.9	23.3	
11.7	12.8	14.5	9.2	12.3	19.8	13.8	15.9	
27.8	26.9	36.6	19.7	32.7	41.5	52.9	35.1	
20.9	45.2	42.1	43.0	51.7	27.8	29.9	46.3	
19.7	19.8	17.8	23.4	18.3	15.6	25.7	19.2	
65.1	43.9	47.4	54.6	33.2	47.8	58.3	32.5	
40.8	44.1	55.5	54.7	22.4	36.2	64.2	69.8	
15.1	23.9	17.5	16.2	28.7	34.1	28.0	25.6	
39.2	23.0	31.7	29.2	46.1	22.2	34.4	35.9	
26.1	25.5	24.5	40.2	15.3	31.0	16.4	26.3	
23.5	41.1	28.2	63.1	35.2	31.0	36.4	51.6	
40.5	54.5	65.6	54.4	28.6	60.1	41.8	49.8	
23.3	38.4	20.7	42.7	27.1	28.7	37.5	29.3	
56.9	27.5	46.7	80.1	43.4	58.1	49.0	40.2	
23.3	21.2	32.0	32.6	32.1	31.2	15.9	35.3	
21.3	20.7	15.9	22.9	35.1	27.5	20.9	21.0	
26.8	18.1	29.0	33.4	42.3	33.2	30.8	19.3	
23.5	28.6	22.9	30.6	22.0	32.2	34.9	33.9	
22.2	21.6	19.4	35.9	16.3	31.8	23.1	27.9	
21.7	16.4	15.1	27.7	15.8	10.3	15.1	13.8	
29.3	40.7	31.5	20.7	27.2	44.4	25.9	26.7	
45.9	34.1	22.3	33.4	32.9	30.1	28.9	58.2	
26.0	48.8	31.9	47.7	37.8	14.4	39.9	33.6	
11.1	14.9	15.9	20.6	26.8	19.4	24.1	14.6	
31.8	56.6	29.5	36.4	36.0	36.5	36.1	41.0	
21.9	36.4	34.7	28.4	34.3	46.8	37.9	36.0	
23.3	49.3	22.0	43.7	31.8	34.7	35.9	21.2	
37.4	39.3	34.1	55.3	41.0	28.4	24.2	27.4	
29.7	34.3	43.0	30.7	48.3	41.1	35.6	35.3	
16.0	60.7	33.8	18.1	29.7	25.8	51.7	21.6	
24.9	21.2	34.3	38.5	31.9	33.2	28.3	16.6	
38.7	17.8	23.2	21.3	24.0	48.0	44.9	16.5	
10.0	18.1	22.9	19.3	19.8	16.3	9.0	10.6	
48.0	34.9	31.7	24.4	43.9	30.0	11.1	22.4	
29.9	39.6	24.3	33.8	34.6	30.2	37.1	40.9	
29.2	25.1	18.7	16.1	13.9	30.5	22.0	24.6	
20.5	53.6	54.7	27.9	21.6	62.3	39.5	31.0	
56.8	34.0	34.1	30.0	20.8	40.5	31.5	45.6	
23.4	26.2	24.9	28.4	27.9	26.2	20.8	28.5	
63.5	56.1	51.3	52.5	96.2	48.5	86.2	87.9	
34.5	30.8	28.3	18.5	28.9	44.0	34.9	56.3	
28.7	21.6	39.9	30.2	19.4	19.7	20.2	29.8	
36.0	43.0	38.0	56.8	31.4	38.0	39.9	34.5	
39.5	19.8	25.1	41.1	54.6	40.6	46.8	47.7	
33.7	43.0	33.2	52.1	31.8	47.8	21.7	30.3	
38.0	48.8	31.0	45.3	23.6	32.8	26.0	33.8	
42.1	39.4	32.1	31.4	29.2	43.8	63.9	19.1	
70.0	30.1	41.7	33.9	54.9	35.8	47.0	36.1	
49.3	41.3	41.2	46.3	41.5	52.0	45.6	55.5	
35.2	43.7	33.9	39.9	31.4	40.8	30.6	32.3	
38.9	23.6	52.3	35.4	40.3	35.2	17.9	43.5	
46.6	36.4	24.3	38.3	28.9	38.5	35.2	28.5	
19.2	36.7	15.3	22.3	20.0	21.8	15.2	21.2	
34.8	59.5	41.0	26.5	33.5	36.3	29.4	47.1	
27.0	19.4	23.6	21.3	31.7	32.7	27.6	21.9	
22.2	27.9	37.3	23.3	27.4	32.7	41.0	19.5	
35.8	55.0	35.7	40.5	38.6	71.7	44.7	43.4	
50.0	53.3	33.2	46.0	51.3	38.4	28.5	30.2	
35.1	33.9	27.5	24.9	41.6	60.3	62.6	39.7	
70.7	33.9	80.9	66.4	35.0	34.2	66.8	59.9	
31.7	29.2	29.4	43.1	41.9	56.4	32.4	55.4	
32.7	43.1	25.5	29.2	39.3	26.4	27.9	31.4	
50.6	34.1	40.7	41.7	51.1	51.8	53.7	61.9	
17.9	17.0	25.5	27.4	21.0	25.1	34.0	12.1	
46.5	27.7	21.1	31.5	24.2	24.6	23.1	34.4	
19.7	17.5	15.1	31.6	22.5	16.0	19.0	13.8	
37.1	47.4	48.1	37.1	37.5	44.1	38.8	33.2	
20.3	20.9	40.0	34.1	42.2	24.2	31.0	44.1	
34.4	32.7	8.9	31.0	40.2	32.0	22.7	36.5	
14.5	13.3	23.7	18.8	21.7	16.0	21.0	22.3	
87.7	48.7	66.1	38.4	72.4	67.2	92.4	77.2	
34.4	27.1	46.0	28.7	22.6	37.8	35.0	46.2	
28.7	27.5	69.1	63.9	69.5	53.6	23.3	51.5	
15.2	15.8	14.7	18.6	10.8	10.4	11.2	12.7	
34.3	31.1	51.1	26.1	54.9	41.3	29.1	38.6	
42.2	62.3	32.2	72.4	38.5	60.8	58.1	40.3	
22.6	24.3	37.3	20.5	35.6	25.5	24.8	28.1	
22.6	24.4	15.1	21.7	30.2	35.5	22.7	25.9	
49.9	34.6	34.9	45.2	63.8	75.1	49.1	21.7	
18.5	24.0	16.2	17.8	13.7	12.3	22.4	17.6	
16.9	14.9	16.1	16.9	23.0	17.7	25.9	13.6	
42.7	20.0	30.6	18.1	27.2	37.8	28.0	34.0	
55.3	72.6	47.7	60.7	14.1	61.7	55.6	45.6	
36.4	61.2	67.6	52.0	48.5	39.4	50.3	65.6	
27.9	19.1	14.6	16.8	9.6	24.1	17.2	24.0	
13.6	24.1	7.0	13.8	21.5	23.5	14.2	25.1	
27.8	34.1	44.5	38.3	34.4	30.4	31.7	30.9	
15.9	29.4	16.8	23.2	26.0	19.9	25.4	21.2	
27.7	31.6	36.7	45.7	34.5	29.8	34.9	29.6	
42.6	38.5	47.6	29.4	34.9	32.6	24.3	20.2	
39.2	19.0	41.0	29.2	22.4	23.6	23.9	31.6	
44.7	48.5	33.2	27.9	59.6	41.9	46.4	39.6	
34.1	33.5	59.5	36.5	45.1	41.6	49.6	41.2	
35.2	37.9	56.0	40.5	62.3	38.3	42.0	34.7	
47.8	35.8	38.5	39.6	41.8	34.6	40.3	44.1	
28.4	17.6	15.8	24.7	23.7	28.5	23.3	24.7	
34.0	35.2	34.5	47.6	62.9	41.2	57.8	52.4	
18.3	27.1	25.4	31.3	35.2	17.7	22.1	18.1	
11.8	13.2	22.8	20.3	24.0	26.4	23.5	30.8	
44.8	32.2	20.4	37.8	28.8	30.8	30.2	22.6	
12.9	35.4	29.1	16.6	14.0	36.3	25.6	26.1	
20.5	27.8	32.0	23.9	27.2	33.5	31.1	38.8	
28.1	80.1	39.7	20.9	37.2	38.7	37.4	31.0	
25.1	44.9	34.0	24.4	22.8	24.6	20.8	31.9	
12.7	16.0	19.2	22.3	18.2	17.4	13.4	15.5	
33.5	47.9	31.4	56.7	26.9	23.8	42.9	27.5	
20.7	26.0	13.3	12.3	24.5	13.9	22.3	19.5	
27.5	21.5	14.0	18.5	18.8	28.6	25.5	28.3	
38.1	35.1	16.1	28.9	19.5	14.7	21.9	32.8	
27.5	26.9	32.4	71.2	54.2	39.1	40.7	44.6	
25.7	20.1	23.8	20.2	20.4	20.8	26.3	23.6	
44.3	29.0	66.7	40.8	76.6	33.4	47.4	65.6	
32.9	28.0	35.8	28.2	21.8	27.9	26.1	47.0	
47.0	21.2	38.7	49.1	26.6	48.7	30.1	15.5	
46.9	32.4	25.5	20.0	22.2	30.7	33.7	48.6	
26.0	42.3	38.5	39.2	28.9	16.2	28.8	35.7	
27.0	45.7	29.0	36.0	23.1	31.8	42.4	26.3	
30.0	17.0	31.9	36.5	20.4	27.2	32.3	37.9	
31.4	25.5	19.0	44.6	19.3	30.5	17.9	23.0	
20.8	16.8	32.0	36.6	26.1	32.8	22.8	25.3	
40.1	48.1	54.7	85.7	43.1	38.6	48.7	43.0	
19.6	26.3	17.9	40.2	25.0	36.4	29.5	26.1	
105.6	60.2	38.5	58.9	85.8	91.4	85.2	25.1	
37.3	42.8	33.8	45.0	102.5	40.8	68.9	43.5	
21.0	34.7	36.0	30.3	28.9	30.1	31.3	37.7	
34.6	33.0	14.1	35.7	15.3	30.7	50.4	26.9	
76.9	62.5	84.7	55.6	110.9	45.0	72.9	53.8	
67.9	37.6	47.6	27.0	31.1	46.3	26.1	55.6	
30.0	44.8	14.6	27.8	19.8	24.5	33.5	30.5	
26.9	44.2	37.4	41.8	34.0	33.9	37.8	41.9	
22.0	19.5	45.9	30.0	40.1	27.4	18.1	12.5	
43.0	74.1	43.3	38.3	16.9	36.2	37.7	56.4	
28.6	23.8	27.3	27.3	50.3	37.2	33.9	26.4	
17.1	18.7	18.6	23.1	13.4	16.4	14.7	13.3	
19.9	31.7	22.1	28.0	18.7	46.4	18.4	32.5	
25.6	42.0	29.8	35.5	41.3	35.5	20.4	43.4	
38.1	35.5	66.3	30.4	50.1	28.8	53.2	29.4	
17.9	29.8	21.0	17.1	40.7	28.6	22.0	20.1	
37.2	24.3	23.2	30.9	22.5	19.5	15.5	16.6	
19.0	30.2	34.2	26.7	25.3	23.2	30.7	34.8	
26.1	31.6	35.0	27.0	40.9	48.3	35.0	52.5	
28.5	50.9	35.0	19.6	22.0	43.0	38.4	21.2	
16.5	23.7	9.1	13.4	18.7	10.8	10.4	16.0	
41.1	43.1	45.5	45.0	57.6	45.9	19.1	37.5	
20.9	26.4	34.5	25.4	35.9	40.9	28.1	38.8	
26.7	37.0	43.3	27.0	33.8	42.7	47.0	31.5	
21.5	25.8	27.2	40.1	46.7	35.6	26.8	31.2	
23.2	26.4	32.8	18.4	27.7	12.7	21.2	14.8	
28.9	34.2	27.0	49.8	30.1	33.0	24.5	37.2	
36.0	26.4	22.2	28.3	29.8	20.4	17.2	28.9	
25.8	32.5	20.7	29.5	25.6	25.4	30.2	35.9	
34.0	38.1	75.0	38.7	25.3	29.5	27.9	48.7	
28.7	39.2	25.2	21.2	27.3	25.2	49.7	43.9	
18.1	42.6	15.4	41.6	37.1	21.6	50.6	30.8	
41.5	24.7	28.0	28.1	28.6	19.5	36.0	15.9	
26.8	24.1	13.8	24.7	10.7	15.9	18.8	18.6	
63.9	44.1	80.1	44.5	60.7	45.5	51.5	45.3	
23.9	33.6	14.6	17.6	25.7	17.3	18.3	16.8	
40.6	37.8	51.0	48.2	72.2	42.2	42.2	37.9	
48.4	39.2	30.9	41.7	49.6	47.0	27.1	51.5	
22.7	33.3	21.6	24.2	30.0	27.4	36.0	24.7	
23.3	14.1	22.3	25.5	27.2	19.1	23.5	20.4	
41.2	45.0	22.9	61.6	43.8	30.6	23.3	47.2	
34.9	36.5	40.4	52.6	49.3	38.8	37.5	29.3	
32.8	50.7	43.7	32.5	56.1	46.7	53.6	48.3	
12.6	12.7	20.6	34.0	19.0	34.2	35.6	20.0	
31.6	28.9	25.9	23.3	25.8	33.8	26.7	21.5	
44.5	59.0	47.6	46.4	38.6	34.2	32.5	39.3	
18.7	21.0	18.3	11.8	21.7	24.8	16.7	17.1	
43.2	46.4	29.0	51.4	61.6	25.3	38.7	30.6	
18.6	23.8	23.2	20.9	15.2	13.6	20.8	9.5	
25.4	27.0	30.8	37.7	33.9	32.0	51.0	34.8	
34.2	27.4	45.5	26.9	32.4	28.1	20.9	47.3	
34.6	54.9	42.0	24.9	37.1	37.3	24.4	24.9	
37.1	64.7	30.5	26.8	26.2	34.3	26.4	29.7	
49.8	56.7	24.9	43.1	40.6	40.3	46.1	32.6	
43.9	79.2	43.8	44.5	50.4	45.0	69.5	54.1	
30.6	25.7	22.7	42.3	38.0	22.1	25.2	38.5	
70.0	52.0	58.8	37.1	55.1	95.6	68.2	72.2	
21.6	28.3	19.9	18.0	18.8	16.4	23.5	25.3	
33.2	45.8	30.5	36.5	25.2	32.9	24.4	47.5	
24.1	23.2	28.6	37.3	20.5	40.9	26.1	12.1	
23.4	24.6	55.2	26.7	28.3	32.0	27.6	21.5	
40.3	29.4	39.3	31.8	32.4	36.7	18.4	46.7	
64.4	78.4	89.9	54.1	74.3	53.2	103.9	82.6	
91.1	87.4	88.4	96.9	68.6	70.8	95.2	111.7	
42.9	47.3	39.2	32.1	40.3	30.2	52.9	65.7	
37.5	33.5	30.1	37.8	38.7	21.8	42.0	36.8	
25.9	19.0	23.2	23.8	19.7	34.8	24.5	22.6	
27.5	23.1	44.0	20.4	38.1	35.8	20.3	35.6	
23.0	28.3	40.4	28.6	33.5	21.6	30.7	29.5	
35.1	25.7	30.8	51.7	31.2	17.9	27.3	41.2	
32.3	51.4	48.2	41.6	63.0	47.1	44.9	69.8	
33.9	30.0	9.5	36.1	17.2	31.9	19.5	16.7	
30.4	37.8	35.8	36.5	27.6	40.2	43.7	41.0	
31.9	23.9	14.9	29.3	32.9	20.6	36.8	26.3	
37.9	36.7	41.4	37.7	44.2	54.8	24.5	32.4	
41.9	34.5	39.1	39.6	48.9	44.5	73.7	47.3	
50.4	34.7	44.6	55.3	55.1	56.5	54.9	23.8	
20.2	15.3	13.2	16.0	14.0	13.1	15.7	16.2	
18.9	23.7	25.5	18.7	16.1	37.3	13.2	18.2	
32.2	27.2	32.9	20.5	43.9	17.7	24.0	17.1	
58.6	41.5	67.8	26.1	44.5	48.5	49.2	34.1	
35.7	45.7	28.5	46.7	46.7	40.1	25.4	21.8	
25.7	30.5	46.9	45.0	29.1	43.3	38.2	35.0	
29.9	25.4	26.9	26.3	39.8	42.5	22.5	36.2	
26.1	35.6	31.9	19.1	28.2	18.5	38.2	41.6	
25.9	38.1	84.6	41.8	56.3	37.0	57.5	59.2	
36.4	27.1	40.4	36.5	29.7	23.9	18.7	36.1	
41.8	43.6	32.7	48.4	35.6	18.0	46.0	48.9	
20.3	14.6	71.3	36.3	18.0	27.3	21.7	27.8	
21.4	21.6	15.3	16.4	26.1	16.0	16.8	23.4	
25.5	22.0	21.3	24.5	19.9	18.5	22.4	18.9	
11.3	18.0	13.2	14.8	13.0	16.3	26.4	17.3	
27.3	52.7	63.7	45.6	37.2	28.0	35.6	21.3	
23.1	20.4	21.1	17.9	19.7	28.1	27.3	15.9	
43.3	54.2	47.3	42.1	59.7	35.7	25.1	37.3	
27.0	26.4	22.7	27.3	29.9	42.6	28.8	20.7	
20.7	27.6	25.4	26.1	40.1	29.7	22.6	18.1	
38.6	25.3	30.0	23.7	19.3	42.2	19.9	18.3	
24.2	42.0	56.2	39.5	21.3	38.3	35.9	44.4	
32.3	27.9	22.9	24.7	56.0	50.7	37.6	27.5	
12.8	26.0	16.6	24.5	31.1	32.2	33.3	21.2	
23.2	17.0	17.5	30.7	28.2	51.7	33.0	34.8	
50.5	61.1	67.0	54.0	38.4	54.2	61.3	42.9	
32.3	29.0	47.8	27.0	21.5	32.9	23.7	24.4	
26.6	21.1	28.4	15.0	24.0	24.1	21.5	24.6	
64.6	30.8	63.2	61.5	53.9	90.7	71.1	50.4	
18.2	34.3	26.7	21.1	40.4	37.5	23.7	27.1	
15.7	15.0	15.6	12.0	18.1	14.7	19.5	12.9	
11.8	12.8	21.8	20.3	18.9	27.4	17.6	23.6	
36.7	39.3	20.1	23.0	32.0	19.5	24.0	39.2	
30.2	16.2	13.2	17.9	13.7	15.5	18.1	25.5	
33.7	39.8	25.3	32.0	25.2	22.9	32.3	40.5	
35.4	36.0	19.3	42.7	42.5	36.8	18.3	24.7	
17.5	14.9	23.7	28.3	12.8	15.7	13.3	20.4	
58.7	25.0	29.7	24.7	51.0	28.0	51.8	58.7	
22.8	52.4	29.4	42.5	35.5	39.2	38.8	36.3	
16.7	42.9	29.1	35.2	39.4	31.8	47.1	47.9	
27.4	35.2	25.0	25.3	27.7	24.0	40.2	32.1	
24.7	27.7	44.0	39.4	33.3	58.8	55.1	26.7	
57.4	20.9	20.8	30.9	23.1	23.2	16.8	27.6	
26.5	34.8	22.9	40.3	15.4	28.9	43.4	24.6	
60.4	30.1	46.9	36.7	57.5	48.0	42.9	64.9	
21.4	40.8	40.8	32.3	44.8	18.9	19.3	42.6	
64.1	27.1	47.5	30.0	35.7	20.6	21.6	33.3	
26.6	28.0	20.0	22.6	26.2	28.4	39.8	50.2	
34.8	43.0	32.5	58.9	40.9	39.4	33.1	54.5	
37.2	22.6	19.0	18.8	19.6	19.7	22.9	21.1	
22.3	21.6	15.4	18.6	24.4	17.1	20.2	28.7	
47.5	55.0	30.1	41.7	19.2	48.7	24.7	11.7	
37.2	19.4	35.8	40.0	24.9	33.2	24.8	30.0	
22.5	36.5	30.7	45.2	40.8	64.9	29.2	42.2	
23.8	28.7	23.8	30.0	18.9	18.0	31.3	27.8	
51.4	40.0	49.3	40.6	76.3	43.3	53.7	34.8	
24.0	48.5	33.6	25.5	37.3	26.7	23.9	28.0	
59.6	45.9	39.9	47.5	34.9	36.0	36.0	30.2	
45.7	45.6	27.0	49.2	35.7	46.1	43.2	21.1	
44.2	40.0	52.6	33.3	46.8	13.9	43.9	33.6	
16.6	24.5	15.5	19.1	36.6	17.6	18.1	24.7	
38.0	35.9	30.1	38.4	31.6	28.5	26.3	29.5	
37.2	21.6	42.0	47.1	41.1	30.2	48.6	64.7	
26.2	33.2	44.2	29.8	31.0	36.8	47.3	36.5	
23.1	31.1	29.7	32.8	26.7	34.0	37.5	40.1	
47.6	70.2	55.8	27.8	79.3	35.6	40.8	36.6	
