25.9	32.5	52.9	29.6	19.9	33.7	25.0	41.5	
38.4	41.7	39.9	34.4	38.3	26.4	33.0	26.8	
21.7	14.2	17.9	16.7	22.0	24.6	19.1	22.9	
45.4	21.3	45.8	33.7	44.8	27.0	33.2	16.3	
15.4	23.4	16.4	15.6	23.1	14.2	21.2	18.5	
29.1	43.2	44.7	36.2	31.2	36.8	36.9	49.8	
26.1	34.7	31.7	52.8	30.0	41.6	19.0	29.3	
69.2	47.6	31.9	56.8	63.8	44.1	56.4	58.1	
46.1	40.7	34.8	35.6	37.4	35.8	24.0	60.5	
16.4	17.4	21.5	21.2	26.0	23.7	24.2	35.8	
27.3	32.2	22.0	28.5	28.3	31.3	20.9	20.0	
43.9	35.1	55.2	31.8	37.5	27.9	35.0	46.0	
47.0	42.7	78.1	48.6	42.7	55.9	25.3	44.8	
24.6	45.7	42.9	39.4	25.0	60.1	19.9	27.5	
61.5	29.8	30.6	82.5	34.9	40.1	46.9	51.3	
41.8	66.5	40.6	40.8	55.7	17.9	47.2	32.9	
46.3	41.3	53.0	46.2	34.9	73.0	54.7	44.6	
35.2	34.1	36.4	49.1	39.4	31.3	39.7	45.4	
37.2	26.8	43.8	51.1	47.2	55.5	39.1	64.3	
16.8	13.7	19.3	24.7	36.6	20.5	13.8	12.8	
54.9	53.0	52.7	91.4	69.3	36.4	55.2	46.6	
36.0	23.5	32.2	31.3	27.1	38.3	29.5	45.9	
47.0	33.8	37.6	38.2	53.4	40.5	20.7	26.8	
13.7	14.2	23.3	9.1	13.0	15.1	17.4	19.9	
38.3	37.2	28.7	17.5	25.4	15.4	40.2	44.3	
47.4	41.9	44.7	61.4	49.1	41.4	38.6	37.6	
18.0	59.7	58.2	42.0	25.5	27.5	41.2	26.2	
36.4	42.0	28.8	56.0	53.8	58.9	36.5	30.9	
57.3	64.0	74.3	46.7	46.9	39.2	46.8	36.7	
27.4	62.9	30.1	50.6	30.1	38.5	40.2	18.9	
19.7	19.8	24.5	18.0	21.0	17.5	20.3	16.5	
30.5	36.4	33.4	35.5	43.4	46.7	44.3	34.1	
24.2	16.7	21.6	25.3	19.9	31.3	16.2	19.2	
72.8	40.4	37.1	84.9	65.1	35.0	27.0	53.0	
17.6	18.6	22.2	23.8	17.4	19.5	9.9	24.4	
19.8	27.8	28.6	18.8	38.2	24.4	25.0	17.2	
27.9	23.2	25.3	32.3	33.5	23.7	29.1	15.0	
42.9	27.5	46.6	23.7	34.0	31.7	24.0	28.3	
19.1	20.2	17.6	15.7	36.8	16.2	24.4	25.2	
45.4	60.0	26.5	55.8	74.2	59.5	34.7	41.7	
59.9	30.3	62.7	32.7	88.9	55.2	40.9	35.3	
22.9	35.2	31.6	22.6	20.2	20.7	48.2	19.1	
24.6	21.7	18.8	31.0	17.3	31.1	20.1	17.3	
45.7	23.8	36.0	12.1	59.2	40.3	40.7	28.3	
43.9	43.0	20.7	26.2	20.4	38.7	25.7	24.0	
56.3	23.0	25.0	38.8	33.3	43.1	52.0	52.5	
21.3	15.0	31.3	27.1	13.2	32.9	20.8	16.8	
31.8	54.6	37.1	43.3	39.5	44.1	51.2	28.3	
60.6	42.5	50.1	33.4	40.3	54.1	61.3	61.8	
52.0	33.3	70.5	56.9	24.7	34.9	46.1	43.3	
14.1	22.1	30.3	28.3	32.6	10.9	18.9	20.4	
33.4	60.4	28.1	31.9	37.5	49.0	65.3	51.4	
35.6	16.3	30.9	36.1	18.4	23.3	39.8	16.6	
35.9	66.6	45.7	28.6	52.5	51.8	35.7	29.7	
54.9	45.9	54.2	45.0	90.9	51.3	43.4	83.1	
52.4	34.5	30.3	32.5	32.0	57.8	38.2	43.3	
42.3	61.9	40.5	23.8	68.9	43.1	40.2	83.0	
24.9	19.8	31.9	13.1	36.1	29.2	24.2	20.2	
57.3	57.4	35.3	39.0	27.9	32.4	37.9	33.1	
33.8	36.0	23.2	23.8	33.3	32.9	23.4	52.3	
33.3	66.8	43.0	26.1	39.4	46.8	44.9	33.7	
39.3	28.6	79.8	58.3	72.2	60.7	53.2	39.7	
19.5	22.6	21.3	26.5	19.3	24.7	38.1	35.8	
24.1	24.4	10.0	14.9	26.7	31.1	29.4	28.9	
32.0	20.2	30.5	25.1	19.6	33.7	30.4	30.8	
23.1	46.5	31.1	33.1	49.4	53.7	35.9	48.9	
43.0	41.4	32.9	53.0	36.4	36.0	37.1	42.7	
36.1	25.5	32.8	30.6	24.3	23.3	28.8	26.9	
56.2	59.5	48.8	59.1	31.9	33.6	67.5	52.8	
31.7	32.9	30.3	52.0	35.6	32.7	62.1	28.2	
37.9	30.6	31.2	34.0	48.6	33.5	23.7	45.9	
36.5	61.4	52.5	21.8	50.1	32.5	47.9	57.4	
61.6	103.5	69.2	45.0	61.4	56.5	78.4	64.9	
42.0	36.5	20.9	41.2	27.8	36.5	32.1	44.2	
13.1	20.3	25.0	30.9	26.8	17.5	48.3	47.3	
31.7	12.5	38.0	27.9	23.5	26.1	33.6	23.0	
44.3	35.8	39.1	47.2	36.5	47.7	54.2	35.4	
40.5	25.6	21.0	34.4	42.0	23.4	32.2	31.6	
28.8	27.4	26.1	30.0	31.9	23.2	31.4	42.7	
37.3	27.4	21.2	23.9	27.8	38.8	36.9	33.0	
50.4	33.0	37.5	30.4	72.5	30.8	35.6	54.3	
26.4	29.8	37.6	32.5	26.3	14.4	30.3	37.3	
30.2	33.7	29.6	32.3	39.3	35.3	21.5	26.2	
60.8	73.7	66.2	108.9	65.7	81.6	48.1	42.6	
25.2	72.6	56.4	39.5	34.4	47.2	46.0	48.1	
12.1	26.8	24.8	18.2	18.4	42.9	23.3	28.7	
9.7	10.4	14.1	6.8	20.1	16.6	12.0	13.6	
21.4	31.4	21.0	13.9	33.1	19.1	19.8	15.7	
32.1	35.7	34.2	54.0	26.0	53.4	33.8	39.0	
45.6	46.1	43.7	73.3	56.8	80.0	42.9	46.5	
35.8	86.1	34.6	54.2	59.7	44.3	113.8	44.6	
76.2	71.3	46.1	62.3	56.9	38.9	37.0	74.5	
75.5	32.5	31.6	37.0	38.3	70.0	71.1	78.1	
28.7	20.2	16.9	35.5	18.5	23.7	21.7	34.5	
45.0	17.7	34.4	43.0	29.2	65.2	34.5	41.0	
12.3	21.5	17.6	22.6	27.0	26.1	18.2	16.1	
24.3	15.1	15.2	20.3	16.5	20.6	16.3	21.7	
49.8	39.8	52.6	60.2	58.4	24.3	38.6	64.6	
27.3	31.5	30.7	39.2	28.1	39.3	18.0	17.6	
48.1	41.7	48.8	34.2	28.5	29.0	41.0	31.9	
19.3	28.3	42.2	40.8	29.2	40.5	38.9	17.8	
29.6	43.7	50.9	39.7	42.6	58.8	32.2	22.0	
34.1	31.8	27.6	24.8	19.1	29.7	25.5	28.4	
46.5	35.9	71.7	42.6	41.3	40.6	19.6	77.2	
37.7	25.8	32.0	34.3	61.6	31.6	39.5	21.9	
62.1	32.2	26.3	41.1	36.1	42.7	38.5	33.2	
63.5	59.3	54.6	45.5	23.5	19.2	34.1	52.1	
24.1	23.2	15.1	20.0	22.8	19.0	22.7	23.4	
55.5	54.4	45.9	66.0	26.1	63.9	31.6	37.5	
30.1	32.5	30.5	28.0	16.2	32.1	43.1	34.7	
43.5	36.8	50.9	26.7	33.2	28.1	62.2	34.3	
24.3	65.1	61.6	59.7	39.3	62.4	44.9	33.4	
25.2	54.6	73.9	30.4	29.1	71.6	25.6	53.6	
19.4	52.1	18.8	40.0	55.5	38.2	33.4	35.4	
22.2	28.0	28.8	34.9	15.6	28.9	24.0	35.2	
29.1	20.6	28.8	39.8	30.3	10.0	30.7	16.1	
46.1	32.7	27.5	54.4	23.3	43.9	20.1	21.3	
27.0	25.2	46.6	21.5	36.1	37.8	37.3	26.7	
35.7	58.9	17.6	61.5	36.5	37.2	34.9	39.3	
65.9	53.4	39.0	66.3	55.2	62.1	56.5	55.7	
32.8	47.4	43.6	47.1	29.3	16.8	29.2	24.8	
33.2	42.2	41.4	39.1	32.3	40.3	36.8	44.9	
26.0	13.0	24.7	18.1	11.6	10.3	13.6	12.7	
21.6	21.1	46.4	26.9	39.5	30.6	36.1	23.8	
29.0	24.2	23.6	31.8	29.7	16.5	20.4	33.0	
33.1	37.7	28.2	51.6	42.3	47.7	37.5	22.4	
25.2	18.1	33.2	28.6	24.1	9.1	19.7	35.4	
52.9	49.9	29.2	37.6	44.1	69.2	26.1	42.5	
54.0	39.1	52.1	25.0	37.2	38.2	33.4	56.5	
58.0	80.7	62.7	58.7	55.9	73.2	66.6	62.7	
69.9	47.8	76.6	46.6	36.2	38.2	38.0	37.1	
32.4	33.6	22.4	36.7	29.4	22.5	28.3	35.6	
29.7	31.7	46.5	19.3	54.6	20.9	23.3	30.6	
14.7	34.5	23.8	22.3	18.1	11.9	24.1	19.8	
21.2	18.0	18.4	20.9	32.4	34.6	25.2	17.1	
58.9	51.4	35.5	58.9	28.8	45.0	47.0	67.4	
62.4	66.5	48.1	63.8	40.6	34.4	41.1	48.7	
43.5	28.4	36.5	30.1	54.0	32.4	18.7	36.9	
48.5	32.6	54.4	60.4	66.2	56.8	70.0	40.8	
23.4	47.5	40.3	38.2	23.0	45.0	49.0	22.4	
81.5	49.9	78.4	86.2	68.2	64.1	83.3	72.2	
36.2	26.1	31.5	37.5	19.8	44.0	33.1	28.8	
37.9	40.3	63.1	53.5	31.1	43.2	39.8	43.8	
51.6	38.5	50.7	57.3	45.8	29.7	35.5	46.5	
37.7	43.5	39.9	38.5	36.2	17.8	33.1	32.7	
23.7	19.5	26.4	15.9	36.3	20.1	18.0	31.2	
32.9	30.2	39.1	33.0	10.1	36.0	21.2	47.8	
24.5	24.1	20.6	31.7	28.9	18.2	29.2	19.8	
22.2	26.8	49.1	46.8	44.4	34.7	56.1	43.6	
12.6	39.5	37.1	41.2	27.8	45.2	33.2	60.1	
36.3	37.7	46.7	52.3	69.0	30.5	44.1	33.9	
21.9	50.5	29.9	32.8	24.7	42.4	45.5	26.3	
11.0	13.5	11.3	10.8	25.7	30.8	16.3	23.6	
34.7	23.6	25.4	39.9	51.5	24.8	29.0	28.2	
22.4	30.5	32.4	10.5	31.0	33.8	19.9	34.4	
20.1	31.4	19.5	29.1	29.1	22.2	18.9	23.6	
30.9	53.4	33.7	40.2	41.4	51.0	30.3	34.4	
19.5	23.3	27.5	22.1	26.4	29.3	24.1	43.8	
30.0	91.9	39.5	41.3	44.0	45.0	59.8	37.5	
34.4	42.7	40.9	32.3	42.6	36.5	36.1	28.8	
31.3	25.6	22.4	20.6	18.7	19.0	16.0	22.9	
40.6	22.3	65.6	61.7	66.2	45.4	37.6	55.4	
56.9	50.5	57.7	52.0	52.8	41.6	85.2	60.8	
36.7	28.6	32.9	26.7	29.8	51.8	28.1	33.2	
32.1	12.6	29.4	16.3	31.1	18.5	22.9	16.9	
42.4	38.3	33.4	37.0	46.0	78.2	49.4	47.9	
51.5	51.7	49.7	62.7	44.0	37.7	36.1	49.8	
43.5	36.1	53.6	29.5	62.0	34.2	20.1	37.9	
17.7	21.6	17.3	12.8	12.4	17.0	23.2	15.7	
26.4	33.5	19.9	16.2	32.4	47.9	19.6	22.4	
39.8	48.8	46.3	41.9	67.2	67.2	56.5	31.9	
60.0	54.8	55.4	36.4	43.8	66.1	40.1	31.9	
22.5	19.0	29.2	28.6	25.3	29.0	39.6	35.4	
24.4	14.8	14.3	24.8	19.4	24.2	25.1	22.4	
52.4	60.3	40.9	51.6	56.9	51.5	66.7	54.0	
50.2	25.6	38.6	19.4	17.8	47.4	56.1	33.2	
41.5	59.1	68.6	38.0	63.5	38.3	57.7	49.2	
33.9	41.3	48.3	62.9	28.7	58.0	35.9	62.9	
50.3	45.2	40.7	44.9	52.2	60.7	33.0	77.0	
32.2	29.8	24.7	28.2	20.0	22.1	18.9	32.1	
25.6	21.8	41.4	40.2	27.3	20.2	17.5	32.7	
28.5	25.1	14.2	25.4	28.5	14.1	21.1	15.3	
19.6	20.1	23.5	23.8	18.4	15.5	25.5	25.5	
21.5	23.3	41.7	50.9	69.5	38.4	45.8	26.9	
62.6	34.1	40.6	33.2	21.5	53.2	35.9	56.1	
51.9	36.5	43.0	48.0	64.8	62.3	38.4	49.7	
24.7	16.4	32.4	25.3	15.0	11.5	25.6	26.2	
20.1	30.7	39.5	26.8	33.7	31.7	38.1	28.9	
30.2	33.6	23.6	18.4	27.4	26.0	37.4	27.9	
32.8	32.2	32.5	33.0	48.0	41.4	29.5	31.8	
17.5	27.6	20.9	13.5	26.6	32.3	26.0	32.7	
41.8	38.1	38.8	52.3	40.8	31.1	26.1	33.1	
42.2	30.6	26.3	21.1	30.5	30.7	21.3	16.0	
21.3	22.6	13.8	29.9	21.0	31.4	10.4	26.9	
35.3	32.7	33.8	34.6	34.3	14.4	37.5	21.7	
54.0	102.4	67.9	31.0	41.3	45.4	44.7	45.0	
22.3	19.4	32.3	27.1	30.2	21.9	44.5	12.9	
30.8	34.2	32.6	25.8	26.8	27.8	17.1	44.7	
18.6	28.6	28.6	23.4	31.6	40.1	27.0	18.1	
52.6	19.7	42.5	19.1	28.3	21.5	15.5	29.8	
27.2	28.0	24.3	33.8	26.5	14.8	22.2	22.0	
13.5	15.7	13.9	17.7	16.2	17.4	16.6	28.7	
31.5	18.5	43.6	40.3	13.5	60.1	21.2	44.6	
47.0	33.2	21.2	37.4	48.2	35.1	35.0	26.5	
52.3	36.5	83.2	71.9	81.1	47.9	60.0	39.8	
28.5	24.3	31.5	24.9	39.5	35.0	21.4	23.1	
31.8	20.9	33.8	24.8	20.6	20.8	45.7	27.5	
35.9	24.2	25.4	26.7	19.2	21.5	21.1	28.2	
24.9	23.4	30.4	29.2	25.9	26.1	32.3	11.0	
68.7	39.6	40.7	61.9	36.4	32.9	54.3	32.6	
26.8	28.6	28.4	22.3	38.9	35.0	42.7	16.4	
66.6	91.6	42.3	76.9	46.4	47.7	56.3	20.7	
18.6	34.2	30.2	33.8	44.3	47.1	22.3	31.6	
15.6	34.6	21.0	44.3	35.5	44.9	25.6	26.7	
33.9	27.1	30.9	25.2	25.7	27.4	55.3	63.1	
10.1	12.9	11.8	30.6	22.6	20.4	26.4	19.9	
56.4	58.8	51.6	46.6	38.0	53.8	101.5	20.8	
98.3	43.6	40.3	61.9	83.8	61.9	51.2	61.0	
37.1	19.8	33.8	27.1	35.8	46.4	32.1	23.2	
42.6	54.7	32.1	35.5	64.3	42.9	36.4	38.2	
20.0	27.7	22.7	26.1	19.5	16.1	27.8	15.3	
28.4	40.8	30.1	31.6	36.7	28.1	19.9	27.3	
29.6	19.8	22.9	29.6	23.7	33.9	40.8	22.9	
46.3	33.0	33.7	29.2	29.0	38.6	20.7	36.4	
42.4	38.5	32.9	25.0	24.7	31.1	38.4	19.2	
54.8	41.4	53.1	64.9	59.4	75.6	63.1	56.6	
31.8	29.5	27.6	49.4	48.1	29.5	46.8	33.2	
30.6	24.3	22.2	31.1	36.3	31.6	49.9	28.3	
38.7	46.9	36.0	47.7	32.0	61.4	21.7	34.3	
44.6	23.9	21.7	44.9	38.7	30.3	26.8	36.9	
40.7	54.9	36.9	50.0	54.3	30.4	33.3	25.7	
22.8	38.6	41.0	35.7	22.4	38.3	24.3	37.3	
9.4	24.1	25.6	34.5	27.8	16.1	26.5	31.7	
57.3	24.6	33.5	27.1	39.3	29.7	25.8	37.1	
29.4	13.1	37.3	23.3	45.8	32.5	23.4	25.2	
17.1	27.2	21.8	40.7	34.7	31.8	37.2	28.0	
25.1	15.7	23.9	32.6	29.1	17.0	16.6	16.5	
30.0	36.4	27.5	34.7	43.2	30.8	23.4	52.6	
29.6	48.8	32.8	32.4	32.8	79.2	35.5	35.9	
27.3	41.3	38.3	63.8	46.8	44.8	39.8	32.6	
41.7	40.9	34.7	14.2	23.5	25.2	23.0	28.6	
33.1	33.9	39.0	39.0	49.1	30.5	34.7	20.8	
40.9	32.4	48.8	41.7	32.4	36.7	49.4	38.7	
44.2	22.7	62.4	41.4	52.3	41.2	61.0	45.5	
27.7	35.6	26.7	29.5	34.2	27.8	33.2	50.5	
39.3	32.7	27.9	63.8	42.4	37.1	41.8	38.7	
31.9	34.7	27.0	27.5	32.1	28.7	37.1	26.7	
31.9	20.3	26.4	29.3	36.4	27.5	20.3	28.6	
19.8	41.9	43.1	26.4	31.4	15.7	30.3	36.9	
32.2	37.7	57.4	21.9	32.4	39.8	32.4	51.9	
47.8	38.9	102.9	22.8	31.5	45.1	34.0	51.5	
34.8	18.1	30.0	16.3	24.5	15.8	16.2	23.3	
48.6	41.4	42.6	37.5	37.9	30.3	31.1	27.0	
29.9	31.3	35.4	14.8	26.8	31.0	44.2	24.2	
29.4	14.4	21.8	26.8	32.8	17.0	19.2	22.1	
28.6	9.2	36.9	25.0	14.7	25.9	14.9	17.3	
39.3	36.3	21.8	22.3	59.1	35.1	62.2	45.7	
41.7	36.6	28.7	25.1	36.8	15.7	52.2	50.2	
15.2	30.3	54.7	19.7	26.3	25.9	32.1	27.1	
124.6	59.6	82.9	59.0	99.0	89.0	65.2	102.1	
14.8	21.1	15.9	8.5	19.9	24.2	16.7	29.9	
43.8	18.5	21.6	31.1	21.4	24.9	19.9	22.7	
67.4	39.9	21.0	35.7	14.5	33.7	41.1	19.6	
31.2	32.1	22.8	38.8	22.3	23.1	27.0	26.5	
36.0	35.5	26.4	55.6	20.3	63.5	41.4	51.1	
36.0	47.0	30.0	57.8	64.0	38.2	34.8	55.3	
21.4	10.4	12.1	16.5	30.3	24.1	31.8	17.5	
46.0	56.5	29.8	42.8	55.3	20.9	40.3	32.6	
66.5	24.3	23.0	44.9	51.4	46.9	41.5	24.6	
45.2	19.0	38.1	48.5	24.1	31.3	30.6	22.0	
11.7	15.3	19.1	18.7	18.9	15.3	17.6	27.5	
22.6	28.0	25.3	33.2	24.5	12.4	27.8	34.8	
26.6	31.8	38.3	40.5	25.7	24.2	42.1	32.8	
48.2	19.1	27.9	31.7	34.3	48.9	32.0	40.1	
54.5	34.5	37.3	37.2	34.5	35.8	46.7	33.4	
41.7	38.7	25.5	28.2	27.3	50.4	43.7	21.0	
64.2	34.6	28.6	36.4	37.6	51.1	56.1	33.4	
38.8	20.9	32.5	37.5	29.1	23.1	29.3	23.1	
36.3	30.9	27.4	42.3	24.6	36.2	32.9	37.2	
27.5	18.8	27.4	37.4	22.6	31.5	19.9	44.5	
36.7	29.8	32.5	75.9	54.6	58.2	36.0	41.2	
29.2	24.9	30.0	34.9	28.5	23.2	19.6	42.4	
34.5	19.1	20.5	35.0	34.0	21.5	25.4	50.4	
53.9	37.3	30.6	75.4	39.7	58.8	97.4	80.3	
30.1	30.4	22.2	36.4	26.7	37.2	34.9	33.9	
35.6	18.7	24.8	24.4	23.2	35.3	38.2	18.6	
34.8	46.5	46.8	52.9	52.7	49.5	60.4	40.8	
18.9	39.3	10.5	21.8	21.4	34.9	15.9	19.7	
41.8	37.4	31.4	34.2	74.5	72.0	41.4	41.3	
21.1	18.1	19.6	32.9	26.8	13.6	36.6	23.9	
53.3	45.7	48.9	52.7	42.7	28.9	37.0	39.0	
47.9	92.3	62.6	66.3	54.0	59.1	59.2	37.1	
18.0	28.7	11.4	15.2	19.7	20.8	17.8	15.2	
30.9	44.6	38.5	56.8	31.0	43.5	69.9	56.4	
36.2	65.5	33.3	52.5	37.5	57.1	39.1	55.6	
44.4	41.0	48.8	73.3	57.2	62.0	33.6	27.7	
83.7	16.2	24.4	40.7	33.1	25.1	27.3	59.6	
19.3	36.1	19.6	42.3	31.1	34.6	52.4	47.8	
17.8	20.4	19.9	39.4	30.2	22.0	23.4	30.0	
89.9	63.6	63.4	85.8	86.1	88.1	69.5	83.2	
22.7	11.9	13.9	25.1	18.2	24.2	20.7	25.4	
34.3	26.3	19.7	26.8	40.1	27.7	39.1	42.7	
47.5	45.1	44.1	48.3	73.6	22.8	23.0	19.9	
45.9	11.6	19.5	33.2	25.7	32.3	32.8	23.5	
22.7	38.4	38.5	44.3	26.6	39.3	24.7	39.2	
48.3	26.0	18.4	31.3	30.8	42.8	19.9	20.5	
20.9	16.8	12.5	14.5	16.6	27.9	16.6	12.4	
30.7	34.3	9.1	33.3	38.7	28.9	13.1	32.9	
28.5	32.0	34.3	36.8	27.2	34.2	43.0	29.8	
52.6	27.1	34.3	45.1	25.4	25.2	29.2	46.0	
49.9	48.6	38.9	69.1	62.2	38.4	44.8	60.4	
46.1	51.0	42.6	62.8	24.2	70.5	51.4	34.2	
35.7	59.8	50.5	63.0	57.9	64.2	59.6	78.5	
13.0	17.5	25.0	29.8	27.7	22.4	17.4	31.3	
29.2	26.5	23.1	35.4	19.2	40.9	42.3	61.4	
30.0	18.8	29.6	47.3	21.2	35.3	49.9	19.3	
56.1	79.1	53.0	87.9	49.8	43.6	68.2	33.4	
16.2	23.8	28.3	33.1	24.3	27.4	20.5	21.8	
32.8	31.1	32.1	33.3	34.5	28.3	28.3	39.1	
40.6	44.8	39.9	52.3	56.0	52.8	45.2	27.1	
42.2	62.6	28.5	39.7	44.7	29.6	43.9	60.4	
34.1	54.7	49.4	55.6	66.8	55.5	37.6	38.9	
22.5	24.5	35.8	35.3	34.8	41.9	26.4	46.8	
19.4	43.3	29.2	33.0	43.1	44.0	25.9	34.1	
30.7	17.3	25.0	36.1	25.8	43.9	29.4	37.2	
73.7	51.4	36.1	59.6	34.2	59.4	66.9	54.9	
21.6	37.2	19.4	24.0	21.7	34.8	37.3	22.7	
36.3	33.5	37.3	60.5	31.0	24.7	28.8	35.7	
26.9	31.7	35.9	38.7	23.4	25.9	17.9	30.6	
20.0	23.9	20.8	25.1	26.5	19.4	25.8	14.3	
43.9	49.7	32.3	33.5	21.4	29.0	28.8	13.9	
37.8	35.8	22.5	24.9	47.0	25.6	19.9	23.4	
32.3	55.6	24.7	28.5	37.8	27.1	22.3	30.3	
35.0	41.0	23.9	29.2	38.2	47.9	48.8	23.2	
29.3	42.4	46.6	51.0	23.8	62.9	53.4	57.1	
28.1	20.8	24.4	32.6	24.2	24.1	25.4	16.5	
20.3	36.9	18.8	21.8	15.6	15.4	16.6	11.4	
37.3	31.4	20.8	46.3	44.3	64.2	43.4	35.1	
38.3	22.1	18.0	21.2	21.3	29.0	27.3	13.8	
29.5	22.4	15.6	23.9	27.7	17.7	28.4	40.6	
15.4	19.0	15.2	18.5	14.8	27.6	6.9	25.4	
48.7	24.9	37.9	69.1	38.2	27.7	40.8	33.7	
27.7	30.5	26.5	36.0	34.1	34.3	28.6	30.5	
29.0	32.4	23.9	24.4	41.6	65.0	52.0	47.5	
30.7	35.0	27.1	43.7	44.2	50.5	53.9	52.3	
50.0	46.2	33.1	55.8	30.9	54.6	67.9	51.0	
17.1	11.0	9.0	20.8	26.2	25.9	28.9	8.8	
38.1	42.9	36.2	55.5	34.2	43.0	50.8	22.9	
31.4	37.6	23.7	26.2	29.6	24.4	26.3	32.8	
28.3	30.5	31.3	65.3	31.8	58.2	37.4	46.8	
51.9	51.4	42.9	78.1	51.8	29.0	34.2	41.2	
25.4	28.4	18.1	29.7	31.1	15.0	21.0	20.7	
21.4	27.1	18.4	26.0	18.1	23.5	15.1	26.3	
43.8	33.8	40.5	48.3	35.5	25.8	44.3	54.0	
39.1	30.3	22.1	43.1	25.5	24.6	23.1	35.3	
33.7	25.5	26.6	39.4	29.5	28.9	42.1	31.8	
13.1	15.2	16.5	24.8	18.5	14.2	17.8	23.2	
55.1	61.1	48.2	68.6	53.9	48.9	68.6	32.7	
37.1	10.0	32.4	55.0	37.3	41.5	22.9	36.0	
60.1	51.9	59.2	58.9	66.2	75.9	55.2	39.7	
29.1	35.6	23.6	29.3	28.1	41.6	18.1	30.0	
25.5	19.6	17.1	23.0	22.9	23.8	17.9	29.1	
20.7	20.2	28.5	30.0	27.9	25.5	18.2	29.6	
47.6	31.3	33.5	56.3	43.3	34.0	58.8	48.8	
25.3	27.5	30.5	39.3	22.0	34.5	41.0	44.2	
33.9	38.8	30.4	48.3	38.9	31.3	27.0	33.7	
28.6	22.4	41.1	43.4	21.0	24.2	38.8	27.2	
59.3	33.6	26.7	62.3	55.4	66.2	51.3	55.0	
57.4	40.3	20.9	21.8	21.7	33.0	37.0	46.3	
24.5	34.3	41.8	48.2	24.6	22.1	25.6	21.6	
37.0	23.6	30.0	34.1	36.1	37.8	27.3	32.8	
23.7	13.4	11.3	17.8	14.6	17.9	12.4	23.7	
52.6	49.2	45.7	59.4	48.2	57.4	47.5	45.7	
45.7	26.1	29.9	43.6	36.3	30.5	30.7	27.9	
28.2	36.6	29.9	32.2	24.9	28.6	32.6	38.7	
40.9	48.4	30.9	48.5	39.4	40.4	26.5	37.1	
67.5	66.6	57.2	56.5	56.6	56.6	66.0	40.6	
40.3	31.1	18.8	23.1	22.7	31.7	32.8	56.0	
34.8	29.2	25.1	26.6	39.4	28.2	21.7	35.7	
29.3	38.5	61.7	78.4	69.7	45.0	31.5	38.8	
34.2	28.5	32.7	59.1	51.0	33.5	42.8	39.9	
30.7	18.5	35.6	55.8	40.0	23.8	25.0	40.4	
16.3	29.0	26.8	51.5	25.1	36.8	53.2	51.7	
28.8	26.8	27.4	35.0	31.0	15.2	31.8	33.4	
35.7	31.2	40.7	69.2	41.5	53.9	61.4	46.5	
10.9	21.1	20.2	20.3	29.9	19.3	21.7	42.3	
36.3	47.7	44.7	56.9	42.4	47.2	70.1	29.3	
68.5	35.4	43.4	51.1	62.5	40.0	38.7	38.1	
31.8	50.8	33.6	37.7	29.9	32.3	34.5	36.4	
12.8	15.0	19.0	28.6	22.7	12.9	23.6	14.7	
16.9	17.2	11.6	21.7	23.3	23.3	35.4	15.8	
42.2	19.4	20.9	22.0	28.3	38.6	29.5	24.4	
34.0	35.6	31.9	47.4	35.2	34.7	40.1	80.0	
34.9	26.2	28.2	34.4	23.8	28.2	30.5	37.1	
26.2	29.4	31.3	37.7	30.8	23.5	37.2	35.4	
76.4	37.7	45.7	50.5	36.9	87.0	53.9	33.0	
40.1	23.7	32.9	36.9	36.6	30.1	40.1	35.0	
33.7	51.4	35.6	55.3	51.0	34.6	48.0	40.1	
24.7	34.3	17.1	42.5	24.9	11.5	28.7	21.2	
41.7	31.6	25.6	48.5	41.5	42.1	17.5	44.4	
33.5	49.3	36.2	39.8	40.3	21.2	35.4	34.1	
34.1	36.0	30.1	30.0	26.8	37.1	36.7	41.4	
28.4	28.5	22.5	32.7	35.7	18.5	18.7	22.4	
45.3	32.2	45.0	52.5	52.7	36.9	32.1	55.6	
52.5	35.5	21.8	28.7	33.6	25.5	69.2	43.3	
33.6	23.8	22.7	41.4	34.7	21.7	30.4	23.1	
25.1	28.7	31.2	32.5	41.1	33.0	38.3	45.2	
35.2	56.0	36.9	45.5	22.2	33.5	21.4	30.5	
43.1	52.4	22.3	29.6	33.8	31.7	48.4	21.5	
29.6	51.5	21.0	25.8	26.2	20.9	28.3	40.2	
61.9	47.9	33.5	48.8	85.4	59.9	61.3	62.5	
10.5	13.7	19.2	31.9	22.1	12.9	17.6	26.2	
25.3	47.5	41.5	46.9	34.3	29.9	38.8	39.3	
16.3	36.9	30.8	36.1	34.4	23.2	29.2	31.1	
38.5	76.0	43.0	48.2	40.8	21.5	36.3	63.6	
36.3	35.2	30.0	54.6	50.5	26.8	33.9	29.1	
42.9	54.0	26.0	55.7	47.9	23.2	38.2	9.8	
34.2	50.1	31.9	56.6	88.9	22.1	54.5	35.2	
24.9	24.5	31.2	36.5	39.7	32.9	51.0	53.3	
65.2	81.4	61.8	89.2	71.2	54.5	74.4	80.2	
21.5	29.7	17.7	28.0	47.9	32.4	31.3	36.7	
35.5	37.2	21.8	27.6	22.8	34.6	39.8	45.2	
43.7	21.4	26.7	47.9	57.4	64.7	26.0	32.0	
31.3	24.1	14.5	29.5	14.0	31.7	34.3	22.7	
20.7	16.3	23.1	34.5	18.1	35.2	16.7	18.0	
13.4	24.0	25.0	30.2	32.5	23.2	37.1	31.5	
20.2	36.6	15.7	27.7	32.4	21.6	19.4	25.8	
31.8	56.2	37.7	38.4	19.3	32.4	31.6	35.2	
27.1	22.8	9.7	11.6	9.8	31.3	13.9	15.6	
22.2	12.8	14.3	28.7	13.7	20.2	21.2	21.5	
29.1	38.6	39.3	45.1	44.9	47.0	53.6	37.7	
59.8	86.8	33.8	47.4	89.7	49.3	61.1	78.2	
27.8	38.7	27.5	51.8	33.0	20.8	32.2	24.9	
77.0	45.5	39.3	54.9	55.8	65.5	61.8	45.6	
41.7	31.8	23.2	36.2	54.4	37.3	22.2	25.4	
41.5	29.4	34.3	44.9	26.0	44.8	37.7	36.9	
12.4	34.4	30.0	36.2	29.8	35.5	30.0	18.7	
23.6	30.8	20.0	23.9	17.4	25.6	24.5	15.5	
20.3	21.7	28.0	41.0	23.1	35.3	23.9	38.8	
23.2	19.9	16.0	19.1	13.4	16.1	10.3	20.8	
24.9	21.3	25.0	31.5	26.8	30.9	31.2	22.2	
17.3	29.6	16.3	29.4	14.2	15.5	23.8	18.4	
89.1	59.8	64.5	69.2	97.9	64.1	97.4	25.2	
41.0	39.4	21.7	30.2	51.4	31.7	36.4	27.0	
27.4	68.3	20.9	23.2	56.3	43.9	39.5	23.5	
33.0	26.5	24.1	39.7	28.2	24.2	34.9	49.9	
40.9	36.5	45.7	51.5	32.9	23.5	25.2	42.5	
58.7	45.2	39.9	39.1	68.4	68.6	34.0	28.5	
19.5	19.2	11.9	11.3	14.4	18.9	21.0	11.6	
34.4	19.6	28.3	35.8	22.3	50.3	40.9	37.3	
12.9	25.0	19.7	28.5	18.1	32.7	30.5	34.2	
52.8	42.0	68.8	69.1	77.7	44.1	75.7	46.1	
28.3	42.1	46.5	52.0	50.7	53.5	47.6	45.9	
52.3	37.6	27.2	30.3	33.4	47.5	50.8	43.5	
25.9	29.6	23.1	44.0	28.9	32.2	49.3	34.3	
15.0	38.4	24.2	32.9	26.0	54.2	37.7	35.9	
56.5	26.9	20.4	37.3	42.1	36.5	38.7	27.3	
48.0	21.3	24.6	43.7	47.1	28.0	41.0	44.3	
59.3	25.6	25.5	44.8	43.0	37.3	64.7	39.6	
30.4	13.4	43.0	50.7	36.3	23.3	36.9	39.9	
53.9	32.1	32.7	52.6	38.8	32.5	46.4	29.4	
25.2	28.6	23.1	23.5	22.6	20.4	37.9	27.6	
42.8	31.4	24.4	42.6	32.5	38.7	23.1	51.0	
29.7	21.6	16.9	17.4	29.7	48.8	20.4	32.5	
23.8	33.2	22.7	22.9	31.2	28.2	50.5	38.0	
68.3	36.0	40.9	49.0	73.4	30.6	48.0	22.8	
56.2	63.2	64.7	71.1	67.9	89.6	82.6	39.1	
71.3	62.1	39.7	85.7	49.9	58.0	64.9	59.1	
30.5	26.0	29.6	52.7	9.9	24.8	21.5	35.4	
60.5	35.8	53.7	58.8	51.3	46.2	47.8	38.1	
32.3	27.8	23.3	31.6	25.4	26.3	26.8	23.3	
40.4	35.8	24.4	45.3	44.0	66.9	24.7	44.5	
28.0	30.2	38.5	56.6	37.1	39.0	46.1	35.1	
19.1	26.0	28.4	32.1	42.1	11.3	15.5	30.9	
29.3	43.9	26.6	31.0	26.5	21.5	37.1	35.4	
26.9	16.8	23.1	25.6	21.5	22.2	30.8	33.8	
37.5	28.2	24.0	51.5	25.0	44.6	45.9	18.0	
28.1	30.6	24.8	42.4	55.5	27.5	34.3	48.9	
30.3	20.7	25.7	43.5	23.8	40.0	21.0	30.7	
43.7	43.2	44.0	45.8	28.4	38.3	40.3	48.6	
57.9	40.3	38.2	58.7	35.6	47.6	46.7	41.5	
29.8	17.8	23.4	32.2	18.3	29.0	42.7	31.6	
43.8	42.8	45.4	48.2	32.1	48.7	51.5	37.3	
22.4	12.3	23.0	22.7	25.7	24.3	20.2	19.8	
25.7	23.7	37.7	38.6	29.2	33.4	19.1	29.2	
44.3	29.6	30.8	39.5	55.8	35.8	77.9	48.8	
39.9	34.9	16.2	23.2	32.1	36.4	22.7	14.5	
29.5	38.5	23.2	40.5	36.0	36.6	77.0	27.3	
21.3	27.8	20.0	45.0	14.8	29.0	16.3	15.4	
45.0	41.0	36.9	42.0	53.4	44.0	40.9	35.2	
47.7	27.3	21.0	31.9	31.0	27.7	52.4	30.0	
28.7	42.4	27.3	50.1	71.3	65.8	71.9	31.7	
32.5	21.6	17.5	37.6	14.8	23.8	20.2	20.6	
26.5	26.9	20.7	37.4	29.1	23.0	23.7	34.5	
39.2	48.0	46.9	68.0	33.2	44.9	30.7	27.2	
47.0	40.1	60.2	65.7	42.5	58.7	36.2	37.9	
30.1	18.7	21.5	37.1	30.6	23.7	28.0	24.3	
21.8	20.8	26.6	29.1	39.3	29.8	31.0	38.4	
39.4	32.2	17.8	62.0	46.0	18.1	34.2	34.3	
38.6	37.7	25.8	27.2	40.7	28.9	46.7	37.1	
50.5	35.0	45.3	63.6	49.8	55.6	30.8	45.7	
36.8	58.1	44.7	47.7	33.1	47.0	45.5	82.8	
11.9	35.0	23.5	24.5	16.2	39.4	26.7	20.6	
24.7	30.2	21.0	30.5	20.9	21.3	34.1	31.4	
38.0	27.6	20.2	44.8	29.0	40.2	29.8	56.0	
56.5	49.4	29.9	49.6	53.7	43.7	30.4	30.3	
41.2	30.0	22.1	23.8	29.0	38.7	12.2	26.8	
22.5	12.9	18.0	24.8	14.7	15.7	15.3	12.6	
33.0	52.8	41.5	56.0	40.4	58.2	86.0	72.1	
35.9	53.2	38.2	65.1	35.0	53.0	23.8	50.6	
19.1	36.5	22.7	34.5	20.1	28.7	25.9	30.3	
27.7	17.1	21.1	36.8	20.3	22.7	27.7	25.9	
28.4	40.9	16.8	25.7	21.7	19.8	19.9	24.1	
35.7	41.7	32.5	44.5	53.3	21.6	42.5	48.2	
24.9	23.8	20.7	34.8	28.5	25.2	12.9	15.8	
44.3	52.5	36.4	37.8	30.6	51.2	43.1	23.7	
20.5	48.9	25.4	31.3	34.7	66.9	52.6	47.8	
45.1	55.2	49.9	62.4	70.5	50.9	33.6	50.9	
23.9	46.0	26.0	39.4	33.2	67.2	39.8	31.8	
39.0	24.6	21.5	27.0	15.2	16.7	18.7	27.1	
22.6	28.0	25.4	33.5	27.6	30.6	59.2	27.6	
23.2	30.1	20.3	30.3	28.4	28.9	24.7	23.4	
22.3	26.6	14.7	19.7	19.0	19.5	15.1	27.8	
40.4	32.9	17.1	27.6	31.0	34.1	29.1	29.2	
37.0	48.8	68.2	44.9	37.5	23.2	44.1	47.8	
42.9	45.7	41.8	54.1	59.2	39.0	38.1	30.2	
24.9	37.8	18.8	30.0	26.1	26.0	39.8	26.5	
78.0	56.1	82.6	77.4	77.4	57.4	79.6	61.9	
77.1	74.0	62.3	40.6	68.7	43.0	47.5	43.6	
83.9	51.9	45.2	51.9	50.9	68.2	38.0	50.4	
61.3	32.3	55.7	78.9	96.7	64.3	51.1	119.3	
29.5	22.8	39.8	23.9	30.0	20.5	33.8	24.4	
20.9	40.5	34.5	60.3	39.7	42.0	26.5	25.7	
36.3	48.0	37.6	31.6	27.0	28.9	27.3	34.0	
69.4	55.0	44.0	45.0	54.9	28.3	48.8	46.3	
26.3	27.8	22.0	17.6	22.8	28.5	26.8	47.1	
19.4	21.2	23.9	26.0	19.3	17.4	31.6	13.8	
25.6	28.0	31.5	24.8	23.3	52.2	40.3	33.4	
42.8	37.3	25.0	45.6	52.2	62.8	51.3	62.4	
15.6	20.0	28.7	27.0	40.6	23.6	31.2	24.9	
17.1	26.0	29.0	19.3	19.9	43.6	15.6	25.4	
13.3	20.5	30.3	20.4	14.7	15.7	22.1	12.7	
30.7	36.5	56.2	47.1	41.1	43.0	33.6	33.0	
43.2	41.5	38.1	32.0	38.6	18.8	24.2	35.8	
20.5	38.5	18.7	26.8	27.5	25.8	32.9	25.6	
25.2	19.2	30.9	22.4	31.0	42.7	35.2	24.7	
15.9	42.2	28.0	20.8	41.8	38.6	22.5	16.9	
32.8	42.2	37.5	33.1	30.9	39.3	34.0	40.9	
31.7	61.1	23.8	31.2	71.3	46.9	22.5	33.6	
26.9	32.7	34.1	44.8	14.0	37.8	25.6	28.8	
50.5	51.6	36.2	29.9	42.4	27.6	35.9	45.3	
31.2	39.0	24.9	28.5	35.9	22.9	53.1	21.5	
30.7	33.6	38.8	16.9	22.6	21.6	15.6	13.3	
27.6	22.9	41.2	27.6	31.7	20.9	38.2	38.6	
30.2	70.7	50.5	56.6	54.2	64.9	38.5	66.2	
43.0	50.6	32.4	29.2	24.6	34.7	28.2	31.5	
27.3	29.5	38.6	22.2	32.6	41.3	33.3	28.2	
34.2	29.3	24.3	42.6	43.9	29.9	34.5	34.7	
19.3	13.2	21.5	21.1	21.2	27.3	30.3	13.6	
36.0	35.6	27.3	52.1	26.4	42.8	17.3	14.7	
52.3	47.4	63.6	22.1	76.2	32.6	45.7	38.2	
35.8	27.1	25.5	29.9	46.1	27.7	10.8	37.4	
16.8	20.7	18.9	25.0	23.0	26.6	15.7	27.4	
12.1	24.2	23.7	26.3	23.4	29.0	27.7	28.4	
29.8	25.2	27.6	24.9	20.7	19.8	41.3	68.4	
36.4	22.8	16.4	12.9	33.6	24.5	19.5	27.3	
41.0	17.9	35.9	40.6	40.1	32.2	38.6	22.4	
36.6	27.6	29.6	44.8	50.5	40.0	54.9	48.1	
38.7	44.1	27.4	19.0	31.8	17.4	30.1	11.5	
61.2	76.5	82.3	38.1	40.8	33.6	42.6	49.5	
12.6	24.1	42.7	19.1	24.2	32.1	16.8	24.0	
38.4	78.7	58.7	86.9	61.5	48.2	64.1	66.2	
33.1	34.8	41.7	30.3	30.8	59.0	33.1	26.3	
40.2	45.0	21.9	26.6	30.2	43.0	38.8	39.4	
15.7	24.4	19.8	22.6	22.2	32.1	14.7	15.7	
37.4	61.8	42.8	45.4	36.8	42.3	43.0	57.9	
60.1	64.8	43.6	89.3	44.7	31.3	69.7	65.4	
29.3	31.9	34.2	34.2	51.8	31.0	41.2	22.4	
55.0	35.6	26.8	48.6	43.3	31.7	32.2	33.7	
25.5	16.0	23.2	35.3	22.6	28.3	16.2	18.6	
11.6	20.1	23.8	17.6	24.1	17.0	18.0	17.5	
14.6	19.6	14.8	16.7	12.7	15.5	11.6	11.6	
30.4	29.9	32.7	37.0	28.0	32.3	23.5	15.0	
17.9	18.3	18.7	18.1	24.9	15.4	24.3	18.7	
16.9	44.0	29.8	41.2	27.9	27.1	46.3	25.8	
38.7	38.3	31.6	20.7	50.2	36.4	45.5	38.5	
29.5	23.4	19.0	18.6	40.9	34.6	15.5	26.2	
36.2	34.8	27.7	45.8	50.4	47.1	46.4	39.8	
17.5	25.3	19.2	34.8	16.1	24.9	19.2	33.7	
39.8	48.1	23.0	58.2	31.2	28.2	45.8	40.8	
37.3	53.5	42.2	34.7	59.8	39.0	33.8	19.1	
32.8	22.8	30.7	40.0	56.3	42.7	65.1	24.5	
55.0	59.6	56.9	60.8	54.1	37.3	51.7	29.9	
57.9	33.5	33.1	33.3	45.3	26.3	27.9	38.4	
49.0	41.3	72.5	27.8	32.9	34.1	41.6	49.2	
10.1	38.8	11.3	23.0	22.2	24.9	29.6	12.7	
34.3	39.0	17.2	24.2	32.7	15.5	29.0	25.6	
50.1	31.9	55.4	46.7	42.2	52.2	48.3	64.1	
25.5	23.1	24.0	30.6	18.8	28.8	34.3	27.2	
23.8	35.5	50.7	29.0	33.6	25.1	24.0	34.4	
46.9	57.9	35.1	33.4	65.2	33.2	42.2	44.7	
38.8	29.4	41.7	48.2	53.2	28.5	36.0	33.4	
31.1	31.5	36.5	25.2	28.7	32.8	29.5	26.5	
24.3	21.5	19.1	27.0	20.1	18.6	24.6	19.6	
24.3	17.8	16.0	19.4	23.8	15.4	16.6	25.2	
56.3	73.8	35.4	19.7	41.8	53.0	28.3	34.4	
35.5	66.2	57.0	47.4	48.7	33.1	33.8	76.6	
33.7	24.6	25.9	20.4	17.5	13.7	15.8	22.5	
24.9	30.7	43.3	47.2	45.2	39.5	56.6	41.4	
26.1	41.1	24.9	30.9	25.1	36.4	32.4	44.6	
9.3	20.1	26.8	25.2	13.5	33.2	17.5	21.6	
16.9	24.3	26.1	30.1	37.7	16.6	25.0	35.8	
17.2	23.2	26.7	14.9	25.5	14.5	35.9	18.9	
14.8	18.8	40.1	20.0	33.2	30.6	29.4	22.3	
33.4	24.0	32.4	24.9	28.8	45.9	32.8	26.7	
51.5	29.7	30.5	37.1	19.2	51.6	17.7	37.0	
35.5	24.4	45.3	22.1	15.4	28.1	35.2	31.6	
39.0	30.9	30.9	33.9	26.8	29.8	15.4	25.9	
34.4	19.1	23.5	39.8	24.6	20.3	21.4	42.7	
36.7	41.9	23.6	34.1	47.2	26.4	47.4	33.1	
49.3	33.7	34.7	19.2	12.7	38.5	32.4	18.8	
38.0	20.6	23.0	28.1	29.7	37.1	36.0	21.2	
68.5	26.5	59.2	49.3	25.4	46.3	46.5	49.5	
31.7	29.2	22.2	26.4	25.5	21.1	30.8	17.9	
59.6	60.8	95.1	57.2	65.3	61.1	47.7	45.4	
27.1	20.8	28.5	44.7	23.2	29.2	28.4	20.1	
22.4	16.6	28.5	14.0	12.7	34.7	9.9	21.5	
33.5	23.3	29.8	24.0	28.1	33.3	19.0	19.5	
17.2	46.4	22.4	25.9	27.5	46.4	41.0	22.0	
60.8	30.6	38.8	39.5	43.5	34.1	70.4	47.0	
26.3	38.8	31.7	20.9	34.3	29.9	25.1	26.9	
44.3	67.7	61.7	45.6	38.7	48.0	78.5	79.2	
50.3	30.0	31.6	49.2	55.5	38.7	32.6	25.3	
26.9	47.8	32.0	57.7	40.1	51.3	28.9	46.4	
70.7	30.9	60.6	65.8	35.2	63.0	25.7	51.0	
54.0	78.9	107.0	49.5	86.6	65.5	91.3	128.4	
41.0	26.4	50.8	29.7	37.4	41.0	46.4	46.6	
40.6	39.2	31.1	47.9	54.2	85.1	26.0	37.9	
44.1	17.1	16.1	24.6	26.9	24.9	30.7	27.1	
64.8	48.9	52.8	57.4	41.6	68.3	44.1	51.2	
54.4	52.1	42.4	49.9	47.1	47.5	82.6	63.5	
34.1	25.8	38.6	34.9	39.8	24.8	26.8	31.8	
58.6	34.0	24.4	57.2	32.3	32.5	23.7	35.7	
41.7	43.9	23.8	43.5	29.1	21.9	26.4	26.3	
44.3	48.3	40.6	41.9	55.0	29.6	35.1	34.8	
31.5	31.2	40.5	38.8	48.2	44.7	37.8	28.7	
23.6	46.9	55.7	56.8	64.6	40.4	57.4	38.8	
46.7	30.6	39.4	38.8	46.2	49.9	23.8	25.0	
24.9	28.1	34.3	40.3	35.2	26.0	35.2	15.9	
61.5	33.3	48.5	89.3	47.2	33.7	40.9	73.6	
28.8	43.2	27.4	39.7	61.8	15.4	13.4	32.3	
53.0	28.5	47.5	42.2	37.0	38.0	25.5	32.7	
62.0	42.6	28.7	37.2	52.8	37.8	36.2	44.7	
37.4	19.0	24.2	22.5	26.5	31.1	30.0	38.4	
63.2	41.7	58.4	35.7	43.6	43.9	77.5	36.8	
54.8	36.2	39.6	32.3	25.6	53.5	39.4	25.0	
27.3	24.1	19.7	43.2	21.4	24.0	29.8	41.5	
43.1	88.7	40.6	58.5	57.2	43.6	47.1	52.3	
43.5	45.7	36.8	38.4	30.6	36.2	25.0	37.8	
30.9	33.2	43.6	48.1	43.8	45.1	24.8	33.6	
27.5	30.2	47.7	45.3	15.6	29.3	37.3	35.2	
41.3	47.3	34.4	36.8	39.9	41.5	31.7	31.4	
29.5	18.3	25.4	22.1	41.6	38.0	27.1	25.7	
30.6	29.5	46.8	35.8	19.7	28.3	36.2	25.7	
23.7	24.0	34.7	27.8	54.0	45.3	39.1	26.9	
30.1	16.8	20.0	49.5	27.7	19.5	17.0	33.2	
31.4	20.5	46.7	21.7	27.8	27.8	20.4	26.6	
14.7	35.1	24.7	21.5	39.1	13.2	18.1	20.8	
24.1	21.8	24.1	31.0	19.0	21.2	34.2	30.0	
41.5	14.5	26.7	41.6	50.5	54.8	36.5	24.0	
57.4	39.8	55.4	43.2	49.3	74.6	42.8	60.1	
58.1	33.4	67.1	50.1	84.3	33.0	38.0	55.3	
23.9	30.0	37.8	20.7	38.4	35.6	27.1	34.7	
23.1	33.2	31.1	17.6	27.8	29.9	42.8	39.8	
50.9	37.6	47.8	75.1	38.1	37.4	36.1	64.0	
14.6	12.9	15.1	13.5	16.8	11.3	21.4	34.2	
37.9	39.6	36.0	27.8	54.4	22.9	26.7	38.4	
28.1	66.4	53.0	98.6	76.9	45.7	27.9	43.1	
25.0	36.1	29.5	31.8	21.9	23.6	16.1	39.1	
24.3	15.3	18.5	37.6	27.3	22.8	19.5	15.2	
16.3	14.8	28.2	20.2	20.4	35.0	15.6	31.1	
23.3	45.6	45.6	40.5	28.1	20.3	39.5	31.0	
47.8	40.3	51.0	28.6	29.1	31.4	32.7	31.0	
29.9	38.3	43.3	38.7	17.3	24.8	23.6	25.7	
52.9	76.9	63.4	34.1	55.7	30.2	60.4	29.7	
41.8	24.8	39.6	39.1	39.0	31.9	32.5	47.2	
57.9	71.0	46.7	52.9	32.0	47.0	43.0	46.6	
26.4	40.1	31.2	42.7	43.7	54.8	21.4	44.7	
25.2	35.3	36.1	40.5	43.2	44.4	73.3	34.3	
41.0	61.4	53.9	38.1	38.9	52.6	41.6	42.2	
27.0	16.7	18.7	35.8	31.4	19.3	25.4	17.8	
45.3	36.2	58.6	61.5	47.2	46.4	68.7	44.2	
31.1	21.2	42.2	27.6	35.9	37.5	32.0	45.9	
47.8	31.7	32.0	29.9	31.2	13.7	39.9	36.0	
23.0	44.4	32.5	36.3	28.9	34.1	38.3	38.4	
36.7	58.6	28.0	30.8	27.0	19.8	17.6	50.6	
23.9	37.0	51.1	24.1	40.2	30.6	40.1	29.5	
42.8	37.7	34.1	17.8	19.3	22.2	24.3	29.2	
58.5	61.4	48.0	64.8	60.9	54.3	59.3	56.3	
59.5	49.2	36.7	31.9	41.7	43.0	69.4	61.6	
58.1	32.8	68.0	23.0	30.3	36.3	35.9	38.7	
25.4	41.1	43.3	34.3	40.9	64.4	53.6	55.0	
18.6	44.4	24.6	37.0	26.8	38.7	22.2	26.3	
44.0	26.8	47.9	32.2	29.4	40.4	35.0	31.9	
26.0	31.5	29.9	36.9	26.1	29.4	33.1	41.3	
22.2	33.1	29.1	20.9	43.1	25.4	31.1	32.9	
30.6	35.6	31.4	41.5	36.9	33.9	30.5	57.2	
39.2	40.2	21.8	31.1	49.6	34.1	30.3	44.1	
29.6	19.8	20.7	23.7	16.1	26.4	22.0	14.6	
62.1	27.7	54.5	49.1	59.3	40.0	25.7	43.3	
87.2	55.4	70.7	57.1	83.2	50.7	67.4	77.2	
36.5	56.1	44.3	50.2	33.7	32.1	48.4	38.4	
35.4	27.5	31.3	27.8	13.4	17.0	26.2	35.3	
66.4	63.1	93.9	38.2	65.4	76.8	54.1	25.9	
31.0	23.1	43.0	20.3	23.7	32.1	37.2	34.0	
49.7	70.9	23.8	41.3	47.5	57.5	35.7	34.2	
38.6	32.6	48.8	19.1	53.2	30.8	46.0	31.2	
35.4	41.4	33.2	29.2	38.7	26.0	24.0	44.1	
44.0	38.2	46.1	44.6	27.1	42.6	34.9	31.7	
26.6	42.3	28.1	38.4	21.7	33.0	15.1	16.3	
43.0	49.5	39.1	45.8	45.6	45.6	37.2	59.0	
39.8	26.4	27.2	14.9	27.5	12.8	25.5	19.8	
48.3	53.4	44.8	37.7	62.1	49.9	44.0	48.3	
36.3	32.3	28.5	31.8	40.9	32.6	42.4	31.5	
40.6	36.7	34.5	28.6	49.8	31.5	35.4	29.3	
20.7	28.5	13.9	17.3	25.5	29.4	29.0	26.8	
63.0	32.0	51.6	39.9	68.6	32.5	62.2	42.2	
41.1	31.3	51.0	32.6	38.4	41.0	55.1	27.3	
51.3	62.2	50.8	43.9	55.2	30.6	38.1	42.9	
15.9	24.6	24.8	22.8	11.5	20.6	26.1	11.5	
49.4	55.3	52.4	44.7	29.2	33.7	56.5	31.1	
42.4	60.2	28.4	46.0	77.4	33.7	37.0	29.7	
34.7	20.5	38.7	23.3	25.8	41.5	25.1	25.3	
27.5	22.1	21.5	39.4	17.8	17.6	20.2	16.9	
51.0	32.2	35.9	40.9	35.5	36.4	49.1	45.2	
42.6	32.0	28.7	49.5	28.1	45.2	32.3	39.1	
25.0	9.9	20.9	13.0	20.7	31.1	14.9	24.2	
17.7	25.6	23.5	29.5	15.9	32.2	14.6	20.0	
53.4	35.5	44.5	40.1	53.5	47.5	38.7	39.3	
43.6	45.2	43.4	46.5	107.2	64.4	62.0	25.3	
43.0	42.2	39.2	44.9	44.8	38.8	36.8	44.3	
29.4	46.7	25.2	19.2	40.9	34.4	45.6	34.0	
42.4	26.6	46.8	17.9	33.7	35.8	12.2	23.8	
30.8	30.7	40.5	31.4	34.3	32.0	50.7	37.6	
22.6	33.1	13.8	54.6	26.1	22.7	32.5	25.6	
34.5	56.2	53.6	72.9	59.4	40.4	31.6	31.3	
36.8	50.2	40.8	39.4	46.7	47.2	40.5	33.0	
32.9	12.4	21.3	22.3	17.8	20.2	31.8	49.2	
41.3	19.9	29.7	25.9	17.3	42.6	14.1	31.3	
28.8	42.7	26.1	25.2	44.1	47.6	24.6	31.1	
25.5	41.1	35.5	45.4	35.7	31.6	37.3	53.5	
18.4	34.4	27.5	45.4	18.9	13.7	19.0	27.1	
24.1	13.6	48.8	30.9	23.2	34.3	39.4	24.9	
49.8	23.6	28.4	47.5	37.2	48.3	33.6	28.7	
21.9	21.8	18.7	21.8	34.2	13.9	34.9	26.3	
51.6	51.6	22.8	45.7	19.9	18.0	33.6	30.2	
27.9	25.3	40.4	19.4	26.2	19.8	14.0	28.6	
23.4	20.7	15.7	26.4	18.9	28.2	20.6	23.1	
36.7	44.7	29.1	28.2	24.4	57.8	28.7	36.5	
29.7	17.6	21.3	18.4	12.1	23.2	14.1	16.1	
32.3	49.3	47.0	42.6	30.7	21.4	19.3	32.6	
27.6	17.1	19.4	14.5	15.2	19.9	14.4	37.3	
29.2	26.7	27.8	16.8	33.8	24.4	26.6	22.7	
57.8	40.8	51.5	44.0	40.9	47.2	42.7	48.8	
31.3	32.1	19.4	32.5	18.3	34.0	47.7	51.6	
16.3	20.3	22.3	27.1	17.7	15.5	22.2	30.4	
60.8	56.3	58.3	70.4	39.9	21.4	36.3	39.9	
28.6	94.9	30.0	88.1	48.4	55.8	77.4	36.8	
22.3	53.4	34.2	20.3	36.1	21.5	36.9	32.1	
30.6	19.8	42.9	20.8	23.6	17.4	22.6	35.3	
41.0	41.5	39.2	63.8	45.2	41.1	49.0	47.9	
46.7	34.8	36.4	52.5	46.5	38.8	37.1	44.4	
33.5	22.3	27.0	21.1	20.1	24.6	22.5	21.6	
53.0	60.6	39.1	65.7	37.4	44.8	54.6	63.9	
42.2	24.2	36.5	25.7	34.1	16.4	25.3	32.2	
23.9	35.5	19.2	34.8	43.8	29.9	31.5	40.7	
25.4	30.2	23.5	29.2	46.6	24.5	27.6	22.9	
31.0	22.3	27.2	50.8	31.9	35.4	33.0	30.2	
34.1	43.1	48.4	39.6	38.6	45.2	42.6	60.4	
14.9	18.6	23.1	21.1	24.8	14.0	20.3	20.0	
43.9	31.7	46.9	41.1	56.3	40.1	36.4	42.1	
62.7	48.7	32.0	49.1	53.0	41.4	44.0	51.3	
51.7	37.2	43.8	36.6	45.4	56.7	37.8	41.8	
37.5	39.0	37.0	38.0	21.5	43.8	20.5	40.2	
37.1	26.8	28.0	25.4	35.6	42.1	55.9	38.9	
27.5	32.3	14.7	35.0	18.9	29.3	29.7	29.7	
61.5	52.0	41.0	47.6	54.2	47.3	36.5	44.8	
41.5	48.9	49.4	56.7	55.3	35.3	31.3	40.8	
26.4	9.2	39.9	41.3	25.7	27.7	24.0	30.0	
45.2	39.1	57.5	46.7	50.0	46.9	35.9	53.1	
28.8	26.6	30.9	50.8	26.4	54.3	52.0	21.3	
38.6	24.5	30.6	46.9	43.0	27.9	41.7	31.4	
54.6	27.8	23.8	26.2	26.2	32.5	29.2	30.5	
37.7	30.9	39.7	20.3	33.8	35.2	38.4	32.8	
39.0	36.2	26.6	40.0	18.9	36.1	39.2	30.7	
36.4	46.0	23.6	42.8	42.9	31.8	25.3	34.8	
54.9	25.1	24.7	34.2	32.2	33.1	15.5	20.1	
44.4	41.9	33.8	50.9	37.5	26.4	37.9	37.7	
33.0	36.6	34.6	34.1	20.1	19.8	18.7	33.1	
26.1	42.0	27.4	31.4	35.3	23.6	43.6	28.2	
35.9	37.7	24.4	30.9	24.5	48.3	32.9	49.2	
33.2	40.7	36.7	24.9	30.6	41.3	40.3	26.7	
31.7	24.0	45.8	28.1	28.4	25.0	33.9	47.3	
26.6	21.4	20.7	15.7	10.2	23.4	17.7	18.9	
34.7	18.5	45.4	40.3	45.0	30.8	54.2	34.0	
24.7	20.6	17.7	13.1	27.5	15.1	34.3	47.7	
63.1	40.0	24.6	54.8	36.5	35.4	67.5	59.7	
38.6	15.1	25.8	17.2	32.9	37.5	14.3	22.6	
34.7	23.9	37.5	30.6	23.4	62.8	51.1	27.3	
41.4	37.4	30.4	34.4	50.1	41.2	23.0	61.4	
31.4	43.7	43.8	23.7	46.6	36.5	33.0	44.2	
50.3	30.9	64.9	35.4	59.1	35.5	34.7	73.0	
25.6	25.8	16.4	24.0	34.5	29.1	38.3	38.6	
27.4	17.5	33.7	18.0	20.4	26.8	36.0	13.4	
32.6	48.9	28.8	29.6	41.6	38.5	51.6	53.3	
24.5	27.9	24.7	18.8	20.4	14.9	28.4	10.4	
58.8	59.9	69.1	45.6	46.6	41.3	37.6	44.8	
51.2	36.1	33.5	37.2	21.5	45.8	32.0	58.9	
32.3	31.6	22.0	43.8	36.5	25.4	46.0	36.6	
46.0	50.1	59.4	35.6	46.8	39.9	53.7	56.7	
33.3	36.0	35.1	31.3	31.0	35.5	16.8	53.2	
25.7	37.7	30.7	78.1	19.9	58.0	28.9	35.2	
46.8	23.4	30.8	32.4	24.9	36.9	39.6	23.2	
45.0	27.0	24.5	30.8	45.7	21.8	26.6	34.1	
29.1	12.6	38.0	31.0	27.5	52.7	33.3	46.0	
71.7	57.3	45.2	37.3	61.4	42.5	38.7	52.0	
22.1	40.1	27.9	23.6	17.8	19.7	15.7	34.0	
35.4	23.9	44.3	30.1	29.2	35.8	38.9	43.5	
59.4	26.8	35.9	38.3	39.3	52.6	33.8	37.4	
74.6	36.7	55.1	45.8	34.4	34.2	25.2	44.7	
14.1	28.7	18.8	21.2	19.1	25.7	20.1	20.9	
25.3	30.1	18.9	21.2	26.2	21.7	25.9	15.2	
30.0	36.4	69.4	35.2	32.8	34.6	33.1	53.4	
28.3	25.6	38.4	39.5	30.0	31.5	44.5	23.6	
76.5	34.4	49.3	47.5	62.8	56.8	69.0	86.6	
44.8	24.2	33.9	14.9	28.0	33.5	35.0	46.0	
63.0	54.7	77.5	60.2	59.3	103.8	50.1	73.9	
35.9	32.7	36.0	58.8	63.5	38.1	40.6	31.2	
20.3	34.0	32.1	18.3	27.3	22.3	19.1	22.6	
47.8	36.2	14.9	46.0	24.5	43.9	32.7	25.8	
51.8	28.0	50.3	40.8	67.0	36.2	39.5	43.8	
51.2	46.3	64.2	47.7	39.7	23.5	58.2	63.7	
23.3	18.6	63.1	27.9	26.4	30.0	28.9	26.6	
17.2	26.8	25.6	15.1	18.0	18.8	21.5	22.1	
56.9	37.6	31.2	43.9	26.6	25.8	29.8	40.5	
28.3	37.6	51.1	32.5	30.4	24.2	25.7	28.4	
33.2	39.3	48.9	43.3	22.3	23.3	48.3	33.8	
29.0	20.3	40.3	30.4	30.6	33.3	25.9	32.3	
23.4	29.1	31.7	16.0	20.3	23.8	31.4	29.3	
56.1	44.2	39.9	47.9	37.1	60.6	44.8	30.3	
36.7	47.6	44.7	38.8	58.7	48.3	27.2	42.1	
39.2	24.1	20.4	43.2	52.5	69.7	23.5	29.2	
32.3	27.9	23.4	78.7	31.3	24.2	26.8	47.9	
26.3	50.6	30.9	55.8	54.4	73.5	41.5	57.4	
16.7	25.5	30.4	46.1	19.1	32.9	21.9	19.8	
18.1	25.7	40.5	23.8	49.0	26.5	36.5	24.9	
50.1	52.7	45.3	34.8	31.5	41.0	57.4	30.9	
21.9	19.5	13.4	13.1	27.2	17.6	29.9	23.7	
56.5	32.7	30.4	36.5	30.3	52.8	44.7	39.9	
29.3	67.4	40.8	49.0	31.5	14.4	30.3	24.8	
32.7	31.5	32.1	41.8	56.0	20.6	46.7	28.0	
30.6	39.2	30.2	30.2	35.0	20.9	35.0	25.1	
43.1	20.9	46.6	36.0	41.5	38.4	35.7	25.1	
49.1	47.7	83.6	35.7	58.8	37.3	62.1	47.7	
28.4	36.4	32.3	19.6	26.9	19.7	37.1	21.3	
30.7	22.3	50.5	32.1	35.6	39.3	33.0	33.5	
41.1	55.4	38.7	36.9	45.5	57.8	32.4	33.7	
37.9	77.4	23.4	58.3	73.2	54.2	31.2	47.4	
34.9	36.2	60.0	29.9	44.3	39.9	58.9	35.6	
26.0	40.3	39.4	13.3	35.0	41.8	24.7	35.3	
43.3	35.9	42.0	33.0	25.7	57.8	51.9	40.6	
50.6	38.5	47.2	51.5	16.8	49.8	31.5	22.3	
18.6	15.3	21.7	25.1	27.2	25.2	21.0	29.3	
33.2	28.7	49.0	41.1	24.9	40.1	30.0	39.8	
28.3	17.4	19.9	17.4	14.8	9.9	18.6	25.3	
21.1	18.4	22.8	18.7	19.4	21.4	30.5	29.3	
37.4	44.3	35.4	23.6	62.2	44.4	41.1	24.9	
12.7	24.5	26.1	35.7	39.9	23.8	19.0	16.8	
39.9	17.6	18.9	37.7	31.5	32.5	25.5	30.0	
20.4	14.3	29.6	39.0	26.8	25.0	37.5	38.4	
56.1	45.4	69.6	48.0	32.3	73.9	39.3	64.2	
20.9	15.7	18.4	12.2	18.5	30.7	25.6	22.4	
35.2	50.0	26.5	24.7	35.6	39.6	40.3	21.5	
26.9	14.5	19.9	14.9	21.6	21.9	7.7	14.1	
50.6	61.5	31.0	51.1	24.4	63.9	49.8	23.3	
23.0	12.6	42.2	24.2	14.7	30.3	65.9	32.2	
35.3	34.1	46.2	44.5	38.4	63.0	43.0	68.0	
28.7	44.3	34.6	50.0	47.3	30.9	43.5	37.8	
54.9	19.1	51.6	56.3	34.8	46.9	30.8	51.7	
46.5	48.6	40.6	53.6	48.0	52.3	51.2	41.1	
41.1	30.0	35.8	52.0	49.6	35.3	31.8	33.8	
24.4	31.5	53.7	45.4	50.6	40.9	24.7	33.6	
21.8	14.0	35.5	24.8	15.7	26.3	39.8	31.3	
13.6	15.0	14.8	13.8	10.5	23.0	17.3	26.3	
61.6	36.6	39.8	55.0	44.9	28.8	36.2	43.9	
15.7	28.0	12.7	19.5	22.7	11.4	8.7	13.0	
33.0	34.8	28.6	34.4	43.3	41.7	34.9	65.7	
38.8	26.9	53.8	36.4	11.7	31.2	23.1	35.0	
18.2	18.9	33.9	45.4	25.4	50.4	52.1	33.3	
37.3	30.1	25.8	34.1	49.6	37.0	28.4	30.2	
40.6	29.5	30.8	29.8	39.2	30.6	20.3	29.4	
34.9	44.9	32.3	44.6	36.1	41.2	57.2	61.1	
60.5	30.5	41.6	29.3	31.9	28.5	24.6	45.7	
19.5	27.1	15.6	24.1	16.8	17.0	26.6	24.8	
56.8	43.5	27.3	47.9	41.1	32.2	43.0	52.0	
52.7	36.8	30.5	31.5	38.3	49.0	39.5	69.9	
28.3	39.1	27.7	48.1	25.9	26.8	26.1	26.2	
61.9	22.0	22.4	17.4	39.0	36.9	38.3	16.1	
35.4	42.1	34.2	33.9	71.5	31.1	44.9	31.9	
15.6	17.2	17.8	42.0	22.2	28.5	39.2	26.4	
33.1	40.6	38.1	42.2	31.1	40.8	24.2	21.5	
47.7	37.5	29.4	49.8	38.5	53.7	35.5	46.4	
30.3	32.0	21.5	21.8	19.8	37.5	27.8	27.9	
65.5	46.5	37.7	35.1	47.8	21.1	28.9	27.6	
51.6	73.7	32.5	38.8	79.5	64.7	37.8	49.0	
22.9	21.6	31.4	27.9	33.6	28.8	20.5	29.5	
36.5	23.6	11.3	17.6	22.3	20.7	28.9	21.6	
46.3	26.7	57.0	57.1	47.3	60.1	51.4	57.9	
42.4	25.5	30.2	18.9	35.4	22.6	23.9	25.2	
60.1	33.2	42.8	77.4	45.2	41.8	41.3	49.4	
23.2	31.5	37.0	42.0	32.4	33.1	33.0	37.2	
48.0	25.4	67.6	34.6	16.4	45.1	24.4	25.7	
58.5	17.6	32.9	26.3	48.5	38.9	30.4	38.4	
36.2	26.2	15.8	27.2	16.9	32.1	33.2	28.3	
60.1	35.6	50.9	23.6	36.8	38.0	39.2	20.2	
26.6	24.3	18.5	29.9	38.5	33.7	33.6	57.3	
35.8	30.6	43.5	62.8	35.4	32.8	49.5	50.9	
21.0	28.4	46.5	24.1	29.9	26.8	23.8	24.1	
30.5	37.7	23.2	34.0	27.2	38.4	37.8	33.1	
32.2	26.0	22.6	30.5	27.0	16.5	23.8	25.0	
116.5	70.8	39.3	56.4	51.7	49.6	79.2	76.2	
40.8	24.4	23.7	28.1	40.1	34.6	35.0	52.9	
26.8	31.9	56.5	31.7	20.9	34.5	50.4	47.5	
36.2	19.1	39.1	36.3	39.1	34.1	41.8	41.3	
29.2	18.4	17.9	37.0	30.5	15.9	28.3	29.7	
27.5	29.9	33.9	50.8	46.5	21.2	23.3	36.4	
21.7	36.4	20.6	27.1	19.6	15.6	21.3	26.0	
27.7	14.1	26.7	28.8	15.4	27.2	18.9	26.8	
37.8	37.3	25.3	21.3	29.5	51.3	36.8	36.7	
56.8	22.1	19.5	35.7	36.7	42.5	35.0	26.3	
54.6	42.3	44.6	38.5	35.2	53.5	20.4	33.6	
47.3	58.6	80.8	38.3	46.5	46.4	57.5	38.3	
70.2	58.4	47.0	59.6	35.0	60.0	46.3	50.8	
46.2	42.8	45.1	16.6	20.9	26.3	44.3	48.8	
23.5	28.6	36.6	31.7	20.3	17.6	35.9	38.9	
57.3	49.4	29.3	39.8	37.4	39.5	76.5	45.6	
13.3	23.4	22.6	16.0	22.8	28.6	19.6	12.0	
25.4	49.9	30.2	30.6	33.1	32.5	36.1	33.7	
23.6	23.3	32.6	22.4	33.8	37.8	19.6	32.5	
28.2	30.3	26.6	38.8	44.9	30.1	21.1	19.1	
54.2	40.4	56.3	70.3	52.7	48.3	66.8	49.8	
60.3	49.1	42.1	56.7	60.3	42.1	59.8	39.4	
33.2	38.8	36.3	31.2	36.2	39.2	39.1	34.2	
36.2	35.5	36.7	51.2	77.8	33.7	36.9	39.0	
38.0	31.3	41.4	26.3	25.2	48.4	41.3	48.5	
19.0	16.1	17.6	12.4	24.5	19.0	21.4	31.8	
17.2	31.8	28.6	15.9	22.2	14.8	27.1	30.1	
18.5	19.4	33.6	41.2	32.2	41.7	24.7	19.0	
45.4	33.9	35.4	24.2	52.4	27.3	45.8	35.9	
23.4	39.7	31.0	49.1	25.1	21.8	33.4	45.0	
62.5	50.0	72.2	83.2	51.9	34.6	32.1	70.9	
83.5	40.1	63.3	80.3	58.8	37.3	54.9	71.3	
48.3	42.5	30.9	34.0	35.7	23.0	28.3	23.4	
24.7	22.6	43.8	53.8	30.6	33.7	45.8	48.6	
20.5	20.3	13.7	15.8	12.6	18.4	26.7	16.6	
12.9	28.9	17.2	17.1	22.1	23.8	22.5	20.7	
39.2	26.3	29.1	39.8	37.4	33.7	24.5	23.2	
25.9	22.4	23.2	19.5	23.2	24.5	8.4	18.6	
33.9	27.1	33.8	26.0	36.0	33.6	31.1	31.6	
52.3	25.8	29.3	20.9	42.7	29.2	32.2	24.4	
62.9	61.3	71.6	34.6	61.5	38.2	70.5	101.4	
17.6	19.1	15.1	18.6	18.4	25.0	12.7	20.6	
26.2	20.4	29.1	29.2	27.9	19.9	25.7	14.2	
45.1	53.5	71.7	57.3	31.9	72.6	51.3	49.2	
31.3	44.1	31.0	23.2	19.6	34.6	51.3	45.8	
31.3	37.4	39.3	41.4	27.0	32.8	42.8	49.8	
44.0	51.5	36.5	24.9	44.3	32.2	42.4	28.9	
29.5	87.2	69.8	56.1	66.8	80.8	42.6	135.0	
20.1	22.9	9.4	24.0	19.1	22.9	14.0	30.8	
23.5	31.5	19.4	26.5	30.0	19.1	21.6	27.2	
38.1	48.8	32.9	64.9	26.0	47.8	30.7	56.7	
43.8	24.2	44.2	35.5	28.0	38.0	30.8	36.6	
25.7	14.8	27.4	21.3	36.9	27.6	9.5	23.5	
30.0	51.0	31.2	34.7	64.1	28.2	46.0	48.5	
21.6	41.8	32.5	12.3	24.1	18.4	47.4	29.1	
39.6	50.4	48.9	74.6	44.5	33.8	43.7	37.4	
53.0	53.4	49.6	37.7	46.3	45.1	25.4	40.3	
3.3	13.1	11.6	11.7	11.9	12.6	9.4	9.4	
49.3	45.1	25.6	47.3	54.2	47.8	64.8	33.1	
24.7	43.6	26.7	32.2	32.9	28.2	39.3	34.1	
38.4	33.9	38.6	58.6	46.7	40.5	52.1	58.6	
112.1	54.2	20.2	43.7	32.3	81.0	77.0	54.8	
43.8	44.7	38.6	36.9	48.2	27.5	19.8	42.8	
48.0	43.0	36.0	45.8	27.3	27.9	44.3	21.9	
25.7	27.1	27.1	21.3	24.1	26.5	22.0	16.4	
42.8	78.2	48.5	39.0	62.1	49.0	64.3	38.5	
20.4	26.9	29.0	26.7	22.1	23.6	19.3	25.3	
34.5	28.8	27.7	25.7	37.8	39.1	34.0	31.5	
47.1	49.8	56.2	50.3	24.5	42.8	43.9	46.8	
42.5	38.5	49.8	32.0	47.9	47.8	71.4	51.7	
44.8	30.2	52.5	37.4	43.5	31.5	48.1	42.4	
14.1	25.1	30.6	27.7	10.6	24.1	26.4	20.4	
38.4	44.2	38.1	29.9	24.9	40.6	54.9	44.8	
40.8	25.5	27.2	49.9	41.1	31.6	23.8	33.7	
20.6	45.3	29.4	47.1	35.8	28.4	30.3	36.0	
38.4	26.9	16.5	18.0	32.4	32.2	44.0	18.9	
14.9	26.0	19.9	16.3	19.3	19.9	26.5	21.7	
24.1	37.4	22.3	29.7	19.4	30.0	20.4	28.2	
31.0	27.6	30.8	23.0	33.9	39.5	30.8	37.5	
56.2	61.2	56.7	34.6	51.8	31.3	44.7	65.2	
24.8	53.7	35.4	65.8	40.8	78.2	49.2	55.6	
33.1	27.8	34.0	28.2	19.2	36.1	30.8	31.1	
23.4	19.8	31.6	18.7	20.7	31.7	26.3	35.7	
51.8	38.0	18.1	42.5	36.0	31.0	63.5	66.6	
20.1	16.5	25.3	14.5	25.6	20.4	36.6	28.9	
25.8	32.7	17.2	27.1	20.7	22.9	29.0	29.6	
30.4	33.3	54.4	38.0	36.4	17.4	35.9	43.1	
17.0	17.2	25.1	16.9	9.6	19.1	38.8	39.5	
39.9	36.4	42.4	30.9	32.0	70.6	49.2	19.5	
29.7	22.2	56.3	42.3	33.1	34.6	19.8	23.5	
26.7	10.6	14.1	20.9	24.8	24.3	18.1	16.8	
32.8	20.1	44.0	9.5	30.5	26.6	20.6	22.5	
31.9	49.0	19.9	30.9	18.4	25.4	22.1	23.4	
33.7	61.5	44.2	59.5	21.0	25.5	43.1	65.4	
