28.3	23.3	14.2	22.7	20.8	23.5	12.7	24.8	
56.4	29.6	25.8	41.7	22.6	29.5	37.3	33.8	
24.5	44.6	22.6	27.0	40.2	17.9	21.2	27.7	
32.8	47.8	56.4	47.0	41.3	30.0	24.6	32.4	
11.2	12.0	9.2	11.0	11.0	10.5	6.3	12.6	
26.7	27.1	29.3	26.5	34.0	42.5	27.3	24.1	
30.0	27.7	24.4	20.2	42.9	31.1	36.7	29.6	
30.7	41.3	31.4	16.0	22.0	30.0	20.3	34.5	
47.4	44.8	33.5	26.1	37.2	41.4	15.9	28.1	
44.4	38.0	15.8	34.6	32.6	35.2	19.2	32.7	
33.9	25.8	31.3	24.8	32.8	42.8	16.9	53.5	
51.7	48.5	65.3	46.8	34.3	39.0	78.4	47.2	
33.6	38.8	29.2	30.0	30.6	50.7	35.1	65.1	
42.9	45.6	28.7	48.5	51.1	45.0	51.9	25.7	
33.0	18.9	29.9	27.7	40.7	14.5	30.8	32.0	
33.0	15.6	17.4	19.1	31.1	42.0	11.4	30.8	
28.5	33.6	24.2	34.8	45.1	27.1	33.1	37.4	
20.0	20.3	28.1	23.3	22.5	21.4	29.5	32.1	
30.5	26.6	30.3	31.2	29.6	24.3	21.0	18.8	
34.5	23.8	34.7	50.2	49.4	40.8	37.8	43.4	
28.5	23.5	24.1	22.8	19.7	30.2	20.5	18.6	
31.9	30.0	24.7	22.2	29.4	21.9	25.6	31.9	
21.0	35.3	46.2	24.1	38.1	15.7	24.4	30.4	
20.3	31.8	29.2	44.8	17.9	29.8	56.8	28.6	
28.6	52.9	41.9	30.5	57.7	28.0	21.8	27.0	
52.4	64.9	102.6	71.3	51.1	66.8	61.8	59.2	
32.9	31.5	31.1	42.3	29.6	32.5	26.0	45.9	
29.6	18.9	28.3	33.4	32.0	29.7	23.9	21.0	
21.7	22.2	24.5	17.5	18.8	25.9	20.8	43.0	
51.9	20.7	47.3	42.3	51.6	55.1	22.0	53.6	
68.2	46.9	62.7	46.5	66.3	44.5	48.0	52.8	
19.0	12.1	20.5	23.0	23.1	14.5	17.3	27.1	
40.1	30.9	28.7	46.6	37.8	22.7	24.1	43.9	
25.0	26.9	40.9	36.5	34.1	29.7	21.9	23.6	
33.7	33.3	46.2	40.8	30.8	39.8	38.1	51.5	
20.6	24.3	28.5	24.1	31.4	25.2	33.8	15.5	
29.0	34.7	25.0	32.1	38.3	41.3	32.3	13.1	
11.9	27.9	30.4	43.1	23.2	29.5	33.1	31.0	
44.0	53.5	30.1	53.4	50.1	64.2	41.0	53.6	
31.0	28.8	21.7	53.9	29.8	44.8	26.6	26.1	
38.6	72.4	55.0	54.5	38.0	55.2	37.8	43.3	
38.1	49.1	28.0	42.0	57.8	33.4	41.4	53.7	
32.1	57.9	19.2	37.6	67.8	27.5	34.9	41.0	
37.4	38.2	30.7	28.7	36.1	37.6	34.9	50.2	
18.7	32.6	36.4	30.0	25.1	30.9	24.1	37.2	
36.7	24.9	16.8	52.9	17.9	38.0	29.9	26.2	
50.8	49.1	32.1	23.9	32.8	30.3	77.7	51.2	
32.8	53.5	38.7	29.6	40.5	28.4	15.7	31.9	
42.3	27.8	46.0	54.6	54.9	38.5	62.9	27.1	
42.4	46.5	22.8	38.8	29.2	28.4	18.2	40.5	
45.3	35.7	51.2	25.7	25.8	33.4	44.5	22.1	
39.5	42.0	31.2	46.0	31.4	25.6	57.6	58.8	
24.4	18.8	19.5	21.0	20.7	15.7	28.3	25.1	
16.3	23.7	24.1	23.4	17.9	23.5	22.8	24.0	
55.3	57.5	52.1	30.5	24.0	47.2	38.1	56.6	
35.8	14.0	32.1	25.8	32.3	14.3	26.1	30.2	
77.5	20.0	52.2	37.9	41.3	52.7	59.2	40.2	
22.8	24.1	38.3	23.1	27.9	32.6	28.4	40.2	
17.4	36.9	42.4	26.9	37.1	34.9	43.3	34.2	
46.3	26.2	42.5	24.8	24.1	29.4	28.0	32.4	
36.1	42.8	54.0	30.0	57.4	34.6	47.3	77.6	
80.8	33.0	66.6	42.4	40.6	45.5	42.9	52.4	
31.8	36.1	31.6	62.1	43.9	58.6	24.0	33.0	
38.2	35.4	26.2	46.0	18.6	23.0	27.5	21.7	
57.0	39.9	45.8	40.8	30.2	69.8	65.3	55.1	
29.7	55.7	27.4	36.7	22.6	37.1	27.3	35.4	
49.8	20.7	38.8	25.2	53.5	36.1	31.2	29.5	
45.8	29.1	51.3	45.9	54.5	40.6	16.0	39.1	
43.7	24.0	45.5	44.6	47.8	43.8	29.1	49.3	
38.8	17.9	23.9	44.7	15.6	26.5	20.9	23.9	
37.3	33.4	47.0	32.3	47.0	40.7	32.8	58.2	
42.4	33.9	31.1	48.2	30.4	35.5	47.6	38.5	
39.4	23.9	39.2	44.4	28.3	15.4	19.1	25.0	
32.5	25.2	33.8	22.5	31.7	34.6	28.4	29.6	
33.1	51.8	42.0	30.1	22.2	34.5	50.5	53.3	
15.4	15.0	10.7	19.0	8.8	11.2	23.2	27.0	
27.1	15.5	27.5	24.0	29.1	21.2	18.0	27.7	
37.9	47.5	36.8	47.6	41.9	91.4	47.6	41.5	
64.6	44.5	47.3	48.8	57.2	45.0	81.0	49.9	
24.2	20.2	24.3	29.2	35.4	23.4	27.2	38.5	
30.2	39.7	40.6	48.5	44.5	44.8	30.7	37.6	
47.0	37.0	36.3	48.8	24.6	41.9	29.2	41.4	
28.8	49.8	33.9	28.8	43.0	27.1	40.6	35.1	
21.7	39.2	49.1	53.8	40.7	38.8	39.6	58.7	
47.3	38.9	36.1	35.1	10.6	32.0	32.0	24.6	
50.7	38.4	42.9	50.1	41.4	47.9	44.0	47.7	
53.2	27.7	28.0	37.2	41.2	37.7	50.8	61.9	
61.4	30.6	37.4	31.6	40.9	50.8	35.0	39.0	
45.9	43.3	61.5	47.3	28.7	45.6	38.4	45.4	
58.5	44.7	42.7	47.3	24.6	23.4	31.0	34.8	
46.0	39.3	48.1	44.8	59.1	34.5	47.9	28.9	
25.8	16.8	11.9	22.9	22.9	25.0	18.6	16.5	
48.7	22.2	34.4	47.3	35.9	41.4	47.4	22.6	
37.9	40.3	26.8	33.2	36.8	20.0	30.0	38.8	
89.9	53.1	70.2	44.5	66.3	55.7	54.5	56.6	
32.4	30.8	22.0	18.1	22.4	21.4	31.5	26.3	
27.4	40.2	22.2	28.9	34.7	17.1	29.6	29.0	
47.4	47.6	54.7	47.8	68.8	21.6	34.3	66.6	
56.2	44.1	27.1	38.5	37.8	25.3	46.8	30.4	
53.2	30.2	19.0	23.8	39.0	18.8	32.9	36.6	
51.4	50.2	51.2	59.1	63.1	66.7	42.9	78.0	
37.7	52.6	38.9	40.9	30.2	43.5	64.3	39.9	
30.8	43.4	31.8	28.3	24.5	31.8	25.5	43.7	
50.0	33.7	31.8	48.2	48.4	73.6	67.4	32.1	
24.3	49.6	34.9	34.9	35.0	46.8	45.1	17.9	
16.3	36.3	34.5	23.7	24.0	30.0	24.2	16.5	
55.9	28.8	50.0	29.2	29.7	38.8	22.4	55.5	
19.4	35.2	38.4	28.4	40.2	30.6	33.4	34.3	
39.8	36.2	20.0	26.0	30.3	29.2	26.9	47.6	
32.1	17.3	24.5	26.0	20.3	31.1	32.7	25.2	
31.7	25.1	21.2	23.6	35.1	20.3	24.9	17.4	
51.4	26.8	37.3	47.2	31.7	22.9	16.0	41.8	
58.1	41.7	32.7	43.5	26.0	58.0	42.5	56.0	
70.4	70.1	62.5	67.7	79.4	81.6	77.3	46.7	
24.4	38.8	66.3	43.3	25.6	18.4	35.4	45.8	
24.7	74.1	46.3	27.1	42.8	39.5	50.0	59.5	
33.1	37.1	43.8	42.7	31.2	32.6	50.5	28.3	
25.8	23.6	43.7	35.8	45.2	34.0	46.6	27.2	
60.6	89.2	60.8	87.7	52.8	58.9	67.7	65.6	
19.9	31.7	22.8	22.1	24.1	20.4	19.1	23.8	
36.5	40.4	32.0	32.6	28.6	40.9	34.6	34.6	
39.2	49.8	38.2	40.9	42.8	46.3	41.3	42.5	
31.4	23.0	70.4	46.0	40.1	36.1	32.6	51.9	
31.7	34.9	46.7	29.7	29.6	34.9	35.5	57.3	
61.5	33.5	38.1	78.2	46.1	57.1	39.6	52.2	
30.8	31.3	26.9	31.0	23.5	38.5	55.5	40.4	
21.5	25.1	35.5	25.4	9.1	25.0	38.1	32.9	
15.0	32.9	16.0	25.3	37.8	37.4	27.7	36.9	
25.1	15.6	25.0	23.7	42.4	27.1	16.3	16.2	
60.0	45.2	55.4	77.3	50.6	42.4	45.8	34.8	
30.4	51.4	43.5	17.7	29.7	24.9	39.0	32.6	
31.3	35.0	33.1	67.7	46.1	45.2	30.2	55.9	
16.4	21.5	57.4	23.5	38.0	23.1	15.8	19.2	
35.4	21.5	48.5	39.6	25.5	33.0	30.9	42.6	
31.9	24.0	25.0	40.3	34.3	34.5	41.3	28.1	
36.0	19.9	22.6	38.6	31.3	37.2	27.1	31.0	
23.3	23.8	44.1	22.3	29.6	17.6	16.8	45.8	
45.9	53.4	56.2	47.2	40.8	42.2	44.8	21.2	
53.1	64.1	76.1	36.6	34.0	45.8	61.4	21.3	
38.7	21.4	59.7	46.6	31.0	59.9	39.3	19.5	
30.1	29.0	34.2	28.1	35.5	34.9	36.2	35.2	
46.1	40.1	24.1	33.2	33.7	56.8	29.0	27.8	
26.8	24.4	43.7	35.2	25.5	34.9	19.6	45.6	
57.5	45.8	36.8	40.1	60.6	47.1	40.3	35.4	
19.2	31.7	18.9	19.9	24.8	28.0	18.8	35.8	
46.4	32.0	28.8	55.3	28.0	26.6	29.3	36.0	
21.4	26.6	26.9	25.7	28.9	33.0	34.0	19.2	
32.1	28.1	37.5	28.9	24.6	31.8	32.6	18.2	
52.5	39.9	44.0	30.0	31.7	49.1	37.5	40.3	
28.3	30.8	25.9	30.8	24.8	32.7	31.3	31.6	
49.5	40.9	70.8	60.1	37.9	35.1	48.0	44.8	
53.9	67.2	38.7	48.5	46.2	45.6	25.8	28.8	
66.5	40.1	37.0	71.8	40.8	59.8	36.3	64.4	
16.3	11.3	22.2	30.0	16.6	16.8	26.1	21.1	
43.7	31.2	39.1	24.1	51.9	44.8	36.4	27.7	
23.9	27.5	23.0	32.1	26.8	36.4	35.1	40.8	
20.2	15.3	28.0	23.9	25.7	20.4	26.2	24.7	
27.1	9.3	22.3	36.8	21.8	28.4	18.6	26.0	
109.5	108.0	62.6	52.4	68.2	90.9	51.3	64.8	
42.0	17.0	39.1	35.3	43.1	16.0	26.9	35.0	
20.5	19.1	31.6	15.9	27.5	33.0	26.5	32.0	
40.2	35.5	47.0	26.9	34.8	33.2	41.2	41.3	
24.3	28.1	26.2	21.6	22.4	19.3	25.2	52.2	
28.4	33.7	24.0	25.1	44.9	42.8	35.5	31.0	
56.9	50.1	82.6	51.9	56.9	57.7	63.9	55.8	
28.6	36.6	31.0	47.8	53.5	39.2	16.1	31.6	
33.2	38.1	41.7	45.9	46.0	30.0	52.8	34.0	
25.0	42.4	41.6	40.4	20.6	32.8	44.7	32.6	
59.5	74.2	96.1	29.8	64.4	36.6	35.4	37.5	
14.8	16.2	31.3	25.9	13.7	26.7	24.7	16.0	
44.5	41.0	45.4	32.0	38.3	47.6	59.7	45.0	
35.1	38.1	52.9	32.7	52.8	47.3	47.8	50.5	
46.1	49.0	35.0	51.7	32.3	50.1	39.0	30.8	
34.2	43.0	44.7	25.1	27.1	32.9	46.4	24.6	
43.8	25.9	39.9	46.1	26.6	30.4	50.2	40.0	
59.5	55.8	52.1	60.4	47.8	64.4	38.4	24.0	
14.2	23.2	12.2	16.3	12.1	12.7	20.8	13.1	
33.4	26.0	41.6	24.6	35.0	47.5	37.0	29.9	
40.5	37.2	43.3	25.0	36.6	47.1	35.8	32.7	
29.8	51.9	36.8	49.4	89.8	66.6	68.1	47.2	
18.1	14.9	22.3	26.7	23.4	25.5	19.2	17.2	
34.8	47.0	29.9	44.8	26.8	32.7	33.2	37.4	
67.0	35.6	38.0	101.6	53.9	74.4	61.8	46.4	
19.5	29.6	18.0	16.7	16.3	34.9	14.0	21.3	
28.0	40.8	36.4	35.9	36.1	39.1	38.3	20.8	
47.9	19.8	29.9	34.6	48.9	30.6	37.4	23.6	
33.2	30.7	45.5	33.7	45.9	19.2	55.6	41.4	
35.7	31.7	22.1	23.1	25.0	29.0	45.1	35.0	
33.6	31.9	31.4	16.8	20.4	30.6	24.5	27.9	
59.9	33.2	34.0	73.5	63.9	71.1	49.3	50.3	
71.4	80.7	54.1	38.5	44.3	73.5	51.1	67.7	
41.7	24.6	65.2	78.1	57.8	57.7	51.1	50.3	
43.7	26.1	27.5	29.9	32.7	37.3	26.4	30.0	
46.7	44.4	34.0	35.7	29.8	32.3	48.2	31.2	
46.3	30.3	18.1	19.9	14.4	39.5	46.6	36.0	
13.1	22.4	23.3	19.8	27.0	26.2	21.9	10.4	
33.6	43.4	42.4	34.2	21.0	28.5	22.6	47.9	
19.2	21.9	16.8	23.5	15.8	24.8	24.7	24.0	
29.8	41.4	39.1	34.9	21.1	43.0	28.6	42.4	
34.1	38.3	58.8	53.5	47.8	36.0	49.0	55.5	
13.2	22.0	16.3	34.8	22.7	24.7	22.1	23.4	
19.2	37.2	51.3	21.5	33.0	25.2	22.8	26.2	
18.8	11.7	19.1	11.4	15.9	18.4	8.9	18.8	
21.4	39.0	42.2	52.2	31.1	27.6	39.8	30.0	
22.4	26.2	30.3	31.5	28.3	26.2	24.2	14.5	
57.9	37.5	60.2	59.0	37.1	55.3	29.9	54.0	
48.1	43.9	39.3	19.7	58.1	25.8	34.5	37.4	
76.3	32.7	40.5	27.7	38.1	34.1	28.1	39.5	
22.6	41.1	25.5	27.4	25.6	21.7	15.2	37.9	
36.2	47.6	49.0	71.6	77.5	84.6	56.0	37.4	
25.7	22.0	19.9	23.5	17.9	19.9	19.1	14.8	
37.6	22.7	12.2	29.7	28.3	37.6	26.1	34.9	
42.3	72.7	57.7	61.6	37.0	56.8	59.0	58.4	
17.7	16.0	28.0	24.0	26.7	23.5	34.8	15.3	
39.9	41.8	58.9	59.9	40.1	30.8	17.6	32.1	
28.8	26.4	34.6	22.9	25.4	37.2	18.7	31.8	
29.2	51.0	28.9	41.0	38.3	26.0	33.9	37.0	
32.7	26.8	30.3	32.6	27.4	24.5	16.7	30.2	
34.8	32.6	33.4	21.6	39.1	46.7	28.9	28.6	
29.6	35.1	54.0	44.9	25.3	27.4	42.5	28.8	
51.9	31.8	41.5	45.6	50.6	70.5	49.3	25.9	
49.1	26.5	40.5	26.0	29.2	36.0	38.5	23.2	
42.2	53.0	35.2	27.8	17.3	29.1	41.6	37.5	
46.1	47.4	49.9	54.3	48.5	35.4	35.1	40.7	
41.6	31.9	35.0	45.1	26.1	37.5	27.6	22.9	
25.1	15.1	23.3	19.8	21.5	25.4	27.6	27.4	
37.7	21.5	28.5	41.7	20.1	29.8	48.2	40.7	
29.7	33.6	43.0	49.4	25.6	52.7	39.8	64.7	
15.9	17.5	15.8	32.6	13.2	14.3	15.9	19.5	
17.9	14.9	12.2	16.9	18.2	20.6	21.3	16.3	
25.0	35.8	37.1	37.8	29.7	31.1	28.1	49.6	
30.9	39.8	31.6	51.3	39.3	33.6	68.5	36.0	
11.2	45.7	36.5	23.4	36.1	27.9	25.1	41.1	
37.8	26.1	30.3	32.2	36.0	21.8	40.4	31.7	
26.1	28.0	29.8	36.3	26.3	44.7	35.9	19.3	
66.6	66.4	76.8	48.7	69.8	25.4	81.5	42.4	
40.6	22.8	35.0	52.7	20.4	29.4	57.7	27.7	
35.7	39.2	24.0	49.4	45.2	29.2	36.5	41.9	
45.9	35.9	31.7	22.0	29.2	39.3	37.3	27.6	
19.5	19.6	34.3	22.3	26.6	17.3	24.8	36.0	
39.2	18.8	27.8	20.3	26.2	21.9	35.0	17.6	
39.7	30.7	46.2	33.3	21.1	26.2	33.8	51.7	
56.9	32.4	61.2	40.8	51.6	18.5	41.5	39.7	
34.7	43.1	36.3	29.5	37.9	33.3	52.4	48.1	
26.3	24.0	21.4	28.7	22.3	38.2	42.8	56.4	
32.9	27.1	30.6	28.7	36.4	37.0	30.8	21.0	
35.1	47.1	34.5	31.3	26.3	40.0	34.8	52.8	
26.8	20.7	39.0	28.7	35.6	26.3	20.8	15.3	
37.4	19.9	40.0	31.8	25.1	33.9	25.1	21.5	
24.6	47.0	28.4	13.6	20.4	14.8	27.4	37.5	
22.6	19.7	19.9	20.4	21.3	16.3	21.2	27.4	
20.3	42.8	22.8	29.7	42.2	41.0	21.0	19.0	
13.7	34.1	45.3	23.7	23.2	21.1	32.0	22.6	
17.8	30.9	26.2	27.3	26.6	17.5	16.3	27.5	
18.0	25.8	17.0	22.8	22.9	20.7	24.3	21.0	
61.2	31.9	51.4	41.7	41.4	38.1	49.4	36.0	
23.8	18.2	21.3	19.9	17.1	17.3	16.2	11.6	
43.7	59.9	47.7	49.8	47.5	55.1	62.2	62.8	
26.5	21.5	17.0	20.8	20.3	35.6	30.0	16.2	
37.7	50.5	68.5	17.4	31.9	36.7	45.7	52.4	
46.3	26.1	38.0	51.8	24.6	46.5	41.5	22.3	
22.2	21.5	11.8	29.5	28.6	42.3	34.0	24.7	
23.7	57.4	48.4	53.6	58.4	60.3	73.5	35.8	
76.2	35.9	35.5	37.0	41.6	52.0	43.0	66.8	
79.3	45.1	54.9	30.6	51.2	79.5	61.7	47.3	
24.7	30.0	57.9	31.7	52.9	28.1	23.1	48.5	
29.5	21.4	25.7	23.5	26.5	15.6	13.9	29.9	
30.3	37.0	31.1	33.0	48.5	52.1	39.0	20.3	
31.7	66.0	37.2	36.7	47.5	33.6	64.4	29.8	
26.2	24.3	28.6	43.0	26.0	43.9	37.6	32.9	
70.0	43.8	38.7	31.1	40.0	49.8	48.1	45.0	
42.2	31.2	25.8	28.4	36.4	35.4	31.3	28.2	
67.2	34.3	44.4	47.8	101.1	21.9	47.0	47.8	
47.1	24.6	38.9	25.5	46.0	30.7	51.4	38.2	
63.8	57.3	47.2	58.4	55.3	25.8	47.0	67.3	
25.2	21.2	25.3	36.0	32.1	41.5	24.9	38.3	
31.5	51.8	37.6	46.4	37.2	24.3	61.2	28.8	
30.2	30.1	21.7	25.4	17.7	25.6	17.7	25.2	
20.1	21.9	27.9	27.7	21.8	21.1	33.4	36.8	
21.2	12.1	12.6	24.1	18.6	20.7	29.4	28.3	
27.6	25.0	30.2	31.6	20.0	45.2	30.5	24.8	
22.1	35.3	34.6	47.7	24.3	28.2	39.8	33.0	
24.2	30.5	15.4	27.3	30.2	46.9	25.0	24.4	
30.0	42.2	22.4	32.0	26.5	23.4	24.7	16.1	
28.4	20.3	33.3	36.7	24.9	28.3	21.3	39.4	
23.9	71.8	64.7	83.5	78.6	51.2	86.4	60.8	
14.1	26.3	15.3	18.7	23.6	21.4	12.5	20.0	
23.8	41.5	33.2	39.6	39.4	65.3	29.4	39.6	
50.7	35.4	61.7	72.2	102.5	58.0	61.8	37.6	
58.7	32.5	29.1	42.9	23.4	38.3	34.5	55.7	
11.6	32.1	21.7	23.5	25.6	21.7	13.4	21.2	
47.1	90.9	44.9	48.5	53.6	74.4	80.3	59.9	
19.3	42.1	26.7	47.5	25.9	50.2	46.2	34.7	
41.8	37.1	22.5	37.3	44.7	28.0	30.3	43.2	
39.2	39.3	46.8	64.7	44.7	58.6	49.7	32.3	
14.2	32.6	21.5	27.2	16.4	31.7	19.4	25.5	
70.7	58.4	44.5	57.3	30.0	54.1	55.1	74.6	
11.7	17.6	16.7	17.3	14.2	13.7	22.1	19.8	
59.4	67.4	42.8	53.7	26.5	49.6	105.0	72.8	
29.6	21.2	25.8	25.9	14.0	11.9	26.4	20.5	
22.0	23.4	28.4	55.9	49.2	38.7	24.7	48.4	
50.1	37.0	36.0	36.1	28.9	29.8	33.0	50.4	
27.5	41.0	18.8	39.7	55.1	35.3	26.0	37.6	
58.0	97.4	55.1	63.2	65.8	78.1	55.0	48.7	
43.2	22.0	15.1	21.1	26.5	24.4	30.2	27.5	
26.9	25.1	14.6	24.4	20.2	22.6	38.8	18.9	
33.1	22.0	28.3	34.8	19.7	12.3	21.3	21.5	
23.8	15.3	12.9	15.5	13.1	13.3	13.1	13.5	
34.4	44.7	31.4	32.0	39.7	38.2	14.5	28.9	
46.4	43.7	26.6	44.5	25.3	34.1	20.7	26.8	
26.2	30.4	21.4	28.9	37.5	33.1	32.2	38.6	
44.6	22.5	18.5	23.5	15.8	26.5	26.3	18.4	
31.7	28.3	18.0	26.2	42.9	35.5	35.2	34.0	
40.6	21.4	15.5	28.6	31.3	26.1	63.0	29.9	
70.8	44.2	64.2	64.9	52.8	67.2	76.7	25.6	
40.8	30.0	22.9	22.4	73.8	40.6	41.4	32.3	
28.4	21.6	15.2	19.4	17.2	14.7	18.2	27.4	
24.8	11.9	31.8	39.7	42.7	33.4	33.7	21.6	
36.5	34.1	23.7	26.6	31.9	54.0	35.7	28.8	
20.1	27.6	24.2	34.9	45.1	36.0	31.2	18.3	
10.2	12.9	18.2	33.7	23.3	20.6	34.1	17.2	
30.9	38.8	27.7	42.8	36.5	28.1	56.3	28.1	
35.8	39.3	24.9	62.2	24.1	35.1	64.1	30.8	
53.1	31.4	44.9	67.0	45.0	48.6	67.2	46.4	
30.0	41.0	39.3	41.7	19.5	22.9	45.3	34.0	
32.7	44.7	26.2	36.7	44.5	18.8	49.3	40.1	
28.4	24.4	40.2	60.3	53.7	86.7	45.5	35.7	
15.9	39.4	19.9	33.2	34.2	31.1	30.1	48.3	
39.3	27.7	46.5	60.9	45.8	30.1	34.4	44.2	
57.2	14.3	12.5	16.0	18.5	26.9	24.7	24.2	
29.0	39.2	29.4	32.4	48.8	24.0	51.4	35.8	
24.0	17.1	16.4	16.9	32.8	30.3	25.0	20.8	
26.9	22.7	22.0	39.4	37.4	25.7	28.3	32.5	
40.3	21.7	38.7	63.2	22.5	41.2	39.8	30.2	
24.6	25.3	14.6	41.0	21.2	30.1	27.4	48.8	
22.8	20.8	20.8	25.7	15.3	20.9	30.0	20.2	
22.6	34.6	46.3	60.4	22.2	32.9	22.4	42.7	
24.8	18.9	19.3	30.4	26.0	19.3	18.9	28.9	
17.7	14.3	19.0	26.0	27.3	13.4	13.2	22.6	
47.7	34.7	42.9	45.6	30.1	38.8	37.4	48.1	
27.5	49.0	47.2	51.7	24.9	29.9	26.8	35.3	
39.2	48.4	23.4	41.4	46.5	33.8	66.5	32.2	
74.1	68.6	64.9	68.8	106.1	55.4	63.6	69.7	
16.6	32.8	34.8	37.2	52.8	30.5	47.4	38.8	
40.7	54.8	44.3	65.0	33.9	57.1	61.0	34.8	
14.8	16.0	23.8	32.4	28.8	21.1	30.3	14.8	
45.7	30.6	51.9	53.2	53.7	31.9	38.1	19.0	
35.7	29.8	32.3	37.4	23.6	40.4	29.7	45.0	
30.4	22.0	23.9	43.8	27.1	21.7	39.3	25.7	
40.3	33.8	33.9	55.7	26.3	34.5	35.4	29.5	
31.6	20.3	24.3	38.9	24.5	38.0	36.4	24.3	
14.3	17.9	12.2	20.9	22.6	37.8	23.1	21.5	
45.3	52.1	38.4	46.4	42.2	43.3	46.3	30.1	
43.6	58.3	48.2	60.5	69.8	39.8	68.5	61.9	
27.9	38.3	26.2	35.5	34.3	41.9	23.5	38.2	
16.9	31.5	20.4	33.8	24.7	41.7	18.2	30.2	
44.3	63.5	50.8	90.6	69.2	29.8	55.3	94.0	
18.4	11.8	8.7	16.4	21.8	21.5	26.6	24.6	
30.1	23.5	33.3	40.2	44.0	27.9	37.2	33.6	
36.4	32.7	25.0	29.9	21.5	29.4	31.8	44.1	
17.5	24.4	25.6	24.8	42.5	36.0	25.6	22.7	
37.0	41.2	46.0	70.3	33.0	61.7	38.2	31.3	
42.6	43.2	34.1	41.3	20.6	13.6	38.8	37.8	
45.3	31.2	30.0	46.0	36.4	32.2	27.8	36.1	
14.7	21.1	14.3	18.5	12.8	26.4	19.7	13.3	
33.3	21.2	51.6	55.2	30.3	38.5	36.0	27.2	
69.3	43.3	33.7	45.7	27.7	36.2	44.7	59.7	
65.7	47.8	27.8	56.1	66.3	57.3	70.6	102.6	
21.3	46.6	22.0	21.2	27.4	35.5	28.1	19.7	
31.9	35.4	46.9	49.5	32.6	62.4	51.3	44.3	
16.8	28.3	19.8	19.9	24.4	24.9	18.2	30.0	
102.7	55.3	25.7	41.1	38.2	53.8	33.7	81.4	
27.0	46.1	19.5	36.2	16.9	23.2	24.2	25.4	
54.7	33.1	24.4	46.7	37.1	39.5	30.5	47.0	
30.6	24.7	16.2	37.2	27.3	23.1	20.0	29.3	
55.9	27.3	27.4	54.8	37.9	47.9	33.4	40.9	
16.1	17.9	17.0	27.9	22.4	24.3	28.0	34.5	
55.1	40.3	33.0	44.8	35.5	41.0	29.9	53.3	
25.1	27.2	26.6	26.9	21.7	22.7	25.3	35.5	
57.2	34.5	26.1	77.3	66.8	54.6	40.7	46.3	
49.8	51.1	32.3	34.5	25.7	37.1	28.2	39.2	
62.9	51.7	41.4	57.7	62.0	33.3	48.8	33.3	
58.1	60.8	32.3	64.5	92.8	81.9	60.5	56.5	
43.1	13.7	12.1	40.0	31.8	24.6	23.4	34.8	
97.2	62.1	63.7	110.5	91.7	67.9	67.2	74.0	
37.6	26.9	14.4	21.3	21.3	28.1	35.2	23.1	
29.3	29.5	41.9	46.1	15.7	36.9	49.1	34.0	
33.1	28.6	36.7	37.8	28.9	39.2	35.1	47.3	
57.6	32.0	38.0	38.7	43.9	47.7	37.3	41.7	
74.3	45.8	47.6	53.6	45.0	73.3	51.9	44.6	
27.7	7.5	18.9	28.3	25.8	17.3	19.0	21.1	
15.3	31.1	23.8	24.2	21.7	16.8	24.5	26.2	
62.1	43.8	40.6	52.1	54.2	46.1	60.8	61.3	
30.7	24.5	19.1	20.3	13.0	20.7	11.9	14.1	
61.3	58.1	47.2	56.2	52.7	67.1	74.2	41.9	
33.3	40.5	21.5	28.3	36.7	32.1	32.8	38.6	
15.9	18.8	12.2	27.3	24.4	13.1	15.6	11.8	
37.3	35.2	28.8	41.4	34.4	33.8	32.0	37.4	
98.6	66.9	57.4	92.3	45.1	41.1	110.1	64.4	
40.0	34.7	44.8	54.4	29.1	35.7	42.9	84.2	
18.2	25.2	20.6	23.5	23.3	24.4	20.2	20.3	
19.4	13.8	14.2	14.2	14.7	9.6	14.1	14.9	
40.9	42.9	34.8	52.2	30.2	29.5	28.8	39.5	
30.8	34.2	31.9	31.0	15.2	42.1	33.4	26.9	
61.0	51.4	33.6	70.9	23.5	47.1	34.9	47.2	
25.6	17.0	28.5	29.6	20.6	13.3	24.5	13.9	
35.3	24.6	19.5	30.3	31.2	15.4	47.8	28.7	
15.1	23.2	15.7	26.8	22.3	13.7	13.3	20.9	
85.7	81.0	38.9	58.7	29.3	69.1	86.9	52.7	
65.5	35.8	42.3	47.9	30.4	47.8	47.7	41.4	
57.7	55.9	36.3	63.6	53.9	58.4	40.7	38.9	
78.1	82.8	35.2	58.0	57.4	91.1	61.6	62.8	
17.9	23.6	19.3	25.6	20.6	19.0	22.8	13.7	
33.4	20.2	18.4	27.6	28.1	32.6	15.9	26.0	
29.4	29.9	17.6	24.3	39.7	36.2	27.0	29.7	
23.9	19.8	19.1	24.4	18.9	37.1	13.0	12.1	
28.7	16.1	19.8	19.9	26.5	33.6	26.4	36.7	
34.0	51.7	43.0	49.6	32.0	30.9	49.0	42.5	
20.2	17.9	16.0	23.0	23.0	34.5	21.7	39.0	
61.3	38.8	32.6	39.6	42.0	31.1	49.3	38.5	
28.4	39.9	39.6	41.1	61.2	43.6	50.0	58.0	
25.6	25.2	19.2	24.2	15.3	30.8	23.8	36.7	
57.8	36.2	39.5	64.7	56.3	46.3	76.4	46.7	
28.2	15.8	11.8	27.3	28.9	25.4	38.8	26.4	
37.6	47.9	16.2	27.6	23.3	49.9	39.7	38.9	
43.9	40.1	34.2	43.1	36.9	27.1	40.9	39.0	
20.8	37.2	25.3	43.0	36.5	28.1	41.8	20.7	
23.3	28.0	40.4	72.7	21.9	37.2	33.3	34.0	
47.6	48.5	16.5	42.0	53.0	39.6	24.5	34.5	
25.0	25.8	62.1	72.7	58.6	50.7	37.9	42.5	
53.7	55.8	51.3	53.8	46.3	34.1	31.0	37.2	
23.5	15.9	16.9	25.3	19.5	38.9	37.9	25.5	
15.0	23.6	14.4	23.4	11.0	14.3	17.3	18.1	
13.0	14.6	20.3	19.7	12.5	19.0	17.9	15.4	
51.6	30.2	25.6	40.4	36.5	31.5	38.2	40.0	
32.5	22.2	20.3	40.5	24.6	25.5	18.1	23.1	
19.5	12.5	16.4	29.7	13.0	21.1	18.0	21.8	
14.4	17.5	15.2	19.4	21.7	19.5	13.3	29.8	
7.3	18.0	19.8	22.8	15.2	13.7	17.5	19.9	
23.2	26.8	22.4	27.4	20.5	22.3	23.8	19.8	
54.8	14.3	49.3	60.4	41.4	43.6	40.7	52.0	
19.9	18.2	18.5	20.9	16.0	37.0	32.1	22.9	
49.9	37.0	25.5	29.0	21.5	34.9	36.4	28.1	
30.8	37.3	43.1	48.7	29.3	37.0	38.4	36.2	
28.0	17.8	20.2	33.3	24.2	43.0	35.6	28.1	
47.1	16.1	29.2	33.6	25.5	35.0	21.5	17.7	
21.9	20.2	21.2	27.8	52.3	26.2	32.9	38.9	
46.6	33.5	31.3	44.2	34.9	34.1	34.8	53.2	
30.9	29.3	31.4	33.0	36.8	34.5	39.0	32.6	
24.8	24.9	19.9	33.6	30.4	25.3	16.4	11.3	
40.5	34.7	33.8	42.9	25.9	36.7	42.0	38.8	
28.7	46.7	27.5	40.9	37.1	30.2	38.8	38.9	
25.2	23.8	17.1	30.3	25.4	22.3	17.1	30.1	
44.7	29.6	21.2	36.7	14.7	44.5	26.2	20.3	
36.2	34.1	39.1	45.5	46.1	74.3	19.2	27.1	
10.7	16.0	15.4	21.4	15.5	12.0	15.7	17.9	
36.9	31.2	27.1	34.0	37.5	31.8	47.5	34.9	
58.7	33.7	9.8	39.4	28.9	48.1	31.0	56.0	
35.9	40.4	24.9	36.3	32.9	44.5	10.3	28.3	
14.8	25.2	16.8	21.8	27.0	27.1	26.0	27.3	
22.1	37.8	20.9	25.5	27.3	30.0	31.9	33.2	
25.2	15.0	17.2	27.7	17.4	25.3	22.4	22.2	
52.9	32.8	39.7	41.4	45.3	34.8	23.6	24.9	
52.6	71.5	41.3	46.0	60.5	52.3	35.0	25.4	
59.3	30.4	28.3	44.1	32.3	50.9	47.2	38.6	
29.1	28.2	26.3	35.3	36.5	32.6	40.0	39.4	
32.1	33.2	19.9	27.3	13.8	32.1	26.8	24.4	
38.8	43.3	35.0	54.6	37.8	30.0	44.1	22.8	
27.0	30.3	20.6	30.2	19.6	31.5	24.0	33.2	
45.9	23.7	29.5	35.4	37.7	40.2	23.4	25.8	
34.6	51.5	28.8	44.0	30.9	80.2	26.0	42.9	
41.4	42.1	19.0	23.8	56.4	21.8	32.6	39.6	
45.3	53.0	26.0	28.4	37.9	33.9	34.6	35.0	
32.0	20.5	24.9	34.6	22.7	12.4	39.2	19.4	
39.0	28.5	29.5	51.9	38.4	33.8	38.8	67.5	
24.2	32.0	22.3	28.3	39.9	18.2	45.0	34.2	
25.4	42.1	23.9	23.4	25.2	21.5	18.7	40.3	
35.1	50.2	48.7	60.2	53.7	53.4	52.1	57.1	
58.0	44.3	59.0	76.8	25.0	34.3	30.1	56.1	
23.3	27.0	32.5	44.6	58.8	32.7	27.8	50.3	
69.0	31.5	46.5	51.4	39.4	69.9	36.4	35.0	
33.7	32.7	33.7	46.0	30.0	34.9	27.7	19.4	
46.9	35.8	53.1	55.0	38.1	43.6	81.0	61.7	
50.3	54.8	21.0	28.5	39.2	32.2	40.9	20.3	
41.5	29.2	31.2	36.6	61.6	15.1	45.4	45.7	
28.6	25.6	33.9	38.6	42.9	30.6	22.1	28.2	
30.5	40.8	27.8	47.0	40.6	25.9	44.6	39.3	
43.7	56.6	35.9	42.1	43.4	30.6	37.6	50.5	
18.8	18.7	8.7	16.9	17.7	15.8	16.7	14.4	
26.7	33.6	25.9	35.3	21.9	25.0	41.6	22.1	
21.1	35.9	15.1	27.5	18.7	28.7	23.9	15.6	
46.6	100.4	48.8	55.1	51.5	56.8	64.1	82.8	
33.9	26.1	34.8	35.3	35.1	24.3	27.5	55.8	
29.1	23.8	29.1	30.9	64.8	24.7	55.7	21.9	
37.9	42.6	22.3	41.1	19.7	28.5	48.3	24.8	
36.4	35.6	35.2	85.5	27.4	31.8	28.1	28.2	
15.5	21.7	19.0	26.8	23.0	28.0	23.4	35.9	
33.3	34.6	38.3	48.6	20.2	33.8	26.1	29.2	
16.4	18.6	11.7	17.9	19.0	17.5	16.1	16.5	
32.5	36.4	13.8	27.5	26.5	15.6	21.8	25.4	
43.7	18.3	41.7	49.1	30.9	26.1	37.8	49.5	
35.6	22.4	37.1	45.4	38.9	31.8	31.8	42.5	
23.3	30.0	32.1	39.9	26.5	33.6	59.9	43.1	
21.7	37.8	31.5	34.2	26.2	30.4	29.3	22.7	
46.1	33.7	37.3	46.3	58.5	29.6	41.6	33.8	
27.6	25.6	24.7	33.7	29.7	20.2	11.9	14.3	
24.5	41.6	20.6	27.3	26.3	30.2	18.7	27.5	
26.3	36.2	42.9	46.4	48.0	24.8	25.2	39.4	
48.3	28.8	20.8	26.1	16.4	25.6	32.1	30.3	
16.1	21.6	12.1	25.4	22.0	31.7	12.5	21.2	
53.1	30.0	23.6	27.6	53.3	46.4	35.8	28.6	
19.7	30.6	19.7	18.8	24.3	31.3	34.5	15.7	
21.8	24.2	12.3	37.5	15.6	37.7	35.8	42.2	
19.1	34.5	34.5	36.2	33.2	37.2	22.7	18.8	
36.1	29.3	34.7	39.6	55.3	79.0	30.4	52.2	
42.3	28.0	33.2	44.2	49.6	37.1	35.0	42.5	
16.6	13.2	22.9	32.2	32.5	22.6	16.1	20.2	
38.1	44.3	48.0	52.3	48.6	49.4	42.6	31.1	
37.7	36.2	19.1	26.8	35.6	30.3	59.5	30.4	
47.7	41.4	31.5	35.6	50.6	34.0	38.0	37.7	
31.5	46.4	26.1	38.4	38.6	27.3	36.2	42.8	
19.1	29.8	15.5	22.8	17.4	20.6	29.5	18.1	
24.9	41.8	39.8	56.3	30.8	46.3	39.4	41.4	
31.8	39.8	20.7	33.5	27.2	25.6	32.2	45.8	
27.5	31.0	25.9	36.3	22.6	11.3	18.0	18.7	
49.2	45.0	27.5	36.9	26.2	55.4	37.5	46.0	
54.7	27.5	24.5	50.1	73.0	43.2	28.5	78.6	
34.1	32.7	32.0	46.0	32.5	41.6	23.3	31.7	
37.2	31.0	24.1	30.7	48.4	18.4	28.0	21.4	
30.1	33.0	25.0	45.5	25.9	27.9	35.6	34.4	
26.0	25.1	20.5	38.5	30.2	26.7	23.5	29.3	
36.1	44.2	25.3	46.2	52.3	30.2	37.4	33.0	
44.4	33.9	30.0	56.5	33.7	50.2	47.5	39.2	
37.8	35.8	33.7	55.1	31.1	49.1	38.1	39.4	
12.2	15.5	22.1	28.3	23.6	12.2	18.4	22.9	
24.1	22.5	8.3	13.6	23.2	23.4	9.4	24.9	
25.7	25.4	26.2	38.0	17.9	40.2	16.3	25.4	
26.0	33.3	24.6	46.8	35.9	41.1	37.9	17.4	
112.2	78.0	44.2	118.3	82.5	80.8	81.4	72.3	
31.0	44.8	47.0	54.4	34.1	29.3	38.2	46.0	
50.9	57.3	36.0	39.2	42.0	20.3	35.3	29.1	
75.5	36.3	41.3	44.7	40.7	33.0	37.4	56.0	
33.2	16.6	10.3	20.5	32.6	29.6	34.8	24.6	
14.9	16.0	21.0	21.5	21.0	17.8	23.2	28.7	
30.0	29.4	21.8	27.1	16.1	23.4	18.2	22.1	
27.4	17.6	34.0	34.2	29.0	33.3	20.0	18.8	
19.2	21.8	21.6	35.4	16.3	41.2	36.4	23.2	
33.2	34.1	24.6	45.5	15.4	25.1	37.0	34.8	
14.9	35.6	28.9	36.3	42.3	27.0	48.1	63.8	
41.6	38.0	23.8	39.0	20.9	28.1	57.3	32.0	
53.8	34.2	36.9	43.4	42.2	49.6	36.9	29.1	
28.8	29.6	38.2	45.2	31.2	47.4	26.5	32.0	
21.4	30.2	42.5	25.7	14.8	29.5	38.0	30.8	
23.9	23.9	17.0	13.3	15.6	15.3	27.4	21.3	
55.3	32.7	49.1	39.5	55.5	76.7	93.5	40.5	
78.2	80.6	53.0	56.5	53.1	38.4	35.3	37.8	
63.0	35.2	55.9	30.3	23.5	35.3	39.2	41.3	
19.8	14.0	19.8	16.9	13.2	20.8	20.2	10.3	
15.4	29.8	25.0	41.2	28.3	32.1	21.6	35.4	
24.8	15.0	37.7	31.0	32.3	21.2	20.7	25.1	
34.6	57.9	37.5	48.4	24.5	44.8	41.0	34.3	
28.3	34.3	23.4	17.8	48.5	41.2	40.5	19.5	
33.1	25.2	20.7	33.6	25.2	21.5	15.7	26.8	
30.8	35.1	28.8	25.4	39.8	25.5	49.6	23.1	
19.2	20.1	27.1	20.6	26.6	21.6	18.2	43.2	
48.3	43.1	27.1	37.4	42.9	33.6	30.7	46.3	
33.3	18.9	30.7	35.4	17.5	33.1	25.8	40.6	
11.0	12.4	14.5	8.9	15.1	15.0	10.1	11.2	
21.8	28.1	17.9	46.3	36.8	34.9	45.4	38.0	
62.5	48.3	72.1	35.5	45.2	60.9	31.7	69.5	
40.9	38.9	28.5	38.7	40.7	46.8	42.5	36.8	
44.3	50.0	38.4	55.9	55.4	30.8	46.2	53.1	
44.3	31.8	39.1	30.0	27.5	38.7	30.7	26.5	
40.0	35.3	47.5	34.8	40.8	36.5	48.6	29.2	
15.0	16.5	16.2	27.4	14.4	20.5	14.5	17.8	
29.2	24.9	58.9	27.7	39.0	57.9	53.0	15.8	
23.4	23.9	29.6	28.9	14.6	29.4	19.1	15.2	
19.0	31.3	17.3	28.7	22.8	22.4	28.4	19.8	
27.1	31.8	31.3	43.9	40.8	36.2	31.4	16.9	
13.4	25.5	17.1	41.2	31.4	36.5	44.8	48.7	
30.5	37.5	46.5	27.1	38.5	39.6	57.2	28.5	
21.6	23.6	35.7	17.2	26.2	15.7	35.7	24.4	
31.0	45.2	27.6	27.5	47.3	42.5	29.0	49.4	
30.3	26.5	16.9	19.3	40.2	21.4	27.3	31.6	
37.9	35.3	38.0	27.5	37.9	25.7	34.6	37.9	
38.3	36.6	23.8	25.8	43.2	29.7	36.8	40.3	
40.0	38.0	28.6	39.8	37.7	30.5	62.0	31.2	
28.9	44.0	33.7	22.7	35.3	47.2	31.8	27.5	
34.0	56.2	42.4	31.5	41.3	23.6	34.4	37.9	
28.2	32.6	23.6	26.1	16.5	43.2	32.7	29.1	
56.3	44.3	43.3	42.9	37.2	49.8	34.8	49.3	
13.7	16.7	9.7	18.9	25.4	15.5	23.0	16.8	
92.8	63.0	49.2	65.5	47.7	63.6	47.4	32.2	
50.5	48.4	25.1	43.6	39.1	34.8	61.6	26.6	
82.1	62.8	92.9	85.4	50.0	47.0	100.6	34.7	
25.7	38.6	27.3	31.1	32.3	21.0	22.8	27.9	
44.7	30.0	24.6	29.5	52.0	37.0	19.2	35.4	
24.4	30.0	42.2	34.5	48.4	31.5	94.3	68.7	
51.6	36.6	59.9	32.9	62.2	34.9	68.5	33.4	
15.7	12.0	13.2	20.6	19.2	18.3	28.0	10.4	
30.0	33.2	35.5	13.9	44.3	32.6	42.8	26.6	
66.3	35.5	48.7	46.3	56.8	49.8	45.8	29.8	
37.9	78.7	59.6	61.0	49.4	75.9	50.1	33.6	
12.3	22.5	7.8	15.0	11.4	16.0	11.0	21.0	
17.6	41.0	44.0	27.0	21.6	34.3	36.9	39.4	
39.8	30.0	50.0	30.4	24.8	28.6	27.4	28.9	
20.6	12.1	17.5	13.3	12.7	18.7	21.7	25.9	
51.7	22.5	27.6	28.4	34.3	28.1	28.0	34.3	
38.6	52.0	40.2	62.1	66.4	74.1	51.5	54.1	
49.5	90.8	75.1	50.5	86.3	47.7	51.0	45.3	
44.5	24.9	70.6	46.0	39.5	50.1	34.1	43.1	
12.4	37.4	36.4	50.2	30.2	15.8	39.6	35.3	
33.1	21.3	25.7	12.9	20.7	31.6	40.1	20.2	
8.7	16.9	15.4	9.7	12.9	10.6	11.5	16.6	
34.5	15.0	29.6	29.6	17.5	35.3	33.4	42.4	
67.9	52.1	68.4	42.5	57.5	60.3	59.8	39.5	
12.5	31.0	21.0	14.4	22.8	20.2	18.8	28.1	
36.8	41.8	26.0	38.2	35.9	24.5	42.5	36.7	
40.9	55.8	23.9	76.5	55.1	43.2	51.3	54.3	
55.7	29.5	49.1	53.1	38.6	50.9	21.4	43.7	
25.2	25.6	36.4	51.2	38.2	20.2	41.0	35.7	
17.6	25.3	30.2	41.6	19.2	37.2	41.2	30.2	
23.1	26.8	48.4	36.6	22.9	15.6	20.8	24.9	
22.4	31.8	28.6	22.2	22.5	21.5	19.2	36.8	
37.6	31.6	25.3	22.9	51.9	23.0	36.1	24.0	
35.5	41.9	45.2	34.5	65.5	44.0	42.3	66.0	
35.1	45.2	42.5	55.7	40.5	47.9	40.1	76.9	
35.5	46.0	55.1	41.8	37.9	56.4	49.6	33.8	
23.8	29.5	25.9	20.0	43.7	26.4	18.3	29.8	
27.2	19.5	26.0	35.8	25.2	27.5	28.4	19.5	
24.5	41.8	19.4	38.8	34.4	33.5	28.1	36.6	
34.1	33.5	45.0	23.4	18.4	30.1	19.4	41.1	
24.2	34.2	27.4	42.7	33.6	54.2	22.8	44.6	
27.0	31.1	25.1	20.0	23.3	27.6	21.1	17.2	
40.6	45.9	53.3	49.1	32.6	39.0	24.5	33.9	
36.9	31.4	16.3	64.1	22.3	33.9	40.4	32.3	
29.0	22.8	22.1	33.1	27.9	63.8	40.2	26.7	
32.1	28.0	19.9	27.6	35.7	37.6	21.0	29.9	
18.6	26.7	18.9	23.5	37.7	23.7	18.5	32.9	
28.4	34.7	32.5	23.2	24.3	13.3	23.9	34.8	
20.1	32.2	37.8	35.1	42.4	28.9	31.3	32.4	
21.2	38.6	39.7	25.8	34.8	47.0	40.8	28.1	
53.1	85.0	26.9	49.5	46.0	36.8	25.8	55.9	
59.0	50.3	23.1	25.1	28.7	39.4	36.1	51.2	
24.9	12.9	40.1	26.3	22.4	27.0	26.4	33.7	
46.0	77.9	51.8	44.9	77.1	39.6	47.7	49.4	
35.3	18.1	37.7	43.8	73.2	31.1	49.7	51.3	
18.0	10.8	22.5	14.9	19.0	13.3	30.0	28.6	
29.7	22.4	37.1	32.1	29.0	21.4	40.0	23.8	
73.0	82.0	50.5	57.9	81.6	41.8	72.3	68.0	
41.5	27.5	39.5	41.8	23.6	45.4	31.3	39.1	
60.3	52.1	44.8	35.5	40.0	36.0	28.4	20.9	
28.9	39.9	36.0	33.4	34.3	28.0	30.3	37.7	
20.2	55.8	29.3	41.5	26.2	19.2	45.7	24.7	
28.8	45.3	30.7	43.8	42.4	50.8	46.5	41.2	
23.5	40.5	36.6	51.0	26.5	40.5	41.7	46.1	
52.5	55.7	33.3	17.7	32.2	53.2	22.8	47.7	
39.2	34.9	27.6	37.2	51.3	40.3	52.0	34.7	
49.1	35.0	52.1	49.1	50.7	60.3	33.6	44.6	
18.9	13.6	20.8	24.9	21.8	31.5	25.7	22.8	
32.4	27.2	22.7	27.1	40.0	44.7	31.4	36.4	
21.6	24.0	33.8	16.0	27.5	12.4	35.1	35.9	
53.6	58.9	32.7	37.4	37.9	33.1	36.2	54.5	
39.4	20.7	26.1	35.9	18.5	33.5	41.1	46.1	
29.4	30.2	21.5	30.1	16.1	46.7	51.4	21.3	
46.1	79.3	38.5	38.2	63.9	35.7	51.2	65.5	
35.6	10.9	13.7	16.4	7.8	20.8	7.7	18.5	
26.7	27.5	25.2	31.3	30.1	29.4	25.5	26.6	
58.4	64.2	53.8	33.6	74.0	36.2	84.0	45.3	
38.3	26.1	25.1	43.4	32.4	34.9	62.4	37.2	
28.5	33.2	40.8	24.0	23.4	37.4	30.0	26.8	
22.4	43.4	43.7	28.6	45.9	36.0	38.4	52.8	
31.5	30.7	40.9	44.1	30.7	49.7	51.1	46.1	
33.8	44.5	33.2	33.5	31.3	23.0	25.5	48.1	
25.5	31.4	36.1	32.0	34.3	23.0	20.3	16.3	
34.4	18.9	36.8	39.8	28.2	33.3	48.7	49.7	
43.2	44.4	55.3	54.5	58.0	46.7	29.0	61.2	
31.5	27.3	20.5	48.2	26.4	32.7	32.1	50.4	
30.4	35.5	26.8	23.0	23.5	18.9	28.1	35.3	
42.9	35.5	53.8	56.8	47.5	51.9	40.2	40.0	
36.1	44.9	33.7	46.2	63.5	51.6	104.7	59.3	
9.3	11.4	21.5	13.7	13.5	6.6	14.1	14.2	
24.8	26.9	17.2	13.3	23.4	36.2	21.4	20.5	
25.4	30.5	55.4	34.6	19.3	32.9	30.7	35.3	
15.6	12.1	15.0	18.4	17.2	18.6	22.9	23.7	
32.3	43.7	72.1	25.9	28.9	32.7	44.9	38.1	
47.9	43.6	39.5	41.4	31.1	54.7	40.1	46.9	
19.7	42.5	28.3	20.2	18.6	44.7	29.3	34.4	
16.5	30.5	19.9	30.0	21.6	17.1	21.1	14.8	
68.0	37.2	52.8	34.7	70.6	41.2	38.0	50.5	
27.5	34.0	33.1	32.9	39.1	31.9	35.2	23.7	
29.6	26.1	34.0	19.8	30.4	21.1	15.2	30.8	
44.5	34.4	24.6	22.6	26.1	47.2	38.0	37.7	
56.9	53.9	39.8	43.5	61.1	51.8	53.4	42.6	
36.7	80.4	37.8	46.5	61.9	72.5	42.7	73.2	
31.6	41.1	45.9	24.6	35.2	24.3	14.1	16.6	
17.5	24.4	23.2	22.1	26.6	21.6	23.1	22.9	
23.8	28.3	44.0	37.3	20.2	46.0	44.1	22.9	
19.9	16.7	13.9	26.8	17.4	18.4	21.1	19.3	
31.8	45.5	47.2	54.2	30.2	51.7	49.2	60.2	
32.6	28.2	44.1	45.1	23.8	16.4	39.7	58.9	
37.4	21.0	47.4	25.9	50.9	30.6	24.9	33.5	
38.2	39.1	58.4	38.2	46.3	38.1	41.8	50.0	
36.6	24.5	48.4	33.1	9.9	26.2	49.3	15.2	
17.4	13.8	20.9	24.0	8.2	21.9	9.9	20.5	
21.6	33.2	43.1	31.4	32.1	27.8	22.5	27.4	
20.8	20.6	20.3	17.1	26.5	30.0	33.9	27.7	
37.4	19.3	37.8	29.3	35.8	40.0	39.9	20.4	
46.8	25.3	22.4	37.9	40.6	27.9	20.2	18.9	
75.2	49.6	45.3	58.1	79.7	66.2	40.4	58.4	
26.1	42.4	24.8	28.1	29.7	41.2	20.4	30.1	
31.2	39.5	26.0	34.2	34.6	21.3	17.5	26.5	
34.4	13.8	26.3	25.3	27.3	33.2	16.7	6.9	
10.7	19.7	23.6	17.0	28.8	21.9	9.8	16.5	
41.1	57.7	52.6	33.9	66.6	37.6	36.5	35.0	
25.1	21.0	26.8	29.7	24.7	18.1	35.0	18.1	
52.3	29.2	33.4	25.9	54.4	31.4	51.3	36.4	
30.3	44.4	43.5	38.3	35.3	23.4	43.9	27.9	
31.3	29.6	38.6	28.4	24.1	17.4	32.6	29.8	
24.3	27.3	25.9	18.2	20.8	20.9	23.3	35.1	
24.7	31.2	42.8	41.1	14.8	28.9	44.6	44.9	
31.0	43.2	52.7	53.4	71.0	56.7	62.6	53.4	
32.7	26.9	20.5	23.5	27.7	38.2	43.7	20.6	
32.6	30.5	22.4	30.3	21.9	27.0	34.2	43.7	
16.2	10.0	16.9	20.0	15.9	16.7	29.5	12.4	
36.0	26.7	32.2	29.2	24.6	27.7	28.2	28.0	
29.2	46.3	65.1	40.9	51.8	49.9	60.2	35.8	
55.3	19.8	78.8	46.4	44.8	52.9	58.0	33.8	
39.6	33.6	36.0	38.1	52.2	50.7	29.1	37.1	
38.4	70.8	52.5	68.3	56.6	52.4	47.7	38.5	
21.8	38.2	23.6	32.2	59.2	63.5	22.9	47.3	
21.3	14.6	12.7	21.3	20.2	9.6	24.8	28.6	
29.4	29.9	58.5	30.9	48.0	36.2	38.1	41.3	
28.0	44.3	27.3	46.3	27.6	40.5	27.9	19.8	
30.2	29.9	35.5	56.1	38.0	45.9	28.3	45.8	
60.1	32.3	71.7	57.6	55.9	45.2	51.5	32.1	
25.2	49.4	28.6	33.0	36.9	21.3	36.9	34.7	
39.6	22.5	40.8	28.0	47.3	72.1	29.6	22.3	
25.4	16.6	17.6	22.0	22.7	15.3	24.1	14.2	
59.1	49.5	39.8	38.9	30.0	43.9	52.7	55.6	
49.7	18.4	50.9	23.1	33.3	20.6	24.5	29.2	
16.7	28.6	34.3	30.9	23.7	29.7	24.5	27.5	
24.1	17.1	25.5	17.2	26.7	21.2	28.0	27.2	
44.0	25.5	31.0	25.1	30.4	29.9	21.7	21.9	
36.9	37.2	36.5	39.4	45.0	42.0	39.3	41.0	
28.7	24.3	55.4	31.7	27.3	22.8	27.2	24.2	
53.4	36.5	25.3	30.4	48.3	36.0	31.0	24.4	
46.5	45.9	86.8	60.6	66.0	58.5	42.5	82.4	
42.8	35.6	36.2	65.8	31.2	39.6	45.0	66.6	
47.9	34.1	73.0	43.8	40.1	42.1	72.9	24.0	
28.7	16.9	26.0	29.2	14.2	19.8	17.8	22.8	
33.3	35.1	23.9	29.0	33.3	21.0	26.6	14.1	
28.7	39.6	25.2	43.7	19.5	35.4	33.7	33.1	
24.5	18.3	18.8	20.8	19.9	44.5	18.9	33.5	
31.9	32.2	39.5	63.7	40.2	54.8	34.5	46.4	
45.4	52.3	33.8	33.3	53.7	38.6	36.7	36.7	
37.4	39.2	42.9	27.4	38.0	27.3	42.0	36.7	
23.7	15.1	23.0	34.6	18.8	21.2	33.4	21.4	
30.4	41.3	30.3	48.8	24.8	30.7	41.7	59.0	
101.1	54.8	62.5	44.2	68.4	49.9	49.3	92.7	
54.7	46.1	29.2	54.7	20.4	48.9	45.1	68.2	
19.5	44.0	13.6	28.3	24.0	27.0	22.5	22.9	
25.8	21.4	30.4	29.9	27.9	16.3	28.0	32.8	
81.3	68.2	33.5	39.5	31.5	46.7	44.8	51.0	
38.0	38.9	21.2	31.0	26.9	25.5	16.5	27.4	
37.2	21.6	19.4	31.8	40.5	35.3	16.6	40.3	
28.4	16.0	18.1	17.2	20.8	22.7	18.0	14.8	
86.2	37.5	83.4	60.3	67.4	56.3	54.4	52.9	
28.5	37.4	27.6	43.4	42.4	22.0	20.3	27.6	
17.3	31.4	31.1	44.4	20.7	18.2	25.1	30.1	
45.7	38.9	53.7	71.6	50.3	74.8	59.1	64.8	
18.0	22.6	21.8	23.3	27.1	18.8	12.7	20.1	
17.5	44.5	47.9	48.4	54.6	47.4	56.1	49.8	
33.9	33.0	29.9	21.1	13.6	29.5	44.1	46.9	
31.9	32.2	59.1	35.3	33.4	44.3	35.4	45.0	
52.8	40.8	57.3	51.4	33.2	31.7	31.6	52.2	
13.0	9.1	11.2	12.3	12.9	20.8	21.3	15.1	
57.3	51.3	43.5	103.5	32.7	64.5	64.0	37.6	
62.0	41.4	74.1	49.1	45.8	49.5	43.2	79.9	
66.6	57.7	63.0	94.3	80.6	62.3	58.0	100.6	
20.0	23.6	21.0	22.4	22.1	28.2	15.4	42.5	
52.6	35.0	22.6	27.1	35.1	19.1	33.0	20.8	
16.8	27.0	34.6	33.7	26.9	31.6	48.5	23.8	
71.9	48.4	61.2	38.2	49.3	47.0	73.1	46.7	
34.0	32.2	34.5	39.3	28.3	46.1	48.5	33.0	
26.9	48.3	30.7	32.1	17.9	56.4	34.5	32.6	
34.6	28.9	49.5	29.0	22.7	19.7	38.4	30.4	
20.8	20.9	26.2	30.9	23.4	35.3	39.1	26.1	
41.7	29.0	53.6	40.7	34.3	40.2	44.2	49.3	
34.3	30.7	17.8	31.6	22.0	21.0	30.0	27.8	
19.2	20.0	25.8	23.1	21.8	29.6	28.7	20.1	
25.1	16.6	23.5	17.7	21.5	21.6	23.2	23.2	
40.8	15.0	47.0	36.9	23.7	30.1	29.1	30.2	
22.0	51.9	31.1	43.1	31.4	33.3	31.1	31.4	
30.5	26.4	26.1	22.1	28.1	27.8	27.0	39.2	
37.1	28.8	33.7	33.1	45.1	25.1	49.3	34.1	
90.1	73.2	59.5	33.9	26.3	59.0	59.3	74.8	
30.3	38.6	19.3	20.2	10.2	24.4	20.2	18.1	
41.9	65.2	28.4	31.7	45.7	51.9	60.4	48.3	
26.6	43.5	44.6	33.6	28.3	34.8	36.9	29.8	
21.5	22.4	19.2	18.1	23.9	25.5	22.5	19.3	
55.2	39.9	18.5	43.1	27.2	47.5	38.1	45.3	
16.4	13.5	23.4	23.9	14.9	22.0	22.1	27.2	
33.9	44.4	49.6	22.0	38.3	34.7	35.6	15.3	
68.6	80.2	59.2	70.9	33.0	72.5	101.1	98.6	
45.4	46.1	47.1	65.9	50.3	51.1	36.1	35.0	
61.6	34.8	41.5	30.6	41.7	32.1	37.7	28.1	
40.2	51.7	45.3	61.6	39.9	38.1	45.7	44.8	
43.5	38.0	36.7	35.7	26.6	44.8	38.9	24.8	
35.5	33.8	22.5	25.1	29.2	18.3	36.6	26.1	
36.9	30.1	38.2	26.2	22.7	29.1	37.7	34.3	
38.9	56.4	57.6	42.0	33.3	41.5	89.3	66.7	
53.1	44.1	61.8	36.1	79.1	28.6	37.0	49.8	
45.3	41.2	30.1	26.9	45.3	32.7	36.2	15.1	
21.6	20.3	26.3	30.2	32.1	19.8	29.2	22.7	
34.3	54.4	28.3	56.0	46.7	48.0	66.4	38.1	
34.2	29.5	23.4	31.8	29.3	42.3	35.7	21.6	
34.3	46.6	30.5	40.0	26.8	31.7	39.5	24.0	
40.4	55.6	34.8	38.4	58.4	28.5	59.3	45.0	
25.6	25.6	33.8	46.1	35.9	30.6	32.7	33.9	
39.6	35.9	39.4	38.3	45.0	30.4	29.3	32.0	
33.2	22.1	18.8	18.2	16.1	42.8	34.9	24.4	
20.7	30.0	24.1	18.6	33.5	15.5	19.5	22.7	
36.7	23.8	22.2	34.5	18.3	38.8	26.4	36.8	
31.9	43.0	66.0	39.2	57.3	40.9	32.1	24.7	
48.8	52.4	43.2	77.4	50.8	49.0	43.0	37.0	
40.8	17.5	40.7	54.5	35.6	34.6	55.5	52.8	
33.0	43.9	32.4	32.2	17.4	28.6	33.8	23.2	
55.7	30.2	42.5	31.7	34.9	40.7	27.9	43.1	
19.4	18.0	27.1	28.0	24.4	34.3	23.5	21.8	
41.7	39.1	35.1	35.9	61.0	47.7	37.6	63.4	
49.3	39.6	67.7	29.3	61.5	58.8	65.1	41.7	
23.2	25.2	47.2	19.9	23.4	60.0	38.8	23.9	
27.7	35.7	37.0	22.5	32.8	32.4	22.5	21.3	
73.5	39.1	29.5	45.8	28.1	57.9	44.1	62.2	
35.4	16.0	33.8	17.0	17.6	34.0	10.5	21.0	
34.0	32.5	55.6	21.2	30.9	39.9	31.6	41.9	
10.2	20.6	9.7	20.9	18.9	23.7	11.1	22.1	
46.6	31.4	33.0	41.5	33.9	23.8	49.2	18.2	
39.5	41.3	73.2	46.8	59.0	54.8	45.2	93.3	
25.8	43.4	40.9	45.2	31.9	61.0	35.0	27.6	
51.5	61.5	60.6	52.3	42.2	50.2	42.9	53.4	
53.1	46.5	61.4	70.2	60.9	47.8	35.1	53.0	
42.3	52.0	50.6	44.9	47.6	48.6	35.3	17.8	
31.6	44.0	38.0	31.5	31.9	44.5	26.0	36.9	
30.5	30.9	40.6	48.0	30.1	36.7	28.7	35.3	
26.8	25.5	18.0	22.0	17.8	32.2	27.0	13.0	
18.8	20.7	13.4	32.8	31.7	28.6	18.2	19.6	
41.5	24.1	22.9	29.6	21.7	27.6	36.0	30.9	
50.6	50.1	45.8	38.7	43.9	49.3	39.5	27.3	
23.3	29.0	33.2	32.6	27.4	47.5	23.6	18.5	
23.2	17.3	25.7	24.5	25.7	27.8	35.0	24.1	
27.0	32.8	17.3	29.2	20.4	31.1	27.3	25.3	
24.5	36.8	30.0	31.8	23.8	33.4	33.1	45.3	
17.1	29.0	20.3	18.6	20.5	21.7	19.3	35.2	
41.5	42.3	33.2	34.9	36.6	37.5	31.3	29.6	
20.2	34.3	35.5	26.2	23.5	37.6	44.0	44.6	
47.8	48.5	55.9	45.7	31.8	80.0	55.2	50.7	
31.6	25.6	28.2	26.8	19.0	35.8	38.6	40.5	
17.8	36.7	13.2	41.4	28.0	20.2	25.3	17.0	
40.3	20.4	35.3	69.1	29.4	57.5	30.7	29.6	
38.6	39.5	27.5	32.0	62.2	33.4	28.2	27.9	
37.6	25.6	32.6	23.3	39.1	38.5	31.4	41.6	
71.4	32.5	46.0	31.6	30.1	70.1	48.8	52.3	
76.9	43.1	45.7	55.9	48.5	85.9	67.1	40.9	
20.7	34.4	31.0	31.1	22.3	30.3	22.3	29.3	
16.3	16.1	24.9	11.5	17.7	13.0	9.5	16.9	
47.6	46.0	25.7	49.6	42.9	26.3	21.9	27.4	
28.0	23.7	16.6	18.7	30.5	33.7	24.8	22.7	
36.8	39.7	25.9	21.7	30.1	39.7	35.2	23.1	
59.5	76.5	59.3	45.7	44.2	58.4	31.3	39.7	
18.3	11.5	26.4	30.3	16.0	35.2	42.8	44.6	
44.7	26.6	25.8	30.6	23.1	45.5	22.1	24.0	
34.8	44.1	39.8	33.9	39.9	34.2	44.4	41.0	
16.7	27.0	41.0	37.4	26.3	13.3	25.3	17.3	
50.5	43.1	41.7	50.5	39.5	29.4	41.4	40.1	
78.0	62.7	48.5	36.8	64.0	88.8	47.5	49.0	
37.6	27.4	33.9	44.6	32.8	69.7	46.7	25.7	
39.2	65.0	47.3	32.8	28.1	27.6	25.5	25.8	
24.3	25.7	14.6	43.5	31.8	20.9	20.5	11.2	
22.2	10.4	22.0	27.9	15.5	12.9	20.4	25.6	
21.0	33.4	37.2	40.0	16.8	33.9	51.7	37.2	
18.3	40.6	41.3	18.1	21.8	22.0	30.4	22.5	
28.8	35.3	34.0	20.5	18.6	16.8	25.9	17.8	
47.0	35.8	38.1	38.0	30.0	25.0	27.3	31.6	
48.3	54.3	62.9	47.8	45.3	65.2	34.7	40.4	
34.0	32.2	28.3	25.6	34.7	41.7	34.1	21.8	
37.8	27.7	37.7	54.7	37.3	35.7	23.2	34.0	
37.6	28.3	44.9	30.6	48.0	51.5	22.5	34.1	
16.9	26.2	29.0	36.0	13.8	25.0	24.7	40.6	
14.8	11.4	26.0	24.6	19.6	19.9	15.6	16.7	
31.0	47.0	78.1	56.0	24.9	25.2	39.9	31.3	
17.4	18.7	20.3	36.0	31.1	34.4	18.0	16.1	
45.0	40.5	36.6	49.6	25.9	36.2	36.3	55.3	
16.2	24.7	13.9	25.4	23.3	31.8	26.3	52.2	
8.9	36.8	28.2	21.5	17.6	24.7	31.0	36.1	
30.6	48.3	44.2	22.4	24.2	27.3	37.7	25.6	
26.1	35.7	22.3	41.3	25.6	21.6	24.1	19.1	
22.1	25.1	26.6	22.6	24.2	31.8	35.1	37.5	
25.7	45.3	27.6	24.0	32.1	20.7	47.9	31.2	
44.5	33.0	20.9	51.4	32.6	32.4	19.1	30.8	
20.0	40.9	41.0	36.3	28.8	28.3	51.0	40.5	
42.4	37.3	41.2	76.7	45.7	32.4	27.6	36.4	
42.4	38.2	62.7	46.1	57.3	64.0	40.3	26.6	
30.6	31.5	51.8	27.7	40.0	34.7	48.3	44.4	
33.1	23.7	48.5	17.2	26.8	14.7	22.4	38.5	
50.0	51.5	93.2	34.7	66.3	42.6	51.0	70.7	
63.3	32.7	27.3	38.5	43.7	39.6	38.6	33.6	
19.8	17.3	21.9	14.2	16.6	23.5	38.3	29.1	
64.9	81.2	80.4	89.6	53.4	156.1	46.9	67.2	
27.4	28.7	28.4	36.9	46.2	48.5	31.5	24.1	
19.4	22.7	45.4	34.6	39.4	20.4	24.9	21.5	
52.4	48.4	34.9	45.2	37.6	31.9	54.9	25.6	
48.2	40.9	71.5	39.0	60.3	58.2	73.3	42.5	
47.2	42.7	54.2	43.5	65.4	53.1	41.1	66.5	
34.2	41.2	27.8	48.5	34.6	41.3	68.1	38.6	
52.2	22.6	37.6	36.4	40.2	60.0	60.1	59.1	
40.8	41.1	62.6	36.8	20.2	30.8	28.7	46.4	
38.4	12.9	21.6	23.1	30.2	18.5	26.4	25.3	
25.3	32.3	24.9	27.4	36.0	39.4	25.9	30.1	
17.8	29.1	17.4	23.7	35.9	17.6	28.7	21.4	
49.4	51.1	58.5	29.4	54.5	18.4	33.4	51.6	
24.3	34.0	39.5	37.4	43.4	37.3	38.3	38.8	
31.2	26.1	21.8	32.1	35.4	12.1	28.2	18.1	
30.0	37.8	37.3	49.0	33.8	38.0	29.2	32.4	
21.7	18.7	31.1	15.9	35.0	21.2	26.0	26.3	
43.9	57.0	34.6	39.5	28.3	35.8	38.0	43.4	
20.1	27.4	29.8	14.0	18.6	43.5	17.0	25.6	
31.8	67.5	36.1	31.4	55.4	69.3	55.8	38.7	
61.2	84.9	51.4	53.3	38.5	63.8	66.5	66.3	
27.2	50.0	38.3	20.5	41.9	20.3	24.1	41.0	
42.5	25.4	26.4	51.3	28.2	43.7	43.2	48.6	
25.8	20.4	16.7	24.1	14.7	18.4	20.5	27.4	
31.5	20.4	30.0	32.7	12.1	23.9	30.7	28.6	
33.3	43.1	30.9	34.6	28.2	23.9	37.9	30.1	
18.7	46.7	29.9	31.2	20.2	21.4	25.9	26.3	
28.5	46.5	20.8	27.0	32.9	45.0	31.9	29.9	
29.3	71.9	52.5	46.0	59.8	35.7	40.9	64.5	
17.9	22.4	21.9	19.9	16.0	24.4	14.7	22.9	
22.0	50.1	36.9	43.5	16.6	28.2	31.0	22.5	
20.0	30.2	54.1	33.9	36.4	27.6	50.1	48.5	
47.9	66.8	77.9	46.2	58.7	40.0	46.4	67.3	
36.1	29.7	39.6	19.8	30.2	42.0	36.0	40.2	
51.7	23.7	27.0	27.8	17.2	32.4	29.3	25.3	
34.8	41.7	42.3	39.1	28.2	32.0	40.6	56.7	
47.5	28.9	16.1	22.0	19.1	24.5	43.3	14.2	
29.9	52.1	37.5	27.5	29.2	46.3	26.4	46.9	
21.9	31.7	12.2	32.2	15.8	35.8	21.9	26.0	
36.2	27.3	32.3	30.4	28.5	24.0	19.8	27.3	
46.0	77.2	50.2	50.7	68.2	57.8	66.2	39.6	
45.4	48.7	40.8	62.6	55.1	31.7	86.3	56.3	
30.8	48.0	34.6	40.3	64.9	44.4	27.4	42.7	
28.8	26.6	58.1	51.6	28.2	46.0	25.8	40.5	
56.7	84.6	57.5	59.0	43.3	68.6	93.0	46.0	
29.6	46.0	26.4	16.6	35.0	35.8	34.6	25.9	
36.8	74.9	39.6	39.8	60.4	30.4	45.0	41.7	
28.4	19.6	20.0	36.5	21.0	26.9	29.9	22.2	
51.9	28.6	31.4	42.2	47.4	41.8	32.3	20.6	
41.4	35.9	56.7	47.3	50.3	44.8	38.8	32.6	
34.6	53.0	49.6	26.2	28.6	38.0	42.7	34.8	
37.0	26.4	33.2	34.6	27.5	35.2	34.7	24.3	
34.0	23.2	22.2	17.9	14.3	19.1	20.5	18.8	
18.4	26.2	21.4	20.9	21.2	32.3	23.5	9.5	
24.7	23.9	29.6	27.2	52.7	33.9	56.4	33.2	
34.0	12.1	25.0	36.1	30.8	28.5	21.0	23.7	
24.9	59.8	44.8	51.2	60.8	62.9	30.4	35.1	
9.0	13.4	13.6	17.0	8.7	31.7	20.0	14.2	
31.8	17.9	17.9	27.6	23.2	30.7	25.5	25.1	
50.1	43.9	39.4	52.8	38.8	60.7	36.9	78.7	
20.2	16.3	31.4	27.0	26.4	34.5	16.4	23.1	
37.0	39.2	58.4	48.7	60.0	29.2	43.1	28.0	
41.2	40.4	31.8	33.6	24.2	56.6	43.1	46.7	
52.8	39.1	29.9	43.0	57.5	32.4	68.0	31.7	
43.8	23.1	44.7	15.4	28.1	37.0	24.3	32.4	
48.9	24.0	65.7	53.7	31.0	54.7	53.0	77.2	
36.4	41.2	37.4	29.7	28.3	25.0	44.0	28.0	
33.2	39.3	13.5	34.3	32.5	25.6	27.8	29.7	
34.2	28.9	26.0	22.0	32.8	25.0	33.5	29.5	
26.9	36.5	49.9	25.0	25.0	20.3	24.9	22.6	
64.9	43.9	40.6	44.3	52.7	27.6	37.5	53.6	
33.8	37.3	37.2	58.6	48.0	37.2	50.5	41.1	
14.2	29.0	15.7	26.5	21.6	20.2	15.9	22.1	
17.1	19.0	17.4	31.1	25.4	18.6	26.5	24.2	
31.6	47.9	28.8	26.7	26.9	41.2	37.7	25.0	
27.1	15.8	20.7	22.5	17.3	30.6	19.9	14.6	
25.9	35.3	47.2	25.6	45.8	46.6	55.4	29.9	
47.4	57.7	26.3	32.8	64.0	55.9	42.6	39.4	
22.4	24.6	14.1	20.0	16.5	29.4	27.7	16.5	
33.4	39.9	48.3	49.2	34.6	34.4	23.9	31.1	
40.6	49.2	51.7	29.9	35.4	32.1	36.6	43.9	
41.6	42.5	21.1	24.1	21.6	34.0	40.1	45.7	
31.6	35.6	30.2	27.2	35.6	30.8	36.3	32.3	
69.5	68.0	74.5	45.1	37.9	71.3	54.9	78.8	
35.5	39.9	32.3	51.0	30.2	31.1	28.2	39.6	
48.9	20.7	49.5	36.3	28.7	32.0	34.0	36.2	
40.0	19.5	16.5	41.9	35.1	35.9	25.5	45.2	
25.0	33.5	33.0	41.0	19.4	17.1	24.1	36.3	
42.8	53.2	48.1	25.8	47.9	44.2	32.9	26.3	
32.0	12.6	22.5	32.2	21.7	21.9	43.8	41.9	
42.9	30.0	15.5	32.5	41.6	37.0	32.3	35.0	
15.7	16.9	15.6	13.2	22.4	20.6	22.9	16.6	
35.6	30.1	18.5	26.0	22.8	17.3	25.3	15.7	
18.1	16.0	21.3	23.1	17.3	10.0	25.7	43.0	
57.2	29.4	52.3	53.3	81.9	33.7	49.9	51.9	
44.2	50.6	68.4	39.7	50.5	45.3	36.1	42.6	
31.9	46.1	36.8	68.0	34.4	38.1	37.2	41.4	
18.3	39.2	18.3	17.0	24.1	40.3	34.6	38.7	
33.5	34.1	34.1	46.9	20.5	23.6	32.9	29.7	
44.6	59.0	75.6	33.0	56.8	26.9	60.0	49.4	
66.0	56.0	57.9	66.7	48.0	47.6	60.6	42.4	
41.2	19.9	39.7	46.6	19.3	30.0	41.7	23.6	
62.4	37.1	26.3	42.7	14.6	41.9	37.1	32.7	
22.0	17.1	15.7	31.7	28.4	19.5	17.7	27.6	
42.7	30.6	59.7	37.0	50.0	52.6	38.8	45.8	
23.6	12.3	24.5	15.5	26.7	18.3	8.9	19.3	
63.7	50.5	29.0	55.0	47.5	31.8	35.1	19.8	
25.7	22.7	41.9	37.0	17.2	10.8	21.8	35.7	
27.6	57.6	34.4	39.8	53.8	38.0	32.1	54.7	
16.5	12.1	20.0	15.3	10.1	18.5	16.4	16.7	
28.0	33.5	21.4	32.5	29.0	28.4	33.0	18.0	
53.1	35.1	41.9	42.1	38.2	30.3	33.2	38.7	
32.9	25.9	19.2	21.0	25.5	27.6	28.4	17.7	
20.4	32.5	46.7	35.8	31.9	51.3	41.9	52.5	
29.0	28.8	33.8	31.3	24.6	42.7	33.4	43.4	
