34.1	33.3	25.3	30.6	9.6	33.4	32.1	51.1	
13.7	19.7	26.5	21.4	23.6	19.0	22.4	16.9	
21.0	22.4	24.1	15.5	19.8	31.9	20.7	21.7	
22.5	42.5	55.7	25.5	20.3	33.9	30.1	45.7	
61.9	22.1	56.7	42.5	46.3	29.7	50.5	60.4	
35.0	18.7	15.8	19.4	14.7	23.0	25.1	21.0	
22.9	40.2	29.1	31.3	28.8	33.8	50.3	46.1	
23.4	29.8	25.9	26.3	22.5	15.4	14.5	25.1	
23.7	47.9	34.3	40.5	50.0	33.9	30.9	35.0	
25.2	32.7	26.4	44.3	33.8	30.8	14.3	32.1	
33.2	34.0	37.9	25.6	30.0	17.3	32.8	38.1	
45.1	25.5	14.4	26.5	19.7	42.5	25.5	20.7	
27.0	34.0	12.7	22.8	34.6	22.3	32.7	18.0	
44.3	29.6	27.2	25.6	53.3	22.4	19.5	31.4	
33.7	52.3	34.2	35.3	30.5	37.8	20.5	50.6	
26.7	18.8	35.1	21.9	18.4	24.8	23.9	19.7	
33.6	46.8	45.9	55.0	35.3	43.0	45.8	35.2	
46.9	40.9	28.4	41.0	45.5	44.9	51.3	37.9	
29.9	27.3	36.3	16.0	34.6	21.6	23.7	19.2	
35.8	53.8	41.4	40.8	41.7	103.1	51.4	31.9	
34.7	46.6	24.3	42.5	55.5	41.0	36.7	52.1	
29.2	26.8	14.8	18.1	12.3	18.9	18.9	29.5	
41.5	62.6	25.4	29.9	38.9	61.1	35.6	33.1	
23.7	41.9	41.7	52.6	23.6	38.4	20.4	46.8	
42.8	28.9	46.0	52.1	30.2	37.6	54.0	86.6	
22.8	40.6	54.6	36.7	35.0	22.1	29.4	27.4	
42.3	46.4	29.9	23.8	18.5	26.5	27.8	25.8	
15.7	30.4	11.0	29.3	19.3	32.2	20.0	31.4	
35.1	40.9	30.2	39.3	51.6	40.4	51.5	41.2	
32.9	22.4	21.5	20.5	29.6	24.9	45.4	24.3	
35.1	50.3	41.0	40.3	54.2	34.1	41.7	49.3	
38.6	26.6	27.8	46.8	25.5	30.5	16.1	22.8	
44.4	28.0	28.1	42.8	39.3	54.0	24.4	34.0	
53.9	35.6	56.7	44.9	41.8	29.1	57.1	26.7	
46.7	29.6	30.6	36.4	56.0	53.6	26.5	59.6	
34.0	20.5	36.6	28.4	17.9	44.1	26.4	24.8	
41.5	19.2	40.0	20.7	18.2	23.0	26.8	28.2	
45.5	58.6	41.2	39.1	73.5	50.3	28.4	47.0	
41.7	44.1	31.5	60.5	44.5	46.3	33.5	31.9	
21.7	35.5	27.1	49.9	42.6	35.0	45.1	36.0	
65.3	41.6	51.3	52.6	42.8	22.8	48.5	36.4	
41.8	29.6	33.2	55.6	49.6	46.4	43.3	36.5	
37.8	47.8	29.4	30.3	43.8	34.5	33.0	29.0	
53.6	54.0	59.8	44.6	30.6	33.6	32.3	75.9	
43.3	28.6	27.7	27.8	21.4	30.6	35.3	23.8	
17.9	35.6	64.4	29.4	28.1	34.3	40.4	19.5	
63.5	36.9	27.0	40.5	35.0	36.1	26.4	51.3	
38.7	34.9	47.4	45.1	30.9	38.6	35.9	32.1	
45.4	43.0	89.7	31.0	50.3	31.9	31.6	20.4	
32.7	60.0	38.8	25.7	59.1	59.4	47.7	54.1	
76.6	53.2	45.1	53.2	46.3	74.2	36.6	72.6	
43.4	25.6	37.4	29.7	21.1	14.7	33.9	39.1	
21.7	13.3	33.1	30.6	28.0	38.2	19.5	30.4	
18.1	34.3	32.2	17.3	58.8	32.1	37.1	42.4	
53.0	44.4	44.0	38.2	29.5	69.8	37.3	35.6	
48.9	46.2	23.4	32.9	41.0	50.2	28.7	35.7	
21.4	50.4	30.4	22.6	49.0	25.1	50.2	36.3	
44.9	28.0	26.6	15.5	57.7	26.1	44.5	58.0	
47.5	63.3	45.8	69.2	48.7	60.0	65.0	67.2	
13.3	9.9	9.0	12.2	6.2	11.6	6.7	8.4	
32.1	37.0	36.5	32.6	39.3	45.8	17.5	28.8	
36.4	46.4	40.1	65.3	48.2	40.0	44.9	38.8	
13.4	29.6	54.5	20.5	22.0	29.8	23.6	23.8	
12.2	27.8	28.4	13.9	40.0	28.5	48.0	32.7	
88.6	46.4	42.3	46.0	39.9	37.7	35.9	30.2	
25.6	30.3	13.3	30.6	43.0	21.5	44.8	33.0	
12.1	16.4	26.4	26.9	17.4	17.5	19.4	15.7	
42.7	34.1	41.1	23.4	34.5	41.1	48.2	41.2	
56.2	35.3	30.9	44.2	61.1	56.2	74.2	20.8	
62.9	27.4	35.7	23.4	38.4	45.7	27.0	66.2	
14.3	17.9	33.0	27.5	23.1	17.9	21.4	33.4	
54.3	26.2	38.2	24.8	58.2	46.4	38.7	16.5	
24.5	59.5	29.6	32.6	20.7	22.5	35.6	37.2	
47.6	37.2	37.8	36.1	45.4	21.1	43.7	27.5	
36.8	41.4	43.9	47.4	37.2	36.5	45.9	31.1	
24.2	13.9	40.3	19.3	12.7	26.3	13.4	17.8	
29.9	45.6	22.5	54.6	31.3	11.4	26.2	41.7	
45.8	40.8	29.3	22.2	23.1	25.4	33.3	25.0	
23.4	48.8	26.5	43.4	31.8	33.9	25.7	45.5	
47.4	40.7	45.9	58.2	69.1	32.8	69.4	61.3	
20.1	19.7	13.6	24.1	22.9	17.3	17.9	17.1	
33.8	48.8	32.5	31.4	56.4	22.9	38.9	31.6	
15.8	36.4	48.9	34.2	45.9	53.4	44.8	37.5	
47.0	44.1	37.2	21.4	35.1	38.6	52.9	49.4	
28.7	34.6	21.9	31.6	24.3	26.4	32.3	22.9	
25.6	30.2	24.0	22.8	42.4	31.6	42.8	36.7	
23.3	35.7	41.4	20.7	52.1	26.5	45.7	33.4	
12.6	8.3	13.6	15.0	8.0	10.8	10.3	18.1	
49.1	57.5	49.4	24.7	29.5	53.5	19.9	49.8	
71.5	60.8	54.5	48.0	65.2	63.5	31.1	61.0	
13.8	17.1	16.1	17.9	14.3	13.2	7.5	15.8	
29.6	23.6	30.4	23.8	28.6	20.1	17.5	26.6	
24.1	14.5	19.2	31.3	16.2	19.1	33.0	17.6	
18.7	17.3	18.7	30.7	21.7	26.5	26.0	19.6	
53.5	94.9	55.9	40.1	42.9	50.7	48.4	81.4	
43.7	29.9	44.7	34.5	26.9	23.6	23.8	44.4	
29.3	24.4	25.7	29.6	61.9	48.3	42.3	20.0	
40.7	57.6	38.8	33.6	33.9	59.1	33.5	34.5	
35.4	24.6	28.6	32.4	26.5	33.2	18.4	29.8	
36.6	34.6	49.8	30.7	34.6	54.2	37.2	39.5	
29.8	39.6	16.5	43.5	30.5	39.8	40.6	21.2	
15.6	28.1	37.4	28.8	32.6	35.6	61.1	35.2	
40.1	29.2	41.8	24.5	34.8	17.3	22.8	35.1	
33.9	34.1	86.2	29.3	26.9	44.0	51.0	59.7	
45.7	70.4	18.9	64.2	64.5	64.2	41.9	54.6	
34.6	60.1	40.5	63.1	66.1	53.7	39.3	32.7	
17.0	14.9	21.6	27.4	9.9	34.9	14.8	26.2	
55.5	33.4	33.1	42.4	29.4	32.9	30.4	27.9	
35.4	24.7	46.3	52.1	51.7	48.9	34.1	28.2	
26.8	33.7	32.4	26.8	38.9	24.1	21.7	30.0	
32.2	52.0	37.1	49.7	26.7	43.9	46.2	42.6	
54.2	53.2	31.2	58.3	45.6	48.2	57.8	48.4	
48.9	46.0	69.4	59.0	64.2	56.2	52.5	86.5	
38.7	52.8	49.7	28.1	39.9	63.2	36.9	49.7	
64.6	36.3	26.9	59.6	26.9	72.4	39.3	83.0	
27.6	22.3	41.1	25.4	31.1	31.3	18.5	34.0	
41.3	35.1	21.2	34.3	27.4	34.1	36.3	54.4	
48.3	34.9	43.1	59.0	49.2	56.7	23.5	36.8	
43.8	30.1	29.6	22.3	34.1	31.3	20.3	15.9	
42.8	43.2	63.7	39.6	50.0	28.1	41.4	50.9	
52.1	61.1	74.5	51.5	69.3	43.3	65.5	64.3	
34.5	39.2	28.5	29.0	37.2	28.9	27.6	29.1	
33.2	26.6	36.3	50.7	21.1	50.9	38.8	27.0	
17.5	20.2	22.9	28.2	36.6	18.7	23.3	34.3	
50.0	66.5	39.3	93.1	52.3	43.1	32.7	40.6	
25.0	19.0	25.6	32.8	19.7	21.8	26.9	29.9	
35.8	20.8	52.1	33.1	20.3	31.2	57.7	41.1	
42.0	24.4	30.4	30.9	31.4	21.6	27.4	40.4	
17.5	31.8	21.2	21.6	34.8	32.1	27.3	21.8	
18.8	21.8	25.0	24.4	11.6	30.6	20.0	20.2	
20.0	25.2	25.2	24.8	23.4	36.3	46.9	22.3	
22.4	69.3	32.8	44.1	33.9	25.7	35.2	28.1	
31.5	35.4	40.2	20.2	25.9	28.1	22.3	29.4	
24.0	33.2	28.1	19.8	32.9	48.7	30.4	44.9	
22.7	22.3	18.2	45.5	26.0	36.3	46.1	27.1	
27.6	30.4	31.5	31.2	33.3	22.8	31.9	29.0	
21.0	30.0	17.5	21.2	27.6	41.8	31.2	56.6	
45.8	45.9	39.6	35.6	34.2	60.7	43.1	44.6	
24.9	43.3	42.0	56.1	43.2	51.1	50.4	48.9	
38.0	41.7	25.5	52.5	40.0	48.2	55.4	73.0	
60.5	82.5	31.3	42.6	58.1	48.5	40.5	47.8	
24.3	32.8	48.4	44.0	25.6	33.6	33.1	24.7	
39.4	26.2	20.2	25.3	33.1	36.0	37.9	25.9	
25.3	19.9	24.9	26.0	22.4	23.0	18.3	28.6	
18.1	32.6	42.1	34.2	36.9	28.9	24.5	45.0	
24.3	31.5	41.1	54.9	38.7	26.2	33.3	26.8	
29.8	27.1	37.1	18.4	30.2	30.5	33.9	26.8	
34.8	51.2	54.1	25.3	29.8	64.5	30.6	33.6	
32.3	36.6	50.0	23.3	46.6	35.5	34.4	23.3	
18.0	16.9	20.3	16.8	24.2	27.7	29.8	21.6	
20.0	23.1	45.5	21.0	28.9	28.9	21.0	33.7	
38.9	50.9	36.7	37.8	24.5	29.0	26.9	40.2	
31.3	26.6	23.0	24.6	46.5	38.8	72.1	53.3	
20.1	16.3	22.4	27.8	13.8	18.3	27.5	16.3	
21.6	36.8	21.2	25.5	22.7	25.8	37.8	25.8	
45.5	58.2	79.7	39.9	39.7	27.9	47.3	109.9	
42.0	65.1	68.1	25.6	30.9	59.6	39.1	41.6	
25.2	43.4	14.9	27.0	31.9	20.3	22.2	19.2	
42.0	49.3	53.7	40.5	56.3	87.3	45.1	35.7	
41.0	23.8	33.7	56.8	43.1	56.4	36.5	46.7	
39.9	59.0	37.1	64.4	24.4	56.5	49.7	58.7	
36.7	26.1	44.4	28.1	36.6	39.9	38.3	38.6	
74.0	54.5	49.2	28.2	36.9	53.7	43.7	37.9	
24.6	29.7	36.5	19.9	19.3	19.6	22.4	28.9	
26.3	30.8	38.2	47.2	34.2	24.0	36.3	26.6	
17.1	18.1	25.2	24.4	12.1	25.0	20.0	26.6	
36.9	36.9	29.9	41.8	31.2	70.6	32.7	38.4	
20.8	35.0	35.6	24.7	33.9	20.5	25.8	33.0	
30.2	21.6	32.2	27.5	24.9	17.4	36.6	13.8	
28.2	27.2	32.4	28.9	20.4	22.3	23.3	12.0	
25.0	31.3	30.7	25.7	47.5	23.0	34.0	23.7	
17.2	16.9	20.1	17.5	12.8	20.4	12.1	16.2	
30.7	27.0	24.8	24.3	52.9	31.9	35.3	22.5	
35.8	34.2	42.1	39.9	21.3	34.0	16.6	38.4	
44.1	47.0	61.8	36.7	57.8	33.3	61.7	51.6	
30.2	34.5	67.8	44.7	49.2	54.6	43.5	45.4	
38.4	18.1	31.5	36.2	32.4	35.9	22.4	36.8	
40.6	19.6	16.6	23.9	26.6	17.3	22.7	20.1	
36.6	39.8	39.8	54.3	62.9	73.0	31.3	35.2	
30.7	26.9	26.2	33.6	24.7	38.7	48.6	39.6	
33.5	19.2	27.6	13.3	23.9	35.3	32.7	47.8	
24.5	47.0	36.8	44.3	40.6	36.1	34.5	47.7	
18.3	18.0	24.6	24.8	12.5	29.4	27.3	26.7	
38.7	17.5	27.9	25.4	27.4	32.6	23.3	19.6	
35.4	44.5	47.9	45.5	33.6	43.2	40.1	36.2	
17.9	16.1	21.9	23.4	18.5	14.9	26.9	40.8	
38.3	32.0	38.2	27.6	28.8	33.7	32.5	49.7	
17.7	44.0	16.1	21.0	21.3	15.7	37.1	27.2	
47.6	47.2	41.1	36.3	31.3	45.3	42.0	28.6	
16.3	25.1	13.0	18.5	27.5	18.1	12.7	20.3	
43.7	41.0	51.3	32.4	31.0	28.2	45.9	20.4	
57.0	53.7	40.4	49.5	49.6	62.9	38.4	33.8	
36.2	36.6	31.6	31.0	20.9	42.2	30.7	31.6	
26.5	19.7	24.1	23.0	15.4	20.2	17.9	21.3	
49.3	37.4	40.9	57.8	36.2	71.2	53.8	38.2	
42.2	26.4	28.6	28.6	31.5	33.7	23.9	23.7	
42.9	46.8	58.8	48.3	64.5	45.7	62.5	40.1	
49.3	59.8	48.0	71.5	47.9	43.0	52.2	50.3	
37.6	47.2	53.9	43.4	36.3	26.5	36.0	17.6	
28.0	20.1	24.9	33.2	27.9	18.5	26.9	18.6	
52.5	53.5	37.2	43.7	42.3	41.4	46.8	46.4	
52.1	53.7	25.7	52.5	35.9	45.8	66.7	39.2	
27.6	25.6	19.9	24.7	9.1	16.0	29.5	16.3	
17.8	54.3	34.0	36.1	64.4	42.6	51.4	45.7	
25.7	29.6	32.4	39.5	39.3	27.2	34.1	28.3	
48.0	39.2	43.6	64.4	83.3	53.6	61.6	40.6	
20.7	14.5	28.1	22.7	33.8	32.9	25.7	31.6	
24.9	29.5	11.8	28.6	29.0	30.8	22.4	25.9	
33.8	34.4	47.9	17.4	35.8	67.9	53.7	36.3	
24.2	31.9	45.1	33.6	41.2	21.7	37.1	48.9	
26.9	29.1	46.3	37.8	27.9	26.2	27.9	34.5	
31.4	34.8	33.4	47.5	42.9	21.1	49.1	52.8	
33.6	50.9	14.3	36.1	30.4	25.2	16.1	34.5	
21.6	16.8	32.7	39.8	54.9	37.6	39.7	16.6	
31.0	29.2	42.3	32.3	21.8	30.9	28.4	25.2	
11.7	9.5	13.8	11.0	15.4	5.4	12.8	9.2	
34.0	49.3	43.2	46.9	44.0	38.0	31.6	42.1	
49.2	42.9	34.4	23.8	27.9	31.3	36.7	41.0	
78.2	48.5	51.3	60.6	64.0	68.3	53.2	94.6	
43.2	32.2	49.9	44.2	44.9	9.7	35.4	34.7	
20.8	31.8	31.7	57.3	55.1	40.0	47.8	33.1	
40.9	53.6	32.0	19.4	34.2	49.0	31.3	30.6	
42.0	36.0	22.3	29.2	25.3	38.6	33.7	44.7	
30.1	50.8	35.4	33.3	22.8	24.8	25.1	43.0	
37.3	63.5	31.8	42.9	40.8	49.7	67.6	48.0	
40.9	42.4	38.6	44.6	60.0	57.1	44.9	60.2	
23.3	27.2	21.5	23.8	29.1	19.2	36.7	34.3	
56.4	60.0	38.9	47.5	44.4	38.2	33.1	61.0	
28.8	13.0	21.9	16.4	15.4	16.5	18.1	12.8	
26.6	17.9	20.6	15.0	32.8	21.0	37.5	21.9	
46.9	24.1	34.5	47.7	21.0	30.7	39.5	39.0	
24.7	39.5	55.1	78.1	45.9	53.4	58.7	57.4	
26.7	12.4	15.9	24.6	22.9	18.7	17.7	36.9	
40.0	21.7	15.6	57.6	18.7	41.6	41.3	37.7	
17.6	10.3	25.0	13.4	35.3	22.1	11.8	19.9	
40.8	59.5	51.3	39.7	51.5	72.0	66.2	51.2	
31.5	32.5	42.4	53.0	34.5	44.4	38.6	38.4	
53.5	30.0	24.4	44.1	90.0	57.9	52.5	65.8	
16.8	29.5	33.6	27.5	23.4	28.0	23.3	26.0	
12.7	13.7	12.9	20.5	20.5	10.6	13.9	9.0	
40.0	31.2	24.7	29.1	21.7	22.5	28.0	28.6	
37.7	28.6	59.8	36.7	40.0	58.8	37.9	43.1	
44.7	63.0	55.2	47.4	39.7	41.1	35.7	30.5	
22.1	29.0	8.8	17.9	18.3	14.5	27.4	24.8	
41.1	31.8	21.8	34.6	29.1	23.5	31.8	21.4	
40.8	17.7	35.4	19.1	33.7	37.3	28.2	31.4	
26.9	52.9	67.5	34.0	18.7	44.2	32.5	32.6	
30.1	59.3	47.2	28.9	48.2	25.9	24.9	59.1	
27.7	27.4	35.8	22.9	40.8	29.9	36.1	31.7	
35.6	32.0	24.8	42.7	46.0	29.2	17.5	26.9	
22.5	20.6	44.8	26.2	30.1	26.8	48.4	26.7	
42.7	28.1	37.9	23.2	40.3	30.6	43.3	68.1	
29.5	46.0	45.9	34.0	28.6	27.2	35.7	35.8	
20.2	37.3	21.5	28.5	18.0	29.3	30.4	33.2	
11.8	21.6	14.9	11.4	15.8	20.8	17.6	11.7	
71.4	98.1	71.7	72.0	55.5	39.0	50.7	77.6	
26.1	32.8	24.1	27.4	19.6	28.8	27.0	30.7	
41.4	24.6	25.2	25.7	24.4	22.1	32.5	36.7	
20.5	10.4	18.0	18.7	21.7	16.0	15.1	16.2	
34.8	28.7	28.4	28.7	23.1	11.3	31.6	24.7	
50.2	52.3	19.7	71.7	33.8	48.4	49.6	47.7	
15.4	18.5	12.2	23.0	18.3	18.2	13.1	18.9	
23.8	27.2	20.4	17.5	32.1	32.7	17.0	11.7	
37.3	60.2	42.7	76.4	32.0	36.9	56.5	45.1	
38.2	35.6	21.6	26.5	25.5	21.4	25.9	46.5	
25.9	23.3	22.1	40.2	30.3	23.3	26.2	27.2	
47.5	22.5	18.0	34.7	20.9	24.6	42.9	48.6	
44.9	45.4	50.1	57.1	39.5	40.1	50.9	39.9	
34.1	21.3	24.2	17.2	31.4	19.1	23.6	14.3	
26.8	46.1	53.7	46.6	46.4	54.7	45.3	65.4	
41.6	24.7	51.9	43.4	64.0	53.2	71.1	44.6	
59.0	46.0	46.4	51.5	29.5	55.6	37.1	21.9	
29.9	20.0	17.3	23.4	20.1	20.3	39.3	43.3	
40.5	27.1	22.5	45.2	28.9	29.9	34.7	34.5	
27.3	25.2	39.3	40.6	34.0	29.9	54.2	34.5	
70.5	54.9	28.8	40.5	91.1	70.5	50.4	60.3	
42.6	35.8	36.3	55.3	28.7	37.7	36.6	21.4	
24.8	40.0	25.8	33.9	34.4	25.6	25.6	42.1	
20.3	31.1	18.2	26.6	18.0	12.7	32.5	9.9	
74.9	26.1	48.8	52.6	57.1	50.5	26.2	47.3	
66.5	64.9	56.2	58.5	52.9	47.7	65.6	58.9	
41.6	34.9	29.2	34.4	28.9	48.2	23.7	35.6	
28.4	32.1	21.5	20.6	17.2	30.0	37.2	18.2	
31.6	42.0	38.2	47.7	36.4	45.6	40.6	32.4	
24.2	15.4	18.1	32.9	17.1	19.8	21.7	23.8	
19.2	17.2	18.9	30.1	28.7	27.1	23.5	43.7	
55.9	58.1	33.2	50.5	43.3	42.2	36.8	26.2	
24.5	30.1	27.6	33.6	13.8	32.1	19.0	11.8	
57.6	59.8	36.5	49.0	38.7	31.4	54.5	44.1	
35.1	40.3	52.5	62.6	36.5	57.7	48.0	43.2	
83.4	52.1	22.5	30.1	36.7	37.5	44.6	33.3	
38.2	46.8	27.6	32.5	55.0	15.6	36.8	41.9	
29.6	32.1	23.6	24.2	34.8	17.9	30.7	29.1	
20.4	17.0	14.8	22.5	19.9	19.8	22.4	19.9	
56.2	28.4	35.7	52.9	39.9	58.2	46.3	66.8	
24.4	17.1	14.5	25.3	19.4	36.5	34.5	18.1	
31.0	32.6	14.2	20.3	35.1	32.1	32.8	20.8	
22.9	32.0	37.9	47.6	21.0	29.6	23.7	24.8	
20.8	25.6	17.3	25.4	28.3	35.8	42.2	27.7	
20.2	25.6	24.0	25.6	26.5	30.9	17.9	22.9	
40.3	27.0	25.2	47.3	29.9	43.3	27.3	25.7	
60.1	28.8	21.4	48.6	27.6	50.0	37.2	49.7	
46.1	43.2	29.1	41.3	29.4	26.6	46.7	33.5	
30.0	15.3	27.7	26.8	10.8	15.6	26.5	54.1	
53.4	46.3	40.2	42.6	46.7	36.4	47.8	53.0	
42.3	31.6	30.4	40.9	38.1	23.7	33.1	28.7	
29.9	21.6	26.2	27.4	14.5	22.7	18.7	24.8	
23.7	38.8	27.8	64.6	43.8	53.5	28.6	43.2	
40.8	27.2	32.4	40.7	31.1	59.2	36.3	29.5	
21.0	27.2	33.6	37.7	32.9	40.9	25.3	33.1	
43.8	33.3	38.1	41.8	46.9	32.4	57.3	17.4	
19.1	17.1	31.7	34.4	24.7	18.4	36.4	22.7	
33.4	45.7	25.8	46.7	51.2	56.7	63.2	72.2	
35.3	54.6	35.4	35.5	61.5	37.1	36.8	38.1	
28.3	36.5	28.9	28.8	28.2	19.0	27.0	23.5	
18.3	10.2	15.5	19.9	31.1	29.5	12.9	30.9	
21.4	17.3	31.1	33.2	37.2	30.7	16.4	27.0	
26.2	27.6	18.9	26.4	28.4	27.0	25.5	25.1	
21.7	31.0	32.2	42.9	32.0	28.1	50.3	28.9	
41.6	30.8	28.3	40.4	21.8	52.6	25.1	20.5	
17.0	21.4	24.2	31.8	23.2	28.5	8.0	27.5	
29.0	21.7	21.8	37.8	11.6	22.0	17.7	25.7	
10.0	16.0	12.1	16.8	11.2	20.3	12.8	20.8	
22.9	48.9	24.0	28.6	22.1	25.3	34.3	30.0	
16.1	23.8	18.9	25.2	43.4	33.4	33.1	19.6	
27.9	32.5	17.4	17.4	34.1	21.5	16.2	21.8	
29.2	30.7	27.9	46.6	34.8	27.1	26.4	34.3	
20.4	16.5	21.6	35.2	49.7	33.1	17.4	24.9	
9.9	33.0	24.7	26.0	14.0	24.9	26.1	32.7	
29.0	36.0	36.6	52.4	48.5	23.6	21.3	17.3	
52.8	69.6	46.3	55.6	54.6	54.0	32.0	48.0	
23.3	35.2	33.4	45.2	22.3	26.3	46.0	36.3	
24.0	21.8	29.8	34.3	42.7	33.2	25.7	30.7	
33.8	69.5	32.8	37.2	29.9	31.1	42.3	32.0	
17.5	8.4	9.8	22.2	18.2	16.4	23.0	15.2	
54.4	31.1	45.7	48.7	43.4	59.6	71.2	46.4	
18.4	18.8	22.2	31.1	19.5	20.9	20.1	15.5	
40.1	28.8	28.2	51.4	40.6	57.0	36.7	58.2	
26.7	16.2	24.9	24.4	17.8	14.5	21.4	48.4	
33.8	51.5	49.1	64.2	74.9	55.5	51.9	28.0	
39.3	42.2	45.9	66.4	39.5	32.1	46.6	63.6	
60.3	25.7	31.1	42.8	31.7	36.5	54.8	19.8	
41.8	28.0	39.7	50.2	20.5	55.7	48.2	22.6	
32.5	39.3	29.3	40.6	27.7	46.4	44.1	23.4	
51.8	37.7	33.2	41.2	41.6	37.1	24.4	28.7	
27.3	42.9	50.1	69.4	71.9	94.8	75.5	77.9	
33.8	37.9	23.6	35.4	34.2	20.0	33.0	25.9	
45.2	33.4	30.6	45.7	35.6	21.9	26.0	39.0	
47.4	39.7	49.6	53.1	40.7	50.6	61.0	41.2	
29.8	23.6	14.0	32.7	33.1	20.1	28.3	25.6	
79.9	50.6	41.8	47.7	70.2	35.4	49.4	23.8	
39.9	76.8	50.0	56.1	63.0	49.8	107.2	70.5	
39.7	31.9	28.6	40.7	33.4	39.9	44.9	44.2	
62.7	34.6	53.1	63.6	49.5	40.5	44.5	63.8	
42.2	44.4	49.1	51.8	55.1	48.5	86.4	53.0	
33.6	52.3	60.1	64.6	35.8	31.4	53.0	38.8	
29.9	43.1	25.6	38.2	20.3	50.0	26.4	21.6	
27.5	38.7	33.8	34.2	40.2	24.9	37.9	38.6	
52.4	43.1	40.6	52.1	24.7	25.0	50.4	43.8	
26.8	29.9	21.9	53.8	49.9	39.0	45.5	61.9	
38.1	17.8	23.2	33.8	27.8	27.2	40.0	38.3	
19.5	26.9	22.4	32.2	27.4	31.3	25.5	23.0	
35.3	61.6	43.1	47.6	49.6	71.2	28.8	71.6	
40.4	53.3	37.8	41.9	36.9	30.3	46.5	25.7	
28.8	34.5	18.8	40.1	39.5	40.5	28.9	22.0	
33.3	30.5	18.3	41.0	39.7	29.1	18.7	23.7	
44.8	80.0	39.4	52.9	62.0	61.5	55.3	43.2	
43.8	60.6	19.6	44.1	37.6	57.0	34.8	52.2	
14.6	30.7	30.0	33.6	37.1	29.9	28.5	11.1	
28.9	50.3	18.5	33.1	38.1	56.2	25.9	48.8	
41.0	30.5	26.7	60.0	23.8	47.6	57.6	33.6	
45.2	20.6	33.4	43.5	41.0	36.8	68.4	36.4	
11.3	18.0	20.5	21.7	16.9	29.1	17.5	16.5	
15.4	14.2	14.1	13.1	26.2	18.3	13.6	7.5	
18.9	15.8	14.4	19.9	8.7	16.2	11.4	14.8	
15.7	36.1	26.1	35.8	16.4	32.8	29.8	38.0	
18.1	33.0	23.1	29.9	33.3	32.3	45.7	41.4	
58.7	29.2	43.6	62.3	24.3	48.7	77.0	46.7	
23.3	22.7	22.2	27.7	23.1	19.9	47.6	37.5	
42.7	24.8	54.7	80.5	72.2	44.1	19.3	24.5	
32.4	25.2	17.5	44.1	39.5	21.8	36.0	18.1	
13.2	16.4	21.0	26.1	14.6	19.2	22.6	15.9	
22.8	27.3	18.8	28.3	15.3	23.3	32.5	27.4	
17.9	24.8	23.2	28.9	25.2	26.5	14.1	24.3	
52.5	53.1	26.0	39.6	33.6	48.3	30.0	39.7	
22.0	30.8	17.0	34.7	19.8	8.4	19.8	22.3	
49.1	25.1	55.0	62.0	24.8	29.4	44.7	35.5	
20.4	20.9	13.8	26.9	19.0	25.3	20.6	28.6	
30.4	32.0	27.4	39.4	42.1	27.3	42.4	32.5	
42.7	39.6	26.3	36.0	33.6	24.8	28.4	23.6	
23.8	32.5	29.0	38.9	36.5	28.8	32.4	27.5	
16.2	31.6	26.6	42.4	21.6	36.4	35.0	36.3	
19.8	23.5	20.1	20.6	17.1	26.3	16.8	18.6	
55.3	105.0	58.3	62.9	67.7	40.7	47.4	63.2	
28.2	56.3	31.3	43.2	46.9	43.5	32.4	43.7	
31.9	11.9	14.5	18.8	16.6	13.3	17.7	12.3	
56.1	45.3	38.6	47.0	68.0	42.1	67.0	70.1	
19.8	26.8	31.4	36.3	14.3	21.0	43.4	38.3	
30.5	39.7	31.2	67.8	30.6	43.8	33.0	41.9	
29.5	52.6	29.7	39.0	24.1	25.7	27.3	31.4	
23.7	24.4	16.7	17.1	33.0	52.9	38.6	41.8	
36.2	28.0	29.7	35.0	27.5	30.1	39.4	23.4	
47.2	43.5	41.7	78.0	33.8	44.5	34.3	32.9	
46.1	44.6	43.4	48.4	42.3	46.0	56.0	38.6	
23.0	20.8	18.1	26.4	17.5	19.5	20.6	22.7	
21.0	34.4	26.0	25.6	32.6	18.1	19.9	19.9	
13.5	17.9	14.9	19.7	11.9	18.0	16.5	20.4	
16.6	25.0	13.9	29.5	20.4	29.7	26.5	26.7	
21.7	23.6	33.3	51.6	47.1	40.2	22.3	23.0	
42.3	33.8	29.2	56.1	27.8	33.9	42.3	20.5	
41.6	17.2	30.7	38.0	47.2	43.5	30.9	45.0	
26.3	18.2	11.9	27.9	11.2	12.4	13.7	15.0	
38.4	57.3	42.6	48.8	44.8	53.5	52.9	36.8	
16.5	38.1	32.9	35.0	17.0	26.2	16.4	23.1	
39.0	23.7	24.6	38.6	33.1	26.4	25.5	22.1	
32.2	56.1	43.8	48.5	20.8	31.1	36.3	52.8	
80.2	46.1	45.5	46.8	56.3	38.2	55.6	58.5	
19.4	24.2	17.5	56.1	42.0	40.1	42.2	35.3	
34.5	40.4	12.2	23.9	36.2	17.7	25.2	25.6	
33.5	18.5	23.8	42.4	46.1	34.3	37.7	31.0	
37.3	32.5	26.3	38.2	26.6	31.7	28.3	32.0	
21.0	24.0	31.4	49.8	36.7	21.8	35.9	24.8	
36.8	16.1	31.0	38.8	24.8	27.0	33.9	34.3	
25.3	44.3	14.7	19.8	19.1	29.6	40.8	31.1	
18.7	18.5	21.0	32.1	21.0	32.7	22.7	32.3	
12.2	40.5	30.8	35.1	12.2	31.6	35.7	33.9	
30.3	21.9	23.2	31.5	24.2	31.9	25.8	26.8	
26.4	28.1	28.7	35.2	36.5	26.6	20.2	39.3	
29.5	20.1	20.9	39.2	9.3	14.7	17.1	33.5	
24.4	49.1	17.9	30.9	38.7	25.9	22.8	40.6	
23.0	23.0	30.1	43.4	44.6	33.1	28.9	29.2	
22.0	26.5	22.9	30.1	23.1	17.6	30.9	24.7	
20.6	49.6	23.6	32.5	14.5	19.9	26.0	19.7	
30.9	26.1	20.8	36.6	27.8	15.0	21.3	27.6	
23.8	49.9	48.7	56.7	51.1	51.2	30.2	86.1	
44.5	55.2	38.0	40.4	55.0	60.3	45.5	52.7	
22.0	36.7	30.3	37.0	30.6	17.0	22.6	42.2	
29.5	31.6	21.5	22.7	23.9	12.7	28.3	29.8	
19.9	20.4	24.3	36.4	18.9	28.6	20.1	29.2	
44.4	51.3	43.6	49.5	40.6	44.2	58.1	46.2	
38.4	20.9	24.3	27.3	39.9	27.7	29.2	28.0	
37.6	33.3	21.2	25.0	27.8	34.5	23.2	46.8	
27.2	26.8	31.3	35.9	19.0	26.2	33.5	19.4	
37.3	31.6	25.1	26.3	29.7	24.1	24.5	40.7	
38.0	38.6	36.6	45.6	54.8	56.3	45.2	30.1	
19.6	15.6	15.3	21.2	35.0	23.6	14.1	19.4	
25.8	51.5	32.5	31.7	38.1	55.2	57.8	55.2	
22.5	9.6	27.1	32.5	27.9	39.1	32.4	49.8	
20.8	13.9	11.8	19.2	15.5	15.2	15.5	12.5	
34.9	24.0	22.7	27.0	30.1	52.9	22.4	27.1	
16.8	23.1	28.1	29.2	30.1	32.6	30.2	33.6	
30.4	35.9	22.5	31.9	25.2	30.8	29.1	33.1	
11.9	19.6	16.9	23.1	19.8	17.6	21.4	20.2	
15.2	26.6	25.3	27.5	16.5	36.0	25.4	30.6	
51.8	21.4	46.0	58.4	51.4	48.2	44.7	71.6	
26.4	33.0	15.1	21.7	22.1	14.8	18.4	47.1	
42.9	40.7	36.4	41.6	20.1	40.4	30.2	32.9	
26.3	23.9	15.9	26.0	35.2	10.5	10.5	23.7	
56.0	45.5	35.9	59.0	27.6	56.9	26.0	27.1	
24.7	18.0	23.0	27.1	30.5	18.5	28.0	57.1	
17.7	21.1	12.3	14.4	21.7	9.4	15.4	11.9	
34.8	20.1	20.5	19.8	14.7	23.0	18.0	15.5	
25.6	36.2	33.6	45.5	35.5	28.7	38.8	23.8	
31.8	35.9	40.4	58.8	34.1	19.8	46.1	35.0	
40.4	30.0	20.0	23.8	14.7	12.9	25.4	20.2	
69.7	57.1	52.5	66.6	80.0	58.2	58.5	107.9	
28.5	14.8	25.5	36.2	38.8	13.6	35.4	26.3	
28.1	56.3	22.3	40.4	42.2	16.5	41.0	29.4	
33.9	40.8	32.5	33.6	30.6	40.6	21.1	36.9	
51.6	35.3	28.9	31.2	30.4	32.7	22.4	20.4	
57.1	30.0	28.8	30.3	16.6	15.6	35.5	46.7	
20.8	30.3	33.6	58.6	35.5	26.6	23.0	36.5	
33.7	28.8	20.2	33.4	32.9	22.7	29.1	12.9	
37.0	44.9	32.9	48.1	45.2	29.9	37.9	31.5	
61.2	38.8	29.9	69.2	72.0	49.5	49.8	60.7	
17.0	23.2	10.1	29.7	16.4	31.9	35.7	26.3	
26.3	12.3	20.5	23.6	21.2	30.0	17.2	18.5	
25.4	35.9	18.2	32.2	22.6	22.8	34.6	18.4	
30.7	67.1	12.9	51.4	37.1	48.6	38.8	32.1	
32.5	32.5	26.2	35.4	40.6	24.4	42.7	22.8	
38.3	32.1	14.7	28.7	38.1	59.7	36.7	25.6	
38.6	28.8	28.6	30.1	38.3	38.7	15.6	25.7	
13.2	17.2	30.3	30.7	22.7	23.5	9.2	18.9	
35.8	28.6	46.5	53.6	52.7	41.8	32.4	47.6	
44.0	39.3	32.3	39.8	56.0	34.1	33.4	45.6	
22.8	25.5	13.8	24.2	25.6	51.9	30.9	27.5	
25.1	28.2	20.1	39.7	40.8	34.0	42.6	29.1	
40.6	23.8	22.3	32.5	32.8	43.8	22.7	28.2	
31.3	23.2	25.2	29.1	20.4	25.1	24.9	26.4	
29.6	36.6	20.8	27.2	37.3	24.2	44.4	32.7	
24.2	19.1	37.3	39.3	24.8	21.0	43.7	33.0	
9.2	7.3	7.5	8.5	4.4	9.5	6.2	8.4	
30.9	32.2	32.2	34.9	36.4	36.4	26.2	31.0	
39.5	21.3	22.8	48.1	62.7	28.9	55.9	36.5	
35.1	41.1	33.2	41.8	28.0	34.6	16.5	13.6	
63.7	32.6	40.2	52.7	28.2	30.4	40.5	35.7	
44.7	48.3	20.2	23.2	45.4	16.3	33.7	34.3	
22.5	31.8	26.6	36.0	20.7	15.2	29.3	31.0	
38.6	52.7	36.5	46.5	59.5	24.6	38.5	48.4	
33.5	31.6	7.7	30.5	22.6	27.2	15.4	19.1	
70.9	58.0	34.4	82.3	54.9	97.1	78.6	52.2	
24.2	35.1	31.0	30.3	25.5	26.4	37.2	29.4	
19.1	33.5	26.0	33.5	40.6	28.2	24.2	19.0	
57.1	31.8	36.3	56.9	54.9	35.4	45.2	39.6	
22.0	49.6	25.7	28.0	61.4	49.2	32.8	31.7	
21.0	36.3	33.2	40.9	26.6	43.4	31.0	29.4	
22.8	37.7	20.3	26.7	19.1	22.3	39.5	26.3	
36.9	50.4	25.3	37.7	42.1	34.8	26.9	43.0	
34.3	30.8	10.6	34.5	24.5	26.0	15.8	14.9	
18.3	10.3	11.7	21.0	10.9	15.7	13.3	14.9	
26.6	32.0	29.1	28.7	14.7	23.2	33.8	23.5	
38.6	32.0	26.1	28.1	30.2	33.7	41.5	36.5	
61.7	43.7	27.8	40.6	57.2	54.0	41.3	39.5	
34.4	36.3	19.0	33.4	13.3	25.7	18.8	28.4	
22.9	18.4	15.2	31.8	26.7	31.5	15.6	44.6	
24.2	19.7	24.6	31.1	30.4	19.6	32.0	24.5	
38.4	62.5	33.2	38.6	24.4	26.0	44.2	33.6	
46.6	35.6	19.7	32.6	22.5	30.6	52.1	34.5	
32.9	34.9	15.4	32.4	30.8	30.1	26.0	19.0	
28.5	45.1	20.0	35.9	28.0	12.7	40.9	24.6	
24.8	42.7	27.4	33.8	41.1	37.5	23.3	28.0	
38.3	36.1	24.1	28.0	19.6	39.9	34.6	33.2	
36.4	24.2	38.8	47.6	58.8	42.1	51.6	42.5	
28.9	32.3	45.1	46.2	31.7	46.3	23.5	18.5	
31.9	61.6	47.9	49.6	40.8	24.5	38.6	28.0	
23.4	36.1	23.0	33.1	34.9	25.3	26.6	22.9	
34.0	22.5	30.1	30.4	26.6	31.7	14.1	24.9	
20.3	18.0	20.7	23.7	22.9	23.5	25.6	28.8	
25.7	35.6	28.9	56.0	24.5	44.4	48.5	40.8	
59.5	31.4	24.3	43.2	47.9	31.6	76.8	46.2	
24.7	29.3	25.9	34.0	32.6	25.7	25.6	39.5	
27.7	36.4	37.0	41.1	41.0	33.2	51.7	52.3	
46.4	36.4	34.8	40.9	56.9	30.0	26.5	42.8	
24.6	25.9	28.0	43.5	23.8	37.5	30.0	25.0	
26.1	54.6	33.4	51.7	42.1	36.0	26.2	27.0	
50.4	42.7	20.7	34.9	37.8	45.0	36.9	24.9	
47.2	39.9	40.0	49.9	51.4	22.1	34.9	37.1	
30.6	43.9	32.1	38.0	52.9	37.8	33.0	32.4	
24.3	11.6	13.4	26.9	14.9	27.1	21.7	20.5	
48.0	32.3	37.6	38.5	43.0	45.8	54.3	63.8	
10.3	23.4	29.5	38.3	31.6	31.0	38.1	25.7	
33.2	37.7	17.1	50.9	38.6	26.2	32.7	25.1	
17.8	32.5	23.0	26.4	58.4	36.3	39.8	25.3	
12.1	39.0	33.4	38.4	16.3	20.0	19.3	15.3	
20.4	10.2	13.4	15.4	9.4	10.0	10.4	16.7	
23.3	20.4	16.5	26.1	31.0	19.8	17.3	23.5	
47.2	30.9	35.5	37.8	27.0	34.9	33.8	36.9	
60.5	38.8	38.6	55.6	61.0	55.0	34.7	44.1	
40.1	43.0	40.1	37.5	50.0	46.2	33.7	50.1	
18.4	23.7	24.7	18.9	26.2	13.3	39.2	21.3	
26.8	19.3	30.2	26.8	33.5	26.3	40.7	13.0	
26.2	46.1	31.1	23.4	25.6	23.3	39.2	23.0	
47.9	41.5	38.5	36.0	34.5	25.4	27.8	36.0	
45.3	26.1	28.9	27.8	29.9	25.9	35.7	27.1	
19.6	12.6	12.7	13.5	15.7	15.2	16.9	19.9	
22.9	24.5	30.0	35.9	24.1	22.8	38.7	28.8	
17.9	9.8	30.8	12.1	13.8	8.2	10.1	20.4	
32.3	40.1	25.6	37.7	38.6	39.7	20.1	49.6	
27.8	16.5	27.1	30.1	29.2	28.1	22.3	22.3	
30.5	16.7	17.5	18.8	9.1	21.0	19.9	22.0	
35.7	45.8	49.3	43.6	41.9	35.3	41.9	40.9	
41.3	47.6	51.6	69.4	76.2	39.4	61.4	90.3	
40.6	37.3	37.9	34.0	46.1	24.3	39.6	36.2	
10.2	19.4	14.0	19.8	15.8	15.0	8.4	10.5	
53.8	63.4	56.9	54.4	72.0	35.5	58.5	41.1	
26.3	39.7	28.6	29.9	39.7	33.9	35.0	21.8	
36.7	25.6	35.8	49.3	57.3	40.6	44.5	46.4	
10.5	7.1	12.2	7.4	14.7	10.1	5.1	13.8	
32.7	30.0	50.1	27.7	26.4	23.7	21.3	44.3	
61.9	24.4	34.7	36.9	38.5	41.3	23.8	39.4	
94.1	38.2	46.3	100.6	48.9	53.7	39.7	48.6	
21.1	18.8	31.1	20.5	35.3	29.7	33.3	25.0	
32.4	29.1	15.8	17.0	22.9	32.6	46.6	25.5	
36.3	32.6	26.1	27.7	51.5	36.3	22.3	18.5	
42.3	37.7	41.3	31.9	47.1	46.5	34.5	36.9	
41.8	74.1	50.0	44.7	56.3	45.3	79.9	54.1	
31.8	50.2	31.6	39.4	42.2	43.2	52.0	29.2	
21.3	29.7	47.6	27.0	33.9	20.8	20.4	23.6	
39.0	68.6	51.1	36.8	69.0	43.0	60.2	72.1	
13.8	43.2	21.8	23.5	33.8	35.3	18.0	34.4	
59.1	38.4	35.5	42.1	34.6	28.5	36.0	51.8	
13.5	12.1	14.7	16.5	18.9	12.7	14.4	18.0	
20.7	35.6	21.3	20.3	15.6	31.6	37.7	34.0	
39.5	36.1	37.6	38.5	40.6	41.9	75.5	34.5	
22.3	40.4	40.6	44.8	23.1	28.3	72.0	42.0	
30.3	28.3	30.1	24.3	27.7	61.4	19.2	55.3	
61.1	55.7	30.8	51.2	55.9	58.9	41.0	31.3	
49.2	38.5	44.1	50.3	40.7	41.4	58.8	47.8	
30.3	15.4	18.1	18.5	25.2	15.9	14.3	31.1	
21.3	23.7	14.1	22.5	24.6	23.6	27.7	22.2	
12.8	12.9	25.0	13.1	15.8	18.6	18.0	18.0	
18.0	55.1	47.9	32.8	32.8	23.2	62.9	21.9	
41.3	36.3	36.7	35.1	37.1	35.2	38.8	57.2	
19.9	27.1	19.5	33.3	26.8	22.2	50.4	19.0	
22.3	26.8	33.2	26.9	28.1	42.8	22.0	34.7	
13.7	21.7	31.2	47.6	21.3	30.5	21.3	26.6	
74.7	42.0	45.8	36.0	26.4	24.4	39.0	88.0	
39.5	21.7	29.4	32.8	38.4	18.1	31.0	22.2	
19.3	37.6	15.7	31.0	24.6	26.2	28.8	35.2	
33.6	36.4	57.6	37.4	46.1	67.1	47.9	68.8	
50.9	35.7	31.6	23.7	28.8	21.8	28.5	54.3	
35.0	27.6	48.2	51.0	34.1	30.9	39.3	48.8	
42.4	67.9	41.1	43.0	78.4	41.3	34.1	40.7	
43.5	46.0	39.9	79.6	37.9	61.1	57.8	66.1	
40.3	22.8	37.9	36.9	31.1	55.5	34.7	41.6	
31.4	33.1	57.0	64.5	51.1	34.0	62.9	31.1	
19.6	27.5	25.1	38.0	22.1	24.8	26.2	29.0	
22.6	43.0	29.8	46.7	26.9	22.4	13.4	18.0	
48.8	75.7	33.3	66.2	59.9	24.9	49.6	62.1	
97.6	71.0	43.2	88.0	49.8	43.1	45.1	51.3	
23.4	28.2	16.5	17.1	19.2	20.0	32.1	32.4	
28.3	21.3	29.2	22.2	21.7	17.8	16.8	27.3	
59.5	80.5	51.6	36.7	39.9	26.7	38.2	39.0	
35.0	43.7	23.0	19.0	25.7	41.0	81.3	72.9	
30.5	44.3	40.6	22.8	14.0	32.7	18.6	42.4	
65.5	26.0	36.8	32.7	47.4	51.3	40.3	20.0	
62.1	34.9	27.2	36.3	35.0	17.4	34.8	56.7	
32.6	31.3	24.4	36.6	21.3	41.8	35.9	27.1	
36.8	32.7	41.8	34.2	33.9	36.1	26.7	25.3	
29.7	34.2	54.6	49.7	34.5	32.3	35.4	40.5	
22.3	30.5	17.4	32.1	34.2	12.7	27.2	24.1	
37.5	31.8	27.7	29.5	16.6	31.9	38.0	28.3	
17.1	28.6	24.0	26.3	16.1	17.0	18.1	18.9	
46.5	65.9	46.9	39.6	29.2	50.2	28.6	27.3	
24.4	28.1	31.0	22.2	17.9	12.8	19.6	13.7	
33.4	21.9	34.8	27.6	80.0	20.6	58.1	48.3	
42.7	42.3	35.0	37.3	34.5	33.0	44.0	28.8	
23.8	25.7	35.6	28.1	30.5	40.5	22.0	33.3	
38.7	36.1	23.0	19.9	25.0	32.4	24.4	18.5	
26.0	24.4	19.8	15.5	12.1	26.5	24.1	33.3	
24.8	19.4	16.4	23.1	28.5	18.0	15.6	37.3	
50.9	24.3	54.7	60.6	34.9	33.4	33.2	42.2	
46.9	58.4	37.6	58.0	31.4	34.0	48.3	47.1	
26.6	26.0	43.7	41.5	38.5	21.3	19.9	30.9	
42.4	33.6	36.7	37.0	51.0	55.6	31.0	51.4	
46.8	51.0	23.4	59.9	46.6	54.0	47.8	47.9	
33.3	24.2	30.9	25.9	24.4	53.4	34.3	44.6	
43.1	42.0	28.8	41.1	55.3	44.9	45.3	31.9	
46.8	47.9	41.6	42.5	25.7	39.2	59.9	40.4	
36.0	60.9	50.1	19.6	33.8	69.6	33.1	32.5	
27.5	41.9	24.5	17.6	14.8	38.1	28.8	31.6	
44.7	49.1	60.3	55.4	43.3	43.3	75.6	29.8	
74.7	36.8	65.8	30.1	62.4	66.7	43.3	61.6	
20.6	26.1	24.2	40.7	29.5	34.6	28.8	48.3	
24.4	37.4	31.2	50.1	29.4	43.6	24.2	37.5	
42.4	62.0	26.6	35.7	45.0	32.1	53.0	46.0	
18.0	23.4	29.4	53.0	39.5	22.6	16.0	18.6	
26.8	23.0	13.0	37.2	32.1	33.6	31.9	21.0	
14.0	27.3	16.5	25.9	23.4	31.5	31.6	28.5	
57.9	33.4	32.5	42.1	39.7	36.5	46.9	46.7	
56.3	48.4	34.9	46.1	50.7	17.9	53.9	39.8	
113.8	48.2	120.9	83.7	79.3	85.3	72.2	75.0	
27.0	15.0	19.4	28.9	24.9	29.2	17.4	21.9	
28.5	33.8	23.9	50.9	46.4	34.9	39.6	24.2	
40.5	33.1	35.8	13.6	26.1	28.4	49.9	35.0	
19.1	22.5	35.0	38.0	39.9	26.8	29.9	32.0	
43.4	55.8	41.3	29.9	44.4	83.3	44.2	37.8	
28.7	39.4	22.5	51.0	47.4	33.4	31.0	34.0	
23.2	32.9	20.1	22.6	33.0	22.2	16.5	38.6	
34.5	38.9	43.6	39.5	41.2	65.9	15.2	23.2	
35.3	32.0	46.7	31.0	35.0	29.7	39.8	44.2	
68.1	75.0	80.9	67.0	54.6	63.7	75.9	61.3	
19.2	23.1	26.7	11.6	23.0	16.1	8.7	15.7	
47.4	38.9	29.3	23.4	28.1	31.0	19.8	30.6	
31.0	31.7	20.2	32.1	43.8	57.3	35.5	40.0	
13.7	15.2	13.4	16.4	10.9	10.1	20.5	18.7	
38.8	18.5	23.0	24.7	19.4	25.9	18.0	12.4	
61.0	38.9	29.2	38.1	38.6	40.5	19.9	22.9	
19.2	14.5	15.0	12.4	15.8	18.5	13.2	18.3	
46.4	21.2	24.3	33.6	36.0	35.5	41.3	41.4	
46.8	30.0	51.6	40.2	58.3	53.8	60.2	45.4	
36.7	40.2	28.6	34.7	39.5	41.9	33.1	30.7	
38.8	46.7	33.2	25.6	28.0	34.0	45.1	22.7	
10.2	19.7	19.9	11.0	27.5	11.9	26.7	17.4	
25.1	48.2	22.4	27.3	40.9	26.9	36.0	27.8	
30.3	22.1	21.7	23.4	21.6	19.2	23.6	35.7	
24.7	26.0	22.7	34.1	43.1	35.1	29.2	24.9	
37.0	45.8	27.9	57.5	38.5	35.8	46.3	44.9	
48.9	30.6	28.3	43.7	38.4	24.9	32.3	75.8	
22.5	18.0	21.9	19.4	23.3	22.2	21.3	22.9	
55.1	55.8	34.0	30.8	37.1	47.2	55.0	33.3	
28.9	26.8	26.5	33.9	17.4	22.5	24.4	27.2	
49.7	53.6	28.6	40.0	53.8	27.1	30.1	22.0	
30.4	38.6	36.4	29.1	29.2	33.3	21.9	41.4	
15.1	38.7	22.4	30.3	32.1	37.2	20.7	33.9	
63.6	37.6	35.0	32.6	31.6	49.4	43.3	63.7	
44.1	29.3	32.7	30.8	31.8	33.1	25.8	31.3	
32.9	51.5	25.2	45.0	23.6	53.0	42.3	31.1	
46.7	32.8	47.9	55.6	36.5	58.3	40.4	45.1	
55.2	48.5	124.5	91.0	75.3	40.4	69.3	86.2	
55.4	37.4	33.4	39.5	32.8	43.4	36.9	20.5	
45.0	33.8	51.1	31.0	42.8	29.8	16.1	43.9	
39.4	26.8	44.3	29.1	30.8	47.5	53.9	36.5	
54.8	86.3	56.3	85.1	68.8	92.8	50.3	68.5	
35.7	41.0	25.7	23.9	19.0	33.7	40.8	28.7	
18.3	17.6	22.4	13.4	26.4	18.7	21.6	17.1	
40.8	55.0	57.1	31.6	49.8	50.2	36.3	54.6	
46.7	22.8	18.8	36.7	31.4	34.0	37.4	58.0	
31.0	73.8	67.7	62.0	57.6	23.9	43.8	32.9	
20.5	18.6	18.2	29.9	16.3	31.9	28.7	14.8	
21.4	38.0	67.2	30.8	25.8	13.5	37.1	22.1	
62.4	20.1	22.3	53.8	37.4	45.1	26.6	35.5	
30.7	17.5	30.3	17.5	30.5	33.4	28.7	39.5	
35.2	60.1	49.2	36.4	32.7	57.9	69.7	30.0	
19.8	22.7	23.7	19.4	24.3	13.4	29.9	17.4	
14.3	18.9	11.3	13.3	10.9	22.4	17.0	16.4	
31.7	58.2	33.0	62.2	32.8	56.0	49.6	83.5	
33.1	29.1	28.0	24.9	32.3	38.3	17.3	28.5	
14.2	29.8	23.6	20.6	30.7	38.2	27.7	26.8	
46.8	23.3	28.2	37.7	24.6	31.1	35.7	25.8	
20.2	27.0	27.8	22.0	37.1	29.8	20.4	38.7	
28.9	37.4	51.1	29.4	21.6	53.9	41.8	60.5	
19.9	46.8	23.9	51.7	41.5	41.8	35.5	46.0	
27.7	27.4	42.1	35.2	30.1	23.9	44.0	25.4	
29.7	42.9	35.6	31.3	22.0	28.5	36.0	22.9	
34.2	38.0	23.1	17.3	23.2	22.6	16.2	19.2	
55.3	25.5	40.9	38.9	32.5	22.7	23.0	29.8	
34.4	41.2	31.3	73.9	23.7	40.7	41.8	36.6	
25.5	44.7	30.8	43.8	48.2	24.1	24.2	53.7	
24.1	16.5	19.5	21.4	15.5	8.9	16.7	16.5	
30.5	16.7	18.1	38.7	9.9	25.0	24.7	29.0	
19.6	53.8	31.0	17.4	19.2	39.5	27.2	23.9	
104.2	79.5	52.3	108.2	87.8	64.3	97.2	66.0	
58.1	59.1	47.5	49.0	66.5	54.3	43.4	48.2	
20.2	38.8	49.8	28.7	44.5	73.4	34.6	50.0	
12.2	15.4	11.4	14.0	21.0	12.8	18.5	12.3	
30.4	50.2	45.7	39.2	63.4	44.1	49.8	55.3	
30.4	15.9	37.7	34.8	20.6	14.3	24.7	15.8	
16.2	18.5	15.4	21.0	17.6	21.6	19.4	26.0	
26.8	38.1	21.9	43.5	31.9	32.7	33.0	57.2	
29.3	38.3	42.3	49.1	32.4	61.3	36.5	38.8	
34.0	42.2	28.2	45.9	42.7	48.4	22.2	42.7	
17.7	21.7	10.7	27.8	23.7	20.8	25.3	24.5	
28.2	16.1	52.5	67.7	44.1	37.7	19.1	34.6	
32.7	23.7	10.6	26.5	33.7	30.4	30.9	31.8	
21.8	42.9	38.4	22.7	23.6	15.3	27.0	42.0	
19.7	21.3	23.2	26.1	21.7	19.6	27.4	25.0	
20.2	25.0	24.8	30.8	28.7	22.8	24.5	37.7	
15.4	22.0	25.1	34.7	18.7	22.0	27.3	21.9	
24.7	42.2	36.9	45.6	37.6	15.6	26.7	34.5	
26.4	37.7	25.7	21.5	33.0	42.0	29.1	31.6	
39.8	43.2	58.7	42.3	23.3	48.2	41.9	32.8	
27.9	27.3	20.3	36.0	41.6	29.7	25.7	31.0	
50.6	29.0	31.2	44.8	20.3	33.9	64.5	42.8	
39.8	45.3	54.3	48.2	40.8	63.4	57.3	63.0	
38.3	59.9	69.3	48.1	33.8	36.4	40.3	44.8	
62.5	33.7	36.8	43.4	37.8	36.6	24.1	31.4	
34.6	43.7	28.5	27.4	28.9	28.7	30.4	42.6	
41.6	40.1	55.7	64.8	66.7	53.7	45.3	54.7	
48.9	24.8	31.8	22.7	22.6	40.3	40.8	13.8	
45.1	58.3	35.0	51.4	43.6	52.2	41.1	43.2	
34.0	29.8	38.5	42.7	52.4	38.8	68.4	45.4	
40.3	19.6	23.0	49.0	33.4	16.0	45.0	33.1	
20.6	17.6	19.8	24.4	25.9	24.8	19.5	19.2	
19.7	25.1	19.0	24.3	18.7	24.0	27.8	33.2	
43.1	47.7	61.0	26.1	60.1	47.4	69.8	49.0	
25.2	28.4	24.9	16.8	56.3	28.1	52.6	46.8	
19.9	19.6	27.9	27.1	20.7	22.3	30.5	24.0	
41.8	36.9	34.5	31.5	22.1	27.7	27.1	29.5	
37.7	23.3	33.0	43.0	32.2	57.4	49.1	78.8	
49.2	45.7	56.2	52.2	28.6	31.6	27.6	34.0	
21.3	35.2	28.9	42.3	30.1	31.5	61.0	25.1	
44.7	35.3	24.6	40.8	47.0	53.1	40.5	42.9	
51.7	56.1	43.6	80.5	87.6	38.4	64.1	89.8	
23.7	24.9	16.9	21.4	17.8	23.8	23.3	22.7	
30.0	26.0	32.7	23.6	31.0	28.8	35.6	47.3	
74.1	68.4	33.9	60.1	56.0	49.8	65.9	71.6	
34.7	29.3	52.9	16.6	26.4	22.3	22.4	20.5	
32.8	33.0	44.4	70.0	32.1	26.4	54.6	24.3	
56.3	21.5	37.9	62.0	53.7	37.6	47.0	39.2	
21.4	40.6	54.4	36.3	30.0	46.4	24.1	30.9	
17.6	15.4	12.1	15.8	13.6	12.5	15.1	16.5	
33.1	16.9	23.3	18.6	26.7	24.1	19.5	21.3	
20.7	18.1	42.5	25.4	20.7	47.3	18.1	37.3	
26.0	38.2	38.1	15.2	21.5	12.1	18.2	18.7	
50.9	24.9	33.5	44.9	38.4	37.4	22.3	36.4	
27.1	23.9	31.4	20.4	28.6	39.6	22.6	15.0	
27.0	44.0	25.8	34.2	41.2	19.2	21.4	20.2	
20.1	15.2	16.4	12.3	10.1	24.0	18.8	12.0	
37.9	22.6	29.5	14.4	25.2	23.3	26.0	25.7	
30.1	44.2	17.7	42.9	49.4	46.8	29.7	39.7	
31.4	26.9	32.9	24.8	48.0	21.5	23.6	27.9	
49.7	46.5	36.4	35.5	39.5	21.2	34.7	28.7	
17.5	29.3	34.3	44.0	33.2	25.2	35.6	25.7	
36.0	36.1	15.0	31.7	46.8	29.5	29.8	37.9	
49.7	73.3	50.9	44.6	51.8	38.1	55.5	49.9	
26.1	27.1	46.6	24.4	26.3	33.0	50.8	64.2	
39.4	39.2	16.8	31.9	43.3	37.6	30.5	28.5	
48.3	43.5	37.1	43.5	50.3	58.7	30.7	28.3	
71.2	32.1	36.9	94.6	47.5	50.6	55.9	55.6	
44.7	51.6	27.9	24.8	46.9	12.6	17.1	28.8	
41.2	51.7	39.8	23.8	21.9	44.5	28.6	20.7	
20.3	32.5	22.6	24.5	19.6	21.8	30.3	38.1	
34.7	47.7	33.3	40.9	36.1	40.0	49.1	48.4	
26.2	10.5	31.5	48.9	34.3	35.3	31.8	26.2	
25.4	15.0	11.0	27.1	13.9	21.0	13.5	22.2	
34.6	54.0	30.7	27.8	33.2	28.2	33.3	28.2	
17.1	16.5	14.8	26.2	10.1	31.8	19.4	19.5	
36.3	53.4	30.4	50.9	26.1	25.6	40.9	34.9	
23.8	20.4	30.8	35.4	31.2	54.9	35.5	13.9	
12.8	41.8	26.1	29.1	38.8	32.6	37.7	21.6	
46.1	64.8	24.0	29.2	46.1	51.4	52.2	27.3	
23.8	35.4	32.6	26.5	30.7	39.2	29.9	27.4	
29.0	26.5	26.1	32.1	30.7	15.3	29.1	17.0	
60.7	38.2	39.0	49.3	25.6	82.4	34.8	102.4	
28.4	46.6	24.8	29.3	47.7	54.2	40.4	28.5	
25.1	35.1	41.8	42.3	27.9	39.6	29.9	37.8	
36.7	30.4	13.9	52.9	62.6	42.7	45.7	42.0	
21.0	35.3	36.6	13.5	27.6	34.1	22.3	34.3	
30.6	34.4	19.1	29.3	17.0	20.7	35.6	32.2	
11.4	24.6	28.8	19.0	20.8	14.5	22.4	24.2	
43.4	37.8	40.6	27.0	37.8	33.6	29.7	19.2	
26.7	19.9	26.7	16.6	21.6	22.6	29.4	23.2	
42.0	53.0	41.0	29.0	60.6	33.2	38.5	48.6	
36.1	36.1	20.4	68.6	31.2	51.2	50.2	58.9	
40.8	55.3	36.6	29.5	34.1	21.3	30.3	25.1	
50.6	52.6	15.4	56.3	34.4	55.0	45.5	36.8	
30.9	18.5	52.7	52.1	37.4	39.7	45.2	36.4	
33.1	25.8	42.4	34.8	31.0	37.3	34.2	36.9	
41.3	65.7	65.5	66.3	90.7	55.9	49.4	37.2	
35.1	65.5	44.7	27.4	44.4	19.4	41.6	21.4	
24.7	13.3	11.9	16.3	21.5	35.9	11.5	20.2	
25.9	15.9	19.4	19.5	24.5	21.3	19.6	22.6	
23.4	51.4	32.9	26.0	45.9	49.8	56.4	25.8	
42.4	71.0	36.7	33.6	84.8	45.1	67.2	65.5	
55.0	55.1	37.7	32.9	46.3	60.2	16.2	40.2	
34.0	31.9	39.6	29.7	47.6	44.2	27.6	59.0	
31.5	37.3	32.7	41.0	34.3	21.6	32.6	53.6	
24.7	29.2	10.5	29.4	19.9	14.3	16.7	18.3	
42.4	38.4	37.0	22.9	36.3	50.3	26.8	35.6	
28.4	19.9	25.8	16.8	31.0	24.3	39.1	32.5	
28.2	30.1	31.9	33.0	35.4	42.2	41.2	28.1	
25.5	34.9	23.4	28.9	27.4	37.6	18.5	28.6	
39.8	17.3	33.5	27.7	26.1	20.0	19.1	26.5	
35.0	37.6	32.2	26.8	38.5	35.1	29.4	28.7	
73.0	24.5	32.0	42.1	31.2	45.3	38.5	42.8	
50.3	49.1	65.9	54.2	49.8	54.3	63.1	39.7	
19.4	19.9	22.7	16.4	35.0	33.5	27.3	24.9	
30.0	27.3	48.0	24.9	50.9	36.8	37.6	41.1	
71.4	90.1	49.8	55.9	88.6	41.8	76.2	32.7	
26.6	30.7	47.6	41.1	29.0	29.9	46.1	32.7	
23.8	21.3	24.2	30.4	33.1	21.8	16.8	31.4	
21.1	35.8	31.5	36.5	23.7	26.1	32.6	25.5	
46.5	41.4	60.2	47.1	54.9	50.9	33.9	42.2	
27.7	42.4	79.9	27.2	38.2	36.2	24.3	36.9	
26.0	26.6	41.5	32.7	21.5	48.5	27.8	28.3	
21.8	23.1	38.4	39.9	24.0	33.4	23.3	24.1	
20.3	35.9	22.3	29.4	33.1	19.0	17.6	31.5	
58.1	37.0	25.0	29.9	49.7	49.5	45.1	23.0	
40.6	42.2	78.4	56.0	61.6	50.9	79.9	23.2	
34.4	30.2	21.3	15.9	30.8	20.5	26.3	14.5	
23.4	39.0	53.8	30.1	49.1	64.5	38.5	35.2	
27.7	29.0	25.5	27.6	38.4	32.7	19.4	26.1	
31.4	27.2	20.2	25.4	17.5	27.9	38.5	27.8	
32.4	43.3	27.6	47.4	38.8	51.5	26.9	49.6	
32.3	28.9	46.1	38.3	15.2	34.0	48.7	36.6	
42.5	32.2	21.7	43.7	32.6	48.8	49.6	39.3	
37.2	30.3	11.1	30.5	38.6	22.2	25.0	28.6	
18.9	18.1	25.9	18.7	20.6	16.9	14.6	20.8	
27.8	31.7	18.2	21.2	34.0	22.1	25.4	17.8	
35.4	23.6	22.6	18.7	18.7	25.9	26.9	20.2	
36.9	21.4	23.0	20.5	75.6	32.8	27.8	35.4	
22.4	52.5	31.1	42.3	34.9	44.3	33.9	37.9	
34.4	25.7	17.0	44.0	36.4	44.1	29.3	40.3	
23.5	26.8	32.6	43.9	29.3	40.0	18.1	17.3	
58.8	39.8	41.8	35.8	34.5	52.3	34.2	43.8	
32.0	22.4	14.2	33.6	37.8	14.3	21.8	31.6	
14.1	13.6	18.1	21.2	25.1	25.4	20.0	17.5	
45.6	41.5	41.0	32.7	61.3	20.8	50.0	52.7	
20.9	17.3	10.5	21.1	14.5	20.0	18.0	12.7	
13.8	17.4	19.8	15.7	50.1	33.6	17.5	21.9	
69.5	69.2	69.1	46.3	56.8	56.9	61.2	41.8	
32.8	47.6	85.3	34.3	31.0	29.3	21.4	35.8	
18.5	10.9	23.4	29.8	17.2	25.3	16.8	23.9	
40.3	31.5	25.8	37.6	26.9	20.1	20.0	21.1	
28.5	23.3	20.1	23.6	28.0	11.1	27.3	19.8	
49.2	19.8	39.5	30.4	39.5	23.2	34.7	34.2	
44.4	61.4	66.8	33.5	53.4	44.2	62.8	40.0	
36.0	27.5	22.8	36.7	32.3	16.7	25.8	27.2	
23.5	35.0	35.5	29.5	21.1	28.5	36.7	28.5	
49.8	42.2	37.5	52.3	36.5	52.6	60.9	55.5	
23.8	24.4	45.6	48.3	44.8	39.6	23.7	37.9	
38.1	59.0	35.7	36.5	46.8	37.7	59.3	49.1	
45.0	29.2	21.7	29.6	27.7	27.6	36.9	47.8	
34.9	18.9	27.8	20.4	30.6	33.5	33.8	19.6	
33.9	29.2	49.5	55.8	26.9	31.5	43.7	40.5	
18.3	24.7	22.0	36.6	32.5	28.7	36.9	32.9	
26.3	21.9	26.4	40.1	22.2	14.2	31.5	24.4	
26.9	31.5	26.4	39.1	15.7	35.9	23.2	30.8	
38.8	40.0	25.2	34.4	77.8	34.8	34.2	35.7	
30.2	45.3	39.5	40.9	22.0	39.0	29.7	35.0	
17.1	12.4	23.6	15.3	25.1	19.7	12.4	16.7	
26.4	19.9	38.7	34.6	30.9	29.3	32.7	32.3	
32.4	44.7	32.7	24.1	33.6	45.2	14.7	37.6	
18.4	23.0	24.2	34.6	32.5	33.0	17.2	32.8	
20.8	38.0	25.1	30.4	26.2	19.9	26.8	51.2	
26.7	30.0	34.4	30.5	31.9	45.4	47.2	19.7	
28.1	33.1	23.0	17.7	61.5	30.3	28.3	32.7	
68.9	50.3	40.8	30.7	18.4	35.9	31.9	76.1	
18.4	34.1	42.2	38.7	33.0	34.6	36.2	23.8	
50.9	46.8	55.6	38.0	24.3	29.4	27.0	40.5	
35.4	35.6	30.5	43.4	28.9	33.3	28.1	40.6	
38.1	22.0	18.6	25.1	32.1	31.0	32.4	49.8	
24.7	20.1	26.3	23.3	39.7	35.9	40.1	24.5	
30.5	23.7	33.4	20.7	31.7	36.6	36.9	44.5	
33.3	33.1	58.7	37.5	38.1	33.0	37.5	28.5	
27.0	24.1	35.8	30.2	27.0	36.3	22.2	32.3	
36.0	57.2	38.4	53.2	50.6	62.8	40.0	82.2	
35.9	21.7	50.9	36.7	43.2	32.1	23.4	47.3	
24.4	50.8	58.6	36.2	34.1	32.9	41.0	27.3	
28.8	41.2	34.5	19.5	45.9	50.2	19.2	39.8	
36.6	38.6	49.7	35.7	35.7	52.7	28.0	30.8	
41.0	39.6	29.4	31.0	35.4	37.1	19.6	39.4	
17.3	22.6	29.6	14.8	32.4	47.0	20.9	30.0	
36.8	34.2	49.0	33.7	20.7	23.2	43.1	29.4	
35.0	48.2	17.8	29.3	30.1	40.0	35.5	42.9	
25.6	21.4	20.9	19.1	37.4	33.1	33.4	20.2	
63.1	56.2	48.7	53.7	47.2	84.9	34.0	57.8	
34.1	38.6	33.8	46.4	41.3	22.2	40.2	36.7	
35.9	35.9	46.1	43.9	36.6	40.0	43.2	44.8	
25.6	28.8	51.8	30.8	43.9	53.1	45.5	40.2	
51.5	40.0	40.6	30.1	40.6	37.8	35.4	44.7	
7.1	5.2	7.4	7.2	8.1	7.3	3.7	8.5	
26.5	29.6	25.5	24.7	28.4	30.3	18.6	19.0	
29.7	34.9	26.3	19.8	19.4	23.1	29.8	19.0	
24.5	43.0	26.3	23.2	29.1	20.7	21.9	22.8	
32.5	16.1	27.1	11.4	25.2	20.7	17.3	13.8	
25.5	19.8	17.6	31.0	29.0	19.6	18.8	22.1	
42.3	61.3	44.8	31.3	45.7	35.7	37.2	29.8	
48.3	26.7	28.8	35.7	35.6	36.0	35.7	32.3	
33.3	50.0	56.2	68.6	39.8	30.2	29.2	16.0	
22.3	32.9	47.3	54.5	23.2	31.1	40.2	34.8	
26.2	24.5	36.7	36.6	31.3	29.9	44.4	36.6	
39.9	53.4	25.9	28.0	44.1	44.6	28.5	25.9	
37.6	43.5	37.6	39.2	25.5	37.4	50.0	37.5	
81.2	101.8	70.7	126.7	85.4	73.9	77.1	70.5	
27.0	35.8	39.9	63.5	32.5	22.9	30.4	34.1	
45.7	48.1	33.1	42.5	33.4	25.8	33.5	40.9	
32.8	31.5	33.7	30.6	21.8	12.7	18.9	60.2	
24.3	26.5	30.4	32.9	25.0	24.8	42.9	32.9	
9.1	13.6	14.9	5.7	15.7	15.7	15.9	15.7	
34.3	39.0	48.3	29.4	39.4	39.4	49.4	21.5	
47.7	61.3	53.4	39.4	31.6	47.3	42.1	40.6	
32.6	31.9	27.0	29.7	29.6	27.4	38.8	26.1	
24.4	21.0	21.7	25.5	25.5	22.6	31.0	19.8	
40.9	34.2	62.3	54.5	58.3	49.9	42.4	42.8	
22.4	51.8	66.9	35.1	81.5	79.3	62.2	40.8	
29.7	55.6	43.9	27.8	80.8	69.2	31.6	46.2	
40.4	41.6	43.0	33.7	36.2	53.5	38.8	32.9	
32.5	50.7	43.9	40.5	25.1	49.2	38.7	60.7	
30.2	41.7	41.5	40.6	16.7	32.2	40.4	26.8	
37.7	24.5	56.6	33.4	30.5	34.5	33.0	28.1	
32.0	16.2	23.6	21.0	12.4	27.8	39.8	38.4	
20.0	18.3	17.8	25.3	25.8	32.9	31.0	43.3	
52.7	31.6	32.5	20.4	52.7	59.4	37.9	36.4	
10.3	29.1	17.9	24.3	10.8	23.0	29.3	24.2	
25.5	19.6	25.2	30.4	14.9	22.7	23.3	36.7	
49.6	43.4	42.4	61.9	29.0	23.6	59.2	30.1	
31.1	18.5	34.7	52.3	28.7	22.3	24.4	21.5	
61.8	38.8	35.1	46.9	46.1	37.8	53.4	40.8	
23.9	36.2	22.3	10.4	27.1	23.1	20.2	38.0	
24.4	30.4	26.3	35.5	43.9	19.3	46.7	20.6	
25.1	25.3	19.6	14.0	24.9	20.0	11.9	10.9	
35.3	29.9	39.6	26.3	20.4	34.2	29.3	23.6	
25.2	32.7	29.0	37.5	35.5	12.3	25.0	17.5	
22.4	29.9	30.5	32.5	28.2	22.9	20.1	36.3	
41.0	19.0	53.0	39.3	12.5	40.2	35.7	38.1	
16.2	34.4	22.3	18.0	45.3	43.9	35.9	32.8	
37.2	25.7	30.3	20.7	23.6	19.9	15.7	24.9	
24.5	58.4	51.0	59.2	32.4	48.1	23.7	40.8	
38.1	23.2	18.8	35.8	26.4	16.3	35.9	17.7	
35.5	23.4	34.8	34.7	59.7	53.3	59.3	35.9	
24.7	25.2	22.4	42.2	52.5	17.5	33.2	31.5	
40.1	49.3	56.5	40.3	36.3	57.9	58.6	34.5	
69.1	22.3	38.5	40.2	39.9	52.7	34.5	33.8	
34.3	44.9	48.1	33.1	42.4	34.7	38.2	41.7	
29.5	36.5	27.9	26.4	32.5	43.2	22.7	38.0	
35.7	30.4	30.7	30.2	17.7	22.6	22.9	19.0	
16.6	25.1	36.2	28.0	36.2	32.8	24.9	21.1	
27.2	34.8	32.6	40.2	24.7	42.0	25.0	37.2	
31.5	23.7	39.4	36.4	57.6	35.5	27.6	20.8	
39.4	17.8	24.5	19.2	37.8	37.2	25.2	19.1	
21.1	33.5	44.1	35.5	18.6	36.8	28.2	40.9	
29.4	15.2	23.8	25.2	40.1	21.1	25.1	17.6	
31.2	39.1	81.8	38.6	61.7	40.0	75.7	47.4	
47.4	42.8	23.1	36.6	28.3	43.8	25.5	49.1	
53.8	27.9	63.6	31.1	39.9	66.8	74.3	45.7	
27.1	24.7	21.4	27.3	32.7	24.8	11.1	42.3	
23.1	36.3	29.5	30.2	23.4	25.4	27.2	25.4	
23.5	24.7	36.6	33.3	20.6	29.7	34.6	24.8	
41.7	36.9	53.1	47.5	49.6	37.7	20.5	36.6	
44.8	46.6	75.0	40.9	50.8	40.6	50.4	51.7	
29.0	38.6	24.4	27.6	24.4	46.1	56.0	34.0	
24.5	27.6	19.4	27.3	23.1	19.9	16.3	20.8	
48.7	60.5	44.5	39.7	50.6	55.1	65.3	48.2	
56.0	42.5	35.3	56.2	55.2	73.4	65.5	58.7	
53.4	69.7	42.0	61.4	32.1	41.5	56.7	35.2	
51.2	49.2	52.5	47.5	33.3	47.8	31.4	16.6	
44.3	32.1	23.3	57.7	34.6	31.2	43.6	40.8	
37.6	28.3	25.1	54.8	34.3	26.0	47.0	54.0	
58.6	26.6	41.4	29.2	30.2	42.4	35.9	39.9	
28.8	27.5	43.8	21.8	34.4	12.4	25.5	23.4	
24.8	31.3	30.6	30.1	30.7	24.8	16.1	26.2	
37.2	60.4	24.0	28.6	42.2	39.2	47.0	33.3	
58.2	58.2	16.7	38.3	26.6	56.0	38.4	50.3	
27.2	38.6	24.4	29.1	40.0	32.9	85.1	48.1	
27.5	31.6	22.1	29.4	26.5	41.4	55.8	24.2	
33.4	26.8	11.9	35.1	40.1	25.2	19.0	39.3	
93.2	52.9	44.2	62.5	34.9	29.6	49.9	54.1	
46.8	31.4	45.8	31.0	44.3	46.6	32.0	68.3	
29.3	32.5	9.9	27.5	22.0	38.7	16.6	30.5	
19.7	36.5	16.1	35.2	18.8	23.4	19.9	21.9	
32.8	18.3	28.5	29.9	30.8	20.1	27.2	29.6	
38.0	36.8	53.6	53.3	58.4	39.7	75.2	35.1	
37.2	36.9	41.7	21.4	30.2	27.4	36.8	16.1	
50.1	32.2	31.2	51.2	46.6	46.3	46.3	24.7	
18.0	19.1	18.9	12.3	14.0	27.0	15.2	14.7	
27.5	20.1	34.4	19.9	23.8	26.1	29.4	26.9	
22.8	39.2	26.3	15.2	28.4	35.2	32.2	27.8	
34.0	44.7	35.5	45.7	40.8	39.6	46.2	23.8	
66.6	69.8	60.2	37.6	59.3	36.5	70.7	34.9	
37.6	20.4	44.5	23.1	28.9	67.6	29.1	35.2	
29.5	48.4	33.2	39.0	26.8	20.1	24.3	16.1	
14.9	22.1	30.8	25.1	33.9	45.7	22.4	24.3	
