4.73	5.57	5.88	3.71	5.56	5.57	5.01	5.39
12.51	13.59	13.82	12.76	12.9	15.01	10.42	12.41
14.14	16.07	12.81	14.05	14.15	13.01	12.39	14.71
60.81	59.55	70.69	61.82	72.29	65.89	59.76	79.8
9	9.2	9.39	10.21	10.81	11.86	10.29	9.36
34.11	41.74	33.5	45.02	33.39	39.72	35.31	42.31
2.84	3	2.55	2.69	3.03	2.76	2.63	2.99
27.8	22.35	26.68	26.37	23.9	27.37	24.02	21.78
20.06	18.06	17.51	21.77	21.69	17.9	23.16	21.66
9.23	8.95	11.09	9.61	9.81	12	7.75	8.8
46.19	41.35	41.37	40.6	44.75	52.6	34.94	41.36
36.1	54.63	53.91	47.1	49.4	48.55	44.12	40.93
76.7	81.69	82.27	76.7	87.39	83.8	83.39	79.36
41.45	43.11	43.02	41.67	37.44	48.24	41.78	50.35
16.95	14.53	14.08	15.14	13.27	15.61	12.47	12.51
2.47	1.9	2.18	1.95	2.07	2.21	2.74	2.06
50.93	57.82	59.88	60.64	46.85	54.79	52.96	52.05
42.2	42.49	45.06	45.32	33.02	41.54	41.34	37.36
12.55	14.68	15.64	15.55	15.3	16	14.95	14.81
27.6	28.76	25.46	29.59	24.58	26.89	26.35	27.95
67.15	79.33	65.64	82.17	91.07	75.23	62.42	88.8
30.61	26.5	27.68	25.79	29.27	28.7	30.99	30.69
4.36	3.61	4	3.65	4.26	3.66	3.54	4.38
127.83	125.66	118.57	108.64	134.37	115.79	108.58	97.03
24.94	29.58	31.14	32.08	25.31	26.13	26.42	25.88
13.23	14.07	14.8	13.8	13.64	15.66	14.78	15.5
6.61	7.34	7.1	5.66	6.38	6.47	5.74	7.19
55.25	53.92	61.12	51.55	57.67	49.39	69.54	63.41
105.91	95.56	100.7	96.01	116.48	102.53	98.51	95.92
11.36	9.4	9.95	8.64	11.49	10.98	10.75	9.28
39.07	39.62	32.12	31.7	37.52	34.01	37.83	34.77
9.93	8.23	7.49	7.18	6.47	7.56	8.46	8.65
60.02	44.38	47.49	48.62	58.49	48.63	49.16	46.56
42.81	37.06	37.69	40.09	47.83	38.96	34.35	45.92
40.94	39.22	36.55	31.93	31.87	34.42	32.6	33.61
21.89	20.14	16.81	17.25	17.66	17.04	16.32	18.55
185.7	192.31	181.7	199.88	180.57	168.05	200.18	161.16
2.92	2.53	2.84	2.71	2.34	3.34	2.32	2.64
22.35	23.14	18.78	24.03	21.36	20.99	23.63	24.98
3.98	4.3	4.25	3.98	3.6	3.81	4.01	3.8
11.08	10.24	9.34	10.51	11.35	10.69	10.16	10.2
14.78	14.54	15.59	14.3	16.18	14.06	12.75	14.89
61.82	49.5	45.92	46.12	58.26	46.03	50.85	56.13
31.08	36.38	26.07	28.99	29.91	31.29	24.74	27.74
36.14	33.27	27.86	34.62	37.55	38.51	34.71	37.72
46.31	48.92	41.57	45.57	47.05	44.63	46.23	48.88
17.88	14.29	18.1	18.76	16.47	16.56	17.76	13.38
56.21	51.33	49.44	54.92	55.65	54.75	47.09	58.2
13.29	14.47	13.29	13.25	11.3	11.84	11.81	11.86
82.15	112.27	104	85.76	115.53	84.07	72.58	118.86
67.91	74.13	70.72	71.2	68.67	66.48	74.19	74.34
38.06	36.87	35.34	32.4	45.14	37.52	40.08	41.11
18.97	21.55	20.91	19.72	16.69	19.57	19.1	20.22
22.46	18.26	18.96	20.34	21.74	21.05	18.84	18.78
43.76	42.32	41.09	46.6	44.1	54.26	49.85	60.28
31.12	31.51	26.53	28.48	28.33	28.82	31.76	28.47
19.01	17.35	22.69	18.97	15.59	17.32	15.12	17.06
9.29	9.99	9.57	10.83	8.71	8.65	11.29	10.06
14.61	13.96	12.99	15.76	13.38	17.91	14.4	15.05
14.89	15.08	16.56	17.76	15.63	12.61	15.77	13.16
68.99	62.33	70.56	69.96	69.56	65.74	66.22	75.79
10.9	11.69	12.34	10.88	13.29	11.36	11.01	13.05
16.94	17.84	17.11	19.62	18.02	19.69	17.58	18.58
50.08	39.41	46.59	39.78	44.93	46.51	42.46	35.44
15.2	14.88	17.5	17.04	16.89	15.93	16.14	16.96
7.14	7.33	7.29	6.65	8.39	9.44	8.9	7.57
143.17	158.82	150.27	136.59	158.56	158.56	180.37	135.41
2.57	3.69	3.31	2.98	3.01	3.06	3.31	2.63
3.22	2.72	3.57	3.12	3.19	3.18	3.02	3.29
10.32	9.13	13.15	11.3	9.04	10.79	10.08	8.67
26.89	23.14	29.42	30.12	27.08	28.48	26.49	29.03
4.88	5.14	4.8	4.64	5.3	5.34	4.72	4.84
20.07	18.28	21.1	19.97	19.42	18.22	14.19	15.82
6.5	7.32	6.38	6.52	6.07	6.1	6.39	5.89
6.23	5.13	4.76	5.92	5.59	5.13	5.03	5.19
1.32	1.27	1.26	1.32	1.28	1.31	1.31	1.3
4.23	4.14	3.89	4.35	3.7	3.39	3.05	4.16
12.57	15.6	14.51	12.9	11.93	13.2	13.44	18.72
98.92	108.6	101.97	121.64	105.92	88.16	109.39	93.56
37.41	31.89	23.51	25.93	29.73	34.16	34.4	34
30.85	34.71	29.67	35.53	29.4	30.81	35.68	32.17
16.63	20.98	22.89	20.54	19.97	20.43	23.16	21.99
7.25	8.91	10.76	11.17	9.43	10.04	11.18	9.53
8.3	7.71	6.57	7.94	7.76	7.59	7.73	7.39
11.93	9.43	9.99	10.84	12.19	11.01	9.26	9.83
6.97	5.89	6.57	6.47	6.33	6.93	6.98	5.98
12.12	16.12	12.56	14.9	12.55	12.11	11.36	12.25
11.63	11.23	13.69	11.11	16	13.6	14.34	14.68
1.24	1.29	1.55	1.3	1.48	1.21	1.4	1.16
13.49	13.76	14.32	13.07	13.51	14.79	14.2	12.8
59.91	52.79	61.93	53.4	70.7	67.01	70.48	77.93
29.51	38.66	40.75	31.8	35.03	32.8	32.51	36.13
95.02	109.91	82.68	92.61	102.92	98.13	99.48	107.88
22.17	23.26	21.63	22.84	21.95	21.78	27.81	25.55
29.01	25.18	23.68	23.93	26.71	26.28	24.45	21.1
12.91	12.39	12.1	12.12	11.58	11.54	13.33	12.66
26.89	24.86	28.29	33.26	25.42	35.77	30.61	28.44
45.61	52.8	48.41	44.51	45.11	48.38	46	51.71
23.72	20.84	24.08	21.4	22.3	21.16	18.44	24.33
25.24	23.54	27.63	30.34	21.78	29.85	24.8	23.69
1.74	1.72	1.68	1.77	1.75	1.84	1.76	1.84
17.72	18.57	19.93	18.62	19.85	20.53	16.82	20.74
6.44	6.27	6.05	7.33	7.69	7.3	7.89	7.77
57.93	68.62	53.51	57.96	50.94	59.56	42.09	54.59
46.97	39.72	44.2	39.95	44.78	42.01	41.85	43.75
29.48	26.46	24.85	29.68	27.57	27.87	22.06	25.78
8.38	8.88	7.36	7.1	8.35	8.66	8.81	7.1
43.35	34.64	36.81	43.31	44.61	38.84	42.15	36.3
28.54	32.52	34.75	28.8	35.06	41.95	33.92	29.86
74.39	106.7	88.75	81.11	88.46	107.12	101.62	100.37
9.09	6.91	9.35	6.94	5.99	7.51	8.43	7.71
42.54	45.09	49.81	52.31	56.92	42.84	58.8	55.02
9.29	8.87	8.72	9.52	11.05	9.26	9.75	6.78
39.58	29.99	32.88	31.88	36.85	34.28	37.85	32.11
32.66	31.07	30.81	32.15	24.85	27.59	34.68	28
8.88	7.36	8.75	6.72	8.24	7.61	8.01	5.89
54.76	50.95	58.38	40.86	54.17	52.42	57.96	46
8.08	9.26	8.51	7.95	10.03	8.81	9.25	10.87
74.22	77.21	70.16	60.65	77.91	67.91	60.26	75.3
7.01	6.03	6.03	8.76	6.06	8.01	5.93	7.7
78.7	71.54	83.14	69.1	78.21	81.28	75.33	78.72
80.59	87.55	77.97	87.37	88.18	85.2	90.99	98.27
17.46	18.76	17.84	15.92	17.12	16.38	18.82	16.21
58.59	43.74	49.04	50.28	38.7	41.23	46.03	51.49
2.67	3.37	2.17	2.24	2.34	2.35	2.35	2.51
31.49	33.58	29.84	33.18	34.01	36.39	35.78	31.73
24.08	22.07	22.38	25.08	22.12	24.96	22.68	21.02
25.67	25.32	25.07	22.83	23	27.28	20.44	25.2
41.86	46.7	53.71	38.7	39.97	49.61	46.58	43.14
43.27	60	63.33	52.31	56.65	57.38	49.1	58.74
15.98	18.05	21.33	17.56	18.26	17.34	19.83	16.25
59.34	59.16	57.11	57.57	62.27	66.22	66.8	66.83
3.18	3.64	3.85	3.32	3.64	3.03	3.1	3.69
40.48	39.52	37.43	39.42	41.79	39.12	36.13	46.31
24.61	22.87	20.17	28.07	21.2	26.04	22.41	22.44
21.07	23.75	22.71	20.24	23.26	19.77	23.26	21.36
21.5	21.78	20.11	19.45	19.04	19.31	20.04	20.69
14.09	13.02	15.34	12.91	17.47	16.16	12.06	17.45
1.64	2.07	1.52	1.7	1.64	1.77	2.06	1.81
19.3	17.21	15.18	15.65	17.84	15.56	17.33	16.18
26.76	22.22	22.41	25.03	25.71	25.55	27.43	24.64
9.27	7.8	7.27	7.98	8.64	8.4	8.29	7.48
20.67	19.31	18.68	18.24	19.51	17.25	19.01	17.74
27.72	29.53	30.11	26.61	26.82	27.53	27.22	30.47
75.45	75.31	86.98	77.62	57.57	64.43	71.91	69.55
22.06	23.84	18.88	18.07	23.29	21.25	15.69	19.67
12.72	9.49	14.09	13.12	13.4	12.17	11.47	13
23.6	24.07	22.71	23.48	23.6	27.04	25.11	28.61
37.48	42.55	42.05	41.21	50.73	45.68	47.95	44.75
37.58	34.84	37.87	32.09	33.32	34.51	34.89	27.81
109.95	105.33	113	90.52	117.09	95.89	101.48	100.7
9.97	9.98	8.58	8.8	8.57	9.84	8.81	8.87
63.02	63.23	64.68	58.86	66.28	49.1	64.04	61.98
82.16	82.22	78.01	81.76	77.53	69.12	74.24	71.86
18.85	22.2	20.44	16.86	19.46	17.93	15.46	15.91
29.52	30.67	38.6	30.88	28.79	34.99	28.8	30.62
28.31	29.53	29.19	27.14	27.92	24.71	30.02	28.61
12.54	9.6	7.35	9.57	11.98	9.09	11.02	9.82
42.96	36.68	42.97	44.79	41.06	31.74	38.19	37.88
25.66	27.09	30.14	23.14	28.53	26.57	27.67	27.34
24.42	24.98	29.19	21.5	17.7	20.91	25.53	20.46
13.49	14.82	11.01	10.75	12.68	14.1	13.01	11.74
17.87	22.92	22.18	18.31	20.43	24.97	20.56	20.18
54.46	56.93	52.31	58.7	54.84	51.33	49.12	60.52
5.93	5.07	4.75	6.48	5.19	6.08	4.94	5.62
5.85	5.97	5.08	5.64	5.24	6.86	6.07	6.18
1.72	1.67	1.87	2.26	1.63	2.25	1.72	1.83
87.1	91.26	90.7	95.18	84.37	93.26	83.14	96.62
27.17	27.53	24.72	29.35	24.27	21.71	20.12	21.91
45.9	40.37	37.86	41.91	40.34	35.23	44.37	51.73
23.16	24.45	19.66	27.87	27.2	24.87	20.68	22.78
11.99	14.11	14.16	16.39	14.85	12.9	12.36	14.29
8.04	9.09	7.84	7.53	8.49	8.21	7.22	8.42
10.94	8.04	9.01	10.45	10.32	10.82	11.06	8.46
12.18	14.62	10.9	13.9	12.72	11.78	11.88	14.12
18.15	21.13	19.21	22.41	22.69	24.28	22.02	24.67
30.35	26.26	28.86	30.57	28.06	28.53	25.72	22.81
27.01	23.93	25.87	24.08	23.75	25.55	23.74	20.48
111.39	110.94	95.81	77.9	104.26	104.21	92.38	84.06
32.27	33.55	37.92	35.48	38.32	37.42	42.39	38.99
14.64	13.61	11.85	15.5	18.09	13.64	15.52	13.58
1.77	2.18	2.15	1.93	1.89	2.49	1.97	2.26
44.91	48.16	47.72	44.16	38.9	41.37	42.25	46.31
44.13	39.87	36.56	31.71	38.86	38.27	43	38.99
63.73	60.08	61	68.57	69.49	66.44	58.97	68.65
94.19	74.11	90.86	85.89	82.94	96.59	81.43	99.25
34.1	30.19	28.38	32.96	26.6	35.47	36.41	30.17
57.73	76.37	56.39	58.01	61.71	66.39	63.31	69.63
26.15	32.25	26.14	31.42	27.04	32.76	30.26	30.12
28.91	22.05	25.85	28.61	26.39	30.72	28.26	31.85
27.45	26.82	27.45	31.51	26.08	29.98	35.93	30.26
79.33	104.07	102.11	78.49	94.5	98.71	105.01	123.96
41.2	38.68	36.57	40.11	34.48	44.04	33.79	35.55
20.08	19.54	18.19	18.72	20.01	20.21	22.15	16
37	43.79	38.94	41.11	48.9	36.04	51.43	43.99
10.14	10.37	8.28	11.24	8.47	10	9.61	10.2
29.81	33.5	27.74	29.89	33.31	34.53	27.49	37.1
17.85	21.95	22.75	21.33	22.06	20.99	20.97	22.95
11.59	10.84	10.92	11.56	10.13	8.53	10.56	10.42
7.69	9.34	8.13	9.82	9.08	9.38	8.11	8.74
6.59	6.22	7.45	7.89	6.61	7.05	7.41	6.31
70.14	57.73	67.88	65.01	72.64	67.27	73.11	70.66
62.77	55.39	57.01	50.26	57.62	58.67	62.59	59.29
20.36	16.51	21.04	19.65	17.21	17.44	19.37	20.45
90.15	95.8	85.65	72.77	96.83	83.62	89.81	94.19
27.74	22.06	24.05	21.24	27.48	22.96	23.52	23.07
83.9	103.16	89.12	91.24	114.21	92.45	86.22	99.71
36.57	44.99	44.46	38.29	37.72	40.63	38.95	35.57
54.68	40.33	47.14	41.96	36.62	43.36	44.65	37.65
37.81	39.29	29.64	34.83	36.78	34.63	38.95	39.61
30.5	35.16	43.68	46.31	38.62	30.59	38.47	34.1
49.42	56.93	53	55.5	52.05	49.38	47.51	53.06
28.96	33.94	35.19	32.48	34.07	35.78	29.93	31.06
6.2	5.19	5.97	7.07	6.49	6.73	5.38	6.12
25.01	27.29	28.31	23.89	33.88	28.29	31.13	27.2
13.42	12.43	14.97	12.77	11.74	11.72	13.73	11.47
18.35	18.3	17.27	19.13	19.55	16.27	15.84	18.35
9.03	9.04	8.53	7.61	9.1	8.45	10.06	9.12
12.84	11.98	11.32	11.92	9.91	11.34	10.36	11.08
88.27	81.69	87.02	85.79	113.18	99.97	81.86	96.43
47.83	52.14	49.72	45.39	53.05	45.21	58.16	55.51
29.86	28.17	31.18	32.14	31.59	31.7	30.27	28.72
8.2	10.6	9.35	9.25	8.21	8.69	10.93	10.84
6.57	5.68	6.03	6.03	6.17	5.91	5.12	6.47
24.71	21.86	21.09	25.05	25.54	25.43	28.1	24.53
30.67	35.71	41.43	30.53	35.91	37.08	42.57	30.93
30.13	32.03	32.07	23.97	29.44	30.55	27.08	27
36.34	36.18	39.69	42.81	42.21	43.75	38.91	35.35
4.15	4.03	4.08	4.61	4.52	4.03	4.01	4.68
58.35	54.02	44.2	52.64	52.08	44.85	58.87	57
9.11	9.21	8.59	8.45	8.3	8.61	9.12	9.03
16.77	16.2	20.68	18.95	21.63	19.41	19.49	17.75
3.64	4.41	4.64	4.41	4.65	5.02	4.61	3.93
15.56	15.9	13.17	14.58	14.94	14.32	14.49	15.45
17.28	15.58	16.31	16.97	16.44	17.43	15.61	17.66
65.72	80.53	85.16	75.6	65.4	80.33	77.57	73.07
10.76	11.51	10.11	11.84	9.52	8.97	10.89	11.33
17.1	23.1	21.13	21.49	18.51	19.37	22.51	20.78
1.46	1.37	1.54	1.36	1.58	1.79	1.35	1.74
1.79	1.66	1.83	1.73	1.86	1.77	1.72	1.84
12.52	15.24	12.89	16.38	14.02	17.12	14.64	16.98
13.53	12.77	11.59	12.9	10.21	11.93	11.61	14.1
45.55	47.87	39.12	41.4	44.79	40.65	42.88	51.02
11.43	12.38	12.56	14.32	14.18	15.43	13.51	12.89
22.77	27.7	24.48	22.45	23.71	23.23	27.25	26.29
11.61	11.73	12.22	15.21	10.82	8.4	11.01	12.58
67.47	64.57	79.25	60.66	76.19	58.6	62.28	55.06
54.63	58.2	43.69	52.65	53.47	52.66	67.41	58.09
26.08	30.88	25.76	24.12	28.12	28.74	30.48	30.04
5.18	6.12	5.44	5.23	6.67	5.02	6.2	5.96
42.84	36.98	38.65	34.76	42.01	40.67	31.95	42.13
3.1	4.04	3.39	3.09	3.83	3.43	3.24	3.58
9.75	9.99	8.53	8.21	8.4	9.26	10.55	8.86
3.15	3.58	3.42	3.39	3.04	3.66	3.51	3.45
20.95	23.67	20.84	23.84	19.58	20.52	20.13	17.35
13.53	15.18	15.78	13.28	14.88	12.78	16	16.59
30.86	29.98	38.08	30.73	28.43	32.4	32	34.09
126.64	139.62	143.54	135.92	139.52	130.38	139.13	162.99
11.65	10.67	11.23	11.65	13.45	9.05	10.24	10.25
40.04	40.91	43.27	40	49.15	46.09	39.64	42.93
93.98	78.31	105.57	82.54	89.92	105.63	117.11	92.94
94.31	106.33	103.89	117.06	97.12	99.21	121.27	78.78
8.38	8.55	10.42	10.16	8.11	9.06	8.82	8.97
4.03	3.83	4.98	5.22	4.34	4.44	4.75	5.31
6.71	8.34	6.67	8.29	6.3	6.21	6.57	6.49
5.32	6.14	5.02	6.53	5.62	6.21	6.68	6.3
23.95	19.88	19.96	23.03	20.34	16.94	24.83	24.03
3.57	4.02	3.8	4.03	3.84	4.05	3.9	3.25
97.17	110.94	118.99	124.08	126.78	127.44	105.21	104.81
5.36	6.51	5.78	6.93	7.41	5.79	6.31	7.15
5.64	5.66	5.83	5.44	6.68	5.69	5.7	6.23
1.73	1.64	1.63	1.76	1.56	1.56	1.59	1.81
3.23	3.11	2.96	3.42	3.35	3.11	3.84	3.41
7.39	6.96	9.01	6.74	6.78	6.01	6.01	6.18
6.81	5.41	5.67	6.66	4.92	6.23	4.97	5.87
8.26	10.37	7.9	8.55	8.25	8.91	8.2	8.25
6.27	5.91	6.38	6.7	6.44	6.16	6.34	5.32
8.01	8.93	9.08	8.64	9.27	7.9	8.01	8.32
107.56	142.67	125.4	98.76	148.37	115.52	119.51	113.63
35.12	33.82	33.25	31.37	35.85	30.93	33.86	33.26
1.33	1.72	1.45	1.9	1.36	1.41	1.61	1.46
25.49	25.07	26.24	27.05	20.57	25.6	20.34	23.48
14.25	11.76	14.27	13.78	14.39	14.46	13.94	13.6
32.95	34.84	34.98	33.59	30.87	35	32.12	33.41
3.87	3.59	4.05	3.88	3.72	3.48	3.96	4.26
59.84	43.02	52.73	51.35	54.39	57.16	48.6	51.38
6.84	5.79	6.87	6.58	6.42	7.03	7.69	5.65
7.29	7.86	7.98	6.85	6.8	7.58	7.2	5.93
18.47	17.11	20.75	21.47	16.87	19.74	21.78	19.28
1.11	1.09	1.07	1.08	1.05	1.07	1.25	1.36
1.76	1.7	1.78	1.76	1.87	1.9	1.89	1.77
35.49	40.67	42.83	32.69	40.31	42.62	35.15	37.73
25.6	34.5	29.34	29.47	33	26.3	29.39	28.56
93.29	120.23	131.14	108.71	117.65	103.69	105.95	98.26
13.63	12.51	16.4	14.13	12.13	13.85	12.96	13.33
98.65	76.26	77.15	90.76	75.29	100.47	76.13	92.21
13.99	13.37	14.33	13.99	15.16	13.87	13.23	14.67
19.32	12.88	20.43	13.66	16.33	15.96	15.88	15.68
26.04	21.68	27.03	35.46	28.28	24.99	27.72	33.02
13.29	16.03	13.02	16.15	13.73	14.83	14.63	11.14
54.48	38.77	46.62	44.39	41.89	42.76	37.34	51.81
46.54	54.03	52.19	53.36	54.43	61.31	60.43	55.79
71.42	55.23	64.66	67.21	75.99	65.05	68.36	66.47
8.33	8.43	7.29	7.45	8.58	7.45	8.54	9.07
24.59	23.28	21.22	26.72	23.02	19.05	22.87	22.99
26.67	30.39	27.22	28.01	34.84	31.53	32.09	30.21
27.3	31.74	32.01	27.33	29.7	25.61	26.65	29.02
3	2.99	2.86	2.63	3.16	2.77	2.64	2.63
13.32	15.72	13.81	13.04	15.85	14.94	12.24	15.42
69.13	67.49	67.8	62.83	77.72	70.34	63.4	64.02
16.11	14.34	14.87	15.99	13.04	14.72	13.05	14.58
27.51	36.92	35.9	34.92	30.78	37.86	30.13	32.25
74.06	72.72	57.65	69.04	58.03	74.83	70.38	74.17
17.41	16.79	21.39	21.96	18.83	18.6	17.93	18.84
10.74	9.69	10.48	8.76	10.83	8.83	10.49	10.69
18.84	21.35	20.65	22.04	18.74	22.38	21.53	18.76
3.32	4.52	3.34	3.63	3.56	3	3.45	3.48
3.64	4.16	4.05	3.89	3.69	3.78	4.12	4.33
6.09	5.91	5.68	5.15	5.93	5.72	5.47	5.23
79.46	74.84	74.83	78.65	79.25	71.76	84.64	97.96
52.51	53.48	52.7	52.36	57.88	52.95	56.48	58.57
12.31	11.29	10.19	9.44	9.77	11.57	9.65	10.64
58.9	52.09	45.61	45.24	49.58	40.63	55.24	41.09
2.83	3.05	2.75	2.94	2.51	2.54	2.48	2.83
18.9	16.5	21.74	17.27	17.1	17.29	19.75	16.54
1.71	1.73	1.75	1.75	1.68	1.77	1.79	1.75
7.08	5.39	5.59	6	6.27	5.91	5.82	5.81
39.65	42.35	42.33	34.51	38.38	45.8	39.33	41.03
45.97	38.97	44.9	42.48	46.18	40.04	40.93	41.41
29.31	26.08	27.07	36.41	27.21	22.24	28.91	27.91
1.12	1.8	1.01	1.93	1.12	1.1	1.82	1.01
81.04	70.9	78.73	82.68	74.44	88.88	86.61	68.1
20.17	25.71	21.12	19.73	22.06	26.8	21.72	27.63
22.63	23.6	23.71	23.85	19.73	24.92	27.58	19.58
21.17	22.19	16.51	22.24	19.63	19.41	17.14	20.23
4.76	4.56	4.09	5.02	4.22	5.15	5.25	4.49
24.2	23.57	22.84	26.03	22.77	25.8	24.35	25.7
29.21	31.35	28.77	28.11	21.57	28.46	26.3	28.24
7.07	9.33	8.53	8.88	7.72	6.98	9.09	8.22
9.84	9.2	9.14	10.43	10.12	9.38	10.1	7.71
102.48	123.79	113.48	122.49	118.24	117.71	112.51	107.55
8.39	8.1	11.15	10.9	10.5	10.26	9.08	11.12
23.17	18.93	24.58	27.75	23.19	23.48	19.26	25.56
14.67	13.91	13.85	14.37	13.76	15.68	13.37	12.9
15.78	15.93	17.56	15.25	13.8	18.12	14.07	17.94
10.53	9.52	9.57	8.43	8.54	9.82	9.61	8.92
13.32	15.15	15.5	15.26	15.46	17.57	15.6	17.06
28.12	32.92	32.39	28.88	34.39	33.49	30.54	27.66
71.53	72.43	69.02	59.9	66.9	72.1	65.52	78.65
76.43	75.41	92.22	88.73	76.93	79.64	87.3	76.81
12.67	14.2	15.27	13.72	12.54	13.09	14.08	13.37
40.47	41.57	44.67	37.74	39.58	39.78	39.41	51.51
14.21	17.38	13.84	14.65	19.32	14.92	16.26	16.13
11.43	9.98	9.06	10.29	10.18	11.21	10.07	11.68
20.75	19.05	19.53	18.86	22.39	24.36	19.68	22.74
27.52	28.41	28.21	33.45	28.19	27.51	25.92	24.94
10.49	11.25	8.48	9.54	9.67	10.32	8.68	10.72
29.37	32.18	31.3	28.41	29.95	34.87	27.28	27.81
78.03	63.16	72.02	64.97	80.02	67.36	68.47	68.12
45.19	45.18	50.5	44.26	46.84	51.86	50.25	44.84
11.16	14.91	14.45	13.86	15.73	12.21	13.52	14.87
39.44	38.84	47.25	38	43.43	36.02	39.55	38.59
20.33	19.99	21.34	19.32	20	20.58	17.66	21.2
48.23	53.4	54.48	48.63	58.74	59.49	56.2	51.44
9.86	9.72	9.82	8.59	8.27	8.71	10.64	8.62
24.31	27.79	25.35	21.02	30.86	23.35	23.3	28.12
49.93	50.33	45.19	51.91	49.78	44.91	47.75	58.99
16.13	12.69	12.56	12.38	12.55	12.54	10.66	15.1
52.3	41.88	43.68	42.33	43.34	39.45	42.94	43.8
59.4	59.54	64.87	69.89	58.68	53.19	57.66	56.86
35.22	33.05	36.53	30.78	33.19	36.92	31.34	30.94
32.08	26.69	32.39	31.29	33.91	27.89	30.29	30.99
57.78	54	57.07	67.34	53.41	48.78	48.96	57.34
57.22	63.6	61.12	62.97	63.94	68.39	58.75	64.51
1.24	1.18	1.21	1.23	1.21	1.21	1.23	1.21
21.74	22.77	26.87	21.88	22.64	19.51	23.46	25.04
2.82	2.27	2.05	2.06	1.86	2.07	2.02	2.17
35.64	37.94	38.19	31.93	31.4	39.23	34.45	33.34
24.84	19.91	23.12	21.08	20.3	19.27	24.21	19.76
22.93	21.7	23.54	19.2	30.55	16.54	23.42	21.59
18.53	17.99	21.35	18.03	19.37	18.38	20.04	18.66
40.15	41.7	46.65	37.45	39.36	40.7	42.61	44.31
6.01	5.29	6.4	6.09	6.16	5.48	5.18	5.46
6.9	6.56	7.15	8.43	7.04	8.07	6.67	7.57
10.87	11.45	9.96	10.25	11.3	10.45	11.73	10.39
30.7	37.39	29.4	28.05	27.71	33.91	28.92	32.4
22.25	22.1	19.46	22.01	18.62	24.35	19.64	23.23
4.18	3.67	3.64	3.44	4.15	3.35	3.71	4.68
30.26	37.12	37.81	35.84	35.72	33.23	29.31	29.38
49.05	48.63	56.81	54	52.03	52.98	50.65	59.67
34.3	41.72	42.45	40.58	39.67	43.12	35.06	37.99
13.83	11.5	10.6	12.15	11.23	10.88	11.19	12.36
25.79	28.92	25.74	31.25	23.49	26.44	28.9	23.39
24.39	21.81	25.16	22.37	22.57	21.36	24.21	19.55
13.26	11.15	12.83	13.22	12.46	13.35	11.47	12.9
11.87	12.71	10.52	9.7	10.61	8.7	11.13	11.72
53.74	46.44	44.81	54.19	44.94	36.76	52.72	50.77
15.16	19.76	20.2	17.27	17.8	18.3	17.16	15.62
31.04	37.99	31.38	30.57	31.85	32.09	30.56	30.58
59.2	48.76	53.64	55.64	51.51	53.12	53.68	55.44
39.9	39.16	45.28	43.85	53.82	45.5	43.2	45.22
4.88	5.42	5.09	5.34	5.77	5.3	5.76	5.67
1.33	1.33	1.33	1.18	1.2	1.47	1.53	1.28
15.08	15.26	17.18	14.58	13.29	16.01	17.53	16.59
17.53	17.31	17.75	17.34	19.03	15.52	18.5	20.33
14.68	14.95	17.75	17.26	13.01	14.62	14.49	19.43
11.56	11.1	10.35	12.56	11.61	9.93	9.74	10.31
3.03	3.25	2.8	3.11	3.01	2.57	3.29	2.77
85.04	81.27	74.56	86.34	85.27	92.5	83.34	89.61
40.46	33.86	38.44	50.99	35.84	40.09	46.82	39.97
47.3	54.77	49.88	54.99	36.26	46.31	42.78	40.73
5.69	6.53	5.56	6.07	5.25	6.83	6.83	5.34
36.63	31.7	39.85	37.94	31.93	38.09	38.2	31.75
2.24	2.21	2.31	1.93	1.89	2.4	2.03	2.35
16.22	17.62	15.21	16.86	13.29	16	15.58	18.46
7.99	8.87	7.15	8.17	7.12	8.53	8.02	7.87
2.78	3.21	2.86	3.4	3.27	2.96	2.96	2.33
71.63	64.15	69.73	65.06	60.66	79.12	70.72	63.48
35.88	37.76	30.48	31.94	36.2	28.11	28.11	27.45
32.47	32.19	41	34.89	35.57	36.9	43.16	32.12
20.26	21.9	22.6	22.23	21.17	24.27	23.4	22.15
85.35	73.05	90.67	75.91	79.97	74.24	74.4	85.14
22.98	25.67	24.36	22.74	24.73	22.93	20.47	24.39
29.88	31.67	31.81	24.89	34.26	32.33	41.85	27.89
17.5	17.62	18.75	19.08	16.04	18.62	15.45	18.62
24.98	30.26	30.46	26.65	25.83	30.27	28.37	27.22
16.8	16.02	21.01	20.95	20.95	17.61	21.47	18.63
1.13	1.14	1.12	1.12	1.14	1.15	1.13	1.16
33.86	44.22	37.93	50.15	43.97	42.19	38.49	43.51
26.14	23.93	24.18	23.49	24.91	28.74	28.37	21.38
26.2	25.01	23.07	22.75	26.08	26.05	24.31	20.45
43.71	42.4	33.17	39.42	39.47	42.96	45.87	43.33
29.66	19.49	30.58	29.52	29.19	29.45	29.75	31.58
5.22	7.2	6.52	6.3	6.78	6.92	6.3	6.17
46.97	43.36	47.7	44.44	43.15	42.99	47.46	54.48
15.93	20.44	18.92	20.58	19.13	19.3	20.28	18.82
11.24	13.05	11.17	12.23	9.02	12.54	10.67	11.26
12.03	11.38	11.92	11.62	12.79	10.57	10.36	14.1
4.25	4.79	5.74	5.09	5.23	5.52	5.05	5.2
64.15	68.69	64.01	70.83	59.59	65.95	68.16	58.85
18.31	25.91	24.71	23.89	24.78	20.63	20.58	25.07
11.64	12.85	13.04	12.13	12.93	11.55	14.71	11.36
13.34	12.01	10.57	12.39	12.24	13.53	13.68	12.16
27.97	26.6	25.83	29.26	25.73	21.84	30.31	26.95
107.29	117.92	112.81	128.77	121.14	134.71	116.08	109.43
11.07	11.04	9.96	9.92	10.83	10.57	10.59	8.06
70.47	66.39	70.64	63.64	55.05	52.25	63.76	66.01
22.66	26.64	23.87	24.69	30.19	26.75	22.97	19.55
12.23	16.05	14.86	16.02	13.88	12.76	15.04	14.08
55.51	68.06	56.14	68.16	69.1	70.83	55.08	61.8
38.76	28.46	37.03	30.04	39.9	32.91	42.46	32.01
50.58	47.68	40.01	53.26	39.4	43.35	36.82	47.72
44.92	57.6	50.65	56.8	59.55	48	50.7	51.42
6.37	6.71	7.64	6.86	7.69	6.21	7.14	7.32
10.27	8.76	9.55	7.69	9.23	9.02	9.17	7.69
13.41	12.37	11.88	15.57	11.15	13.64	13.51	11.45
10.09	11.63	10.85	10.1	11.94	10.74	12.08	10.97
15.34	15.54	14.37	17.36	14.1	15.49	14.87	16.94
35.15	31.68	31.33	36.52	31.85	39.62	32.11	36.79
5.92	5.24	5.64	4.41	5.04	5.87	5.7	5.2
1.68	1.43	1.68	1.53	1.25	1.49	1.66	1.41
9.81	12.54	10	11.19	11.12	12.35	10.19	11.84
11.32	9.49	10.25	10.24	10.44	8.12	9.94	11.37
4.95	5.97	5.17	5.87	4.55	5.72	5.59	5.77
21.25	19.79	21.25	19.35	21.02	16.78	18.13	20.16
5.9	7.07	6.04	6.87	7.93	7.62	6.91	6.23
6.08	6.43	4.65	6.15	5.01	6.87	5.64	5.73
68.37	73.83	54.11	63.52	56.54	66.38	57.01	57.36
4.84	5.69	5.46	4.58	5.82	4.92	5.58	5.61
22.96	24.8	26.26	26.06	26.64	23.23	25.93	26.01
55.38	46.09	43.12	54.14	47.95	45.31	45.73	38.96
64.42	60.31	56.63	62.61	53.68	59.69	44.38	57.87
5.41	7.69	7.23	7.7	7.62	7.33	6.8	6.88
50.23	56.76	48.28	52.66	48.89	49.8	47.18	51.33
30.65	39.12	30.01	39.55	33.69	28.53	30.18	28.47
12.64	13.47	13.95	15.09	16.08	12.35	12.24	14.35
45.19	63.06	47.53	64.63	59.88	53.12	58.66	57.62
1.62	1.66	1.62	1.59	1.64	1.68	1.66	1.54
48.49	46.78	42.52	59.78	47.7	50.68	52.52	59.44
26.18	18.93	28.91	27.59	20.03	34.1	24.83	28.94
34.38	31.98	30.9	33.78	32.91	35.02	34.36	36.18
42.49	43.6	37.38	38.33	41.45	37.04	39.59	44.51
11.51	12.5	15.51	11.89	11.83	14.02	15.21	10.71
20.03	21.59	16.8	22.36	23.37	21.9	23.42	18.29
16.56	18.07	21	17.69	16.99	19.46	18.51	17.49
13.53	16.85	15.59	11.9	14.37	14	15.59	13.87
26.8	28.79	22.55	28.06	24.95	22.37	26.16	29.87
14.75	15.11	16.74	15.31	17.64	14.3	15.34	15.16
7.96	9.3	9.95	7.98	8.5	8.92	9.67	8.08
19.35	23.1	26.24	20.96	22.25	20.75	19.8	20.84
17.22	18.5	18.51	18.91	19	17.08	18.6	19.72
24.04	29.47	24.39	21.48	27.28	23.76	23.98	25.56
5.02	5.6	5.36	4.78	4.43	5.21	5.48	5.2
19.45	18.14	19.59	17.72	18.48	18.66	20.82	20.11
37.18	46.16	39.41	32.82	34.69	46.43	38.1	35.63
83.2	75.82	73.89	82.16	91.54	60.71	75.58	71.3
68.74	58.8	64.34	74.42	70.18	71.63	74.32	52.31
42.83	49.07	58.02	49.47	41.74	45.95	41.24	48.76
1.4	1.37	1.38	1.28	1.53	1.79	1.44	1.52
35.81	29.15	32.29	26.7	30.41	31.26	33.82	31.31
7.27	7.97	7.57	7.45	8.37	9.04	10.04	7.4
1.87	1.65	1.76	1.89	1.97	1.55	2.1	1.45
66.29	65.45	51.53	60.42	59.1	60.59	65.39	53.92
15.78	14.94	14.78	15.74	14.34	16.27	15.4	16.35
14.58	16.86	14.2	16.26	14.04	16.71	13.5	14.76
26.81	24.05	26.73	29.4	28.45	31.89	24.48	26.04
26.16	31.37	23.92	27.05	25.54	27.49	29.64	29.21
118.96	132.53	117.29	114.46	135.34	117.08	131.51	145.4
5.53	5.14	4.62	4.28	5.24	4.75	4.8	4.09
95.75	101.48	89.33	117.31	100.3	94.67	79.24	92.04
24.69	24.98	27.85	24.88	28.01	23.19	27.24	23.77
12.22	11.48	14.63	13.98	12.82	13.43	12.99	13.73
19.79	14.02	14.83	16.35	15.83	14.57	20.55	16.74
15.33	16.85	14.62	16.06	17.36	15.33	18.19	16.07
12.45	15.47	13.33	11.52	12.01	13.4	12.98	13.76
7.05	5.81	6.73	6.7	5.19	6.13	6.01	6.08
1.82	1.78	1.86	1.95	1.69	1.66	1.73	1.95
17.56	20.45	19.01	15.55	17.17	15.55	18.07	14.69
2.42	3.45	2.91	3.3	2.84	2.97	3.13	3.01
11.41	10.6	11.17	14.39	13.27	11.36	14.85	11.89
66.95	53.67	62.08	51.61	59.01	49.76	58.13	54.46
37.81	39.76	39.06	42.35	35.61	38.14	35.09	36.11
2.7	2.57	2	2.67	2.41	2.64	2.23	2.58
45.28	40.91	42.24	52.17	51.4	50.36	42.65	47.14
35.77	42.98	39.93	42.1	45.84	38.18	41.97	38.32
30.25	26.95	26.89	23.12	23.48	28.38	22.59	23.25
1.1	1.09	1.95	1.14	1.9	1.97	1.93	1.09
11.8	10.35	13.41	12.76	11.62	11.79	12.28	9.69
33.99	38.23	29.63	38.23	32.39	35.16	35.12	41.27
67.3	66.15	67.85	58.03	73.7	63.19	69.79	85.25
48.25	52.28	58.76	56.86	69.26	64.02	49.37	55.08
1.03	1.12	1.99	1.91	1.93	1.05	1.99	1.13
18.32	17.38	19.84	20.3	18.89	17.95	17.8	24.15
19.44	19.18	15.51	14.13	15.8	16.84	17.74	14.3
47.76	47.56	53.57	51.93	67.17	50.06	51.91	43.86
32.33	34.63	28.64	29.33	31.83	37.38	29.84	35.03
2.48	2.15	2.15	2.5	2.17	2.26	1.91	1.53
43.93	40.43	50	53.53	56.28	43.48	45.03	46.83
5.48	4.76	4.95	4.86	4.82	4.28	3.93	4.1
32.63	45.4	34.49	42.49	39.5	34.9	40.51	39.05
73.79	92.85	91.34	113.75	95.82	82.68	90.08	94.43
22.11	33.51	26.53	28.77	28.6	19.39	20.78	26.99
26.34	20.74	24.16	19.52	25.67	22.88	22.16	20.17
3.16	3.57	3.44	2.97	3.18	3.55	3.12	3.06
27.05	34.55	32.77	32.22	35.09	35.49	34.54	25.02
23.27	26.91	21.08	27.9	21.06	21.63	25.68	26
2.75	2.91	2.66	2.72	2.9	2.87	2.54	2.76
31.2	27.98	30.99	34.11	28.54	27.16	25.12	28.38
44.25	35.5	39.73	45.35	43.28	34.4	42.85	36.1
10.41	7.56	9.89	8.95	9.4	11.13	11.91	9.98
70.06	68.42	67.21	82.07	69.45	83.76	80.03	66.03
2.12	2.16	1.77	2.3	1.73	2.2	2.07	2.16
34.15	27.96	35.14	33.99	30.49	29.55	35.68	35.36
25.95	26.62	24.37	26.94	29.58	28.9	26.47	24.61
3.22	2.2	2.26	2.32	2.3	1.84	2.59	2.72
23.53	29.63	27.53	27.56	26.1	20.2	24.79	23.6
4.55	4.98	5.29	5.55	6.05	4.98	5.07	4.61
32.13	31.89	27.32	28.1	28.33	25.6	38.85	32.08
87.97	78.49	97.67	92.56	80.36	83	84.91	89.68
54.61	58.43	62.48	58.95	67.8	62.11	67.15	63.86
7.35	10.49	8.39	7.54	7.83	9.02	7.92	8.41
21.77	25.24	25.64	24.75	22.74	26.99	25.71	23.87
13.47	12.82	14.03	13.62	14.43	12.88	14.69	12.83
15.17	14.92	11.89	16.37	16.68	14.2	15.23	16.49
30.55	38.52	37.17	43.83	33.44	30.88	29.07	34.16
7.05	5.93	6.65	5.69	7.73	6.85	6.08	5.94
23.44	25.95	24.18	25.76	24.59	22.14	32.43	27.34
6.8	5.56	7.29	4.84	5.79	4.94	6.04	5.43
38.67	34.12	37.1	33.62	27.81	31.15	33.83	31.98
6.56	7.71	7.03	7.21	7.7	6.94	6.93	7.95
84.94	91.95	100.31	92.22	86.52	96.84	85.14	98.43
79.88	66.53	68.34	81.54	75.66	68.41	72.51	72.42
9.48	6.95	7.99	8.16	8.63	7.98	6.99	7.92
7.6	8.04	6.95	7.84	8.64	7.48	7.24	7.2
24.5	31.54	25.96	30.69	31.78	26.67	27.58	32.34
67.81	59.01	66.52	59.2	51.08	68.32	62.59	55.14
4.87	5.42	4.72	5	4.51	5.19	5.52	5.08
58.4	64.21	72.16	58.89	54.36	59.35	57.18	67.57
22.58	21.39	22.53	21.85	27.04	20.06	24.36	20.98
3.35	3.14	3.97	3.25	3.49	3.54	3.72	3.68
34.97	26.31	31.68	25.98	28.5	26.43	29.52	29.74
35.57	36.75	37.56	36.65	44.93	35.57	34.85	34.29
5.9	6.02	6.29	5.58	5.31	5.59	6.48	5.05
32.97	38.22	30.88	35.19	38.09	28.61	30.96	31.6
59.3	59.15	73.58	62.93	67.47	53.85	60.16	62.5
107	107.66	105.92	101.46	102.75	96.98	88.31	93.54
53.79	45.96	50.34	52.44	52.51	58.22	56.82	58.38
34.24	25.7	34.74	30.35	32.31	27.27	30.45	34.67
17.72	17.53	16.05	16.69	16.31	19.79	22.24	17.93
43.37	34.11	43.48	36.94	37.87	39.83	30.38	34.6
7.83	7.66	8.42	7.01	8.93	7.95	8.76	8.79
1.71	1.62	1.6	1.72	1.69	1.82	1.68	1.71
5	5.08	6.23	6.24	5.08	4.49	5.34	7.18
29.98	28.6	24.47	22.58	21.48	27.69	30.05	26.86
29.36	36.3	29.42	32.91	33.96	28.72	35.06	30.95
32.66	40.57	26.76	29.24	35.12	27.42	36.35	37.84
4.62	4.29	4.55	4.23	4.89	4.75	3.81	3.94
32.83	26.86	25.06	31.69	35.36	29.56	31.62	29.71
51.45	49.09	59.45	51.33	55.91	53.45	63.2	57.58
24.84	27.61	26.46	26.36	28.31	23.53	24.88	28.39
18	17.32	15.31	20.98	18.22	19.32	23.72	20.12
16.96	14.38	13.93	15.61	15.59	13.45	15.24	14.24
34.43	29.65	38.64	40.71	26.1	36.33	33.09	36.59
17.75	18.74	18.1	18.76	16.2	17.98	17	18.62
62	59.03	62.13	62.98	59.83	65.94	70.06	71.78
25.54	26.98	26.75	22.84	27.69	26.64	23.67	21.12
5.19	7	6.19	5.59	6.28	5.77	6.06	6.29
11.56	13.33	14.16	16.47	12.51	14.96	11.74	12.69
20.98	23.44	29.56	28.46	27.09	25.44	30.96	22.13
5.74	6.29	6.07	6.85	6.22	6.13	6.46	7.55
49.86	65.69	67.29	56.91	58.77	60.22	52.76	63.24
110.68	124.43	127.38	114.76	115.17	117.32	129.42	113.51
5.24	5.19	5.78	6.16	4.64	6.09	5.4	6.15
6.86	5.92	5.22	6.1	7.44	7.12	7.39	7.1
5.71	5.59	6.62	5.34	5.06	5.47	6.99	5.1
11.66	11.16	11.09	13.01	11.01	11.34	11.05	11.95
2.04	2.38	2.03	1.92	2.2	2.17	1.73	2.06
14.14	15.29	14.5	13.73	12.46	11.79	18.18	15.46
40.59	36.47	36.9	34.56	41.35	38.74	35.39	37.51
1.31	1.39	1.34	1.33	1.36	1.43	1.39	1.34
27.5	33.86	27.87	28.23	26.54	29.49	32.88	25.65
7.01	6.75	6.26	6.49	7.85	8.1	8.34	8.08
33.18	35.11	31.17	32.97	31.06	35.98	30.69	30.89
11.81	12.92	13.42	12.19	15.63	10.78	12.53	16
67.25	64.45	77.33	81.01	65.93	83.88	71.91	75.18
3.56	3.73	3.72	3.61	3.66	2.96	3.1	2.91
26.95	28.15	26.95	24.35	30.57	26.78	30.62	29.09
30.04	23.47	22.1	24.49	26.57	25.07	26.09	26.22
6.13	4.87	5.02	5.42	5.61	6.28	5.19	4.6
25.33	26.72	24.61	22.07	26.5	28.25	26.05	25.05
32.79	29.05	27.9	28.93	31.02	42.28	33.35	36.57
30.78	28.09	28.23	23.9	24.75	29.34	26.22	27.82
33.65	29.71	34.44	37.34	34.77	33.89	34.44	30.12
21.31	19.34	19.7	19.13	22.3	17.81	23.91	21.63
52.52	57.82	45.8	45.37	43.46	41.57	52.4	51.28
12.94	13.63	14.88	14.95	12.48	14.91	14.64	14.06
8.9	8.74	8.33	8.1	8.5	8.58	8.04	7.91
28.49	23.57	24.07	29.83	22.86	29.81	25.19	25.95
21.84	24.4	20.41	22.29	20.69	23.21	23.64	22.3
6.85	6.64	7.4	5.75	7.3	7.72	7.48	6.08
47.1	42.84	38.01	29.93	44.09	32.28	31.93	35.82
32	27.57	28.57	33.59	30.66	30.61	30.86	30.29
66.02	68.82	63.72	72.29	69.62	76.45	82.43	63.2
46.9	43.82	45.9	53.57	51.59	48.01	50.41	49.01
31.99	34.68	32.29	39.58	30.63	45.43	33.81	36.11
14.15	12.79	15.45	15.4	13.87	12.72	13.77	13.93
8.34	9.04	7.06	8.04	9.63	8.1	8.74	6.68
40.51	41	36.92	39.69	34.95	33.78	37.24	44.58
6.25	5.73	6.19	5.62	5.62	4.45	4.86	5.72
12.71	15.93	15.66	12.89	13.88	13.42	12.9	13.15
3.01	2.86	2.53	2.72	2.49	2.74	2.87	2.92
76.44	54.46	59.82	57.56	69.97	57.53	62.49	60.65
15	10.87	13.7	14.29	13.33	12.18	13.45	12.27
1.76	1.75	1.65	1.91	1.81	1.81	1.95	1.54
21.28	19.41	20.39	19.2	20.09	16.29	22.39	18.72
23.96	27.22	27.02	23.28	29.95	27.59	35.1	30.79
6.25	6.12	5.53	5.94	5.15	5.19	4.89	5.42
31.48	31.09	28.51	31.48	28.09	33.39	29.73	27.88
2.53	2.42	3.17	2.74	2.71	3.03	2.96	2.48
41.66	40.04	40.66	35.86	42.7	35.89	33.26	37.9
12.65	11.13	14.29	12.2	11.79	11.14	11.12	11.52
12.46	15.23	13.96	12.81	12.62	14.27	13.98	13.65
18.59	19.04	20.45	19.83	20.12	19.22	20.6	16.87
29.2	26.75	30.55	30.57	27.89	27.27	24.79	28.86
28.7	32.6	36.2	30.99	35.15	32.39	37.96	33.6
40.65	36.13	38.13	30.51	35.37	39.47	37.42	38.25
27.18	29.56	35.04	30.85	30.88	27.8	27.61	31.49
36.1	30.63	30.74	37.02	29.78	26.91	31.67	35.85
56.82	49.57	53.43	51.5	63.71	49.43	53.4	58.35
21.27	24.41	23.79	20.59	25.89	27.78	24.13	28.53
22.59	20.48	21.43	25.64	22.7	23.41	24.87	21.16
28.92	33.58	32.76	37.74	36.5	32.34	32.28	29.89
38.49	44.24	39.68	36.94	31.69	40.06	45.64	39.01
62.95	61.01	65.94	65.66	54.73	61.79	63.11	62.41
9.22	9.86	9.05	10.02	9.07	7.99	10.68	9.31
73.98	70.09	75.67	80.05	61.02	76.41	83.98	82.76
56.55	58.61	56.48	64.71	84.01	51.29	49.19	57.85
94.94	94.21	78.52	75.14	111.37	71.21	102.98	117.29
7.39	7.63	7.85	6.64	7.37	8.32	7.8	7.33
9.66	7.45	8.6	9.91	9.2	9.51	8.29	9.09
20.94	16.81	16.45	17.36	20.94	16.68	19.87	17.09
38.68	36.14	35.86	37.19	39.92	37.74	34.16	37.92
78.22	81.33	56.28	66.64	74.03	80.7	73.09	71.88
50.66	45.92	46.73	46.3	40.95	41.48	40.28	55.96
18.99	22.01	20.61	17.19	18.08	16.79	15.69	16.17
27.08	30.15	28.62	27.01	25.98	33.35	23.53	22.76
22.35	24.41	23.24	25.12	22.76	24.15	25.73	24.73
36.71	29.45	25.24	39.51	32.66	32.84	26.65	30.45
54.48	50.17	50.17	46.8	44.07	49.12	51.76	52.9
38.32	34.82	33.14	34.68	34.49	27.93	31.27	30.38
18.89	20.16	18.11	15.74	17.15	13.81	17.68	19.14
5.65	4.45	5.04	5.76	4.77	5.16	4.89	5.23
8.56	8.99	9.17	9.02	11.14	10.08	8.84	8.97
21.38	22.55	18.49	27.06	21.73	19.34	18.73	22.01
130.09	142.13	162.18	122.25	139.89	116.02	139.74	153.52
20.79	17.57	20.87	21.56	20.12	19.06	17.3	17.17
20.37	21.31	19.88	19.87	24.13	21.31	24.24	18.75
44.1	36.32	38.31	37.45	44.66	34.34	40.85	42.61
17.91	18.14	19.25	16.78	16.92	19.43	16.87	15.74
121.8	107.38	97.23	98.12	103.22	113.4	119.86	116.35
7.73	8.22	7.16	7.6	8.16	8.46	8.6	8.6
30.31	34.17	33.2	26.54	29.24	26.75	28.97	34.15
26.78	23.7	22.79	25.69	27.43	24.16	25	23.62
18.57	19.2	18.83	18.48	16.27	17.67	18.89	20.57
39.55	29.19	36.69	30.33	34.42	35.1	28.85	33.07
23.13	20.66	20.28	23.12	20.98	24.58	19.55	23.35
9.58	9.4	8.33	11	8.86	11.52	9.67	9.57
78.64	65.4	51.91	80.18	67.41	74.78	59.02	75.99
56.89	42.56	50.89	48.08	54.08	47.01	49.62	58.4
22	22.75	22.46	24.76	23.73	20.85	21.74	20.44
14.82	14.21	11.38	11.15	16.68	13.66	14.11	15.99
62.71	54.41	68.69	67.72	70.01	61.94	69.63	76.04
6.2	5.88	6.81	6.48	5.91	5.44	7.53	6.6
31.61	27.91	28.82	27.17	27.49	27.45	25.55	27.25
22.81	22.23	21.77	19.32	23.37	19.9	20.4	26.95
60.28	54.16	62.96	60.94	68.88	65.87	54.83	53.68
41.55	55.95	41.68	45.51	37.59	47.03	45.65	47.55
40.71	49.21	39.28	48.78	41.41	40.06	41.91	32.84
41.42	26.48	36.92	34.02	38.63	31.61	33.43	28.31
44.69	36.58	38.92	41.28	32.86	33.89	37.21	43.93
62.44	48.02	47.66	41.5	47.42	42.43	43.75	49.17
21.55	21.45	19.17	20.13	18.85	22	22.05	21.01
29.45	33.12	33.65	32.83	29.7	30.9	28.44	26.75
15.04	18.99	21.76	16.26	17.45	19.32	17.95	18.46
46.73	47.67	60.7	48.45	45.52	50.66	40.05	48.55
51.03	46.55	47.4	46.23	43.18	41.89	50.36	43.83
13.34	12.5	11.73	12.71	12.78	13.04	12.82	12.39
1.43	1.43	1.34	1.38	1.37	1.37	1.33	1.38
3.59	3.69	4.41	3.6	4.55	4.17	3.85	4.33
32.81	45.26	39.62	31.18	37.67	39.79	41.28	36.23
64.8	54.29	65.83	60.68	63.26	64.13	60	73.54
24.03	17.46	21.52	24.44	21.69	18.22	18.35	21.13
5.45	7.1	7.64	5.3	6.17	6.2	5.7	6.99
8.23	8.7	10.59	9.6	10.63	7.88	10.93	7.22
48.97	41.15	40.64	39.94	42.7	41.71	44.16	49.28
80.45	76.2	77.78	70.82	72.2	71.85	85.54	91.66
80.07	84.21	70.17	79.08	88.89	79.39	66.22	71.37
6.44	5.1	5.67	6.47	6.6	6.66	5.78	5.79
11.23	15.63	12	12.35	13.09	12.08	12.34	11.55
39.34	41.27	39.33	34.2	34.8	41.57	36.27	42.41
8.84	8.24	7.57	10.13	8.25	9.89	7.94	8.14
64.12	58.86	72.39	73.9	60.72	64.59	61.34	63.36
79.33	69.74	71.64	54.1	61.66	77.81	90.21	74.73
7.52	6.84	7.8	6.27	6.9	7.71	7.25	6.71
12.06	11.17	11.54	13.98	13.16	12.35	14.22	14.1
58.8	42.01	46.1	49.44	44.79	56.5	41.9	35.18
1.28	1.28	1.27	1.28	1.25	1.24	1.28	1.25
15.16	13.85	12.52	12.38	14.24	13.65	12.05	11.2
26.75	26.07	29.89	26.31	29.28	26.73	20.51	27.33
22.69	18.9	20.68	17.27	18.94	23.01	26.39	19.82
8.47	6.31	6.96	7.47	7.85	7.98	7.4	9.1
6.1	6.73	6.33	8.48	6.96	5.73	5.84	5.5
32.79	35.58	42.76	33.45	31.37	39.03	33.63	28.58
31.14	32.28	28.67	28.55	29.59	30.73	28.47	31.93
40.27	39.68	31.34	44.67	42.45	38.54	35.19	37.73
45.97	42.66	44.27	42.64	37.01	35.17	44.15	46.77
34.17	29.57	30.11	36.98	34.04	31.76	30.64	32.4
29.85	30.36	36.11	29.69	35.35	36.85	35.84	33.4
21.63	22.25	19.96	24.86	22.51	20.43	20.02	23.47
7.93	7.27	6.91	6.84	7.57	7.76	7.55	6.11
28.75	32.09	25.14	27.07	32	29.75	30.62	29.35
6.51	7.33	6.78	6.53	7.64	7.73	5.97	7.44
14.82	16.5	15.15	11.08	16.57	15.93	12.72	13.05
1.74	1.63	1.6	1.59	1.53	1.67	1.65	1.58
46.83	54.99	60.97	51.89	55.53	50.43	58.38	60.9
13.65	18.28	16.83	16.03	13.67	14.73	15.48	14.72
34.49	32.12	29.86	26.97	27.97	26.82	31.27	26.39
15.61	14.41	12	14.66	16.98	11.5	13.27	13.16
2.82	2.7	2.57	3.61	2.79	2.85	3.34	3.35
27.55	27.49	26.58	32.49	33.49	38.65	28.91	31.22
32.28	33.14	36.84	28.87	34.41	31.96	31.42	30.95
20.68	19.95	19.09	19	22.26	16.93	19.29	21.28
20.04	24.41	23.1	18.51	24.5	19.31	24.17	21.86
4.48	4.57	4.43	4.27	4.21	4.57	4.68	4.71
10.51	14.13	13.39	15.53	13.13	13.58	16.58	11.57
4.1	4.07	4.1	3.91	4.01	4.06	4.05	4.24
22.69	17.86	22.29	17.95	16.26	20.01	19.08	19.97
5.52	5.57	5.85	5.88	5.3	5.85	6.51	5.82
42.05	38.51	41.62	37.6	37.88	36.57	42.93	45.14
22.77	22.24	22.29	22.48	19.55	23.2	23.72	21.59
18.13	13.43	12.97	14.94	18.29	14.88	14.82	11.09
5.35	4.37	4.21	4.82	4.44	4.5	4.26	4.71
50.63	44.07	38.73	38.09	45.65	47.59	47.4	40.41
33.57	30.77	31.6	36.28	29.75	30.36	32.91	37.66
98.51	91.23	97.01	66.25	91.06	95.21	73.85	76.17
1.37	1.34	1.35	1.13	1.3	1.25	1.27	1.22
43.91	50.23	39.88	43.59	40.04	39.88	51.63	52.09
44.37	46.74	36.54	48.67	47.32	45.15	36.94	41.38
24.64	15.8	24.89	21.77	22.27	24.22	19.65	20.47
22.4	25.88	24.8	26.62	22.13	25.37	22.66	22.6
13.37	11.98	15.13	14.17	12.25	11.12	17.37	13.5
22.25	31.79	24.58	32.44	26.48	29.63	24.17	29.97
40.06	34.33	27.94	30.64	29.52	29.01	36.27	32.85
26.72	27.76	30.42	30.91	25.14	32.46	27.51	30.21
73.34	70.01	65.97	77.08	68.4	54.16	69.27	73.31
66.44	49.62	54.73	47.92	58.02	67.04	53.47	70.72
21.55	19.7	23.83	21.61	18.42	24.16	20.52	22.67
12.89	10.88	11.27	13.81	11.01	12.35	11.47	12.89
11.91	10.19	11.36	9.94	10.24	10.45	10.34	11.97
26.19	19.49	24.29	25.77	22.05	26.61	27.4	26.21
11.33	12.43	11.04	12.95	11.92	13.67	11.44	9.89
35.19	36.93	33.13	40.42	37.57	40.42	42.88	43.58
20.39	22.91	25.23	23.3	24.81	25.1	24.43	28.17
35.27	29.27	30.91	31.35	32.55	36.6	29.16	29.52
19.06	20.22	20.52	19.83	16.9	18.61	18.1	14.76
47.87	45.6	36.48	38.73	48.71	42.23	46.01	50.77
24.05	27.83	24.33	24.47	30.78	29.59	24.52	26.23
135.9	155.76	164.41	148.02	173.42	140.84	142.51	175.07
26.25	30.5	29.96	32.24	28.91	28.51	29.27	30.03
7.07	6.81	6.72	7.53	6.51	6.65	6.86	7.95
18.25	22.27	17.02	20.54	19.79	18.19	19.57	21.85
52.41	74.97	65.77	64.84	54.97	61.58	59.44	48.73
8.54	8.6	10.11	10.06	10.24	10.1	9.25	9.33
31.86	30.99	39.26	29.54	35.93	33.13	38.25	32.67
34.36	36.32	39.91	40.86	41.65	39.47	42.39	36.72
59.74	54.41	52.57	50.5	51.53	50.91	56.77	59.13
20.69	28.75	28.2	31.31	25.19	24.47	23.08	29.34
4.5	4.91	3.66	4.12	4.26	4.02	3.96	3.63
38.99	41.36	44.76	30.4	40.31	33.45	37.6	33.48
14.78	15.71	14.46	18.33	14.16	16.22	16.51	15.64
7.37	6.09	6.08	5.92	6.24	6.46	6.09	7.22
103.53	131.38	102	110.09	114.93	107.56	128.13	108.25
15.76	16.51	21.2	14.14	17.36	16.76	14.68	17.44
125.17	99.07	125.06	112.37	96.65	132.18	108.67	140.53
79.15	72.84	73.1	84.05	72.88	60.18	77.17	75.01
9.56	11.87	11.03	11.03	10.89	11.58	11.65	12.73
13.64	13.8	13.16	13.92	16.56	15.95	13.35	13.87
96.49	122.54	101.59	92.11	87.68	90.82	99.47	74.84
61.03	47.56	51.87	61.91	48.44	38.95	46	49.08
8.07	8.16	7.27	7.7	8.49	8.42	7.68	8.29
122.78	146.79	122.43	119.55	137.7	132.84	118.72	113.56
17.21	19.89	16.53	19.98	17.73	22.13	17.39	16.92
54.97	46.01	56.14	48.39	49.91	49.11	45.63	46.46
7.84	6.33	7.25	7.96	8.84	10.46	7.85	7.23
49.85	62.07	62.84	69.53	65.65	59.02	59.2	56.79
29.97	29.26	29.09	28.84	29.82	30.07	33	34.43
69.6	67.07	65.83	63.65	73.78	63.78	60.17	70.78
36.9	38.42	38.39	40.68	44.83	53.68	39.36	43.11
9.99	10.08	9.96	10.39	10.6	9.43	11.74	10.07
87.62	101.58	87.17	80.59	87.29	91.69	78.9	94.99
43.33	33.04	35.6	38.82	33.86	38.11	45.48	39.16
34.22	31.94	42.15	35.76	35.39	35.73	34.07	36.27
22.32	25.78	27.94	26.63	21.75	24.45	25.32	28.56
30.54	31.95	36	33.38	32.05	28.23	28.86	33.9
6.71	6.07	6.34	6.31	7.83	7.3	6.22	6.84
19.22	20.01	20.13	19.04	19.19	19.46	19.67	22.82
33.32	33.17	34.53	41.43	38.21	36.04	34.59	30.78
58.52	52.45	51.06	60.31	67.68	58.41	52.92	52.55
3.1	3.31	3.62	3.7	3.27	3.18	3.57	2.86
10.58	11.79	12.33	11.14	13.06	10.07	11.69	13.61
50.83	54.64	56.51	52.35	47.52	66.01	53.17	55.2
3.93	4.78	3.75	4.2	3.48	3.72	4.51	3.91
1.94	1.44	1.88	1.59	1.86	1.51	1.45	1.66
17.61	19.47	15.96	17.31	16.26	12.36	15.65	13.1
34.43	36.88	35.37	44.42	39.04	32.42	39.29	39.01
8.46	7.17	8.21	8.37	8.02	8.61	8.41	8.1
52.62	55.4	47.76	47.28	53.41	53.41	48.52	47.34
47.96	51.26	44.34	37.42	46.35	42.65	44.15	56.26
2.54	2.49	2.16	2.27	2.5	2.26	2.51	2.68
12.29	13.72	11.57	13.51	13.85	12.99	13.46	14.1
66.48	58.65	57.89	62.8	62.76	70.34	70.08	69.2
4.58	5.42	5.08	5.01	4.25	5.34	5.11	4.33
78.58	82.75	57.08	93.15	76.57	83.32	64.81	66.53
1.9	2.07	1.78	2.14	1.94	1.86	1.95	2.09
20.78	21.65	25.79	25.41	25.31	19.95	22.14	24.57
32.04	32.42	32.19	35.68	35.79	29.55	30.17	28.8
64.66	71.92	66.4	56.7	66.39	70.82	61.39	63.22
8.5	8.14	10.26	8.65	8.54	9.19	9.25	8.86
68.27	54.98	62.49	60.51	62.08	72.13	56	60.57
59.55	65.89	63.75	54.03	75.41	62.56	68.73	68.29
5.41	4.33	4.74	4.51	4.43	4.64	4.9	4.89
20.3	24.16	22.15	20.63	21.63	20.77	20.33	21.8
18.21	20.65	17.12	15.06	23.09	17.64	21.09	17.09
2.44	2.76	2.57	2.32	3.02	2.71	2.62	2.71
17.19	19.6	16.6	18.86	18.1	18.85	18.14	16.84
45.77	48.59	43.11	46.43	49.95	47.02	40	51.64
7.75	9.23	7.93	7.95	8.75	9.42	6.3	7.98
28.41	27.27	27.41	30.03	29.54	22.69	28.31	27.21
28.05	27.5	26.06	28.51	24.31	28.27	26.35	28.48
8.07	7.31	6.71	7.88	6.06	5.92	6.62	6.64
28.84	33.28	32.15	33.85	26.55	24.52	33.37	27.66
33.58	28.13	29.13	31.59	36.14	31.03	28.65	37.21
33.53	39.71	26.51	32.14	27.37	35.27	32.82	28.78
68.68	80.64	68.7	88.86	82.06	67.79	76.13	68.12
23.39	18.66	21.85	18.95	21.45	19.16	24.83	19.71
32.89	31.58	34.5	33.23	35.78	33.55	29.39	34.45
1.43	1.38	1.43	1.42	1.47	1.43	1.42	1.39
14.01	12.69	11.33	13.71	12.77	13.13	13.92	11.14
36.45	35.52	47.96	42.75	40.62	40.94	41.27	51.25
61.33	47.8	65.25	49.69	60.1	56.85	60.17	51.96
8.11	9.76	9.42	9.9	10.99	9.31	9.93	10.9
22.59	22.12	21.11	22.03	22.26	22.66	18.84	18.03
25.6	24.69	19.27	24.14	26.21	27.27	25.8	20.58
12.49	11.83	11.06	10.97	10.73	10.03	11.49	13.62
1.5	1.49	1.44	1.45	1.5	1.54	1.42	1.46
26.24	25.44	22	27.5	25.23	28.36	24.43	26.27
5.3	5.07	3.95	4.79	5.44	5.24	4.31	4.33
5.29	6	4.51	4.66	4.79	4.79	5.69	5.82
1.24	1.28	1.32	1.27	1.28	1.26	1.39	1.08
102.58	86.65	90.2	80.99	87.2	92.03	72.84	102.32
25.64	22.94	26.37	37.14	27.91	24.18	25.85	30.24
43.1	50.19	45.93	47.14	43.87	56.43	43.66	51.02
20.13	16.64	21.21	18.98	18.64	20.83	21.54	17.46
12.63	12.83	9.7	13.08	10.74	12.62	12.37	12.54
6.87	5.89	7.5	5.88	5.97	6.95	7.06	7.77
20.13	19.43	16.19	17.79	23.52	18.76	21.02	15.27
30.66	23.35	22.2	27.6	29.04	27.95	27.79	24.23
111.79	116.21	120.51	103.69	101.84	123.21	99.58	131.99
12.14	11.09	15.35	13.2	12.57	11.87	13	10.74
61.26	64.09	69.49	74.27	69.77	75.41	74.78	73.26
10.48	10.65	10.46	11.76	10.15	10.71	9.95	11.26
1.41	1.19	1.35	1.38	1.41	1.42	1.34	1.26
37.24	39.26	44.11	45.72	34.47	48.05	42.01	44.97
31.14	27.45	36.01	30.89	32.38	35.36	32.18	29.37
73.36	104.95	70.91	90.37	86.98	82.89	88.69	92.45
4.2	4.34	4.33	5.3	4.46	4.71	4.37	5.52
2.77	2.73	2.67	3.71	3.28	2.99	3.79	3.27
4.5	4.66	5.42	5.18	5.53	5.1	4.62	5.11
2.48	2.77	2.56	2.3	1.96	2.49	2.7	2.21
6.87	6	5.05	6.54	6.12	5.85	6.75	5.47
17.62	17.53	15.84	18.32	18.52	16.12	19.87	18.76
44.97	43.27	42.4	46.86	44.1	41.59	51.3	44.98
29.63	25.16	27.59	31.05	30.32	28.89	28.65	29.1
45.84	63.56	48.07	51.11	61.62	40.13	51.35	54.24
15.33	13.6	15.55	15.54	16.39	17.26	15.65	16.18
13.53	16.04	14.48	13.29	11.84	11.66	15.68	16.18
45.18	43.56	51.67	41.85	44.49	48.43	48.83	40.4
14.81	12.14	14.15	12.61	14.61	16.55	17.45	13.11
12.84	13.1	13.84	13.24	15.92	11.78	14.81	11.64
51.22	51.14	53.51	60.51	41.84	54.36	56.07	63.9
64.21	54.31	55.71	54.67	64.35	49.81	54.31	59.46
13.75	14.99	17.89	16.7	14.61	16.97	14.48	16.34
42.19	35.42	37.29	37.19	46.89	46.23	45.02	42.36
82.99	79.34	70.59	59.66	68.2	69.4	62.71	71.74
4.18	4.02	5.32	3.9	4.93	4.08	4.82	4.33
15.5	12.51	14.43	13.21	11.68	12.8	13.59	14.44
25.36	22.46	21.45	26.46	23.47	25.55	25.64	24.18
50.62	54.73	50.82	41.51	51.09	51.06	44.39	57.34
52.87	55.24	63.86	57.54	65.8	54.3	53.5	56.25
21	28.25	26.8	24.9	23.7	25.54	25.56	26.74
31.72	32.81	34.7	26.73	33.53	35.41	32.29	34.79
21.08	18.61	20.93	16.19	18.28	20.77	20.68	18.86
29.6	29.84	22.11	29.78	30.97	31	26.48	28.82
9.41	7.68	9.26	9.62	10.74	9.43	10.81	8.73
3.17	2.88	3.28	3.16	3.22	3.12	3.46	3.13
21.1	17.34	20.61	21.44	23.61	22.21	23.94	25.38
31.3	36.48	37.11	33.4	35.54	34.11	33.25	34.67
24.24	27.42	26.45	21.97	23.65	30.4	25.16	22.74
17.49	15.45	17.27	17.03	18.25	15.17	14.72	13.23
71.59	57.69	66.07	61.06	73.16	74.08	59.85	67.28
70.95	90.43	81.73	79.17	79.81	89.18	84.84	96.26
73	63.43	64.85	70.03	74.03	57.85	67.79	58.4
14.22	16.91	14.9	15.1	13.61	16.02	12.73	13.82
75.37	78.62	75.18	67.77	65.85	71.42	64.2	68.31
17.28	20.14	19.85	19.55	17.11	15.73	16.97	19.51
10.13	9.91	12.91	9.16	7.58	8.03	11.19	10.24
18.16	15.53	16.34	13.59	17.21	16.62	12.19	14.3
6.42	7.6	7.72	6.78	6.57	6.69	8.17	7.15
41.06	40.11	39.85	38.78	39.8	52.76	39.17	41.9
27.29	28.12	23.16	28.73	24.65	29.93	29.47	26.68
30.45	25.35	29.82	27.61	25.47	24.96	28.51	25.25
37.95	37.84	39.5	43.3	40.74	46.71	34.42	45.41
2.27	2.51	2.68	2.18	2.09	2.56	2.45	2.57
24.42	20.68	26.43	19.21	18.37	24.37	16.41	17.61
8.31	8.43	10.09	9.37	9.33	11.05	9.8	9.66
61.44	70.42	68.08	54.73	52.95	52.25	54.2	58.45
16.88	16.46	15.78	15.77	17.5	16.13	16.29	17.54
28.83	31.4	31.73	29.51	28.27	30.56	25.18	32.91
13.58	15.17	15.16	16.15	11.89	13.81	12.28	13.9
52	58.41	54.93	60.15	47.49	52.86	48.81	49.92
29.12	25.23	23.52	24.91	22.05	24.73	20.34	24.58
18.96	16.03	20.13	19.13	19.27	19.52	18.58	19.69
85.51	72.38	85.15	75.57	79.81	79.92	79.18	67.54
8.06	9.01	8.25	7.86	7.78	7.71	9.22	8.7
47.67	49.98	52.17	48.87	42.92	40.88	39.15	40.98
89.56	89.04	100.97	83.29	79.78	106.87	73.69	74.4
10.91	9.99	10.53	10.62	9.94	9.44	8.55	9.43
40.32	35.21	45.85	41.48	35.68	33.39	32.74	36.28
41.56	42.46	46.37	41.39	37.96	43.05	41.53	38.79
40.7	50.72	44.99	47.74	40.21	44.28	48.03	45.41
21.86	21.64	18.72	25.02	20.82	20.58	22.09	20
19.1	24.43	22.09	18.62	21.1	18.7	18.38	21.21
12.74	13.02	12.77	12.59	11.22	13.48	12.37	11.4
12.03	13.14	10.46	12.41	13.82	12.78	10.84	11.81
42.78	51.78	54.86	61.31	50.32	60.97	43	52.12
10.13	10.92	10.52	9.84	8.86	8.05	7.85	8.22
3.52	4.32	2.65	3.46	3.3	3.17	3.67	2.81
11.9	12.33	11.96	13.46	11.6	9.58	10.95	12.37
9.76	10.62	8.33	7.94	9.59	8.67	8.95	8.18
28.73	25.2	31.21	25.31	27.16	28.14	31.54	28.25
18.9	16.78	16.92	17.7	18.76	18.84	17.2	17.49
39.38	44.18	43.43	45.69	52.75	51.62	41.68	43.53
23.55	21.2	28	17.67	21.92	24.55	23.94	21.34
29.59	26.15	33.03	32.74	30.05	22.11	30.08	31.05
62.56	54.91	52.91	49.08	49.42	61.28	48.38	53.56
12.91	11.12	10.94	12.81	10.58	9.43	9.31	11.41
10.98	7.24	10.64	8.19	9.1	8.97	9.21	8.27
52.92	49.58	61.48	56.37	61.96	48.52	46.57	51.65
33.56	28.7	30.74	32.78	31.36	33.23	32.11	28.93
10.22	9.76	11.15	9.72	10.07	11.16	9.82	13.12
27.64	24.19	27.69	24.48	21.48	25.99	20.45	20.42
26.79	23.6	28.41	20.67	28.44	23.24	25.33	22.71
21.83	20.72	21.46	20.4	19.61	24.23	19.34	18.98
40.02	50.5	41.84	47.49	45.76	47.85	32.82	58.04
28.37	26.64	29.68	32.94	40.23	32.46	25.03	31.61
32	30.44	32.71	32.88	28.82	29.39	27.76	27.45
20.82	17.82	20.9	20.17	16.31	18.46	17.96	17.21
25.25	27.49	34.48	22	29.32	29.27	28.48	29.74
11.86	12.62	12.11	12.45	13.33	11.09	12.41	9.82
13.07	13.18	14.39	14.78	13.27	12.76	15.49	12.26
50.75	42.39	32.85	35.61	34.9	46.1	28.98	39.83
48.05	43.33	46.78	45.54	40.42	48.73	43.03	39.48
49.96	55.32	63.59	50.31	51.43	59.88	54.08	50.22
23.26	22.1	20.69	24.25	24.54	20.9	18.02	18.47
25.2	21.76	18.95	25.69	27.19	24.52	22.2	28.66
36.01	43.11	30.4	37.99	33.84	32.38	41.97	42.54
43.46	49.88	41.11	52.67	47.57	37.33	40.1	47.56
33.29	36.89	36.43	36.54	40.72	35.01	38.12	37.95
30.87	37.16	38.69	37.2	40.26	35.83	34.38	31.65
2.65	2.68	2.62	2.58	2.82	3.11	2.94	2.38
14.01	14.76	15.53	18.61	14.2	13.82	14.7	14.35
1.22	1.22	1.21	1.24	1.24	1.2	1.23	1.23
35.65	35.69	41.18	35.72	41.98	42.88	47.51	44.96
58.79	69.58	52.97	63.04	48.54	58.13	56.03	58.1
