32.34	27.7	33.4	38.45	35.8	30.66	40.25	30.01
1.42	1.51	1.36	1.36	1.54	1.46	1.6	1.63
1.59	1.48	1.31	1.38	1.61	1.84	1.5	1.51
25.04	22.87	26.06	27.6	26.37	27.43	29.89	23.54
11.45	10.57	10.59	9.89	11.63	9.66	9.84	9.73
5.89	6.18	6.08	7	5.68	6.48	6.14	5.87
34.58	35.39	32.48	28.47	35.91	33.37	28.82	30.81
12.93	13.73	11.04	13.18	10.92	16.79	12.77	12.66
14.25	11.48	12.63	15.7	14.96	14.11	14.63	12.06
10.61	14.94	13.95	13.6	13.5	13.31	11.63	14.61
6.32	4.76	5.56	6.76	6.09	5.08	5.77	6.07
44.75	43.4	43.19	54.5	45.84	44	37.29	47.39
1.69	1.44	1.66	1.93	1.49	1.54	1.73	1.9
8.49	8.88	6.83	7.67	7.97	6.61	8.21	7.23
7.94	8.43	7.92	8.7	9.1	8.46	9.22	8.62
25.97	22.09	28.57	27.45	27.67	28.43	24.37	29.23
27.7	29.25	33.35	26.81	24.55	31.72	29.92	26.98
8.6	9.92	12.63	10.52	9.97	12.93	10.56	9.85
130.49	150.18	147.32	138.02	125.73	143.31	139.32	121.09
9.81	9.15	9.26	10.92	9.43	9.45	9.66	9.95
22.71	21.05	21.36	19.92	23.64	19.43	23.07	20.23
10.3	11.63	10.88	11.26	10.75	10.01	11.19	9.94
25.68	24.24	27.88	27.52	29.23	24.73	21.91	30.08
47.9	55.49	39.08	56.38	55.66	63.56	47.83	61.09
91.85	74.57	103.04	111.18	96.34	99.79	108.53	85.96
30.01	29.33	29.06	26.77	29.91	28.13	26.05	25.61
8.91	7.88	10.33	8.55	11.08	12.1	9.63	9.96
13.12	12.06	11.23	12.96	9.6	11.41	10.47	10.92
45.67	48.79	43.61	45.94	43.05	52.02	42.11	37.84
14	15.37	14.24	14.02	13.1	13.73	12.51	13.23
46.72	37.85	42.26	38.96	46.98	36.48	41.11	41.84
48.65	45.64	49.18	47.81	55.18	41.58	58.51	51.35
11.38	10.41	10.85	13.31	12.7	14.39	11.96	13.37
25.91	31.84	23.25	23.11	27.77	28.39	25.25	25.19
6.73	5.47	5.93	6.05	5.23	5.63	5.75	4.69
91.04	97.27	90.36	85.88	90.84	94.64	99.02	94.61
40.6	38.6	37.02	30.94	35.77	33.31	40.77	36.39
5.46	6.38	6.55	6.25	6.16	5.73	7.02	7.07
18.27	20.23	15.09	15.93	19.78	19.15	16.63	17.6
57.71	51.81	52.2	58.16	53.6	60.18	56.16	47.11
3.32	2.73	2.79	3.35	2.96	3.46	3.28	3.38
12.25	10.77	11.95	11.36	12.16	9.42	16.46	14.55
38.57	42.8	32.33	39.94	35.79	41.07	47.78	36.42
2.37	2.1	2.23	2	2.32	2.48	1.87	2.12
47.22	38.89	51.75	54.47	46.95	38.99	43.79	43.99
18.33	22.41	16.62	13.33	19.07	20.85	20.11	16.43
10.56	12.76	15.54	13.75	15.24	11.41	13.94	14.3
47.67	37.74	46.85	44.94	46.89	41.73	49.7	47.93
22.75	23.8	26.76	23.02	24.51	28.63	29.39	27.78
70.48	70.63	65.43	56.69	64.47	64.01	57.49	64.78
75.99	97.01	94.27	95.28	71.69	69.41	91.75	69.03
1.53	1.55	1.66	1.6	1.53	1.49	1.52	1.5
36.57	31.91	33.25	31.84	33.02	33.08	33.87	35.54
26.36	24.61	23.12	25.48	27.87	25.8	25.87	23.64
29.82	26.64	29.41	29.73	25.68	27.95	22.74	27
15.48	18.76	16.08	17.33	16.95	18.32	19.53	18.08
61.69	70.34	79.96	66.51	85.52	80.04	66.87	79.57
7.71	7.78	7.35	8.17	7.94	6	6.44	7.42
35.86	32.78	32.86	34.85	42.06	41.8	38.74	35.51
9.17	9.24	9.04	8.71	9.36	9.94	9.02	8.35
60.97	78.07	62.04	65.89	53.63	55.97	66.36	71.12
1.54	1.72	1.4	1.45	1.68	1.85	1.6	1.63
1.3	1.39	1.28	1.17	1.09	1.24	1.22	1.03
79.53	78.07	70.26	73.95	79.19	88.84	85.98	79.24
4.56	4.49	4.06	4.6	3.16	5.05	4.45	4.47
85.97	71.26	91.69	72.29	83.16	78.63	84.84	88.33
46.21	38.7	41.51	40.33	49.14	43.53	47.22	32.31
15.67	13.88	10.68	12.82	12.82	12.16	12.64	13.47
6.44	7.96	8.15	6.67	7.4	6.51	7.86	7.46
26.76	27.67	28.67	31.16	27.1	28.86	28.62	25.9
26.97	25.66	27.15	25.75	23.33	26.39	30.74	31.04
25.44	19.48	19.51	18.07	20.26	21.1	24.73	19.02
3.19	3.61	3.52	3.54	3.19	2.39	2.99	2.9
38.82	47.55	41.24	41.62	38.52	37.12	45.67	38.79
12.93	13.18	15.29	13.33	14.52	14.02	15.67	14.54
6.36	5.46	5.78	5.29	6.06	5.36	5.39	6.67
37.73	33.03	30.62	31.01	30.49	29.32	30.01	32.91
9.95	9	6.61	9.8	9.04	8.87	9.33	8.49
23.75	21.62	19.03	26.6	19.45	18.9	22.99	22.09
6.69	7.39	5.27	6.01	6.14	6.85	6.09	7.55
61.89	69.03	58.66	72.75	61.69	68.77	72.05	62.77
22.92	24.9	22.59	22.93	20.78	20.81	24.59	22.22
7.99	8.68	7.47	5.65	8.06	7.71	9.16	8.28
45.55	59.3	58.81	50.63	52.26	60.81	50.78	51.74
8.24	9	7.77	6.66	6.79	7.84	8.62	9.04
41.76	43.88	32.73	50.14	46.53	44.23	47.16	43.42
74.64	105.23	79.24	76.41	77.73	109.49	93.35	88.2
16	16.76	12.67	14.41	12.21	14.3	15.25	15.53
39.6	38.04	44.49	39.77	38.33	43.65	38.45	40.93
22.3	23.53	25.25	22.02	25.69	30.85	22.7	27.4
45.55	44.03	44.62	45.64	32.5	43.94	42.47	40.06
4.2	4.93	4.35	5.02	4.85	4.25	4.37	4.99
43.19	49.65	37.85	41.66	41.93	41.58	48.9	41.23
14.22	12.85	14.01	14.82	16.52	16.29	14.04	14.52
35.64	33.9	39.19	32.37	35.7	33.3	29.2	39.13
56.45	50.81	55.95	53.17	54.19	49.2	47.07	49.15
22.91	19.38	25.13	22.12	23.21	21.77	20.93	27.82
14.13	16.27	16.86	13.61	14.61	16.19	16.22	10.21
45.25	44.23	37.66	48.6	45.9	43.81	52.06	41.12
20.44	20.67	22.71	19.58	25.58	21.32	19.22	18.43
7.77	6.78	6.05	6.77	5.44	6.99	6.25	6.18
6.39	6.51	6.12	6.1	6.34	5.93	6.11	6.16
26.14	24.08	28.85	24.99	26.82	26.44	23.87	24.48
32.99	32.46	26.89	30.6	31.78	31.21	27.92	30.93
5.09	4.85	5.53	5.09	6.09	4.84	6.5	5.06
12.79	12.13	10.88	14.42	10.82	12.56	11.99	11.43
7.48	6.92	5.4	5.29	6.83	4.53	5.99	6.61
77.23	84.87	68.65	77.73	79.18	88.12	83.87	91.58
20.71	21.27	21.46	28.62	22.52	25.43	24.93	23.61
1.9	1.97	1.89	1.96	1.02	1.91	1.92	1.72
24.87	24.1	19.77	26.97	28.79	21.79	22.21	22.98
34.25	27.01	29.95	29.21	30.52	29.08	26.01	28.3
28.94	29.87	30.87	27.97	21.7	26.85	28.06	23.01
3.35	3.64	3.26	3.43	3.07	2.69	3.41	2.95
46.74	35.71	41.67	40.83	40.17	37.54	42.3	36.26
52.79	50.91	52.76	52.53	58.4	47.17	46.43	50.01
31.02	29.82	35.9	27.37	31.77	27.9	29.24	32.38
54.43	48.25	53.16	60.17	54.75	49.35	50.67	60.49
10.74	13.15	11.06	11.58	12.7	12.22	10.37	10.19
3.78	4.11	4.58	4.26	4.31	4.45	4.86	4.62
59.93	65.05	71.59	75.35	60.9	66.19	60.32	74.21
48.22	45	55.76	56.2	48.88	50.13	43.2	49.8
35.58	33.58	28.94	28.95	34.32	30.18	30.48	41.12
15.64	12.45	12.8	13.16	14.54	14.47	14.61	13.94
3.96	4.09	3.91	4.17	3.22	4.52	4.07	4.12
19.19	22.25	16.95	17.78	18.29	17.58	20.3	19.62
58.39	48.93	50.3	48.97	42.07	55.32	50.29	60.79
128.89	144.01	189.18	107.73	141.62	108.02	130.37	132.99
10.08	8.98	8.32	8.74	9.01	11.41	11.95	9.75
16.55	26.22	22.84	24.02	18.86	26.48	22.27	20.79
28.18	28.62	27.63	29.34	31.65	24.7	27.17	28.87
20.45	19.69	21.05	19.81	23.48	19.77	23.92	20.7
20.08	24.56	23.57	23.31	28.24	26.71	26.98	24.37
46.89	42.42	50.13	40.28	48.23	45.91	38.37	49.45
13.43	13.1	14.2	13.04	12.21	13.89	12.54	13.4
36.81	28.87	36.49	46.58	26.85	36.53	35.81	31.78
49.22	37.32	39.25	42.49	40	38.64	39.97	38.42
16.08	17.05	14.2	17.57	15.27	13.29	15.05	14.25
55.06	55.77	57.38	57.86	59.21	45.82	53.11	49.45
4.76	4.61	3.89	4.63	4.79	4.24	3.87	3.88
7.34	5.35	7.2	7.09	7.37	6.27	7.18	6.75
3.26	3.01	4.2	3.59	3.53	3.57	2.83	3.83
8.09	8.08	7.79	7.95	7.27	6.54	7.77	8.34
37.51	37.09	43.09	39.74	36.62	39.2	45.63	45.45
15.09	18.3	16.19	16.86	16.04	15.05	16.54	17.99
16.98	12.24	15.86	16.37	14.53	15.28	14.34	15.15
79.89	79.03	79.31	87.82	87.93	79.65	66.01	71.19
54.3	57.06	51.34	61.86	48.49	52.88	58.12	58.16
29.6	26.8	27.12	28.64	28.61	27.58	29.18	26.36
14.11	12.26	12.94	15.96	14.88	12.8	14.04	15.35
10.5	9.95	13.64	10.93	11.79	11.97	12.04	11.78
2.41	2.22	2.76	2.4	2.38	2.39	2.69	2.53
14.99	15.06	16.66	17.65	15.3	16.21	16.21	15.76
39.7	39.23	36.8	38.28	35.44	45.84	40.26	43.66
24.97	27.94	22.49	28.49	25.05	25.18	22.56	27.74
3.52	3.21	3.12	3.15	3.34	3.34	2.77	3.28
2.08	2.29	1.95	2.61	2.62	1.96	2.38	2.31
7.52	9.85	7.57	7.58	8.21	8.96	8.08	8.87
31.76	37.74	41.24	40.35	37.9	33.33	43.75	38.63
18.55	18.93	18.55	19.1	18.06	22.43	18.06	21.4
32.91	33.42	36.86	34.48	32.37	34.93	35.14	38.02
15.01	18.2	22.52	14.16	17.68	17.21	17.53	16.04
31	30.23	30.68	26.37	26	31.58	28.42	31.63
25.39	28.81	29.07	34.78	30.77	32.09	38.35	26.65
34.93	40.84	37.22	43.04	38.97	37.97	34.09	37.25
1.39	1.38	1.42	1.34	1.33	1.41	1.37	1.32
20.94	21.42	18.82	19.87	21.67	20.14	22.01	20.52
15.16	12.58	13.1	12.02	11.01	11.56	12.16	11.57
6.19	5.25	5.14	5.45	5.79	4.33	4.61	4.93
1.63	1.55	1.63	1.41	1.51	1.59	1.9	1.94
35.19	34.67	34.34	36.56	34.56	39.85	40.21	31.91
10.45	9.14	7.54	8.69	8.55	9.48	8.43	9.79
19.77	20.8	19.72	19.63	19.66	20.47	21.85	18.67
7.04	6.24	5.98	6.95	6.29	6.13	5.31	8.1
25.1	31.28	32.33	30.69	29.62	24.06	23.45	25.57
63.06	61.13	62.55	66.16	62.29	64.14	63.07	70.58
73.34	81.23	71.47	76.59	68.66	83.51	57.39	70.27
26	28.05	23.93	27.62	28.29	29.42	30.46	25.81
80.82	70.11	62.84	81.12	75.77	78.65	77.18	77.44
11.4	7.42	8.13	8.77	9.96	9.12	9.32	11.55
10.95	12.73	11.89	11.25	11.44	10.55	11.04	13.44
34.69	25.48	35.37	29.79	30.25	32.63	33.55	28.85
5.43	6.61	5.41	6.07	5.56	5.91	5.04	5.98
3.86	3.63	3.71	3.75	4.69	3.64	4	4.1
2.98	2.88	2.85	2.63	2.91	2.56	2.87	3.16
16.06	12.51	14.46	13.92	13.7	12.02	12.34	13.28
2.45	2.07	2.32	1.99	1.97	1.94	2.46	2.31
12.2	14.04	14.62	17.02	15.48	12.5	14.36	13.63
65.18	78.56	72.15	71.71	59.73	68.95	73.3	64.5
67.3	55.65	65.63	64.32	67.99	63.57	68.62	66.3
1.86	1.85	1.85	1.99	1.05	1.95	1.07	1.93
6.42	7.68	5.4	6.52	6.53	7.44	5.93	7.44
5.88	5.62	6.8	5.77	5.86	6.93	6.07	4.7
17.24	16.4	18.32	19.85	16.75	17.23	17.96	17.78
10.19	10.34	11.13	11.01	10.36	8.58	11.02	10.21
8.16	10.62	10.87	8.49	8.03	9.01	9.3	8.15
77.39	58.21	59.76	59.59	59.71	50.54	67.05	66.3
42.79	42.99	42.59	51.56	44.33	40.58	46.18	42.78
56.47	48.64	52.45	54.06	46.96	48.44	55.9	63.8
45.16	43.43	44.84	48.15	39.64	41.76	38.94	47.19
75.11	79.78	75.69	70.38	68.26	64.44	80.87	70.22
1.56	1.47	1.69	1.51	1.61	1.33	1.4	1.46
13.16	15.25	13.65	15.38	13.65	17.48	12.98	12.94
6.64	9.09	7.22	7.81	8.18	6.93	8.65	7.14
76.24	82.56	88.97	73.1	89.93	81.78	88.26	92.09
20.23	16.89	14.51	18.71	17.6	15.44	18.1	17.53
11.96	13.99	13.76	11.93	11.66	13.83	12.9	9.67
1.08	1.09	1.09	1.08	1.09	1.09	1.09	1.08
62.3	62.07	47.67	49.09	54.27	51.31	51.65	51.7
28.34	22.7	21.25	26.38	24.55	20.87	20.7	28.07
36.11	33.92	42.22	25.43	35.96	34	35.68	33.81
98.58	112.98	111.27	107.2	100.56	92.22	107.22	88.41
71.07	59.41	70.64	60.08	54.5	75.81	56.16	60.94
30.4	33.43	34.07	29.22	36.71	27.89	30.27	25.13
10.18	8.9	10.52	9.15	11.02	9.21	11.36	11.45
5.58	5.43	5.39	5.24	5.72	5.34	5.29	5.5
7.77	8.85	7.6	8.17	7.7	8.26	9.77	8.39
46.07	42.93	42.58	45.21	48.57	46.76	46.09	41.46
7.85	7.74	6.6	7.56	8.38	6.66	7.84	8.96
74.64	80.54	76.07	78.27	79.13	95.21	74.01	99.76
39.88	38.62	49.28	38.14	35.91	49.38	45.52	42.9
65.13	64.74	58.88	72.97	67.94	66.39	66.35	70.08
50.29	43.68	40.12	42.15	49.89	49.7	43.06	55.98
4.08	4.08	3.98	4.32	4	3.5	4.36	4.16
13.57	12.91	12.99	15.13	15.44	13.22	17.01	14.73
3.29	3.7	3.26	3.17	2.57	3.25	3.49	3.18
42	35.77	43.25	44.49	43.74	37.64	41.04	47.4
13.72	15.83	16.63	13.93	14.38	19.87	13.79	13.93
23.08	31.44	28.07	27.3	26.53	27.71	27.45	27.84
40.25	38.36	38.08	36.18	35.18	33.01	40.58	40.19
20.43	19.97	20.48	20.13	21.82	24.89	22.24	20.33
30.09	28.42	31.42	37.06	25.03	33.04	30.22	29.6
43.22	37.27	36.81	36.43	36.08	38.23	29.54	38.42
4.54	5	5.21	4.19	4.05	4.43	3.97	3.95
70.92	58.68	50.35	62.04	69.82	56.24	57.22	65.09
26.03	28.73	34.6	29.81	23.25	24.92	29.3	29.57
47.64	67.47	65.22	66.04	55.12	59.02	67.81	76.33
16.05	15.79	14.06	16.02	14.83	12.64	13.05	15.36
43.16	47.86	35.34	39.42	44.6	45.15	39.2	38.33
41.86	42.46	50.25	41.61	42.41	48.54	45.29	39.92
62.29	54.21	68.77	66.58	56.1	67.22	68.34	74.34
1.53	1.46	1.5	1.37	1.6	1.47	1.64	1.49
28.54	28.76	29.22	25.15	29.08	27.08	26.09	27.89
7.55	7.87	8.09	8.13	7.7	7.91	8.47	8.57
20.09	18.15	18.33	18.03	17.13	21.51	18.06	19.11
6.43	7.12	6.09	7.12	7.47	7.87	6.09	6.15
6.06	6.07	6.01	5.96	6.4	5.07	5.19	6.75
112.38	118.64	87.76	107.38	88.59	117.27	99.57	83.35
23.79	21.78	23.53	20.8	22.05	24.55	25.97	22.18
16.36	17.23	14.9	19.89	16.21	17.48	21.03	17.37
13.47	15.04	16.76	13.33	13.99	17.93	13.95	16.13
45.71	39.26	36.14	40.94	38.93	44.47	41.9	42.34
3.09	3.78	3.94	3.14	3.33	3.29	3.2	3.03
11.6	11.98	9.79	10.76	10.08	10.8	10.87	10
16.48	13.02	19.43	16.04	17.19	15.12	19.89	14.77
8.04	8.21	7.19	7.64	7.91	6.69	6.62	6.54
14.45	13.9	13.21	14.8	14.92	14.19	10.84	13.27
7.19	6.42	6.54	6.09	6.27	6.38	8.31	6.77
39.99	40.67	42.47	42.03	46.97	36.69	42.98	41.17
22.54	33.59	25.91	25.62	26.63	31.08	25.13	22.66
1.17	1	1.19	1.25	1.98	1.18	1.27	1.08
12.29	12.28	12.22	10.44	11.47	10.28	10.8	12.48
18.73	22.06	19.98	17.8	17.08	16.29	18.7	16.02
74.71	54.12	59.01	61.42	69.6	54.83	58.34	64.49
88.71	82.78	69.71	83.67	70.41	82.09	88.65	76.72
4.38	4.52	4.9	4	3.88	4.2	3.42	4.27
30.81	32.39	30.26	27.03	31.77	33.57	34.74	33.54
7.04	7.31	7.05	6	7.55	8.53	7.06	7.22
25.73	27.9	26.08	28.82	24.8	29.25	30.1	26.52
1.89	2.17	2.19	1.9	1.9	2.57	1.68	1.89
24.7	20.32	21.41	22.89	24.95	19.88	19.49	19.13
9.56	8.39	8.22	7.03	8.17	9.35	8.44	9.08
29.03	24.68	24.47	29.03	24.01	28.89	26.4	29.3
37.96	45.49	33.04	35.19	34.89	35.54	38.09	33.15
1.15	1.16	1.21	1.2	1.18	1.18	1.17	1.2
21.69	21.19	22.66	25.89	22.89	21.87	23.25	21.68
1.77	1.88	2.27	1.86	1.93	2.36	1.96	1.88
30.36	36.2	28.86	31.13	28.11	31.93	27.31	27.82
51	48.75	49.62	50.01	51.37	42.66	45.51	53.95
8.54	7.59	8.11	7.51	9.08	8.16	9.23	7.03
22.23	21.72	19.08	24.85	19.9	27.4	21.28	20.29
60.83	62.79	83.82	72.53	65.27	63.44	68.53	56.68
21.12	22.93	21.63	26.93	21.49	29.88	28.56	22.42
39.77	57.59	48.72	50.43	46.14	43.35	52.75	36.67
15.14	19.36	18.97	18.74	17.7	19.57	17.01	20.03
13.78	10.07	12.57	12.36	13.41	11.57	12.3	11.66
4.21	4.92	5.7	3.79	4.92	4.08	4.47	3.64
21.45	22.54	22.9	20.78	22.71	21.92	20.36	20.78
10.95	11.9	13.05	12.68	12.58	12.19	12.35	10.05
23.93	23.53	25.43	21.83	24.78	19.62	20.68	20.55
23.65	25.96	25.04	24.74	24.27	30.42	25.56	23.75
20.79	20.13	18.19	22.27	18.04	17.18	21.79	24.98
85.8	75.19	74.83	63.13	74.68	61.86	71.91	60.67
5.69	5.39	5.07	5.95	5.43	6.29	6	5.3
19.17	14.85	16.07	17.55	17.52	17.04	16.23	18.66
13.46	14.47	14.85	13.94	15.13	13.66	15.88	13.95
23.17	30.99	24.09	26.34	23.71	21.88	25.59	28.19
74.5	67.38	68.85	60.7	63.77	71.4	66.07	76.62
12.67	13.27	13.2	12.63	11.67	11.75	9.46	11.34
15.77	19.29	14.15	13.4	14.73	14.56	16	15.41
82.66	70.68	66.54	69.54	74.9	77.28	82.35	64.74
19.97	15.81	15.08	15.67	14.79	18.21	17.36	17.5
22.29	22.1	20.02	19.77	19.27	18.33	19.14	23.48
10.92	11.23	10.45	10.06	12.07	8.71	11.11	12.61
1.98	1.88	2	1.97	1.91	2	1.06	1.89
44.52	32.65	35.97	41.18	40.03	35.87	32.3	31.81
20.73	21.96	20.45	16.67	19.88	19.65	19.89	21.55
23.18	22.61	20.17	21.87	25.14	23.74	24.08	22.56
56.19	52.79	63.03	67.12	59.15	51.35	58.14	56.92
10.4	10.37	10.82	10.75	11.67	11.82	12.79	11.43
24.23	24.67	27.21	25.48	28.9	24.98	25.24	28.27
20.94	25.71	26.25	24.53	25.65	24.5	25.2	23.76
48.31	49.91	41.84	48.43	46.37	51.78	44.39	42.36
13.27	16.41	15.69	14.65	12.97	12.49	13.25	15.37
66.92	46.86	45.38	43.76	43.45	52.89	46.7	47.82
84.23	95.38	86.24	83.35	80.31	78.52	88.18	91.4
20.75	22.38	25.61	21.07	18.33	24.2	23.85	23.16
45.02	45.38	37.97	40.16	39.39	34.23	39.81	37.72
31.7	30.64	34.83	30.31	36.85	32.26	32.82	33.91
20.47	21.12	21.89	21.1	25.92	26.73	19.52	28.36
22.45	18.65	21.55	23.62	21	21.03	19.72	17.11
10.32	10.31	11.95	12.1	11	10.41	11.42	9.71
15.46	14.02	17.38	12.71	16.6	15.94	16.32	12.43
31	21.88	23.82	23.94	25.42	23.71	23.01	30.59
34.98	29.39	33.29	34.49	36.26	36.84	36.6	39.17
3.59	3.91	3.48	4.47	3.18	4.05	3.53	3.86
11.68	11.86	12.55	9.68	11.41	13.79	11.93	12.49
6.76	5.25	6.86	5.4	6.63	7	5.28	5.43
16.59	17.4	18.92	14.99	17.41	15.92	16.01	18.8
46.96	39.32	39.43	36.51	43.93	42.45	42.72	41.98
31.21	35.51	32.82	35.45	30.16	32.38	39.96	38.82
18.95	19.57	19.52	19.85	17.16	20.34	18.35	20.69
70.29	52.14	57.2	58.9	64.06	61	57.33	57.23
3.66	4.28	3.97	4.13	3.94	4.22	3.96	4.86
11.69	10.66	13.76	13.35	9.75	10.54	12.05	11.27
11.33	10.45	8.2	10.24	8.18	9.02	9.74	8.48
1.16	1.96	1.21	1.34	1.15	1.29	1.2	1.31
1.46	1.64	1.52	1.55	1.59	1.55	1.59	1.6
30.19	36.1	38.17	30.51	35.35	37.31	34.14	38.7
18.01	14.44	14.69	17.21	20.25	17.89	16.43	16.52
10.6	11.44	10.86	10.82	10.5	12.38	10.82	10.38
83.56	90.85	79.19	93.73	76.83	94.58	96.16	99.55
12.26	11.91	11.58	8.84	9.23	10.03	9.71	9.32
22.73	26.89	23.78	22.53	28.81	31.24	22.75	28.11
7.4	8.62	6.26	6.74	8.15	8.43	6.2	7.5
38.74	35.91	41	47.14	56.26	43.01	35.27	41.22
21.74	18.27	18	22.84	19.67	17.31	19.25	22.43
23.44	17.85	23.33	27.22	21.98	19.42	21.06	19.53
10.65	11.38	12.89	12.48	11.52	9.89	12.03	11.84
12.13	13.4	13.15	12.45	14.76	12.63	12.33	12.54
13.75	15.2	12.02	13.58	15.14	10.21	12.53	14.83
10.12	9.49	10.16	11.87	11.38	9.78	8.9	9.72
6.22	5.37	5.01	4.78	5.74	5.21	6.14	4.91
26.91	23.21	25.47	28.46	24.06	26.49	27.15	26.08
48.96	42.92	40.82	44.21	44.44	54.89	48.91	42.99
35.88	39.03	46.15	47.27	45.75	41.23	50.89	43.54
24.97	26.36	31.72	22.16	27.42	23.83	24.02	21.49
44.89	49.45	41.35	49.9	42.11	50.23	44.84	53.19
1.16	1.16	1.13	1.13	1.15	1.14	1.14	1.14
13.42	13.74	15.14	13.45	13.41	14.7	16.05	13.64
53.12	50.55	49.02	46.28	54.96	55.76	62.41	56.36
1.33	1.44	1.43	1.41	1.49	1.45	1.4	1.53
29.54	28.93	31.95	33.6	32.19	33.56	32.32	31.74
42.77	44.05	42.1	40.76	40.99	45.99	43.95	44.75
108.61	115.8	102.77	137.67	107.24	114.19	104.41	116.54
12.96	17.43	12.78	12.04	13.59	15.52	15.75	13.11
7.17	8.48	6.55	7.87	9.15	7.67	7.82	7.51
81.92	67.89	81.94	77.98	75.43	89.61	76.75	70.46
27.75	25.82	30.18	26.36	26.07	23.62	23.96	28.26
2.02	2.01	1.87	1.7	1.97	1.73	1.6	1.96
17.85	25.54	21.72	20.33	19.56	20.63	21.77	18.29
19.52	22.03	18.82	19.4	24.33	21.93	18.01	21.32
22.93	23.49	23.77	20.67	26.9	26.11	24.8	27.32
103.94	101.64	101.9	101.87	107.09	90.68	104.94	97.63
6.45	4.56	4.46	5.75	5.32	5.65	5.32	4.94
12.16	12.42	14.26	12.1	11.65	10.44	10.38	12.02
44.47	42.36	48.17	49.44	44.02	40.64	57.75	36.35
51.52	55.56	58.89	50.38	44.61	49.49	46.1	49.67
65.72	56.35	67.3	64.25	74.2	64.86	70	59.66
63.69	70.48	73.3	70.46	61.78	55.19	72.22	67.01
7.31	5.81	6.92	6.74	6.94	7.52	7.48	6.14
7.41	7.51	5.79	7.42	7.08	6.16	7.25	7.1
16.8	19.56	17.03	18.04	19.49	18.72	20.19	19.31
43.61	34.1	39.32	40.13	39.76	31.85	34.29	45.05
8.48	8.8	8.28	8.74	8.16	7.56	9.33	8.69
14.84	14.21	13.87	15.21	18.55	13.94	15.8	15.74
44.59	39.65	46.79	47.13	48.18	42.28	44.27	37.51
23.3	22.51	24.57	22.58	23.7	22.73	24.43	24.88
55.48	49.4	48.18	42.58	49.28	55.06	58.19	43.85
19.13	21.16	24.51	27.23	26.24	25	23.72	23.69
13.48	13.5	13.73	11.6	17.99	13.37	14.01	12.16
23.89	21.93	20.72	23.44	20.78	21.97	20.82	22.64
18.22	15.76	13.25	15.64	14.42	15.32	13.74	15.27
89.03	74.29	84.26	86.72	100.01	97.47	82.71	77.01
63.98	67.31	67.75	63.34	59.46	67.13	58.06	73.36
21.99	19.14	22.57	19.4	21.27	18.9	20.82	23.44
12.28	13.68	15.68	13.81	16.05	13.18	14.86	15.52
12.83	16.3	15.69	16.85	13.41	13.14	16.82	15.11
5.03	6.16	4.75	6.21	6.08	5.53	5.43	5.54
14.17	12.21	11.25	12.17	11.65	9.62	12.1	13.03
26.37	26.05	25.45	27.15	29.83	29.27	28.61	26.82
22.83	22.98	19.93	22.81	24.62	24.02	21.87	16.32
6.45	5.35	5.39	5.97	6.29	6.48	6.19	5.54
10.5	10.38	10.21	10.74	8.9	10.77	9.57	9.12
28.53	25.61	23.63	27.21	27.39	28.26	25.7	31.02
42.44	48.9	41.25	50.81	47.76	37.18	46.49	50.24
20.02	20.51	22.6	21.72	20.77	20.68	21.67	21.65
106.19	123.53	122.81	103.2	107.4	132.41	117.28	114.45
1.48	1.48	1.58	1.52	1.5	1.48	1.39	1.6
33.33	28.9	32.99	33.37	28.44	30.57	32.6	30.37
3.84	3.66	4.31	3.6	3.08	3.86	4.15	3.83
22.54	29.23	22.9	21.48	23.59	20.8	22.51	24.03
68.28	56.51	56.72	64.16	65.48	53.39	59.57	63.67
21.14	23.79	23.27	27.58	27.31	23.24	26.84	23.76
14.62	16.78	16.62	12.82	14.38	17.93	14.85	15.31
38.07	40.19	51.77	45.06	36.38	37.96	35.97	43.06
6.66	6.69	7.15	8.27	8.41	7.14	6.91	8.2
80.59	79.42	80.05	99.63	78.1	97.07	84.75	73.56
1.67	2.65	1.88	2.05	2.15	1.88	2.07	1.9
61.32	57.51	52.99	54.53	55.75	54.1	53.91	61.8
4.72	4.67	4.48	4.96	3.79	4.1	3.73	4.84
23.16	24.28	31.18	29.07	25.27	29.24	25.89	21.34
25.52	29.61	26.09	28.27	27.38	29.97	29.88	26.45
43.86	44.82	45.44	46.62	51.87	47.23	46.07	43.97
6.5	6.13	6.24	5.89	6.49	6.4	6.68	6.3
57.68	54.29	54.68	49.84	56.77	45.75	48.82	55.68
2.71	2.33	2.25	2.3	2.51	2.4	2.6	2.49
81.24	76.83	77.17	79.21	75.67	60.41	80.77	79.39
17.51	19.37	14.66	16.44	18.65	19.6	18.57	18.07
6.51	7.09	7.35	7.45	6.35	6.72	7.6	6.71
38.81	38.9	48.46	44.2	51.29	53.31	47.59	45.53
23.77	26.27	26.27	27.69	31.1	30.55	23.63	22.37
44.26	36.48	32.93	35.49	39.46	36.1	37.98	40.53
17.77	25.36	23.2	20.93	20.76	25.81	26.49	22.16
6.49	7.25	7.61	4.45	6.01	6.14	6.63	6.11
20.57	23.31	23.49	19.16	23.3	20.5	23.71	21.3
56.23	54.85	51.83	63.38	49.33	52.21	53.41	54.26
59.37	55.31	55.72	54.94	42.6	56.1	44.68	57.07
18.41	19.81	24.17	15.54	18.16	21.28	22.28	19.32
6.65	4.91	5.96	5.45	5.66	5.72	6.29	6.09
26	23.71	22.12	18.09	22.27	24.24	21.66	21.87
2.78	2.28	2.21	2.64	2.89	2.41	2.74	2.4
3.64	3.9	4.4	3.1	3.31	4.11	3.95	3.09
9.71	11.26	10.19	8.7	9.96	10.56	11.14	10.91
54.43	36.02	51.4	46.61	43.83	41.6	47.86	43.71
88.76	82.06	81.95	76.41	76.73	89.82	75.21	79.76
38.44	37.47	31.81	35.03	35.2	32.85	31.06	37.04
31.04	34.26	33.49	30.73	36.42	36.41	30.52	37.16
11.14	8.63	10.32	9.13	7.38	8.53	10.02	10.23
101.32	92.33	109.62	108.62	78.66	102.73	106.92	103.61
1.24	1.21	1.14	1.12	1.35	1.21	1.19	1.28
13.61	17.14	20.69	17.26	18.3	16.49	15.7	19.37
13.39	11.88	14.73	14.22	11.71	13.17	12.74	15.33
63.57	57.82	49.95	49.21	66.67	61.71	56.69	55.56
49.39	41.9	43.95	43.99	43.1	40.32	45.33	37.61
12.93	12.95	13.37	12.79	15.26	14.18	14.19	12.46
6.95	7.34	5.62	8.32	6.8	6.97	7.12	6.4
48.34	42.6	49.61	41.54	43.23	51.22	52.22	41.07
19.7	20.21	24.32	21.46	20.62	22.89	24.49	19.67
50.76	48.14	41.18	50.13	44.4	44.05	44.11	52.64
30.69	25.14	27.57	26.93	27.24	30.05	27.98	29.5
19.75	16.31	17.38	15.02	16.47	16.21	18.28	20.33
14.74	18.12	17.02	18.64	19.21	20.54	18.24	18.77
30.07	26.19	26.35	24.87	30.19	29.84	31.03	28.15
11.36	9.97	9.39	10.22	10.58	9.05	9.28	10.17
25.93	28.34	28.89	29.01	29.66	27.85	28.8	27.48
29.26	30.06	24.82	29.04	29.33	27.3	25.64	27.99
30.16	29.97	31.52	26.83	27	32.63	31.31	27.26
1.55	1.43	1.41	1.28	1.2	1.47	1.21	1.34
2.72	2.55	2.73	2.1	2.56	2.53	2.91	2.44
5.64	4.75	4.9	4.28	4.45	4.52	5.12	4.76
10.91	10.82	9.78	9.61	9.96	9.14	9.67	8.43
34.58	35.72	45.33	44.32	34.88	35.67	41.04	33.5
22.45	25.6	23.07	22.66	20.62	19.8	19.2	24.59
12.22	12.09	13.05	12.28	13.85	12.81	10.8	11.45
9.8	8.26	8.26	8.83	7.28	8.33	8.11	9.42
35.4	39.15	34.07	34.96	40.6	44.28	42.46	33.8
24.49	22.44	21.97	18.4	22.2	23.19	22.79	19.12
32.07	32.74	31.21	30.36	30.11	33.03	29.93	31.08
15.55	18.67	14.86	17.86	14.84	15.75	15.84	14.35
15.34	16.19	14.18	17.38	18.99	16.86	16.79	16.62
52.14	45.62	44.38	39.34	42.58	42.31	38.6	45.89
26.37	20.79	22.25	17.96	20.07	26.22	16.31	21.18
19.87	19.37	20.29	19.93	17.56	23.18	20.19	18.27
53.9	51.57	54.06	48.42	52.15	53.21	56.38	51.42
4.28	3.12	3.79	4.53	3.46	3.33	4.18	3.81
30.22	33.33	27.02	31.89	30.26	30.95	30.06	28.22
54.04	42.52	43.91	53.25	39.93	43.37	44.4	41.64
12.38	15.81	13.34	12.82	13.09	11.53	13.18	12.62
39.25	31.32	33.36	39.06	35.13	30.62	35.08	37.12
48.69	36.11	46.97	48.42	42.89	41.5	45.7	48.4
17.44	15.72	13.28	15.05	12.05	15.87	16.3	19.92
7.3	8.19	6.97	7.4	6.42	8.01	7.06	7.67
18.54	20.01	17.19	16.25	20.09	25.19	21.94	20.95
11.69	10.46	10.22	10.32	10.48	11.62	9.47	8.79
50.46	63.12	57.36	59.35	53.33	63.13	45.61	55.26
33.12	27.24	27.66	33.29	23.96	31.56	26.92	27.36
53.81	58.42	56.58	64.08	63.13	50.5	61.54	61.88
60.5	57.73	67.51	70.18	64.38	59.23	47.68	56.28
1.8	1.61	1.71	1.69	1.75	1.77	1.67	1.73
22.81	27.65	34.67	31.15	28.53	29.17	30.45	32.16
3.03	3.45	2.76	2.94	3.22	2.88	3.34	3.23
12.04	9.07	9.47	13.08	10.59	11.24	11.48	13.94
6.17	5.93	6.83	6.1	5.37	5.77	5.9	6.34
13.75	8.76	9.63	12.35	10.97	11.11	11.27	9.61
60.93	53.83	60.39	53.05	66	67.37	54.52	48.57
2.4	2.28	2.44	1.94	2.25	2.4	2.01	2.24
89.41	91.31	69.47	83.35	69.24	99.19	82.77	81.21
4.69	4.68	4.32	4.03	4.65	4.48	5.73	4.71
17.08	15.64	18.54	17.2	15.94	15.09	14.84	17.73
37.46	45.77	50.17	39.01	47.43	37.84	43.56	46.58
12.5	12.67	15.49	11.97	15.91	13.33	12.2	11.65
77	77.6	74.19	75.14	81.44	67.22	74.79	82.43
25.01	29.78	24.92	22.18	23.55	25.29	25.95	31.19
51.5	55.53	59.45	55.13	56.48	65.73	52.87	68.43
37.46	31.54	29.68	34.13	33.44	39.78	35.47	39.73
23.01	32.01	23.41	22.43	25.79	29.37	32.24	37.99
5.62	5.65	6.02	5.28	4.9	5.59	4.43	5.95
30.57	27.4	25.45	30.83	25.57	24.91	22.51	28.59
50.63	38.2	48.49	54.47	37.28	37.38	41.09	41.48
52.79	56.35	43.99	46.54	50.35	44.77	53.3	48.18
42.71	40.62	36.41	41.34	44.95	46.83	39.1	51.09
10.01	10.38	11.28	11.16	10.46	9.29	10.41	11.2
89.45	85.75	87.25	99.25	90.89	97.52	90.8	86.02
25.89	21.12	22.97	19.36	25.29	25.38	23.23	21.36
21.53	25.02	21.68	22.25	26.67	24.6	18.41	25.26
14.17	18.99	17.97	18.74	18.99	16.98	18.01	16.48
36.79	28.27	34.13	36.56	34.82	34.6	37.63	34.5
19.76	18.7	18.78	22.13	23.12	23.82	16.93	17.93
12.55	10.23	11.13	10.59	8.49	10.67	9.35	11.35
45.19	40.43	40.43	50.38	51.23	42.88	45.09	60.21
4.58	4.55	5.08	4.04	4.67	4.44	4.02	5.41
39.59	40.48	41.11	40.06	36.93	38.59	36.9	44.3
69.88	59.53	66.27	62.82	64.17	62.19	53.51	65.05
13.32	15.74	12.02	13.84	18.57	15.56	16.36	16.21
7.35	7.72	6.76	8.32	7.29	6.64	9.61	7.3
6.39	7.22	7.61	6.41	6.04	7.48	4.68	6.41
105.45	82.87	94.48	88.48	96.06	85.92	85.25	83.83
104.67	94.4	99.71	92.4	75.08	87.21	82.94	87.11
60.9	55.23	65.34	72.72	75.78	61.13	64.1	61.02
6.07	7.65	7.09	7.34	6.53	6.6	7.75	7.6
26.62	25.6	32.07	31.33	29.7	29.82	24.18	29.6
66.25	61.88	64.78	70.02	74.1	52.25	68	59.82
4.63	3.46	4.28	4.17	3.83	4.58	4.29	4.31
42.55	40.48	42.94	50.45	39.51	40.63	43.8	36.87
48.25	48.04	47.19	42.48	48.02	52.04	47.41	48.26
10.55	8.02	8.98	10.59	9.89	10.45	11.81	11.44
73.37	70.1	81.37	65.18	69.1	75.79	63.91	89.6
16.05	16.44	15.93	13.09	15.45	13.91	12.69	14.74
5.49	5.57	5.97	4.86	5.37	6.26	5.41	7.3
19.45	25.29	28.73	24.49	25.01	26.24	21.89	21.95
91.92	112.32	85.42	73.98	96.37	91.31	83.56	82.02
51.09	53.36	53.23	45.51	51.95	52.27	44.83	54.5
26.32	23.82	25.8	22.39	27.65	23.35	23.48	20.92
1.24	1.41	1.15	1.18	1.33	1.19	1.2	1.06
8.95	6.83	7.27	7.52	7.24	8.33	7.37	8.29
9.05	8.31	9.88	9.02	8.07	8.81	7.35	8.95
42.58	46.51	49.9	48.08	43.81	50.45	42.62	44.98
22.48	30.8	25.13	25	25.14	30.03	22.48	23.75
2.42	2.58	3.66	2.45	2.86	2.65	2.58	2.81
21.64	20.16	22.32	20.77	22.45	22.61	21.26	18.63
19.34	22.73	19.75	21	23.04	24.04	23.9	25.17
29.75	26.12	24.93	25.82	31.37	30.55	27.18	30.26
52.64	46.14	42.87	51.18	45.81	52.8	45.65	40.04
46.05	44.28	47.56	47.95	42.12	45.78	38.68	45.47
34.87	35.97	39.65	35.31	30.59	34.83	36.72	34.86
5.11	5.06	5.75	5.17	5.51	5.97	5.53	5.26
59.83	68.67	58	54.75	60.47	69.76	58.55	60.34
9.78	8.37	8.87	10.74	9.65	9.07	10.61	9.16
33.23	26.28	32.01	32.22	27.89	26.37	26.71	32.24
5.79	5.96	5.63	5.93	6.28	5.93	6.09	6.45
24.27	26.16	22.56	25.37	22.67	21.85	23.08	27.09
26.65	29.11	29.33	33.5	32.02	31.82	34.05	31.23
3.85	3.29	3.46	3.06	3.44	3.77	4.11	3.65
22.57	22.32	25.96	25.54	19.51	23.81	24.92	27.74
34.14	30.66	25	38.82	38.29	40.01	40.06	37.64
43.98	53.42	46.45	59.62	47.9	44.68	58.65	56.5
123.91	98.9	118.49	93.15	105.66	101.8	116.49	103.91
66.56	77.57	63.89	72.93	67.5	62.64	79.02	70.57
26.01	29.89	27.29	26.89	30.76	26.77	30.42	34.93
10.41	13.76	11.93	9.61	10.11	10.68	9.74	11.03
11.27	10.21	9.35	8.02	8.73	8.25	11.66	10.05
2.18	2.01	2.18	2.26	2.34	2.16	2	1.96
17.99	16.27	19.31	17.94	16.26	16.47	16.29	14.44
136.91	136.68	137.27	185.13	151.42	137.42	122.06	111.86
15.45	14.62	17.61	13.89	14.74	14.77	15.77	12.35
5.79	6.17	6.26	6.22	4.9	5.95	6.59	6.82
20.31	22.67	21.5	22.31	19.51	23.74	21.85	27.79
8.15	7.23	8.58	8.34	7.26	7.59	8.26	6.89
26.76	21.05	25.78	22.33	20.04	21	18.31	24
16.19	19.26	22.46	22.96	20.82	16.67	19.08	17.74
5.13	4.09	4.97	4.57	4.19	4.53	5.06	3.68
55.17	57.14	85.14	74.55	63.48	63.51	63.01	61.38
3.71	3.6	3.63	4.52	3.45	3.85	4.38	4.08
82.76	115.79	104.33	99.08	118.56	90.6	83.18	101.1
43.05	47.59	48.02	47.18	46.65	53.95	45.13	44.6
93.12	89.6	107.69	112.87	112.62	110.67	105.98	114.58
26.63	25.36	26.89	22.41	22.57	25.74	23	22.46
16.4	17.55	15.68	18.24	15.87	15.74	18.83	18.38
6.74	5.31	5.71	6.38	7.99	5.7	5.36	5.84
5.79	6.23	5.5	6.1	5.56	5.76	5.56	5.28
20.01	17.06	17.2	19.81	13.77	15.99	17.04	17.2
13.69	17.48	15.05	17.04	14.42	14.51	17.18	13.95
45.48	36.37	37.58	41.13	31.61	38.44	42.66	37.07
34.6	48.84	46.7	43.96	37.84	40.73	41.92	50.23
26.16	25.42	27.26	22.92	24.94	24.9	24.61	28.14
2.17	2.03	2.02	2.37	2.27	2.18	2.29	1.85
49.76	56.3	56.79	74.44	65.34	59.71	81.02	67.01
1.53	1.81	1.74	1.66	1.67	1.61	1.71	1.69
4.86	4.97	4.52	5.18	5.34	4.98	4.41	4.86
9.59	11.89	11.09	8.75	10	9.21	11.33	11.29
4.06	4.56	4.72	4.27	4.53	4.48	4.88	4.36
29.18	24.76	30.16	30.03	29.32	29.08	23.77	30.63
19.38	22.62	22.66	21.54	24.03	24.57	23.51	22.18
3.51	4.05	3.95	3.49	3.63	4.09	3.98	3.33
12.31	15.55	13.95	15.85	15.22	14.04	11.6	11.51
23.09	27.77	22.64	23.87	24.35	23.15	20.2	20.08
32.33	40.36	34.08	35.56	30	34.31	37.17	33.15
4.78	4.7	5.31	4.58	4.95	5.31	5.2	5.31
28.73	24.25	28.01	29.69	28.12	25.52	26.62	25.91
56.37	61.05	65.97	62.16	60.2	52.5	55.13	45.63
2.44	2.45	2.59	2.32	2.31	2.79	2.28	3.03
2.64	2.92	2.59	2.43	2.37	2.79	2.8	2.58
16.82	13.02	16.02	15.92	13.82	13.26	13.84	15.97
28.61	32.14	26.81	24.93	24.18	32.41	26.03	30
10.28	12.31	11.49	11.17	12.16	10.19	12.46	11.68
19.16	24.67	18.97	19.77	19.57	16.06	19.28	19.27
45.09	50.49	42.66	45.81	44.21	40.77	44.42	42.01
34.78	36.61	39.4	36.43	37.97	33.11	42.7	30.69
11.47	10.6	12.2	12.09	13.79	14.51	11.1	11.88
19.29	18.94	22.24	21.72	17.75	19.13	22.39	18.39
35.03	37.05	34.18	33.86	37.75	34.54	31.89	35.64
33.27	45.74	47.48	38.26	53.42	40.59	37.1	48.1
127.69	113.83	101.89	160.87	144.05	119.57	131.37	136.28
1.55	1.48	1.49	1.46	1.63	1.55	1.53	1.52
27.22	26.7	21.93	24.99	23.5	26.9	23.64	25.36
3.66	3.93	3.57	4.35	3.98	3.86	3.82	3.94
12.63	11.18	13.49	10.96	9.63	10.25	12.1	10.89
38.17	46.02	45.9	33.41	40.38	37.06	42.12	33.79
10.04	10.47	10.57	11.38	8.42	9.34	9.01	10.2
28.28	22.5	21.78	22.94	25.19	20.73	20.25	19.81
57.91	47.76	55.33	53.87	58.11	61.92	59.42	64.4
47.36	53.44	46.29	47.89	44.29	51.09	51	47.97
74.95	74.56	82.8	64.52	61.3	63.11	57.67	71.4
29.12	28.74	35.49	25.74	30.01	26.9	31.58	31.47
7.66	7.81	8.02	7.45	8.07	7.76	8.64	7.95
46.51	39.3	36.73	39.43	39.11	43.99	36.84	41.09
14.64	13.78	14.44	16.45	15.96	14.1	13.98	13.81
44.4	53.36	46.93	47.66	53.62	48.83	47.01	42.79
48.89	40.18	34.9	39.25	40.53	37.69	39.03	42.59
6.96	8.84	6.02	8	7.91	8.55	7.56	7.12
45.37	42.47	42.87	45.1	36.83	38.38	38.77	37.67
25.14	25.42	24.95	26.77	24.76	24.51	28.15	19.84
20.98	19.75	21.09	18.57	19.16	22.13	24.43	18.92
20.81	19.12	23.81	19.64	21.54	19.2	19.44	23.74
34.85	35.08	40.39	39.53	41.78	46.14	37.25	40.17
10.32	8.62	9.08	8.86	10.22	9.76	10.11	9.51
19.56	17.44	22.05	18.04	19.97	20.33	22.34	20.74
83.46	61.24	72.61	62.78	66.48	63.22	65.12	67.5
9.85	10	10.55	11.38	8.62	11.12	10.22	11.11
38.2	32.97	32.21	30.72	33.14	29.39	32.13	35.26
15.97	18.43	17.95	15.87	20.09	18.9	19	16.59
73.42	77.43	70	68.5	67.12	69.72	77.64	78.45
17.03	17.17	17.96	18.38	15.19	17.05	17.21	17.4
71.39	55.5	59.78	59.3	66.41	53.33	65.35	56.16
2.15	2.19	2.42	2.3	1.86	1.87	2.21	2.28
1.53	1.91	1.84	1.82	1.93	1.67	1.89	1.94
86.28	107.16	98.28	99.96	90.04	113.06	105.17	99.27
26.56	28.75	23.62	20.75	25.77	24.15	28.38	20.01
54.6	49.45	50.66	53.11	54.61	55.56	49.66	65
5.22	4.77	5.38	4.54	5.79	4.62	5.48	6.08
3.75	3.04	3.15	4.05	3.68	3.67	3.7	3.99
13.47	13.49	14.36	15.89	13.78	16.7	13.54	12.36
64.79	59.98	60.51	60.99	63.25	66.15	63.47	58.22
100.77	99.38	88.46	97.97	107.71	72.75	92.13	80.24
3.81	3.6	3.34	3.41	3.68	3.71	3.52	3.7
14.93	15.01	15	19.92	23	18.74	14.28	18.23
10.31	14.02	12.39	15.71	10.75	12.66	13.75	11.3
1.71	1.85	1.89	1.66	1.79	1.71	1.86	1.92
20.16	20.35	19.49	20.48	21.23	20.53	21.06	21.88
61.96	49.1	56.55	46.12	46.98	56.55	69.17	63.38
25.63	22.31	23.92	28.57	24.93	18.28	23.3	22.94
1.05	1.06	1.06	1.07	1.06	1.05	1.06	1.06
7.41	8.11	6.83	6.19	7.65	5.59	7.74	7
16.48	15.51	15.03	15.71	15.47	14.73	15.83	16.36
3.55	4.6	4.1	3.78	4.14	3.52	4.06	3.99
32.63	31.64	31.21	25.86	33.92	33.23	26.91	27.5
11.56	13.45	13.41	13	13.09	13.49	11.8	12.72
8.47	8.74	9.16	7.91	10.38	8.72	10.86	7.18
73.39	95.85	81.89	91.53	73.35	76.18	87.28	71.86
50.13	55.67	58.88	50.94	44.22	46.05	55.25	50.91
9.05	10.13	10.42	9.22	9.4	8.11	8.36	9.84
7.46	5.35	7.22	6.49	7.03	7.04	6.02	6.68
52.12	58.57	47.33	48.28	51.53	56.98	45.45	49.36
15.14	15.91	13.3	16.07	13.7	16.21	13.51	15.14
30.67	31.23	32.01	33.73	25.95	30.94	27.55	26.87
17.44	20.19	15.59	16.31	14.26	16.29	13.82	15.72
22.85	26.47	27.88	28.62	27.31	26.55	27.38	24.97
73.38	94.3	75.77	85.07	83.86	90.88	83.36	95.31
12.8	15.41	16.93	16.53	12.08	14.28	14.36	12.09
31.98	31.74	35.63	34.28	33.46	29.92	33.55	37.24
3.33	4.34	3.56	4.03	3.96	3.9	3.84	4.28
19.2	13.35	15.37	16.93	16.22	15.36	19.06	13.11
17.07	15.19	16.65	17.59	16.91	18.49	15.45	15.25
18.29	18.36	22.56	17.65	19.9	18	19.96	23.77
10.13	9.28	9.4	9.22	11.12	9.75	9.49	7.98
21.92	22.14	21.1	17.46	22.92	24.24	22.09	20.52
13.52	13.79	11.95	12.02	14.69	14.78	13.35	14.59
74.58	92.19	79.89	78.59	74.69	94.23	92.51	83.8
75.64	69.96	64.22	64.06	77.16	69.23	74.97	65.53
46.39	56.93	60.92	60.57	54.51	54.91	49.73	61.26
60.5	57.53	51.19	49.54	52.59	55.99	53.29	51.31
29.87	25.49	28.36	30.39	29.87	29.77	35.77	31.13
11.66	12.68	13.68	13.63	13.67	12.14	12.84	13.68
3.81	3.98	3.89	4.21	4.8	4.59	3.94	3.7
67.75	54.46	68.63	67.37	76.9	71.83	64.09	75.66
40.71	40.28	35.45	34.56	38.28	32.89	38.14	37.7
1.45	1.38	1.31	1.39	1.65	1.35	1.48	1.51
37.27	44.65	40.39	40.76	37.65	40.63	32.41	41.33
12.13	17.48	13.02	13.76	12.78	14.54	15.56	14.34
9.21	9.55	9.11	10.65	11.64	11.53	9.88	9.41
19.42	20.02	20.19	19.69	21.35	24.03	18.97	21.93
27.74	28.31	32.21	32.01	27.2	27.74	26.35	35.22
1.45	1.43	1.44	1.46	1.41	1.39	1.49	1.43
6.73	7.34	5.82	7.01	7.59	6.59	6.22	7.04
41.63	36.41	40.57	47.69	39.73	39.28	35.3	37.26
29.53	25.94	25.6	30.48	27.83	32.04	22.89	24.91
9.61	9.46	7.25	8.29	6.88	8.21	7.05	7.64
131.76	124.54	144.22	155.05	154.5	165.36	150.2	136.83
18.37	14.91	15.14	20.71	17.72	13.96	19.09	17.4
36.41	35.68	33.75	32.27	39.56	35.62	36.9	31.66
34.63	36.54	40.33	40.57	40.85	37.1	35.82	34.5
56.85	75.09	66.73	66.26	62.47	60.43	64.04	55.59
17.92	25.71	26.19	24.22	21.52	23.26	23.66	27.56
21.76	19.52	23.38	22.18	21.63	20.12	17.14	22.15
4.3	3.97	3.34	3.43	3.74	3.51	4.08	3.5
11.1	10.21	12.78	13.19	12.14	12.9	11.74	12.39
16.35	16.66	19.29	14.49	15.6	15.14	15.07	14.27
21.85	20.09	23.39	23.64	16.86	24.73	18.17	22.57
8.2	9.03	8.2	8.59	7.84	7.97	7.91	8.95
30.31	36.27	34.61	29.47	36.24	35.1	28.81	33.43
39.26	45.59	43.68	49.76	39.63	43.1	42.03	40.65
20.43	16.91	21.65	14.32	18.5	18.63	17.96	19.52
24.74	26.6	25.99	21.85	22.86	23.54	28.06	25.69
11.23	10.97	8.71	11.83	11.44	9.3	9.8	9.13
22.69	21.23	22.79	22.14	24.48	22.66	19.47	19.17
6.23	6.94	6.69	6.44	7.97	6.66	7.5	6.89
11.56	13.35	14.56	13.31	11.65	12.21	12.27	12.72
1.21	1.17	1.18	1.19	1.15	1.22	1.17	1.22
40.54	42.36	45.52	45.59	47.19	46.37	46.36	44.11
35.02	40.13	26.77	29.84	32.4	33.65	27.49	31.91
33.04	33.42	33.13	28.94	24.37	34.15	32.62	27.35
2.5	2.19	2.41	2.62	2.71	2.49	2.3	2.45
48.36	49.83	45.27	37.07	40.72	40.24	44.24	47.83
46.01	54.36	52.73	49.31	47.28	46.68	56.38	47.68
18.4	17.62	24.16	19.7	15.28	17.44	20.33	20.97
9.17	11.39	10.51	12.04	10.76	11.68	9.98	10.27
15.48	14.78	16	16.05	16.57	15.5	17.07	17.16
38	34.41	33.1	33.97	38.54	34.25	33.47	41.54
23.28	28.97	34.21	28.37	27.49	26.72	24.62	23.73
22.49	24.76	23.04	26.27	24.29	25.55	24.46	27.36
57.86	55.78	55.02	47.54	52.47	51.62	58.32	46.06
33.79	49.92	44.03	52.63	45.18	39.02	41.25	43.38
15.43	16.28	11.03	16.37	13.99	16.69	14.32	15.04
101.94	89.93	96.96	90.76	74.34	89.33	95.62	87.81
21.74	20.07	17.26	19.68	21.7	19.75	20.39	17.07
2.42	2.61	2.5	2.82	2.57	2.53	2.23	2.06
34.24	35.43	39.99	30.43	37.06	40.47	37.9	34.64
22.62	23.05	28.54	27.16	30.46	29.51	30.06	27.05
3.4	3.45	3.26	2.93	3.16	3.59	3.75	2.89
29.85	24.29	21.63	30.86	21.87	27.37	22.22	23.21
9.12	9.22	9.37	8.4	8.44	8.35	8.71	7.91
20.73	13.98	13.84	16.42	15.7	13.86	17.53	15.96
20.15	23.31	21.73	19.54	21.24	25.02	23.3	24.65
27.49	25.47	26.48	23.36	26.16	28.69	27.87	25.82
3.91	3.58	3.67	3.12	3.79	4.68	3.67	3.89
5.32	5.64	5.07	4.83	5.62	5.64	5.9	5.12
1.82	1.8	1.69	1.77	1.85	1.76	2.03	1.91
21.55	19.64	21.01	26.24	24.55	21.63	21.4	24.11
7.59	7.02	6.14	6.95	8.16	7.98	8.08	7.65
5.55	5.29	5.57	4.6	5.45	4.59	5.42	4.71
27.76	32.23	24.44	31.01	28.35	30.34	29.31	23.5
1.17	1.43	1.43	1.62	1.61	1.58	1.32	1.69
13.89	14.61	12.96	12.66	14.5	14.47	12.23	11.15
37.28	36.51	33.25	37.18	32.43	33.49	35.23	35.19
22.17	21.83	21.89	21.12	22.36	22.17	25.73	24.31
82.92	97.46	112.38	99.77	90.64	85.07	95.21	76.79
47.13	49.25	41.06	54.44	50.66	44.77	51.05	40.46
127.05	124.65	147.86	140.85	121.54	125.38	130.21	136.47
33.43	31.3	29	29.12	36.96	30.85	28	32.02
39.09	37.1	45.29	41.76	41.54	30.25	37.74	36.33
19.7	19.25	19.06	19.4	14.52	20.33	17.81	22.77
65.74	69.46	73.53	79.21	68.62	68.79	74.07	69.55
13.25	16.22	16.86	15.87	15.65	15.66	13.8	14.38
16.83	14.45	15.28	18.18	12.97	13.71	10.99	14.44
40.07	45.76	42.81	45.63	45.29	39.96	45.56	38.63
50.48	46.72	44.33	41.26	51.72	44.14	46.45	49.35
14.17	15.42	15.66	14.38	17	14.81	14.12	14.12
86.66	78.28	100.79	97.28	89.31	98.6	92.5	81.79
31.37	31.32	45.1	32.81	36.3	35.32	36.16	41.22
111.16	84.09	103.06	101.62	97.34	103.77	103.95	105.74
13.88	14.64	13.78	13.24	12.61	12.31	13	13.32
4.1	4.08	4.94	4.43	4.79	4.49	3.97	4.3
20.12	19.19	24.48	20.41	22.11	21.41	16.11	19.71
132.95	113.5	124.25	113.73	143.18	111.59	131.84	108.61
16.23	15.88	13.73	15.45	17.22	13.7	15.47	15.73
19.27	18.79	15.46	21.84	16.57	16.74	18.3	18.3
40.96	36.41	31.45	32.77	33.17	32.37	34.91	34.67
37.39	40.12	34	41.65	38.91	38.52	37.45	38.29
9.21	9.61	7.42	9.56	9.24	8.62	8.59	8.18
7.57	8.13	7.99	8.44	6.85	8.51	8.19	7.88
58.14	64.81	63.51	63.8	61.98	69.45	76.05	67.72
10.58	9.93	12.08	12.91	10.81	11.24	10.96	10.13
1.12	1.94	1.1	1.89	1.05	1.96	1.07	1.04
4.05	3.26	2.92	3.05	3.79	3.62	3.39	3.25
19.24	16.85	18.16	15.29	15.02	18.13	17.81	17.2
4.53	5.55	5.74	5.51	6.16	5.39	5.17	5.59
6.81	5.65	7.75	5.71	6.38	5.44	5.9	6.07
5.81	5.87	7.08	6.21	6.42	6.64	5.73	5.68
60.49	47.31	55.48	52.82	57.23	58.53	62.43	52.9
31.44	32.34	33.21	37.56	29.05	37.65	34.15	28.46
6.84	7.1	7.8	6.43	6.36	6.42	7.59	7.79
83.67	85.28	77.18	87.63	74.16	73.87	83.47	84.76
25.66	30.82	27.42	25.78	31.84	26.05	29.27	30.17
91.3	84.77	86.28	83.18	84.93	96.81	72.01	78.7
30.03	29.84	32.79	29.91	32.87	27.13	31.81	24.38
16.33	16.79	21.19	19.75	19.06	21.35	17.17	19.06
15.9	20.18	19.23	18.53	16.76	19.4	17.41	17.36
4.63	4.65	3.96	4.06	4.88	5.01	5.24	5.03
40.21	44.83	43.22	53.5	41.48	54.65	38.78	45.03
13.36	11.09	11.19	12.84	11.35	11.98	10.22	11.49
61.53	60.13	57.72	66.87	63.2	62.61	56.81	62.13
17.1	15.25	18.17	20.1	15.46	19.31	16.27	16.65
18.58	15.57	20.19	18.47	18.12	18.11	16.45	18.01
13.09	15.03	14.51	14.36	16.46	14.64	12.66	11.56
51.92	49.52	38.57	36.9	35.13	50.75	49.79	39.13
55.55	52.68	37.01	52.1	43.05	51.35	51.29	44.11
2.54	2.74	3.05	2.6	3.14	3.37	2.58	3
4.68	3.83	4.78	4.42	4.28	4.68	4.56	5.12
6.48	5.18	5.65	5.39	4.74	5.44	5.31	5.28
38.51	31.7	34	30.26	30.77	30.75	31.43	29.28
7.33	8.51	7.39	8.84	7.65	7.49	8.23	8.83
17.16	19.8	19.8	20.07	18.37	23.18	21.22	14.9
11.22	11.32	10.66	10.26	10.26	9.59	11.81	9.22
51.13	73.11	61.8	61.75	62.74	68.07	81.91	64.08
5.39	5.56	5.5	4.73	4.4	4.76	5.96	5.56
30.49	22.49	27.6	24.39	25.13	29.12	26.94	26.35
23.89	30.26	27.92	28.39	27.43	26.06	28.2	28.28
8.98	8.63	8.13	7.99	8.19	7.92	8.76	9.96
23.91	19.98	20.58	18.11	21.3	23.31	22.69	23.26
18.11	15.84	14.64	17.39	16.14	17	14.39	15.61
23.2	23.88	22.06	20.7	19.65	23.02	25.15	24.21
21.01	17.9	17.67	19.19	18.41	17.11	20.59	19.92
22.28	23.98	21.45	22.36	26.68	21.23	23.31	19.67
69.11	51.38	67.86	58.6	69.61	63.09	63.32	60.8
148.94	121.68	118.61	149.07	151.98	129.49	125.53	147.25
6.26	6.46	6.76	6.36	6.31	5.87	6.23	6.93
35.14	31.61	33.73	28.51	33.8	33.89	30.54	33.7
1.06	1.06	1.35	1.19	1.97	1.16	1.31	1.17
73.65	80.91	75.76	75.23	77.23	76.43	78.49	62.32
5.19	4.63	5.04	5.74	5.51	4.26	5.56	5.48
26.13	26.04	28.57	26.3	28.97	25.07	27.69	24.5
71.35	69.26	60.38	64.04	59.42	76.22	51.11	64.63
49.59	43.62	51.71	48.37	51.97	50.41	48.54	50.56
39.56	36.99	41.17	36.76	40.15	41.96	39.04	40.9
1.36	1.47	1.46	1.36	1.46	1.39	1.39	1.37
7.34	8.18	9.2	8.3	10.74	9.64	9.01	8.37
13.74	13.77	14.31	14.27	16.7	14.09	17.89	14.91
18.88	17.06	17.55	15.54	19.27	18.47	18.01	16.86
15.52	14.5	12.98	15.95	17.21	14.99	14.3	13.84
28.52	24.76	31.95	25.02	25.68	21.23	24.31	25.59
44.17	41.93	39.4	47.65	36.5	36.69	27.75	37.94
2	2.35	2.18	2.43	2.34	2.41	2.28	2.36
31.04	35.15	32.45	34.32	33.45	32.8	41.87	38.03
8.74	8.43	8.61	7.57	9.48	8.37	8.06	7.14
1.71	1.67	1.7	1.78	1.7	1.81	1.6	1.67
21.82	24.15	21.9	22.75	23.42	22.68	20.74	22.28
35.65	38.35	35.75	31.84	37.92	32.35	36.15	39.15
82.39	84.83	86.92	71.44	82.83	84.12	96.93	80.75
9.39	8.72	11.18	7.95	11.06	8.13	10.91	10.18
19.64	23.99	25.16	19.52	22.99	20.81	25.19	22.26
25.53	26.93	28.94	24.17	28.08	29.67	28.4	31.22
49.39	43.28	48.99	45.31	49.37	59.23	46.26	41.97
96.97	104.63	82.71	96.75	95.88	96.82	91.96	87.81
81.49	85.47	103.18	94.32	94.98	85.24	82.19	85
5.05	5.47	7.72	7.13	5.36	6.59	6.52	6.17
23.21	20.35	22.73	20.23	20.23	18.82	19.22	20.7
7.09	7.48	9.04	9.14	8.76	8.85	7.89	6.87
16.71	16.07	19.52	15.67	16.76	17.45	16.02	13.98
7.95	7.55	9.28	7.93	9.16	7.41	6.32	8.15
6.26	6.09	6.76	5.13	5.34	6.02	5.94	5.85
44.55	53.98	62.43	60.24	57.67	53.08	53.06	53.46
23.53	20.87	28.03	26.65	26.18	29.56	25.29	25.27
36.6	36.67	43.31	42.73	32.2	38.3	38.83	47.71
103.54	77.15	101.62	88.31	86.47	76.14	88	91.2
76.9	80.28	73.04	87.19	84.34	83.35	84.87	82.39
13.81	13.32	12.83	13.55	11.18	13	14.97	10.29
9.6	9.95	11.03	9.13	8.94	10.12	9.37	11.06
10.13	12.75	9.61	8.76	10.26	8.98	9.41	10.86
46.28	38.3	38.8	36.12	34.43	40.08	45	38.27
5.85	7.14	6.74	5.68	6.87	6.55	4.93	5.25
20.24	23.85	19.76	17.23	17.89	17	20.87	17.77
20.29	23.78	18.9	20.81	18.47	22.29	22.16	21.15
8.34	9.17	10.22	8.67	10.21	9.59	9.91	8.39
21.23	21.61	21.41	21.07	21.69	25.7	16.4	20.39
58.08	44.04	42.59	43.19	42.62	50.86	51.01	52.76
40.63	44.79	47.72	46.56	44.41	57.93	52.43	43.35
6.99	8.4	7.94	7.77	7.33	5.6	7.06	6
35.15	36.94	35.94	34.5	38.22	37.62	39.66	35.14
101.06	110.45	120.65	82.8	112.66	115.34	85.75	103.86
9.72	8.87	10.27	9.42	9.7	8.87	9.71	8.59
32.91	43.28	39.7	30.95	39.08	38.39	39.7	36.23
5.21	6.44	6.62	6.49	7.18	6.56	7.05	7.17
67.31	62.07	75.34	67.06	70.49	57.96	59.29	68.68
63.07	64.89	65.71	67.79	68.28	60.95	61.45	58.2
9.4	8.48	11.07	8.27	8.68	8.45	8.54	8.94
11.02	13.11	12.31	12.39	11.71	13.22	10.93	12.35
17.12	18.49	15.92	19.99	20.34	17.77	18.26	16.83
3.74	3.76	3.45	3.44	3.98	3.38	3.46	3.8
25	24.19	21.66	21.57	25.92	21.13	23.87	20.93
57.92	64.53	64.55	47.1	57.99	45.59	53.63	70.04
40.38	43.35	45.73	39.25	42.79	39.96	45.15	44.41
12.95	10.84	12.74	11.75	13.11	10.3	12.24	12.21
6	5.81	5.21	4.97	5.59	6	5.95	5.75
9.69	12.2	9.63	13.84	13.93	11.38	10.58	12.37
43.36	39.59	48.12	38.26	43.94	42.61	50.14	51.34
14.21	12.33	11.22	12.94	12.07	11.03	13.01	14.77
15.14	12.18	13.33	16.31	11.64	14.34	14.27	13.02
5.36	5.78	4.58	5.92	6.1	5.14	5.47	5.67
4.66	4.88	4.75	4.1	5.24	4.51	4.83	4.68
4.75	5.23	4.63	4.77	3.9	4.57	3.87	5.82
21.69	23.34	20.97	25.64	20.51	23.29	25.07	23.28
10.87	9.92	13.23	10.24	12.55	12.2	10.24	9.37
1.26	1.11	1.31	1.16	1.28	1.3	1.09	1.02
12.3	12.28	12.22	12.8	14.07	13.37	10.6	11.07
61.53	69.62	64.64	59.72	61.99	56.86	66.72	66.48
101.71	127.33	143.49	131.63	125.05	126.81	115.66	117.93
45.02	55.93	62.26	47.92	57.32	55.6	55.23	48.08
98.47	105.68	107.78	101.05	110.74	103.18	103.03	110.34
45.7	40.71	34.79	34.64	39.25	37.32	37.89	48.37
15.9	15.61	14.9	16.55	13.77	12.84	12.04	13.94
13.78	13.15	12.89	17.68	11.95	11.05	12.08	13.28
13	11.64	14.78	14.04	14.52	10.46	12.29	14.99
28.49	31.87	24.17	33.93	25.16	25.72	26.42	26.51
18.46	17.49	21.13	18.87	16.48	20.06	17.05	19.66
9.77	10.55	7.82	9.88	8.21	9.73	9.45	8.45
62.57	54.8	70.1	65.96	52.12	72.84	60.09	63.24
6.36	6.97	8	7.25	7.57	6.85	6.21	6.91
17.64	20.77	20.88	22.22	16.79	19.56	17.46	16.36
29.27	29.69	35.16	35.33	34.32	38.74	35.32	26.33
104.54	113.72	102.16	101.07	120.89	88.52	94.47	114.09
32.29	30.48	30.71	29.8	30.81	35.9	31.05	28.26
17.32	17.23	17.35	19.15	17.19	16.01	19.55	16.93
17.19	21.66	25.06	19.39	17.55	22.22	22.94	19.72
25.6	34.79	31.78	30.89	29.02	28.47	32.07	27.6
1.71	1.77	2.03	1.7	1.97	1.54	1.69	1.48
12.39	10.27	10.66	11.91	11.8	10.96	11.05	12.98
27.87	24.01	24.58	26.04	31.94	28.18	21.81	28.6
11.04	8.81	12.36	11.54	12.29	10.6	11.16	12.77
73.64	71.71	70.59	59.92	63.56	58.04	73.66	64.74
3.27	3.3	3.24	3.18	3.23	3.39	3.33	2.9
13.05	13.7	12.36	14.02	13.69	13.42	12.51	13.61
18.17	19.88	18.5	17.8	17.57	21.24	20.86	25.55
60.89	54.23	56.97	60.67	57.21	51.83	53.9	65.43
1.56	1.58	1.52	1.77	1.44	1.54	1.43	1.33
70.45	70.04	75.93	81.5	67.06	74.94	65.8	61.77
9.09	6.95	10.06	9.52	8.94	8.22	8.93	8.9
7.96	8.73	7.99	9.02	9.11	7.96	6.79	8.72
26.07	30.3	21.29	25.24	20.24	24.47	24.28	32.21
13.19	11.67	8.07	13.25	12.11	9.49	9.41	12.51
5.88	4.93	5.5	6	4.6	5.14	4.2	6.29
22.57	25.36	23.08	26.4	22.86	19.27	23.6	27.51
19.24	19.89	18.77	20.7	20.51	21.56	21.87	21.86
45.15	38.88	39.6	37.38	37.71	35.76	34.37	45.53
113.21	98.52	108.17	103.01	107.79	110.31	115.43	93.46
24.14	27.21	23.91	27.63	28.34	25.98	28.22	25.94
9.76	9.5	12.46	10.41	10.39	8.59	11.56	11.22
34.85	37.02	32.17	32.36	32.16	33.54	35.21	35.18
34.95	35.13	36.22	37.17	35.37	42.21	31.02	30.47
16.43	16.12	14.79	16.11	16.78	19.2	15.32	14.9
9.06	8.51	9.13	11.46	9.55	11.94	9.86	9.78
27.14	38.48	48.07	31.41	33.13	35.07	36.32	30.73
25.48	27.72	36.08	24.1	29.04	27.89	31.3	31.66
5.75	5.96	6.58	6.82	6.01	6.37	6.14	5.84
26.14	20.23	22.81	26.43	23.79	23.1	26.72	27.26
57.06	61.08	59.61	67.26	64.41	56.04	62.67	64.77
1.86	1.01	1.91	1.97	1.94	1.8	1.99	1.07
148.73	172.2	152.31	154.97	166.3	179.86	131.42	165.92
49.14	33.35	45.13	49.13	38.26	35.99	33.63	40.6
9.53	9.6	9.76	9.18	10.11	8.24	7.71	9.95
5.73	6.16	4.75	4.97	5.02	4.03	5.26	4.89
35.56	43.27	40.72	39.09	51.41	47.87	39.12	41.35
7.41	6.02	7.46	7.83	7.75	7.45	6.21	7.25
6.62	5.94	6.33	7.24	6.21	6.25	6.63	6.41
19.87	26.76	24.7	28.53	24.97	26.06	23.63	25.61
8.71	7.93	7.74	9.26	8.52	9.36	7.53	8.02
13.16	11.99	9.32	10.18	10.41	9.95	10.61	10.78
18.09	18.17	20.36	18.86	19.47	22.04	17.77	14.31
32.96	38.93	33.51	30.04	34.93	36.61	33.79	33.41
58.72	60.65	72.61	72.15	59.19	60.19	66.2	62.85
41.85	52.51	39.37	40.79	40.32	45.94	44.73	43.86
11.05	11.13	14.68	14.9	13.38	12.99	14.88	12.27
9.91	10.82	13.38	10.34	12.11	10.61	11.68	10.2
9.66	11.39	11.22	11.58	10.81	13.74	11.54	10.01
23.48	24.67	19.94	24.48	24.68	28.42	24.01	20.6
5.93	6.92	5.63	5.83	5.24	6.68	7.11	7.41
58.5	59.19	61.74	53.75	50.82	60.55	52.45	51.2
44.22	53.55	52.62	52.77	45.66	52.88	48.77	51.31
12.86	14.05	15.39	13.7	17.86	13.84	14.23	17.46
38.36	37.42	38.52	45.02	40.1	42.73	40.1	36.22
21.52	29.9	29.99	25.38	24.14	26.89	27.29	33.07
33.84	31.59	28.29	33.05	34.71	33.56	33.91	30.88
47.47	37.75	50.24	41.36	42.35	48.25	50.52	47.72
4.28	3.53	4.01	4	4.13	4.83	4.61	4.45
9.94	9.74	9.33	10.54	9.41	9.9	8.56	9.31
88.92	89.65	78.04	84.79	110.77	83.92	79.19	88.54
31.79	32.87	33.1	31.97	28.99	36.94	34.34	30.97
53.99	49.52	59.31	47.02	56.99	42.46	43.96	39.09
33.73	33.39	39.03	34.08	39	27.63	34.49	31.14
26.04	23.99	25.47	21.93	21.28	24.13	28.6	25.08
19.76	15.56	18.27	18.14	20.18	18.01	16.81	17.86
45.51	41.74	41.25	33.61	41.66	30.06	37.05	48.49
31.11	31.31	29.11	41.98	38.98	35.4	33.1	36.61
52.87	34.66	40.35	44.32	39.61	47.51	39.59	43.62
