21.25	18.9	22.42	21.83	23.03	21.11	22.45	25.74
18.73	25.38	27.47	23.87	25.36	20.24	22.35	21.6
21.23	21.04	23.93	23.39	25.33	23.61	22.43	25.6
21.29	24.42	21.68	22.35	20.59	25.82	22.89	21.98
8.18	7.87	6.74	7.94	9.15	8.1	9.45	8.67
25.48	25.06	25.56	28.47	24.13	22.46	27.43	23.97
29.71	30.21	25.98	29.39	29.5	28.89	28.23	32.27
17.16	14.59	15.68	14.48	15.51	17.83	16.25	16.11
7.33	7.93	7.52	7.63	6.32	7.13	8.07	7.33
1.91	1.67	1.8	1.76	1.78	1.56	1.47	1.63
6.27	7.64	6.1	7.11	5.62	7.68	7.06	7.02
42.04	55.2	45.16	41.02	37.28	48.58	48.88	47.23
9.09	7.34	6.91	7.59	7.32	7.74	7.15	7.38
53.6	55.96	58.97	49.72	63.02	61.43	56.84	48.07
32.23	33.52	29.48	28.17	31.62	32.17	29.56	28.79
4.08	4.08	3.28	5.31	4.09	3.54	3.69	3.66
11.09	13.42	12.73	13.42	13.91	14.42	15.05	11.49
52	50.61	59.44	43.17	44.94	45.4	42.73	46.55
30.38	25.13	33.31	29.65	31.61	32.43	27.93	31.83
5.21	4.95	5.48	4.87	4.42	3.93	5.07	4.06
4.28	5.08	4.31	3.5	3.47	4.31	3.56	4.83
67.54	62.45	57.72	58.21	58.06	66.74	63.39	63.49
28.18	32.32	27.11	26.53	26.54	30.47	26.45	29.9
8.15	9.83	8.37	8.98	8.38	7.09	8.69	7.75
1.18	1.24	1.16	1.12	1	1.09	1.14	1.05
54.53	48.63	46.98	53.57	43.27	40.36	40.82	47.51
26.95	22.87	26.24	25.24	22.05	26.12	22.62	24.81
19.75	24.33	18.53	16.88	18.18	16.61	21.19	21.21
70.41	66.24	61.06	68.43	70.66	65.82	61.33	74.06
75.41	70.5	70.36	87.32	71.89	99.23	82.67	79.44
1.84	1.93	1.04	1.12	1.87	1.92	1.85	1.9
26.3	20.16	25.62	26.04	23.99	23.07	24	23.02
18.56	17.76	19.83	21.45	20.07	18.13	17.98	20.04
7.43	7.49	6.24	6.76	6.45	6.68	7.01	6.16
12.04	12.26	13.32	12.29	12.12	9.97	11.06	11.44
21.36	20.88	21.53	18.42	20.22	21.01	18.62	18.62
19.57	23.79	20.95	22.78	22.1	19.87	23.23	26.19
9.58	9.97	10.02	10.29	9.08	10.77	8.74	8.39
5.75	5.08	4.88	5.72	4.82	6.36	5.3	5.21
40.37	43.45	43.96	51.33	41.19	45.74	44.52	45.05
33.27	29.67	36.67	32.98	34.89	30.28	34.72	28.78
16.08	15.06	16.79	18.78	15.79	17.02	16.05	14.82
1.53	1.8	2.01	1.47	1.73	1.7	1.97	2.01
1.41	1.4	1.43	1.48	1.49	1.46	1.46	1.48
13.58	12.66	12.85	11.8	11.77	11.24	10.87	11.11
5.96	7.21	6.38	7.54	7.06	7.32	6.25	6.78
13.76	13.98	13.43	14.12	13.22	16.76	14.83	14.33
8.43	7.71	7.37	7.66	7.15	8.38	7.01	6.61
79.68	78.01	74.84	71.72	74.46	84.17	64.55	70.43
8.3	7.57	7.67	6.01	7.08	7.28	8.5	6.58
37.77	35.25	33.38	30	38.55	35.18	35.21	37.62
53.14	47.28	53.56	52.88	52.81	46.86	51.38	43.72
1.19	1.18	1.19	1.18	1.17	1.16	1.15	1.18
26.08	28.21	31.64	24.43	30.37	29.39	29.42	27.9
12.94	10.17	10.63	10.64	10.31	9.7	9.74	9.52
30.71	22.2	26.44	25.62	28.74	28.02	28.23	25.52
10.13	7.82	8.34	9.44	8.15	9.24	10.36	9.7
35.49	42.31	44.3	43.45	44.14	51.06	45.37	52.53
30.04	33.59	33.46	36.35	39.86	35.68	31.84	33.45
51.73	54.59	51.97	53.06	45.3	52.6	56.98	51.2
14.07	12.9	16.33	15.79	14.27	17.15	12.61	15.12
14.54	17.78	17.34	14.94	17.2	15.83	18.55	13.6
19.93	18.57	18.77	18.61	18.42	22.44	22.03	22.02
49.69	43.54	53.14	59.52	54.03	42.08	48.63	46.74
22.25	22.65	22.4	19.94	22.32	24.91	21.17	19.45
6.59	7.61	6.75	7.69	6.8	8.02	9.86	6.5
24.74	33.53	33.59	32.97	29.33	28.51	31.13	27.99
34.12	32.43	31.36	24.27	30.6	34.82	26.49	33.83
1.34	1.19	1.68	1.49	1.48	1.43	1.27	1.35
40.26	40.92	38.63	38.78	42.76	43.19	39.18	41.19
32.44	31.57	35.25	33.56	39.6	33.56	29.3	32.12
12.32	13.07	9.88	12.73	12.75	13.79	11.27	13.05
5.67	6.91	6.04	7.06	5.4	5.4	6.18	7.04
12.29	11.67	10.82	12.27	11.95	11.18	11.88	11.5
20.32	22.77	24.04	19.59	19.45	24.43	18	23.61
1.92	1.68	1.59	1.85	1.4	2.05	1.6	1.89
27.67	21.5	22.96	26.68	25.88	26.88	30.38	24.38
6.85	7.25	7.62	7	5.95	6.96	7.13	6.48
8.61	6.21	7.05	7.82	6.5	8.99	7.82	8.05
1.14	1.1	1.03	1.05	1.98	1.29	1.05	1.15
45.71	45.93	41.36	38.15	38.27	42.73	40.74	43.88
49.76	39.67	40.4	44.56	44.35	42.43	42.71	43.96
16.49	19.11	19.96	17.9	16.38	15.87	16.7	14.52
11.3	12.64	10.4	12.82	9.33	12.16	12.57	9.94
2.18	1.85	2.27	1.89	2.25	2	2.2	2.28
9.91	8.43	7.82	9.07	8.6	8.47	10.94	8.89
54.53	74.78	59.37	54.64	59.57	65.07	63.92	71.54
15.47	15.52	21.59	14.63	15.06	17.81	16.84	18.7
4.44	5.16	3.91	3.38	5.27	4.45	3.95	4.57
138.32	95.44	111.99	127.65	123.19	98.18	134.38	122.65
17.45	15.47	15.67	18.28	13.49	13.64	16.98	16.18
6.07	5.77	5.27	5.97	6.56	6.14	5.95	5.6
16.45	14.4	16.1	14.14	18.27	13.53	15.74	15.63
21.51	18.01	18.13	23.33	21.13	20.61	22.67	20.1
26.08	27.9	24.43	19.98	26.51	26.94	29.6	23.41
9.69	11.75	11.1	12.32	11.84	12.09	13.55	11.45
51.77	44.21	51.18	42.44	48.57	47.93	52.1	51.18
8.6	8.7	9.73	7.56	8.96	9.66	8.07	10.73
80.01	80.71	89.81	80.94	78.16	83.96	81.88	77.39
12.88	10.83	11.36	9.87	12.35	13.94	10.58	11.42
35.6	35.14	45.5	31.62	36.42	30.38	37.27	33.46
13.69	14.22	12.87	14.23	14.63	14.72	13.19	11.81
47.18	39.4	40.57	42.66	42.41	43.46	42.12	47.27
40.46	38.75	38.67	45.03	42.28	38.78	36.85	37.84
32.16	27.31	28.17	35.13	31.49	31.18	32.71	30.98
10.28	10.85	11.49	9.85	11.23	10.38	10.9	12.2
6.87	7.66	6.48	6.53	6.9	6.04	7.74	8.34
43.87	35.98	40.15	42	42.66	39.61	35.13	46.9
37.82	43.87	45.61	42	36.41	47.95	33.15	45.61
2.82	2.99	2.8	2.61	2.58	2.69	3.16	3
6.19	5.52	5.32	5.01	5.49	5.14	5.28	4.14
4.96	4.57	4.42	4.42	3.89	4.22	4.37	5.21
33.05	30.81	34.43	32.51	27.03	27.73	23.8	25.88
11.8	11.59	11.58	10.03	12.33	11.23	10.32	11.47
7.18	7.5	6.68	7.32	7.82	7.31	6.97	7.51
11.79	11.86	12.69	12.82	13.31	10.53	13.37	12.75
23.27	18.75	23.83	23.62	21.84	22.75	23.58	26.42
31.2	26.46	25.63	26.28	23.63	23.59	22.81	23.05
2.48	3.45	2.95	2.95	3.31	3.05	2.88	3.2
10.75	9.65	8	7.77	9.04	8.39	10.43	8.56
34.29	28.07	33.85	28.6	38.02	29.26	33.99	31.21
16.77	16.86	20.12	18.37	18.97	17.89	23.29	20.78
45.17	47.42	46.01	44.35	39.25	40.17	51.48	46.36
63.37	56.91	59.09	70.85	60.67	63.02	58.94	57.95
13.24	12.64	12.42	11.47	12.04	13.28	13.59	13.82
14.45	14.95	19.49	14.83	13.07	14.29	15.83	13.19
10.31	11.49	9.18	12.25	12.74	9.47	10.74	11.07
49.65	47.34	43.45	44.32	42.3	51.58	46.24	42.77
19.47	19.43	24.04	22.49	22.88	20.2	17.54	19.16
64.32	63.63	61.55	63.26	64.18	65.83	64.25	71.57
18.98	19.74	17.52	18.75	20.21	23.61	18.85	20.99
29.57	33.44	25.92	27.66	34	27.83	30.21	26.79
33.03	34.25	33.12	38.3	36.43	33.75	32.46	46.03
46.07	39.22	34.44	37.18	39.66	40.43	38.52	36.88
1.35	1.35	1.34	1.36	1.4	1.42	1.41	1.41
3.74	3.5	3.6	3.26	3.62	3.14	3.2	4.13
19.66	23.31	22.61	22.26	21.31	22.13	18.71	21.09
16.39	14.2	17.29	17.69	16.2	18.53	20.78	16.11
18.57	18.23	14.84	14.5	16.11	17.2	16.82	14.82
1.12	1.14	1.13	1.13	1.12	1.13	1.1	1.11
26.2	23.98	22.39	25.33	19.81	27.51	26.2	25.04
13.9	20.45	18.61	19.69	17.02	19.12	17.19	18.18
11.28	12.96	12.69	11.97	12.36	12.34	12.04	11.48
88.95	79.5	72.9	66.15	70.2	60.9	64.67	70.77
8.68	8.86	10.8	7.2	8.5	9.1	7.48	8.34
20.24	19.46	20.35	18.74	19.34	18.94	17.47	19.75
7.64	7.21	7.03	6.86	7.49	6.81	7.94	7.36
116.18	99.25	95.21	96.36	98.21	97.17	111.9	95.54
15.96	15.92	17.83	22.34	14.24	14.87	18.18	15.14
27.74	28.42	31.36	26.63	29.35	30.06	31.24	27.1
1.11	1.99	1.99	1.21	1.98	1.11	1	1.24
31.85	33.88	38.65	35.28	31.97	33.4	33.12	28.95
10.3	11.74	10.95	11.23	10.55	12.84	9.41	12.7
9.22	10.65	10.78	11.75	10.01	9.89	9.71	8.3
11.67	12.42	11.1	10.19	9.84	10.52	11.4	10.22
8.81	8.41	7.15	7.52	8.98	8.97	9.19	8.27
21.94	23.64	24.2	23.97	26.32	25.71	25	22.32
50.42	65.1	53.01	61.23	60.12	58.89	58.35	55.99
35.88	24.68	27.56	29.48	27.6	35.78	30.71	31.86
17.56	17.04	15.16	17.78	15.94	19.13	17.82	19.11
1.93	1.58	2.07	1.92	1.86	1.82	1.87	2.39
19.74	19.05	17.25	17.1	19.18	20.3	17.28	16.01
30.12	31.82	29.88	31.39	29.18	29.15	30.9	32.04
56.29	58.03	62.28	57.78	65.63	49.33	64.6	59.97
21.42	18.32	18.49	16.95	16.71	17.27	17.77	21.11
46.01	50.72	35.23	49.14	36.69	50.3	51.38	40.76
15.35	15.5	14.94	13.82	13.9	17.1	16.1	13.3
26.41	27.86	26.71	26.65	24.73	23.53	27.94	27.4
2.77	2.77	2.87	2.29	2.8	2.99	2.86	2.77
33.49	33.88	33.31	36.65	34.31	29.53	31.34	32.24
2.84	2.98	2.9	2.92	2.74	3	3.05	2.76
60.62	60.46	58.32	65.88	65.53	60.99	56.34	63.17
25.2	21.34	22.47	25.85	27.77	26.1	24.67	26.95
15.29	15.39	16.37	16.76	17.93	19.12	20.18	15.46
11.18	10.97	12.8	12.21	13.64	14.18	9.71	11.57
9.45	10.75	8.94	9.49	9.4	9.26	11.45	10.63
9.54	9.05	9.21	10.99	9.35	11.36	13.1	11.67
19.23	18.39	16.95	23.68	22.46	12.97	19.07	21.49
34.83	37.25	34.59	35.1	40.33	29.07	39.04	29.14
37.93	37.1	37.72	44.87	45.65	45.57	40.45	40.62
54.58	40.87	39.27	42.23	47.49	47.58	45.59	39.62
18.61	20.66	17.39	24.44	20.01	18.89	25.59	18.9
26.26	30.05	22.13	25.48	26.84	26.59	26.35	28.33
1.3	1.35	1.43	1.28	1.39	1.39	1.3	1.37
89.66	89.57	90.87	93.35	82.96	95.13	92.21	89.88
28.05	30.15	28.36	32.13	35.89	31.12	31.05	33.54
25.52	24.45	22.06	21.51	26.2	19.22	22.85	21.04
12.77	15.19	13.45	15.9	13.1	15.19	13.91	14.31
16.87	17.87	14.94	17.76	17.06	18.24	16.74	17.22
18.51	23.97	20.2	22.47	20.38	19.66	19.73	18.39
28.19	28.1	29.68	26.47	24.88	27.8	25.39	25.14
1.31	1.34	1.35	1.3	1.25	1.28	1.25	1.33
39.3	40.87	37.47	40.7	35.3	33.83	43.12	38.6
8.66	11.5	11.23	9	12.16	12.23	10.03	11.43
7.42	9.33	8.02	8.07	9.13	7.72	8.51	8.81
30.03	32.42	35.54	30.67	28.5	32.08	34.25	34.47
31.9	28.74	27.31	29.87	27.98	31.83	24.04	22.24
4.54	5.05	4.68	3.79	4.6	4.51	4.74	4.22
26.14	33.56	31.12	28.1	27.27	30.14	27.91	27.92
72.43	90.61	83.23	90.68	88	80.26	74.81	74.66
10.61	11.71	10.84	11.66	10.99	10.92	10.09	11.49
21.1	22.47	21.37	20.59	23.87	18.86	19.38	24.39
140.05	148.57	178.53	162.51	148.73	141.24	151.25	131.29
26.29	21.79	23.66	19.71	21.67	21.7	19.87	28.03
82.91	67.44	59.95	78.59	62.5	82.48	67.07	65.84
27.65	28.22	29.39	28.57	28.17	27.12	24.29	25.9
20.91	18.37	25.91	18.78	25.36	20.96	19.6	22.5
11.12	10.01	9.2	8.62	12.29	11.62	11.02	10.23
15.63	15.67	17.84	18.67	17.37	18.18	16.91	16.98
76.99	89.28	72.1	72.24	80.17	68.53	68.07	68.43
12.98	18.32	14.54	14.97	16.22	15.74	16.98	15.73
57.12	46.01	58.46	61.65	53.32	51.78	53.61	56.98
95.74	106.24	87.16	96.01	94.15	98.75	104.32	92.84
80.02	73.95	67.76	79.56	52.5	64.92	76.6	64.62
44.83	33.91	36.79	47.87	40.76	35.3	38.58	44.93
1.1	1.09	1.12	1.09	1.08	1.09	1.11	1.1
123.52	143.69	162.76	133.08	142.92	154.55	141.27	123.14
38.41	42.33	36.17	41.69	41.74	37.81	36.83	29.74
17.36	23.23	19.94	18.38	22.62	19.24	18.76	19.39
19.14	16.87	18.99	23.69	25.12	18.82	21.5	21.63
21.72	19.92	16.15	20.33	18.47	16.7	21.1	20.13
13.67	12.47	12.86	13.37	15.34	11.9	9.55	11.26
19.24	18.23	17.33	18.12	18.99	17.71	19.01	18.87
3.47	3.84	2.82	3.41	3.71	3.36	3.84	3.2
10.4	11.16	9.74	10.22	9.62	7.76	9.63	9.77
9.53	10.08	11.33	12.1	10.14	9.29	13.03	12.08
2.79	3.36	2.57	3.7	3.18	3.18	3.14	3.26
3.72	3.65	3.11	4.02	4.49	3.76	4.75	4.31
19.06	22.38	18.05	20.9	21.67	21.7	17.51	19.35
30.74	38.77	29.91	25.61	33.26	28.97	29.8	33.7
50.74	61.53	59.11	78.37	56.84	44.61	58.76	59.5
57.46	58.07	58.22	58.31	64.95	56.78	60.97	68.97
5.08	5.1	4.56	4.02	4.1	4.79	5.83	5.22
14.41	17.73	18.3	16.74	19.28	16.96	15.45	19.04
30.9	28.19	31.29	30.42	29.31	26.76	29.46	28.04
14.66	13.55	14.01	12.85	12.62	13.32	14.89	13.06
11.46	10.58	11.35	9.92	11.67	11.07	11.86	10.94
109.71	102.38	129.18	118.41	112.79	107.77	125.77	125.37
6.42	7.9	7.9	6.65	6.51	6.71	7.23	8.27
35.8	42.78	35.51	39.41	35.59	40.37	35.57	33.82
32.17	25.83	28.68	30.79	26.98	21.46	24.41	30.73
14.19	12.46	12.61	12.62	13.52	12.26	11.88	13.62
40.32	37.38	30.82	32.41	32.41	35.8	34.14	36.49
46.45	47.97	38.64	39.55	38.49	34.87	39.98	43.77
7.74	8.1	7.27	9.27	7.37	6.43	9.4	8.53
25.9	32.05	28.53	32.3	32.86	30.79	34.21	27.81
34.9	26.31	25.17	22.72	24.21	22.46	26.38	27.89
14.74	17.38	17.05	16.14	19.52	15.61	15.84	18.2
30.98	37.35	35.13	32.64	32.43	34.01	37.23	35.91
4.61	4.67	4.75	4.49	3.93	4.65	5.51	5.28
27.34	28.37	32.74	24.72	25.01	32.5	37.95	32.05
40.25	47.13	47.6	48.41	41.73	38.88	42.88	44.96
13.17	14.32	13.37	11.65	14.19	12.37	13.94	13.08
49.68	45.63	47.05	48.25	44.53	51.75	51.1	53.87
9.61	7.37	6.68	6.62	8.28	8.87	7.66	7.84
36.5	32.58	39.06	30.51	34.38	36.34	34.49	34.75
59.47	60.7	50.44	53.27	61.68	47.27	60.84	54.19
5.16	5.01	5.24	5.2	4.8	4.78	5.05	4.33
58.08	40.51	42.31	46.29	43.65	55.13	43.4	43.97
13.19	12.17	14.23	14.86	12.14	11.87	14.1	13.48
40.08	40.5	41.7	43.23	38.31	44.02	39.99	38.67
32.93	34.25	25.84	29.7	33.27	31.37	30.39	31.63
64.79	54.2	68.21	51.59	64.71	67.88	57.97	54.2
25.7	23.71	25.97	28.02	25.6	23.73	27.94	26.7
65.1	47.4	53.86	59.28	58.86	59.88	67.95	54.57
29.19	21.16	29.02	27.77	26.69	26.74	27.66	23.13
65.64	71.13	65.29	59.51	69.6	67.59	65.09	62.46
23.61	19.97	20.64	22.65	26.16	20.16	19.79	23.97
27.27	25.21	24	30.81	26.39	22	27.6	24.96
33.17	30.89	31.08	25.54	30.11	29.12	35.14	28.25
58.35	60.11	67.87	63.71	55.62	56.94	53.88	58.14
30.05	24.71	27.78	23.04	25.72	21.63	27.59	28.55
30.54	26.45	27.67	29.79	29.46	26.93	28.85	27.48
12.83	11.99	13.61	11.83	12.61	15.04	13.56	13.69
20.57	20.92	21.28	20.75	25.47	25.76	20.21	16.93
2.96	2.45	2.87	2.03	2.56	2.29	2.12	2.37
24.01	21.64	23.33	28.94	25.73	24.53	25.37	27.12
13.04	15.66	17.17	17.66	15.33	16.26	15.86	17.81
50.18	55.59	64.89	54.26	55.86	53.16	55.77	49.57
44.25	51.84	53.88	58.65	59.26	50.48	59.49	55.53
52.04	42.4	46.13	54.74	56.33	59.22	50.14	47.2
22.34	24.97	20.73	27.23	22.9	21.72	26.8	22.47
16.75	20.53	20.2	19.34	19.25	19.78	17.1	20.76
10.66	10.25	10.68	8.79	9.51	10.13	9.71	11.41
55.97	39.86	48.28	45.99	57.26	46.66	48.04	53.96
6.99	6.68	7.49	8.61	6.64	6.8	8.42	7.73
23.46	24.87	24.89	24.51	22.22	20.17	22.35	21.98
5.43	4.69	5.95	5.49	4.8	5.32	6.24	5.5
6.71	6.37	7.65	7.37	6.62	6.99	7.25	6.47
61.71	58.96	59.39	61.58	66.18	63.06	60.07	69.02
43.38	52.93	49.55	58.17	56.29	47.12	52.18	53.67
19.28	17.93	16.88	17.62	18.18	18.08	17.55	15.73
12.57	12.23	16.18	13.59	14.23	12.82	11.22	12.88
75.32	70.2	66.85	63.93	56.45	64.88	74.76	66.43
166.62	115.88	110.92	161.22	138.76	148.97	132.36	131.75
6.22	7.19	6.09	6.62	6.88	7.21	6.21	5.77
48.71	44.08	40.5	54.56	37.05	44.52	49.07	50.31
1.39	1.31	1.33	1.27	1.31	1.3	1.38	1.33
4.68	4.03	4.79	4.75	5.17	5.05	5.13	4.83
28.92	25.06	27.29	23.57	28.18	26.82	26.44	31.39
58.03	55.72	46.47	52.96	41.86	49.57	47.39	44.57
19.64	21.03	16.78	19.46	15.82	16.48	14.56	18.98
1.6	1.42	1.53	1.52	1.51	1.5	1.48	1.45
1.82	1.76	1.82	1.68	1.83	1.78	1.72	1.71
5.04	6.57	6.15	6.65	5.7	5.82	7.06	6.5
4.68	4.71	5.26	3.53	4.88	4.75	4.48	4.86
19.37	15.78	18.94	20.66	20.09	19.91	17.15	23.44
74.59	91.13	91.35	87.61	74.15	80.06	80.93	88.4
27.58	30.42	20.45	31.28	25.16	32.4	32.2	29.47
1.05	1.04	1.05	1.05	1.05	1.05	1.04	1.05
67.01	63.88	67.83	72.69	83.82	67.64	79.11	59.47
11.71	8.97	11.13	8.94	9.69	11.6	11.01	9.59
27.33	27.13	25.47	24.6	31.32	21.86	25.17	23.65
4.19	3.33	4.28	4.25	3.4	4.92	3.87	4.58
23.28	24.77	21.82	25.99	28.52	25.75	28.56	27.78
15.46	13.44	13.81	11.46	13.91	12.96	11.77	12.28
40.47	35.74	43.41	40.44	41.46	41.46	38.45	56.54
37.99	32.11	34.07	45.17	29.23	36.87	34.3	33.42
7.08	7.11	7.47	5.16	6.57	5.75	6.76	6.68
9.88	9.99	10.76	10.8	9.27	9.66	9.84	10.58
18.89	13.35	17.62	15.04	15.42	17.69	14.35	14.82
7.06	6.26	7.68	6.51	8.3	7.49	7.25	7.29
34.25	33.99	32.45	35.59	36.35	30.41	35.42	35.24
25.96	22.62	20.74	26.48	23.62	26.63	26.91	22.76
15.47	14.23	11.02	12.76	12.45	11.97	13.14	11.69
10	6.95	8.14	8.78	9.12	8.07	7.86	7.38
11.73	13.8	13.41	9.51	11.92	12.58	12.16	14.54
48.85	60.24	57.84	62.57	59.51	51.23	56.89	62.07
1.72	1.75	1.66	1.93	1.63	1.71	1.7	1.64
14.3	13.17	14.03	13.07	13.94	15.45	13.02	13.2
19.37	20.59	19.07	21.42	18.35	17.4	20.28	17.94
43.17	46.11	43.54	45.73	50	39.3	51.31	42.75
23.34	24.02	24.52	27.57	29.51	27.87	29.28	28.9
76.36	82.82	85.85	94.29	73.36	76.19	82.8	89.37
1.51	1.57	1.32	1.18	1.41	1.35	1.24	1.23
79.72	67.31	92.84	90.21	67.24	79.18	84.87	59.78
64.07	58.04	54.3	54.31	51.98	53.62	60.11	53.87
23.94	21.65	20.61	17.93	20.77	19.01	19.22	21.49
7.53	6.9	6.78	6.83	6.46	7.62	6.78	7.43
27.73	31.92	30.62	30.14	29.59	32.42	31.21	31.22
1.13	1.35	1.13	1.14	1.18	1.29	1.98	1.08
52.74	54.07	54.53	58.75	69.61	54.3	55.84	60.48
68.41	92.04	69.62	68.03	76.5	87.7	78.92	75.84
14.68	16.23	17.62	17.14	13.77	17.03	12.65	14.6
69.27	89.46	72.06	82.6	84.6	73.7	72.5	69.81
34.84	33.56	38.55	39.86	29.64	37.01	35.36	43.78
3.87	3.35	3.5	3.49	3.66	3.35	3.14	3.32
16.16	13.22	15.16	15.6	18.06	14.01	17.22	14
56.84	49.18	39.82	47.18	58.56	56.65	56.71	50.35
1.12	1.19	1.21	1.3	1.35	1.05	1.09	1.15
53.16	39.61	39.81	35.28	39.31	41.2	48.64	41.32
14.27	13.76	12.48	13.12	11.38	13.18	11.3	11.05
1.38	1.4	1.36	1.38	1.34	1.37	1.35	1.36
14.72	13.79	15.41	14.7	17.6	15.08	13.28	12.05
13.24	13.33	12.54	12.97	14.43	13.03	13.27	13.79
32.87	33.87	37.39	37.92	36.18	38.56	31.71	36.39
11.43	8.87	9.36	9.75	11.53	10.22	9.98	8.86
28.94	36.54	31.97	36.52	39.79	34.59	34.97	33.4
16.67	16.66	16.52	14.97	15.25	15.45	16.53	16.05
6.19	6.1	5.98	6.27	7.83	6.71	6.16	5.95
11.42	10.6	11.5	8.46	8.81	9.45	9.16	9.54
19.39	21.76	22.97	23.4	25.03	17.21	22.35	22.58
18.67	22.83	19.19	18.66	22	16.99	20.84	20.45
27.28	27.8	30.03	26.97	25.1	30	31.3	28.45
63.97	61.9	53.85	50.75	48.27	54.3	55.84	52.77
67.6	71.07	77.72	82.67	68.82	71.03	79.04	81.05
1.98	2.84	2.1	2.6	2.47	2.58	2.47	2.69
48.28	48.31	50.48	45.26	36.24	40.68	42.91	39.78
8.51	8.78	9.28	8.29	8.47	8.4	10.26	8.33
24.55	26.99	32.37	26.46	29.83	29.61	28.35	29.11
3.78	4.63	3.9	4.44	4.37	4.38	3.8	4.53
37.73	37.54	41.27	36.95	36.3	42.25	31.98	42.68
6.09	7.42	5.67	6.14	5.73	7.5	6.03	7.43
66.17	56.44	56.06	60.25	70.91	68.34	65.44	59.6
34.41	38.99	40.05	36.85	28.17	37.97	34.43	36.31
14.38	16.03	16.22	14.86	14.29	18.88	16.56	16.31
10.18	10.66	9.84	9.55	9.93	11.91	10.86	9.73
7.09	6.02	6.71	5.61	6.39	7.73	5.54	6.82
23.68	23.79	23.9	21.66	20.44	22.04	22.6	20.61
24.91	28.54	36.19	28.21	28.13	27.45	27.69	27.97
10.93	8.71	10.99	12.28	10.21	12.28	11.23	9.92
5.51	5.02	3.78	5.47	4.83	4.49	3.83	4.82
1.17	1.36	1.38	1.26	1.23	1.33	1.25	1.2
54.07	44.11	48.79	40.93	54.26	43.44	48.34	39
6.33	7.1	6.59	6.49	8.01	8.21	6.45	7
42.67	45.23	44.73	38.31	37.96	39.67	35.82	39.86
47.66	45.99	38.77	40.52	47.82	40.28	49.03	45.93
37.83	36.77	40.49	40.28	34.56	38.39	46.25	35.52
19.06	14.74	19.41	16.01	20.28	13.89	18.44	21.68
74.12	71.13	73.19	72.85	79.97	82.89	83.87	78.83
7.57	9.33	8.97	9.2	7.96	8.48	8.45	7.82
41.09	41.1	34.99	37.64	41.66	38.84	35.03	32.83
8.51	8.32	8.38	8.47	6.89	6.56	7.06	7.73
21.34	20.67	19.54	19.56	18.2	17.33	20.64	23.99
21.44	22.83	20.2	21.22	27.47	25.02	23.1	21.03
23	26.52	27.64	23.72	27.42	34.56	26.51	25.14
79.44	55.51	54.97	64.46	70.05	61.3	66.84	62.09
22.44	20.07	21.8	23.24	25.97	21.83	22.18	20.53
43.17	42.92	34.74	34.98	41	36.63	35.4	37.92
5.93	5.19	4.88	4.37	5.27	4.84	4.16	5.61
5.06	5.28	5.38	4.7	5.37	4.5	5.34	5.72
45.24	38.41	44.17	44.49	37.69	43.42	43.72	44.61
7.25	7.02	8.7	6.96	6.62	7.28	9.2	6.29
11.69	12.81	9.89	12.95	10.25	11.24	11.08	12.63
47.7	54.74	67.3	58.77	91.01	55.76	55.56	60.6
4.23	4.13	5.09	4.63	4.43	5.11	4.42	4.17
38	31.85	37.32	31.78	34.76	32.63	32.89	32.13
4.25	4.44	4.15	4.06	3.63	3.99	4.34	4
1.98	2.37	1.98	2.02	2.35	2.3	2.23	2.19
32.52	35.36	25.82	33.19	31.29	32.51	31	26.43
2.98	3.28	3.3	3.59	2.7	3.12	3.34	3.46
58.53	70.05	70.63	69	77.8	83.89	77.36	68.18
59.98	48.5	45.53	49.27	44.61	48.98	50.03	39.42
28.44	28.15	23.8	23.46	27.05	28.4	28.4	25.09
2.43	2.47	2.79	2.46	1.81	2.56	2.02	2.54
11.12	12.36	10.54	11.82	11.98	13.36	14.41	12.31
1.48	1.64	1.97	1.52	1.63	1.68	1.94	1.65
7.86	8.86	8.84	8.65	9.67	9.85	9.54	8.55
2.27	2.46	2.07	1.9	2.39	1.76	1.95	2.01
27.89	21.82	28.46	26.4	23.64	24.61	23.42	25.16
94.7	89.58	104.2	87.63	97.56	78.69	110.11	87.74
36.67	28.86	38.51	37.47	31.61	38.08	37.49	39.98
4.54	3.71	4.48	4.39	3	3.97	3.55	5.12
61.11	53.45	60.92	55.92	62.73	52.39	67.14	60.7
2.66	2.55	2.1	2.04	2.61	2.01	1.86	2.48
40.52	47.23	42.76	33.5	47.98	31.84	45.85	41.99
13.75	15.96	12.55	14.32	14.06	12.09	13.46	12.61
182.26	193.88	196.21	179.91	156.67	180.81	202.84	170.09
12.75	12.19	14.48	14.8	11.37	13.34	14.36	13.44
17.97	16.98	17.72	18.39	16.74	19.52	16.86	18.78
44.81	39.52	42.88	45.5	46.76	49.59	56.25	41.33
30.69	33.77	27.64	29.47	29.55	31.27	28.81	35.09
25.35	29.06	26.3	25.25	24.1	24.45	21.66	26.06
38.8	38	38.45	29.47	40.29	41.45	35.33	36.96
14.63	12.44	13.61	12.2	14.5	13.82	14.05	14.51
69.13	70.03	72.95	79.16	76.47	77.62	69.77	64.41
1.71	1.87	1.78	1.92	1.84	1.57	1.78	1.76
10.16	10.21	10.92	11.84	8.73	9.31	9.41	10.34
47.45	54.08	43.93	42.63	52.39	42.35	48.69	53.66
41.9	39.63	37.94	40.94	45.87	34.53	38.58	36.44
5.52	4.71	5.58	6.08	4.72	5.89	5.69	5.65
11.68	12.64	9.3	10.71	12.54	10.65	12.12	11.38
3.49	4.42	3.55	3.7	3.67	4.17	4.22	3.89
11.35	10.1	10.9	8.61	11.99	9.8	11.44	11.96
22.05	21.22	21.39	28.11	27.67	24.78	23.51	20.76
45.12	40.78	53.9	46.12	47.34	41.67	49.36	47.54
18.12	16.2	21.49	22.3	22.23	19.33	15.75	16.95
20.46	20.85	23.68	19.03	23.28	20.46	23.81	20.91
28.32	28.58	26.42	27.22	33.38	28.84	26.35	23.04
30.17	31.97	34.27	34.75	28.6	27.37	32.07	38.17
72.25	76.32	74.82	61.06	79.46	85.95	76.19	67
20.17	16.1	17.93	21.42	18.12	18.01	15.77	16.71
14.73	12.6	13.53	15.24	14.13	11.7	13.61	14.56
24.2	28.62	23.71	27.41	20.86	23.02	26.26	21.78
10.26	8.09	8.27	8.91	9.33	7.65	9.52	8.2
10.76	10	12.02	9.12	10.77	10.47	8.59	9.39
4.87	3.69	3.63	4.21	3.74	2.58	3.74	3.62
34.22	33.17	30.5	36.13	32.74	25.84	39.35	27.8
46.84	50.62	53.52	59.36	50.44	57.19	53.48	55.1
38.9	35.14	34.61	31.39	34.61	32.79	39.07	33.59
20.44	19.51	19.88	18.94	21.62	17.21	18.12	20.02
14.87	15.55	13.56	13.65	16.8	13.69	15.15	13.98
31.33	35.54	32.85	37.15	38.72	30.69	37.86	33.96
143.67	130.44	124.62	142.94	164.49	113.58	144.31	137.24
14.17	11.37	16.3	14.97	14.98	15.25	18.01	14.6
19.8	17.14	16.73	17.36	17.14	17.55	14.91	18.95
30.06	35.84	37.75	35.44	34.44	37.92	43.37	32.24
15.39	14.68	13.74	13.66	16.23	16.46	16.1	16.26
28.11	22.65	21.61	26.78	27.28	21.67	24.94	27.85
14.28	13.59	14.95	13.19	15.09	15.26	14.62	16.45
28.45	28.99	33.03	31.68	34.96	27.61	35.56	34.73
32.5	34.21	35.06	30.83	35.04	31.61	37.87	33.35
13.98	12.62	12.82	12.71	13.26	12.74	12.75	12.66
42.8	38.91	41.78	35.65	39.13	32.83	42.67	38.86
22.16	22	23.48	23.02	19.05	21.57	21.57	20.31
6.56	6.02	6.87	6.36	8.47	6.77	6.23	6.16
11.65	12.22	15.43	12.2	13.06	12.84	11.74	10.51
79.49	89.21	72.86	78.95	69.88	76.68	76.9	82.17
15.42	10.62	13.11	10.05	12.82	11.81	10.06	14.2
32.97	31.59	24.08	27.66	32.63	28.68	25.65	31.4
15.71	18.27	19.71	17.43	15.71	17.03	16.35	16.49
30.96	38.03	34.15	34.22	30.8	30.04	38.59	35.88
21.81	21.84	23.11	20.55	22.03	21.79	22.66	19.53
9.84	9.02	9.32	11.09	9.41	8.99	12.27	9.43
30.7	33.35	25.1	34.81	28.64	26.71	27.23	26.39
5.03	4.61	3.88	5.06	4.15	4.02	4.1	4.34
15.05	17.38	15.55	17	16.5	12.74	14.56	12.79
31.87	30.51	32.83	27.62	40.56	29.29	32.12	27.31
4.99	4.97	6.02	6.72	6.23	6.52	6.88	5.16
57.9	58.68	49.94	45.43	59.89	58.17	63.06	57.6
20.87	24.04	20.98	21.82	26.85	19.78	23.14	22.75
5.53	4.82	5.31	4.49	4.64	5.35	4.34	4.28
36.32	31.71	29.89	30.11	33.94	31.68	34.45	32.33
7.27	6.16	6.81	8	8.69	9.71	7.68	6.93
9.39	8.35	10.25	11.11	8.19	7.78	10.22	9.93
27.55	27.94	31.06	23.77	26.02	20.84	28.08	27.6
98.44	127.78	110.71	97.22	124.52	102.69	92.01	115.46
37.56	33.4	47.34	39.19	39.8	40.34	42.31	43.38
5.23	5.34	5	5.47	5.47	5.02	4.79	4.58
13.45	11.58	14.23	12.59	13.94	13.22	12.02	14.58
9.02	8.74	8.45	9.26	9.91	9.73	9.2	8.7
118.91	112.9	148.14	131.06	128.16	114.27	119.58	133.37
32.29	31.48	33	40.62	39.96	35.24	34.68	31.26
5.17	4.28	5.08	4.53	5.3	5.25	6.44	5.2
59.77	65.07	65.43	63.76	61.55	59.8	65.73	66.06
1.56	1.52	1.47	1.54	1.53	1.5	1.46	1.56
42.01	49.03	47.4	52.01	42.24	37.86	49.79	63.5
9.36	7.16	8.66	8.34	8.42	7.94	9.05	9.65
3.04	3.17	3.32	3.22	3.15	3.01	2.93	3.61
5.08	4.68	5.35	5.22	4.68	4.35	5.53	5.2
73.25	83.39	83.83	78.22	87.91	78.29	92.84	81.12
30.34	25.28	26.89	26.83	33.24	29.48	33.02	24.94
12.99	9.62	10.65	11.25	10.75	12.51	11.89	10.67
14.92	12.42	10.76	16.18	12.65	14.16	12.98	13.69
34.22	37.89	29.16	31.2	31.28	32.36	36.15	28.74
20.26	19.47	18.16	19.39	20.14	20.28	23.13	21.09
19.35	23.69	15.24	21.82	24.52	22.4	20.03	21.36
22.72	18.72	21.62	23.55	22.01	22.16	28.49	24.09
32.84	37.93	37.36	29.46	30.02	37.91	31.4	34.36
23	22.37	24.43	23.16	21.37	26.58	26.78	22.22
9.92	8.33	8.61	7	8.53	8.84	7.97	10.13
52.94	49.7	52.83	46.34	48.87	48.03	54.25	52.88
88.53	92.71	92.69	100.54	101.19	87.72	89.75	104.77
22.49	20.65	21.8	21.64	22.04	26.25	26.4	18.45
1.07	1.07	1.06	1.06	1.06	1.07	1.06	1.06
40.9	39.4	33.9	36.48	35.43	35.57	32.18	40.22
19.1	27.06	22.83	22.36	17.81	24.52	22.96	19.73
16	14.42	15.5	12.18	12.71	14.22	11.87	14.21
28.14	25.62	30.72	26.28	32.99	28.12	24.8	24.7
25.05	27.6	21.19	20.19	27.58	25.6	23.3	24.72
5.17	6.37	4.99	5.08	6.47	5	6.69	5.88
57.31	62.76	60.01	71.3	70.16	60.57	54.03	59.8
4.81	4.82	4.86	5.18	4.68	5.27	5.17	6.39
79.13	72.67	74.41	66.8	80.54	59.81	87.43	63.67
21.53	20.86	16.67	17.88	19.69	17.51	21.24	21.39
75.8	82.63	71.12	75.92	70.48	70.52	71.78	72.13
39.34	26.9	27.77	34.41	29.45	33.98	28.59	30.98
6.1	5.57	6.01	5.19	4.85	5.22	7.1	5.35
1.12	1.11	1.1	1.09	1.1	1.13	1.11	1.12
1.16	1.82	1.12	1.28	1.2	1.21	1.16	1.22
30.36	30.61	32.26	29.23	31.25	28.57	32.94	28.17
84.44	75.04	73.16	82.25	82.53	85.7	114.37	92.41
19.72	20.74	20.38	18.08	22.36	26.9	22.81	21.74
13.55	14.08	14.11	12.38	15.58	15.91	15.5	15.21
4.21	4.84	4.85	6.27	5.42	4.68	5.12	5.3
19.22	20.9	24.39	17.68	23.36	23.94	17.87	21.99
53.34	48.81	57.21	53.74	49.25	46.37	49.01	58.77
49.47	55.72	52.53	54.66	43.16	43.08	45.86	55.06
69.24	61.48	74.33	73.85	68.36	67.71	74.29	59.44
25.46	26.46	30.73	22.46	24.62	28.56	23.67	26.82
85.5	103.36	80.64	77.54	74.8	92.34	81.91	104.59
24.33	26.93	29.27	25.37	28.24	30.05	29.97	28.9
50.13	50.14	44.43	49.47	54.08	44.57	44.96	51.51
23.45	21.59	21.61	25.37	20.51	22.65	23.61	20.4
6.87	7.92	7.76	6.97	7.66	7.45	5.54	7.5
17.61	17.65	19.24	17.67	17.28	20.88	19.06	17.86
23.27	21.71	22.66	24.93	23.54	23.99	26.1	26.21
31.64	27.95	33.63	32.3	29.98	30.48	29.82	31.74
15.99	16.56	13.98	15.87	14.68	13.77	17.71	20.45
49.91	38.18	36.31	41.64	45.12	44.3	43.8	44.47
12.02	12.79	9.42	10.31	9.9	10.96	11.52	10.89
20.2	20.87	18.87	19.68	20.33	19.85	20.27	19.98
93.39	83.62	110.99	117.05	97.65	98.41	110.59	93.85
3.3	3.17	3.03	4.13	3.56	3.64	3.89	3.13
13.92	13.53	15.7	16.1	16.39	16.28	12.75	13.46
21.6	23.19	19.71	17.45	21.57	18.76	19.44	18.77
77.96	71.2	74.12	83	91.54	76.21	71.82	84.01
27.71	28.5	27.78	26.61	31.22	32.64	31.97	29.28
56.57	52.86	53.96	48.39	49.72	45.87	60.76	50.04
14.02	16.23	13.4	15.8	14.39	14.78	15.72	13.93
28.88	26.69	22.11	29.07	24.14	21.21	25.52	24.49
155.44	195.85	162.71	136.32	157.84	195.59	150.84	172.53
18.61	24.26	20.96	19.22	18.84	21.99	14.97	17.91
29.75	35.95	38.09	33.48	31.73	32.4	26.48	31.15
165.01	204.81	151.11	141.88	158.19	164.07	150.78	135.21
37.31	44.13	35.09	33.69	37.18	36.72	31.76	31.23
15.1	12.73	15.24	15.04	14.1	12.77	14.38	15.12
11.28	12.54	10.47	12.17	9.76	10.7	11.83	10.16
51.92	58.74	58.91	59.31	46.55	59.85	62.41	54.97
6.82	9.89	8.94	7.75	8.53	8.64	7.68	9.06
2.38	2.19	2.85	2.47	2.3	2.62	2.31	2.68
5.46	6.75	6.64	5.47	6.8	5.62	5.71	6.37
39.54	41.76	48.49	44.92	39.1	44.56	47.11	43.12
18.24	14.77	16.93	16.43	19.56	15.58	18.84	21.88
28.3	27.35	30.41	25.98	26.03	32.58	27.77	28.57
13.18	13.9	12.69	12.92	13.19	12.05	11.28	13.39
34.36	32.42	29.22	35.37	29.11	34.15	32.22	34.98
19.65	19.05	24.24	17.7	20.03	16.06	17.51	17.34
16.01	19.19	15.24	15.48	13.26	15.95	17.94	15.2
17.28	17.68	15.34	15.53	16.47	17.32	16.08	15.63
9.57	12.26	11.81	12.17	11.2	10.84	10.96	11.94
5.6	6.73	5.43	4.82	6.01	5.01	4.79	6.74
9.09	8.64	11.3	10.48	9.77	10.45	8.61	10.43
1.9	1.78	1.83	1.82	1.84	1.91	1.04	1.91
59.26	58.38	48.27	53.63	59.94	59.56	59.68	53.18
82.83	97.55	107.45	94.29	99.2	85.6	106.69	93.13
102.79	103.46	101.48	103.56	78.08	100.09	87.63	106.03
11.26	11.09	9.43	10.48	11.68	11.77	8.17	11.21
32.44	32.62	32.31	38.57	43.43	37.2	33.97	46.97
107.74	117.96	112.9	116	117.08	109.67	107.41	101.48
30.34	31.16	29.58	32.71	26.63	29.69	28.84	28.71
21.65	20.3	20.11	21.16	20.48	18.31	21.25	19.68
121.9	99.37	108.19	110.53	109.32	132.78	98.41	104.3
49.75	49.31	51.76	43.37	36.78	42.73	43.66	46.31
58.2	49.78	55.79	56.06	56.73	54.42	56.49	55.43
26.77	27.38	24.09	32.03	25.78	30.68	31.36	31.97
39.8	55.77	52.42	50.74	50.82	42.82	47.26	47.85
10.86	12.7	10.13	13.29	12.04	11.04	11.03	12.11
29.67	25.88	25.49	24.43	28.48	23.17	26.31	31.63
16.3	13.89	17.28	16.53	17.58	16.89	16.72	14.1
62.99	86.57	78.81	90.08	75.04	75.22	74.53	80.06
19.71	22.62	23.63	22.15	20.83	23.1	23.29	21.37
15.11	16.62	18.7	17.71	17.03	16.9	16.03	16.93
23.95	24.18	29.34	32.65	27.82	28.32	27.24	35.23
2.74	2.42	2.33	2.64	2.51	2.32	2.29	2.5
21.54	23.57	21.29	19.7	25.33	18.18	22.75	23.27
65.14	69.73	47.08	50.58	61.21	46.74	49.56	49.27
27.65	26.49	29.23	25.59	27.69	29.71	28.79	29.37
45.61	39.86	42.74	48.2	51.72	52.43	46.07	54.76
15.76	21.17	15.08	18.1	15.83	21.61	16.5	19.12
30.87	31.44	38.6	34.24	35.49	32.63	40.03	34.61
14.88	15.02	14	16.12	13.49	15.43	14.49	14.05
10.22	9.65	10.76	9.95	9.54	9.78	9.73	9.29
22.75	21.25	25.7	21.87	20.9	20.75	22.38	21.97
8.14	8.55	9.92	8.05	7.84	8.42	6.74	9.18
50.24	49.76	46.47	44.89	58.34	47.12	52	47.47
7	7.71	8.41	8.93	8.75	6.55	7.71	6.89
17.73	20.09	25.29	23.28	21.88	21.41	20.61	20.78
11.01	12.04	11.04	9.21	10.67	11.3	11.99	10.34
2.02	2.24	1.75	1.9	1.93	1.97	1.85	1.71
16.18	22.62	20.54	20.91	23.48	20.78	23.03	24.8
35.71	28.57	31.26	28.43	31.65	32.72	33.61	32.67
49.28	48.23	39.92	45.97	40.93	38.62	47.13	36.67
21.54	24.58	27.31	24.1	26.98	23.22	21.57	20.73
64.76	56.69	64.59	69.63	68.34	58.63	57.34	78.95
202.85	197.36	168.44	195.61	213.06	204.2	199.34	199.45
65.69	45.94	58.39	60.02	60.43	59.24	54.6	53.21
5.26	5.31	4.97	4.18	5.06	4.68	5.04	4.63
7.32	8.78	6.56	7.59	8.28	8.7	8.45	7.55
40.56	37.72	41.73	39.53	37.49	40.88	34.04	40.01
10.89	13.43	11.02	11.7	12.1	12.07	11.79	11.99
17.12	13.82	14.03	14.11	15.54	15.07	15.87	14.01
24.91	30.46	29.71	27.28	31.3	25.03	32.26	34.32
35.6	44.32	39.54	41.91	46.96	48.39	37.17	36.92
55.9	60.84	80.49	62.8	65.42	74.65	62.78	75.21
11.63	11.18	12.56	11.78	11.81	10.68	8.57	10.87
159.73	167.81	199.78	166.37	183.2	173.84	178.36	178
38.68	43.78	44.42	33.99	46.44	42.1	37.66	38.85
23.73	24.17	25.44	28.39	32.63	31.04	28.63	27.15
3.89	3.54	3.44	3.96	4.34	4.04	3.5	4.45
21.15	18.38	22.24	18.34	17.01	22.25	17.58	16.85
18.72	22.46	17.8	16.97	16.8	19.32	16.56	16.75
16.44	16.77	15.56	14.77	15.23	17.63	14.64	13.76
9.83	10.43	12.47	9.42	10.01	10.92	10.48	10.07
17.86	18.39	18.66	19.68	20.34	22.91	17.25	16.5
2.54	2.22	2.23	2.4	2.34	2.63	2.27	2.21
4.91	4.72	4.33	4.1	4.24	5.09	3.97	4.73
77.52	95.02	89.53	63.56	90.46	82.41	114.14	92.45
15.83	12.88	14.87	15.25	15.27	10.64	13.25	13.67
94.84	112.29	103.82	90.92	126.98	100.92	121.43	99.71
31.86	29.39	26.84	39.05	31.99	28.71	28.87	28.69
39.18	51.37	36.17	46	39.07	38.13	42.84	45.85
3.76	4.05	4.07	4.33	4.84	4.32	3.7	4.08
57.25	45.8	32.61	46.63	42.54	39.82	40.15	39.25
90.77	97.2	87.07	73.15	85.09	81.7	94.34	93.66
112.9	92.62	102.13	116.35	112.29	108.79	110.79	93.74
73.04	68.06	68.76	63.64	68.32	51.79	66.51	52.43
35.04	39.41	38.09	32.41	34.4	36.13	34.36	37.91
13.78	16.14	12.44	16.61	13.68	13.1	16.18	15.53
66.58	63.48	59.01	64.68	61.32	55.05	75.17	57.91
41.26	35.64	32.12	42.79	40.57	35.5	40.53	36.9
58.11	55.24	55.2	49.32	56.05	54.18	61.55	55.25
14.07	15.09	16.1	14.53	16.01	15.49	16.34	12.53
20.93	20.74	14.53	18.87	18.37	18.4	18.79	19.41
14.95	12.83	11.28	13.4	13.08	11.76	13.63	12.96
17.52	20.62	18.09	17.23	19.33	17.14	17.09	16.36
24.52	20.35	26.97	21.18	21.15	20.1	21.59	24.4
7.89	6.93	9.83	8.14	9.71	7.37	8.55	9.08
11.48	11.41	13.38	14.32	11.89	11.1	12.2	14.64
9.55	7.22	9.63	10.53	8	9.56	10.2	9.58
10.58	10.66	10.19	11.81	12.07	9.79	13.2	9.94
30.04	28.62	35.06	33.22	31.08	32.52	29.19	27.62
18.19	21.56	17.93	19.08	18.01	15.26	23.31	20.91
40.45	37.39	42.5	38.68	46.04	53.32	47.88	43.55
11.59	10.29	10.51	10.66	11.19	9.66	11.41	9.31
10.98	10.45	13.12	12.56	14.12	14.33	10.87	15.13
17.15	19.41	16.34	22.81	18.35	20.38	18.65	19.98
16.54	16.72	19.63	16.41	17.59	16.66	19.53	18.47
35.71	35.98	35.56	32.43	38.29	27.28	37.43	41.46
112.88	141.61	121.82	136.57	103.22	137.92	151.08	122.03
56.09	62.6	55.7	50.63	59.51	57.35	59.3	53.47
14.45	11.85	13.16	11.84	12.92	12.35	13.43	13.23
19.19	20.96	23.07	24.26	21.03	18.57	20.07	21.07
6.83	5.58	5.86	6.6	6.25	5.7	5.88	5.86
9.49	9.77	9.77	10.7	8.55	12.79	9.96	9.05
72.7	67.52	72.23	60	77.66	65.05	78.01	74.8
71.66	61.34	69.76	65.48	72.8	56.95	63.75	67.23
4.95	4.2	5.34	4.46	4.02	4.39	4.37	5.76
5.38	6.15	6.58	7.49	6.94	5.6	6.31	5.69
37.24	39.34	36.29	41.69	37.92	34.49	31.42	39.38
1.79	1.99	1.76	1.9	1.91	1.08	1.93	1.86
17.04	16.2	17.16	19.4	19.61	17.76	20.58	16.75
46.45	42.2	47.13	40.46	39.99	45.36	39.09	39.81
23.42	18.84	18.51	16.97	17.05	19.85	19.43	18.68
21.68	14.34	15.36	18.04	15.67	16.9	14.88	17.07
55.12	59.68	58.39	64.61	50.09	51.63	61.72	45.45
15.63	20.7	22.87	19.12	19.99	23.7	21.66	19.67
12.55	10.59	10.96	9.69	9.86	11.5	10.85	12.07
45.5	53.79	46.6	42.46	55.45	47.24	54.91	41.16
10.82	12.19	12.67	13.9	10.43	11.29	12	11.85
22.27	19.06	25.55	19.72	25.17	21.34	23.87	23.64
34.16	48.59	30.87	34.22	32.86	36.98	28.58	37.64
15.98	22.48	22.26	24.52	19.49	20.44	21.43	18.49
1.85	1.03	1.87	1.97	1.01	1.93	1.11	1.9
5.32	7.12	5.2	7.11	7.08	6.07	7.98	5.36
6.39	8.03	7.12	8.25	6.6	7.25	7.92	6.99
2.9	3	2.75	2.67	3.47	2.5	2.52	2.73
25.65	24.05	22.35	29.74	27.2	22.07	30.16	29.32
8.7	7.23	7.15	8.19	9.09	7.99	7.99	8.85
41.44	36.03	32.64	42.54	40.54	34.97	40.12	37.27
16.44	14.33	16.44	15.01	14.38	16	13.69	15.64
12.06	18.37	15.84	18.97	16.09	17.62	19.17	17.48
21.43	25.26	23.67	26.84	19.38	20.58	23.38	22.06
51.33	47.33	50.64	44.26	49.18	53.18	51.55	48.58
1.59	1.83	1.94	1.98	1.74	1.4	2.19	1.46
50.21	56.29	53.67	60.69	54.54	52.09	56.25	48.48
33.04	29.52	27.92	31.37	24.05	31.12	29.92	32.37
1.08	1.22	1.16	1.13	1.09	1.27	1.18	1.1
16.76	17.93	18.07	21.52	16.21	15.71	15.78	17.14
29.82	25.4	27.36	33.92	23.98	25.64	29.8	22.02
53.15	40.65	47.17	51.11	45.82	48.41	48.14	48.51
3.08	3.39	2.78	3.92	3.24	3.95	3.84	3.05
32.76	39.68	34.11	32.95	37.72	33.76	35.56	39.97
39.93	42.25	53.32	55.36	49.21	44.66	52.37	46.88
19.11	19.19	24.78	18.88	18.29	20.27	20.22	19.01
134.69	160.49	117.62	129.34	119.96	131.47	149.01	123.75
51.64	57.17	59.03	54.67	45.35	59.76	56.74	57.18
14.66	14.07	12.1	14.36	14.59	14.61	12.08	9.86
46.13	40.31	42.91	44.11	40.57	39.56	40.1	47.89
46.3	55.6	46.8	42.38	59.25	49.71	47.62	49.19
36.04	31.07	32.82	35.62	33.95	30.17	33.64	32.29
1.75	1.35	1.66	1.65	1.21	1.77	1.58	1.47
19.29	20.63	18.08	19.37	18.04	21.37	17.86	20.7
4.9	5.59	5.56	6.14	4.36	5.36	5.55	4.78
42.88	53.01	42.46	52.29	38.53	46.95	46.28	49.17
38.88	33.71	36.45	40.11	41.55	38.77	34.84	34.5
19.67	19.68	18.05	18.54	18.38	18.83	19.22	18.48
84.89	86.38	109.17	88.13	79.25	80.74	89.8	96.59
10.25	10.81	10.9	8.65	13.08	9.68	10.23	9.22
1.67	1.56	1.46	1.38	1.46	1.43	1.38	1.36
19.46	22.07	21.78	18.14	22.7	16.14	17.87	18.93
1.26	1.71	1.44	1.59	1.63	1.71	1.69	1.47
112.34	109.16	103.81	91.91	92.17	101.3	80.12	93.19
6.43	6.6	5.01	5.22	5.86	5.43	7.21	6.08
16.21	16.06	21.56	18.13	16.65	17.01	18.07	19.74
1.68	1.31	1.37	1.55	1.67	1.42	1.49	1.54
49.54	53.28	49.8	48.19	46.21	34.53	49.37	52.36
6.02	5.89	5.68	6.12	6.1	5.93	6.53	5.58
29.05	25.52	28.3	31.45	30.82	32.06	31.21	27.86
8.38	8.97	7.54	8.97	7.71	7.93	7.8	8.83
22.57	20.53	24.15	22.05	20.88	15.42	19.96	17.26
3.18	3.37	3.4	4	3.59	3.46	3.74	2.69
10.66	12.81	11.08	11.17	12.6	10.62	12.18	11.77
10.72	10.66	10.51	15.43	11.65	12.1	12.56	11.35
124.04	113.85	117.28	117.8	121.48	116.35	139.18	137.46
26.33	29.21	26.01	25.52	24.18	25.17	25.26	26.97
25.39	22.79	19.02	23.02	18.8	20.41	20.19	21.6
2.14	1.97	2.08	1.87	1.94	1.86	2.03	1.71
33.64	40	40.57	34.3	35.05	31.2	30.59	38.89
75.6	74.3	72.96	69.3	66.6	61.74	68.57	76.07
40.87	46.41	41.28	37.08	44.1	45.64	34.5	45.42
30.38	28.5	28.92	31.09	28.52	28.78	29.42	26.3
49.51	53	52.34	43.38	38.64	41.06	40.32	47.51
1.43	1.48	1.46	1.44	1.51	1.44	1.5	1.43
27.47	28.23	30.76	31.34	30.08	33.47	27.87	32.42
3.14	3.32	3.58	3.42	3.56	3.1	2.86	3.8
21.24	17.8	24.9	22.5	21.87	17.29	17.75	20.92
11.21	12.11	9.86	10.38	12.86	12.77	10.7	11.33
20.06	24.73	16.92	23.09	19.11	21.69	17.76	21.75
5.04	4.64	4.73	5.76	4.44	6.01	5.78	5.48
5.04	4.19	4.86	5.08	4.73	4.41	5.38	5.06
107.86	87.22	82.16	106.47	84.49	85.77	80.53	79.56
15.77	15.3	14.62	13.15	17.11	14.53	13.42	14.38
1.93	1.7	1.7	1.57	1.68	1.58	1.54	1.66
11.59	11.45	10.69	11.35	9.11	9.16	11.96	10.34
13.35	13.76	13.19	12.74	11.3	14.57	11.58	12.36
24.56	29.96	27.01	27.72	28.86	25.01	27.5	27.44
4.11	4.39	4.68	4.37	4.82	4.72	5.05	4.74
40.99	36.71	44.83	46.71	39.67	43.83	36.16	34.98
18.87	21.73	15.65	17.89	16.62	18.63	16.75	17
35.16	44.93	36.21	45.83	40.46	42.15	44.25	36.85
99.85	105.12	90.52	97.75	72.36	76.5	85.07	89.38
3.76	4.37	3.4	4.14	4	3.43	4.57	3.73
1.91	2.04	2.2	2.27	1.96	2.13	2.3	2.28
8.79	9.32	8.28	8.49	9.24	9.25	10.42	9.02
40.47	48.34	44.41	55.12	44.22	56.22	38.45	52.65
9.17	9.85	10.12	9.81	10.1	9.21	10.16	9.98
129.25	122.54	143.42	113.41	118.18	124.05	119.57	126.62
64.16	68.38	58.44	58.48	64.29	52.89	70.25	66.96
1.13	1.32	1.25	1.55	1.25	1.4	1.25	1.22
4.52	6.03	5.42	5.14	5.39	4.93	7.06	5.48
12.29	11.36	12.84	10.77	12.07	10.51	13.3	10.41
18.19	16.87	15.47	16.09	16.12	20.31	19.96	15.94
22.39	26.54	24.21	24.81	21.82	27.45	27.24	25.41
21.12	24.38	21.44	21.97	22.89	20.51	26.4	20.57
88.59	91.91	90.14	82.62	80.19	75.78	73.44	83.13
45.81	45.37	43.48	36.34	37.43	40.65	39.77	40.55
16.69	23.95	19	20.02	22.08	21.64	19.82	24.22
18.53	22.33	19.46	19.67	16.23	16.94	24.47	17.05
12.59	11.09	13.81	10.14	11.43	14.87	12.94	12.93
49.2	48.45	49.73	51.05	57.56	62.84	49.12	42.31
5.51	5.56	5.33	5.52	5.63	5.8	4.88	5.46
49.85	48.95	56.01	49.3	39.54	42.85	48.19	50.7
13.08	16.78	14.82	18.85	21.12	15.23	15.12	12.44
24.32	21.92	20.38	24.96	21.16	18.9	18.61	20.41
17.4	13.34	15.4	15.26	13.25	14.05	17.36	18.67
12.92	14.48	15.27	12.17	12.13	13.41	13.7	13.07
13.78	12.7	10.95	12.56	10.93	14.67	12.75	13.7
13.9	15.6	13.39	15.06	11.89	16.57	13.33	12.47
38.81	49.87	37.72	46.09	49.18	50.77	43.63	41.52
30.22	30.75	29.88	32.66	31.19	32.29	31.05	29.35
13.68	14.56	12.35	12.38	13.27	12.82	14.07	13.2
29.26	23.56	27.78	23.62	19.57	30.28	25.23	26.73
57.36	57.7	67.7	58.73	56.62	54.65	60.51	59.09
8.69	8.68	8.22	9.49	9.3	8.38	10.15	8.34
59.64	46.22	59.57	54.07	56.25	62.61	63.02	53.07
3.71	4.57	4.29	4.29	3.86	4.62	4.73	4.22
47.06	55.57	48.85	53.46	54.23	57.28	54.46	54.13
10.97	9.55	9.85	11.12	10.64	9.07	9.11	8.43
42.51	41.93	41.65	40.94	46.8	43.64	49.17	45.2
8.09	8.55	8.5	8.48	10.49	7.39	8.82	8.99
5.89	5.43	6.32	6.43	7.09	6.36	6.35	6.48
19.13	19.06	16.02	17.57	16.74	17.97	19.22	17.18
40.6	48.3	37.41	42.87	46.76	44.51	42.27	46.11
20.77	22.84	24.78	26.15	21.09	22.52	24.48	23.65
38.59	51.11	38.7	37.72	45.09	40.06	44.45	43.33
14.26	14.33	17.25	13.87	16.01	12.85	15.61	15.55
3.44	3.11	2.95	2.48	2.55	3.16	2.71	2.36
9.53	9.28	9.45	8.96	11.04	9.88	9.09	10.3
3.9	3.73	3.75	3.14	3.7	3.59	2.66	3.55
58.18	49.57	53.92	53.96	64.92	57.32	53.72	52.17
16.91	15.39	18.8	16.92	17.39	20	16.66	16.58
7.67	6.99	6.9	7.02	7.25	6.08	7.23	9.14
19.34	19.28	18.25	19.67	17.06	17.89	18.65	17.48
17.42	20.35	15.94	21.88	17.36	19.6	17.16	18.84
114.57	126.99	129.08	118.36	119.58	140.29	107.31	113.07
4.84	4.88	5.68	5.01	5.62	5.13	5.79	4.83
28.91	21.62	25.79	21.47	26.08	25.36	21.87	20.96
31.16	42.59	29.42	34	35.74	36.06	30.59	27.16
24.35	24.86	26.8	26.32	30.14	29.45	25.37	24.11
44.28	40.86	45.37	51.89	47.59	42.5	40.54	48.73
55.24	51.69	60.38	50.5	54.74	54.81	45.77	59.01
12.48	11.42	11.51	11.69	9.98	15.26	11.95	12.31
30.44	30.96	28.35	23.89	29.17	28.18	31.44	32.96
10.43	6.56	7.99	8.57	6.91	10.99	7.22	8.17
29.73	28.29	23.75	32.85	24.62	26.23	22.08	24.21
29.3	28.44	28.57	29.81	24.05	29.67	29.6	23.25
6.37	7.12	7.66	7.64	6.47	7.06	6.74	6.01
41.69	29.76	39.75	39.21	37.87	33.72	36.84	32.13
10.84	9.66	9.56	10.8	10.37	8.89	11.6	8.6
55.83	53.67	59.1	48.65	54.78	47.12	48.93	53.79
6.38	6.38	6.54	7.2	5.71	6.91	5.68	6.54
6.68	7.82	6.74	6.86	7.28	6.77	6.81	6.91
1.39	1.27	1.46	1.1	1.19	1.13	1.1	1.27
2.37	2.9	2.31	2.49	2.88	2.57	2.58	2.64
44.77	43.98	41.86	39.21	43.04	40.07	41.77	45.05
25.44	25.29	25.78	29.43	25.74	22.35	24.11	21.99
4.26	3.17	4.03	4.5	3.79	4	3.93	4.55
13.18	11.85	9.86	10.48	13.41	12.44	12.75	10.9
25.54	28.49	25.53	21.48	18.79	21.36	22.72	28.75
22.04	20.26	19.62	19.49	19.74	15.41	22.51	21.12
25	29.37	27.8	26.72	25.98	30.42	24.8	31.48
76.36	75.53	79.31	77.21	72.28	94.68	70.49	77.25
81.8	85.02	78.12	85.62	77.02	73.87	60.95	69.75
8.95	8.48	8.3	7.7	7.56	7.98	8.95	8.01
51.82	65.19	61.54	57.63	54.9	44.72	54.29	53.04
13.6	13.74	13.06	13.9	14.24	11.33	11.96	12.17
67.89	68.8	65.76	70.63	78.23	67.18	69.37	86.38
14.85	14.38	13.69	12.61	14.36	13.45	15.33	13.92
29.29	28.34	34.31	35.26	27.47	30.2	30.09	31.07
34.48	48.08	47.15	58.48	50.85	43.77	55.18	42.88
31.97	42.36	33.4	34.36	34.61	35.78	33.84	30.5
5.96	6.07	6	5.96	6.69	6.33	5.67	7.11
1	1.9	1.93	1.87	1.04	1.84	1.89	1.87
36.39	38.2	38.1	37.62	35.49	41.16	27.74	36.34
6.87	5.92	6.94	7.58	5.36	5.15	5.63	6.19
25.03	17.76	20.21	17.83	20.92	17.73	17.32	18.76
39.43	35.76	32.42	38.24	35.24	31.89	33.32	39.33
61.26	55.61	58.79	63.33	53.34	53.48	69.45	57.86
79.67	74.32	79.69	73.39	79.54	78.31	80.24	64.55
23.55	19.94	18.79	18.92	26.97	19.42	19.49	23.48
10.21	10.89	10.33	9.08	10.04	9.94	11.09	8.43
13.64	13	11.64	14.53	13.38	12.47	13.21	11.62
50.47	44.84	47.39	39.88	40.23	49.37	48.75	43.96
52.27	57.63	54.34	51.01	49.16	54.39	51.25	61.44
19.92	23.6	23	19.86	23.45	21.07	21.46	22.51
28.67	42.6	36.04	36.42	32.18	32.91	31.29	29.78
25.1	29.61	24.55	31.23	35.62	30.82	27.77	22.87
2.36	2.45	2.19	1.93	1.99	2.38	2.05	2.33
43.75	51.84	52.12	48.05	53.89	49.02	52.12	48.44
3.93	3.85	4.5	3.91	4.34	3.74	4.18	4.43
88.82	67.51	64.03	74.86	70.22	60.23	67.07	71.43
19.11	24.81	20.12	24.18	24.04	22.44	22.59	19.61
21.42	24.93	19.94	24.21	22.44	25.34	24.03	27.52
4.92	4.82	4.31	4.41	4.9	4.19	3.87	4.19
36.05	27.43	32.18	29.47	27.24	29.59	31.23	30.84
58.44	59.03	61.94	61.66	66.05	57.8	60.3	61.96
50.2	38.64	42.31	40.89	42.93	40.69	38.67	40.58
69.02	64.61	72.43	63.66	66.61	60.22	63.42	75.16
28.78	25.77	27.83	23.75	30.97	30.23	31.24	27.24
1.91	1.89	1.88	1.73	1.88	1.89	1.82	1.94
3.27	3.22	3.41	3.58	4.08	3.72	3.69	3.85
21.52	19.39	20.1	24.54	23.17	19.71	20.64	19.6
27.77	34.57	32.19	31.38	33.28	26.91	31.83	27
30.07	26.95	24.36	29.33	27.99	30.85	34.55	27.52
30.5	34.15	29.71	32.31	30.93	27.02	29.28	28.03
6.08	6.07	6.21	6.29	6.89	7.23	5.84	5.31
21.23	21.13	19.51	21.72	20.61	20.38	23.04	18.4
21.15	16.66	15.33	17.47	15.95	18.29	16.81	21.04
123.48	112.31	118.24	108.11	97.73	118.84	103.34	111.38
39.69	45.97	35.46	42.66	32.92	34.06	42.63	32.53
13.04	15.14	16.53	12.11	16.42	13.76	17.9	13.71
7.19	6.7	6.85	6.76	7.61	5.95	7.08	6.28
12.58	13.7	12.17	12.01	15.09	16.27	10.52	12.08
17.75	17.27	19.07	20.19	20	20.7	21.29	22.97
40.07	54.99	43.57	45.21	45.41	39.67	48.11	55.51
25.4	33.39	26.86	30.47	29.89	30.72	31.52	31.62
26.02	23.92	23.62	29.84	23.85	25.89	23.03	22.6
1.67	1.58	2.24	2.09	1.83	1.59	1.55	1.81
57.25	77.52	63.79	66.04	73.97	48.26	60.3	68.53
28.57	27.42	24.3	30.24	22.89	32.12	25.97	28.59
46.9	44.89	44.71	45.07	44.51	48.73	38.92	43.52
26.98	23.13	26.22	22.28	29.51	26.91	26.51	23.4
89.29	90.87	87.9	76.06	83.86	97.27	66.46	73.54
91.29	102.65	102.73	117.86	84.15	103.46	88.22	71.64
13.32	14.16	13.66	15.22	16.95	14.36	15.63	14.14
55.16	45.72	53.98	58.69	50.45	47.88	47.32	58.44
24.23	22.74	21.04	23.87	19.53	18.97	24.66	24.6
95.82	103.08	95.09	101.66	103.5	131.21	112.14	92.57
21.73	23.21	17.61	18.05	23.72	20.03	19.37	17.49
29.98	36.35	29.77	35.83	37.67	34.62	36.33	36.65
35.98	29.61	31.29	27.66	34.01	31.58	29.36	28.02
18.81	15.54	16.9	13.54	16.83	15.05	15.82	16.65
48.07	51.14	47.37	46.42	50.62	46.77	53.78	48.7
5.52	6.15	6.03	5.8	6.21	4.96	5.62	6.02
10.19	9.4	9.09	9.74	10.36	12.32	11.43	11.05
50.48	49.01	41.84	44.77	48.8	41.4	45.43	54.38
33.78	31.97	46.45	35.84	35.72	35.88	40.42	36.67
7.67	7.55	6.4	6.17	7.81	6.92	5.16	7.51
25.38	19.85	23.28	23.4	23.75	24.99	24.52	22.56
30.5	29.73	33.27	31.45	26.29	29.88	30.58	28.17
45.06	53.4	38.19	38.7	56.03	46.35	46.02	52.29
35.59	29.87	32.89	29.38	35	29.05	35.67	34.37
3.24	4.44	4.37	4.41	4.56	4.1	4.33	4.22
34.29	34.18	27.71	29.13	30.39	34.38	28.44	32.83
42.18	38.39	43.17	38.58	33.55	41.66	46.61	40.12
9.43	9.61	9.69	9.36	9.96	8.07	11.87	10.81
81.3	66.24	84.28	71.37	74.88	75.61	60.59	64.87
8.2	7.99	7.41	7.27	7.07	7.16	7.11	6.45
31.89	38.74	40.46	36.43	41.15	34.54	33.82	36.52
32.85	29.13	36.26	30.79	31.28	36.78	34.89	29.11
16.19	14.02	15.17	16.47	13.64	15.53	16.27	17.16
25.44	24.18	19.7	22.39	20.95	19.2	26.74	23.23
22.11	22.32	21.41	23.14	24.65	21.47	26.66	18.46
38.49	35.77	38.86	33.44	34.89	42.29	48.3	41.93
3.72	4.35	3.72	4.24	3.87	3.59	4.52	4.78
26.76	31.46	31.58	29.8	28.86	27.53	29.87	33.51
27.83	24.94	30.16	24.14	22.84	27.1	26.83	23.19
51.79	57.6	62.26	56.46	51.28	50.89	54.81	42.7
5.52	5.47	6.31	5.1	5.18	4.93	5.6	4.57
17.07	18.55	22.94	22.18	14.52	18.44	18	19.89
6.62	7	7.92	7.31	8.77	7.65	7.81	8.85
32.17	35.44	27.58	38.79	31.6	31.45	38.4	34.21
65.1	79	56.52	62.41	49.2	65.19	57.2	60.34
13.59	15.38	10.92	15.64	10.95	12.68	13.83	9.98
144.63	115.53	113.53	106.14	125.64	127.97	135.01	121.72
12.87	14.52	13.06	12.73	11.17	12.78	11.87	13.64
8.07	10.78	9.51	10.24	9.49	9.57	9.03	9.24
26.03	24.33	29.33	21.34	32.67	27.54	30.49	29.65
34.42	38.66	28.79	30.46	30.79	37.57	30.73	30.23
30.48	34.46	30.06	29.78	36.12	26.25	32.45	28.18
18.3	20.54	19.77	18.27	20.27	20.43	23.04	19.25
38.2	35.22	32.4	34.97	26.68	26.26	30.33	34.86
1.23	1.21	1.18	1.22	1.21	1.21	1.23	1.25
22.16	19.63	21.42	21.77	19.99	23.55	22.67	22.87
107.39	86.65	115.39	110.92	119.27	106.13	100.46	105.75
26.79	28.81	28.12	29.78	23.89	27.68	28.13	31.54
68.51	54.56	53.95	62.74	54.68	61.16	68.92	57.22
27.89	26.54	24.58	28.89	26.95	20.68	27.97	26.63
6.04	6.34	5.37	6.15	4.75	5.64	5.49	5.01
18.61	15.84	17.53	18.18	16.19	20.2	17.35	16.93
5.46	4.8	6.53	4.99	6.12	5.91	5.84	7.24
14.77	14.29	14.15	17.9	14.98	14.09	16.98	14.82
81.9	93.32	86.35	81.36	96.91	79.82	80.06	80.19
5.4	6.91	5.05	6.08	5.76	6.96	5.62	5.75
60.38	68.19	70.15	75	59.78	73.11	70.85	66.72
12.06	11.02	11.95	11.01	10.17	12.66	12.27	12.43
58.29	64.14	67.9	66.23	53.76	62.58	65.48	60.12
37.65	46.59	42.96	35.19	41.03	33.97	38.81	41.74
26.13	22.71	25.18	27.32	27.47	28.08	26.72	25.84
54.43	59.66	60.06	55.19	51.19	45.22	59.09	70.35
22.05	20.41	21.64	25.65	16.87	20.16	22.24	20.58
8.37	7.94	7.67	10.37	7.84	8.65	7.6	7.68
34.31	31.73	39.3	31.44	32.5	38.95	28.04	34.27
2.87	2.32	2.59	2.49	2.69	2.22	2.67	2.59
51.18	56.55	39.84	49.02	44.15	44.65	45.91	51.23
22	20.26	25.5	21.57	27.97	20.46	21.91	22.51
36.82	39.3	41.86	36.47	44.27	49.56	41.97	45.32
22.17	27.13	30.37	27.99	24.52	22.41	26.14	23.12
21.55	22.81	22.52	27.66	25.4	20.31	25.41	21.84
1.59	1.79	1.47	1.36	1.67	1.47	1.43	1.4
130.05	123.84	124.84	118.16	116.34	118.54	108.9	134.32
36.04	44.39	40.34	46.89	52.36	33.46	44.25	48.3
77.11	73.96	78.76	76.77	97.97	78.82	74.18	98.54
5.16	5.86	7.08	6.06	5.66	6.25	5.52	6.76
2.44	2.28	2.39	2.11	2.23	2.47	2.48	2.78
55.53	57.48	58.1	63.27	53.85	50.6	49.77	63.09
12.43	14.32	12.24	11.44	14.05	14.75	12	11.83
17.62	22.45	23.86	28.31	23.3	20.87	17.24	20.19
2.18	2.04	2.31	2.57	2.03	1.94	2.32	2.03
8.21	7.6	7.09	6.64	8.59	8.17	7.6	7.14
26.46	25.7	28.02	30.23	31.35	31.18	31.57	27.4
50.27	43.48	41.21	36.77	35.95	35.6	42.56	40.74
4.97	5.4	5.14	5.61	5.82	5.93	4.81	6.45
