3.02	3.58	3.5	3.34	3.55	3.43	3.43	3.38
5.79	7.63	7.07	6.02	6.93	6.62	5.55	5.8
77.42	69.66	84.25	79.33	82.02	78.81	79.6	71.72
6.17	6.84	5.99	6.45	5.99	5.51	4.83	6.28
7.83	6.98	7.01	7.57	6.85	7	6.49	7.2
67.63	57	67.49	68.34	53.43	70.99	63.81	76.86
31.73	38.16	26.2	29.64	35.45	29.99	25.21	24.97
38.58	37.65	32.68	37.02	36.29	41.58	35.2	39.99
47.56	52.94	45.42	48.61	46.67	54.84	50.37	67.15
93.97	96.89	99.8	70.49	95.68	72.68	95.54	108.22
6.6	5.02	4.43	4.97	5.67	4.63	7.07	5.25
34.7	43.86	33.13	36.63	31.74	43.3	31.73	36.96
58.45	87.72	75.75	76.57	60.96	82.05	68.18	81.41
40.77	36.02	33.59	32.82	27.61	35.05	39.27	41.08
40.25	42.8	51.76	43.18	39.35	37.35	52.77	42.65
12.53	12.55	13.57	12.32	11.66	12.46	11.85	12.79
48.01	44.21	52.28	43.69	53.17	49.74	55.31	53.76
7.37	9.39	9.97	9.64	9.06	8.15	8.84	9.95
57.8	60.99	54.71	55.77	53.6	56.91	55.06	58.57
3.75	4.26	4.94	5.18	4.58	4.26	4.35	4.3
16.4	14.64	13.41	18.95	15.4	17.45	19.15	16.95
12.56	13.19	12.65	12.22	14.36	10.7	13.01	14.12
16.75	14.12	13.76	15.7	12	15.55	14.8	11.24
18.04	18.03	21.56	22	23.46	20.6	21.74	20.6
56.45	64.44	57.31	48.46	59.67	57.55	64.46	65.49
29.86	29.12	29.96	27.73	31.55	27.76	33.63	30.63
33.79	31.24	32.34	34.55	27.57	32.1	29.91	32.76
12.79	14.27	13.55	12.03	14.21	15.33	13.9	16.24
76.23	78.53	76.61	89.3	84.03	82.95	86.19	66.28
36.29	38.2	35.2	32.51	35.01	40.29	39.2	39.86
11.53	10.68	11.58	10.89	10.29	10.26	10.87	11.43
69.72	67.68	62.02	68.09	68.59	58.88	64.2	70.26
44.82	49.98	42.31	44.45	45.06	42.82	49.41	50.76
40.22	44.41	43.97	36.84	48.55	43.05	36.18	42.94
11.09	10.6	8.98	9.76	12.2	11.13	8.6	11.48
57.31	54.97	49.7	55.93	60.11	58.67	50.64	58.89
19.05	18.91	20.77	17.8	21.41	17.97	17.49	20.22
26.81	25.86	25.49	22.89	30.1	31.15	32.62	30.13
13.26	16.69	14.22	13.93	15.09	11.96	17.53	14.54
71.61	78.97	63.9	72.12	78.6	67.55	68.87	73.71
14.38	12.23	10.3	12.23	11.09	10.54	12.48	11.67
96.4	92.95	100.32	94.75	92.64	96.46	86.61	83.57
6.23	6.73	6.96	5.79	6.58	6.26	5.96	5.87
14.11	14.62	13.29	15.86	14.27	15.51	17.76	11.47
18.69	17.18	19.18	16.85	20.34	16.74	22.22	19.97
18.79	18.67	17.03	15.92	15.75	15.04	18.64	13.71
17.49	20.3	21.72	24.05	22.39	17.14	23.32	23.66
2.72	2.54	2.55	2.11	2.72	2.62	2.42	2.36
20.3	21.56	19.8	18.21	18.39	21.53	19.98	19.33
34.48	27.75	29.51	37.91	33.67	30.87	28.88	28.59
28.37	26.9	25.65	31.7	30.92	26.91	39.3	27.98
64.69	60.96	73.04	83.72	68.33	75.41	66.47	68.23
48.25	44.79	55.19	48.24	52.74	44.93	49.62	50.83
66.54	59.95	58.35	60.26	56.89	53.12	51.66	54.8
47.17	57.91	51	50.56	45.92	50.76	47.78	51.25
28.22	19.55	26.35	28.31	25.45	27.69	22.76	27.58
5.36	5.81	6.01	6.66	6.32	8.01	6.38	8
63.59	56.3	49.38	57.57	55.51	55.12	64.33	53.16
26.32	19.49	19.7	17.27	19.88	18.13	18.45	22.83
41.35	45.4	51.75	54.42	49.2	50.58	46.92	42.79
16.69	21.88	18.93	19.35	19.68	18.13	19.65	20.62
5.56	5.63	5.27	5.32	6.61	5.78	5.65	4.98
53.01	48.26	51.21	47.71	51.05	60.91	61.74	55.1
74.46	81.75	78.94	82.26	78.61	90.34	82.93	95.14
1.29	1.32	1.24	1.28	1.36	1.15	1.1	1.58
7.82	6.43	6.43	7.85	6.01	7.16	5.65	7.23
9.51	9.57	8.69	8.16	8.92	6.89	8.27	10.74
116.24	94.37	101.17	100.1	111.23	108.15	128.75	110.89
21.09	23.4	26.21	20.49	26.95	25.48	25.82	23.66
11.16	11.77	14.51	13.85	13.01	13.74	12.36	12.73
32.92	35.43	34.5	34.49	34.71	32.07	37.92	33.12
14.4	17.7	15.41	16.44	15.35	15.12	16.93	17.99
16.99	19.71	18.66	19.63	20.17	21.05	20.41	18.53
21.23	20.69	18.1	18.51	18.66	16.78	17.73	21.04
29.79	29.15	24.18	26.43	33.15	24.94	29.14	28.68
11.14	11.56	12.87	12.63	12.01	14.72	13.12	11.87
50.24	48.22	55.11	54.03	51.16	47.28	47.68	42.47
73.3	88.97	87.85	86.37	87.01	84.74	70.6	89.19
59.6	39.36	45.09	48.06	44.95	35.29	52.4	46.74
13.76	13.72	13.06	13.91	11.54	12.96	13.88	14.62
21.07	20.84	24.6	24.63	23.95	22.17	25.18	18.58
4.65	5.22	4.6	4.93	4.98	3.98	4.51	4.76
2.71	3.06	2.44	2.61	2.73	2.44	2.78	2.55
100.7	97.36	77.71	87.3	93.33	90.79	104.14	106.52
31	32.6	32.07	30.07	31.46	27.37	33.1	31.56
15.14	14.72	18.14	13.2	13.98	14.55	12.94	13.65
6.61	7.3	6.64	7.1	7.96	7.49	6.92	8.82
64.73	50.32	60.82	65.65	58.46	62.65	56.1	58.97
22.67	24.24	25.05	18	23.82	25.49	26.11	22.23
111.67	102.14	101.82	110.7	86.16	104.58	97.09	109.9
36.96	39.52	34.37	40.6	46.92	32.09	35.19	35.15
42.68	41.87	52.88	44.62	49.11	51.06	47.42	42.18
14.34	15.99	16.08	13.47	14.63	16.15	13.16	15.57
21.75	23.62	18.09	25.86	25.44	24.92	24.81	23.57
26.24	31.28	28.93	29.49	31.4	26.56	30.96	32.93
75.64	79.93	69.32	101.91	97.15	70.11	79.62	75.2
34.19	36.82	33.29	35.15	36.23	33.55	34.87	35.48
22.25	20.26	20.22	20.36	24.75	23.89	24.36	24.43
10.38	9.52	10.58	11.47	10.92	12.84	10.52	10.69
36.3	31.46	26.6	34.29	29.62	30.17	32.83	32.73
16.86	21.2	17.2	19.11	20.18	15.73	20.7	16.5
1.38	1.51	1.43	1.52	1.46	1.38	1.48	1.46
22.63	26.41	22.69	23.3	23.37	24.43	22.83	26.37
9.21	9.83	9.71	8.53	10.73	9.04	8.95	10.22
42.48	39.32	37.16	39.82	36.71	42.2	36.71	41.47
13.02	12.97	12.46	13.38	15.39	14.69	15.12	14.28
22.78	26.43	23.1	29.24	24.32	24.94	26.64	26.11
60.69	51.42	52.63	56.97	50.21	54.69	60.46	48.73
13.43	13.09	12.59	13.08	13.02	12.61	13.7	13.12
8.35	8.26	6.92	6.83	7.2	8.73	7.24	6.4
19.86	18.72	18.7	24.57	18.48	20.5	23.49	22.85
5.42	4.71	5.24	6.34	5.1	4.9	4.11	6.11
45.88	45.01	48.33	44.49	38.72	44.56	44.76	43.79
4.24	4.29	4.04	3.49	3.88	3.47	3.63	3.81
20.87	18.54	22.02	23.28	19.71	24.65	22.8	17.62
1.1	1.23	1.31	1.19	1.2	1.35	1.09	1.07
17.64	18.5	20.57	20.03	18.49	15.37	16.19	19.97
58.31	61.08	53.59	64.52	55.68	51.62	52.89	72.71
45.21	49.31	41.06	49.19	49.9	37.14	44	43.8
20.06	19.39	21.5	17.17	16.27	18.83	18.16	17.9
2.68	2.79	2.66	2	2.11	2.15	2.39	2.22
27.73	27.39	25.44	30.48	33.78	26.94	32.76	28.69
5.36	5.39	4.88	4.86	5.26	5.39	5.16	5.73
24.63	30.47	22.99	26.78	25.6	24.97	27.22	27.78
22.86	23.82	26.45	26	26.25	23.6	22.99	23.68
95.63	90.32	98.12	103.94	90.58	94.87	86.95	96.1
29.82	32.6	29.87	40.13	34.32	31.23	34.93	31.28
29.73	34.36	39.56	35.26	31.18	39.27	30.21	27.95
45.44	42.24	49.26	49.52	49.25	49.21	43	48.36
6.24	7.76	7.52	6.41	6.47	6.71	6.91	7.77
49.46	45.65	42.62	44.4	48.95	56.64	51.62	42.82
69.86	71.95	76.56	70.29	61.21	58.44	62.39	76.48
6.8	6.93	7.33	6.44	7.3	6.36	8.45	6.77
3.86	3.67	3.37	4.11	3.45	3.53	3.36	4.29
27.39	37.03	35.34	30.79	30.91	27.78	27.53	35.42
24.92	25.9	26.05	28.96	22.31	26.76	26.68	27.49
22.26	24.34	22.92	21.13	23.52	24.08	20.34	21.86
9.5	9.78	10.29	10.27	10.19	11.94	8.68	10.49
29.48	27.57	26.99	27.58	23.13	27.27	31.45	26.1
31.57	32	30.33	32.25	34.66	30.01	30.64	31.26
45.66	46.41	48.13	42.42	46.24	43.26	39.92	45.87
81.38	71.35	90.64	67.68	91.49	77.23	75.21	72.89
5.59	5.18	4.57	5.61	4.78	5.32	5.64	5.34
25.09	21.85	25.61	25.84	23.24	19.26	25.51	24.01
18.29	17.82	15.63	16.29	21.01	19.25	20.29	18.95
3.25	2.78	3.09	3.45	2.94	3.13	2.94	3.51
66.54	69.85	62.53	65.17	55.38	67.53	54.81	61.83
4.68	4.76	4.42	3.97	4.1	4.59	4.92	4.37
53.27	41.86	52.26	49.67	55.35	53.78	56.58	46.7
14.31	15.06	12.36	13.55	11.69	15.43	12.04	15.1
82.9	78.04	68.39	65.61	87.31	74.07	74.28	86.88
42.01	41.68	57.33	38.93	44.11	44.26	56.14	53.03
17.17	16.66	15.32	15.2	16.7	17.53	14.02	15.92
20.57	16.28	20.42	15.64	19.67	19.67	21.31	20.67
24.94	28.37	21.3	25.73	21.02	20.82	23.78	22.14
34.09	40.8	36.13	35.99	35.89	39.27	48.77	31.41
17.68	21.08	21.03	22.57	21.02	16.74	21.87	22.4
22.85	19.14	18.16	15.38	17.68	20.5	19.86	18.41
19.53	14.45	16.85	20.47	20.44	18.02	19.06	16.37
4.85	4.63	5.55	5.09	4.88	4.42	5.32	5.04
11.03	9.28	9.79	12.88	9.53	9.89	10.65	7.76
33.94	29.22	31.5	26.08	27.19	27.63	28.7	32.45
3.78	4.39	4.62	3.79	3.62	5.19	4.48	3.74
28.6	25.28	25.74	27.26	28.49	22.99	33	23.6
38.9	45.13	44.3	38.46	45.09	46.09	44.87	44.19
7.58	9.34	11.86	9.14	11.16	10.65	9.62	8.26
42.27	32.04	33.01	32.52	39.19	34.03	30.34	32.95
19.82	18.35	18.32	19.93	21.03	19.56	23.03	21.32
19.15	12.69	15.77	16.12	17.95	15.76	17.8	20.39
41.57	32.9	37.89	38.17	39.93	39.54	38.08	34.74
13.9	14.61	16.66	18.03	14.48	15.17	17.27	15.62
13.1	13.47	14.4	12.86	13.77	12.09	11.91	10.67
16.43	17.79	17.39	16.11	18.21	16.07	17.78	15.07
1.55	1.31	1.44	1.27	1.43	1.43	1.22	1.5
39.33	42.39	39.84	36.94	42.13	35.76	34.24	32.91
33.26	31.23	33.51	29.14	39.16	36.83	38.17	35.41
13.86	13.75	17.55	17.79	19.52	18.18	16.7	18.19
4.86	5.16	4.47	4.46	4.7	3.8	5.81	4.4
46.35	46.32	50.37	51.31	51.94	52.12	47.38	54.54
6.6	8.48	6.24	7.25	6	6.82	6.9	6.29
13.18	12.57	11.45	12.62	13.95	13.39	14.55	13.04
12.81	14.53	12.01	11.12	11.53	11.47	12.59	12.7
43.45	50.93	59.24	48.16	42.81	47.22	49.42	47.23
46.04	50.49	49.71	48.26	45.1	48.71	47.91	44.06
17.46	19.73	18.11	16.35	15.99	17.23	18.81	20.21
12.05	14.9	12.72	13.86	12.67	14.94	15.65	14.13
4.73	4.36	4.83	4.25	4.63	3.98	4.19	4.37
62.19	64.29	73.86	66.2	71.22	60.27	56.79	59.41
2.96	3.51	4.08	4.05	3.95	4.08	3.52	2.81
6.05	6.25	5.67	7.46	6.67	6.49	6.8	6.84
1.25	1.32	1.3	1.25	1.17	1.2	1.02	1.15
14.56	13.8	15.84	17.04	14.17	13.46	14.41	16.05
136.18	128.35	136.32	139.02	162.61	128.52	131.9	133.45
55.07	44.21	50.55	41.48	52.28	49.47	53.66	58.18
131.39	121.58	126.18	129.04	108.62	136.17	123.71	131.15
7.04	7.64	8.19	6.68	8.17	7.52	7	6.79
56.73	54.22	54.94	57.6	59.78	46.95	55.07	42.99
1.84	1.86	1.1	1.83	1.01	1.95	1.73	1.87
29.31	27.98	29.03	26.4	27.75	20.42	25.69	29.57
40.1	37.3	33.83	30.18	31.72	29.06	31.13	34.07
55.84	61.46	71.56	60.45	59.3	55.93	54.34	70.94
36.54	32.93	31.13	29.52	30.5	38.41	32.31	29.28
37.9	30.27	36.49	33.55	38.85	32.14	33.84	35.22
12.44	12.22	12.97	11.98	12.5	13.38	13.21	13.81
46.47	48.16	44.79	35.16	44.85	39.87	41.77	47.07
93.37	97.94	115.4	106.72	112.73	114.54	103.22	91.39
36.07	30.47	39.26	29.89	37.4	39.31	29.33	42.05
58.19	48.38	47.66	44.46	51.7	45.07	60.21	53.4
24.66	26.69	23.99	22.52	25.5	24.96	23.82	21.51
2.16	2.14	2.81	2.24	2.1	2.19	2.79	2.39
101.79	79.78	74.76	72.15	76.4	76.82	75.74	75.18
7.43	7.19	7.8	7.11	8.67	6.98	7.56	7.82
3.91	3.07	4.04	4.09	4.35	4.08	4.27	4.13
8.38	6.19	8.16	6.61	5.49	6.18	8.4	7.64
4.45	4.41	4.23	3.62	4.26	4.28	3.05	3.54
21.69	18.47	21.65	18.65	17.52	22.89	21.67	21.63
49.2	53.76	48.78	58.25	47.38	48.28	55.51	54.22
213.83	198.98	227.8	187.27	241.52	180.08	210.87	192.85
62.16	63.88	63.32	53.03	66.52	51.27	50.87	51.02
82.54	71.5	73.45	66.13	77.59	81.33	72.93	64.33
23.58	24.84	20.86	19.86	21.51	20.55	18.72	23.25
1.69	1.78	1.9	1.62	2.07	2.06	1.75	1.8
15.11	19.35	18.21	22.42	15.72	19.88	18.98	18.73
6.25	7.01	6.32	5.9	6.76	7.28	7.13	6.45
68.73	72.2	72.75	71.19	74.2	70.81	69.5	69.5
4.87	5.53	5.14	5.68	5.91	5.86	4.69	5.89
13.07	11.76	12.58	12.23	12.04	10.85	10.26	13
8.42	10.45	8.14	8.35	9.12	7.6	6.98	8.26
29.22	29.49	28.14	28.94	25.02	34.77	32.38	34.09
12.11	12.59	12.75	13.21	12.11	13.01	11.65	10.53
41.25	35.36	43.82	37.68	41.02	37.4	33.03	39.28
14.48	16.31	18.05	17.15	15.73	15.24	17.42	16.18
6.52	6.35	7.77	5.69	5.31	5.77	6.53	5.97
21.1	17.75	16.9	16.71	18.46	17.78	15.72	19.52
87.75	71.8	81.78	82.1	80.04	71.46	73.81	96.86
1.71	1.6	1.53	1.58	1.62	1.61	1.55	1.6
5.48	7.16	5.11	6.02	5.26	5.58	5.32	5.52
16.66	20.55	17.37	16.28	17.76	21.53	19.66	19.03
29.05	28.97	30.87	32.4	28.59	31.3	27.68	26.97
49.4	44.21	42.19	42.88	41.77	38.67	38.14	43.58
6.86	5.53	5.6	6.32	5.45	5.48	6.58	5.67
43.58	46.73	51.16	58.72	56.78	50.03	43.32	49.42
69.59	67.11	68.87	64.49	55.69	59.19	74.12	76.95
3.21	3.46	3.18	4.08	4.04	3.41	3.09	3.58
19.3	19.78	19.44	17.93	17.77	17.87	16.09	21.46
54.79	66.17	48.76	43.74	44.53	39.92	51.46	48.17
2.84	2.7	3.24	3.56	3.04	3.51	3.21	2.65
27.6	24.84	27.46	24.53	22.75	28.04	27.3	27.81
1.7	2.02	1.76	1.87	1.88	1.58	1.71	1.58
122.9	112.19	107.43	92.23	103.09	94.48	117.7	99.58
29.58	27.16	30.51	28.71	23.06	25.93	27.42	29.34
4.99	3.95	4.45	4.56	4.51	4.87	4.48	5.16
107.99	116.95	92.5	105.18	121.85	104.14	125.84	114.7
6.78	5.35	5.2	6.15	6.59	6.02	5.14	5.96
11.13	14.2	11.69	12.73	12.52	14.11	12.95	11.98
18.37	19.1	17.43	14.96	16.71	18.26	17.73	15.52
12.88	13.31	14.79	12.25	12.16	13.47	12.08	13.33
12.85	13.75	13.82	12.97	13.89	12.86	12.78	12.88
51.25	54.9	52.51	48.36	47.5	44.38	55.4	51.98
16.72	15.49	16.84	14.29	16.81	16.06	15.44	13.25
43.25	42.77	43.76	41.65	41.15	49.73	44.71	44.19
1.95	2.22	2	1.7	1.81	1.88	2.16	2.13
37.19	43.33	35.43	39.55	36.83	40.55	33.31	34.4
103.01	106.39	101.94	123.38	90.15	114.64	108.33	100.96
8.59	8.46	8.42	7.03	8.27	8.09	6.79	7.53
1.97	1.96	1.49	2.06	2.14	1.98	1.61	2.07
7.1	8.07	7.94	8.09	7.33	8.1	6.13	6.75
44.52	43.96	48.22	53.28	43.68	43.36	54.21	56.27
80.37	94.95	77.64	73.28	76.45	81.48	90.3	92.05
45.32	37.52	52.42	47.79	49.22	40.53	44.12	48.58
52.58	54.14	46.95	48.92	47.67	43.81	50.14	46.65
4.15	4.07	4.25	3.89	3.88	3.89	3.83	3.69
7.22	7.67	6.96	6.13	6.23	6.65	7.13	6.07
6.67	6.25	7.49	6.75	7.03	6.56	6.21	5.71
39.27	41.54	34.32	31.35	38.17	33.12	38.42	34.43
11.88	11.6	11	15.96	12.18	13.59	10.43	13.75
7.62	8.87	7.97	8.44	9.24	8.15	9.07	8.74
47.38	35.62	33.46	39.31	41.11	33.48	33.17	42.13
10.95	13.39	13.43	12.52	14.23	12.84	14.53	13.23
9.81	10.52	9.42	8.99	9.71	9.27	10.25	9.97
46.11	52.84	41.86	45.75	53.97	46.81	38.38	54.56
1.56	1.41	1.86	1.47	1.21	1.38	1.56	1.66
8.85	10.77	8.86	10.5	8.79	10.51	9.59	10.53
14.53	17.05	15.88	13.06	18.31	13.32	13.57	16.76
6.28	5.87	5.06	5.19	4.69	5.12	5.37	4.55
45	51.55	47.27	55.91	53.18	48.81	51.46	55.45
50.47	56.59	52.86	56.14	54.24	47.9	50.49	60.99
170.16	186.54	160.08	169.12	182.56	176.67	149.68	141.62
10.39	9.42	13.16	9.89	12.18	12.74	11.4	9.86
6.3	7.67	7.37	6.71	7.15	7.04	6.25	6.69
5.8	5.12	5.19	5.3	4.67	4.64	4.84	5.05
12.09	11.74	12.19	11.21	11.37	11.7	14.98	12.64
9.36	8.63	9.86	11.29	10.17	10.61	9.01	10.79
22.41	26.71	19.31	22.32	18.28	22.18	17.91	20.73
4.18	4.14	3.71	4.02	4.55	5.28	4.58	4.69
13.32	14.67	14.22	15.21	14.83	15.65	13.43	14.43
42.68	40.13	46.79	42.45	33.06	37.91	39.39	40.1
30.03	29.04	37.98	29.45	26.21	29.4	32.17	29.54
25.02	20.97	19.58	21.36	23.97	26.03	21.49	20.19
17.15	15.43	14.81	15.87	15.34	18.34	15.73	15.82
2.18	2.31	2.6	2.5	2.11	3.02	2.59	2.63
52.52	38.48	45.97	58.75	51.11	43.4	42.41	54.99
49.02	49.46	44.72	44.79	45.08	40.68	50.88	48.57
27.79	32.49	26.55	23.58	22.13	24.76	26.15	29.56
8.66	11.95	10.75	9.45	9.82	7.68	11.88	10.68
10.01	9.84	11.33	8.59	10.28	9.66	11.17	8.75
24.38	21.14	24.42	21.2	19.34	22.13	19.01	21.26
24.38	26.98	24.41	27.08	27.48	27.09	23.1	30.56
23.74	26.84	24.5	24.97	21.25	24.9	23.31	27.68
2.52	2.58	2.49	2.25	2.39	2.16	2.51	1.93
15.37	18.93	12.77	18.58	15	13.99	15.96	14.75
9.95	13.35	11.82	10.98	10.72	12.57	11.08	11.99
48.04	58.21	53.79	63.5	76.05	65.23	61.07	68.32
9.46	9.29	9.45	9.55	8.55	9.88	10.29	9.7
24.91	29.29	25.11	27.28	25.51	24.7	21.95	26.46
22.36	21.42	22.49	25.61	21.16	20.65	26.15	21.02
30.62	23.24	28.5	32.92	31.18	33.51	24.75	33.48
2.8	3.04	3.23	2.6	2.91	3.03	2.89	2.97
19.53	18.66	23.26	20.42	22.34	17.77	16.3	22.05
59.23	55.8	73.14	69.87	82.36	65.87	84.78	66.35
16.38	20.08	17.65	16.48	19.56	18.9	17.01	20.4
1.64	1.86	1.56	1.61	1.41	1.5	1.44	1.64
13.04	11.84	12.6	13.23	10.55	12.38	12.03	11.87
5.13	5.78	5.08	4.89	4.34	6.17	5.35	5.3
12.46	13.14	12.33	11.47	14.44	11.54	13.56	12.79
6.1	6.31	7.03	6.6	6.48	6.33	7.53	7.1
41.62	37.68	35.46	33.52	37.5	38.9	36.79	52.07
1.73	1.72	1.73	1.63	1.77	1.66	1.7	1.74
15.1	15.25	15.35	16.89	16.35	14.43	16.77	14.65
17.45	13.26	18.88	17.71	20.18	16.62	19.06	17.88
12.47	16.03	12.64	13.96	14.14	16.44	14.75	14.84
26.16	22.73	23.6	28.65	22.18	28.76	23.4	30.36
32.86	30.47	35.68	33.53	34.35	36.96	31.67	32.1
40.06	40.41	39.35	46.17	45.01	41.03	37.51	43.21
5.31	5.62	5.77	5.51	5.93	5.42	5.33	5.13
35.01	32.12	29.66	26.4	25.87	31.8	28.44	24.3
53.65	70.62	55.81	61	65.59	57.96	47.68	59.73
6.72	6.26	5.21	5.91	5.67	5.49	6.4	5.44
24.74	29.63	25.08	28.76	27.24	25.27	29.66	27.82
18.36	17.65	16.31	16.02	18.61	17.24	17.22	17.12
15.08	17.23	18.56	17.91	16.68	16.19	16.56	16.77
8.9	8.09	10.5	10.52	10.34	9.13	9.48	9.54
15.64	13.22	18.14	14.55	15.76	15.34	14.37	17.31
49.04	56.42	60.06	64.71	55.71	63.91	56.06	53.81
48.98	51.86	60.08	47.57	50.11	52.56	41.25	59.76
83.3	91	65.99	67.76	74.02	55.98	74.49	72.11
57.72	47.43	59.48	48.43	60.41	48.82	46.37	58.77
82.49	88.56	70.52	89.95	87.1	86.25	77.47	97.77
123.23	90.5	126.29	113.93	107.35	122.8	91.62	117.6
12.89	16.33	14.03	13.92	15.41	15.16	15.35	13.58
18.43	20.22	17.1	16.31	19.11	16.12	14.9	17.59
2.23	2.33	2.29	2.62	2.18	2.65	2.5	2.42
2.4	2.4	2.1	2.58	3.2	2.25	2.66	2.09
9.96	11.14	9.71	12.42	11.24	11.21	11.79	9.26
11.8	13.06	9.94	12.16	12.62	10.27	11.48	10.48
28.26	31.28	25.78	31.27	28.61	24.59	35.03	22.22
11.25	12.05	12.59	11.32	13.12	14.83	13.92	13.26
59.47	50.51	79.06	50.47	54.66	52.74	55.42	53.76
4.84	5.12	5.2	5.88	5.79	5.05	6.06	5.73
62.8	63.02	75.72	76.52	54.49	77.13	65.84	63.66
2.84	2.63	3.63	2.58	2.86	2.64	2.55	3.46
34.5	36.37	32.62	33.05	43.17	34.82	38.95	34.92
18.59	18.46	19.37	19.5	18.85	18.83	19.8	18.75
19.35	17.23	17.57	19.19	16.54	20.23	19.65	17.58
28.73	29.59	22.84	23.33	24.3	28.19	27.38	22.52
23.38	20.88	18.47	21.47	17.38	21	22.44	22.87
9.84	9	8.8	10.49	9.54	8.97	10.05	8.68
27.42	36.41	35.21	36.72	35.63	29.84	30.93	31.52
44.21	42.45	33.42	38.24	38.25	36.3	34.63	37.95
9.68	12.03	10.63	9.94	11.92	9.06	11.51	9.4
30.89	25.65	23.65	25.29	25.44	23.17	22.33	26.1
41.9	47.66	40.87	54.15	48.12	43.52	48.29	50.82
7.84	6.49	7.73	6.73	6.72	6.73	6.37	6.43
113.18	105.95	102.78	86.19	114.84	113.96	106.52	118.52
1.73	1.87	1.73	1.71	1.01	1.79	1.78	1.85
22.3	21.07	22.81	25.01	23.31	23.55	18.72	21.86
16.92	19.24	19.1	17.3	16.02	16.96	14.22	14.83
9.45	10.07	10.69	8.62	8.84	10.33	8.29	10.22
2.99	3.53	3.59	4.36	3.65	4.48	3.86	3.68
11.49	11.29	12.24	13.01	13.31	13.04	13.7	10.15
37.79	34.02	35.7	35.7	35.58	41.02	33.22	34.96
40.05	32.18	38.79	38.27	42.44	42.04	42.85	35.7
7.55	6.83	7.03	7.9	9.61	8	7.88	6.51
39.92	36.74	38.37	37.07	36.89	37.56	38.86	36.88
6.14	6.29	6.2	6.46	6.39	5.73	5.65	4.95
46.91	41.94	47.74	41.34	42.55	43.89	41.66	37.78
5.76	6.94	5.66	6.49	6	6.11	5.15	6.24
26.9	31.69	30.33	29.2	30.37	29.34	31	29.93
1.43	1.59	1.78	1.75	1.62	1.7	1.64	1.57
20.28	18.34	14.88	16.15	17.83	15.23	16.09	14.91
18.48	19.13	17.53	20.11	17.76	17.11	18.56	18.09
83.6	92.21	92.54	94.96	81.97	87.04	87.72	85.62
50.66	45.03	36.88	47.13	48	46.87	46.3	52.3
40.55	34.27	34.23	43.04	34.79	39.15	37.28	39.45
116.38	109.83	111.36	122.66	132.58	117.42	118.72	111.75
15.38	19.04	18.94	14.1	18.13	19.43	18.09	21.44
9.73	12.16	11.5	9.67	10.66	9.96	10.21	10.46
6.85	7.16	6.56	7.65	7.35	6.94	6.7	6.18
14.48	13.93	11.81	11.79	12.1	11.22	10.59	12.27
5.99	6.31	5.77	5.03	5.79	6.67	5.69	7.04
17.92	17.17	20.49	16.87	25.33	17.21	23.61	19.49
17.48	19.3	19.6	21.43	20.37	19.58	21.55	20.87
21.74	24.39	24.33	21.8	26.12	21.21	23.21	26.52
16.86	19.03	18.84	19.42	16.51	17.79	18.49	17.47
10.32	12.22	12.01	10.03	10.92	12.89	13.78	13.34
22.3	27.11	20.37	26.17	20.83	26.32	25.87	24.21
22.73	23.03	22.02	17.47	19.86	19.23	20.36	20.23
32	36.96	28.56	30.37	34.78	34.92	35.34	33.43
11.96	11.26	9.54	11.54	13.04	13.82	12.6	11.07
51.41	40.88	42.56	40.72	48.76	44.9	44.83	41.03
49.65	56.81	50.46	52.24	55.03	44.16	56.16	47.27
8.19	8.18	6.69	8.59	8.17	8.16	8.23	8.05
18.33	15.92	16.35	16.89	16.08	15.64	14.97	16.22
41.12	38.76	40.9	36.09	37.15	37.77	42.61	38.72
3.26	4.02	3.98	3.84	3.78	4.2	3.32	3.77
50.9	49.93	52.24	57.68	57.02	62.2	55.7	55.95
33.45	31.9	36.96	29.48	35.33	32.23	35.64	30.57
7.39	6.54	7.67	7.77	8.46	7.99	7.6	8.46
22.57	20.24	18.28	19.12	18.51	16.57	17.07	19.51
16.61	18.22	15.34	20.3	13.75	14.81	16.82	17.01
61.24	56.48	43.88	60	46.51	52.23	55.72	50.71
2.14	1.93	2.27	2.59	2.16	2.26	2.12	2.37
19.52	18.28	17.64	13.26	14.06	13.91	15.84	16.7
8.65	9.02	8.82	9	7.54	8.56	8.23	8.61
3.29	3.17	2.97	3.5	4.14	3.14	3.18	3.96
58.54	57.5	55.97	65.85	59.48	51.34	56.49	47.96
23.13	32.86	26.62	26.69	28.58	24.61	26.83	22
45.6	40.64	40.7	36.69	42.46	33.77	34.53	44.75
1.83	1.88	1.05	1.88	1.82	1.98	1.95	1.82
4.35	4.08	4.05	3.68	3.9	3.27	4.13	3.89
29.47	32.37	26.73	26.8	27.65	30.22	34.01	26.33
49.66	71.53	50.93	60.04	48.95	56.72	56.46	57.08
4.12	3.27	3.53	3.53	2.77	3.68	3.45	3.39
2.99	3.73	3	3.26	3.24	3.62	3	3.18
41.34	34.64	38.63	48.8	33.21	41.02	42.36	39.91
29.15	26.65	26.6	24.76	26.05	28.84	29.65	25.03
50.5	50.53	50.7	48.48	50.46	51.34	48.55	53.65
94.27	92.4	90.55	87.36	84.1	105.11	99.91	73.69
74.3	70.45	71.12	74.27	81.96	75.43	80.95	78.48
54.52	64.56	59.75	61.24	58.04	54.41	51.15	58.83
2.64	2.6	2.63	2.58	2.37	2.76	2.38	2.53
89.57	90.7	68.9	92.88	80.66	84.86	67.4	77.54
21.85	22.09	20	21.36	22.95	21.3	21.11	22.42
14.85	13.42	15.44	14.66	12.4	14.69	12.97	16.45
18.35	16.61	13.67	16.11	15.26	16.46	15.09	15.72
37	40.22	29.62	34.96	37.81	34.53	37.8	32.94
13.34	12.31	17.19	14.53	13.73	15.53	14.34	16.14
2.05	1.91	1.7	1.87	1.5	1.81	1.99	2.31
32.77	32.54	29.31	38.83	28.86	26.88	25.26	31.76
51.46	58.41	48.96	52.91	48.94	50.54	45.52	42.48
110.09	109.46	95.66	119	107.65	120.66	98.91	98.66
121.2	117.1	110.88	99.99	102.07	106.32	129.09	116.02
14.01	15.13	14.68	15.48	14.39	11.34	17.48	17.41
15.33	13.9	16.61	14.75	15.97	15.78	12.14	14.13
7.05	5.38	5.46	4.71	4.53	5.98	5.02	5.55
13.64	17.5	15.32	17.35	18.46	17.17	19.86	19.17
3.35	3.32	3.34	3.13	3.49	2.69	3.31	3.32
31.97	28.47	34.86	31.85	30.04	29.03	34.04	34.91
35.33	29.15	35.48	29.29	33.67	30.68	35	30.61
19.88	16.14	20	19.52	15.82	20.93	16.44	21.24
17.64	18.3	15.4	19.44	14.44	15.13	16.87	17.38
7.82	7.49	7.01	6.26	6.19	7.23	5.93	6.42
66.57	62.25	72.64	65.1	74.06	73.21	72.66	76.9
8.95	8.34	8.45	8.81	9.25	8.49	8.96	8.98
20.28	19.57	16.42	17.87	17.81	16.58	16.86	19.56
37.43	31.18	35.28	36.6	29.32	38.28	29.2	28.48
45.53	48.88	46	49.82	56.76	40.8	39.98	56
5.95	6.72	7.88	5.82	5.05	5.98	4.77	6.15
35.32	37.86	37.3	40.29	30.82	32.59	40.8	33.24
27.23	29.91	22.66	22.75	21.3	26.55	24.55	25.53
8.95	10.63	10.63	12.46	11.18	10.6	12.29	11.32
22.77	23.11	26.2	23	23.56	25.46	21.29	20.59
35.14	38.11	29.16	35.3	30.44	33.55	35.13	44.49
35.38	31.18	31.62	30.44	31.21	35.46	30.39	37.03
1.29	1.28	1.29	1.25	1.27	1.3	1.26	1.25
21.31	24.93	20.16	22.02	17.62	19.38	18.69	21.2
61.31	59.12	48.7	52.26	45.39	51.46	49.52	59.95
13.61	14.48	14.23	13.63	13.3	13.38	15	14.09
92.3	71.83	75.41	74.54	70.68	84.35	86.22	79.65
7.38	8	8.19	5.26	7.29	6.88	6.38	7.19
23.93	20.85	20.29	22.25	20.78	21.5	15.69	21.24
16.14	15.4	12.23	11.47	15.54	13.59	15.09	12.98
34.47	25.55	28.43	30.4	26.56	29.87	30.23	27.78
51.74	44.3	53.17	53.34	41.9	56.39	42.86	56.18
13.08	15.02	14.41	11.81	14.96	14.31	11.81	17.14
24.91	25.43	30.4	28.83	26.78	25.78	32.2	30.42
61.29	64.17	62.83	50.99	56.38	56.41	59.51	51.87
17.87	17.28	16.92	16.5	16.53	14.94	16.46	15.78
4.03	3.86	4.33	4.15	4.18	4.08	3.74	3.56
24.99	24.45	24.64	26.8	28.02	27.85	25.87	25.47
68.76	66.75	73.47	77.87	73.52	80.05	77.13	76.26
6.46	6.67	7.41	4.75	6.06	6.8	6.79	6.34
2.17	2.15	1.87	2.16	2.04	1.96	1.65	1.75
52.23	51.33	46.27	59.45	36.75	54.42	48.31	48.51
54.5	49.99	53.56	63.18	58.16	51.5	59.3	64.14
10.14	10.69	9.11	11.21	12.28	11.58	11.23	9.98
31.74	34.07	30.63	32.18	31.41	33.98	36.54	29.97
44.88	42.76	36.09	31.59	41.84	38.89	35.82	43.4
2.22	1.54	2.13	2.09	2.35	2.36	2.15	2.07
3.47	3.81	3.04	3.11	3.73	3.6	3.29	3.2
9.19	11.99	10.55	9.71	10.61	12.1	13.35	12.45
12.56	12.16	10.45	11.61	11.66	13.03	11.57	10.98
4.32	4.38	4.06	4.49	4.96	3.98	3.78	4.06
3.26	2.44	2.68	2.59	3.01	2.48	2.97	3.24
23.99	20.46	21.55	22.48	27.66	20.67	23.13	25.17
11.48	10.9	11.24	12.13	11.98	10.96	10.6	12.12
35.91	41.76	33.84	35.7	28.09	34.03	30.53	33.41
5.42	5.14	6.57	5.36	5.37	5.3	6.03	5.89
1.33	1.91	1.42	1.65	1.75	1.6	1.59	1.72
46.96	43.87	47.21	47.18	53.92	45.08	51.34	51.57
67.89	61.71	62.96	62.73	53.33	59.05	55.7	57.52
3.11	3.75	3.41	3.48	4.05	3.26	3.44	3.21
65.9	91	68.05	62.87	66.93	70.39	61.48	64.77
4.69	4.47	4.05	4.55	3.76	4.39	5.08	4.16
13.13	14.15	14.27	12.12	9.59	13.69	10.34	14.52
57.24	57.53	57.33	57.08	57.34	62.23	57.78	55.45
4.75	4.87	4.85	5.48	5.42	5.24	5.28	4.78
19.94	16.92	18.53	20.56	18.51	20.15	17.77	17.86
30.34	32.69	31.55	30.72	27.97	33.19	27.99	32.44
1.62	1.77	1.87	1.92	1.76	1.8	1.88	1.92
31.61	25.42	28.73	37.9	35.2	30.18	32.46	32.08
15.32	14.21	16.03	14.77	14.09	16.48	15.69	12.99
11.67	13.09	13.15	10.93	15.23	12.01	12.79	13.98
34.53	39.67	41.86	44.92	38.57	42.45	38.8	47.23
59.42	58.97	60.05	59.89	53.87	43.7	54.23	57.21
12.63	12.05	11.59	13	13.41	11.32	11.92	13.23
85.64	92.84	121.44	113.76	81.97	78.76	89.13	78.63
8.65	7.75	7.73	7.88	7.86	7.99	6.07	7.81
7.03	6.39	7.87	8.11	7.16	8.5	7.99	8.35
31.03	22.45	23.26	25.88	23.82	24.56	23.38	29.13
39.14	35.7	25.96	26.85	29.43	39.5	31.28	29.99
46.77	49.86	50.46	48.56	47.06	48.19	50.25	46.79
27.14	17.2	23.32	21.87	21.13	24.26	20.74	22.22
67.91	48.8	59.94	58.84	51	55.11	44.55	53.85
9	12.78	11.42	12.34	11.67	10.25	11.38	11.99
1.65	1.54	1.59	1.64	1.56	1.64	1.62	1.6
16.73	17.28	17.88	19.5	18.63	16.75	18.09	17.2
63.31	61.76	62.67	45.78	59.46	50.67	47.24	52.94
15.57	14.98	14.55	15.62	12.17	11.88	13.38	15.71
5.11	5.29	5.26	5.65	5.53	5.96	4.78	6.61
63.7	70.72	57.43	67.52	66.9	86.23	67.08	72.47
41.65	41.57	36.94	41.28	45.91	40.53	48.64	52.21
73.3	74.34	52.21	59.26	63.16	62.49	53.86	61.48
56.11	50.57	50.9	47	55.36	57.81	57.26	51.07
1.57	1.54	1.58	1.57	1.42	1.44	1.54	1.54
2.61	2.98	3.01	3.13	2.77	2.8	2.71	3.41
93.97	109	117.45	94.03	120.49	112.55	121.08	91.59
10.24	14.23	12.5	11.53	12.45	10.99	11.82	11.72
29.87	25.47	24.46	26.81	24.48	28.26	27.17	28.66
48.32	53.91	50.99	44.36	47.23	51.07	49.8	43.38
42.88	41.2	46.8	35.19	47.24	40.51	33.48	36.81
65.5	68.38	52.34	51.74	54.4	55.93	64.29	64.37
28.44	31.05	28.14	32.17	30.58	24.94	29.58	30.83
22.05	18.84	25.13	22.59	27.35	30.24	29.44	26.76
12.17	9.18	11.02	10.66	10.65	10.82	10.13	11.55
25.42	21.89	21.19	19.52	19.35	23.21	21.45	21.97
13.56	14.88	17.56	15.52	17.5	14.58	15.68	18.04
2.47	2.33	2.48	1.78	2.89	2.68	2.17	2.12
4.21	4.13	3.9	3.73	3.89	3.96	4.33	4.75
59.63	49.1	61.44	44.7	52.95	57.75	60.86	55.78
1.38	1.47	1.39	1.39	1.37	1.4	1.4	1.4
46.29	46.46	48.35	44.8	45.26	40.58	45.21	42.68
12.23	14.16	13.01	14.22	13.22	13.87	12.76	13.42
40.64	35.48	42.08	42.48	48.62	43.99	40.61	40.78
54.27	49.74	51.46	47.88	50.8	55.38	48.27	59.9
10.09	10.96	10.24	10.74	12.89	11.56	11.13	12.96
11.97	12.37	12.98	15.7	13.36	14.89	14.32	15.99
18.62	18.64	17.12	15.24	18.26	15.27	15.5	18.08
9.43	11.69	11.6	9.51	9.59	8.8	11.02	9.66
11.84	13.39	12.57	12.82	11.36	12.49	10.64	13.86
15.9	14.42	15.31	16.19	16.23	15.36	15.95	12.72
4.22	3.66	2.85	2.85	2.84	3.55	2.97	3.66
25.14	26.81	32.86	24.86	28.02	21.81	28.57	27.18
8.09	9.66	8.89	8.77	9.35	10.5	10.2	9.56
13.19	12.92	16.09	13	16.34	14.82	14.9	15.66
11.06	9.82	10.13	10.38	8.44	12.57	10.27	11.19
53.25	54.28	60.45	53.22	56.36	57.22	52.07	44.11
1.18	1.11	1.53	1.12	1.25	1.2	1.37	1.3
4.51	3.31	4.12	3.8	4.18	3.47	3.92	3.94
17.6	16.65	16.07	18.83	15.83	15.88	18.34	16.64
2.16	2.46	2.42	2.64	2.26	2.4	2.47	2.1
63.53	83.3	62.17	70.6	62.33	77.35	75.22	72.53
10.15	10.4	10.48	12.83	10.53	11.44	10.75	9.08
37.35	29.62	32.12	36.52	42.79	31.01	36.47	37.06
37.87	35.75	42.85	38.82	34.36	40.4	29.97	39.12
7.57	9.15	9.46	10.75	10.41	9.57	9.98	9.14
36.54	37.32	32.6	33.15	37.92	33.92	30.96	37.85
13.77	14.82	14.34	15.6	14.74	14.68	14.85	13.64
38.41	38.59	37.89	48.97	39.05	50.62	47.03	45.14
13.41	13.05	12.75	9.9	12.92	12.77	13.18	14.61
14.8	15.77	15.25	15.83	12.85	14.17	11.32	14.69
31.29	32.76	27.6	30.85	28.25	30.72	33.91	31.94
1.11	1.1	1.12	1.13	1.1	1.12	1.1	1.12
14.26	20.68	19.39	15.52	14.08	17.83	20.34	18.27
2.49	2.26	2.65	2.33	2.29	2.35	2.4	2.72
33.66	34.78	32.45	39.57	38.87	39.92	35.22	41.15
6.46	6.19	5.24	6.28	6.2	5.98	7.15	5.44
39.66	44.65	43.81	39.22	42.26	47.94	33.79	37.25
25.15	24.16	24.72	20.94	26.56	23.8	25.69	21.87
37.05	34.28	36.65	37.34	40.67	35.15	37.56	43.59
50.88	50.66	54.06	55.7	45.04	58.84	53.34	52.86
22.65	23.02	20.28	19.96	18.28	19.53	20.84	22.02
13.04	10.71	11.53	13.13	11.9	12.91	12.09	11.39
41.86	41.92	42.81	44.11	41.05	39.85	42.36	40.73
60.38	66.6	64.78	50.28	61.59	61.75	64.35	65.73
17.25	19.29	19.75	13.6	18.36	17.56	16.17	16.73
34.25	26.07	36.98	27.62	28.74	27.47	29.87	33.65
2.35	2.64	2.31	2.45	2.18	2.02	2.05	1.83
20.77	17.26	19.81	18.22	21.6	20.88	20.23	18.86
53.38	55.06	55.5	54.32	57.12	60.39	40.96	57.13
25.59	26.14	23.69	24.48	26.01	24.1	24.1	26.09
13.6	10.13	11.25	8.51	11.14	7.46	10.46	10.24
8.02	11.15	8.1	8.83	9.52	8.48	9.17	9.46
5.59	5.05	5.24	5.6	5.44	5.79	5.73	6.15
49.25	53.17	49.88	46.81	49.24	52.06	48.54	51.22
22.36	24.87	24.32	28.55	27.55	23.51	24.57	29.29
21.73	21.18	23.91	22.36	19.3	22.32	20.68	22.87
1.33	1.38	1.46	1.4	1.44	1.28	1.42	1.35
29.91	26.41	24.48	27.46	23.63	27.58	23.23	25.34
128.33	146.14	138.48	142.13	125.28	110.21	127.35	131.77
28.31	20.38	28.17	22.41	23.26	27.78	32.78	26.04
16.94	19.7	16.34	17.79	21.42	17.26	17.18	15.97
41.77	55.15	56.93	46.93	49.16	54.32	46.07	49.82
7.28	6.67	6.23	6.12	7.12	6.7	6.82	6.5
28.52	28.92	34.61	31.12	28.22	28.51	27.75	32.38
18.5	13.97	19.55	18.14	17.01	17.8	19.37	16.82
6.19	7.15	6.53	7.55	5.57	7.04	5.81	6.24
16.88	16.43	13.57	11.41	18.44	16.08	14.32	16.22
52.36	53.06	40.75	44.9	51.13	53.81	40.86	40.18
27.4	35.29	27.78	23.27	27.62	26.02	28.27	29.11
18.91	19.64	16.91	19.85	22.75	22.08	21.2	20.18
7.6	7.84	8.63	8.01	10.59	7.86	8.32	8.44
24.78	23.11	20.79	21.2	22.27	18.75	21.97	23.96
33.58	34.55	31.27	38.25	32.69	42.29	37.38	33.02
67.93	83.64	66.26	55.48	62.65	72.59	70.58	64.27
3.82	3.67	2.89	3.6	3.69	3.35	3.7	4.45
3.95	4.06	3.68	3.7	4.62	4.61	3.92	3.55
22.64	18.28	24.13	15.54	23.52	23.08	18.71	17.68
4.9	3.91	4.82	4.14	3.89	3.61	3.65	4.07
12.27	13.58	9.98	11.06	11.02	9.74	14.36	10.48
77.36	83.7	80.48	71.7	83.27	66.9	78.71	83.25
47.54	43.99	42.49	38.68	35.01	36.45	38.16	41.87
12.27	12.18	12.37	10.06	11.31	9.51	10.54	13.87
5.02	3.99	4.47	3.8	5.19	3.91	3.88	3.95
33.52	35.39	37.38	31.56	26.89	31.51	30.62	29.95
1.83	1.82	1.76	1.77	1.72	1.89	1.83	1.76
84.75	80.34	78.61	66.61	69.49	65.38	73.3	65.71
6.23	7.18	7.57	6.21	6.24	7.49	7.23	7.69
35.3	33.83	29.3	36.41	30.76	30.83	35.78	35.67
28.62	28.42	28.42	30.58	33.85	26.81	31.76	24.3
83.42	83.56	65.26	85.63	84.35	82.54	84.1	78.91
31.02	32.13	32.77	30.73	34.41	36.87	32.74	31.11
11.35	10.46	12.24	11.24	11.71	10.48	12.35	11.7
25.18	26.13	24.76	25.25	24.68	29.64	23.68	25.12
36.49	37.76	39.05	38.44	35.43	38.54	34.06	33.86
7.87	7.17	7.86	6.72	6.4	7.7	6.12	7.07
67.35	80.13	76.42	81.82	64.27	74.41	71.21	73.15
47.76	43.31	41.97	42.65	45.12	46.72	37.31	46.79
16.97	18	14.49	16.21	22.13	17.14	16.05	15.85
19.59	18.1	18.24	22.63	21.05	20.76	22.11	20.17
29.04	31.33	30.18	24.56	23.27	25.93	26.01	25.24
1.66	1.73	1.59	1.72	1.66	1.63	1.72	1.78
38.21	36.77	48.47	44.72	38.28	44.71	37.87	51.21
62.79	54.12	55.19	54.85	48.06	66.71	59.26	54.69
50.2	47.07	46.73	56.87	42.17	49.38	48.72	53.22
29.35	26.49	25.69	25.58	28.75	27.14	32.74	25.46
46.95	50.21	49.02	49.15	39.5	45.32	38.75	38.4
29.09	28.44	31.07	33.73	33.3	38.94	30	34.89
23.08	21.77	19.55	21.64	24.97	22.29	24.84	20.38
9.93	11.55	9.37	11.84	9.26	9.82	11.49	9.33
23.73	23.12	21.59	19.45	21.82	23.46	25.03	21.19
24.64	26.57	29.27	27.41	22.35	30.8	26.22	26.84
28.28	26.71	30.54	33.44	29.75	29.24	32.23	30.46
6.54	7.9	7.03	7.18	5.4	7.1	7.24	7.3
5.61	4.63	5.4	4.52	4.97	5.58	5.38	5.6
96.56	85.38	80.09	83.07	73.01	85.34	80.42	86.79
64.82	72.55	69.58	69.93	59.91	65.66	69.37	55.84
43.35	43.08	45.18	47.82	47	45.57	50.23	43.59
35.68	33.1	29.15	31.99	36.98	33.07	33.78	25.62
14.13	15.36	15.97	13.35	18.72	16.91	13.27	14.04
26.28	26.11	29.83	24.31	27.9	25.96	24.03	20.07
2.15	1.63	1.54	1.97	1.88	2.01	1.77	1.94
54.19	58.99	63.94	54.94	63.38	52.86	54.92	61.08
13.55	14.33	12.05	15.28	14.13	12.57	11.95	12.74
38.84	42.05	42.22	40.26	31.05	38.86	35.53	41.67
12.76	11.48	11.94	11.9	11.61	9.23	13.31	12.44
102.1	98.17	86.28	87.6	95.13	114.8	92.3	104.14
38.78	38.37	35.53	39.01	37.81	37.76	38.2	41.76
47.96	44.95	49.77	46.52	53.16	42.43	39.67	52.83
2.58	3.01	2.78	3.01	2.65	2.8	2.92	2.76
43.26	32.19	34.23	27.45	31.25	32.66	30.39	32.48
15.91	16.56	15.53	14.25	16.05	14.59	14.31	15.02
78.77	69.54	88.73	75.87	76.51	72.94	72.25	74.77
18.85	25.69	24.03	21.65	20.15	23.87	23.36	20.52
30.87	32.53	28.31	39.14	36.49	33.71	28.66	38.54
17.96	18.41	17.67	17.19	18.3	18.81	17.88	24.15
2.01	2.02	1.96	2.14	2.02	2.22	1.95	1.94
18.62	20.87	18	20.94	15.24	19.09	16.94	16.66
8.14	10.71	9.67	8.1	10.89	10.47	9.41	10.92
63.96	60.51	66.64	72.38	72.92	73.29	92.17	63.58
32.65	28.81	34.97	29.47	30.95	32.96	34.63	35.27
52.51	57.67	53.45	55.38	51.08	54.17	51.3	65.13
9.19	10.5	11.5	9.05	9.77	12.08	11.24	11.43
13.65	13.13	14.51	14.99	13.19	11.74	13.78	14.37
66.08	57.07	61.87	67.88	52.44	63.49	58.2	63.33
1.67	1.74	1.72	1.5	1.93	2.4	2.05	1.81
29.14	28.01	24.29	26.13	20.32	31.1	26.93	26.92
6.82	7.17	7.2	5.7	5.99	5.69	5.85	6.62
1.29	1.7	1.52	1.49	1.37	1.57	1.46	1.34
58.66	57.47	54.32	53.06	63.38	68.82	66.14	58.1
16.05	19.58	17.21	17.74	20.37	16.5	18.44	19.52
7.92	6.54	8.04	8.71	8.37	8.88	7.14	8.09
13.02	14.5	13.65	12.01	15.97	13.85	14.5	12.97
8.65	8.97	11.28	9.91	8.08	8.11	10.72	10.88
38.41	33.2	37.41	37.78	34.4	36.31	34.29	34.33
88.16	88.39	96.92	93.28	107.41	77.45	82.02	97.74
18.31	16.71	16.81	16.93	16.22	20.83	19.33	20.14
12.26	15.51	16.35	18.54	15.04	14.6	13.71	14.71
16.23	20.98	17.9	18.41	19.11	17.4	17.96	17.94
17.31	18.64	18.29	20.22	18.96	21.28	18.73	17.19
54.66	47.69	57.3	54.57	45.89	47.43	53.96	46.06
18.26	22.42	20.97	25.4	22.74	23.61	23.44	22.81
1.86	2.3	2	2.47	2.33	1.87	1.96	2.15
39.39	39.94	39.18	45.37	38.94	37.75	41.6	34.6
32.27	32	33.03	34.42	30.73	42.34	33.93	29.73
55.83	53.74	67.11	67.05	64.63	72	51.07	54.69
37.96	37.16	38.28	33.21	39.37	32.63	33.61	33.99
22.14	19.66	24.23	23.37	24.19	21.28	22.13	20.41
42	35.99	36.51	42.08	40.39	38.27	44.12	42.11
215.91	201.34	161.35	169.31	199.24	174.5	202.98	223.76
14.24	13.65	13.69	14.4	12.73	15.33	14.25	15.65
54.65	50.83	51.15	50.49	67.78	53.46	52.11	55.11
11.04	10.03	10.03	10.67	12.22	11.82	12.87	13.5
15.86	12.5	18.08	13.72	13.95	13.43	12.2	14.9
5.85	5.93	7.05	6.34	5.72	5.5	6.1	6.25
17.85	19.05	21.77	15.41	15.69	16.7	17.41	17.56
12.29	14.51	17.41	11.42	14.49	13.1	15.4	16.22
7.9	8.64	6.98	9.1	7.84	8.6	9.19	9.67
25.08	26.4	25.28	25.86	19.69	25.91	24.81	27.63
17.32	13.95	14.98	13.15	13.84	17.52	17.69	14.69
25.1	26.57	28.32	24.38	25.3	23.31	26.76	28.18
42.51	37.65	48.55	50.23	43.36	37.84	49.45	47.28
47.95	47.57	35.32	44.52	42.26	40.52	40.16	46.47
26.75	25.42	21.16	24.85	26.36	26.72	26.94	32.26
15.14	15.81	14.36	13.88	14.22	14.68	13.63	15.46
23.64	25.15	25.76	24.85	25.56	27.83	22.3	24.31
12.6	11.08	11.86	12.02	12.42	14.57	11.38	14.26
42.7	38.35	37.61	38.5	40.45	34.42	38.45	37.56
33.63	38.71	32.83	37.69	33.62	35.68	37.69	36.18
46.43	35.55	41.71	39.75	33.59	40.35	41.93	40.13
3.83	3.19	3.31	3.65	3.11	2.77	3.3	3.56
4.48	4.62	4.86	4.83	4.78	4.39	4.81	4.85
7.23	6.6	6.77	6.41	5.81	6.66	5.93	5.28
23.71	17.27	24.06	24.29	30.33	26.51	21.11	25
16.16	13.8	15.86	13.48	11.44	15.64	14.46	14.73
4.08	4.8	5.12	5.44	5.69	4.67	4.89	6.01
15.88	16.28	15.2	13.65	12.27	12.17	13.54	14.71
43.85	31.72	32.25	39.89	42.72	37.41	33.39	41.51
10.16	9.73	8.67	8.24	9.95	9.7	11.12	9.29
6.3	6.87	5.85	7.27	6.34	5.51	6.74	6.77
70.43	70.91	78.13	86.73	86.07	73.79	65.55	69.22
85.49	101.51	92.53	90.9	78.22	86.3	88.97	90.28
28.27	25.6	24.91	26.82	25.17	21.53	24.11	20.99
4.56	4.34	4.08	4.5	4.68	5.15	5.81	4.61
13.05	11.95	11.38	9.78	13.47	11.52	12.36	13.56
8.1	7.99	7.46	7.2	7.07	7.4	7.31	8.14
25.82	26.66	29.7	25.07	27.29	23.58	21.66	24.07
2.04	1.73	2.08	2	1.69	2.33	2.13	2.1
9.23	8.36	7.7	9.67	7.17	9.42	9.34	9.03
25.5	23.22	21.33	18.21	25.27	24.82	21.16	24.27
16.99	19.36	18.14	18.97	19.8	16.54	18.47	15.38
19.2	21.05	19.32	20.36	20.28	21.53	17.15	19.72
35.13	32.16	28.29	32.05	30.82	29.51	35.22	24.91
28.18	24.82	27.4	24.34	25.28	28.9	31.65	26.07
49.97	56.29	57.91	58.35	54.79	56.89	44.66	49.31
26.48	27.07	24.76	29.51	27.62	24.88	32.61	29.22
10.57	11.87	10.71	10.98	11.9	9.67	10.57	10.94
75.34	65.22	54.68	61.35	66.78	64.25	70.1	53.13
13.4	14.02	12.3	13.84	13.69	13.64	14.38	15.04
2.35	2.78	2.68	2.43	3.02	2.32	2.8	2.65
1.74	1.58	1.94	1.97	1.6	1.73	1.79	1.93
1.93	1.97	2.1	1.86	1.9	1.94	1.85	1.61
26.52	25.29	22.44	25.16	20.62	21	19.42	21.52
56.93	58.14	59.85	60.59	62.99	41.89	53.12	61.89
1.79	1.5	1.7	1.58	1.6	1.55	1.52	1.61
1.74	1.6	1.85	1.53	1.48	1.85	1.68	1.55
22.62	17.24	19.71	20.35	23.68	17.97	19.36	22.77
12.05	9.75	11.09	11.84	10.85	10.43	9.88	10.7
20.38	22.13	27.22	21.32	21.83	21.95	21.1	22
34.05	32.38	34.79	35.31	36.32	29.27	28.73	34.07
84.81	76.74	85.97	77.91	80.24	91.5	106.29	84.89
32.7	34.94	27.44	35.23	29.67	29.79	25.93	29.96
29.36	29.69	26.49	27.41	29.85	29.87	25.99	28.09
23.38	22.28	25.15	26.09	22.79	24.21	24.48	20.59
35.75	47.72	37.39	42.74	44.48	39.18	46.91	30.57
11.08	13.35	13.58	13.33	13.12	9.11	11.46	10.36
67.56	78.21	66.68	81.28	63.55	59.22	76.26	70.89
1.03	1.06	1.06	1.88	1.11	1.03	1.07	1.04
28.08	27.64	23.6	25.11	27.23	24.8	27.26	26.11
5.51	5.68	4.8	5.94	4.55	4.76	5.52	6.06
24.4	21.56	24.75	26.39	21.21	27.33	25.6	26.25
22.4	22.04	20.4	17.45	20.67	23.52	24.58	21.89
2.06	2.17	1.74	1.86	1.82	1.81	1.75	1.79
19.76	20.49	20.13	18.4	17.35	20.77	18.1	19.07
54.5	60.29	59.34	52.87	55.04	51.13	44.51	59.52
22.78	17.52	21.48	25.18	20.21	25.72	18.88	19.99
29.4	34.03	38.35	35.47	31.18	31.38	33.75	32.61
73.08	69.61	86	79.25	61.93	77.39	82.6	70.81
33.41	37.44	25.29	34.11	33.86	33.23	30.68	29.21
56.79	57.45	62.77	58.47	65.24	60.31	60.54	62.43
21.8	15.71	17.32	17.81	22.33	16.02	17.7	18.55
39.03	45.17	44.62	47.38	56.07	45.2	38.97	46.14
17.34	20.47	21.57	18.36	19.38	21.55	21.53	20.17
36.6	48.62	39.79	43.81	46.19	42.01	38.52	43.8
12.11	13.56	13.61	13.88	11.27	14.63	14.31	12.29
98.94	73.14	84.28	86.57	78.61	75.41	86.67	76.92
54.01	38.35	44.48	55.92	35.65	48.86	50.8	56.71
12.23	12.28	13.29	13.47	13.39	11.46	11.13	13.94
38.38	45.44	44.07	41.13	42.56	40.06	43.07	45.75
17	17.8	17.68	15.41	15.24	15.61	20.42	18.43
8.52	7.31	8.33	9.97	10.52	9.64	9.67	10.06
21.11	16.18	18.02	16.9	20.59	16.5	12.9	18.99
36.24	45.65	33.83	40.87	32.53	39.02	35.34	33.76
60.83	63.44	45.28	54.13	57.9	49.43	59.3	59.41
13.89	14.81	14.6	13.3	15.15	16.49	17.34	12.84
13.51	16.8	15.8	15.03	14.09	14.2	16.19	14.82
13.14	12.9	14.47	13.35	12.37	12.86	13.77	14.44
21.39	26.19	25.99	26.06	24.16	24.65	24.3	25.92
11.64	11.34	12.64	9.9	11.82	9.8	11.3	10.83
7.3	7.92	7.19	7.2	5.7	7.58	6.34	7.9
4.68	5.59	4.08	4.52	4.74	4.35	4.27	5.1
5.16	5.31	5.26	5.77	5.62	5.54	5.41	5.33
45.02	56.14	64.39	50.07	50.06	44.25	56.53	53.87
25.02	21.95	18.16	18.53	20.66	20.59	18.81	21.78
25.12	20.76	26.56	23.31	19.38	23.89	24.22	23.87
62.35	58.23	71.46	65.22	61.53	72.56	55.63	67.17
45.28	38.44	36.07	33.63	34.32	46.35	50.24	37.49
4.49	3.43	4.21	3.93	3.47	4.1	3.89	3.61
32.36	34.36	33.43	29.66	33.19	34.19	39.07	40.26
19.81	24.54	24.01	25.03	20.15	22.04	21.35	24.75
23.03	26.8	25.12	24.14	20.98	24.51	21.57	21.57
7.6	7.66	7.32	8.88	7.09	7.41	8.11	7.63
6.19	4.88	5.45	4.91	6.23	5.66	5.15	4.99
41.13	40.61	37.57	40.67	38.96	41.08	45.08	45.23
20.44	21.3	18.04	22.46	18.78	21.45	21.13	17.6
5.54	5.46	6.35	5.96	5.97	6.98	5.2	6.27
35.89	32.77	32.34	33.96	36.81	36.31	29.06	37.75
144.94	115.32	148.78	142.5	132.66	143.01	129.74	127.02
65.66	61.59	71.71	68.79	63.57	57.41	82.04	81.7
11.03	12.57	13.29	12.49	12.21	12.08	15.11	13.58
1.3	1.2	1.61	1.29	1.35	1.55	1.21	1.3
9.66	9.87	8.57	9.26	9.15	9.77	9.14	7.63
54.6	46.94	46.93	53.06	50.03	47.26	52.02	48.06
45.88	61.61	55.17	48.38	49.17	57.33	45.19	57.11
15.54	14.79	17.05	16.76	18.66	18	16.48	18.15
1.41	1.28	1.35	1.37	1.24	1.46	1.35	1.16
5.86	5.46	5.39	4.79	5.96	5.26	4.62	6.25
23.19	22.78	23.87	24.29	24.59	18.68	23.77	22.62
34.74	36.88	36.43	38.14	36.15	38.21	41.74	47.93
58.02	47.45	65.41	47.77	59.72	55.69	51.71	64.31
41.33	37.48	34.44	41.62	40.86	42.84	39.56	41.23
36.7	40.54	35.34	36.09	47.84	41.3	39.29	35.61
16.16	12.32	15.62	11.74	14.13	11.11	14.38	16.34
4.9	4.96	5	3.97	4.96	4.32	4.38	4.15
22.45	25.23	25.78	27.46	21.72	25.13	25.92	29.27
20.05	16.44	20.19	18.05	20.81	21.08	21.37	16.91
2.68	2.41	2.69	2.35	2.7	2.55	2.79	3.38
32.48	26.39	30.83	26.63	30.42	32.46	30.2	27.85
53.17	42.61	45.42	49.78	45.2	39.02	47.44	47.15
25.25	26.88	27.21	29.35	27.74	25.96	25.39	28.9
53.25	49.66	50.64	54.62	41.46	54.27	59.84	56.41
119.83	115.4	120.48	113.41	104.96	129.41	120.73	112.76
67.92	75.33	77.35	71.6	61.69	71.72	67.24	71.99
34.07	28.42	32.43	32.32	27.98	32.59	30.95	29.58
5.88	6.9	6.7	7.21	6.99	5.66	6.65	6.85
70.48	64.39	52.93	70.16	65.92	60.25	66.2	62.12
45.42	49.68	49.11	60.82	56.12	54.9	46.65	47.25
11.19	10.33	11.32	10.75	10.84	10.44	10.82	10.66
26.39	20.57	24.53	20.73	23.21	28.48	26.47	21.38
21.25	20.51	24.44	20.11	22.93	23.34	26.79	23.46
16.33	20.24	19.68	16.71	13.68	19.15	18.37	15.54
21.19	24.16	27.34	20.35	26.84	24.15	23.63	25.21
5.87	6.19	5.52	6.04	4.38	5.86	5.38	6.09
25.5	27.33	33.7	25.12	27.46	33.4	25.43	33.19
110.58	111.16	107.55	122.04	135.44	110.15	108.33	125.34
25.66	23.55	29.69	25.78	29.47	24.81	26.16	26.11
50.93	66.33	52.49	51.23	53.71	59.81	54.37	63.66
93.96	100.76	101.71	96.55	94.01	110.86	117.82	125.41
19.13	21.13	20.63	17.99	24.23	19.58	18.57	22.96
3.75	4.31	3.79	4.86	3.77	3.96	4.1	3.93
50.16	50.21	44.73	53.05	53.31	39.63	52.15	56.58
31.22	22.2	29.26	25.24	23.97	27.43	28.32	31.83
5.3	5.04	6.32	6.31	5.8	5.63	4.54	4.32
35.36	39.47	39.13	36.75	34.88	33	38	34.5
31.19	29.37	28.17	29.04	32.18	24.15	30.94	24.28
16.3	15.53	13.31	11.52	10.85	11.44	12.72	13.47
24.95	19.93	21.79	23.24	22.1	17.57	18.95	17.4
2.16	1.72	2.14	1.77	1.93	1.74	2.1	2.06
19.29	19.07	17.59	18.45	16.61	20.06	19.88	17.48
72.7	78.26	73.26	70.05	57.53	63.2	72.3	81.66
2.53	2.74	2.36	2.68	2.81	3.11	2.85	2.75
46.01	47.64	52.63	48.81	42.52	45.11	46.52	44.54
16.92	21.03	18.7	17.97	17.34	18.58	18.74	19.62
63.85	60.05	69.54	52.47	62.78	74.25	67.38	50.4
49.2	44.76	40.89	45.51	49.76	45.95	38.31	40.04
19.24	18.11	18.97	19.42	16.77	16.4	22.24	20.3
83.18	102.99	97.69	99.29	100.67	80.33	89.5	111.26
6.79	5.51	6.66	6.16	5.72	6.62	6.96	6.58
12.97	14.02	13.2	13.59	14.13	15.53	14.97	11.54
40.11	41.88	48.43	44.59	50.61	36.5	40.2	38.61
45.49	44.2	37.66	44.8	38.45	49.58	45.66	45.03
36.73	37.32	41.26	38.42	42.86	44.44	38.78	37.21
81.13	83.58	92.37	100.25	81.96	83.14	79.55	96.56
9.93	9.28	11.31	10.67	10.58	11.01	10.15	9.45
7.76	9.93	10.92	9.5	10.14	9.47	10.39	10.33
19.05	21.95	22.8	19.19	22.29	22.8	19.98	19.92
6.28	6.41	6.2	6.62	7.97	6.96	6.78	6.99
22.45	27.69	24.94	22.67	30.42	33.95	26.84	24.83
42.16	36.6	46.92	41.59	50.57	36.89	45.47	37.5
6.17	5.83	5.93	5.27	6.19	6.11	5.39	5.44
52.89	70.94	67.4	60.03	61.5	56.33	51.83	63.61
21.39	27.25	21.59	24.32	25.77	23.68	21.97	23.07
27.97	27.97	24.43	23.84	25.23	22.92	27.62	24.51
81.72	79.12	81.36	69.07	84.37	68.44	69.34	84.04
51.71	46.16	52.33	39.83	53.06	47.63	40.56	40.91
46.28	52.19	45.7	46.81	44.35	50.02	42.77	43.35
30.54	26.13	24.68	28.77	29.96	22.33	23.44	23.56
27.62	28.64	27.08	25.82	25.84	28.3	27.91	28.94
42.03	45.69	51.92	40.23	36.44	54.83	47.88	39.57
1.48	1.4	1.35	1.95	1.83	1.6	1.58	1.25
3.53	3.32	3.26	3.42	3.41	3.19	3.37	3.94
5.86	8.54	7.13	7.42	6.72	6.47	6.96	5.2
45.69	44.74	47.95	43.4	48.86	43.82	44.85	55
11.59	10.37	11.93	10.4	10.59	12.7	11.95	9.66
36.01	35.33	33.08	39.67	34.88	37.55	34.68	41
23.49	22.37	27.49	24.4	23.64	25.07	25.41	21.29
17.53	14.96	16.71	20.28	21.11	20.78	17.77	18.18
43.93	43.22	33.94	38.2	36.09	38.18	42.51	37.82
222.03	212.44	219.2	214.71	210.16	210.27	192.12	182.12
12	10.81	8.83	10.25	9.18	10.34	10.41	9.85
49.93	50.22	41.39	48.27	50.84	43.72	36.54	47.42
12.35	18.48	16.02	14.85	15.75	12.74	13.66	15.94
20.98	19.77	18.87	18.68	22.09	18.78	21.08	16.68
80.36	64.85	73.65	80.62	71.81	76.56	74.04	85.69
3.79	3.79	4.35	4.07	3.45	3.78	3.53	4.4
17.63	17.77	18.73	16.39	16.82	15.57	16.08	15.27
12.08	11.23	11.04	13.84	8.72	13.37	11.05	12.43
34.85	31.7	35.29	27.49	32.9	33.37	29.73	32.27
85.17	84.81	66.16	83.1	79.45	86.64	78.85	100.35
32.68	31.47	30.52	27.85	31.55	28.82	34.48	32.81
1.5	1.45	1.36	1.52	1.44	1.52	1.41	1.54
14.66	15.83	13.12	15.36	18.09	17.54	16.63	13.61
33.71	41.02	34.27	42.31	42.01	34.55	36.99	38.71
14.09	16.67	14.8	16.2	14.31	12.94	17.11	14.7
6.62	6.86	8.35	7.84	6.38	7.69	7.19	6.11
28.9	31.23	31.33	30.52	25.09	35.23	24.7	22.22
1.43	1.43	1.47	1.39	1.42	1.24	1.31	1.33
27.65	27.09	24.25	24.38	27.38	17.94	25.72	26.94
1.36	1.92	1.31	1.98	1.38	1.83	1.82	1.29
42.35	48.69	49.52	45.32	46.99	44.34	52.08	46.12
45.14	44.91	51.53	42.62	37.66	47.02	45.51	53.11
1.76	1.72	1.73	1.81	1.81	1.73	1.71	1.65
6.37	6.24	7.82	6.84	6.63	7.94	7.16	6.77
43.16	48.35	49.61	50.88	42.57	49.22	59.24	49.74
18.13	20.18	20.71	21.41	18.88	21.25	22.61	22.21
38.74	32.11	49.48	37.08	34.71	49.21	43	49.6
63.96	60.92	68.12	69.8	66.67	60.92	70.16	69.89
5.96	6.35	7.21	6.49	6.96	6.45	5.88	5.54
39.15	32.48	37.45	37.05	39	41.34	35.82	43.59
5.04	4.75	5.69	5.65	5.64	5.55	5.34	5.63
111.5	125.39	115.08	109.44	119.96	121.25	133.09	153.73
20.05	23.91	22.57	19.62	27.02	20.94	21.2	21.74
73.6	67	62.07	76.68	69.34	71.94	72.41	79.05
20.93	22.16	24.49	23.67	25.19	24	22.1	25.44
37.46	45.12	50.08	55.94	42.66	48.81	41.33	37.19
40.61	37.27	38.73	29.68	33.66	34.46	33.22	37.01
26.7	27.69	26.77	23.77	30.97	28.96	28.02	32.11
27.36	26.73	33.63	30.84	25.14	24.25	27.69	24.78
7.46	7.29	6.39	6.49	6.97	6	6.59	7.39
6.02	5.97	5.8	5.63	4.89	4.74	5.05	4.49
60.29	66.81	65.04	83.62	61.59	76.07	77.76	60.25
60.75	57.63	53.12	49.17	57.68	44.33	49.42	46.04
49.42	47.4	46.65	53.75	54.55	50.62	58.51	53.46
15.27	18.93	13.81	15.09	16.73	15.16	11.87	13.64
3.65	2.94	4.07	3.62	4.33	3.79	4.17	3.45
34.82	36.07	43.31	42.88	40.13	44.71	38.68	39.56
72.78	71.4	80.43	78.44	79.4	80.45	82.25	84.24
14.96	20.79	18.23	20.19	17.92	15.82	14.91	15.54
6.39	6.55	4.94	4.96	5.26	5.93	5.26	5.48
27.93	32.56	29.89	28.68	34.86	33.44	32.86	30.31
17.5	15.57	14.35	17.57	14.01	16.41	13.66	15.98
61.14	66.63	66	55.6	79.03	66.35	52.06	76.19
53.08	53.81	54.32	58.75	57.03	60.24	58.3	59.75
21.65	25.37	22.79	23.33	23.09	21.79	23.67	24.63
26.23	26.88	26.72	29.25	25.3	29.37	26.21	27.8
13.97	14.53	19.19	14.36	13.6	13.29	13.88	12.46
4.04	4.07	4.83	4.54	3.54	3.25	3.16	3.61
39.54	34.24	38.98	40.46	38.05	38.23	36.52	44.78
37.61	42.15	46.23	47.59	38.9	45.93	46.02	49.01
2.58	2.21	2.33	2.68	2.31	2.32	2.41	2.41
26.54	26.26	21.19	27.7	27.57	22.42	21.73	32.08
20.71	20.47	20.4	17.23	22.05	21	19.9	17.9
14.26	14.89	12.53	13.17	13.23	13.48	11.46	12.77
123.55	118.89	130.98	139.73	104.63	115.57	129.24	132.02
15.22	12.65	12.77	13.97	14.96	15.88	13.93	13.06
8.17	6.85	7.39	5.8	8.17	6.7	6.43	6.7
36.69	37.44	30.58	34.38	36.14	32.49	38.1	33.03
25.33	24.68	27.17	27.73	25	28.49	21.79	20.67
88.69	102.12	85.18	95.11	87.02	95.96	81.32	88.02
121.83	179.22	124.07	126.24	123.84	119.28	139.99	138.24
24.4	24.79	25.03	23.16	20.01	22.7	20.24	21.13
46.05	51.86	44.51	47.33	41.62	40.52	42.81	43.69
12.36	14.13	13.65	14.83	12.26	14.44	11.52	17.09
37.6	43.07	37.9	36.4	34.98	42.22	44.13	38.4
47.01	48.54	35.17	41.58	36.58	44.06	40.28	38.56
2.95	2.85	3.22	3.41	3.2	2.93	3.07	3.43
13.38	10.78	11.29	13.52	12.65	11.47	12.45	10.89
2.89	2.75	2.46	2.86	2.78	2.32	2.68	2.48
16.16	13.66	14.59	15.59	16.75	18.61	16.58	16.3
33.48	34.08	32.53	35.17	28.68	28.28	35.1	38.55
10.63	12.89	15.8	11.87	10.45	10.83	15.01	14.71
18.29	14.03	17.15	16.88	16.9	16.31	16.21	14.3
34.33	28.82	38.18	29.59	27.97	25.97	32.83	33.09
3.92	5.13	4.31	4.81	4	4.49	4.34	4.7
