32.64	34.66	41.55	38.53	39.25	41.13	40.34	38.06
37.75	40.26	35.43	51.23	43.88	43.05	35.65	48.41
76.94	77.49	67.03	84.27	94.23	76.02	82.28	78.81
41.78	36.65	34.92	36.53	35.59	31.89	38.14	35.39
41.13	38.93	40.47	45.71	36.39	49.61	50.51	47.3
15.39	15.93	17.06	21.17	17.65	16.4	14.93	17.75
59.6	59.04	55.91	62.8	61.72	66.98	51.94	69.75
10.87	10.88	12.61	8.99	12.76	9.53	12.15	10.31
46.9	45.15	41.13	42.1	47.95	48.1	57.77	38.2
20.57	20.11	21.16	19.4	20.45	16.59	19.34	19.59
8.79	11.28	12.35	10.09	13.35	10.08	11.22	9.53
64.99	56.02	58.83	53.67	58.2	70.43	52.07	64.36
3.45	3.06	2.69	2.82	2.92	2.78	2.7	2.26
37.65	39.76	37.79	37.49	44.06	33.2	33.25	38.17
20.16	20.26	16.18	15.3	18.32	16.66	16.44	17.58
10.82	11.37	10.31	11.61	11.74	10.35	9.98	11.8
9.94	9.77	9.42	9.24	9.47	10.6	7.36	11.39
26.53	22.37	25.84	20.95	23.28	21.73	24.89	27.15
26.21	22.99	24.06	23.45	21.3	18.56	22.67	21.24
36.68	33.16	29.88	34.4	31.94	35.93	27.72	34.53
35.26	38.56	35.1	36.36	34.55	37.77	40.06	39.98
53.9	53.1	55.13	47.89	60.97	63.26	53.88	61.15
3.2	2.52	3.26	3.33	3.07	3.3	3.16	3.15
9.81	11.35	10.13	8.69	12.34	10.17	10.9	12.23
22.07	20.65	18.47	22.4	19.87	18.98	23.42	21.94
12.89	17.02	15.62	15.38	14.6	16.87	12.89	15.75
1.38	1.3	1.21	1.43	1.93	1.38	1.29	1.47
3.76	3.55	3.95	4.39	4.8	3.89	3.83	3.82
33.52	35.11	37.56	34.75	32.66	38.81	33.91	33.08
8.43	8.54	9.92	10.4	8.74	8.41	9.58	10.17
8.24	9.32	8.46	8.25	8.62	9.06	8.42	7.97
72.89	72.55	81.61	74.32	72.23	83.02	81	76.59
20.18	22.06	19.01	16.17	16.01	22.33	20.47	18.39
10.98	14.24	14.25	14.18	15.34	11.51	13.03	15.66
35.47	43.51	40.47	38.4	44.31	39.21	34.57	38.15
101.17	101.62	111.21	119.65	110.75	95.82	100.15	106.72
69.43	67.27	62.26	70.23	53.7	67.83	59.64	67.25
38.89	42.31	43.65	31.43	44.09	35.57	36.77	44.42
7.87	8.84	6.37	7.01	7.2	7	7.7	7.08
2.65	2.39	2.66	2.76	2.7	2.59	2.1	2.72
25.03	21.68	26.98	26.07	22.77	25.16	23.11	24.92
18.32	18.29	20.42	15.4	17.07	17.78	13.94	17.4
13.04	12.66	10.82	15	12.81	12.5	13.2	15.14
18.34	23.38	19.21	17.97	18.97	15.86	17.2	17.37
25.01	25.68	30.04	29.4	28.02	27	28.94	29.42
101.93	99.28	91.47	94.33	91.73	93.97	94.58	83.17
9.96	9.12	7.89	9.18	9.68	8.77	8.42	9.16
16.5	23.01	18.06	22.9	18.15	17.12	18.8	17.58
17.51	17.82	14.09	15.93	15.24	13.16	18.71	17.27
25.96	30.05	28.66	25.65	29.25	28.47	30.65	28.18
5.41	4.88	6.07	5.99	5.83	5.45	4.99	5.23
91.8	80.09	73.16	73.34	67.96	71.31	76.26	83.29
10.06	9.56	10.61	10.64	7.04	9.97	9.69	10.05
48.74	54.75	52.17	51.07	49.55	58.88	56.68	47.01
5.39	4.36	5.14	4.85	4.91	4.04	4.76	4.17
29.16	34.42	34.72	26.14	33.94	29.09	33.57	32.64
40.38	40.15	38.04	39.01	45.77	40.03	44.29	42.38
28.55	34.15	29.1	30.21	28.49	35.12	29.74	23.94
71.62	60.34	73.31	67.92	52.29	71.61	75.86	68.6
57.56	52.94	49.34	49.47	44.23	45.31	47.38	45.31
9.36	9.88	8.93	8.97	9.07	8.88	8.06	9.06
34.71	42.29	39.34	43.52	39.13	44.63	38.82	39.19
12.73	16.82	15.48	14.17	13.25	12.46	15.34	14.11
62.49	58.3	58.23	57.59	53.16	58.62	62.22	63.29
14.63	12.29	12.72	14.83	11.21	11.39	14.85	11.18
32.48	36.3	33.5	33.11	35.51	37.92	32.38	33.89
88.43	87.02	99.6	100.91	85.43	85.53	98.58	79.95
31.71	29.08	29.88	27.66	23.95	26.77	28.4	30.04
31.02	34.44	31.11	36.45	35.04	32.22	32.2	38.04
17.1	17.11	18.07	16.46	16.46	15.71	18.55	16.36
10.23	8.63	10.02	7.97	9.41	9.38	9.51	9.49
21.05	19.25	14.5	16.67	15.91	19.87	15.6	17.62
103.06	89.03	108.99	108.02	97.62	101.54	83.25	85.17
6.69	6.8	6.14	5.59	5.69	6.3	6.39	5.88
8.18	8.81	9.81	9.92	10.37	9.37	8.38	9.29
45.91	36.12	41.78	47.54	47.93	38	38	44.19
82.16	74.33	73.72	77.43	76.27	73.62	77.95	76.73
1.62	1.79	1.81	1.73	1.83	1.71	1.98	1.91
9.4	8.68	8.49	8.62	8.19	9.73	8.73	8.53
55.03	53.73	63.93	62.02	70.37	67.14	54.89	60.54
81.83	78.86	81.55	86.85	92.95	86.73	79.13	75.73
30.11	36.34	37.07	30.55	31.75	34.18	34.39	36.06
23.52	28.64	27.47	28.68	29.31	26.41	25.83	27.51
26.14	24.14	31.55	27.98	29.8	23.82	24.64	22.91
22.88	27.41	23.53	23.3	25.02	28.2	29.18	22.93
34.03	33.49	30.91	35.61	30.29	28.79	36.12	37.04
4.15	4.34	4.62	5.79	4.43	4.97	4.76	4.47
16.79	14.83	15.87	17.95	16.41	14.98	15.49	17.7
22.81	24.33	25.55	23.03	27.54	28.06	27.67	25.21
27.08	30.03	33.03	32.69	30.86	27.15	28.77	26.92
38.17	36.98	32.3	35.04	32.51	33.84	39.51	34.07
126.56	153.02	126.8	131.04	128.45	126.48	139.91	113.11
56.86	51.74	41.21	42.01	51.98	39.93	47.73	42.04
30.4	33.4	36.43	28.98	32.83	28.63	29.2	33.66
43.98	49.49	49.73	50.96	47.32	48.6	44.36	42.74
19.58	23.91	18.46	19.29	20.29	18.45	24.55	23.46
7.37	6.76	5.57	6.71	7.62	6.28	6.76	7.26
8.98	9.19	10.56	8.57	11.48	9.35	8.51	10.52
14.92	18.36	18.76	18.44	19.56	18.95	17.63	12.67
80.68	85.63	80.08	88.5	80.38	69.63	87.78	82.26
8.43	8.45	8.57	9.04	8.55	9.15	8.47	7.29
94.96	115.24	97.86	92.88	112.13	95.27	93.06	104.96
60.71	57.57	48.25	60.41	62.23	63.49	55.09	59.58
9.56	6.86	8.03	7.11	9.39	8.3	7.8	6.7
29.3	30.12	30.38	30.11	30.9	33.64	27.97	23.67
43.85	49.77	50.92	46.16	48.04	43.52	41.76	48.46
17.15	15.97	16.89	16.05	20.61	17.36	17.63	15.34
97.01	100.6	103.48	89.36	99.32	99.12	97.42	101.13
27.04	27.57	24.1	30.39	26.43	26.01	27.78	27.73
12.28	13.38	14.6	12.09	13.77	11.89	15.25	14.73
42.4	51.36	48.26	40.91	45.93	46.81	52.21	51.86
79.61	73.92	65.67	73.94	82.16	58.46	70.25	70.08
51.92	51.25	56.2	57	53.05	42.75	44.1	50.17
20.53	22.37	20.68	18.02	19.05	20.05	21.46	24.41
15.65	13.66	14.58	15.3	13.98	14.1	13.17	10.65
44.39	57.92	50.69	38.1	49.47	49.97	59.05	44.59
29.16	28.84	30.63	29.37	28.02	27.64	22.1	30.71
8.75	9.22	9.49	8.54	6.56	7.84	7.06	7.52
12.57	11.92	12.85	12.91	14.08	11.56	11.72	12.98
57.04	49.72	44.55	49.33	54.5	47.62	48.07	64.87
6.03	5.88	5.8	5.85	5.98	5.54	4.99	5.2
54.37	51.21	47.23	47.47	54.86	50.02	47.46	49.57
7.09	7.81	6.91	8.03	7.92	7.26	6.82	7.25
19.11	14.32	16.34	17.28	15.34	14.41	19.77	15.14
29.94	29.47	40.92	31.9	33.5	36.23	26.68	32.1
12.35	13.94	14.87	15.68	13.84	15.83	12.68	14.8
3.96	4.55	4.61	5.74	4.36	4.62	4.41	5.04
14.8	14.39	16.59	12.99	14.47	17.76	12.81	13.84
34.63	29.7	32.63	29.45	31.36	22.87	29.9	29.04
89.11	85.74	85.97	102.54	85.11	92.08	90.44	92.71
14.95	12.36	11.33	13.33	13.19	11.68	10.72	11.91
46.76	50.3	54.72	46.41	39.43	43.72	40.21	43.05
60.97	66.02	59.37	65.14	57.09	70.01	75.49	61.19
26.76	29.04	28.2	30.46	31.5	27.85	24.9	29.69
5.01	5.86	4.7	5.35	5.09	4.65	4.49	4.7
32.17	28.58	34.09	32.68	27.1	32.33	33.1	29.17
38.95	45.53	41.06	47.5	44.73	52.84	45.36	44.65
129.97	146.74	105.27	118.56	112.39	128.09	120.39	107.12
2.92	3.56	3.2	3.38	3.59	3.06	3.56	2.81
7.61	7.65	8.73	8.47	8.35	6.82	8.39	8.09
75.58	67.51	56.42	64.71	65.23	63.97	71.73	72.49
4.29	4.41	4.39	5.62	4.96	4.41	3.76	4.11
20.96	23.1	23.6	25.8	30.69	23.45	27.67	26.09
6.2	7.85	6.91	6.06	7.57	7.2	7.13	6.89
12.71	13.54	16.19	12.35	14.61	13.13	14.8	14.16
22.93	22.97	22.36	23.83	22.96	24.14	22.33	23.69
6.06	4.39	6.57	4.77	6.87	5.2	6.34	5.37
13.43	15.52	13.93	14.06	12.75	13.41	14.99	15.95
10.38	12.57	11.74	12.48	10.82	11.8	9.57	11.07
21.27	22.66	27.02	23.75	26.38	21.65	22.28	26.44
26.1	26.16	24.75	22.51	26.21	27.27	25.27	25.73
35.56	45.59	33.94	35.33	41.54	34.72	43.29	37.3
14.4	13.75	13.84	12.97	14.38	14.07	13.12	16.48
31.67	40.94	39.89	35.41	37.66	33.22	33.84	29.57
12.46	12.78	11.79	13.92	13.48	11.66	14.2	12.96
43.83	38.69	39.36	39.54	44.6	47.62	42.01	45
28.57	26.24	29.1	29.05	22.96	27.11	29.24	30.83
38.48	36.23	40.75	35.26	40.3	35.73	41.88	33.09
6.97	5.9	5.35	5.4	6.46	5.29	6.27	6.5
16.04	17.42	21.3	17.59	18.05	17.34	17.09	16.89
28.89	29.96	29.67	30.44	23.56	28.04	27.43	33.08
39.92	37.91	47.27	39.16	37.59	49.66	52.66	40.1
6.33	7.54	7.46	5.3	6.43	6.59	6.07	6.98
56.25	56.86	67.17	58.35	59.79	57.45	52.39	59.33
21.7	19.46	24.02	21.06	21.03	21.12	25.42	23.72
17.58	19.42	15.39	16.54	18.69	21.43	15.27	18.36
3.26	3.06	3.13	3.38	2.94	3.11	3.09	3.49
34.9	38.87	38.47	39.52	37.66	34.93	35.92	30.89
7.66	8.59	7.84	8.07	6.27	6.82	7.91	8.11
61.32	60.69	60.64	52.16	56.57	51.95	50.92	50
15.87	18.97	17.16	14.57	18.07	18.54	16.65	17.42
54.15	51.11	54.69	48.66	38.17	48.14	42.4	48.8
11.46	11.83	11.15	11.85	10.92	12.76	10.35	11.3
3.09	4.02	3.25	2.82	3.12	3.37	3.21	3.75
15.55	22.52	17.8	18.1	17.9	18.3	19.75	18.74
31.29	35.7	36.34	28.74	37.83	35.2	36.07	36.37
77.64	81.98	70.83	64.47	77.37	78.45	74.49	69.97
34.49	36.29	41.7	40.89	35.21	40.73	44.04	40.05
33.27	31.03	28.19	32.82	27.1	30.61	25.09	30.25
27.49	26.82	25.28	28.99	29.13	28.09	27.31	28.11
4.53	3.91	4.33	4.74	4.68	4	3.77	4.65
6.61	8.62	5.78	6.26	8.98	7.51	6.23	6.23
5.51	5.76	4.6	5	5.25	5.57	4.23	5.25
9.63	7.54	8.42	9.32	7.89	9.42	7.34	7.83
11.67	10.72	11.59	11.64	10.25	9.57	13.96	11.71
25.48	23.74	25.39	24.89	27.06	23.61	27.9	25.87
16.1	17.19	19.26	18.64	18.12	20.28	19.27	20.94
68.32	71.03	69.48	67.93	68.66	78.38	73.45	78.92
30.9	33.47	31.86	30.52	26.46	27.8	27.86	31.22
8.23	10.39	8.08	7.28	7.74	7.96	7.66	7.54
20.89	17.43	16.58	17.86	17.95	20.12	19.94	21.56
14.62	14.17	11.01	12.3	12.08	13.21	12.47	12.94
16.16	17.64	16.85	14.87	16.91	18.25	15.87	18
13.4	14.92	12.65	12.36	13.61	14.1	13.51	14.08
19.42	22.56	20.29	19.86	24.43	25.53	22.07	30.03
13.47	12.44	12.91	13.34	14.92	12.15	13.37	14.52
4.58	4.83	4.01	4.28	4.16	4.89	4.61	5.11
17.41	20.5	20.39	21.78	23.95	18.87	20.08	20.45
17.61	16.13	17.45	18.45	13.14	16.48	15.59	16.89
61.89	60.37	52.25	56.13	59.5	58.68	62.37	46.18
5.81	4.87	6.89	5.94	5.99	7.04	5.98	5.8
9.08	7.07	8.18	8.02	7.92	6.74	9.28	8.49
61.67	69.64	70.76	69.06	57.16	67.53	66.38	60.63
94.9	107.05	111.28	129.56	107.56	106.52	102.4	120.26
21.01	19.78	16.78	18.63	18.43	19.38	18.25	18.25
26.45	21.79	26.16	27.09	29.46	22.91	23.39	23.36
35.55	35.02	29.62	36.74	36.07	33.33	29.78	35.6
13.9	14.66	13.46	13.51	13.48	12.98	13.01	13.12
10.09	9.57	11.06	11.36	10.36	9.68	10.44	9.98
41.9	37.54	34.96	41.47	36.2	34.94	34.77	36.59
14.6	14.45	14.85	14.69	15.6	14.45	11.71	15.23
119.43	140.34	114.18	126.91	134.95	128.22	107.15	129.89
26.39	27.14	25.63	25.06	24.12	26.98	19.76	27.57
4.82	4.71	5.16	4.61	4.68	4.98	4.57	4.67
11.01	10.48	10.15	12.83	11.56	10.13	9.38	10.27
2.43	2.42	2.35	2.36	2.36	2.91	2.84	2.41
26.01	23.56	26.09	23.25	25.08	26.55	23.79	29.26
17.13	24.97	19.05	22.17	21.32	22.12	23.79	17.48
10.23	10.28	12.18	11.2	11.22	11.81	12.82	10.37
33.45	37.65	42.39	32.58	44.55	38.8	47.71	42.45
46.73	45.29	49.98	52.07	49.32	56.35	47.25	46.54
42.08	37.03	38.65	45.14	36.99	36.94	34.57	35.15
69.06	92.41	71.52	77.83	76.27	69.04	79.53	76.94
16.38	15.97	13.42	14.94	15.24	16.65	17.49	16.51
21.02	23.6	21.68	24.49	20.84	24.35	21.39	26.64
21.29	19.32	19.26	18.63	25.05	21.3	19.4	20.2
40.03	44.54	46.11	43.34	53.7	38.05	41.93	43.13
41.18	36.1	34.09	37.26	37.95	35.3	37.94	47.13
8.82	9.02	9.23	10.93	8.22	8.99	9.43	8.68
7.36	8.33	9.02	7.02	8.76	7.17	7.41	8.27
24.01	26.28	21.9	19.66	24.2	21.46	24.44	22.12
12.41	11.89	10.72	11.31	10.49	12.02	11.55	9.18
1.7	1.5	1.32	1.42	1.42	1.49	1.45	1.33
61.81	64.32	62.56	60.22	46.81	69.83	77.71	56.64
7.74	6.24	8.99	9.76	7.96	7.28	8.04	7.93
34.37	37.32	34.51	37.91	29.5	31.53	29.81	31.57
49.38	43.4	44.52	37.76	44.59	46.88	48.61	45.38
10.02	11.35	10.49	9.35	9.16	7.85	10.69	10.2
2.75	2.66	3.28	3.55	2.95	3.2	3.23	3.6
24.56	26.11	29.18	31.02	25.9	26.35	27.87	23.67
22.44	20.71	18.24	20.35	17.98	17.44	19.07	17.89
95.91	70.99	106.34	74.58	86.28	102.05	87.56	87.05
1.84	1.76	1.31	1.46	1.75	1.52	1.89	1.9
17.28	15.54	13.88	17.95	16.56	15.71	16.09	13.86
53.85	55.93	64.21	61.34	56.31	53.05	46.37	51.31
31.46	33.72	38.01	34.18	27.82	33.09	41.81	35.18
39.63	39.6	49.75	39.17	39.56	39.37	38.67	42.88
27.63	33.03	29.28	30	34.37	28.08	27.93	28.53
97.48	95.53	96.54	97.91	92.82	103.55	89.83	79.68
22.35	19.38	22.2	22.17	21.27	17.43	20.1	22.6
18.53	19.7	21.9	17.86	18.66	21.82	18.73	20.38
4.81	4.39	5.46	4.87	5.65	4.4	4.54	5.18
20.41	21.04	21.29	16.95	18.63	25.03	18.58	17.82
66.79	72.32	79.55	69.8	66.48	67.01	57.9	68.4
11.76	9.68	12.18	12.37	9.6	10.29	10.92	9.78
12.36	14.81	13.5	13.3	11.46	11.29	14.46	14.48
28.01	32.72	32.48	32.42	29.75	32.1	28.56	32.27
7.13	7.22	7.67	7.47	8.09	8.07	7.05	7.73
69.38	88.74	72	77.29	76.42	77.98	69.8	69.78
8.78	8.2	6.34	7.74	7.3	8.85	7.76	7.03
54.27	53.76	53.16	60.44	64.91	59.83	62.69	58.78
75.4	64.73	68.01	67.35	77.36	73.02	68.48	64.88
33.05	33.24	30.61	31.11	32.62	32.35	32.49	31.4
21.89	22.62	24.83	25.04	23.45	24.59	25.62	26.4
5	5.65	5.1	4.99	5.43	5.08	4.91	6.33
33.92	31.62	31.07	26.43	31.47	33.49	35.61	27.08
25.66	27.11	23.4	28.39	24.59	28.14	32.17	29.82
12.71	14.02	11.63	10.88	12.81	13.79	12.49	13.9
6.8	6.06	7.84	7.35	6.16	7.07	6.23	7.15
22.87	25.66	30.48	29.99	26.13	27.76	22.49	26.88
17.79	17.62	17.99	21.32	20.08	20.33	18.49	20.55
55.09	41.15	52.79	48.23	53.75	60.35	44.65	51.29
46.98	39.76	48.28	42.22	41.11	45.19	43	49.51
55.07	46.74	46.72	60.48	53.98	47.73	52.25	59.4
29.2	27.38	27.35	25.84	28.13	26.69	24.99	27.35
3.83	3.87	4.3	4.69	4.12	4.25	3.87	4.93
10.89	8.7	8.42	9.36	9.56	9.49	10.3	10.22
41.33	37.53	36.6	38.63	38.32	50.76	38.57	40.48
37.15	48.12	37.28	38.89	51.53	46.78	42.04	42.39
1.18	1.05	1.12	1.98	1.09	1.32	1.04	1.06
31.44	25.63	30.82	29.25	23.75	29.68	21.02	22.09
4.86	4.83	4.18	4.29	4.5	4.6	4.57	5
32.18	30	30.84	31.2	35.11	31.49	28.33	32.55
22.44	20.49	18.23	18.69	15.46	23.47	16.26	23.42
16.13	14.17	16.21	12.1	13.23	17.2	15.27	15.72
84.82	79.97	86.73	85.5	71.4	94.2	81.59	69.74
32.88	37.18	32.55	33.86	39.12	37.25	33.93	34.98
23.8	23.6	25.2	20.77	26.7	22.84	20.98	22.75
8.91	9.09	9.62	9.92	10.09	9.61	9.17	11.46
51.88	50.83	41.24	47.06	41.55	41.51	49.23	45.33
6.42	5.95	5.97	6.62	6.69	6.15	7.07	7.23
36.6	35.93	41.24	40.02	39.38	32.97	37.31	46.53
3.5	4.14	3.46	3.61	3.65	4.1	2.94	4.21
36.97	33.54	35.8	32.21	35.77	39.52	33.18	32.98
4.63	5.74	5.22	4.64	5.2	3.93	5.31	5.38
11.08	14.43	13.16	12.18	10.85	12.78	13.74	13.16
18.24	13.35	18.71	18.64	18.29	15.21	17.55	13.93
19.22	15.22	17.77	18.56	15.32	15.6	18.12	15.05
2.25	2.11	2.11	2.12	2.1	2.09	2.05	1.93
11.88	11.77	10.47	13.45	10.45	9.74	11.79	10.39
22.17	25.17	22.45	25.17	22.21	21.38	25.25	27.64
12.97	18.55	14.93	12.12	12.77	15.41	15.33	15.23
14.64	15.08	16.28	17.76	13.11	12.95	15.59	14.45
18.36	21.51	24.1	22.24	20.48	23.38	26.58	25.82
21.37	18.71	18.08	18.08	19.26	18.11	14.35	18.49
16.33	14.14	14.97	15.2	17.48	16.94	15.37	13.22
68.65	81.49	60.41	69.21	56.88	66.54	69.42	60.46
28.87	27.53	28.05	24.12	27.22	27.28	26.03	33.41
102.43	113.2	140.76	98.01	111.88	111.43	118	96.17
52.41	56.45	53.95	65.23	62.24	64.41	64.26	54.23
19.2	16.33	15.09	18.83	20.74	21.18	19.6	18.65
107.91	116.81	91.22	120.77	117.84	113.66	121.87	109.42
9.92	11.41	9.42	11.1	10.55	10.37	10.1	9.07
25.36	31.99	33.52	27.53	29.26	29.22	32.38	30.03
21.66	16.77	21.96	21.36	22.32	19.78	23.45	21.83
74.56	90.13	85.35	92.04	92.68	99.25	91.75	104.05
4.67	5.29	4.86	5.07	4.25	4.51	4.36	5.11
10.37	10.43	11.76	12.05	10.24	11.04	11.13	10.79
20.85	18.7	22.14	16.45	19.21	20.53	22.24	20.6
13.16	12.14	12.84	14.06	14.91	14.16	11.48	12.61
20.98	21.32	21.16	22.47	23.19	20.34	27.09	22.26
22.72	24.82	23.95	25.88	24.93	23.59	24.21	22.3
27.85	30.83	28.58	25.47	25.46	29.04	29.48	28.22
38.68	36.21	35.03	37.78	34.95	36.84	39.27	39.04
11.35	12.57	11.74	13.27	11.11	10.71	10.31	10.88
38.64	35.13	33.17	35.14	32.1	29.62	34.24	32.68
55.99	59.61	45.11	62.28	54.09	60.58	50.83	57.71
4.64	5.37	5.02	5.02	6.27	5.71	5.31	6.11
11.54	11.41	12.14	12.57	10.86	14.38	13.01	11.42
14.18	14.15	16.18	14.32	12.45	15.02	17.89	14.59
70.9	54.46	64.28	66.68	48.49	62.19	64.57	61.91
129.09	120.45	129.79	120.73	116.16	122.49	138	162.9
68.24	82.1	78.42	72.51	77.88	91.31	90.53	69.09
8.87	10.87	11.32	8.29	10.7	10.13	11.32	9.7
6.73	6.2	6.12	7.25	7.56	7.04	6.89	7.22
4.94	4.07	4.91	4.56	4.56	4.58	4.11	4.84
20.31	23.15	20.12	21.61	19.44	19.75	21.98	26.59
6.77	6.01	5.6	6.25	6.61	5.6	5.59	5.12
24.7	21.99	20.78	22.5	22.66	25.05	19.5	21.75
29.35	30.54	43.29	32.79	30.62	32.3	38.89	32.51
21.2	27.1	17.64	25.23	26.22	24.67	30.26	23.85
4.74	4.64	4.66	4.92	4.36	4.38	4.83	4.87
6.87	6.76	7.11	6.59	7.16	5.82	5.81	5.03
28.67	27.14	32.65	37.38	34.56	30.85	34.56	29.72
7.58	8.57	8.87	6.04	7.86	7.53	7.18	6.9
19.69	21.17	18.18	21.19	17.76	16.26	17.69	21.63
13.65	19.08	13.18	18.54	13.41	13.26	18.24	15.83
18.35	18.24	14.57	21.05	18.71	17.97	13.56	19.02
6.94	7.71	6.61	6.37	5.41	7.85	7.51	5.98
148.45	136.39	141.59	127.37	119.26	109.45	124.5	107.95
35.49	39.5	34.73	40.12	43.01	36.42	40.51	38.52
28.39	30.33	29.16	27.76	23.86	33.95	30.78	32.75
83.92	101.55	82.05	89.77	85.19	75.14	96.94	80.93
121.41	101.02	115.34	131.23	116.13	113.25	131.43	108.74
84.81	65.96	61.69	85.99	79.97	65.34	79.45	71.89
1.27	1.17	1.15	1.12	1.2	1.97	1.08	1.12
8.11	9.87	8.74	9.5	10.55	10.03	8.09	9.37
15.66	14.66	15.05	15.62	16.51	15.38	16.87	16.43
38.15	27.85	29.03	37.08	34.77	38.99	29.31	29.97
1.63	1.68	1.68	1.6	1.6	1.62	1.67	1.61
60.94	73.5	63.7	57.26	65.25	49.68	65.57	63.32
47.64	54.14	60.94	55.28	49.31	54.46	57.52	49.16
23.66	25.52	27.12	24.07	24.92	21.31	26.02	24.54
44.67	35.52	40.72	36.04	43.61	37.21	37.32	35.34
44.91	44.44	50.67	53.5	47.51	45.96	45.09	35.89
46.58	40.32	41.36	53.96	54.14	37.83	50	49.66
46.24	39.03	33.24	36.13	38.58	39.36	45.59	35.44
86.52	81.85	86.33	76.37	89.96	77.8	67.09	89.8
43.42	32.57	35.73	35.05	29.37	40.68	36.18	34.83
29.97	26.86	29.06	30.42	31.93	28.33	29.73	28.55
8.51	10.14	9.49	9.37	11.03	11.91	10.05	10.05
9.88	7.94	8.87	9.39	10.28	11.33	9.05	9.69
23.17	24.52	26.83	27.53	30.31	25.98	27.65	29.2
4.76	5.75	5.29	5.3	5.02	5.08	5.28	4.65
17.99	18.22	19.97	19.42	17.02	20.49	15.29	19.62
45.6	46.89	52.17	59.12	41.65	46.82	63.49	43
96.81	148.25	101.87	140.5	123.05	140.07	116.65	117.7
7.94	5.82	4.98	7.23	5.24	6.62	6.23	6.09
29.05	31	29.31	26.98	31.59	29.93	30.45	23.95
3.36	3.22	4.05	2.79	3.52	3.71	3.05	3.55
145.71	136.45	130.02	138.36	150.4	144.98	124.93	139.62
4.25	4.75	3.88	4.74	4.25	4.53	3.9	4.1
8.92	10.41	10.18	10.11	10.15	9.29	10.43	11.51
56.46	66.48	72.77	68.79	60.72	61.85	67.16	48.63
9.25	12.14	9.49	9.07	12.08	10.97	10.7	11.24
4.02	3.89	4.68	3.35	4.77	4.01	3.78	4.47
12.45	12.35	16.25	14.36	15.12	13.83	13.47	12.93
21.92	23.12	23.43	26.05	24.64	26.32	25.31	23.87
40.24	30.84	31.08	39.33	34.88	35.52	32.9	28.41
1.85	1.9	1.76	1.83	1.79	1.85	1.78	1.72
14.15	13.96	16.29	15.35	11.59	13.46	15.48	17.8
32.3	30.48	29.72	34.44	33.87	36.5	37.37	36.33
5.75	6.08	5.94	5.67	5.48	5.53	5.97	6.17
40.29	31.59	36.01	34.85	30.02	38.23	38.71	36.5
33.26	34.58	30.96	34.53	32.1	31.01	35.57	30.29
2.56	2.2	2.62	2.01	2.28	2.37	2.43	2.45
11.67	14.3	12.27	13.33	11.32	12.27	11.17	12.22
17.35	16.55	16.02	13.99	15.56	14.77	14.29	16.11
24.98	28.28	25.37	25.26	23.8	28.24	29.63	27.48
72.35	87.16	92.63	61.53	89.51	85.26	74	88.64
32.42	29.66	32.42	37.47	33.48	38.33	37.55	30.22
37.26	40.33	38.48	39.57	44.08	33.75	46.53	43.76
42.23	53.26	49.05	44.75	52.06	49.46	54.2	47.33
11.71	8.93	11.89	10.58	11.11	10.48	11.88	13.17
68.46	73.44	67.16	65.31	60.95	51.27	69.56	60.89
11.4	11.23	11.18	9.79	10.62	12.01	12.05	10.28
35.41	31.69	31.53	32.19	30.04	33.13	34.97	30.27
3.57	2.71	3.18	3.5	3.37	3.98	3.69	4.61
5.4	5.59	4.75	4	4.56	3.92	3.92	4.82
60.26	57.61	69.33	70.32	55.73	56.74	66.76	58.04
2.7	2.06	2.3	2.63	2.83	2.82	3.19	2.36
12.84	14.73	12.95	13.11	12.92	12.24	14	15.08
17.82	15.52	18.73	17.87	16.25	18.8	17.9	19.94
6.99	6.4	6.02	5.94	6.61	6.64	5.93	5.41
21.45	20.05	16.74	17.11	19.51	21.15	18.91	18.59
5.52	5.56	5.85	4.83	4.3	5.88	5.04	5.74
18.58	20.04	17.56	16.22	21.88	18.97	20.43	23.12
1.77	1.81	1.9	2.38	1.86	2.24	2.48	1.89
25.13	27.65	29.28	27.46	25.44	23.95	24.02	19.99
53.03	46.78	45.28	48.04	43.54	41.33	42.99	46.7
23.16	30.12	24.84	33.74	24.69	22.65	28.34	28.78
9.49	9.36	11.49	10.84	12.11	13.48	10.71	11.28
53.16	47.61	34.19	47.07	45.92	41.32	36.8	49.61
17.63	21.11	23.26	17.96	18.26	19.36	18.85	24.81
1.5	1.3	1.63	1.94	1.53	1.58	1.4	1.3
42.92	42.69	52.83	40.43	42.65	40.68	45.11	32.15
2.37	2.66	2.63	2.43	2.77	2.48	2.07	2.37
34.11	38.27	36.83	37.09	37.62	39	42.79	34.15
25.21	30.04	29.05	26.42	24.81	24.47	29.63	29.35
4.5	4.77	4.88	5.35	4.49	5.5	5.24	5.09
197.97	186.48	164.48	183.3	158.03	180.53	169.17	194.81
29.57	30.32	29.05	30.83	26.74	30.3	32.95	28.11
205.71	193.55	185.24	190.36	171.59	151.99	189.95	175.94
8.05	8.22	8.14	6.52	6.69	6.26	5.99	6.4
46.08	44.42	31.73	45.3	44.13	42.74	45.23	43.63
13.16	14.42	14.86	16.91	12.46	16.73	14.85	13.7
16.24	15.94	15.81	15.85	16.49	14.69	16.22	16.3
16.32	17.14	15.17	13.63	13.76	13.24	12.93	15.35
15.15	17.2	15.34	18.19	18.41	17.29	16.92	17.09
2.91	3.84	4.04	3.73	3.94	3.9	3.44	4.29
41.91	47.5	47.86	45.31	45.9	48.02	43.72	50.56
39.92	36.97	31.84	34.05	40.65	34.39	33.77	29.93
65.12	66.9	57.89	66.05	78.45	59.78	72.83	76.79
59.29	51.67	42.96	47.39	56.44	62.07	49.03	53.78
19.13	18.87	15	19.42	20.24	17.12	17.12	20.13
3.95	3.38	3.46	3.52	3.17	3.57	3.76	3.58
33.25	46.77	32.99	38.03	35.32	37.02	33.15	29.59
53.82	57.7	46.09	57.18	66.06	46.1	61.31	52.89
3.96	3.07	4.04	3.74	3.75	3.09	3.48	3.37
91.47	56.31	69.47	76.17	68.38	73.23	76.77	65.94
20.54	20.07	20.88	21.45	19.03	20.3	20.02	19.29
37.04	34.92	36.27	37.47	29.69	36.78	35.99	32.48
24.72	22.46	21.85	20.44	23.71	22.28	21.39	22.02
18.29	18.22	17.84	16.69	14.22	17.66	14.95	15.35
6.44	6.34	6.33	5.58	6.85	6.63	6.87	6.01
19.6	18.19	22.51	18.68	17.6	20.48	22.86	20.88
44.04	43.06	43.91	46.54	39.2	54.03	44.23	47.86
14.57	14.75	15.36	14.33	16.87	12.71	12.91	13.71
18.59	23.83	18.04	21.14	17.78	18.76	18.45	22.15
63.66	79.55	68.3	62.93	59.97	63.56	74.51	82.3
35.77	41.25	42.49	49.74	37.43	46.06	53.84	37.05
13.33	10.99	12.15	10.14	13.51	10.53	10.62	9.44
34.8	39.5	35.05	30.8	41.41	35.85	41.75	32.14
22.27	26.28	23.66	24.87	23.73	26.18	24.17	24.61
11.92	11.5	10.07	12.83	12.15	12.62	10.43	10.06
13.33	13.68	15.27	13.5	14.37	14.48	11.94	12.67
60.37	66.39	46.89	56.36	64.36	51.68	56.06	58.4
1.91	2.1	1.5	2.09	2.15	1.75	1.94	1.96
41.73	43.83	42.45	45.26	42.61	38.17	35.02	43.63
43.16	43.83	42.43	35.27	43.59	41.79	46.36	45.63
13.54	10.04	12.88	13.62	12.99	11.8	11.47	9.88
6.54	6.69	6.43	5.2	7.62	5.96	6.05	7.01
7.7	6.35	6.59	7.06	7.57	8.91	6.47	7.38
58.29	53.21	53.31	62.3	55.6	60.59	52.03	59.09
15.91	14.96	19.73	17.67	14.6	14.81	14.56	14.25
55.01	56.73	52.3	57.11	53.58	55.33	54.38	52.4
10.24	11.96	11.62	10.91	11.28	11.56	12.55	12.08
123.82	124.36	138.89	159.85	136.23	117.26	128.47	113.6
26.36	26.95	30.08	29	24.15	30.21	30.58	29.34
17.26	14.94	15.3	13.77	15.11	14.8	13.21	15.71
18.52	20.85	20.32	19.37	19.69	18.17	19.89	18.09
7.47	7.38	6.94	7.62	6.78	6.49	6.31	7.63
11.83	10.31	10.21	11.7	9.66	9.52	10.17	10.01
10.27	10.1	8.66	10.4	9.51	11.31	8.14	9.36
61.9	68.77	77.53	77.4	74.08	73.37	65.26	65.71
6.02	5.46	5.48	6.37	7.02	4.98	5.79	5.92
41.51	43.7	39.2	35.13	38.61	39.68	37.89	39.72
12.86	11.36	10.28	11.68	12.56	12.25	11.33	10.52
24.44	26.71	28.77	29.87	25.63	22.07	24.47	22.5
9.96	9.92	10.23	9.98	10.58	9.39	9.95	10.55
56.05	53.55	49.19	48.77	52.28	51.15	53.33	58.17
1.22	1.2	1.18	1.23	1.19	1.22	1.2	1.2
4.69	3.96	4.31	4.55	4.64	4.23	4.84	3.89
25.67	31.12	25.6	23.84	29.04	22.88	23.36	23.06
9.45	10.87	11.32	9.95	9.16	9.95	12.47	10.94
79.03	65.31	65.38	75.8	65.86	80.99	78.9	62.15
12.72	12.67	14.91	13.47	13.99	13.75	16.57	14.77
2.87	3.15	2.7	2.77	2.52	3.03	2.3	2.5
41.94	53.47	39.05	46.31	56.95	43.03	46.93	42.33
46.13	45.48	56.6	48.96	46.19	43.85	39.37	48.01
63.76	60.58	56.02	65.52	76.01	52.93	62.41	62.38
38.06	38.2	39.87	37.29	38.16	44.3	32.4	41.12
52.67	65.48	60.48	68.95	67.63	60.01	60.09	59.48
55.19	53.98	65.97	61.42	50.95	61.39	61.91	54.67
13.61	13.49	14.21	11.33	14.39	14.55	12.1	15.64
23.69	19.85	22.7	20.2	22.44	22.07	19.54	21.34
23.69	23.74	22.7	21.41	24.55	25.47	20.75	18.1
13.46	17.07	13.46	13.33	13.39	14.35	14.57	13.35
51.37	42.91	42.93	41.27	43.5	52.66	43.27	45.23
104.6	96.19	89.02	107.05	95.28	97.09	86.93	92.6
57.62	62.14	49.67	60.22	53.64	46.49	51.67	55.06
20.95	19.82	20.33	18.9	20.49	18.44	18.31	19.66
82.82	81.66	109.95	93.52	85.31	93.94	96.67	106.83
31.5	32.7	35.32	29.85	34.5	28.56	34.07	31.72
33.41	43	39.33	31.18	33.94	32.66	33.69	33.69
15.22	15.29	14.2	15.37	15.95	16.23	16.07	11.12
57.21	67.71	54.79	57.28	58.77	61.26	54.42	55.75
19.88	17.15	18.93	17.96	18.81	16.84	17.38	17.58
77.27	70.75	60.9	58.87	66.09	51.36	81.33	60.29
37.48	34.03	40.85	42.17	41.93	34.58	42.33	43.45
66.72	73.88	65.12	55.21	61.67	69	62.47	63.75
96.52	106.75	111.94	92.93	105.08	95.76	93.22	95.92
30.05	25.94	24.56	24.53	23.3	23.44	19.56	23.6
81.75	63.54	73.56	71.3	58.77	67.33	63.77	67.97
3.54	3.83	4.22	3.19	3.49	2.89	3.92	4.2
88.7	129.94	126.37	104.63	124.27	118.28	103.43	101.28
31.03	33.8	28.53	32.69	20.87	24.87	29.69	32.88
15.45	11.17	14.68	16.49	12.03	10.9	13.34	17.52
19.57	22.93	22.7	20.8	18.45	19.61	21.04	21.15
5.49	6.37	4.9	6.05	5.59	5.78	5.56	4.9
14.78	13.56	13.81	15.37	14.28	12.17	12.62	16.01
1.83	1.57	1.7	1.64	1.78	1.74	1.49	1.67
26.72	27.19	31.58	33.17	23.44	26.68	30.13	24.36
86.82	92.72	99.27	92.69	90.91	106.26	103.69	99.03
53.25	58.84	61.3	51.57	51.71	60.7	63.82	62.66
37.12	37.25	39.59	34.15	38.37	34.76	36.43	35.51
7.51	8.25	9.42	9.21	8.56	7.27	8.84	7.17
17.51	16.76	16.83	14.01	19.12	15.28	17.67	17.34
5.42	4.52	4.98	4.91	5.44	4.85	3.93	5.05
4.66	4.03	4.62	4.79	4.51	5.11	4.39	4.98
21.33	21.86	21.51	23.82	20.57	21.45	17.24	26.24
40.29	42.8	54.21	46.55	50.93	43.36	48.76	40.38
62.2	76.11	80.35	76	75.09	74.04	69.84	75.72
60.04	60.25	63.87	63.24	61.95	65.07	69.93	75.06
37.84	56.15	48.05	50.67	48.49	52.55	45.86	45.52
2.98	2.69	2.85	2.48	2.76	3.38	2.93	2.77
14.3	10.74	11.23	9.82	11.86	13.35	11.04	12.11
13.76	15.59	12.76	14.15	12.33	14.72	16.92	13.98
11.9	11.05	13.02	11.46	11.25	9.87	10.79	9.07
10.79	13.21	10.83	9.31	11.85	9.18	11.01	8.48
1.9	1.75	1.94	1.93	1.99	1.91	2.01	1.28
40.43	34.43	41.84	39.93	33.95	32.61	31.35	40.04
5.26	6.52	6.08	5.98	6.22	5.55	4.47	4.92
46.58	44.93	45.46	56.56	52.26	42.62	49.33	48.82
38.08	46.54	48.8	38.56	39.7	52.05	37.27	44.07
54.48	77.53	64.12	57.27	54.14	50.62	56.89	60.74
21.23	18.54	21.51	17.38	22.37	19.72	20.82	23.16
3.9	3.48	4.11	3.61	3.51	3.33	3.79	4.1
29.8	31.1	33	35.95	29.46	35.19	23.96	25.6
42.21	37.56	35.65	39.93	37.14	44.23	33.4	44.72
2.38	2.7	2.6	2.24	2.44	2.11	2.35	2.38
17.4	19.31	17.14	17.92	18.52	18.72	17.99	20
16.89	16.79	20.57	19.45	19.89	21.79	20.66	18.76
172.19	174.77	180.13	146.35	145.2	156.95	137.58	181.57
15.78	17.91	18.47	18.23	17.54	19.58	18.14	20.1
26.96	27.85	24.9	27.04	28.89	26.19	29.54	29.72
41.4	36.19	43.32	43.82	44.14	52.86	46.18	44.78
33.74	33.16	28.08	30.09	30.15	31.42	29.68	29.29
7.61	8.16	9.22	9.48	10.86	9.67	8.95	8.56
6.21	5.08	4.88	4.24	4.3	4.24	5.72	5.3
13.41	13.6	12.93	13.61	12.74	13.45	13.62	14.78
21.03	22.44	17.78	21.11	16.28	19.93	22.06	15.55
43.57	38.94	39.18	47.54	36.88	38.2	49.86	38.77
2.04	1.82	2.06	2.11	1.88	1.89	1.65	2.18
22.64	28.12	20.7	22.66	21.32	19.89	20.3	20.72
43.78	37.5	37.54	43.39	42.37	46.04	53.24	40.56
3.42	3.19	3.23	3.84	3.16	3.55	3.32	3.89
167.58	156.58	158.27	184.4	144.32	147.92	195.85	193.78
19.37	16.34	16.91	14.44	15.04	19.83	14.47	14.81
22.57	24.68	24.47	21.31	23.93	26.76	23.78	29.66
71.83	76.37	53.54	51.73	77.8	74.48	60.52	65.18
87.54	99.42	76.72	89.86	74.62	81.41	90.48	98.56
22.96	27.81	24.72	24.79	20.73	30.75	24.96	27.41
18.43	19.22	21.55	21.23	19.88	19.35	19.84	17.01
1.78	1.58	1.55	1.7	1.64	1.74	1.64	1.63
6.55	7.28	7.91	9.25	7.86	8.55	7.74	8.01
36.78	30.96	30.03	31.81	33.01	30.87	31.7	24.85
22.23	21.89	24.06	21.49	26.46	25.64	26.1	25.25
32.64	27.9	30.58	30.24	24.21	27.62	29.57	28.73
5.46	4.59	5.26	5.3	4.75	4.69	4.77	5.37
9.49	8.9	9.21	10.74	9.38	11.02	10.24	8.27
7.43	7.72	7.36	9.6	6.7	6.65	7.73	8.7
10.68	13.11	11.31	12.33	9.35	10.74	10.44	10.91
43.95	48.8	46.35	51.46	43.85	41.19	50.76	52.84
88.63	78.35	75.92	91.92	80.01	78.8	85.66	81.66
4.79	6.02	6.48	6.57	6.06	5.59	5.01	6.43
9.19	7.73	8.1	8.15	7.9	7.07	6.25	7.78
5.16	5.11	3.89	4.24	4.43	4.08	4.62	5
13.36	15.68	15.26	12.7	14.19	12.88	11.89	15.03
1.87	1.69	1.68	1.69	1.78	1.73	1.78	1.67
22.32	30	33.72	29.95	29.89	26.36	29.48	30.32
13.57	12.07	11.71	11.64	11.3	13.58	12.8	13.16
3.2	2.67	2.72	2.59	2.99	3.33	2.91	2.9
10.42	9.83	8.81	8.18	8.41	8.04	9.04	7.92
67.16	66.24	59.6	62.15	60.77	58.65	65.38	61.67
52.24	60.33	61.36	49.77	50.5	56.17	64.3	49.27
3.02	3.19	3.77	2.58	3.51	2.78	3.03	3.49
16.97	16.25	15.45	15.75	17.73	20.08	13.49	17.98
49.51	45.01	43.86	45.15	44.41	52.69	42	60.57
2.49	3.22	3.06	3.25	2.64	2.69	2.67	3.03
32.43	30.11	33.95	26.58	34.3	34.14	32.48	36.64
22.86	25.67	26.25	21.8	25.84	26.96	24.65	24.46
3.13	3.02	2.61	2.57	3.75	2.71	2.58	3.27
11.49	10.87	10.81	13.86	14.75	12.72	12.8	13.96
20.11	23.57	20.62	18.2	19.96	18.97	21.81	19.31
12.56	12.99	12.8	15.33	12.4	11.56	10.93	12.84
14.56	12.29	14.35	15.76	16.46	14.12	13.47	15.13
6.87	6.22	5.81	6.4	7	6.59	6.2	6.4
11.7	14.24	10.51	12.78	12.36	11.63	12.53	13.08
2.63	2.65	2.64	2.63	2.56	2.34	2.13	2.71
11.64	10.51	9.91	10.63	11.44	10.08	8.15	11.19
5.76	6.97	5.44	6.21	5.57	6.14	6.27	5.41
18.35	15.15	18.6	17.93	20.58	18.19	20.1	16.46
25.74	26.25	21.11	22.85	25.06	26.19	25.95	23.38
42.36	41.27	38.25	31.01	38.28	34.93	33.43	43.43
83.01	60.52	74.12	77.7	76.46	68.71	83.4	78.67
61.88	61.92	60.95	58.17	55.15	47.5	49.39	52.86
52.29	57.09	46.57	53.73	55.94	48.55	60.46	46.14
36.83	37.76	36.49	35.42	29.11	31.25	39.04	31.38
42.51	45.89	45.49	41.52	50.66	46.88	49.32	37.82
32.92	31.74	39.74	36.05	32.42	32.24	34.69	33.07
10.92	8.94	10.37	8.31	9.05	9.96	9.31	9.17
16.23	17.11	17.11	17.05	16.73	16.78	15.3	16.91
6.23	6.77	6.17	4.51	5.15	4.86	5.63	5.88
42.65	43.57	42.57	52.89	49	45.7	48.56	50.15
11.8	11.69	12.03	10.76	10.52	10.9	13.38	10.21
38.49	34.39	28.86	37.35	36.99	35.63	40.23	36.73
12.5	12.36	12.68	10.83	11.16	12.17	12.08	10.54
11.42	10.4	12.52	14.05	12.05	12.54	12.13	11.56
1.35	1.32	1.35	1.37	1.38	1.36	1.41	1.34
76.22	66.31	53.59	57.67	57.26	60.19	58.61	62.58
36.51	39.08	33.68	34.95	28.72	35.1	37.54	37.81
31.68	29.65	39.87	28.67	27.64	31.78	30.55	29.19
195.45	208.22	203.23	179.96	203.8	141.59	209.63	189.54
53.28	52.62	47.07	43.57	47.15	52.67	55.03	52.66
8.62	8.5	9.46	8.71	10.16	9.46	8.44	7.64
41.04	38.7	42.18	45.63	42.97	41.37	33.23	42.86
68.34	57.73	63.09	60.76	67.36	60.72	62.25	67.31
9.54	9.16	10.4	9.28	9.81	8.19	10.3	9.62
170.11	157.83	156.56	155.36	165.03	147.19	188.41	173.93
30.77	23.64	23.58	29.44	35.25	25.59	24.97	22.32
48.52	44.04	50.57	50.32	45.35	54.13	47.33	43.91
72.7	55.18	52.69	73.68	69.26	67.47	65.1	60.91
13.23	9.55	10.53	10.47	11.02	11.83	10.32	10.61
60.04	63.25	62.78	61.73	49.58	82.88	73.41	55.69
12.68	12.43	15.07	14.69	16.73	16.3	12.84	18.49
14.98	11.43	11.59	12.17	12.32	13.65	11.7	11.84
69.9	60.31	83.14	76.9	60.72	77.93	71.62	70.17
8.31	8.97	8.5	7.79	6.66	8.53	9.51	9.1
7.17	7.96	7.05	7.13	6.45	8.35	6.22	7.17
42.74	33.15	36.58	34.49	41.57	28.2	34.83	35.95
33.69	32.96	32.31	37.98	28.6	34.45	34.5	33.64
67.31	59.32	63.63	54.68	75.24	64.32	86.77	54.68
14.14	13.23	14.74	12.4	14.88	14.84	12.22	13.58
24.27	21.07	20.18	23.65	33.88	25.4	24.22	27.04
21.54	26.23	22.46	26.8	20.98	27.7	25.65	29.5
12.97	13.49	13.52	11	12.92	13.94	13.96	14.23
18.6	14.23	20.1	13.75	21.39	17.16	18.35	16.15
78.32	105.05	96.65	97.56	81.8	111.08	94.58	112.3
65.45	57.05	62.24	59.66	50.41	71.19	57.55	57.93
2.9	2.49	3.12	3.36	2.85	3.65	2.72	2.91
25.17	25.96	22.03	23.01	26.72	25.97	24.91	24.9
77.66	70.96	95.33	81.57	74.35	89.69	75.04	77.19
9.11	9.56	8.98	11.35	9.76	11.06	10.4	12.72
20.89	21.16	19.83	21.54	24.83	22.87	20.27	18.1
50.84	65.27	54.74	55.51	57.72	68.2	66.04	66.83
59.57	55.82	67.12	57.4	53.9	65.62	49.09	60.65
27.05	23.1	27.23	27.88	29.9	27.14	27.47	22.8
44.66	35.71	36.95	39.67	30.54	36.2	30.56	32.79
65.71	65	75.1	58.57	71.37	65.51	61.83	65.87
44.2	38.2	43.45	43.22	48.45	43.34	49.77	57.93
18.99	21.25	23.9	20.48	22.52	22.33	21.56	21.88
38.73	38.25	37	36	35.34	40.35	35.96	51.57
20.09	24.68	27.7	18.69	24.13	22.42	23.2	19.97
35.6	30.78	38.16	38.32	39.63	35.62	41.7	31.32
61.35	64.88	65.33	52.56	66.43	63.66	66.48	65.56
54.13	51.41	61.85	46.34	50.78	48.25	49.91	54.12
24.8	24.61	29.83	27.54	24.61	26.79	23.22	26.84
11.88	12.79	12.58	11.08	12.51	11.3	13.33	12.11
1.41	1.44	1.47	1.43	1.41	1.46	1.49	1.47
7.49	6.08	6.43	6.41	6.4	6.42	6.7	8.04
99.53	97.19	90.24	105.38	106.14	98	95.79	93.06
29.03	35.11	41.52	37.05	34.14	36.24	33.95	31.86
12.99	14.77	13.38	11.47	15	12.3	13.45	18.49
46.37	43.28	39.68	37.59	36.12	42	39.52	45.47
10.4	9.5	12.34	11.79	8.99	11.24	11.61	10.99
8.61	11.22	9.68	10.15	9.1	8.14	9.26	10.41
33.84	35.66	35.26	43.2	43.4	42.16	35.82	30.84
19.49	18.45	16.46	15.26	17.34	16.24	18.64	18.39
5.24	5.13	4.74	4.78	5.15	4.8	4.84	4.48
26.07	22.35	26.22	21.5	24.5	22.51	19.9	23.25
24.59	25.68	24.59	28.32	29.2	28.17	25.74	21.53
47.99	61.53	62.96	67.87	51.9	56.65	57.17	65.81
36.3	37.77	36.41	39.21	43.45	38.93	42.23	40.67
119.56	117.31	95.41	91.97	119.78	138.8	126.56	105.1
4.85	4.59	5.01	4.82	5.54	5.33	5.41	5.47
23.79	21	19.3	20.9	24.79	22.21	24.72	19.26
42.96	54.7	50.28	42.63	50.09	62.96	65.22	53.64
12.27	14.18	13.98	9.77	11.56	12.35	12.19	14.28
40.46	44.97	41.38	44.41	43.86	43.36	39.19	48.15
18.11	17.53	18.38	17.37	18.56	19.66	17.87	21.62
71.94	61.04	76.57	75.29	78.49	52.59	65.99	59.79
55.85	40.51	45.15	39	39.39	57.28	45.92	40.36
22.3	26.27	29.74	24.12	23.24	21.67	20.2	21.87
11.7	11.02	10.87	10.09	11.39	11.12	14.04	11.48
17.85	17.58	14.44	18.88	14.75	14.84	18.73	16.08
43.83	46.27	43.35	50.36	41.95	52.58	49.72	47.31
28.57	31.51	28.03	28.74	30.06	38.69	32.94	30.6
24.45	32.71	28.6	25.9	27.06	28.12	24.92	28.97
7.93	6.53	6.94	6.43	6.32	6.47	7.54	7.12
17.11	18.29	18.83	22.33	20.66	14.13	16.35	18.83
11.2	14.72	13.99	14.67	13	14.87	12.42	14.82
13.02	13.28	12.65	14.12	11.55	12.47	14.23	12.87
10.24	8.92	9.67	9.95	9.55	8.71	10.13	9.89
15.68	16.7	15.11	17.51	14.62	14.07	15.33	16.69
45.49	34.47	34.59	43.95	40.9	39.63	31.82	41.3
1.82	1.91	2.45	1.82	2.25	1.93	2.21	2.1
48.94	52.15	50.12	51.09	49.43	51.89	48.34	50.19
99.99	124.05	110.45	117.25	97.44	95.58	106.73	112.19
25.87	23.96	21.48	20.86	22.15	29.88	23.27	21.7
6.91	5	5.59	5.25	4.81	5.5	6.19	6.31
27.21	28.6	26.1	29.96	25.05	26.22	25.18	27.07
32.47	34.6	31.07	35.37	35.09	40.56	38.08	32.12
16.84	15.2	14.12	14.41	15.99	16.4	16.97	17.52
22.84	23.47	22.57	23.51	27.19	23.02	29.49	21.65
1.76	1.85	1.6	1.75	1.7	1.81	1.78	1.74
61.73	67.45	78.57	77.35	75.12	72.27	69.37	79.48
13.56	12.15	10.21	11.28	12.14	11.53	13.28	12.43
24.78	19.86	17.33	21	19.76	19.47	26.71	21.47
79.34	83.96	79.81	83.36	75.52	84.3	86.54	62.8
35.06	36.78	31.81	35.99	33.15	36.91	37.96	29.14
12.72	14.93	14.27	13.85	18.04	17	16.81	15.73
1.83	2.12	1.3	1.69	1.68	1.98	2.06	1.66
35.02	35.87	33.7	32.4	29.05	27.93	31	33
39.79	33.88	40.67	40.51	39.86	31.82	35.07	40.07
11	10.88	12.31	11.98	11.89	12.42	11.96	11.61
46.26	43.51	47.68	43.57	51.08	51.35	46.71	52.14
11.65	11.8	11.27	11.12	8.46	11.17	13.47	11.64
10.3	9.66	10.31	9.38	8.09	9.37	9.61	10.41
9.63	11.07	12.15	8.31	11.95	9.45	10.2	12.25
8.87	7.34	7.99	9.67	10.16	9.77	8.42	10.05
27.48	29.42	29.43	26.35	30.14	27.78	28.39	27.76
157.43	142.93	165.01	164.13	188.62	174.11	147.41	149.98
12.2	14.87	14.56	12.75	12.93	12.78	14.97	13.49
8.02	10.34	10.45	8.76	8.96	8.62	8.54	9.21
8.84	6.67	7.26	7.36	7.33	8.43	8.26	8.53
12.3	14.2	10.74	13.2	14.43	14.42	10.34	12.31
73.62	74.58	81.57	83.12	75.34	77.2	67.23	70.92
30.96	34.56	36.16	32.08	34.87	29.06	29.49	33.85
35.37	31.16	37.01	37.7	41.31	34.48	32.1	33.36
4.54	4.37	4.38	4.84	3.87	4.8	4.97	5.15
18.55	16.59	18.72	20.23	20.03	22.17	19.99	15.44
6.61	8.02	7.6	8.78	7.43	7.74	8.9	7.78
92.01	79.99	100.6	73.39	87.32	72.78	80.23	90.34
39.18	39.44	35.38	41.16	38.61	35.38	34.13	34.23
9.18	10.93	9.64	8.42	7.45	9.52	9.84	9.13
12.42	13.32	13.72	11.79	12.18	15.14	13.35	14.7
10.84	10.97	12.43	13.24	13.21	11.03	14.57	12.61
28.2	29.99	22.4	34.22	28.32	22.83	25.27	24.35
30.95	34.63	33.37	33.72	36.41	34.35	36.23	37.15
27.06	26.46	31.23	30.76	28.64	31.96	28.35	31.98
48.31	59.18	66.02	56.45	51.71	61.82	60.06	55.62
78.68	97.12	81.5	85.67	80.56	81.4	73.36	78.56
13.23	13.58	11.15	12.73	12.79	13	12.97	15.23
29.96	31.14	29.38	28.3	32.84	30.57	31.71	33.09
64.24	49.78	55.18	58.17	51.18	55.15	56.73	44.39
56.94	50.8	61.03	65.39	58.64	71.62	55	71.72
6.2	6.68	5.82	5.79	7.44	6.48	6.21	6.7
5.47	6.57	6.25	5.69	6.12	6.01	5.57	6.11
95.71	75.58	96.17	77.84	88.1	86.56	72.21	79.36
28.77	26.75	26.74	22.12	29.53	30.04	28.93	29.41
7.8	6.27	6.6	5.82	5.82	5.72	5.74	6.15
7.08	7.51	10.35	9.55	7.94	10.37	8.28	8.79
25.82	29.58	30.34	32.87	27.32	28.75	28.98	28.62
46.67	37.2	48.9	45.26	47.25	42.98	45.1	48.69
28.81	33.73	36.92	30.52	36.44	30.07	34.09	33.45
6.12	5.56	5.21	4.59	5.91	5.26	5.72	5.46
27.78	35.12	29.75	28.42	24.83	25.93	29.6	31.83
12.31	12.55	13.88	12.55	12.61	13.66	10.69	10.8
27.31	34.59	31.25	33.96	23.08	25.89	31.54	24.93
9.35	10.64	7.86	8.18	9.8	9.17	9.04	9.93
25.07	23.44	22.22	19.23	21.62	26.59	25.16	22.55
13.4	16.81	14.55	14.21	15.33	12	15.19	15.7
133.99	140.8	113.01	106.38	116.99	135.38	114.02	123.13
2.95	3.35	2.96	2.99	2.48	3.19	2.65	2.88
26.91	23.85	23.6	27.82	27.22	30.64	27.13	30.5
56.86	56.74	50.08	49.94	49.83	59.78	59.56	62.63
5.2	3.97	5.27	4.54	5.08	4.71	4.88	6.12
22.7	22.41	22.44	23.94	21.06	23.31	24.26	27.42
1.96	2.01	1.97	1.94	2.46	1.87	1.86	2.12
61.03	48.74	49.31	41.93	43.08	54.99	57.65	60.09
31.27	31.71	29.58	35.56	32.77	32.57	37.19	30.18
2.09	2.26	1.93	2	2.31	1.96	2.09	2.2
84.04	83.79	74.72	83.72	73.59	92.5	85.04	98.8
24.5	23.46	25.91	23.2	24.35	22.04	28.1	25.99
146.19	145.13	127.23	143.62	119.16	128.53	126.38	134.98
40.86	44.47	38.25	44.54	38.66	35.11	39.01	37.7
3.87	3.61	3.62	3.92	3.53	3.86	4.15	3.98
89.48	90.75	95.87	85.52	80.55	85.78	84.24	98.59
18.89	15.37	16.4	16.7	12.87	16.44	19.59	17.26
2.97	2.41	3.16	2.66	2.9	2.73	3.42	2.78
63.8	62.24	62.31	53.51	61.79	51.15	59.22	50.15
7.58	8.61	7.73	9.26	9.95	8.29	9.05	9.7
17.21	18.33	18.86	18.47	17.93	17.03	18.39	13.81
30.05	22.79	28.8	31.89	29.73	30.08	26.77	30.09
51.6	46.61	57.79	57.17	54.19	47.01	50.39	54.89
50.95	49.14	37.86	38.17	56.16	47.81	45.47	42.09
14.92	12.18	12.98	12.55	13.42	14.22	12.18	11.02
19.62	19.95	19.96	22.2	21.39	16.86	22.76	21.03
57.03	48.79	54.54	55.09	60.86	42.66	54.19	50.36
13.5	11.47	11.63	9.88	13.23	11.84	13.14	11.33
47.19	47.69	46.53	41.84	46.63	41.91	45.54	44.66
111.68	118.12	121.51	126.68	101.79	117.71	118.33	118.73
41.05	29.33	31.04	28.05	42.45	38.29	32.01	33.71
49.36	59.12	42.38	49.18	36.66	40.9	53.07	48.78
56.27	66.97	62.03	63.05	72.01	65.44	64.5	65.18
49.06	41.58	42.79	43.81	44.04	44.1	50.86	42.32
30	38.33	36	34.46	32.91	33.77	37.84	36.79
13.78	13.03	10.79	15.74	14.72	12.98	10.99	13.18
7.95	9.35	8.02	8.6	9.78	7.79	8.73	9.23
33.06	31.76	33.3	32.13	32.35	31.43	28.64	29.47
7.46	6.78	6.32	7.51	7.66	7.99	7.62	6.85
13.75	15.02	12.58	13.86	11.91	14.96	17.1	11.3
7.22	8.25	7.54	8.05	8.59	8.31	7.58	8.57
20.5	20.18	18.61	20.22	20.21	18.74	22.57	18.81
27.83	33.3	22.56	22.95	29.63	21.81	26.14	24.75
59.76	60	66.2	56.6	64.49	66.16	52.25	67.21
9.29	8.72	12.17	8.78	8.57	9.03	9.5	9.33
10.73	10.57	11	10.32	10.04	12.09	11.57	10.76
56.57	48.78	50.86	66.69	51.51	47.83	50.98	59.49
32.25	29.56	38.68	28.57	28.14	35.61	32.7	28.34
70.5	73.47	60.17	71.05	64.76	68.39	67.72	60.34
9.23	10.1	9.21	11.78	10.54	9.44	9.97	8.97
22.45	20.4	16.79	17.61	20.26	18.61	18.65	19.11
20.54	20.53	18.42	19.29	24.75	20.23	26.48	20.13
48.08	40.69	46.6	41.86	45.35	45.65	41.19	48.92
28.73	28.3	30.4	33.66	27.38	31.12	34.47	27.43
18.03	15.5	14.88	14.66	15.59	17.24	16.06	15.93
36.74	32.07	39.75	35.82	35.54	34.78	34.57	31.71
57.08	54.88	51.04	52.53	56.34	52.28	49.52	59.3
28.07	22.96	29.39	24.94	23.72	28.85	27.11	26.26
6.9	8.84	6.81	7.39	7.12	7.37	6.68	7.44
24.28	23.4	18.76	21.04	21.94	23.73	18.97	22.86
40.12	41.85	45.96	41.38	38.74	44.04	48.93	40.54
9	9.54	9.02	9.63	9.28	8.69	10.28	11.53
4.24	5.64	4.32	4.68	4.13	4.81	4.63	5.15
39.82	45.52	39.55	43.31	45.94	40.72	46.24	35.19
29.01	27.45	30.42	28.61	34.2	31.01	30.54	33.76
34.61	44.92	43.1	32.76	39.31	37.08	39.72	38.78
9.49	8.7	8.85	8.37	7.03	6.82	9.08	7.17
9.17	8.68	8.76	7.88	8.37	9.33	10.22	7.89
16.5	13.5	14.65	13.22	14.85	14.85	12.89	17.43
26.11	22.77	27.36	29.76	22.25	34.15	28.66	28.25
1.06	1.93	1.16	1.17	1.99	1.11	1.11	1.14
24.09	22.93	26.1	22.69	25.24	24.6	25.68	27.45
32.92	37.23	32.3	34.93	31.53	27.87	37.37	27.94
49.62	47.1	41.26	44.55	48.41	51.01	38.95	50.87
1.63	1.54	1.3	1.61	1.43	1.36	1.55	1.26
84.73	76.35	77.44	71.01	74.17	70.59	67.83	73.51
28.63	30.54	26.69	29.55	36.6	27.28	32.25	28.68
40.03	40.01	34.73	36.71	39.01	35.7	46.17	39.38
8.57	9.92	8.93	10.91	9.74	8.79	9.95	10.68
19.25	16.55	15.24	16.91	19.63	17.22	19.63	20.77
48.86	51.11	34.43	52.92	43.92	47.6	45.2	48.19
58.95	57.51	61	62.45	58.64	47.35	51.81	47.13
1.42	1.46	1.47	1.47	1.43	1.38	1.5	1.48
3.85	3.98	3.36	3.92	4.2	3.99	3.97	4.54
58.18	51.96	48.43	62.72	54.63	60.1	52.12	55.95
18.01	20.14	20.23	19.01	17.59	17.35	17.99	15.46
27.89	28.48	27.88	27.45	24.31	25.18	24.9	23.44
77.71	65.73	80.03	77.78	87.58	90.72	81.1	84.15
15.16	11.97	12.47	15.24	13.73	12.99	13.73	12.73
7.71	5.78	5.61	7.73	6.89	7.15	8.66	6.82
40.28	41.28	31.73	37.96	39.46	37.46	41.94	35.92
22.29	25.16	22.29	18.62	25.14	24.15	22.01	18.87
21.89	21	18.53	19.9	21.62	19.37	20.23	21.83
35.1	31.97	29.64	37.11	34.02	34.09	26.42	30.98
40.25	38.12	42.99	38.69	32.35	40.38	39.76	37.76
67.11	60.07	64.16	51.16	63.84	67.53	66.1	63.52
20.42	20.01	23.34	25.17	21.42	26.74	23.79	24.87
1.54	1.47	1.5	1.45	1.56	1.56	1.55	1.6
6.17	5.16	4.73	4.86	5.39	5.51	5.33	6.12
12.7	14.51	13.92	13.67	12.79	14.36	14.87	10.79
19.02	18.46	19.86	20.6	22.48	18.33	18.6	20.46
26.08	32.78	38.68	31.67	30.7	34.5	30.55	31.26
72.02	67.88	71.71	64.2	55.89	64.99	78.21	75.97
18.4	19.89	17.56	21.41	16.78	13.59	16.67	15.68
51.81	47.15	57.3	47.41	53.66	49.92	55.08	53.09
29.63	29.13	34.74	33.49	32.81	29.19	35.52	29.94
30.78	28.8	30.91	30.37	27.63	31.41	35.99	31.96
4.69	5.83	5.29	4.5	5.38	4.68	5.66	5.21
1.23	1.22	1.24	1.22	1.24	1.22	1.25	1.22
21.36	17.8	22.64	19.21	20.21	19.71	18.26	21.64
10.06	8.47	8.19	9.33	9.1	7.21	10.88	8.85
17.46	19.03	19.53	15.79	22.53	19.5	17.37	20.06
56.48	59.7	55.24	60	56.54	59.12	52.15	54.36
3.72	3.61	3	3.28	3.4	3.26	3.31	3.44
14.53	16.43	14.72	13.9	15.13	13.89	10.64	12.38
23.14	31.58	26.24	22.5	19.28	23.24	22.46	29.96
6.64	6.37	7.68	5.92	5.92	6.08	6.38	7.34
5.52	6.18	5.41	5.66	6.58	5.33	5.9	5.98
4.56	5.83	5.62	5.84	4.27	4.96	5.62	6.07
27.97	34.91	31.25	26.4	25.45	25.15	30.89	34.02
7.88	5.6	4.94	6.75	6.52	6.46	6.88	6.12
36.26	31.36	35.74	26.08	31.25	30.78	25.22	24.85
32.2	39.7	35.02	34.06	37.93	30.31	33.69	35.53
23.18	23.19	21.58	26.44	20.63	25.76	25.1	20.55
12.72	10.66	13.61	10.3	9.47	13.54	10.74	9.81
55.69	54.87	59.97	53.34	68.4	54.95	61.57	66.3
17.74	16.89	17.58	18.47	17.17	16.15	18.14	18.45
134.4	109.83	119.38	103.69	103.68	114.12	114.03	112.1
37.48	43.85	40.45	42.03	45.74	47.19	50.01	34.86
25.3	25.33	21.29	20.48	23.38	21.55	22.18	21.45
4.35	4.51	5.07	4.89	3.82	5.12	4.24	4.53
36.46	37.69	40.28	52.05	37.81	40.14	36.15	52.38
13.38	14.09	13.07	13.83	13.79	10.96	14.19	13.53
69.93	73.79	59.72	73.04	74.17	82.22	87.19	66.32
40.33	42.4	40.97	39.01	39.19	45.33	42.15	36.17
4.63	5.15	4.48	5.6	4.89	5.02	4.53	5.07
2.34	2.37	2.31	2.68	2.15	2.24	2.82	2.86
57.83	41.54	55.06	58.17	50.46	45.24	41.04	42.28
21.64	25.52	21.67	26.53	21.67	21.83	25.73	23.11
14.84	15.6	13.05	16.05	13.34	14.43	14.71	13.63
1.77	1.8	1.76	1.87	1.76	1.74	1.82	1.8
50.07	53.49	50.87	48.36	48.43	43.69	57.66	48.21
1.24	1.32	1.12	1.19	1.26	1.4	1.22	1.43
8.79	8.47	9.65	7.29	7.41	8.2	7.17	8.01
124.89	132.37	106.42	146.96	133.04	108.99	141.26	132.86
39.85	40.76	35.27	48.38	42.32	44.18	45.83	41.07
8.71	8.97	8.75	9.81	10.25	9.13	9.27	9.1
45.35	40.6	45.12	50.22	41.42	40.21	41.03	49.16
61.27	75.93	64.55	56.8	59.91	60.13	65.57	63.89
28.62	37.72	35.01	38.74	39.28	28.82	40.84	33.48
27.86	36.93	38.19	31.06	39.81	30.63	34.97	38.19
1.96	1.79	1.81	1.94	1.97	1.82	1.77	1.85
24.33	30.93	27.23	26.49	27.25	23.86	27.44	27.94
3.44	3.58	4.06	3.95	3.76	3.78	4.35	4.18
18.44	18.34	20.07	18.55	17.82	18.88	18.9	22.35
5.97	5.03	5.22	6.3	6.05	5.37	4.97	5.75
1.51	1.3	1.28	1.88	1.5	1.68	1.42	1.51
6.99	7.18	6.68	8.44	7.89	6.17	6.37	7.1
7.58	8.18	7.48	9.31	9.47	6.64	8.15	8.45
78.99	82.8	68.74	73.59	63.74	72.73	72.53	69.54
27.37	25.72	24.89	29.39	28.63	30.44	28.76	36.39
6.18	6.69	4.8	6.6	6.27	6.09	5.9	6.71
1.63	1.51	1.89	1.63	1.66	1.73	1.79	1.97
5.26	4.61	3.79	4.46	4.49	3.84	4.69	4.65
14.67	10.99	15.99	13.44	13.44	14.74	12.87	12.71
38.75	43.53	42.99	41.67	40.85	40.41	37.58	45.76
6.73	7.28	6.8	7.64	6.57	6.9	7.84	7.56
71.93	75	80.5	74.61	82.05	65.27	72.84	71.79
113.88	114.85	118.04	122.95	114.89	106.77	128.74	143.37
5.11	5.16	5.45	4.7	4.94	5.22	4.91	4.99
64.24	76.29	84.22	75.27	92.15	73.57	76.93	76.4
5.16	5.07	4.09	5.6	5.78	5.79	5.74	4.96
5.76	5.7	6.64	5.66	5.97	5.27	5.43	5.52
103.72	87.96	96.75	115.95	97.89	92.69	96.68	109.03
32.23	39.75	30.98	38.49	30.34	35.47	31.83	32.03
19.71	21.99	21.47	19.22	18.98	19.94	20.15	22.26
36.06	34.42	40.26	38.69	30.48	38.9	37.46	36.82
8.05	7.4	7.51	7.25	7.68	6.91	8.47	7.62
47.34	58.6	53.71	55.49	50.09	58.79	63.94	58.5
9.48	10.37	9.35	9.83	9.59	10.53	9.2	11.3
86.29	83.8	103.43	69.64	88.74	91.64	80.59	72.18
24.12	26.12	22.99	22.2	24.61	21.39	24.98	24.16
38.51	39.9	42.11	44.25	38.2	39.73	37.85	40.48
14.36	11.68	11.45	8.75	11.62	12.44	12.57	11.54
12.44	14.57	11.88	15.84	12	12.58	13.01	13.15
4.56	5.06	5.06	4.76	4.69	4.52	4.45	5
46.73	52.51	49.5	50.36	41.34	41	49.66	43.16
14.47	16.75	14.92	14.07	15.94	17.71	16.86	13.07
1.69	1.82	1.85	1.86	1.7	1.75	1.71	1.77
25.78	23.89	28.61	24.83	20.46	26.87	23.99	30.68
41.37	38.11	39.55	56.49	41.59	43.53	40.59	47.29
20.07	18.35	15.89	17.15	21.5	18.87	18.64	17.91
49.48	55.92	61.37	54.33	57.84	52.38	50.21	54.4
10.32	9.06	8.41	7.83	8.91	10.04	7.35	8.94
50.46	63.43	50.68	44.08	55.01	55.07	58.05	47.02
63.64	80.03	74.92	79.68	78.76	69.44	75.18	87.6
17.25	18.49	21.6	15.52	18.22	19.22	17.56	15.27
1.47	1.45	1.46	1.48	1.45	1.41	1.47	1.4
18.85	20.4	17.55	19.03	19.77	20.57	16.89	19.32
25.53	21.38	23.56	26.3	19.57	23.82	23.12	27.1
41.21	50.55	41.54	46.97	38.96	38.98	42.32	45.73
3.51	4.34	4.25	3.65	3.97	4.18	3.26	4.46
32.32	38.04	38.83	40.64	42.73	42.2	40.71	39.24
9.39	11.57	11.5	10.62	11.53	12.66	13.29	9.93
9.97	11.58	11.15	10.74	11.07	11.06	10.27	12.41
55.83	69.93	66.01	82.88	59.71	79.96	64.25	68.71
32.38	32.18	36.79	32.91	30.9	29.03	31.53	31.83
47.28	52.88	48.15	50.97	46.5	53.8	57.35	44.99
39.65	40.74	37.47	36.91	40.97	41.46	42.28	32.05
38.39	30.14	37.67	32.73	33.76	39.25	37.21	31.22
4.26	4.08	4.35	4.3	3.93	4.88	3.44	4.32
82.13	81.07	68.13	81.73	74.45	68.79	66.96	76.29
6.44	6.7	7.35	6.77	6.21	5.76	4.96	6.97
82.74	91.78	77.96	79.97	85.19	75.62	80.87	70.51
41.38	33.98	41.24	41.72	35.07	36.8	32.98	36.16
19.97	19.02	20.25	22.75	22.99	21.3	21.54	23.32
33.08	24.74	34.67	32.05	31.14	35.71	31.05	35.48
103.53	105.52	89.18	102.29	107.83	111.87	119.94	84.04
86.75	94.47	105.34	98.41	85.22	98.61	81.88	96.6
11.11	10.31	12.69	11.12	11.35	12.78	10.43	12.35
34.7	27.57	28.92	29.33	23.38	30.81	28.37	27.77
34.41	34.69	27.79	36.69	35.28	39.02	35.69	34.67
34.13	31.81	31.34	35.6	34.1	35.07	36.04	30.46
30.83	30.61	30.8	32.69	31.51	34.65	33.34	29.61
49.77	41.9	42.36	40.9	49.17	40.82	48.1	39.35
9.55	11.48	10.14	10.35	11.7	11.13	14.9	11.7
10.31	10.98	9.12	11.07	8.75	10.49	10.26	9.05
38.07	54.21	43.26	43.15	47.28	51.26	55.45	44.63
24.26	30.06	29.09	29.83	28.85	28.77	29.25	35.64
2.8	3.03	2.62	2.73	2.37	2.93	2.77	2.95
49.75	50.24	49.91	49.75	57.8	55.26	55.6	48.51
