26.82	21.4	21.51	25.34	23.18	22.33	24.81	26.96
64.88	63.74	67.01	67.08	70.25	57.18	61.32	74.53
12.44	14.52	14.28	14.15	11.97	12.88	13.81	13.12
22.89	20.81	24.77	26.6	21.85	26.7	26.28	20.9
62.6	53.28	56.31	56.88	66.3	52.62	48.74	48.16
33.67	30.81	31.36	37.71	36.14	34.78	31.35	32
48.33	43.74	46.06	37.84	41.91	49.76	42.95	45.52
60.16	56.49	56.51	64.65	63.95	61.19	53.06	57.78
8.19	8.77	9.04	7.48	9.96	7.41	9.03	10.44
12.81	13.77	13.83	14.27	11.14	11.77	13.06	15.25
11.26	14.58	14.69	12.35	12.05	16.3	11.6	11.22
22.46	24.09	28.51	23.28	24.2	29.41	29.79	21.25
12.55	15.09	14.49	12.17	12.52	15.71	14.73	12.95
11.55	11.52	10.19	9	9.22	9.94	10	10.26
23.32	25.86	29.9	26.37	23.36	21.3	23.6	26.8
32.48	35.87	28.83	37.76	34.31	27.06	35.26	34.43
23.77	22.96	22.33	24.83	23.42	18.75	19.09	22.2
58.13	61.41	58.11	71.28	57.96	70.91	75.19	66.04
62.07	59.96	65.27	47.49	48.74	48.62	58.33	58.97
43.24	44.49	41.86	44.44	46.11	49.35	45.53	41.8
24.19	20.99	25.54	26.93	24.79	22.76	26.26	25.75
12.84	13.42	13.67	13.95	11.53	9.62	11.62	12.58
9.46	11.42	7.66	8.23	8.16	9.64	8.85	8.57
25.97	29.54	33.84	22.79	24.11	29.29	25.29	26.45
9.68	10.61	11.25	10.54	11.62	12.77	10.69	12.31
1.54	1.23	1.45	1.32	1.27	1.14	1.44	1.37
10.02	12.11	12.6	10.69	12.3	12.47	11.22	13.08
20	20.91	20.68	19.63	19.71	19.77	19.48	19.47
19.69	20.87	17.08	17.23	20.42	16.76	18.28	19.35
18.28	19.26	18.18	17.13	17.49	16.36	17.42	15.58
60.31	58.13	74.42	58.15	60.36	59.5	52.67	62.55
22.47	24.81	22.96	21.85	21.22	25.08	28.25	23.5
19.58	20.43	22.12	21.02	18.68	22.52	15.29	20.55
51.71	58.42	72.92	55.78	60.78	53.2	68.06	51.16
73.52	59.75	59.29	67.06	63.55	67.74	77.62	63.37
28.66	31.63	29.52	23.87	24.17	31.41	28.33	36.76
4.24	4.1	3.62	4.29	4.28	4.19	2.98	4.51
43.9	30.11	34.1	33.39	37.2	30.15	37.16	33.99
28.94	32.54	35.13	32.02	31.31	35.94	40.11	32.74
57.42	59.77	61.02	53.71	54.84	53.6	65.52	41.93
57.76	51.1	52.63	59.3	65.31	57.32	61.41	61.63
64.63	78.13	63.13	61.58	61.28	53.88	69.73	68.39
47.85	43.29	47.91	38.57	41.85	42.96	45.63	39.19
34.46	30.17	32.77	32.63	26.68	27.72	31.35	30.79
5.23	5.43	5.14	4.98	4.11	4.72	4.86	5.68
20.38	18.5	22.15	25.34	22.6	23.92	24.96	20.16
14.12	15.62	15.21	13.31	13.46	13.04	14.38	15.69
23.34	26.69	23.55	22.44	25.08	20.73	25.61	23.53
42.04	47.45	45.83	45.51	43.88	49.16	46.9	38.56
58.58	48.69	49.13	61.03	53.35	58.23	54.14	64.64
25.69	25.93	29.34	26.74	24.11	33.23	26.37	23.08
50.93	48.87	57.87	49.93	42.2	55.55	51.48	49.89
6.48	6.86	7.54	5.9	6.59	6.82	6.76	7.35
31.21	28.3	27.28	28.39	26.37	27.05	30.35	31.17
31.52	26.85	31.11	28.85	37.16	32.57	30.22	24.74
20.25	20.01	19.47	21.76	23.29	20.47	21.84	20.71
18.28	17.76	20.67	19.89	18.15	21.39	20.42	22.13
49.11	58.07	50.32	49.01	46.21	54.08	51.58	48.5
46.96	41.56	45.75	41.38	49.02	44.78	53.14	47.21
34.62	35.64	38.28	36.98	33.15	26.34	37.15	35.84
22.32	23.93	22.3	22.37	24.06	23.49	23.84	21.48
47.83	48.23	44.86	37.02	37.74	42.56	47.29	50.17
1.52	1.49	1.59	1.56	1.58	1.62	1.52	1.63
8.2	8.93	7.74	8.46	7.74	8.16	8.28	9.06
84.76	81.76	72.77	77.39	81.83	75.81	69.33	97.18
61.81	72.24	75.68	64	73.8	62.77	75.07	64.69
27.58	24.46	22.03	24.04	25.66	24.7	23.77	23.56
16.08	15.22	13.12	14.58	12.73	12.71	13.52	12.91
57.85	52.65	52.41	55.83	45.59	48.89	51.58	56.04
10.11	12.12	9.91	10.39	10.97	10.83	12.03	9.59
3.34	3.28	3.27	3.51	3.03	3.27	3.13	3.63
43.34	46.93	44.93	51.61	47.86	54.31	51.28	49.07
23.5	18.49	22.98	20.09	19.07	23.7	19.57	22.9
30.54	24.43	29.74	30.07	23.52	28.89	24.35	32.4
5.45	5.62	5.83	5.75	5.98	5.58	5.28	5.22
39.32	32.75	35.53	33.42	34.6	33.16	36.9	31.94
43.4	38.3	39.36	39.51	38.88	39.13	41.36	44.68
4.72	5.08	5.1	4.52	3.95	3.75	5.08	5.4
38.84	34.83	37.12	37.94	37.06	37.05	32.57	35.64
17.3	15.97	14.29	15.62	17.74	18.72	16.68	17.24
41.45	51.29	49.45	47.08	50.69	49.38	50.99	51.04
2.67	2.95	3.22	2.42	2.67	3.67	3.16	3.07
41.33	45.5	41	32.75	41.45	47.08	34.75	39.17
10.58	8.99	10.27	10.03	10.34	10.92	8.41	8.91
73.87	63.97	69.75	66.56	68.61	78.58	71.21	72.42
55.88	60.96	52.63	71.64	55.23	46.13	64.54	62.08
65.84	55.23	57.22	51.54	56.91	49.71	58.21	54.92
11.65	9.34	11.09	10.48	10.4	9.76	10.19	13.63
29.07	33.82	32.62	29.15	29.27	34.04	29.99	28.34
24.09	30.54	24.4	27.68	25.38	31.24	28.77	27.61
45.18	40.85	40.48	42.42	35.5	29.89	34.83	35.7
7.32	7.7	7.71	7.67	8.35	6.94	9.01	8.65
41.53	45.03	34.04	43.43	43.41	42.15	43.98	40.72
5.89	5.85	6.99	6.48	6.27	5.42	6.2	6.55
1.21	1.25	1.26	1.16	1.41	1.09	1.19	1.34
22.24	26.07	19.38	16.05	22.39	18	18.01	22.08
11.38	11	12.29	10.59	11.73	9.05	10.29	11.22
21.81	20.86	26.49	23.36	21.13	22.35	19.79	20.09
47.7	45.12	46.8	55.15	48.2	43.97	47.52	56.84
35.5	32.1	33.39	39.08	43.39	38.49	36.4	34.26
24.29	20.09	23.47	21.54	22.57	25.5	21.26	20.96
4.25	4.9	4.67	4.96	4.37	3.98	3.63	3.75
16.88	18.98	18.4	16.21	17.1	16.55	19.11	15.77
7.66	6.92	7.1	6.03	7.9	8.06	7.9	7.43
10.32	9.56	12.52	11.59	10.2	9.69	10.12	11.31
30.89	24.54	30.49	25.63	33.56	28.96	31.59	25.29
50.14	52.67	41.77	45.78	50.87	47.99	55.23	48.68
20.71	25.36	29.87	27.03	30.4	28.15	28.1	31.09
46.25	37.4	39.15	39.71	46.42	44.56	39.64	44.81
26.91	21.07	27.73	25.25	24.11	25.48	26.77	24.24
11.35	11.73	8.24	10.88	9.41	10.62	11.97	10.73
16.88	17.32	17.15	19.33	20.85	15.4	17.13	18.56
55.72	51.52	53.54	55.03	60.19	58.53	46.89	54.17
27.07	22.62	25.8	21.41	26.74	23.32	19.63	20.57
7.16	5.95	6.9	8.03	5.46	5.94	6.05	5.75
58.46	73.46	65.68	65.63	61.47	76.66	70.01	50.79
43.36	48.74	57.93	49.54	52.32	50.15	56.86	41.09
32.5	33.52	33.17	32.45	37.71	34.48	30.75	28.81
28.08	22.92	23.23	30.4	21.04	26.25	22.83	25.64
35.48	32.18	37.32	34.28	34.75	31.49	34.7	33.46
20.21	21.04	18.99	21.71	16.62	23.52	23.73	20.24
63.87	64.27	66.41	63.03	64.24	49.8	57.13	58.09
34.08	38.77	38.97	32.49	36.38	38.64	34.49	38.92
15.33	15.35	14.68	16.26	14.92	16.39	14.28	15.96
153.84	150.45	136.36	168.64	131.9	143.57	139.58	157.6
27.26	27.36	28.75	32.21	27.49	30.51	28.99	32.37
51.74	50.04	47.4	69.57	47.16	55.22	52.68	44.51
11	11.04	9.64	10.88	12.2	11.03	11.35	12.14
16.52	15.45	14.79	17.23	16.72	15.97	14.59	14.05
2.66	2.19	2.73	2.58	3.11	2.66	2.44	2.42
14.74	13.92	16.16	12.46	10.78	12	13.3	15.41
29.61	32.58	34.35	33.82	29.4	41.66	28.36	32.22
90.86	93.26	101.81	83.16	81.03	90.46	83.04	90.63
48.21	51.25	51.32	46.54	51.21	48.03	46.96	45.35
19.06	19.04	18.56	18.02	19.11	16.68	20.28	17.93
69.44	74.03	80.1	87.45	56.85	66.47	58.56	70.32
6.55	7.59	6.27	6.72	8.16	6.42	6.57	6.68
18.47	16.92	15.86	15.39	14.74	18.03	15.01	14.82
40.92	39.38	28.26	43.73	34.32	36.65	41.95	33.84
39.82	43.46	35.84	36.27	37.71	36.69	37.34	36.92
35.05	31.56	33.49	34.29	33.26	34.99	28.71	33.94
32.81	36.9	30.27	37.3	34.04	32.55	33.44	30.69
3.46	3.14	2.7	2.44	3.02	2.67	2.87	2.51
27.8	31.18	34.96	33.15	27.49	29.24	31.3	26.78
27.54	27.24	28.7	26.48	27.55	32.13	28.05	24.48
34.05	29.35	32.99	24.85	38.77	30.88	38.14	28.99
6.74	5.44	7.89	5.87	6.88	5.83	8.09	7.15
9.7	9.57	10.8	8.67	11.62	9.19	12.67	9.47
8.13	7.06	7.21	7.7	7.69	8.66	7.46	7.16
75.07	63.47	64.92	62.13	58.4	68.1	69.04	73.06
95.71	76.23	64.52	61.54	63.49	73.63	85.83	78.41
10.66	10.24	11.07	9.1	8.64	8.36	9.24	10.38
65.4	66.55	59.59	62.28	68.42	54.85	72.79	68.82
11.99	10.48	11.44	10.8	10.66	11	10	13.08
16.35	17.15	16.62	19.18	17.8	17.2	13.51	19.5
9.66	8.16	7.58	7.95	8.74	7.4	9.6	8.78
3.96	4.21	4.29	4.45	4.08	4.57	3.64	4.27
5.12	4.87	4.38	4.82	3.93	5.92	4.67	4.95
54.92	61.46	56.22	54.12	64.38	69.67	54.61	60.56
13.7	16.41	15.87	14.74	15.95	12.31	15.03	11.86
35.83	37.57	37.33	34.04	38.43	35.47	33.91	42.93
27.72	25.68	24.84	27.29	26.28	27.73	24.17	21.53
24.97	22.28	23.31	29.01	22.36	26.66	24.76	18.33
73.9	78.42	53.91	77.24	60.85	65.48	71.52	69.93
8.3	7.18	8.17	6.8	6.89	7.46	8.21	7.37
15.13	16.32	18.47	17.9	18.7	21.66	17.51	16.61
7.34	6.33	6.57	6.52	6.33	7.11	6.01	5.39
51.11	55.52	54.96	60.56	52.91	55.42	56.48	58.86
27.63	22.12	22.27	33.28	25.33	24.14	21.7	26.18
12.42	10.58	11.14	10.48	10.68	11.23	9.85	12.32
16.14	19.25	14.96	14.32	13.57	18.89	17.27	17.73
11.91	13.72	12.58	12.63	13.38	11.01	14.09	12.67
8.19	7.43	7.73	7.17	7.14	7.9	7.26	7.4
54.51	68.85	79.27	75.02	74.53	59.98	69.68	65.84
1.11	1.12	1.22	1.09	1.26	1.07	1.18	1.15
6.32	6.33	6.08	5.98	7.67	4.88	6.08	6.93
5.04	5.18	5.76	5.19	6.36	4.96	5.18	5.73
8.92	9.87	8.32	9.63	9.49	10.52	8.94	11.51
10.05	8.16	9.23	10.08	8.75	9.63	9.34	11.56
9.26	8.04	10.64	8.01	9.8	8.43	8.91	7.26
36.18	27.12	40.01	30.86	32.21	27.78	29.57	34.5
13.59	15.36	14.63	15.36	12.89	12.53	13.35	11.39
15.73	17.52	19.66	14.21	18.08	18.35	16.48	14.38
2.4	2.49	2.44	2.46	2.11	2.38	2.14	2.53
2.84	2.43	2.68	2.84	2.72	2.71	2.69	2.7
56.81	44.06	44.77	50.89	55.71	45.64	50.15	40.31
2.71	2.58	2.08	2.39	2.19	2.22	2.44	2.04
13.12	12.06	11.98	11.29	14.32	10.48	11.41	13.01
8.18	8.06	8.31	7.49	7.79	8.44	7.24	8.2
17.63	15.54	15.13	14.78	15.26	12.37	17.29	17.73
52.29	58.08	52.72	55.55	55.78	46.64	46.83	57.7
24.06	22.87	19.06	20.53	17.79	20.33	23.22	22.65
11.28	12.39	11.94	12.3	12.5	11.01	12.07	10.96
5.44	4.87	4.77	5.26	5.64	6.55	5.65	5.82
17.53	16.91	19.79	17.95	16.04	20.37	16.98	17.93
18.47	20.55	17.24	19.87	20.59	19.83	24.29	23.94
1.01	1.88	1.06	1.03	1.11	1.22	1.1	1.96
22.36	20.16	21.02	20.16	22.56	21.08	23.9	20.43
4.96	4.35	6.51	7.14	5.87	4.81	5.57	6.18
91.68	129.48	104.37	111.21	99.38	108.41	98.37	98.47
41.55	33.74	46.87	46.3	39.46	36.8	40.68	39.11
18.51	23.33	20.53	22.24	18.85	20.04	19.62	20.2
7.36	8.3	8.45	6.96	9.02	8.56	7.72	8.84
40.43	41.48	41.1	39.73	44.84	39.76	47.06	47.87
30.81	34.65	40.48	41.63	38.93	40.9	39.3	38.49
8.47	10.24	9.42	9.99	10.72	9.33	9.55	9.95
21.2	19.62	19.86	17.73	20	20.02	21.99	21.61
7.77	7.17	6.54	7.59	7.96	6.97	6.87	6.25
56.33	60.16	68.03	72.05	62.65	68.05	57.13	65.44
15.79	19.8	20.69	16.96	15.99	18.01	18.4	18.5
5.43	6.06	6.18	6.35	6.22	6.75	5.96	6.45
9.16	8.83	9.23	9.24	7.64	7.21	8.61	8.01
14.81	17.21	13.47	15.7	13.22	16.34	17.15	16.23
14.63	15.88	19.4	21.89	19.34	19.01	17.28	16.92
58.69	61.78	61.6	58.57	65.16	67.37	60.25	69.76
47.38	45.88	46.41	46.27	39	47.65	53.57	49.19
13.63	13.04	13.46	11.07	12.54	11.6	16.36	13.87
2.47	2.51	2.22	2.63	2.47	2.21	2.15	2.84
4.35	4.42	4.31	4.2	3.45	4.4	3.62	4.32
7.45	7.3	6.66	6.21	7.54	7.23	6.97	7.3
44.57	42.76	47.21	51.85	39.86	45.87	45.52	44
50.68	45.04	46.8	41.72	47.39	44.29	47.81	54.94
35.89	31.75	30.74	30.75	30.88	35.44	27.3	29.38
132.3	81.71	117.08	97.21	113.53	100.67	111.83	100.36
108.53	106.18	119.26	109.59	110.29	119.61	133.78	101.3
23.34	20.7	19.3	22.21	20.39	25.97	23.91	22.29
78.71	67	67.9	62.81	76.46	72.26	81.31	57.39
100.74	107.72	97.86	114.61	98.52	105.33	106.72	127.99
30.66	30.11	28.08	32.01	30.94	29.77	30.57	25.31
16.7	16.57	13.27	14.96	17.29	16.86	16.56	15.45
17.3	17.42	19.97	19.96	22.38	19.11	18.52	19.15
5.08	4.06	4.43	5.35	3.83	4.59	4.88	5.64
1.78	1.9	1.74	1.74	1.69	1.7	1.7	1.72
30.85	27.24	26.57	24.34	27.14	28.51	30.98	28.89
69.75	61.48	69.86	71.56	60.43	56.48	66.83	59.52
8.79	10.62	9.16	9.76	10.84	10.5	11.7	9.65
50.04	49.57	41.14	43.26	51.05	58.95	46.44	44.11
6.47	8.24	7.58	6.86	7.68	7.18	7.15	7.54
13.54	15.68	14.54	16.12	15.21	15.46	15.21	14.76
1.86	1.91	1.94	1.12	1.08	1.88	1.03	1.99
69.86	87.01	74.79	79.68	82.08	74.84	70.03	68.6
1.64	1.66	1.61	1.64	1.6	1.61	1.58	1.75
72.72	66.3	81.43	57.46	69.1	74.55	67.08	72.82
19.68	22.12	18.37	21.41	23.75	20.01	24.97	17.35
52.23	66.31	47.38	49.79	59.02	60.94	61.11	46.62
28.78	32.42	24.42	26.64	31.74	31.02	25.8	29.83
31.4	31.63	31.9	28.68	33.25	32.6	27.27	33.05
225.01	204.53	201.83	236.88	209.98	262.06	209.92	189.67
50.31	48.47	51.93	52.15	45.77	51.68	51.07	50.42
17.52	19.31	22.72	20.35	21.39	20.67	22.9	18.7
26.23	36.09	28.8	33.94	30.45	33.01	31.92	32.64
100.03	77.48	99.51	61.45	80.19	71.53	87.91	76.78
3.79	4.53	3.61	4.18	4.23	4.01	4.2	4.01
1.22	1.24	1.31	1.4	1.61	1.2	1.44	1.44
1.41	1.48	1.38	1.45	1.34	1.34	1.42	1.38
53.07	50.84	59.31	52.07	52.44	55.24	65.16	47.42
29.2	41.57	40.26	37.77	46.64	34.19	31.8	34.68
37.01	30.74	33.81	38.7	37.97	28.72	36.35	36.46
17.35	14.11	11.09	15.06	12.15	12.37	16.1	12.9
10.86	12.91	12.02	13.45	12.61	11.25	11.58	12.06
6.19	6.06	4.99	5.72	6.67	5.48	6.44	6.5
28.2	28.48	34.55	25.41	35.62	28.04	33.7	27.83
31.54	27.81	29.26	25.49	33.91	26.8	28.12	24.51
20.95	25.17	18.85	22.9	17.81	20.73	21.06	19.24
17.85	21.22	18.49	17.59	17.49	22.73	18.6	18.95
33.1	32.59	30.03	37.12	37.62	35.76	38.25	31.03
12.92	15.88	16.03	14.8	14.18	13.98	12.05	16.43
12.12	13.28	12.06	10.66	10.8	12.21	15.41	12.04
22.63	20.73	19.55	23	21.69	19.99	21.73	24.16
98.46	110.82	84.23	87.63	95.89	107.98	99.4	82.45
36.74	30.4	42.63	44.13	33.06	35.6	37.94	42.03
1.07	1.51	1.42	1.58	1.5	1.26	1.26	1.12
23.03	23.14	28.14	20.78	24.83	25.84	21.68	21.87
6.78	9.76	7.75	8.2	8.6	8.86	8.58	10.02
1.37	1.53	1.43	1.47	1.51	1.4	1.39	1.36
53.97	57.36	61.46	56.37	64.57	57.07	56.62	55.78
7.64	8.69	7.18	5.91	6.81	7	8.34	7.72
56.65	61.58	46.49	53.69	58.69	52.74	46.39	60.06
42.98	43.83	45.07	38.72	36.78	49.98	41.49	49.14
15.25	19.61	19.35	16.5	19.88	19.01	18.68	17.67
9.46	9.96	7.72	8.44	8.84	9.37	9.97	10.19
6.43	7.36	7.18	6.53	6.6	7.38	6.11	5.41
1.55	1.69	1.91	1.42	1.61	1.68	1.95	1.46
34.75	32.99	32.18	30.61	33.57	31.56	34.29	37.22
9.22	8.98	11.45	9.55	11.84	9.25	11.56	8.23
31.4	33.54	29.67	28.45	28.14	25.61	30.66	32.32
14.2	16.09	14.54	14.78	11.84	14.56	12.94	13.71
4.82	5.24	4.56	5.16	4.59	5.16	5.24	4.78
35.43	39.88	29.13	43.47	37.69	33.98	42.28	41.41
31.41	34.52	44.06	42.68	34.33	44.9	39.49	38.32
24.14	24.25	22.37	20.51	29.58	29.44	26.16	28.51
37.66	34.39	34.16	31.18	34.76	31.59	35.35	38.78
47.88	55.11	48.98	51.94	54.48	53.6	58.86	47.26
8.95	10.37	9.94	10.03	10.67	10.86	9.75	9.21
47.95	62.71	52.81	59.75	59.68	52.43	46.7	62.76
13.12	14.96	14.4	14.54	15.88	11.74	13.75	14.56
47.43	44.88	42.53	53.84	43.89	43.44	48.96	45.76
15.18	14.7	13.77	17.48	15.93	15.26	14.45	16.14
25.36	22.69	20.01	21.67	26.81	22.46	22.01	22.09
45.48	43.85	53.16	47.18	44.48	46.18	39.81	54.67
65.72	70.14	67.26	57.32	62.74	73.05	62.9	74.41
1.67	1.63	1.61	1.6	1.59	1.77	1.66	1.52
15.9	16.05	17.76	17.8	15.82	16.35	18.14	18.62
5.09	5.35	5.51	5.3	5.66	4.69	5.82	5.03
3.42	4.9	4.73	4.61	4.35	4	4.1	4.35
56.37	64.78	52.86	60.03	62.05	57.7	46.1	47.99
5.22	4.22	5.16	4.44	4.73	4.69	4.47	5.3
50.72	60.32	51.71	46.14	47.42	53.16	55.91	59.06
33.24	36.2	32.13	32.93	34.44	30.29	29.45	30.63
22.9	20.2	23.71	26.12	21.46	20.62	25.04	21.9
4.27	4.05	4.45	3.92	3.27	4.64	4.31	3.84
76.66	86.99	89.34	84.29	83.29	96.3	102.65	90.85
27.43	30.06	28.65	35.19	28.43	35.31	30.29	31.19
1.74	1.74	1.7	1.64	1.73	1.83	1.65	1.67
36.21	28.24	34.58	35.72	36	41.5	29.7	35.4
60.1	89.32	73.47	74.16	82.69	68.05	74.72	79.45
58.23	59.26	65.99	52.65	55.08	72.69	67.87	61.69
6.87	7.08	6.35	7.27	7.88	7.76	7.6	8.09
42.05	39.12	37.42	41.57	39.59	37.76	33.33	42.77
37.46	34.15	38.44	44.09	37.57	37.52	31.96	37.35
50.11	48.79	52.26	46.82	43.29	47.76	45.77	48.97
53.54	73.78	64.33	71.22	74.25	75.28	73.02	66.75
24.99	33.13	26.84	35.58	29.26	27.1	29.93	34.86
26.39	27.77	31.61	38.79	29.08	31.95	31.85	26.18
18.93	17.9	13.87	18.71	17.28	15.34	18.02	17.55
72.61	66.04	87.94	86.51	76.16	74.67	73.33	56.74
26.72	22.76	26.31	28.93	24.11	24.25	25.31	24.56
73.14	60.22	94.57	75.07	60.61	78.28	71.88	75.79
26.21	26.83	22.95	20.25	22.26	20.84	21.85	24.14
55.78	37.31	42.34	41.9	42.95	42.61	47.08	47.86
45.57	38.15	34.41	43.57	39.69	38.62	35.85	39.21
4.94	3.73	5.45	4.53	4.95	5.23	4.22	3.97
25.83	26.79	29.26	31.55	25.25	27.2	29.2	29.1
23.26	20.86	18.75	20.01	23.41	25.04	17.58	18.26
55.88	57.83	64.38	61.1	59.07	58.15	58.47	50.3
8.19	10.28	8.27	10.89	8.86	7.8	9.23	9.66
26.77	26.46	20.89	24.83	27.22	27.23	29.73	28.45
20.92	26.01	25.93	24.62	28.15	28.89	21.58	24.29
58.09	54.97	49.12	56.87	56.12	48.09	51.11	50.84
20.52	16.12	18.59	19.64	16.92	16.7	19.76	18.35
25.8	24.6	23.94	22.16	26.15	19.61	17.45	24.27
5.99	6.57	6.49	8.49	6.59	6.95	5.84	7.67
31.04	29.89	38.93	30.63	34.68	27.67	32.91	29.85
17.39	16.05	19.59	21.6	16.06	19.24	16.27	17.02
1.57	1.49	1.5	1.42	1.5	1.49	1.53	1.62
7.64	7.69	8.42	8.22	7.43	10.03	7.1	8.49
25.52	19.12	23.89	23.98	22.64	22.62	20.28	19.58
11.73	14.32	13.46	13.64	14.19	16.58	13.5	12.66
26.79	25.82	23.63	24.76	20.13	26.77	20.56	22.92
19.91	24.83	25.69	24.02	22	19.19	21.77	22.49
13.63	11.74	11.77	14.74	13.93	14.29	17.64	14.81
82.34	81.13	72.91	70.48	82.24	82.2	76.3	69.35
11.19	10.57	11.43	9.78	9.42	10.57	10.64	9.79
8.84	7.26	7.97	7.65	8.11	7.52	6.7	7.8
1.02	1.02	1.02	1.02	1.02	1.02	1.02	1.02
27.66	35.41	38.83	43.42	34.79	37.75	37.54	35.93
14.08	11.31	13.51	12.27	13.83	10.29	12.38	12.41
54.54	66.96	54.27	51.93	61.13	66.87	54.08	42.72
4.27	4.07	5.41	4.69	4.78	5.14	4.09	4.4
44.93	43.3	44.91	35.64	36.27	57.01	38.22	36.01
90.93	90	114.87	87.88	95.87	105.68	106.78	88.5
11.26	10.08	12.36	11.44	11.37	11.85	10.31	11.4
43.65	47.45	41.41	37.61	36.86	49.63	38.83	46.01
34.63	37.97	39.42	38.45	38.99	39.44	41.42	34.48
37.9	42.62	37.27	36.36	46.12	42.52	36.48	33.55
11.8	12.45	12.65	12.42	11.07	12.06	11.35	13.26
19.1	18.5	17.43	19.51	17.17	17.61	16.77	18.03
11.42	11.33	9.9	10.95	11.57	12.57	10.06	11.51
16.42	19.81	14.59	19.21	16.9	18.61	15.78	18.28
14.9	13.33	15.35	12.68	11.02	14.38	13.17	14.96
5.05	4.89	5	4.98	4.62	5.58	4.7	6.01
10.66	9.08	9.94	11.06	9.64	10.77	9.88	10.69
7.94	9.04	6.73	8.58	7.62	6.99	8.74	7.89
16.98	17.52	21.43	18.84	17.76	19.24	18.13	22.57
16.51	17.15	17.63	17.15	17.01	14.21	17.53	16.06
81.3	87.23	72.24	90.78	65.87	82.43	91.7	86.54
11.23	12.33	8.86	10.01	9.47	9.67	9.57	10.4
82.46	73.31	60.2	76.28	69.41	67.26	65.16	75.37
59.04	56.54	52.49	46.55	59.94	47.2	48.55	52.39
32.08	31.6	30.49	26.41	34.32	27.25	30.27	30.66
25.86	22.34	25.96	28.53	28.9	20.34	20.68	21.61
22.17	24.02	21.76	18.24	22.02	25.43	19.75	21.71
51.74	50.64	51.37	51.31	55.13	58.76	54.08	44.06
8.15	8.35	10.75	8.08	9.54	7.72	8.57	9.19
24.98	21.82	24.05	23.69	25.14	22.8	21.71	25.17
11.23	8.27	8.54	8.65	8.99	8.84	7.52	10.75
37.97	32.59	31.42	32.74	30.89	36.06	34.5	34.25
24.08	22.2	21.88	22.85	19.52	19.71	24.07	23.89
5.05	6.09	6.36	6.15	5.03	5.37	5.61	5.59
24.99	25.13	23.8	21.96	26.75	24.3	24.94	22.75
16.76	16.34	16.72	16.94	17.58	19.27	19.38	12.84
15.48	16.7	14.31	14.62	15.41	13.12	15.29	17.13
9.17	9.57	7.66	9.21	8.43	9.03	8.34	8.78
34	32.98	29.56	31.34	36.37	29.7	34.43	37.9
34.21	31.97	31.82	32.36	36.79	36.3	32.33	36.74
14.88	16.82	17.75	20.08	18.78	17.87	18.39	15.88
43.35	42.35	39.51	41.24	46.46	41.8	40.96	38.02
24.3	26.48	24.34	25.84	30.77	30.55	30.75	28.25
29.03	27.19	29.64	32.25	26.08	26.65	29.04	25.73
22.51	20.99	19.59	18.05	15.71	19.34	19.84	19.63
13.27	12.62	14.1	12.12	16.19	16.62	17.46	12.39
1.49	1.22	1.55	1.59	1.64	1.23	1.44	1.71
59.81	58.88	49.61	56.95	55.05	55.78	54.03	56.45
6.67	4.98	6.81	7.08	6.38	5.73	5.59	5.63
21.86	16.35	15.97	17.16	16.99	16.81	21.47	16.62
27.21	25.05	31.92	28.81	28.39	34.58	30.2	25.53
10.3	11.15	10.82	11.83	11.5	10.93	10.45	12.79
11.29	13.36	14.4	11.62	10.44	11.53	11.82	12.5
60.29	68.21	76.41	70.17	70.63	68.78	79.51	60.07
4.47	3.99	4.18	3.8	4.51	3.69	4.94	4.8
50.01	49.73	49.73	49.9	59.7	46.3	57.59	55.27
58.28	61.17	61.38	62.13	49.77	63.66	60.95	60.25
60.3	68.99	55.04	67.77	73.99	63.28	61.01	76.22
21.04	23.6	23.64	23.82	26.43	21.81	23.83	18.35
1.8	1.84	2.04	1.88	1.89	2.21	1.79	2.3
21.53	23.24	26.41	25.58	27.35	29.16	23.64	27.4
1.55	1.54	1.57	1.47	1.49	1.54	1.5	1.42
2.32	2.14	2	1.84	1.92	2.12	1.85	2.19
5.35	4.63	4.74	4.88	5.43	5.32	4.99	3.94
14.83	18.72	17.37	17.96	21.42	16.43	17.65	17.33
3.54	3.43	3.24	3.77	4.59	5.05	3.42	4.04
3.83	3.53	3.25	3.35	3.66	3.57	3.82	4.04
41.61	41.66	44.78	44.07	41.94	41	40.2	38.58
30.17	28.83	27.68	32.01	20.37	24.32	23.03	24.84
32.49	32.54	36.62	32.87	31.47	32.95	31.17	28.2
12.77	10.8	9.95	9.25	12.05	11.73	10.96	10.34
11	10.39	12.12	12.56	13.64	13.12	12.96	12.67
36.07	36.06	38.64	40.83	34.69	35.44	38.22	32.05
88.96	85.99	85.49	85.85	97.32	109.14	105.93	96.75
69.59	79.16	77.12	72.58	63.39	73.42	75.56	62.41
15.14	17.5	19.96	18.57	19.89	21.16	18.98	16.06
34.31	38.76	38.72	32.23	34.82	34.83	30.32	30.61
15.91	22.43	18.46	22.54	29.02	21.65	25.41	24.89
9.91	8.09	8.59	9.67	8.76	9.27	8.18	7.38
1.88	1.77	1.96	1.76	1.84	1.98	1.92	1.55
67.64	75.46	69.5	67.02	85.2	59.22	57.79	85.17
39.19	34.49	34.14	33.54	36.22	48.25	41.6	38.41
48.94	50.52	41.88	50.16	53.22	48.37	45.49	55.31
10.75	11.18	12.9	12.49	11.48	10.76	14.32	11.48
22.14	21.61	22.89	22.19	23.04	23.29	24.83	24.75
52.52	45.82	57.37	53.84	45.51	50.41	54.06	56.79
1.7	1.5	1.74	1.85	1.92	1.52	1.61	1.71
7.86	7.78	10.66	10.38	8.72	9.97	10.36	9.91
2.59	2.33	2.06	2.63	2.38	2.18	2.7	1.97
8.13	7.37	10.16	7.97	8.99	7.45	7.81	8.06
14.41	13.53	13.05	12.49	14.58	16.43	13.35	13.28
87.87	74.62	82.98	76.76	78.05	87.44	75.45	77.33
2	1.17	1.92	1.03	1.84	1.12	1.97	1.02
42.14	35.89	35.11	36.34	42.89	31.69	29.58	36.71
54.96	50.25	49.43	45.05	61.71	55.67	55.68	47.43
34.51	39.38	36.47	40.83	33.57	43.31	42.83	38.65
1.09	1.15	1.17	1.21	1.26	1.11	1.12	1.93
9.57	8.52	10.12	11.13	10.67	8.62	10.98	10.89
39.75	46.65	37.72	41.01	37.41	43.19	36.5	42.46
36.46	36.98	35.66	30.7	32.26	36.78	35.1	32.66
5.17	5.16	4.33	4.39	4.15	4.12	4.4	4.24
14.86	14.68	18.66	18.21	12.85	17.32	15.47	15.87
14.8	16.23	15.01	12.88	14.79	16.67	16.27	15.79
72.95	65.5	75.03	70.83	67.24	88.43	67.18	69.53
67.17	63.75	63.02	60.48	57.26	56.54	52.73	64.11
35.43	37.81	31.08	38.76	34.34	37.3	33.32	34.49
8.68	7.07	6.23	6.28	7.85	6.96	8.28	7.72
30.14	33.25	45.23	38.13	29.93	31.48	32.89	44.29
5.29	4.29	4.74	5.46	5.4	4.48	4.6	4.34
10.31	8.6	10.2	10.2	8.94	10.08	9.65	10.01
22.01	23.84	20.73	19.76	22.15	19.14	21.62	22.58
21.55	17.24	20.26	22.53	15.5	18.05	19.43	20.51
36.51	27.95	32.5	28.5	30.38	32.14	28.65	34.12
27	28.78	28.57	27.57	28.09	29.63	32.66	26.59
18.88	17.99	17.44	19.87	17.29	20.29	18.98	16.02
5.12	4.82	5.17	5.23	4.9	5.07	5.18	4.57
20.51	24.73	17.85	23.31	24.69	20.73	23.96	24.39
15.55	13.17	14.95	15.49	13.85	14.26	11.48	12.47
4.52	4.53	5.15	4.17	4.16	3.95	4.46	4.48
72.02	69.73	86.18	76.55	88.42	83.48	72.5	79.07
45.95	40.16	36.44	37.61	39.58	44.89	33.79	41.68
52.95	60.67	62.94	47.2	48.35	59.92	57.63	61.85
20.69	22.76	18.12	22.42	24.07	20.91	18.17	22.84
25.58	23.29	21.38	27.14	25.73	25.82	22.07	26.94
29.08	22.64	23.51	19.34	22.84	21.01	22.69	23.52
37.39	32.89	33.05	39.64	28.36	33.2	31.06	39.47
19.92	27.63	22.93	22.79	24.41	24.49	24.27	20.62
1.73	1.48	1.6	1.52	1.56	1.7	1.49	1.58
22.28	20.8	26.97	26.49	24.43	23.71	22.8	27.76
36.72	23.97	28.5	38.32	29.2	29.82	33.95	29.78
12.48	11.49	10.53	11.64	11.32	11.38	11.56	10.55
65.62	61.3	74.84	80.16	63.68	65.41	78.86	59.93
12.16	11.7	11.84	11.97	10.17	12.99	11.62	10.15
66.21	62.61	55.41	53.73	52.08	65.6	59.26	48.99
26.32	24.35	25.08	24.53	29.74	24.55	31.87	32.08
25.21	30.33	26.42	22.06	23.95	22.11	25.05	27.4
7.8	9.22	7.6	7.58	8.27	8.04	7.97	7.17
11.53	10.6	15.01	14.5	14.34	12.89	10.89	12
25.39	20.19	24.68	27.17	23.92	24.65	24.72	22.91
97.87	89.14	88.68	88.32	86.6	84.45	75.22	81
113.33	128.87	139.03	128.85	149.91	146.4	133.67	145.31
15.51	19.43	15.72	18.21	18.17	16.45	19.61	16.98
76.67	67.57	76.36	81.52	88.05	77.23	82.99	106.7
97.57	72.28	69.91	75.19	80.82	82.72	74.39	80.57
23.41	25.13	27.96	27.77	21.19	22.57	22.04	26.79
27.38	25.81	27.29	24.52	29.37	32.27	31.28	28.95
7.04	7.73	7.81	8.97	7.63	9.31	9.42	10.55
10	9.37	9.59	10.1	11.61	9.57	9.72	9.34
33.31	38.29	42.8	39.06	41.24	39.66	36.62	38.86
23.35	17.56	25.16	23.29	26.78	24.21	24.83	23.2
35.02	35.65	37.08	39.46	36.47	31.47	34.2	31.3
22.05	18.73	18.79	17.11	19.92	19.71	17.94	21.26
3.32	3.99	2.98	2.99	3.92	2.86	3.75	3.04
24.81	28.1	24.81	26.15	28.11	30.5	24.16	28.44
19.84	17.9	19.99	19.44	21.09	17.47	16.77	19.5
1	1.99	1.87	1.82	1.75	1.69	1.9	1.77
35.91	40.55	34.9	31.82	37.39	29.18	42.55	32.62
82.77	84.65	95.58	86	77.37	79.87	87.79	79.64
4.64	5.31	4.68	5.17	4.65	4.72	4.87	3.98
48.82	39.94	49.44	30.21	36.62	36.24	38.4	39.42
4.72	4.7	4.79	4.94	4.99	4.56	4.89	4.02
6.55	6.42	6.96	6.18	5.6	5.59	6.21	5.33
7.47	9.93	8.2	7.83	9.04	9.05	9.75	8.16
1.81	1.83	1.79	1.8	1.86	1.8	1.94	1.73
16.56	19.33	19.79	18.69	18.24	21.86	22.73	19.4
4.91	4.53	4.99	5.31	5.12	4.52	4.11	4.23
15.96	18.72	16.68	18.14	18.01	15.79	17.29	17.98
33.89	30.31	35.73	33.54	39.88	35.6	28.04	32.86
14.06	12.34	13.81	11.77	11.03	15.8	14.45	13.78
3.87	4.41	4.15	4.32	4.06	3.9	3.56	3.65
3.73	3.79	4.16	3.56	4.05	4.13	3.92	4.49
77.94	94.32	80.41	84.66	72.63	78.85	74.8	70.08
65.6	77.29	49.27	59.3	55.73	57.22	61.03	62.47
8.96	10.07	7.66	10.49	8.04	9.08	8.56	8.61
38.09	37.57	33.52	32.97	40.8	42.89	38.5	41.62
79.6	72.1	84.42	83	73.99	87.04	80.96	68.09
10.8	11.48	11.78	10.16	11.57	11.81	9.64	10.35
90.23	80.82	81.42	81.81	94.27	87.39	87.78	88.3
40.27	41.9	42.85	42.7	40.68	49.34	53.14	41.15
1.37	1.72	1.31	1.88	1.57	1.93	1.56	1.58
22.09	20.33	25.46	20.38	18.13	19.31	19.82	25.08
12.9	14.77	15.95	15.35	13.16	16.14	12.44	14.72
29.49	28.81	29.72	28.33	31.56	25.81	31.79	27.31
1.53	1.56	1.57	1.61	1.63	1.68	1.59	1.54
28.91	27.46	31.2	31.6	28.81	30.6	28.18	26.12
4.99	5.7	5.06	4.41	5.57	5.2	5.11	5.37
9.49	11.24	9.72	12.93	12.64	14	10.02	11.57
17.53	14.73	12.77	14.04	13.84	15.04	12.42	15.87
10.02	11.64	11.59	12.69	8.89	10.92	9.9	12.09
73.03	59.75	65.57	63.6	64.3	71.94	66.41	68.89
6.18	7.13	7.73	8.7	7.68	5.92	7.4	8.06
1.88	1.94	1.84	1.89	1.86	1.81	1.71	1.89
51.61	35.73	44.34	46.27	48.07	40.29	49.36	48.37
32.01	31.44	32.07	34.03	28.94	33.94	39.55	27.34
89.91	73.65	65.58	73.84	75.72	88.99	90.41	78.92
29.42	35.45	27.39	27.74	29.3	24.33	26.95	25.28
38.68	37.17	34.12	32.42	34.18	35.57	35.15	39.1
74.93	59.29	75.13	65.11	75.63	76.45	63.64	62.37
28.79	27.42	26.15	25.52	29.84	33.47	29.97	28.19
88.27	102.83	87.34	95.04	97.58	108.06	91.39	80.48
24.55	27.96	26.51	37.87	29.27	27.34	25.8	27.25
30.75	34.18	23.07	34.17	28.12	28.42	35.93	28.69
1.85	1.05	1.12	1.88	1.87	1.96	1.79	1.86
13.51	16.67	12.75	15.66	13.46	16.02	13	16.21
5.85	6.17	5.96	6.55	5.83	6.32	4.83	6.63
1.96	1.67	1.92	1.81	1.1	1.87	1.86	1.86
7.23	7.26	8.12	7.28	6.3	6.83	7.38	8.1
17.65	14.65	15.75	16.9	16.14	15.67	18.86	16.98
12.33	12.54	15.19	12.68	11.56	11.46	10	12.31
65.77	44.78	64.18	58.56	49.41	46.51	57.86	52.62
12.19	12.32	11.06	10.88	9.55	12.08	12.16	10.25
10.19	9.3	8.78	8.45	7.97	8.9	10.37	9.78
26.45	30.71	25.05	26.85	27.68	23.57	25.03	25.31
14.67	13.77	14.04	13.03	15.96	14.31	16.33	17.6
66.71	57.67	56.92	71.99	54.8	64.24	65.14	60.97
2.62	1.79	1.98	2.08	1.99	2.04	1.85	2.61
49.21	47.87	54.53	56.25	52.29	47.95	55.07	64.45
128.35	157.05	134.42	150.39	164.13	139.69	130.35	140.27
25.94	18.73	17.81	19.39	18.1	23.13	20.08	23.59
16.93	26.01	26.1	22.13	21.3	22.94	24.37	26.1
9.64	11.01	11.85	14.15	11.06	12.5	14.11	10.65
6.18	6.89	5.27	6.39	5.58	6.16	6.98	5.28
13.6	12.54	15.05	13.64	11.23	12.48	13.69	13.69
16.18	17.83	17.25	16.25	17.66	15.26	13.61	17.1
29.3	30.42	39.88	28.13	27.97	30.48	32.55	29.62
66.98	73.3	62.41	88.58	64.77	70.2	70.01	71.12
24.11	21.12	21.34	19.7	26.52	27.01	26.25	21.44
15.04	16.26	16.65	16.43	17.17	19.01	15.07	16.15
15.56	13.48	14.2	13.63	11.94	11.65	11.82	13.23
56.69	53.81	62.13	56.86	55.6	66.72	55.29	54.96
27.77	29.29	27.62	30.06	27.09	28.78	28.43	21.65
21.92	20.84	18.82	22.78	19.94	22.43	21.74	21.14
81.77	83.76	76.52	68.69	80.31	78.95	78.41	78.78
12.02	15.02	12.99	12.23	12.88	13.86	14.02	14.99
21.39	19.16	20.09	22.96	18.12	20.58	21.3	21.95
16.88	16.89	13.53	14.45	13.39	15.41	10.86	16.27
17.04	21.81	22.53	22.51	20.1	20.33	19.23	23.67
8.13	7.71	9.32	7.54	8.87	7.35	7.71	7.89
25.25	25.53	28.01	24.15	24.74	25.6	24.07	28.8
9.57	10.82	12.59	11.67	11.94	11.92	12.01	10.32
24.16	26.38	25.81	25.76	26.59	25.5	25.08	24.97
20.72	21.03	21.81	22.53	21.53	25.43	18.57	18.25
23.72	23.63	23.29	30.29	21.77	30.07	24.26	28.63
1.92	1.95	1.91	1.78	1.65	1.8	1.86	1.87
47.02	42.96	44.51	50.95	49.89	43.86	44.58	44.43
6.44	6.67	5.23	5.51	5.78	5.33	6.29	7.01
13.36	13.48	12.2	11.66	13.38	14.08	13.09	13.15
38.26	42.38	32.71	42.81	34.86	40.22	37.14	41
9.12	9.72	8.08	9.16	9.71	10.2	8.86	9.89
19.89	19.23	20.39	19.38	16.68	19.67	17.51	19.07
5.19	5.73	4.93	5.55	5.25	5.2	4.94	4.49
17.45	16.86	17.95	16.47	16.99	16.01	21.71	16.91
26.24	24.72	23.54	20.19	26	24.47	23.05	19.62
168.94	141.81	168.08	124.71	150.18	148.38	153.46	132.15
15.39	14.05	14.48	13.11	14.02	18.02	11.57	15.64
15.77	14.23	17.29	16.91	15.5	19.58	17.6	21.11
99.3	94.29	85.03	99.55	91.96	89.71	98.92	86.43
72.32	59.82	55.2	65.21	60.01	63.4	48.65	62.09
43.27	40.87	47.45	42.03	44.87	43.54	40.69	46.14
8.76	7.34	8.07	7.75	8.65	9.75	9.74	8.58
20.12	20.51	19.24	22.13	16.67	22.38	17.82	18.35
163.25	146.29	145.36	135.62	149.87	151.82	118.87	143.29
48.39	45.01	40.63	40.24	45.77	44.5	41.71	47.3
3.77	4.34	5.07	4.58	4.99	5	4.95	5.41
4.7	4.63	5.27	4.81	4.31	4.85	4.06	4.44
40.48	51.73	65.35	56.86	50.96	44.89	55.09	56.02
26.57	27.94	25.51	26.49	28.5	25.84	27.47	29.14
31.19	31	35.81	31.66	31.2	31.08	36.41	32.34
61.16	83.83	70.69	72.19	84.1	81.22	78.43	75.55
10.2	12.65	11.38	11.97	11.77	12.18	11.14	11.59
20.38	18.52	21.62	23.69	17.9	20.77	18.48	20.99
2.14	2.03	2.28	2.4	2.51	2.02	1.94	2.1
80.71	82.86	98.68	77.03	94.5	86.33	65.98	76.13
3.52	3.67	3.02	3.8	3.64	3.78	3.59	3.8
23.18	20.24	22.62	23.31	19.88	21.48	22.21	21.56
6	5.78	6.87	6.9	7.18	7.64	6.42	6.33
15.28	15.79	16.09	16.3	13.9	18.63	18.38	18.84
4.93	5.11	5.37	4.68	6.05	4.76	5.22	5.19
8.18	10.26	10.64	8.98	9.08	9.87	9.45	9.86
22.15	18.87	22.56	24.06	16.84	22.61	21.29	23.48
2.01	1.75	1.87	1.86	2.04	1.94	1.58	2.08
54.63	47.33	51.46	45.35	41.53	51.41	50.47	49.32
116.48	130.4	130.25	124.71	133.86	119.38	153.11	127.71
46.11	46.66	47.48	56.76	47.68	47.5	47.36	49.83
31.06	28.57	29.05	31.5	28.97	34.81	37.29	29.72
3.59	3.89	3.22	3.13	3.66	3.76	4.03	3.92
65.1	73.38	72.87	77	82.03	70.51	74.98	68.51
2.03	2.32	1.92	2.34	2.11	1.79	2.33	1.95
15.98	12.99	17.06	17.07	14.12	14.02	13.58	14.19
138.51	143.11	134.55	132.25	134.74	165.1	137.27	145.54
1.71	1.75	1.86	1.8	1.79	1.67	1.55	1.64
30.76	33.17	39.69	31.77	36.66	36.95	35.32	32.76
60.9	57.76	60.18	69.21	60.34	60.27	54.53	58.13
26.43	22.37	22.15	24.24	24	23.78	22.55	18.44
13.12	15.19	17.13	16.14	13.1	13.21	14.65	15.01
50.02	46.67	37.82	39.92	40.14	43.19	40.68	46.67
43.85	38.35	34.08	36.21	34.66	35.01	38.2	37.67
45.34	42	44.87	57.31	41.4	43.63	55.06	35.46
23.19	22.13	23.07	22.86	21.67	24.7	25.28	24.05
15.13	12.3	12.01	10.88	11.36	11.1	13.59	9.98
60.71	67.09	52.88	61.71	61.46	64.73	58.94	57.36
37.48	34.1	32.65	38.44	36.76	35.32	34.06	32.5
94.25	88.16	100.73	119.61	85.71	108.33	82.39	116.12
30.75	33.09	29.31	40.69	30.65	33.48	33.9	29.35
22.15	25.57	20.87	24.38	24.47	25.39	26.04	21.3
12.24	11.69	12.91	13.1	13.72	12.02	14.63	11.55
27.02	24.31	25.85	22	20.32	26.31	25	25.21
34.21	34.27	33.97	38.71	40.51	34.6	36.03	31.27
96.77	101.59	98.24	92.38	109.51	116.16	97.07	125.87
42.38	51.09	46.09	36.45	49.83	45.29	44	45.31
22.12	24.78	25.43	20.63	23.95	21.23	23.26	20.18
20.18	19.21	18.72	20.55	22.94	20.32	22.41	18.98
53.78	48.83	46.01	56.05	40.73	54.89	52.87	54.48
12.69	12.14	11.49	10.33	10.85	11.73	11.2	11.34
47.26	38.07	44.85	40.02	38.76	38.57	35.13	34.01
30.6	29.73	29.76	26.14	31.11	29.04	25.35	29.57
1.85	2.42	2.27	1.96	1.69	2.23	2.37	2.14
43.76	42.58	35.35	41.04	36.98	44.99	39.27	37.51
6.1	7.66	5.36	5.11	6.79	6.43	5.64	7.05
110.94	106.53	89.45	85.61	76.16	84	100.26	101.27
34.92	37.61	31.29	34.74	34.36	39.46	39.17	39.24
13.28	12.84	12.21	11.9	14.35	15.51	12.84	15.45
38.32	40.34	37.21	34.62	42.14	43.7	37.76	36.81
8.75	7.78	10.13	9.4	9.63	10.73	10.31	9.87
15.5	14.5	13.88	15.11	15	16.64	12.65	15.52
27.24	29.9	32.23	29.37	28.45	28.32	35.55	30.45
134.07	123.6	133.09	147.81	155.96	160.08	136.28	144.82
82.5	94.37	103.28	94.19	94.67	100.5	98.09	75.41
25.36	23.63	23.25	29.81	25.01	22.66	28.5	23.07
6.77	7.75	7.06	6.93	8.24	6.8	8.21	6.12
3.93	5.3	4.56	5.32	3.92	5.1	4.92	4.24
7.01	7.23	6.66	7.38	5.7	6.39	6.92	7.12
54.8	49.56	48.77	46.18	45.35	44.28	47.52	53.2
27.06	25.05	38.46	30.02	29.6	39.04	35.82	30.54
25.12	26.08	25.17	23.94	25.37	25.8	24.59	20.11
58.23	55.8	54.17	61.77	54.2	61.23	63.23	55.99
11.18	11.93	10.5	11.89	13.03	11.44	11.28	9.71
74.81	59.17	67.56	56.69	66.45	57.87	72.47	63.09
14.14	14.71	15.03	14.94	14.02	13.18	14.35	12.36
35.27	40.2	40.65	42.43	34.04	34.7	33.24	39.72
39.79	34.57	36.73	37.5	36.66	34.64	34.39	35.01
124.88	130.69	98.28	130.6	105.66	110.66	101.5	104.64
19.29	21.56	20.52	20.03	22.93	24.47	25.81	21.14
131.72	132.45	150.6	137.13	146.96	126.88	147.82	140.21
13.1	11.73	13.52	12.14	14.49	16.34	12.81	13.28
12.5	12.25	10.63	9.88	15.37	11.63	10.7	12.54
9.75	12.11	10.71	13.17	9.32	11.9	8.7	8.93
3.23	4.12	3.42	4.12	3.72	3.63	3.68	3.52
8.47	10.05	7.62	8.46	8.15	7.63	7.38	8.97
39.64	36.14	37.76	29.93	33.87	40.31	42	37.84
41.82	48.07	49.05	41.64	40.16	46.74	48.48	49.93
14.88	11.39	14.16	14.05	14.16	13.64	15.18	11.95
4.03	4.14	4.37	3.64	4.33	4.58	3.48	4.18
73.9	74.21	78.33	83.79	71.17	71.15	78.08	76.09
16.6	20.44	19.8	19.24	19.92	19.43	17.64	16.83
15.53	15.28	15.38	13.75	16.84	15.04	14.31	16.04
8.9	8.32	7.06	8.01	7.64	7.67	9.05	7.26
4.37	5.27	4.44	4.73	3.75	5.34	4.77	4.67
80.77	75.74	61.7	79.97	77.77	82.62	73.8	68.13
82.45	64.29	65.54	77.6	89.5	81.8	70.54	74.58
27.87	36.63	24.61	35.66	33.81	30.13	34.38	32.45
66.04	57.47	76.41	59.89	59.19	63.92	65.62	68.01
20.74	23.55	21.11	24.39	24.06	23.36	24.49	21.19
25.25	28.35	24.53	23.56	30.89	26.51	24.45	30.28
44.61	36.78	50.79	45.93	45.37	51.08	43.29	43.31
87.66	73.51	79.6	81.88	62.99	79.9	72	90.16
22.14	20.76	23.07	23	20.52	26.72	22.14	24.74
10.81	10.61	8.63	9.26	10.21	11.94	9.74	8.36
31.72	25.94	29.76	28.94	28.98	26.13	23.93	28.56
2.3	2.03	1.71	2.36	2.34	2.39	1.96	2.19
5.67	5.83	5.82	6.51	6.42	6.1	5.74	5.02
63.24	59.37	58.71	55.62	59.21	58.19	55.52	45.44
12.79	10.14	11.29	10.68	10.2	11.76	10.14	10.93
69.64	67.24	66.84	67.29	69.87	58.47	77.73	61.44
17.07	14.4	16.77	17.74	17.04	19.99	17.05	18.64
18.48	17.83	18.78	19.07	16.8	16.26	16.08	18.35
3.22	3.49	3.68	3.86	3.57	3.71	2.78	3.28
26.1	28.2	27.14	23.06	24.9	23.04	23.62	21.52
90.12	105	92.41	103.2	86.05	99.67	98.01	120.32
25.07	28.96	22.76	29.44	25.56	30.23	26.58	25.33
56.52	58.15	51.7	56.15	65.95	62.13	63.9	60.21
106.44	76.84	91.18	81.76	91.31	78.32	81.94	82.57
22.4	16.97	15.19	17.35	15.54	20.99	18.1	17.86
20.05	25.04	24.46	23.23	22.43	24.5	25.42	30.4
42.43	36.08	36.88	35.56	39.07	45.9	31.77	42.36
34.01	40.25	33.21	37.24	33.2	34.63	38.33	34.12
24.55	28.04	27.01	26.41	24.65	21.74	21.28	22.36
48.14	40.12	38.89	41.56	45.87	45.77	41.61	42.33
92.05	107.86	92	85.52	94.3	79.9	96.27	101.36
11.54	9.93	10.03	8.82	9.85	10.3	9.49	9.89
48.02	50.97	46.78	48.4	50.06	51.02	45.99	58.49
38.14	36.52	39.36	35.44	33.72	37.46	40.53	31.45
32.22	38.42	28.24	35.46	37.41	31.47	31.29	34.52
1.9	1.66	1.79	1.69	1.73	1.73	1.82	1.58
6.03	5.82	6.72	7.15	5.8	6.46	5.71	6.19
9.2	10.53	10.8	10.66	8.5	9.33	10.11	9.58
18.79	18.27	14.61	14.94	15.16	12.23	13.3	14.84
7.93	7.33	8.1	6.95	8.19	8.41	8.44	8.05
25.71	18.18	23.77	21.28	20.82	20.61	24.32	19.51
20.97	19.57	25.37	24.05	22.2	26.72	19.91	20.86
16.27	14.03	18.17	19.9	18.19	18.96	18.31	13.27
51.09	55.4	52.72	55.82	57.51	49.87	45.45	59.37
27.27	20.3	20.98	24.22	23.15	20.66	25.44	22.93
23.76	22.51	24.41	24.47	20.47	24.41	19.52	23.73
1.12	1.13	1.14	1.12	1.12	1.14	1.12	1.13
10.34	9.73	8.48	10.03	9.35	9.32	11.67	12.05
6	5.98	5.61	6.47	5.5	5.54	6.01	5.16
56.45	79.92	68.15	66.37	62.53	73.76	70.55	70.55
7.79	9.29	9.41	9.85	8.14	7.54	8.33	9.15
37.89	32.38	37.79	35.05	30.88	32.89	29.62	36.6
56.4	61.14	67.04	65.23	48.92	62.77	45.59	51.81
53.66	48.2	49.41	49.54	46.56	48.86	42.73	47.94
45.08	49.38	45.04	49.44	43.04	46.92	48.17	45.39
54.46	52.59	52.82	54.77	48.43	49.05	58.9	46
89.84	94.4	80.72	95.43	84.5	81.64	83.95	103.83
8.34	9.02	10.28	9.93	9.25	9.81	10.5	8.14
6.44	7.62	6.82	6.69	7.96	6.41	6.81	6.06
66.62	65.2	55.52	63.07	54.33	65.15	67.1	54.75
77.68	73.67	85.5	76.32	69.92	72.51	73.48	68.35
69.02	72.99	76.96	72.57	72.45	64.32	72.38	66.62
2.15	2.3	1.92	2.16	2.14	2.38	2.5	2.01
34.82	32.28	31.27	31.23	30.29	33.13	35.25	32.75
2.06	1.53	2.14	1.74	2.28	2.1	1.85	1.83
10.7	11	13.65	10.82	10.96	10.56	11.08	10.51
19.31	20.9	23.58	21.64	21.88	24.55	24.52	21.7
24.7	27.98	27.7	28.51	23.5	26.53	30.78	29.42
71.7	63.61	69.01	65.65	69.22	77.36	66.31	78.55
24.47	26.02	28.44	25.78	25.26	26.17	31.51	26.91
40.87	37.93	35.49	36.42	42.32	40.16	57.08	42.73
25.8	24.93	28.29	25.15	28.15	27.57	21.02	22.31
6.44	5.55	5.64	7.16	6.02	6.52	6.7	6.85
16.78	20.47	19.07	15.8	19.59	16.25	18.5	16.86
33.28	35.08	34.9	35.54	35.34	35.93	33.49	36.84
37.07	34.44	39.97	36.78	26.86	34.36	40.49	32.45
2.78	3.53	2.72	2.68	2.9	3.42	2.79	3.48
7.56	7.65	8.43	8	6.06	7.4	8.22	6.29
92.97	73.28	81.23	90.87	98.15	98.53	79.84	66.36
2.48	2.08	2.28	2.42	2.47	2.17	2.52	2.48
12.34	9.63	9.09	11.21	11.01	10	11.83	9.97
28.97	26.69	23.99	26.54	28.58	29.64	27.39	34.41
67.93	64.71	64.19	62.36	73.19	67.9	59.84	65.22
4.14	4.35	4.23	3.69	3.58	2.65	3.81	3.9
1.3	1.24	1.14	1.24	1.29	1.3	1.1	1.29
7.15	7.5	9.61	6.62	8.2	6.69	8.26	7.88
38.99	38.76	35.49	39.02	34.02	36.7	33.98	35.47
27.71	25.35	27.15	24.69	24.06	25.58	33.74	29.07
154.16	118.71	148	139.3	160.23	140.42	159.08	126.85
68.47	68.27	55.97	68.25	62.06	61.58	62.51	70.02
26.08	25.76	26.47	21.77	25.98	21.11	21.47	25.2
8.65	9.57	9.26	8.63	10	9.64	8.54	8.72
39.48	35.6	45.41	40.69	43.5	48.62	39.39	41.54
26.4	29.35	32.33	24.58	28.41	26.81	25.61	31.82
35.56	43.68	47.93	42.38	43.61	41.75	47.57	45.66
15.1	17.72	13.6	13.02	13.68	14.8	13.76	15.64
6.68	9.6	8.52	8.5	10.05	9.82	9.61	8.46
13.39	12.13	10.93	11.97	12.51	11.12	11.96	11.5
31.7	35.5	29.96	30.26	37.05	34.34	30.13	28.39
64.83	73.03	84.43	68.99	72.37	71.95	85.67	57.7
35.06	35.26	28.4	30.93	30.06	26.63	32.26	34.66
12.73	11.15	11.92	12	12.1	11.74	11.37	10.85
36.97	37.38	32.74	36.68	38.95	36.58	36.37	39.37
60.76	70.8	68.95	64.96	65.05	60.4	49.41	60.23
45.57	42.63	48.64	40.42	50.07	39.49	46.35	38.25
12.86	14.15	13.81	10.26	13.46	13.74	16.24	14.72
34.81	48.47	45.69	38.79	46.9	43.44	42.37	41.61
41.06	41.43	32.56	38.58	44.51	40.66	32.63	39.77
22.05	20.21	26.21	24.01	25.99	21.03	23.2	22.8
63.13	53.84	61.89	57.7	56.11	56.35	60.13	52.86
1.24	1.23	1.17	1.18	1.18	1.22	1.22	1.19
1.57	1.52	2	1.78	1.81	1.88	1.65	1.65
17.88	18.41	12.98	16.7	14.68	16.83	15.24	19.49
26.8	25.6	19.94	22.69	26.1	28.25	23.69	21.07
19.1	17.99	18.05	23.33	21.14	19.38	24.11	22.01
45.73	45.03	41.98	42.79	37.87	49.62	50.49	41.51
36.96	30.71	36.14	38.55	29.64	39.51	35.37	30.48
2.23	2.26	1.97	1.97	2.34	2.16	2.16	2.39
50.23	52.47	56.75	54.58	60.35	62.32	57.18	61.46
16.94	16.28	15.9	14.17	18.21	16.3	17.08	15.8
5.18	4.16	3.85	4.93	4.82	4.21	4.54	4.59
3.7	3.43	3.81	3.39	3.45	3.3	3.22	4.44
62.04	59.39	59.05	50.97	48.39	56.2	55.02	59.71
95.45	102.75	96.74	88.17	93.3	92.16	95.53	106.23
27.48	28.83	23.64	25.32	27.46	26.78	24.5	31.07
18.3	16.18	18.3	18.44	16.2	20.21	22.38	16.13
7.98	8.18	9.26	7.35	6.96	7.54	9.8	9.09
10.22	8.78	9.21	8.77	9.99	8.92	9.95	10.43
33.4	39.06	34.95	34.45	34.14	32.79	38.31	40.95
13.67	17.34	12.43	18.71	15.35	16.32	16.4	16.58
14.74	15.36	16.88	18.28	14.85	17.58	15.76	17.88
6.56	5.19	5.86	5.2	5.41	5.48	5.47	6.81
4.55	4.49	5.44	4.74	5.37	4.47	4.76	4.72
13.71	12.75	13.78	13.64	12.26	14.74	14.22	11.35
6.69	6.6	6.43	6.3	7.91	7.02	7.46	7.22
14.05	12.81	12.07	13.69	12.96	14.31	15.55	14.07
4.3	5.06	4.48	3.66	3.66	4.13	4.46	4.01
13.84	12.24	12.32	13.9	12.87	17.88	16.03	16.24
37.73	38.56	42.14	37.51	37.87	38.13	38.08	38.31
7.09	6.02	5.51	5.74	6.97	5.7	6.13	7.15
12.19	11.86	13.1	11.94	11.12	11.29	11.4	11.85
14.27	13.25	14.87	15.33	16.27	14.38	16.92	15.28
32.46	41.58	38.91	39.82	39.03	37.4	37.49	41.97
172.84	167.18	158.59	144.39	147.8	164.25	190.06	172.53
4.39	3.96	4.42	3.72	4.58	5.04	4.46	4.39
10.18	11.54	8.14	11.99	12.54	12.23	10.76	11.81
85.71	100.98	83.43	106.55	108.26	75.32	94.39	83.52
16.21	22.11	19.65	18.22	16.31	22.59	20.67	14.68
86.34	79.55	87.86	85.12	97.13	89.32	80.35	106.02
57.26	63.69	62.79	60.16	53.94	57.6	62.75	55.1
17.07	17.77	18.42	16.4	15.31	16.98	14.63	18.4
21.89	20.2	19.69	16.63	18.51	18.29	21.73	15.96
75.62	74.79	68.65	78.45	85.63	81.67	82.76	69.65
17.33	14.77	15.35	15.33	16.52	19.28	15.7	13.42
37.39	42.7	48.14	45.09	42.27	45.96	49.61	51.54
31.66	37.02	39.92	34.72	36.55	33.67	37.22	35.4
35.28	38.94	40.6	44.44	43.39	38.91	46.55	40.28
39.64	38.63	47.6	48.17	44.85	48.12	44.56	42.17
59.62	62.24	56.6	72.2	60.07	61.62	62.7	56.71
26.04	25.16	32.23	28.73	22.83	27.5	28.55	33.38
7.69	7.7	6.77	7.06	9.74	8.41	8.66	7.04
38.89	35.7	31.99	35.41	40.42	35.99	31.83	42.6
1.12	1.26	1.23	1.39	1.35	1.36	1.38	1.39
79.3	86.64	86.3	81.39	87.85	89.76	86.48	107.03
29.85	29.84	25.86	30.37	24.35	29.01	29.53	31.51
9.22	8.27	7.15	7.33	7.6	8.97	8.83	7.43
48.5	52.95	53.11	47.04	46.88	57.31	48.83	59.48
42.17	40.42	48.75	45.65	46.41	42.04	49.69	51.39
69.79	92.58	68.31	70.6	88.52	71.69	64.79	82.9
39.83	42.2	46.16	46.37	44.08	41.92	37.48	41.95
39.96	29.93	34.42	30.75	39.63	44.08	36.37	36.61
8.59	9.68	11.53	8.73	9.11	9.8	9.67	9.93
25.61	24.47	28.84	23.9	22.17	20.24	25.98	25.16
43.9	37	34.53	37.3	53.85	40.29	44.31	40.7
28.66	30.5	27.69	30.99	26.05	28.88	30.62	33.22
2.06	2.35	2.23	1.9	1.63	2.05	2.17	2.19
19.85	18.5	18.72	17.18	19.55	16.89	19.33	20.25
17.42	15.5	17.77	18.67	16.37	18.68	17.25	19.86
63.27	62.09	54.42	60.17	56.44	66.9	61.33	52.66
22.4	27	21.4	24.85	34.23	27.14	27.05	23.32
58.71	54.12	56.41	56.16	44.59	56.75	47.18	52.64
20.81	18.08	17.81	20.81	20.03	25.81	18.15	19.68
45.61	49.18	44.91	46.78	49.95	46.39	43.08	50.59
1.92	1.21	1.99	1.88	1.05	1.99	1.9	1.94
36.39	35.03	43.35	38.32	40.94	43.65	47.55	42.48
13.66	14.57	11.02	14.44	16.06	13.2	13.48	14.18
61.97	69.19	61.76	67.19	65.04	55.81	61.51	47.52
17.34	24.51	22.61	23.5	22.34	23.02	23.02	27.11
15.24	13.14	14.31	13.31	14.23	15.2	14.7	15.91
39.62	33.82	34.01	37.79	39.63	38.49	39.65	38.11
9.14	8.08	8.98	7.63	8.82	8.27	8.96	8.42
5.03	5.4	4.75	5.11	6.86	4.76	5.42	4.41
28.51	31.46	29.54	28.68	29.22	24.8	29.29	30.91
58.47	56.49	60.05	57.66	49.37	44.57	51.01	51.9
84.77	74.54	81.25	80.35	85.69	83.39	76.46	82.13
6.89	6.4	5.25	6.36	5.25	5.94	5.78	5.6
8.53	7.11	8.01	7.31	7.46	9.05	7.59	8.29
5.38	5.11	4.4	6.1	6.36	6.07	6.18	5.35
2.97	2.18	2.31	2.34	2.19	2.39	2.49	2.73
21.03	18.28	20.66	19.14	22.89	23.05	21.87	21.15
17.26	17.45	15.53	16	17.75	15.88	17.01	15.77
49.94	41.77	49.71	70.77	61.45	55.75	61.85	55.96
22.87	24.83	20.12	19.55	24.81	18.54	22.34	27.83
29	26.56	21.63	29.69	25.5	34.1	29.16	29.72
27.22	29.41	32.88	26.53	27.98	33.96	34.26	34.34
48.02	46.15	42.37	43.75	43.33	43.4	50.31	50.25
65.18	60.69	53.8	58.09	52.88	72.66	59.31	57.64
59.84	47.46	63.53	54.72	55.73	50.12	57.47	58.81
27.72	27.37	26.9	28.53	25.21	29.1	29.22	23.57
13.67	15.14	16.08	14.83	12.77	16.77	13.53	13.76
17.05	15.38	17.48	16.45	17.37	16.75	19.19	15.57
22.17	24.65	24.72	26.76	28.04	27.56	23.99	26.35
1.68	1.48	1.74	1.53	1.71	1.95	1.79	1.86
49.29	50.42	47.45	43.84	46.43	51.06	46.2	43.66
42.58	62.18	51.59	51.59	49.34	46.11	50.93	64.06
19.15	15.49	15.96	15.67	16.95	16.45	15.21	15.81
96.53	91.42	81.82	100.73	97.69	84.94	82.26	74.62
67.13	59.86	67.91	63.65	76.41	62.46	60.88	65.2
2.04	1.79	2	2.09	2.09	2.04	2.25	2.06
76.05	75.81	73.26	74.32	72.02	87.27	72.67	80.64
15.14	21.86	16.83	17.81	17.42	20.17	17.6	16.67
27.61	28.63	28.98	27.1	28.9	23.9	28.13	28.37
53.54	61.01	49.49	51.26	55.46	58.18	52.16	56.44
50.62	66.15	67.57	74.48	69.18	63.22	63.87	70.69
28.8	30.87	32.62	32.62	31.65	31.16	32.77	33.06
40.33	38.18	41.58	37.36	36.67	38.57	39.39	43.99
5.88	4.77	6.59	5.58	4.86	4.3	5.49	5.49
3.95	4.62	4.34	4.25	4.69	4.29	4.73	4.34
32.34	24.97	29.3	30.27	31.49	24.9	29.86	24.59
15.68	15.07	14.71	16.36	18.27	17.22	16.99	17.44
23.39	25.52	23.25	25.59	21.56	28.44	28.48	30.31
84.91	97.74	77.2	78.81	81.55	84.61	101.9	102.61
21.97	24.79	24.1	22.95	25.45	18.34	23.34	20.92
27.28	28.43	23.56	22.79	25.05	28.45	26.86	24.15
23.23	30.77	24.46	27.59	25.09	25.05	31.61	24.93
33.24	29.4	29.84	32.8	35.15	38.25	35.5	28.87
25.22	20.04	20.03	23.28	21.68	18.45	22.7	21.61
33.15	42.21	43.71	37.96	38.79	37.94	35.27	47.5
17.12	21.04	24.33	21.59	23.41	21.4	21	19.76
3.15	3.13	3.59	4.16	3.84	4.17	3.7	3.84
1.13	1.18	1.16	1.15	1.14	1.14	1.17	1.18
24.01	25.28	24.76	22.81	26.38	26.25	23.45	22.78
47.44	47.96	44.85	40.53	45.67	51.66	46.18	58.25
4.45	3.82	4.09	4.06	4.63	4.96	3.54	4.63
32.84	33.02	30.09	31.4	30.34	32.78	25.13	31.08
16.31	16.54	17.94	14.9	17.06	17.22	15.28	18.34
2.14	1.91	1.99	2.1	2.25	2.11	1.99	2.12
62.03	55.98	65.6	57.7	67.63	57.07	71.85	69.29
3.39	3.38	3.31	4.31	3.49	3.17	3.36	3.67
17.06	14.4	15.64	14.49	13.1	15.52	15.32	14.01
17.03	17.3	17.2	13.18	16.14	19.61	14.52	16.78
33.14	26.92	26.74	25.5	24.14	31.2	23.94	22.96
6.4	7	7.36	6.58	7.16	5.86	6.14	5.99
92.96	87.23	87.97	96.35	70.66	88.82	88.96	89.34
12.37	10.97	13.14	12.43	11.37	11.5	12.39	10.82
20.17	20.33	21.42	21.4	24.43	18.94	22.48	23.26
22.86	24.64	25.51	23.6	20.69	28.39	25.78	32.31
10.32	9.97	11.43	11.91	9.21	11.54	11.68	11.32
43.98	38.04	31.66	46.46	35.01	35.52	32.63	35.77
102.11	105.21	92.09	88.92	78.58	84.96	81.4	97.92
10.94	9.58	9.08	10.75	11.19	10.45	9.76	11.73
21.65	22.14	23.64	19.15	20.71	18.81	20.35	25.63
42.84	43.17	45.51	45.27	49.2	43.2	45.22	43.31
11.63	13.37	13.96	12.73	11.27	13.52	15.55	10.96
53.89	48.15	44.92	55.29	43.27	51.78	57.98	42.42
6.9	5.54	5.81	5.93	6.4	7.15	5.74	6.41
24.96	25.75	26.93	25.69	23.74	29.07	24.1	29.46
37.05	39.15	34.48	32.22	37.07	40.14	36.01	37.05
17.96	19.78	18.56	18.94	18.7	20.2	18.45	16.68
1.62	1.63	1.4	1.83	1.66	1.77	1.75	1.52
6.36	6.34	6.71	5.32	4.44	5.68	6.31	5.75
33.38	32.3	31.87	34.06	29.07	31.45	32.74	31.61
24.58	25.44	28.17	23.74	24	31.11	24.21	29.29
107.57	91.24	96.66	109.54	87.88	111.71	128.84	86.16
9.24	9.03	9.34	9.42	10.36	8.29	8.62	10.09
26.5	25.18	23.61	24.62	25.5	21.82	23.19	24.11
23.94	23.96	24.76	27.53	27.54	28.46	29.2	25.94
52.16	54.7	61.61	47.09	55.65	57.31	55.26	45.66
19.93	14.97	16.6	16.9	18.8	20.26	17.58	20.32
45.75	43.71	42.2	46.34	48.4	55.28	46.77	46.48
73.46	70.84	62.74	65.02	78.67	60.79	70.79	61.61
7.56	8.73	8.96	7.47	8.71	7.93	8.46	7.69
82.12	84.59	94.15	101.05	99.01	103.67	95.05	79.37
12.19	12.91	15.11	11	13.72	11.16	14.01	12.36
13.03	11.68	14.69	16.68	17.22	12.52	15.15	14.13
44.22	44.6	54	47.12	48.4	60.28	59.95	55.57
80.68	72.57	92.24	74.44	81.92	91.12	72.68	70.69
32.19	38.68	35.96	31.6	36.87	30.32	39.16	31.48
6.21	4.79	5.11	6.34	5.93	5.76	5.74	4.59
4.13	3.34	3.67	3.76	3.33	3.42	3.04	2.88
20.18	17.74	20.46	16.4	17.82	18.76	20.03	16.44
53.86	47.12	42.07	43.6	44.12	52.04	41.57	48.83
1.59	2.02	1.68	1.67	1.67	1.51	1.68	1.99
27.29	30.36	31.68	25.85	25.39	24.34	28.1	31.97
115.49	105.46	83.49	92.58	81.21	97.9	114.38	113.47
8.32	6.83	7.76	6.59	7.22	7.32	7.4	6.18
79.92	99.67	90.17	86.57	86.43	80.04	72.56	85.13
1.55	1.5	1.33	1.41	1.35	1.51	1.33	1.38
23.76	21.38	18.42	23.12	23.08	21.82	23.93	23.85
2.01	2.39	2.68	2.67	2.52	2.71	2.58	2.53
19.13	21.12	17.22	20.39	18.94	18.56	19.19	21.93
108.83	113.58	80.55	112.65	91.38	100.43	96.94	115
12.14	14.32	12.5	13.76	13.2	11.68	11.29	12.46
17.36	17.86	17.31	19.2	18.41	18.83	17.69	16.11
24.66	29.12	26.61	22.84	22.9	28.45	22.51	31.31
9.75	10.63	12.12	9.26	11.27	10.74	10.59	12.15
2.14	2.66	2.4	2.23	2.28	2.85	1.96	2.48
25.86	32.33	30.72	25.48	28.69	25.8	25.35	30.74
31.61	29.91	29.63	32.59	32.65	34.71	25.46	29.9
6.77	6.47	6.51	7.3	6.65	6.53	7.39	6.79
73.02	63.35	72.08	81.66	71.07	69.1	83.13	72.15
