54.81	57.18	51.24	52.48	58.92	48.65	52.98	64.38
8.2	7.81	9.01	7.68	7.42	7.43	9.08	8.11
13.96	12.09	12.67	12.99	14.49	16.08	17.28	15.75
14.04	12.2	14.02	16.06	13.93	16.49	15.07	17.39
14.86	15.54	14.11	14.28	14.5	15.07	15.86	16.47
26.47	25.44	30.75	30.11	26.02	23.53	32.25	29.33
28.91	30.68	28.16	28.84	25.16	32.08	28.86	28.6
8.16	9.37	9.61	10.48	9.06	8.82	9.37	7.36
12.56	12.73	13.48	13.14	14.18	14.5	14.94	12.59
30.85	32.06	32.7	39.05	26.18	30.53	25.48	27.61
47.74	46.73	42.94	40.97	43.3	38.87	45.49	42.86
19.61	20.93	24.38	23.39	21.53	24.9	23.28	21.37
20.89	27.51	24.91	24.03	20.25	27.44	23.69	25.08
93.28	100.21	108.05	93.41	122.23	99.44	102.04	91.94
43.55	46.69	34.44	52.89	46.43	50.45	33.98	45.71
27.66	24.75	26.11	35.05	27.21	26.25	27.49	27.45
4.01	3.72	4.05	4.08	4.17	5.13	4.2	4.37
20.39	25.03	21.58	23	22.85	25.32	23.54	22.31
11.78	10.66	12.24	12.93	10.74	12.03	11.42	13.09
7.65	7.31	7.04	7.48	8.12	8.17	8.17	7.6
58.84	71.55	69.88	63.64	70.2	54.44	75.5	82.84
13.67	15.31	12.03	15.87	13.71	13.9	13.78	10.4
22.64	25.42	28.05	21.85	24.75	25.2	23.37	24.01
41.08	40.23	43.73	40.58	39.45	40.7	37.92	39.57
3.78	4.32	3.81	3.77	3.29	3.57	3.61	4.05
32.69	36.08	28.53	26.33	29.32	26.28	29.66	33
40.22	44.19	39.89	51.54	43.9	44.7	45.84	42.28
15.52	15.51	21.3	17.07	15.05	15.56	19.42	20.43
41.13	37.73	48.14	37.2	39.81	34.88	38.48	45.74
27.35	22.15	23.39	23.93	27.27	22.15	20.22	22.18
43.54	70.87	57.26	56.3	72.95	56.32	55.1	64.39
7.91	8.72	8.44	7.04	6.21	7.08	8.33	6.48
16.75	19.42	19.93	15.8	19.78	17.95	14.19	21.1
31.34	25.78	28.1	28.67	24.95	28.09	25.1	28.43
21.65	18.77	21.76	19.2	22.92	19.88	22.45	21.33
4.24	5.07	4.09	4.87	4.18	4.8	4.03	4.21
21.3	18.76	22.08	20.73	23.34	22.78	22.88	20.6
2.07	2.48	2.28	2.31	2.15	2.28	2.88	2.23
12.51	11.34	9.86	11.3	13.6	9.81	10.84	14.1
147.11	119.17	128.61	121.26	125.92	121.87	144.13	111.2
8.97	8.28	6.65	7.38	7.94	9.07	8.33	7.62
13.31	14.88	15.41	13.17	13.67	13.78	13.61	13.04
15.99	16.27	15.25	16.85	14.49	16.16	14.49	16.13
8.52	9.78	9.06	9.02	9.76	8.93	8.81	9.58
37.21	38.24	31.38	45.11	40.39	39.23	41.35	41.32
7.66	7.91	8.41	7.01	8.32	6.45	6.92	7.14
13.62	13.73	16.09	14.56	14.32	14.98	16.23	12.9
28.51	40.73	32.2	32.93	35.56	35.36	38.05	28.17
7.64	5.77	6.33	8.09	7.12	6.93	6.17	6.62
124.71	125.02	118.42	110.36	122.74	118.87	96.17	119.7
39.74	37.94	39.93	49.44	45.67	39.02	45.21	39.61
19.68	16.56	16.44	20.35	17.18	22.49	18.56	18.06
3.25	2.9	3.04	2.92	3.16	2.95	3	3.51
12.26	10.8	10.16	11.93	10.42	10.21	10.58	10.37
39.98	33.43	46.27	42.43	45.67	43.34	44.1	44.6
18.62	18.77	16.24	16.12	15.37	16.09	14.4	15.8
24.2	21.47	22.93	23.03	19.03	22.12	21.43	19.36
177.9	213.43	170.96	184.52	191.75	159.22	221.05	172.31
26.76	28.62	25.43	28.09	28.96	21.96	27.52	23.24
21.97	18.64	18.59	18.89	15.71	16.8	17.58	18.32
15.73	16.87	17.6	18.1	16.41	15.7	20.35	14.06
25.81	26.09	27.35	23.6	26.93	28.28	23.87	24.07
28.8	27.72	25.76	29.98	29.2	31.01	23.52	27.9
64.53	64.15	59.72	63.22	62.17	68.65	62.11	56
83.26	70.53	83.29	82.94	63.54	88.95	80.12	86
10.38	10.68	12.49	9.27	10.89	12.06	11.97	11.72
18.22	19.54	18.08	22.15	20.41	16.66	16.11	17.51
16.42	17.01	17.73	14.53	15.96	16.69	16.79	14.79
16.67	20.75	13.6	15.69	15.34	15.13	13.94	18.12
108.7	105.51	97.09	100.55	112.82	96.83	108.43	95.02
59.31	59.83	51.43	65.51	61.89	71.89	60.77	65.55
53.35	61.09	48.08	48.14	57.05	39.53	43.78	41.87
24.53	26.5	23.33	21.04	26.91	21.5	25.12	24.71
1.68	1.8	1.62	1.96	2.04	1.82	2.02	1.68
2.92	2.73	2.69	3.33	2.3	2.87	2.46	2.69
23.32	29.45	24.21	30.99	31.45	27.77	24.96	29.58
18.25	19.14	22.7	19.19	18.49	21.12	16.43	15.87
47.98	53.38	47.42	59.51	51.82	57.95	57.3	54.15
68.52	73.45	64.87	69.93	65.82	77.83	67.17	72.25
20.01	18.97	18.19	17.15	15.67	16.71	19.24	19.76
27.01	28.12	29.67	29.36	25.16	31.78	28.72	33.56
42.2	60.28	46.57	57.14	43.87	65.39	46.5	53.4
3.78	3.63	3.75	4.19	3.59	3.6	2.95	4.7
49.12	42.05	50.41	40.33	42.94	41.22	45.04	40.26
26.56	29.95	32.9	29.24	33.55	32.66	31.98	33.54
28.89	35.55	28.14	33.7	38	34.28	32.75	33.72
31.51	28.84	30.08	26.04	29.09	25.35	27.25	23.97
68	60.26	60.85	63.59	69.36	65.64	57.37	62.9
61.05	62.3	52.14	57.82	46.59	56.95	61.46	59.53
3.03	3.01	2.62	2.61	2.38	2.68	2.94	2.23
20.39	19.76	20.06	22.41	24.33	22.18	22.31	20.94
53.31	51.83	50.1	55.03	51.26	44.04	60.98	41.49
9.01	8.45	9.33	6.02	8.38	7.27	7.45	7.13
18.32	20.32	17.18	16.66	18.91	16.5	17.38	18
28.63	30.6	26.38	35.24	30.92	30.41	31.48	32.32
1.6	1.33	1.64	1.31	1.51	1.27	1.31	1.64
8.4	8.69	8.73	9.14	7.95	7.91	8.62	8.73
27.16	33.61	29.67	27.55	30.87	33.79	33.86	37.48
6.93	6.88	6.66	6.13	6.22	5.97	7.29	7.86
55.49	52.6	51.7	42.58	47.48	50.5	52.34	49.79
77.11	55.73	58.97	67.15	64.86	69.99	64.05	61.14
8.44	7.28	7.24	7.43	8.38	6.52	7.43	7.09
20.16	20.89	20.81	25.1	27.87	24.71	22.48	24.8
19.33	17.23	18.52	20.85	16.85	18.77	18.44	19.67
3.95	4.52	3.65	3.19	3.5	3.01	3.17	2.95
9.39	9.3	9.06	10.33	9.83	9.03	10.17	9.66
47.7	43.06	40.94	41.34	36.7	53.89	52.1	47.41
13.12	12.17	11.81	12.99	14.75	14.14	12.89	13.45
21.45	22.64	23.32	20.51	23.16	21.7	17.59	14.29
3.14	3.61	3.79	2.99	3.25	2.87	3.31	2.83
24.45	27.14	26.13	24.19	20.99	25.22	26.11	26.21
32.33	29.23	37.94	30.74	30.81	34.22	26.6	24.01
5	3.72	4.92	4.63	4.61	4	5.25	4.32
82.8	71.01	81.01	93.1	67.81	65.73	64.69	68.57
73.49	72.1	83.75	78.25	56.76	86.63	69.72	67.48
38.89	47.17	32.81	36.64	39.69	38.22	34.57	38.86
21.1	20.02	24.55	18.65	19.33	19.75	19.95	23.18
14.63	17.44	18.17	13.18	12.23	16.2	14.58	15.45
9.9	11	8.16	9.45	9.26	9.11	10.35	10
20.43	18.82	21.92	20.43	22.53	21.95	21.84	21.08
1.51	1.78	1.69	1.69	1.82	1.61	1.82	1.71
55.93	56.84	52.31	58.19	48.69	53.18	50.79	57.93
26.89	39.42	30.77	34.98	32.08	30.61	30.08	33.38
24.14	26.1	25.09	22.74	24.84	29.43	24.85	24.94
14.06	14.47	14.72	13.34	12.29	12.22	12.95	12.1
19.45	18.82	18.67	23.61	22.65	26.01	22.14	26.63
20.98	26.19	21.59	24.04	27.28	25.41	27	23.68
8.44	8.49	9.09	7.14	8.97	8.33	8.03	8.6
7.4	7.1	7.12	7.81	7.65	7.36	6.71	6.79
5.47	4.53	4.35	4.94	5.18	5.23	5.28	5.74
33.87	30.1	33.39	34.28	31.46	34.33	34.74	32.35
25.48	27.64	25.27	27.46	28.96	32.72	34.18	23.79
36.87	41.21	43.85	39.63	45.39	46.93	42.91	45.11
3.27	4.49	3.54	3.8	4.63	3.59	4.14	3.64
17.77	15.3	14.23	16.75	20.75	13.82	19.04	15.3
4.49	4.52	4.97	3.99	4.96	4.09	4.4	5.74
6.73	6.94	6.08	6.01	6.96	6.64	6.44	6.45
116.33	123.18	136.65	118.9	108.11	113.2	134.84	120.53
59.23	50.13	44.6	54.22	54.41	47.21	66.41	58.13
3.6	3.36	4.14	3.83	3.38	3.16	3.92	3.63
23.36	27.64	30	28.05	23.22	31.34	29.28	36.96
24.16	26.89	27.36	27.25	21.75	25.27	23.94	23.63
11.81	12.74	17.46	11.3	11.09	14.76	13.5	12.95
82.42	84.73	84.78	75.23	86.08	89.21	94.43	87.73
19.27	18.98	16.32	14.5	17.36	16.74	15.92	16.03
10.67	12.52	10.95	11	9.88	8.89	9.37	13.11
13.37	14.49	13.63	13.26	12.51	12.35	16.72	12.58
39.56	37.22	34.09	33.66	40.17	38.15	30.73	33.61
42.76	37.05	35.14	42.86	34.42	44.71	37.9	41.89
28.44	32.12	31.92	24.71	29.62	31.28	26.77	30.55
103.5	74.07	97.12	81.86	74.7	81.72	72.69	104.62
23.89	28.02	21.79	26.75	25.06	28.32	28.46	26.48
58.62	48.5	50.63	49.68	58.46	55.9	47.25	47.73
46.97	45.04	44.35	48.08	43.02	52.9	63.75	44.11
1.69	1.61	1.69	1.61	1.59	1.72	1.65	1.61
21	19.67	21.3	19.93	21.64	16.93	18.8	18.01
10.03	12.4	11.83	11.22	12.42	10.08	10.32	11.37
52.68	51.94	55.45	50.6	40.49	50.64	52.3	42.84
2.56	2.75	2.45	2.55	2.55	3.13	2.46	2.43
2.9	2.71	2.72	2.41	2.1	2.64	2.32	2.74
49.04	50.84	50.6	54.73	46.34	49.89	51.47	60.1
28.6	31.15	30.03	29.67	29.77	29.78	29.45	31.77
13.75	12.26	12.5	14.92	11.84	14.91	12.21	13.81
7.02	7.33	7.51	8.01	7.21	5.96	6.58	8.12
1.88	2	1.91	1.01	1.97	1.86	1.78	1.83
14.89	15.55	16.65	16.72	17.94	13.78	14.03	15.29
4.89	5.44	5.67	5.5	5.22	5.12	5.7	5.23
31.88	36.91	32.4	29.72	34.84	34.42	30.78	37.71
37.79	36.25	37.88	35.93	40.01	38.98	36.28	47.19
31.03	30.59	27.18	30.79	30.05	26.88	32.06	33.5
118.05	107.27	152.93	153.59	133.31	124.67	151.27	115.24
12.24	11.4	10.99	9.33	12.2	11.89	12.48	10.97
47.89	50.67	51.3	43.95	52.8	45.34	41.04	52.25
12.06	10.3	9.64	10.47	12.12	8.59	12.22	8.69
46.7	38.97	35.48	33.82	32.7	38.46	34.37	38.52
19.96	23.57	23.04	22.53	25.91	22.09	26.06	25.89
15.64	16.96	17.97	17.65	17.29	16.14	16.24	13.89
11.04	11.14	8.97	11.35	10.82	10.71	10.52	11.67
23	20.55	20.99	20.9	23.9	22.85	18.76	20.21
24.46	28.13	19.6	23.6	23.6	22.91	19.98	20.11
65.94	67.81	83.63	81.22	76.99	72.79	84.65	68.39
21.01	16.92	17.67	13.98	15.4	16.12	17.86	16.83
41.11	46.78	39.1	45.45	40.93	34.75	38.59	49.82
45.8	44.16	49.41	43.9	47.89	49.5	41.33	44.99
104.68	87.85	90.48	84.15	73.07	90.89	82.06	87.12
12.59	10.89	11.12	12.56	10.75	11.14	12.24	11.74
19.71	12.78	18.54	15.97	18.39	16.11	16.19	15.54
37.71	45.25	41.07	43.85	34	47.08	33.87	41.18
43.62	46.73	47.78	50.65	52.11	54.06	44.94	44.34
28.66	24.6	32	28.41	27.21	31.79	30.38	26.56
61.95	68.01	70.23	66.55	77.96	66.61	71.4	68.83
45.54	45.3	45.56	43.1	45.95	43.17	42.05	46.09
35.81	35.95	44.74	34.73	43.12	36.98	38.16	39.95
20.41	26.34	23.77	24.05	20.6	20.45	21.63	20.99
19.82	21.09	18.62	20.51	19.86	18.93	18.59	16.41
86.38	78.65	84.89	89.36	89.85	99.75	79.98	95.44
2.77	2.6	2.69	2.27	2.43	2.66	2.65	2.45
8.04	9.4	9.02	10.61	10.59	10.69	9.78	10.04
55.08	49.78	60.43	52.79	58.97	53.83	50.84	47.03
73.71	63.89	65.86	76.65	88.46	84.14	68.75	66.22
10.43	10.75	9.41	12.11	9.8	12.06	10.11	11.4
23.69	21.26	21.95	24.75	24.84	19.97	21.42	21.41
6.55	5.35	7.08	8.21	5.45	6.77	5.96	5.63
55.11	53.64	71.93	49.06	56.06	55.53	62.51	46.94
16.13	15.36	16.65	13.45	13.8	15.23	12.69	12.98
49.1	51.81	57.25	50.16	65.9	63.89	58.7	46.42
7.9	6.61	7.77	6.6	7.69	8.51	8.23	7.72
62.58	86.51	72.08	78.83	65.04	79.34	84.57	78.33
52.45	53.79	48.27	57.21	57.89	55.54	46.22	49.81
14.75	13.83	13.75	17.22	17.91	15.25	19.03	18.36
36.15	33.89	33.95	36.16	34.7	34.4	45.74	41.08
4.77	5.1	4.71	5.37	5.09	4.41	4.67	4.38
6.32	6.08	6.19	5.58	6.26	6.17	5.7	6.32
12.5	11.65	13.37	11.21	13.81	13.61	12.8	12.89
52.38	44.57	57.06	53.43	48.43	47.28	41.42	53.14
46.33	41.37	45.32	42.48	43.64	50.18	43.38	32.53
30.62	25.47	28.87	28.36	23.86	30.45	24.76	25.73
2.84	2.02	2.34	2.49	2.49	2.64	2.59	2.72
11.92	13.96	10.63	12.02	12.77	11.26	12.92	13.87
36.09	44.18	36.54	38.63	37.23	36.63	42.61	41.41
23.55	27.9	21.91	27.66	30.52	26.79	26.97	30.67
12.67	12.15	10.78	11.64	12	10.05	10.41	15
46.09	49.16	49.5	47.97	51.65	52.33	49.19	45.56
9.05	9.72	8.64	8.79	9.64	9.18	7.64	7.99
45.61	50.7	47.04	39.9	52.94	44.55	52.11	53.96
18.04	20.94	19.6	16.12	16.12	18.62	14.97	17.58
37.64	42.68	39.15	39.82	38.71	45.97	43.75	45.55
39.42	38.1	37.68	39.53	40.58	32.82	36.05	40.3
8.96	9.88	7.97	10.29	8.27	8.95	9.36	7.62
26.62	23.2	20.66	25.58	23.41	28.13	27.18	23.42
3	3.52	3.12	2.97	3.28	3.45	3.18	3.08
9.05	7.73	9.04	9.63	8.56	6.75	9.02	6.58
30.85	26.49	27.28	32.26	31.2	32.64	30.65	29
11.64	12.19	11.88	11.82	11.97	10.35	8.41	12.43
73.71	67.54	55.35	80.63	51.92	80.47	67.2	71.01
2.13	1.97	2.3	2.33	2.15	2.23	2.45	1.96
14.52	15.95	17.54	15.58	14.19	15.68	16.93	12.53
3.11	2.78	2.38	3.1	3.13	3.32	3.03	2.85
52.43	54.74	51.19	43.28	42.3	55.86	42.88	48.26
6.96	7.09	7.59	7.76	6.55	7.58	8.05	6.3
26.19	33.2	27.5	27.71	33.89	26.08	27.86	27.45
40.05	33.89	37.43	39.6	37.55	36.31	47.01	37.17
17.4	15.34	20.49	18.8	16.17	16.18	18.39	17.07
19.03	18.16	19.92	17.88	17.73	16.14	16.98	20.81
19.82	19.83	17.7	18.38	15.88	17.66	18.75	17.11
55.85	49.68	52.91	49.27	54.05	53.04	44.17	57.24
2.08	2.16	1.75	1.89	2.48	2.26	2.09	1.96
28.51	26.94	32.81	25.82	31.26	31.33	24.33	26.92
7.87	9.79	8.37	10.5	11.87	8.35	9.34	9.67
7.74	7.63	6.49	6.1	7.62	7.39	7.4	8.04
52.9	57.26	51.85	52.82	56.71	49.87	53.65	45.85
8.61	10.06	8.86	9.21	10.84	8.17	8.6	9.46
29.75	24.3	33.11	26.49	31.05	32.43	27.86	33.71
13.61	14.97	16.63	14.8	13.89	15.36	13.19	13.94
14.11	16.91	16.81	19.18	18.33	15.02	15.36	16.32
40.46	43.09	40.44	32.43	35.6	40.17	35.7	38.92
35	32.06	37.93	33.93	35.62	40.05	32.35	40.28
56.57	51.9	53.25	53.66	55.72	63.1	47.83	56.16
56.89	51.6	45.25	55	61.34	44.66	60.79	48.53
4.72	4.72	5.1	5.7	4.88	4.88	5.02	5.49
141.14	121.29	117.56	138.77	144.79	104.08	106.12	130.68
85.3	85.21	86.77	81.77	82.86	94.75	97.3	90.01
31.1	30.65	40.98	36.82	32.68	31.57	30.63	35.71
8	7.75	8.18	7.81	8.21	8.42	8	7.57
49.54	48.03	55.29	50.37	40.47	49.63	40.11	41.97
23.68	20.66	22.68	22.1	24.06	20.95	26.92	24.38
16.33	15.01	14.41	14.83	13.09	17.01	17.21	16.92
9.41	8.54	7.12	8.74	9.49	7.6	8.11	8.16
1.05	1.92	1.08	1	1.18	1.07	1.99	1.12
14.09	14.12	14.32	12.06	14.47	11.51	12.27	14.51
65.08	59.11	73.79	68.49	63.91	73.36	69.59	62.33
36.87	44.11	34.32	41.85	37.81	45.64	38.44	38.47
93.1	85.2	76.71	83.88	87.9	68.06	94.2	93.73
46.85	37.5	44.33	47.39	39.08	40.58	43.95	41.51
25.7	27.81	27.61	23.3	28.34	28.46	25.92	21
22.1	29.22	24.76	21.71	21.16	23.24	22.27	21.18
3.67	3.65	4.79	3.27	4.36	4.04	3.64	5.04
10.42	10.78	10.3	8.26	10.31	11.65	12.34	9.53
10.9	10.7	9.88	10.68	10.62	12.5	9.41	11.17
29.04	25.5	30.17	28.91	25.76	27.45	32.12	29.4
30.5	35.4	37.01	35.05	37.82	35.8	35.19	32.98
40.48	36.31	37.72	33.37	32.95	36.33	38.41	35.16
106	91.2	99.94	94.62	90.07	83.84	96.44	109.38
46.38	48.63	47.47	48.94	38.59	51.35	34.18	39.03
1.75	2.35	1.8	1.98	2.13	2.14	2.25	1.83
3.54	4.66	3.85	4.52	4.63	4.74	4.92	4.38
14.2	17.48	17.27	17.1	14.51	16.53	16.85	14.56
42.63	47.26	48.2	46.5	45.96	50.92	50.45	51.32
24.67	18.91	24.5	22.56	25.3	22.98	25.84	22.15
30.78	35.99	33.22	35.32	33.23	32.95	33.83	24.35
73.3	66.86	77.9	56.94	57.89	82.81	63.07	59.85
6.83	8.26	7.04	7.01	6.74	8.34	7.64	7.06
8.61	11.91	9.53	12.33	10.91	12.31	9.13	11.67
39.16	40.94	39.74	45.91	38.24	42.11	43.18	43.32
70.2	80.08	67.88	73.31	67.18	85.13	73.9	84.96
12.83	13.22	14.79	12.51	14.79	12.96	11.2	13.63
37.05	42.39	39.26	38.57	31.28	39.65	40.73	35.35
5.41	4.7	4.29	4.98	4.71	4.52	5.27	4.55
6.67	5.9	7.05	7.61	7.07	5.76	7.06	6.72
27.11	33.19	25.82	26.99	22.54	31.73	27.04	26.6
36.69	34.68	37.24	36.1	34.8	33.11	38.42	34.43
81.83	88.92	66.19	78.84	68.71	101.81	77.24	66.64
65.37	76.83	90.2	61.75	76.46	74.85	87.26	81.96
19.26	21.83	23.32	19.07	22.76	19.62	22.52	26.54
17.14	20.06	17.36	16.23	14.96	14.56	15.8	14.82
10.14	12.17	9.43	9.64	9.4	11.61	12.06	8.46
23.73	20.67	26.94	23.47	21.75	19.66	21.31	23.52
111.13	95.58	106.09	110.15	94.32	93.26	94.25	96.55
5.83	5.27	6.34	5.12	5.93	5.69	5.57	5.1
14.9	17.35	15.32	13.33	13.74	15.92	17.17	13.44
46.69	37.72	38.44	43.13	41.4	47.77	44.91	41.37
12.75	14.36	13.61	14.05	15.73	13.26	15.49	16.28
21.04	21.56	22.32	22.87	23.62	21.92	23.84	20.87
18.41	19.43	18.85	19.55	20.42	18.77	17.17	16.3
1.37	1.51	1.39	1.43	1.48	1.04	1.58	1.32
1.7	1.41	1.79	1.51	1.59	1.79	1.43	1.3
60.11	69.51	59.12	62.55	63.34	64.62	67.51	56.09
74.96	90.3	72.72	79.83	75.85	77.37	78.28	87.82
9.93	9.66	9.6	11.35	10.35	9.18	11.89	10.98
37.44	40.59	37.12	37.27	40.32	41.63	38.37	38.64
42.72	47.15	48.62	46.88	44.59	46.44	46.71	60.4
107.74	90.37	144.36	102.64	94.32	87.15	95.63	86.23
38.08	48.12	43.68	52.55	40.19	47.31	47.6	41.65
11.39	8.74	10.23	8.86	8.43	9.09	9.49	9.46
59.92	64.23	67.78	74.75	57.12	70.82	66.6	79.3
54.34	53.77	54.06	49.09	47.22	59.49	41.19	60.05
28.28	22.16	26.97	23.99	21.55	19.71	23.33	24.61
71.35	61.78	75.15	65.16	56.72	60.47	69.68	63.51
93.62	102.67	81.02	101.02	94.4	78.16	94.1	94.69
22.1	26.39	22.99	25.27	23.81	22.44	20	24.45
10.13	9.97	11.16	11.32	10.99	11.52	8.93	10.65
7.67	8.79	8.75	8.08	9.45	7.31	8.75	7.98
14.32	12.13	12.75	12.68	11.42	10.79	13.29	12.27
52.55	52.09	53.89	52.75	47.55	59.2	55.84	48.82
6.39	6.23	6.45	6.16	7.31	6.82	5.67	7.86
64.32	66.23	57.11	63.05	70.17	65.87	63.02	59.67
32.84	42.4	31.77	29.95	29.45	36.76	39.84	35.38
28.82	27.66	28.77	26.69	27.46	24.23	24.83	25.17
9.71	9.64	8.21	9.22	8.44	10.06	6.97	8.13
1.95	1.82	1.73	1.95	1.77	1.82	1.88	1.95
95.59	84.42	93.59	82.44	91.49	74.05	88.08	87.96
35.85	32.43	35.15	35.75	31.07	39.11	29.48	37.66
48.25	50.59	47.2	54.28	55.47	50.14	49.07	48.8
13.84	14.81	13.24	15.47	12.74	14.64	13.41	12
15.55	13.98	15.56	14.67	15.04	13.81	13.26	13.7
82.8	77.36	78.89	78.73	59.53	79.83	83.08	70.88
13.08	15.98	13.54	12.22	12.37	12.46	11.51	11.42
6.82	6.72	6.14	6.18	6.14	5.6	7.15	7.6
18.21	21.89	21.12	19.55	15.88	17.98	21.62	20.01
27.83	32.57	26.2	26.8	27.86	29.61	29.74	30.96
7.66	11.15	11.09	11.04	11.99	11.21	10.27	10.38
27.11	27.91	31.44	28.38	32	31.86	32.58	29.04
1.41	1.71	1.61	1.72	1.78	1.87	1.58	1.49
69.19	72.08	67.53	77.36	65.13	69.32	85.27	61.49
2.6	2.64	2.9	2.89	3.26	3.15	3.07	2.84
47.41	46.57	42.25	40.09	45.04	46.07	40.87	44.21
93.06	85.99	91.56	79.33	69.45	85.75	95.84	84.26
39.3	37.48	37.77	37.47	31.85	33.6	43.09	34.03
67.12	66.65	65.96	56.86	72.45	65.25	55.33	83.12
46.65	44.36	48.13	42.69	45.94	42.74	51.16	34.44
1.76	1.89	1.84	1.86	1.81	1.97	1.9	1.97
3.7	4.12	3.93	4.1	4.52	3.91	4.82	4.97
17.01	13.28	13.1	15.05	14.14	13.19	12.56	15.06
12	13.28	13.41	14.27	14.45	15.78	11.56	13.92
7.69	11.54	9.19	7.21	9.56	10.01	8.59	8.08
30.51	27.44	31.43	29.85	27.84	24.66	28.19	26.36
74.16	80.08	92.19	90.53	89.11	91.64	97.52	89.26
1.13	1.12	1.11	1.1	1.14	1.12	1.12	1.11
19.59	23.8	23.24	19.28	23.36	19.64	19.11	20.18
16.7	19.66	17.85	20.29	20.07	18.15	17.88	19.64
72.61	76.11	72.19	63.73	73.11	56.94	57.53	65
15.08	14.2	13.12	10.97	14.3	17.1	15.01	13.07
14.62	11.72	13.44	15.12	10.49	15.1	14.41	12.13
10.77	11.03	10.88	12.48	11.33	9.53	10.66	10.59
12.78	13.5	14.91	15.84	13.53	12.75	13.28	14.71
26.11	26.43	28.51	27.64	23.53	30.02	31.66	28.13
41.86	35.95	40.29	35.14	39.36	34.29	35.87	37.15
43.25	48.66	48.4	42.32	38.61	43.7	39.5	41.47
63.23	54.39	60.76	51.93	56	56.32	64.01	60
5.42	4.94	5.56	5.95	6.46	5.97	5.23	5.83
10.82	11.37	10.84	9.69	11.47	10.51	10.26	11.48
7.73	8.43	9.09	8.64	8.98	8.68	7.47	8.11
69.82	66.38	64.51	77.68	94.54	81.58	67.28	73.05
20.85	20.11	19.69	21.94	17.48	20.3	20.5	18.34
11.48	10.06	12.36	12.3	12.77	11.38	10.97	11.58
54.33	50.17	50.69	56.68	47.37	58	57.29	51.22
4.29	3.83	3.42	4.08	4.21	4.21	4.04	4.06
70.93	72.48	74.25	75.7	78.9	66.61	78.39	75.8
51.6	54.42	54.65	49.51	52.95	54.26	58.3	49.62
24.51	27.91	26.96	25.38	30.13	25.81	31.33	28.71
44.85	54.72	53.07	57.6	49.41	47.49	51.61	54.16
63.77	69.39	54.4	61.97	70.66	60.94	60.74	68.74
5.58	5.78	6.17	6.49	5.5	5.67	6.13	4.51
22.86	22.54	23.2	24.01	22.01	28.05	20.24	24.33
42.32	44.54	39.72	41.57	40.68	37.6	40.07	41.9
40.06	43.04	49.95	47.97	48.72	48.59	50.32	41.39
9.67	10.5	9.05	11.62	11.32	10.75	10.59	11.62
49.53	52.22	48.34	50.51	60.93	54.45	54.07	53.9
3.08	3.63	2.58	2.9	3.42	3.14	3.54	3.23
59.44	52.63	60.03	47.11	52.73	51.45	47.99	58.15
39.26	43.52	41.95	38.65	39.78	42.66	43.67	33.59
8.17	11.38	11.21	9.94	9.33	11.04	9.99	10.02
85.94	84.59	87.32	78.64	83.59	87.55	90.89	73.23
21.21	23.05	22.62	27.46	25.44	20.1	26.78	21
29.6	27.64	20.73	26.05	29.91	24.11	21.61	24.22
21.95	16.94	16.05	19.88	19.87	21.22	20.31	18.2
15.62	16.59	16.61	19.83	17.88	15.13	19.58	15.35
20.04	21.33	16.24	19.63	22.57	16.13	18.8	17.85
40.95	34.63	40.46	34.82	34.68	38	35.63	37.51
66.04	60.47	51.6	66.55	61.29	63.93	70.58	57.57
8.69	10.91	9.89	9.74	9.04	9.78	8.36	7.44
10.14	10.02	10.25	8.95	8.9	11.57	10.22	8.89
27.65	26.73	28.88	27.6	29.08	24.77	28.12	27.1
67.06	66.99	64.62	63.86	59.84	69.04	63.9	64.46
2.99	2.41	2.86	2.09	2.35	3.12	2.62	2.74
8.14	9.13	10.05	9.96	11.73	9.74	11.22	10.38
5.44	5.53	5.07	5.42	5.26	4.27	5.2	5.48
71.51	69.24	66.65	78.9	70.35	59.14	73.03	70.05
14.35	11.79	13.41	10.32	11.69	11.26	13.51	10.54
17.3	17.69	18.69	17.35	15.6	17.07	18.36	17.78
47.56	39.45	37.6	51.66	45.78	39.44	40.09	36.63
1.8	1.86	1.99	1.9	1.72	1.85	1.91	1.84
72.61	66.38	72.4	57.98	53.99	78.6	62.6	68.45
4.85	4.8	4.31	5.28	4.96	5.01	4.75	4.54
60.73	53.37	47.62	55.5	56.64	56.08	55.48	54.06
56.86	47.63	53.98	54.18	58.88	53.15	51.14	52.55
1.42	1.51	1.77	2.01	1.72	1.85	1.68	1.58
44.82	44.6	46.9	53.05	41.96	55.95	49.69	51.41
34.19	35.86	34.98	35.21	31.54	31.82	29.66	30.9
29.7	22.5	21.42	23.83	21.07	25.66	24.49	24.3
11.82	12.6	11.97	11.6	12.5	10.62	13.19	11.97
14.57	12.36	10.76	12.62	12.04	13.03	11.44	12.81
7.59	7.91	7.54	8.88	7.68	7.82	7.89	8.92
40.77	36.64	44.8	35.78	40.06	35.14	38.35	37.95
10.98	9.87	9.36	8.84	10.77	9	10.18	12.35
1.19	1.13	1.16	1.16	1.17	1.17	1.15	1.18
1.68	1.57	1.67	1.64	1.59	1.73	1.55	1.55
39.6	45.77	43.66	58.05	46.58	42.45	38.63	47.1
34.26	33.4	41.02	32.33	32.05	37.72	41.25	29.65
24.18	23.86	19.14	23.09	21.26	22.45	19.67	23.46
53.39	52.19	39.64	56.68	49.82	50.79	46.95	44.29
17.3	15.24	17.92	13.58	15.52	14.2	18.68	15.6
24.42	22.77	22.33	25.59	24.88	23.7	27.69	23.89
19.34	23.8	27.17	23.54	20.26	22.96	21.24	24.02
2.47	2.66	2.41	2.68	2.57	2.92	2.14	2.96
27.9	25.8	18.99	20.41	30.25	27.53	25.88	20.45
12.33	12.2	14.56	15.06	15.68	14.5	10.71	13.44
33.39	23.5	22.91	25.87	30.76	26.04	22.83	29.98
45.68	47.31	44.66	56.85	52.89	55.05	41.64	45.42
5.73	6.12	4.91	5.37	5.84	5.28	4.74	5.75
21.87	18.52	22.06	20.11	19.71	21.44	21.38	19.01
3.56	3.44	3.51	3.18	3.67	3.22	3.35	2.88
66.62	58.54	68.81	60.86	72.92	81.47	63.74	62.89
46.77	48.46	48.96	43.62	54.58	47.45	59.51	40.4
4.29	4.99	3.87	5.19	4.6	5.31	4.01	5.03
43.4	50.98	44.02	44.62	38.35	50.23	50.75	46.72
1.53	1.63	1.57	1.61	1.63	1.59	1.61	1.69
12.11	12.54	12.64	14.18	13.52	15.68	14.69	11.82
12.38	10.79	10.34	9.64	11.05	11.21	10.58	11.65
31.83	30.03	32.88	34.67	38.32	32.25	34.43	37.76
7.72	5.76	6.65	7.04	6.35	5.68	5.25	5.19
61.73	56.24	58.04	54.66	54	59.49	60.84	54.87
20.18	19.96	20.37	15.86	22.49	21.48	18.75	15.79
19.84	20.12	22.13	20.8	21.85	20.71	22.98	20.21
22.01	18.3	18.48	19.52	22.2	21.23	21.17	20.36
8.94	7.05	6.29	7.1	7.76	6.75	7.75	8.87
22.43	21.66	18.52	23.92	18.18	21.21	20.47	22.35
38.42	40.34	32.97	44.06	41.68	32.33	32.36	33
15.73	17.36	17.58	15.45	18.52	14.13	13.99	16.42
48.2	37.29	40.01	42.05	38.11	54.91	38.49	35.58
12.22	12.53	12.21	12.23	11.45	9.33	11.11	10.96
3.77	4.08	3.61	4.11	3.87	4.02	3.04	3.75
18.39	21.98	18.49	18.2	18.45	16.36	18.55	19.08
2.91	3.94	3.69	3.25	3.13	3.86	3.63	3.41
31.99	26.98	27.33	32.8	28.4	34.3	27.77	33.76
45.33	30.04	38.6	39.97	44.87	41.36	39.59	38.28
35.95	27.43	30.76	29.08	27.53	27.32	26.03	29.93
36.55	33.52	49.99	39.1	42.1	39.52	38.65	43.78
19.33	21.69	22.56	21.61	22.02	20.4	18.46	25.71
41.59	38.21	48.97	44.68	49.72	49.98	53.6	55.57
90.46	84.57	80.61	71.03	89.15	61.8	98.84	86.98
1.66	1.51	1.57	1.35	1.59	1.46	1.36	1.79
12.05	12.33	12.1	11.64	14.07	10.69	15.58	13.41
11.93	8.93	10.96	10.39	8.31	11.3	11.46	11.25
26.77	23.55	27.53	26.87	26.21	25.91	27.82	23.07
59.41	65.87	56.69	60.58	68.26	58.01	57.55	63.2
20.26	18.7	21.41	19.01	20.54	24.97	17.7	19.94
6.95	7.18	7.39	6.97	7.6	9.05	8.29	7.95
28.08	28.71	24.31	23.26	27.23	22.09	27.57	28.82
8.15	11.14	11.21	12.67	11.34	9.22	9.63	9.77
42.74	44.59	49.8	41.57	45.76	45.98	53.37	48
31.28	28.07	31.94	28.54	30.68	34.04	25.98	35.14
9.19	8.78	7.8	8.41	7.3	7.95	9.57	7.93
14.27	12.91	16.07	15.65	14.82	14.27	14.22	13.76
13.28	14.69	12.33	13.48	11.51	13.93	9.43	14.14
66.24	54.96	58.79	65.56	78.65	71.89	63.36	53.14
44.6	39.61	52.25	39.32	39.25	46.81	56.61	51.97
76.65	62.68	82.68	85.37	89.91	77.03	78.49	74.31
17.13	15.6	15.88	16.39	17.11	13.96	18.57	17.23
50.46	40.77	55.24	47.74	47.6	53	51.99	47.3
12.19	12.12	9.92	11.94	12.1	11.63	11.6	9.98
12.73	10.75	10.92	12.79	10.52	9.57	13.26	9.37
94.29	93.6	93.83	93.77	94.17	95.35	95.81	100.47
101.95	120.14	128.56	101.78	106.07	117.47	117.99	88.91
17.93	19.62	22.38	19.37	19.97	23.19	22.84	22.59
23.31	17.46	23.94	23.35	19.67	19.48	20.04	18.3
4.74	4.42	4.36	4.54	4.66	4.88	4.44	3.97
89.96	99.96	105.25	109.49	93.97	95.51	109	90.4
3.86	3.8	3.67	3.46	3.91	4.13	4.14	3.81
15.81	17.16	17	18.56	14.85	15.22	16.1	17.91
9.68	9.5	10.16	9.87	10.04	10.85	10.37	10.11
2.06	2.06	2.05	1.87	2.24	2.07	2.3	2.13
24.96	26.11	26.88	26.07	27.82	31.53	30.02	28.42
22.59	22.11	21.78	20.23	20.57	22.03	19.26	21.7
4.17	4.02	4.54	3.58	4.06	4.75	3.62	4.06
22.18	25.89	24.72	24.89	28.7	24.59	24.09	26.24
1.33	1.37	1.36	1.34	1.25	1.3	1.3	1.33
13.86	11.5	14.81	13.13	14.99	12.95	15.08	16.37
31.69	35.61	38.23	30.31	34.75	39.28	36.76	31.88
26.15	24.63	24.65	27.97	26.18	29.39	24.24	30.87
92.94	82.94	76.94	89.15	83.47	89.65	80.52	83.76
13.61	14.18	16.28	14.92	15.72	14.97	14.49	13.37
68.38	73.58	76.09	76.89	79.04	78.3	82.9	85.75
46.54	51.71	46.96	46.78	43.75	44.17	48.14	48.92
11.05	11.79	14.31	11.38	10.37	10.91	11.88	12.25
12.05	10.19	14.18	16.02	12.67	13.27	10.22	12.17
56.43	49.94	60.35	54.16	72.5	52.21	52.35	49.43
1.02	1.04	1.03	1.91	1.99	1.85	1.89	1.78
72.66	83.32	83.97	60.03	68.5	68.37	77.94	80.32
6.32	4.38	4.37	4.44	5.13	4.97	4.99	5.5
6.69	6.64	6.53	4.94	6.51	5.82	8.94	7.01
50.17	38.56	47.27	42.55	43.48	44.56	46.65	38.2
88.27	89.01	89.47	89.52	86.38	85.79	74.33	95.01
14.96	14.31	10.57	13.91	12.68	13.46	13.62	15.58
12.29	11.19	12.45	13.71	11.58	14.06	11.9	13.31
61.47	58.19	69.65	59.99	64.62	78.88	69.88	67.61
1.17	1.15	1.14	1.15	1.15	1.16	1.14	1.13
2.38	2.56	2.75	2.77	2.52	2.19	2.13	2.67
11.37	7.74	8.05	10.13	9.62	8.65	9.72	9.35
16.48	13.43	14.2	15.29	17.59	13.62	13.86	15.69
46.1	48.15	44.7	48.71	48.3	43.85	44.5	40.79
7.3	8.35	7.46	6.29	9.92	7.26	6.78	8.22
52.89	59.81	53.61	47.67	53.78	46.8	51.11	54.25
8.47	7.23	8.3	8.58	6.31	7.14	9.14	7.44
21.71	15.44	20.41	19.57	19.94	17.64	24.38	19.8
15.85	17.18	15.3	14.69	15.02	16.39	15.59	15.26
10.9	8.86	11.94	10.53	11.76	10.15	14.48	12.11
40.31	48.43	46.55	39.71	35.03	44.47	39.6	37.98
8.21	8.1	7.55	7.3	10.06	8	6.92	7.62
53.89	41.31	41.53	37.53	43.34	45.21	33.73	40.94
44.04	51.37	49.7	47.41	51.18	52.54	43.83	47.97
1.46	1.68	1.71	1.46	1.54	1.56	1.87	1.81
118.04	131.34	107.68	128.09	90.2	119.34	87.64	117.03
15.34	15.56	15.7	16.16	14.78	16.2	13.67	16.99
39.07	36.47	34.53	40.66	33.18	31.25	34.02	30.58
27.6	24.42	27.35	24.53	26	28.66	26.31	22.15
36.53	37.62	34.87	35.64	37.93	40.82	29.61	42.21
56.25	45.78	55.58	56	52.5	38.67	56.14	51.49
12.09	14.31	13.05	13.13	11.62	12.87	15.82	12.77
2.48	1.8	2.09	2.25	2.59	2.53	1.9	1.97
62.69	69.51	60.73	58.01	60.05	64.49	68.63	50.25
17.73	24.18	18.47	19.52	17.04	20.36	21.44	21.89
44.08	43.9	41.73	38.4	37.59	39	37.49	33.59
30.22	31.66	34.12	32.52	31.94	31.4	31.78	28.89
44.95	42.2	42.06	37.56	38.27	37.42	40.55	51.65
2.14	2.04	2.16	2.27	2.41	2.2	2.42	2.38
18.07	18.56	20.47	17.9	16.18	19.49	19.83	21.43
31.42	23.85	22.9	30.19	28.53	26.93	27.82	23.03
29.93	28.76	24.25	23.61	31.57	29.16	29.23	31.35
28.81	34.9	35.69	30.56	28.54	36.34	36.28	32.01
83.97	94.47	88.72	73.74	93.81	95.92	82.73	100.77
36.42	30.32	30.24	29.8	34.85	33.99	30.82	36.06
40.7	41.5	42.75	38.33	43.8	46.15	37.37	44.13
37.9	30.47	40.16	38.09	35.59	38.3	34.69	35.07
4.11	3.82	4.63	5.29	3.73	3.88	4.22	5.28
56.15	67.8	47.79	51.34	55.47	49.39	49.23	48.26
9.33	11.13	8.18	9.89	10.65	11.86	11.08	12.17
20.47	30.31	24.46	23.57	21.69	22.07	27.82	22.68
3.29	3.83	4.36	3.71	3.47	3.84	3.37	3.48
3.85	4.83	4.27	4.33	3.83	3.99	5.27	4.9
114.22	82.6	90.58	92.93	103.02	99.82	108.37	96.13
13.89	17.38	16.38	15.67	15.88	18.14	18.58	20.33
44.3	55.52	54.67	47.69	56.63	50.17	53.78	52.89
34.96	36.64	39.58	33.1	29.63	32.47	33.69	37.55
3.84	5.43	3.83	4.64	3.96	5.63	4.66	4.02
24.89	26.6	26.14	28.11	27.55	25	27.8	24.95
15.88	12.57	13.58	13.61	17.12	17.24	13.57	14.74
10.47	9.67	8.87	9.5	9.3	10.29	9.44	7.72
34.05	36.7	30.89	31.83	42.13	42.3	34.44	35.69
39.82	44.11	41.26	37.84	43.85	35.05	43.26	39.76
26.47	33.13	22.99	31.15	36.7	26.79	28.34	24.82
57.78	52.57	55.93	61.66	57.97	65.13	64.63	52.12
28.44	37.47	33.94	36.74	24.02	35.76	36.95	33.26
8.84	9.89	10.05	11.91	10.36	13.16	10.97	9.71
7.61	7.56	7.12	8.99	8.47	9.13	9.59	8.27
29.32	26.62	28.19	24.59	28.59	26.97	30.43	28.28
2.63	2.39	2.4	2.28	2.48	1.96	2.83	2.55
61.28	79.71	75.94	51.91	75.02	68.99	65.1	68.09
20.35	18.57	19.94	18.37	17.38	18.79	18.37	20.42
25.06	28.67	29.35	25.19	27.02	25.6	23.89	23.72
13.11	10.86	11.7	13.87	13.62	13.27	13.35	12.12
25.35	28.25	27.93	27.71	29.24	25.56	26.3	26.71
5.24	5.53	6.13	5.15	4.54	6.23	5.19	5.52
23.92	22	24.04	23.23	21.6	23.66	22.77	23.01
1.82	1.91	1.77	1.74	2.37	2.09	2.11	1.98
9.28	8.42	7.28	9.04	7.42	9.39	9.43	8.29
66.15	54.05	70.05	59.41	66.85	49.85	76.38	60.53
11.81	10.52	10.75	9.1	9.3	10.33	10.21	8
21.78	26.01	25.36	27.18	22.7	23.27	22.71	20.7
28.16	25.95	28.08	22.17	28.27	28.13	22.61	27.6
17.92	16.04	19.83	14.21	16.68	15.08	16.88	17.39
3.48	3.77	3	3.16	3.99	4.07	4.02	3.4
57.34	67.97	70.65	67.94	62.07	76.67	57.59	69.34
45.13	36.64	42.82	46.97	37.86	45.41	45.86	44.91
32.9	30.15	29.76	29.66	36.45	34.03	30.47	28.16
28.26	22.39	23.36	29.3	22.16	23.04	24.96	23.38
55.34	58.32	71.15	69.39	64.49	61.34	49.74	68.22
16.14	18.18	16.39	15.18	14.57	14.65	17.02	16.91
14.89	13.37	14.66	14.62	16.31	15.12	13.89	15.05
4.37	3.7	4.42	4.85	4.38	4.39	4.25	5.31
8.98	8.47	9.02	8.98	10.02	7.53	9.45	7.64
91.23	107.27	111.54	93.83	124.41	103.77	112.13	119.68
1.11	1.06	1.37	1.2	1.33	1.16	1.25	1.25
67.76	68.43	79.88	68.17	71.54	77.98	73.08	68.8
3.01	2.66	2.92	3.07	3.01	2.74	3.14	2.72
8.31	7.56	7.27	8.45	6.33	6.76	8.13	7.69
5.97	8.57	6.97	7.98	4.97	5.98	8.44	6.98
2.03	2.04	1.75	2.05	1.8	1.85	1.74	2.28
10.79	8.81	11.26	10.11	10.76	11.42	12.86	9.53
40.93	47.29	39.58	39.71	38.72	37.1	34.9	47.74
31.98	32.61	38.68	37.14	44.01	40.94	40.28	40.16
38.24	34.03	35.45	34.11	33.32	29.26	31.09	30.72
41.64	41.28	32.46	38.05	36.48	34.82	32.73	42.02
18.93	18.45	16.83	17.32	17.83	15.57	17.38	19.7
1.58	1.66	1.71	1.58	1.54	1.55	1.61	1.61
32.05	32.24	30.85	34.09	26.04	30.62	29.06	33.91
1.47	1.45	1.5	1.47	1.56	1.57	1.53	1.56
8.48	11.28	10.54	11.83	9.97	9.56	8.17	9.33
14.3	13.24	14.08	15.61	12.11	13.43	13.39	15.42
17.46	17.64	15.55	22.79	18.66	17.02	16.79	21.41
6.15	6.32	5.98	6.19	5.9	5.48	7.07	7.93
14.96	13.78	15.87	16.18	14.06	16.12	17.54	14.87
31.44	30.86	33.95	23.52	32.98	28.05	28.64	28.2
19.2	20.29	19.04	19.56	18.75	20.11	18.17	20.42
75.29	79.28	75.88	80.95	81.78	88.49	77.71	82.3
10.92	9.66	14.2	10.74	9.07	11.88	11.01	12.2
23.29	25.02	25.08	22.07	21.56	30.08	24.97	30.42
11.76	10.4	12.32	10.2	13.03	11.35	12.02	11.74
70.17	75.32	69.84	77.06	62.74	78.19	85.36	73.78
6.58	6.25	6.63	7.55	6.68	7.24	5.53	6.45
8.24	11.46	9.51	10.82	10.41	13.12	10.17	11.2
12.78	13.6	11.61	11.47	13.89	14.97	12.34	12.14
19.03	19.66	14.88	15.21	16.22	18.4	16.71	18.12
5.11	4.84	4.99	4.95	4.31	4.84	4.06	4.69
140.22	133.48	116.24	132.8	126.12	128.12	130.14	125.51
11.37	11.74	15.07	13.17	12.95	12.67	11.74	12.08
8.84	7.63	8.5	6.27	7.82	8.49	8.89	7.89
5.33	5.77	6.01	5.57	7.08	5.21	5.91	4.96
11.41	9.74	9.55	10.29	7.73	11.19	10.69	9.07
5.8	6.74	5.21	5.22	5.89	6.53	4.76	5.56
1.94	1.07	1.09	1.06	1.93	1.95	1.86	1.96
15.02	17.76	17.54	16.31	15.07	14.95	18.8	17.88
49.29	39.85	52.69	44.27	47.99	42.96	52.96	46.28
19.01	19.25	18.82	17.82	17.14	14.71	20.89	17.96
38.79	33.61	43.54	37.94	32.92	43.52	39.74	35.17
40.82	46.82	47.46	42.7	43.49	47.59	53.01	46.92
43.85	38.43	37.86	37.15	40.85	36.09	34.75	36
18.19	18.57	19.79	17.7	16.41	15.92	17.27	17.66
8.59	8.24	8.91	8.1	9.06	8.26	9.48	8.54
53.21	62.92	65.14	52.77	68.29	60.7	63.84	60.93
27.14	26.3	29.38	29.21	27.5	27.19	26.39	30.47
5.38	5.96	6.74	6.42	4.91	6.67	5.23	5.31
24.92	24.4	25.42	23.77	22.87	21.66	26.36	26.28
91.96	97.8	85.23	96.84	102.75	94.87	92.02	91.39
24.03	25.36	21.37	26.6	28	27.5	23	23.58
14.69	13.34	13.92	13.89	15.81	14.37	17.62	13.43
9.53	10.7	11.13	10.36	8.82	11.67	10.25	10.31
59.04	56.52	47.24	50.35	59.45	45.38	59.7	48.74
50.34	55.7	54.53	54	52.13	52.12	52.52	49.44
11.14	9.84	10.63	11.17	10.17	11.73	12.45	10.88
25.89	21.66	34.33	25.11	23.27	31.02	23.94	25.83
18.61	17.58	21.48	23.91	22.14	25.71	18.91	19.04
2.51	2.25	2.52	2.67	2.76	2.5	2.36	2.53
26.71	26.22	24.37	24.57	25.38	23.56	20.78	23.89
34.26	30.11	30.27	29.5	26.17	33.43	33.21	33.14
7.89	6.87	8.03	6.37	7.95	6.72	7.44	7.5
38.22	40.53	42.61	38	44.8	35.15	38.14	44.06
43.69	39.75	47.65	37.2	50.74	43.61	46.72	47.44
37.8	33.55	33.94	31.4	30.99	38.47	32.52	35.81
1.19	1.09	1.41	1.35	1.19	1.1	1.47	1.23
35.12	33.4	32.64	37.3	43.18	37.8	37.63	32.55
41.79	37.16	40.32	40.46	45.77	38.49	41.58	47.25
3.6	3.53	2.97	3.03	3.33	3.4	2.77	3.08
5.27	5.35	4.98	4.62	4.53	5.17	4.87	4.43
11.93	12.95	14.61	14.19	12.82	12.08	13.21	13.43
38.13	38.68	42.99	42.36	39.86	41.12	40.35	40.31
24.06	25.36	24.3	26.75	23.54	25.9	24.11	24
13.67	10.98	13.06	10.91	12.67	10.44	11.18	11.25
10.58	10.85	12.53	10.44	9.21	11.23	10.04	11.23
20.17	25.96	22.27	27.11	25.02	21.11	21.77	26.51
64.36	70.14	74.85	67	60.92	58.63	64.62	72.2
22.99	18.18	19.1	18.46	21.04	14.57	20.33	19.94
47.74	53.04	51.47	45.13	55.41	41.84	51.66	56.54
59.52	51.78	63.31	65.36	69.02	67.96	71.67	62.78
22.75	30.03	24.63	26.15	23	24.89	23.43	24.91
30.7	26.78	30.04	31.91	30.22	33.97	34.67	33
2.11	1.8	2.19	2.19	2.25	2.29	2.27	1.96
59.26	78.31	76.17	65.36	67.12	78.14	85.24	70.76
28.91	23.53	28.82	21.61	26.1	24.48	23.52	20.51
102.55	87.85	91.66	80.42	92.22	76.68	82.2	75.28
27.56	29.77	27.54	34.24	27.39	27.17	25.76	30.88
52.59	46.18	46.25	46.36	55.78	46.5	57.95	50
36.32	35.43	27.72	29.76	35.44	33.2	33.06	31.61
29.95	29.88	26.27	24.89	30.4	34.31	34.3	29.72
32.62	32.37	36.35	33.4	37.08	33.35	34.47	31.27
25.31	20.82	26.14	23.56	25.23	21.09	23.87	22.34
5.32	5.06	4.48	5.05	5.06	5.38	5.42	5.39
15.59	18.74	17.28	18.88	21.64	18.59	18.77	17.01
24.53	23.27	24.65	32.03	26.91	26.83	26.49	24.19
45.86	39.12	36.82	35.15	39.93	37.27	48.86	33.4
17.89	18.38	17.43	21.54	21.26	16.77	18.24	15.74
24.01	24.2	24.32	24.26	22.1	23.93	27.62	23.82
47.84	43.12	50.05	46.98	36	40.06	50.92	42.21
84.25	94.02	93.49	82.73	75.13	83.25	72.24	101.83
14.49	14.61	12.74	16.89	12.28	14.48	16.33	14.69
24.75	28.14	28.56	32	29.32	26.26	23.27	29.9
17.12	18.91	15.96	16.71	17.9	16.94	18.86	17.92
135.46	115.48	135.1	126.93	128.33	151.31	141.24	178.53
23.3	22.56	28.17	21.96	23.65	22.51	25.4	25.41
14.82	12.7	12.07	13.71	14.25	13.85	10.52	12.72
42.5	39.75	47.42	42.63	46.62	36.97	37.42	43.63
50.97	51.47	47.53	43.59	51.88	40.82	53.74	43.67
16.39	15.33	14.77	16.56	14.97	15.49	12.56	15.74
13.86	11.82	12.76	14.43	16.55	11.66	13.67	13.38
28.23	29.29	29.34	27.32	31.82	31.83	26.81	31.28
25.84	26.11	29.74	22	26.66	25.22	24.73	23.22
6.73	5.66	6.72	5.36	6.83	5.72	6.03	5.55
42.15	43.74	40.62	36.82	43.49	41.6	36.98	42.44
65.98	58.26	48.56	54.35	53.81	51.55	71.33	62.5
14.79	14.84	14.31	15.47	16	14.04	15.15	12.99
1.17	1.16	1.16	1.15	1.16	1.17	1.16	1.17
28.19	26.65	27.57	27.09	27.26	25.71	25.92	27.62
42.67	55.2	58.71	42.15	53.42	51.29	49.72	42.45
97.7	93.69	87.62	87.34	92.23	98.42	96.98	102.35
11.84	8.87	12.5	10.01	11.89	11.03	13.16	10.59
31.28	27.73	29.58	33.98	33.92	36.67	38.5	32.8
53.88	46.53	47.34	58.65	52.45	52.19	44.21	56.06
36.55	43.29	35.05	40.73	39.86	33.23	45.33	37.51
14.49	17.58	17.25	17.3	12.78	16.08	15.27	17.18
2.4	2.84	2.8	2.57	3.12	2.81	2.43	2.15
1.41	1.47	1.39	1.43	1.43	1.48	1.45	1.44
11.21	11.46	11.82	9.56	11.5	10.61	11.16	10.21
28.61	22.98	20.98	22.02	25.43	26.94	27.42	25.75
9.6	9.34	8.36	7.12	9.79	7.81	7.74	10.05
56.07	70.09	54.96	59.6	54.7	55.29	58.17	66.3
17.67	18.61	16.38	17.35	16.62	14.69	15.58	15.63
17.57	15.05	15.01	16.15	17.74	18.42	14.43	20.98
12.77	12.2	13.04	13.5	13.28	13.54	13.99	13.62
53.13	59.13	54.92	60.01	59.41	48.03	53.71	57.34
66.15	59.97	69.13	63.94	62.75	88.12	91.17	68.44
32.72	29.08	26.16	29.74	30.15	33.91	29.58	34.39
6.65	8.02	7.79	6.7	7.9	8.9	6.93	7.94
5.98	7.97	6.68	6.83	6.33	7.03	6.04	6.94
4.01	3.95	4.75	4.59	4.38	4.27	4.53	4.88
14.34	15.07	14.62	14.59	18.27	14.5	11.54	17.27
82.96	87.85	94.96	83.7	79.56	90.65	83.65	84.74
53.97	60.74	62.24	62.57	61.19	51.61	65.88	62.32
17.13	17.64	16.34	16.69	15.99	17.4	14.74	16.85
31.34	32.93	39.29	37.4	43.56	43.83	44.93	40.53
113.95	110.84	113.95	107.52	127.21	95.38	99.05	84.56
41.92	39.19	42.99	43.66	44.67	46.64	44.86	43.97
61.01	74.81	67.7	80.2	65.25	76.51	73.72	60.87
55.87	54.47	46.4	60.34	53.95	57.39	59.86	54.55
5.91	4.88	5.33	5.06	5.22	5.24	4.91	4.92
50.96	63.64	53.4	46.38	57.77	56.63	59.16	52.68
13.71	17.33	14.11	17.3	14.86	18.71	15.03	17.51
7.11	7.73	6.84	7.35	8.67	8.45	8.66	6.81
17.81	18.95	19.27	16.62	17.68	16.21	16.19	17.93
12.65	14.56	12.3	15.39	16.69	17.68	15.49	12.98
108.66	86.37	101.06	88.14	98.08	82.05	105.25	75.72
75.93	72.02	80.88	64.4	79.96	77.69	67.03	67.8
24.68	19.88	20.98	20.13	23.92	22.06	22.54	26.32
34.44	31.55	36.78	30.19	34.96	32.79	25.2	33.82
35.97	29.41	38.84	27.86	33.33	28.62	29.78	33.93
55.18	47.97	47.02	47.56	46.09	46.3	52.48	48.62
24.3	28.69	25.48	30.08	23.17	24.46	23.27	24.18
13.18	12.49	14.2	14.94	9.89	11.3	14.11	12.53
3.71	3.26	3.12	3.49	3.16	3.02	4.01	3.41
9.96	14.26	10.73	10.91	11.85	8.84	8.82	12.76
99.8	98.88	117.84	102.46	109.01	103.84	109.93	115.44
10.71	10.88	9.67	12.37	11.38	11.83	11	12.37
15.17	16.25	16.58	17.35	13.67	16.7	15.52	15.84
5.89	6.64	5.73	6.03	4.77	6.37	5.58	6.3
32.49	36.64	32.36	36.4	34.56	39.9	31.06	28.91
1.51	1.55	1.45	1.51	1.43	1.42	1.45	1.37
27.71	24.03	22.84	23.1	27.91	25.34	24.93	25.61
21.26	20.74	20.26	19.38	19.69	21.81	17.77	19.15
21.12	26.74	25.19	23.78	20.06	25.6	24.46	26.72
13.22	13.76	11.87	10.78	9.94	11.32	12.59	12.07
12.26	13.59	11.16	10.4	14.09	13.92	12.64	11.44
62.88	57.89	60.3	62.3	56.73	58.37	67.05	48.48
43.95	42.1	45.84	51.8	35.6	44.73	45.79	44.7
14.66	12.71	15.85	16.24	17.59	14.77	17.49	15.88
26.89	28.03	22.88	30.18	29.33	28.92	30.8	31.66
73.47	57.84	61.48	58.73	67.78	53.79	82.9	66.28
26.71	32.17	33.14	29.45	30.35	35.49	35	28.24
6.95	7.41	6.76	6.67	5.81	6.92	6.91	6.63
34.25	28.91	28.95	32.65	27.65	27.39	31.87	30.24
4.44	4.43	4.02	4.42	3.96	3.64	4.11	3.85
22.53	21.57	21.53	21.37	26.11	23.85	18.74	22.3
11.51	10.75	14.33	12.55	10.32	12.64	12.38	13.68
23.58	18.55	22.53	20.74	20.82	23.55	22.69	18.79
14.26	12.37	16.17	15.81	14.89	16.64	14.85	11.78
30.92	24.96	26.34	31.57	26.06	29.69	28.1	37.73
49.4	46.64	37.02	53.44	62.76	53.12	52.4	44.55
36.12	38.79	35.44	36.77	32.45	38.54	33	42.39
56.75	60.01	47.84	68.98	44.16	53.66	47.35	48.59
14.54	14.78	13.97	15.65	13.82	17.46	14.66	13.79
33.43	25.21	24.81	26.13	27.34	34.55	28.45	27.65
2.79	2.16	2.1	2.41	2.66	2.07	3.16	2.35
10.91	11.37	9.34	8.83	9.98	10.16	10.83	8.21
4.19	4.38	3.74	4.11	3.75	4.17	3.35	3.09
27.59	28.26	33.91	33.64	31.58	29.67	32.65	34.53
9.28	9.14	9.61	11.66	11.81	10.12	11.13	9.23
41.75	40.94	44.04	52.33	56.27	46.43	48.49	45.49
60.55	59.4	54.65	58.46	62.63	55.25	55.08	55.08
8.46	8.62	9.62	9.69	6.85	8.33	7.11	8.83
22.43	28.31	23.83	25.18	29.79	28.28	25.44	31.72
52.05	44.15	59.13	48.31	62.82	57.53	54.4	46.97
5.02	6.8	7.66	6.54	6.13	6.17	6.26	8.21
88.03	93.25	145.98	118.55	113.63	103.29	96.27	115.75
40.36	43.85	43.29	44.49	52.12	58.06	34.64	44.61
10.7	10.82	10.15	9.91	10.33	10.99	11.33	11.81
21.26	19.14	21.64	19.58	19.74	20.24	16.46	20.74
13.17	14.04	11.53	11.96	15.29	10.68	11.33	12.98
6.06	5.75	5.77	5.47	6.3	5.72	7.19	6.99
36.76	28.69	38.11	28.85	35.38	32.26	30.07	42.97
9.37	8.66	8.83	8.67	10.04	8.92	9.91	9.99
4	3.63	4.17	3.34	4.64	3.7	3.67	3.38
45.28	51.29	49.71	56.95	53.31	56.15	51.96	53.54
19.28	19.91	19.85	22.99	18.28	19.45	16.14	20.63
13.86	17.4	17.02	17.49	15.47	18.25	17.27	17.24
19.64	20.33	20.53	17.51	16.92	16.96	14.62	19.49
53.29	59.71	48.59	50.68	50.01	61.44	60.93	47.22
11.6	12.54	11.91	9.73	9.01	11.3	10.11	9.81
12.8	13.07	13.56	14.98	14.82	12.19	12.96	14.06
51.82	54.34	52.35	64.06	49.81	54.23	65.63	54.28
17.97	15.79	16.24	15.08	16.64	15.06	13.77	13.24
22.8	21.98	21.41	24.11	21.18	22.67	23.5	20.35
34.97	37.16	38.89	30.73	40.35	33.86	36.51	35.11
61.79	58.27	57.51	62.6	53.75	53.48	65.14	49.21
11.02	11.98	11.71	11.88	12.86	10.67	10.89	12.54
86.99	73.6	75.29	103.39	74.24	80.76	74.42	69.69
4.8	4.18	4.66	5.91	4.96	6.26	5.47	4.97
18.59	21.83	17.96	17.45	19.45	20.6	21.66	20.5
10.63	9.6	9.91	10.08	8.87	10.12	11.4	8.72
9.28	9.42	9.54	8.23	8.18	9	8.86	10.95
30.64	29.79	22.65	24.81	29.38	27.09	25.86	28.61
19.51	16.91	19.85	21.02	15.28	21.02	17.84	22.06
61.21	64.02	64.08	65.1	65.31	62.43	52.78	56.07
4.36	4.39	3.69	4.79	4.49	3.85	5.63	4.89
7.84	8.99	9.11	10.59	7.94	8.89	10.32	8.7
30.86	26.59	25.46	26.88	27.48	27.08	23.42	21.94
35.92	34.58	30.99	39.05	29.86	34.75	36.76	34.71
32.99	41.1	40.67	42.22	42.89	34.41	35.91	37.91
29.72	36.82	28.04	29.84	30.18	31.82	31.85	30.5
11.37	9.14	10.06	11.28	8.38	10.53	9.03	11.9
109.84	97.52	88.19	99.17	102.12	82.58	86.3	117.71
121.69	91.95	126.05	121.6	107.85	98.29	104.17	104.18
24.93	27.01	34.15	28.62	28.77	27.81	22.72	25.58
16.61	14.34	17.55	17.72	14.97	16.49	14.05	17.6
35.51	36.69	39.28	37.55	38.3	36.98	43.02	41.14
13.52	12.88	13.96	12.74	10.99	13.9	12.41	13.24
10.61	9.39	12.82	9.76	10.2	11.23	12.5	10.81
13.22	9.17	10.84	8.97	9.99	11.45	11.79	12.25
21.63	18.76	18.77	18.44	20.13	25.12	21.35	19.56
35.66	31.7	31.83	37.82	41.04	42.82	40.29	35.33
28.11	26.67	29.95	34.75	28.67	27.95	29.81	26.18
81.92	85.76	87.51	82.52	82.26	99.58	91.71	93.39
1.92	1.07	1.07	1.06	1.03	1.81	1.86	1.02
2.88	2.61	2.66	2.58	2.23	2.28	2.24	2.75
14.34	17.42	13.28	15.73	15.72	18.05	16.12	16.22
29.64	33.45	27.69	35.24	34	30.01	25.65	31.44
1.29	1.18	1.37	1.39	1.24	1.65	1.24	1.27
10.54	10.04	9.11	9.52	10.73	11.66	11.56	10.43
59.18	56.15	64.37	59.65	62.68	64.66	65.23	64.57
85.2	77.66	80.95	80.91	87.62	88.27	88.81	72.05
10.84	11.27	7.39	11.43	9.24	10.75	10.74	10.72
10.95	11.08	11.51	9.26	10.77	9.12	9.38	8.8
16.04	17.72	16.48	18.61	19.07	19.99	16.88	19.37
35.31	38.39	35.83	32.35	34.77	39.26	43.86	35.16
25.06	26.92	25.24	25.77	28.04	20.82	29.51	25.52
69.12	59.81	75.6	54.47	58.05	69.7	77.18	60.85
5.06	4.16	4.54	4.45	4.11	4.8	4.57	5.06
5.68	5.49	6.67	5.08	4.91	5.83	6.49	5.91
43.06	44.53	45.41	43.5	39.41	40.4	41.7	47.14
57.73	58.04	57.8	51.02	51.36	62.22	51.49	55.23
8.58	9.81	10.45	9.38	8.95	9.12	8.62	7.97
7.86	8.65	8.88	8.73	10.44	10.41	10.03	7.86
8.54	9.73	9.39	8.13	10.25	7.49	10.06	8.88
29.99	32.23	30.65	37.63	30.66	33.58	33.03	30.54
29.02	21.88	28.57	25.96	21.74	31.67	33.21	31.23
19.5	21.26	17.8	17.91	21.51	17.12	17.03	18.32
9.51	9.02	9.36	9.52	7.35	7.78	10.67	6.56
31.03	31.95	29.95	34.78	25.43	30.15	31.3	29.35
40.04	41.1	32.02	27.64	37.76	31.69	41.51	39.38
16.18	13.22	13.57	15.84	17.65	12.53	14.62	15.01
9.24	8.41	10.21	9.7	8.92	10.41	8.98	8
31.96	34.26	25.86	28.27	29.01	24.62	26.22	30.73
9.3	9.36	8.65	10.47	9.45	8.14	10.98	10.53
16.21	14.47	12.6	14.44	14.7	17.97	16.43	16.28
31.33	36.74	43.71	35.97	33.49	32.99	41.15	34.37
34.05	37.49	31.05	29.08	29.41	34.06	38.48	32.99
34.63	39.5	39.51	44.92	44.09	34.51	37.69	30.55
45.03	38.4	41.8	38.04	37.8	45.93	42.9	34.68
35.93	37.84	38.58	43.01	34.51	37.71	38.19	34.2
105.13	100.33	109.29	91.09	81.25	101.35	100.63	113.12
56.97	52.98	56.46	45	57.89	56.89	44.79	61.5
49.54	55.53	62.26	52.4	54.96	53.48	48.13	48.14
3.96	4.33	4.54	3.59	3.71	3.97	4.09	4.42
13.21	15.5	13.91	15.75	11.73	14.26	14.72	15.41
31.51	28.43	32.6	32	29.74	25.56	32.52	32.84
16.52	13.12	15.76	16.61	11.6	15.59	15.33	15.84
59.32	62.84	51.28	56.54	67.73	62.35	70.5	63.86
5.34	5.06	4.6	4.9	4.57	4.17	4.66	4.81
10.96	11.97	11.72	11.15	10.26	9.74	11.95	11.88
12.18	12.39	11.56	12.78	12.53	10.93	12.89	12.12
15.78	19.95	18.53	18.8	19.01	21.19	21.08	18.33
5.68	6.54	4.8	5.74	6.09	5.6	6.75	4.77
37.1	33.39	35.59	36.4	35.9	34.07	36.78	35.72
45.49	42.4	31.48	38.13	35.43	38.49	41.83	37.96
33.32	27.06	34.4	38.8	32.11	32.58	31.67	37.53
27.66	26.69	22.56	25.32	18.85	21.97	28.36	24.59
23.5	19.54	18.36	19.21	18.39	18.49	23.61	25.76
117.2	131.74	97.63	115.9	97.92	125.01	111.9	122.08
8.01	7.33	8.58	7.48	8.31	7.91	6.62	9.22
13.83	13.55	10.29	10.09	14.27	10.49	10.32	10.24
18.9	21.84	18.63	19.26	19.13	18.4	24.77	26.25
9.71	9.77	10.25	10.52	9.8	9.75	11.03	10.63
22.42	21.76	24.13	23.3	26.64	20.24	22.25	23.82
31.92	30.12	28.65	30.81	28.57	25.11	32.38	33.76
12.68	12.22	12.19	10.5	10.82	12.76	9.79	12.95
82.11	64.21	57.05	59.57	56.95	62.89	57.4	57.47
6.15	6.14	6.63	5.85	6.93	6.11	7.79	7.21
44.75	40.28	41.7	37.87	34.73	33.54	38.84	40.72
6.64	7.91	6.9	8.63	8.14	9.18	7.49	6.98
23.95	27.16	29.24	32.83	25.81	31.87	30.29	27.62
31.16	30.47	33.63	38.57	43.66	33.46	38.41	35.39
6.65	6.58	7.38	7.4	6.17	8.96	8.53	8.08
35.77	36.03	37.72	36.07	36.68	36.23	38.11	34.86
14.36	14.49	12.72	14.8	14.19	13.77	14.04	12.52
42.83	38.88	41.16	42.3	41.91	36.46	48.12	41.85
9.01	9.29	7.71	8.53	9.88	8.92	7.99	9.4
11.12	11.14	10.25	10.24	12.32	11.24	12.05	10.59
17.97	17.55	18.79	17.14	19.57	16.42	15.92	19.72
3.87	3.8	3.68	4.14	4.15	3.79	4.6	3.69
25.01	27.29	29.8	25.02	24.73	22.12	35.05	27.68
13.45	14.41	13.11	14.36	17.24	15.21	18.84	15.91
7.44	7.83	6.83	7.3	7.01	6.17	6.35	6.95
29.51	26.44	28.68	34.62	28.09	32.19	32.66	33.89
13.06	11.33	11.99	13.69	11.39	13.66	12.29	11.12
101.46	114.07	117.12	116.44	89.39	108.15	112.87	92.45
18.81	18.94	19.37	22.26	13.18	18.66	19.99	17.4
22.03	27.41	27.36	21.04	22.2	26.81	30.94	30.96
24.87	23.56	30.13	24.77	23.43	26.36	24.09	30.81
26.76	25.64	30.58	24.49	32.63	29.82	30.41	30.38
21.6	21.16	24.38	30.79	25.19	25.35	25.35	28.08
8.03	7.65	6.77	7.11	7.61	8.96	7.6	7.04
9.23	9.78	9.77	11.92	10.22	9.92	8.88	8.91
33.49	32.13	35.15	30.22	32.87	33.91	25.18	31.84
2.88	3.08	3.07	2.69	2.68	3.17	2.91	2.16
7.82	8.43	9.62	8.66	7.83	10.01	8.99	8.29
90.83	84.37	84.8	81.27	91.8	93.89	90.68	84.69
4.92	4.57	4.27	4.21	3.89	5.03	4.7	4.04
11.03	13.19	10.75	9.64	12.21	10.92	10.67	10.28
1.61	1.52	1.54	1.6	1.53	1.74	1.65	1.4
85.3	92.65	95.23	109.43	79.7	100.7	97.85	112.82
1.9	1.19	1.12	1.28	1.32	1.36	1.89	1.29
28.55	22.37	29.56	24.45	26.36	25.73	29.18	25
18.25	18.74	16.23	17.85	19	19.38	17.08	13.35
159.15	155.95	154.91	133.43	166.55	127.77	140.37	112.15
76.62	66.06	64.54	82.91	72.4	65.5	56.46	65.93
97.7	87.8	97.44	92.74	95.57	86.88	105.19	93.59
17.07	13.75	15.95	17.42	16.59	15.59	17.08	15.23
87.92	65.54	75.96	66.02	73.19	71.53	60.05	70
17.6	18.71	15.78	17.33	15.57	16.48	16.8	17.85
48.37	58.76	58.18	43.2	53.21	56.8	54.42	45.94
39.42	41.4	36.95	45.34	42.6	35.12	41.41	35.33
53.8	55.39	55.11	66.13	67.12	71.22	61.82	62.87
9.63	10.56	11.31	8.56	9.5	10.35	8.61	9.28
46.33	38.76	46.07	44.31	45.96	40.67	42.57	53.15
87.91	102.92	76.12	89.47	81.59	74.25	75.71	86.29
21.39	25.1	21.89	28.04	19.64	17.62	15.88	23.05
18.12	16.15	17.29	15.79	16.83	17.63	15.63	16.69
3.38	3.47	3.74	3.84	3.45	3.69	3.04	4.19
20.95	20.54	23.56	18.54	18.03	20.29	17.02	19.84
33.42	33.49	30.14	30.49	27.9	29.79	29.52	27.67
6.08	5.9	5.28	6.36	5.8	5.6	6.61	6.68
43.74	45.35	44.44	40.34	37.43	38.78	42.21	39.94
14.18	14.16	13.22	14.37	13.49	13.38	14.66	15.15
17.5	18.09	19.97	14.1	16.35	13.63	18.07	13.9
9.08	8.77	8.76	8.48	8.76	8.13	8.27	6.64
33.33	29.3	33.78	27.24	32.1	31.56	35.57	33.09
5.82	6.71	5.14	5.74	5.59	5.74	6.66	7.06
13.46	11.22	11.55	9.5	10.77	8.55	9.68	10.88
36.86	42.49	33.98	33.12	31.26	37.81	32.61	37.57
68.28	71.97	69.53	59.6	69.16	79.63	65.42	69.85
71.89	95.86	106.45	86.08	87.03	79.73	73.81	81.67
42.87	44.18	49.65	42.83	41.7	42.46	34.99	36.61
53.19	41.3	52.96	53.66	48.9	44.34	49.91	49.05
9.31	9.82	10.36	9.69	9.03	10.15	8.99	8.15
57.73	47.01	48.54	61.91	58.94	51.85	47.97	48.42
18.96	18.37	18.89	18.46	19.65	19.3	20.57	18.92
7.75	9.91	10.67	8.54	9.24	10.5	8.4	9.06
18.32	19.41	21.12	18.42	20.72	17.53	20.83	18.04
14.66	16.47	14.3	16.97	12.39	16.58	14.04	15.9
103.69	109.83	96.44	106.11	95.65	109.77	99.66	87.71
42.2	45.43	49.26	40.97	35.09	39.74	38.56	41.67
25.65	23.9	22.83	23.72	28.05	19.76	28.35	28.28
18.02	16.26	19.39	19.08	19.71	17.83	19.33	20.94
5.22	6.33	6.23	5.69	4.96	5.15	5.9	5.51
56.65	67.18	71.97	60.73	67.75	69.66	72.07	53.67
33.7	27.45	33.79	38.49	37.53	31.3	30.58	35.9
9.03	8.52	9.44	8.7	9.74	9.22	10.82	9.16
