6.36	6.21	7.19	5.64	7.32	5.49	7.38	7.5
24.01	23.39	21.73	19.18	18.53	20.76	21.38	20.25
43	45.36	43.99	37.3	51.48	47.98	49.83	52.88
34.47	33.77	34.21	35.4	37.49	37.96	40.33	31.22
37.25	28.87	32.11	33.72	34.62	36.88	37.16	27.45
23.32	22.56	22.53	20.43	21.76	21.82	19.47	18.64
7.56	6.35	8.26	6.51	8.31	7.69	7.74	8.13
22.26	21.71	19.65	21.64	23.44	18.34	24.14	22.63
24.58	22.17	22.52	21.48	22.03	23.15	19.41	18.64
33.98	31.09	26.57	28.92	27.1	33.18	24.3	32.9
12.84	13.85	13.44	10.56	12.39	10.63	12.27	14.87
1.46	1.45	1.14	1.21	1.27	1.23	1.43	1.67
5.18	4.81	5.33	4.99	6.18	5.73	5.46	4.78
50.98	50.71	56.36	49.6	45.34	55.81	49.52	53.33
12.02	11.62	12.44	10.45	11.59	14.16	11.45	12.27
41.98	37.25	29.48	32.33	37.58	32.95	40	42.86
17.54	16.21	17.01	18.43	17.29	23.51	18.1	18.77
57.79	58.31	50.15	55.04	51.17	62.3	58.49	58.39
3.99	3.66	4.04	4.4	4.13	4.48	5.03	4.78
5.21	4.6	5.09	4.97	5.17	4.57	5.73	4.95
71.65	63.79	71.53	67.37	78.9	72.41	67.34	59.73
48.03	45.1	52.62	59.54	45.18	52.81	46.2	53.02
43.29	48.28	41.99	41.55	54.2	50.33	45.16	46.71
45.49	70.03	63.15	50.14	55.19	59.32	61.62	62.49
67.41	87.25	72.33	75.17	77.57	82.39	81.28	87.99
8.82	10.11	9.89	10.47	11.18	10.97	9.8	9.84
19.35	17.98	19	16.2	18.01	16.21	16.64	16.15
1.32	1.29	1.47	1.11	1.43	1.31	1.43	1.39
20.7	19.94	24.21	21.09	16.59	18.1	22.37	18.58
14.53	14.49	15.51	13.13	12.74	13	12.66	13.81
19.75	17.14	19.18	19.12	19.21	21.77	18.2	17.23
47.14	37.21	45.57	38.03	34.13	39.4	34.27	34.5
33.28	38.05	34.96	33.79	39.51	39.04	35.35	37.37
30.69	38.1	34.15	28.37	32.36	35.51	33.64	37.77
33.33	34.73	35.35	34.76	30.67	35.47	33.77	34.91
35.6	39.05	45.7	37.96	41.98	35.24	33.17	39.57
26.29	21.9	24.05	22.76	25.44	24.19	21.07	23.22
1.34	1.38	1.44	1.45	1.65	1.51	1.42	1.36
6.24	6.02	6.33	5.62	7.71	6.34	6.42	6.5
21.47	20.46	22.13	20.48	17.78	18.95	21.31	16.48
26.18	29.71	29.08	27	33.27	34.28	31.27	28.64
8.49	7.07	7.63	7.67	7.12	7.22	8.48	7.23
5.29	5.25	5.67	4.83	5.55	4.93	5.17	4.84
3.04	3.62	3.73	3.11	3.58	3.06	3.91	3.53
39.58	45.67	43.42	40.38	36.46	37.91	41.4	40.48
3.27	3.21	2.76	3.05	3.25	2.9	3.48	3.57
9.26	8.16	8.46	9.19	8.55	7.92	7.52	6.64
6.4	6.55	5.42	6.81	6.38	6.51	7.06	6.36
55.48	69.84	58.38	67.9	73.14	69.52	63.4	65.03
36.94	37.06	35.24	36.6	36.82	38.96	34.45	38.39
32.16	36.85	26.65	25.54	33.54	26.22	28.75	32.18
2.24	2.51	2.29	2.09	2.89	2.34	2.27	2.76
1.74	1.84	1.68	1.56	1.61	1.68	1.67	1.54
24.84	23.92	23.77	28.23	23.19	27.05	25.21	28.63
5.19	6.01	5.21	4.68	6.21	5.28	4.65	4.43
36.12	30.59	34.81	28.46	31.71	36.4	29.62	29.46
91.85	94.17	90.58	108.92	89.11	88.18	95.2	103.85
7.39	7.96	7.9	7.45	8.7	7.12	7.55	6.37
1.81	1.87	1.9	1.83	1.81	1.86	1.85	1.84
14.45	12.23	14.81	11.6	15.46	16.06	14.15	11.73
130.47	149.98	113.15	109.77	140	131.86	131.54	143.74
33.64	38.81	37.31	33.99	40.03	24.91	37.15	38.84
19.56	21.63	19	17.87	16.78	19.19	16.04	23.26
45.23	36.05	42.57	39.9	39.38	37.64	38.91	38.93
13.11	12.11	16.73	13.52	12.56	15.39	14.32	15.23
43.24	44.13	39.09	39.61	40.53	51.49	37.73	40.31
8.24	8.62	7.48	6.08	6.56	6.64	6.99	7.7
33.48	22.88	28.36	30.72	24.88	29.09	31.38	29.51
20.06	18.78	20.81	20.75	20.88	18.85	21.52	18.31
12.18	11.95	12.73	15.72	14.08	10.95	11.76	13.9
66.61	56.26	72.43	67.25	62.73	78.06	70.53	65.66
47.1	44.44	47.99	47.73	54.19	39.84	49.25	47.71
81.74	93.95	73.11	76.22	74.47	82.31	79.42	78.94
14.89	15.77	9.53	13.08	14.87	11.83	14.7	14.59
60.34	46.97	59.34	59.47	47.96	58.2	54.09	43.55
12.15	14.32	14.39	11.76	13.04	14.49	13.95	14.3
26.99	30.27	24.84	24.84	27.28	25.3	28.62	30.77
63.98	54.14	65.83	57.91	66.94	58.54	54.78	53.66
34.1	31.6	35.99	42.59	36.31	41.16	44.81	31.29
22.62	27.8	25.18	27.55	27.38	26.09	25.7	27.4
97.2	57.66	55.23	80.43	79.26	81.71	54.41	80.19
6.74	6.03	7.86	5.76	6.48	7.14	6.14	6.59
9.35	8.17	7.84	6.9	11.2	7.61	8.32	8.41
52.37	46.66	47.26	54.38	53.27	45.89	48.41	49.77
39.17	41.09	43.87	35.76	35.34	39.42	39.82	29.96
36.99	33.31	30.18	34.79	31.17	37.41	39.54	32.41
2.3	2.2	2.11	2.44	2.03	2.63	2.01	2.31
2.82	3.13	2.57	3.7	3.09	3.55	2.63	3.48
45.14	58.82	49.33	51.81	58.89	52.73	44.88	60.72
59.98	73.19	79.54	58.93	60.03	63.49	61.7	72.57
66.18	67.96	66.23	60.45	60.03	70.4	66.9	70.13
28.83	25.22	29.72	28.71	30.75	31.07	32.14	28.2
3.22	2.82	2.81	2.31	3.15	3.4	2.17	2.95
9.4	9.81	9.96	8.89	9.04	8.64	8.77	8.57
33.32	31.34	32.93	28.88	25.58	35.55	29.02	27.98
25.27	26.72	19.76	22.57	23.08	21.63	28.44	23.01
24.13	20.68	23.24	25	26.55	22.13	25.36	21.19
87.29	80.34	79.69	76.49	77.09	98.65	79.6	80.81
10.72	11.92	10.4	9.65	11.88	13.12	9.82	12.97
22.25	23.17	20.21	18.56	19.49	18.69	20.88	18.21
41.98	38.03	43.17	42.51	39.39	49.14	50.46	45.61
28.59	29.83	25.33	26.51	27.97	26.23	29.06	28.3
53.44	58.41	75.11	69.58	73.99	67.57	66.25	68.19
31.01	34.94	37.46	41.69	33.32	31.78	36.53	32.5
107.13	111.96	87.44	95.15	85.93	87.29	91.02	101.65
4.61	4.2	3.56	4.24	4.04	4.84	4.17	4.64
4.85	4.97	3.84	3.69	4.19	3.81	4.1	4.25
15.4	13.89	12.24	14.23	13.99	13.33	16.04	13.37
6.94	6.88	5.82	7.82	7.1	6.88	6.56	6.18
43.11	43.92	49.69	44.13	45.39	48.92	40.04	39.69
33.7	32.5	27.65	31.39	34.3	31.93	34.34	35.14
8.45	8.04	8.01	8.18	9	7.98	7.88	9.43
25.79	27.93	23.02	30.24	25.88	28.99	23.8	24.37
23.09	21.33	23.45	21.19	24.39	22.88	25.81	21.38
8.68	9.96	8.73	8.7	10.08	10.01	8.83	8.51
2.45	2.29	2.48	2.4	2.11	2.2	2.33	2.49
72.11	63.94	71.8	57.14	77.23	86.68	79.98	72.71
24.91	21.64	21.54	24.37	24.67	23.39	23.1	22.93
46.16	46.59	48.12	46.26	44.57	34.34	42.99	36.44
6.94	6.78	7.72	8.9	7.33	7.4	6.44	6.76
55.74	46.23	45.96	47.19	55.33	40.46	50.57	50.01
12.23	14.22	14.62	12.9	10.74	13.63	12.88	14.1
20.66	22.24	23.16	20.96	26.95	21.82	20.19	18.93
22.58	21.49	27.5	27.46	19.4	19.27	23.14	21.55
16.57	16.99	16.43	18.51	18.1	22.7	17.5	23.49
11.59	9.19	10.77	10.11	12.91	10.62	12.56	11.07
8.77	10.63	7.86	8.9	8.36	8.09	8.62	9.83
80.51	92.16	94.69	93.97	94.43	97.29	88.31	89.58
57.06	60.62	65.26	62.29	60.09	67.87	57.11	61.41
6.66	8.15	7.45	6.99	7.19	6.98	8.08	7.45
21.59	22.16	24.62	19.78	22.62	22.7	23.64	19.59
5.79	7.91	6.15	5.47	5.99	6.35	6.57	6.17
34.86	43.19	39.55	42.64	39.53	48.91	49.02	41.34
2.53	2.53	2.05	2.47	2.59	3	3.07	2.56
4.85	4.84	5.5	5.83	4.79	4.96	5.26	4.76
16.66	17.02	18.09	21.84	16.74	18.4	20.07	22.02
13.85	15.89	14.28	13.43	14.04	12.26	14.56	14.5
10.73	12.84	12.37	11.47	10.66	11.75	11.54	12.2
125.73	128.19	128.87	116.23	109.43	106.43	112.57	113.98
33.27	36.34	37.54	35.92	45.83	35.3	41.03	29.32
18.41	15.88	16.3	17.33	20.24	21.38	16.18	17.97
1.08	1.08	1.08	1.07	1.08	1.09	1.08	1.09
17.2	17.8	14.96	14.6	17.76	16.31	15.25	18.33
20.97	21.77	28.37	24.99	23.98	23.17	25.85	21.26
20.9	19.82	24.3	26.13	22.05	22.64	22.94	18.64
3.77	3.53	3.54	3.68	3.46	3.08	3.67	3.78
8.55	9.86	9.33	9.98	9.37	11.29	10.26	9.98
59.75	54.9	70.25	56.23	67.53	60.82	60.58	58.1
4.28	3.98	4.26	4.29	3.66	4.44	4.1	4.15
5.72	5.07	6.28	5.03	5.7	6.26	5.55	4.59
1.72	1.79	1.53	1.81	1.67	1.67	1.65	1.72
8.34	7.4	11.04	10.03	7.89	9.74	8.32	8.19
19.45	20.16	20.26	19.13	20.65	22.69	21.3	19.23
11.6	9.41	12.32	10.4	10.11	11.7	10.39	10.86
43.21	42.44	50.44	49.53	43.66	48.13	40.6	53.11
34.05	37.38	35.25	35.89	38.41	29.39	39.61	36.23
15.48	13.62	14.56	12.75	14.24	14.43	16.17	15.22
6.64	7.57	6.3	6.48	6.13	7.03	6.53	6.53
65.83	56.73	71.09	60.9	67.36	54.71	57.33	67.94
3.19	3.63	3.26	4.05	3.01	3.07	3.62	3.4
24.87	20.66	18.81	19.02	23.05	26.62	21.22	19.37
18.53	18.32	20.65	18.64	20.93	21.68	20.18	21.84
31.15	25.64	24.22	24.09	22.66	30.25	24.69	23.49
35.97	34.65	43.4	36.22	38.26	43.26	40.47	38.45
6.34	6.01	6.9	6.78	6.13	6.36	7.12	7.94
9.42	7.94	9.72	8.93	7.3	8.7	9.85	9.6
25.76	23.72	24.03	19.94	24.78	30.34	22.27	30.58
1.77	1.77	1.74	1.81	1.83	1.66	1.73	1.79
47.11	43.18	42.92	39.77	46.21	40.24	45.86	33.27
19.33	17.77	17.9	16.14	14.36	17.42	18.34	13.09
87.81	76.42	73.92	70.27	68.58	71.11	63.31	58.67
35.18	36.89	38.7	44.77	33.04	38.63	35.96	37.25
3.25	3.47	3.19	3.55	3.32	3.04	2.53	3.19
3.88	4.01	4.2	4.07	3.93	4.58	4.25	4.98
23.62	20.63	21.24	20.6	23.33	25.61	19.81	19.78
28.08	30.8	25.18	26.68	29.81	26.87	26.45	24.95
18.26	14.37	13.48	14.39	13.54	16.27	15.37	18.89
14.35	17.31	19.65	17.26	17.84	16.73	16.06	12.37
17.98	22.04	19.35	19.1	18.53	19.8	18.96	18.56
21.93	20.82	21.66	20.17	17.75	17.97	17.34	18.38
34.53	40.69	38.96	33.64	35.29	39.14	40.34	36.39
94.56	89.76	90.2	126.24	97.47	89.11	102.35	101.18
8.17	7.43	9.91	8.26	9.18	8.36	9.45	7.17
17.22	18.24	15.89	19.04	21.94	18.01	17.32	24.78
69.32	60.78	69.86	62.62	53.39	53.7	64.51	52.34
13.3	13.73	12.72	16.04	12.22	14.48	14.58	14.92
1.38	1.41	1.34	1.37	1.38	1.33	1.33	1.41
23.46	22.43	24.22	19.61	26.08	21.78	23.26	23.87
56.94	55.36	52.44	53.95	66.5	71.91	54.67	73.51
21.97	28.5	23.35	21.11	23.36	23.23	21.03	25.74
51.23	49.17	47.01	47.19	45.48	48.38	51.89	50.62
15.78	15.15	13.12	14.37	17.48	14.49	12.86	14.98
30.5	27.06	24.98	27.93	26.74	24.85	29.52	21.9
23.42	21.38	20	19.94	22.36	19.58	22.45	18.45
69.39	70.75	79.28	65.19	68.54	63.38	84.04	62.2
31.43	34.17	27.78	32.9	32.27	35.31	34.67	38.12
1.17	1.13	1.17	1.15	1.14	1.13	1.16	1.15
2.03	1.9	1.9	2.18	1.7	2.08	2.17	1.92
17.56	19.99	17.95	23.01	17.51	16.75	18.8	21.32
22.83	28.57	19.87	22.55	19.15	24.5	28.71	26.35
7.82	8.89	8.37	9.12	9.5	8.12	7.62	7.2
33.85	29.45	32.25	30.9	26.22	35.42	26.32	32.6
26.06	26.04	29.87	25.98	27.81	27.04	27.58	24.03
35.43	38.87	45.42	35.85	33.28	39.24	33.16	40.92
9.19	9.64	8.82	8.93	8.44	8.9	8.84	8.73
22.18	21.29	20.44	19.15	16.9	21.31	21.44	21.16
68.38	64.43	65.63	68.07	66.72	72.04	61.58	62.04
62.12	58.86	60.83	49.54	63.32	58.6	62.47	71.46
52.6	48.81	41.54	47.97	44.42	47.52	51.98	49.33
7.42	9.02	8.97	10.33	8.69	8.91	8.82	10.04
1.48	1.28	1.51	1.45	1.65	1.72	1.38	1.57
10.26	8.72	10.08	11.22	9.36	11.5	9.84	10.62
5.12	4.55	4.9	5.06	5.69	5.37	6.03	5.76
31.86	37.63	27.04	37.34	32.85	30.6	33.75	35
40.18	41.15	40.73	38.98	36.17	37.01	41.55	40.87
20.3	21.42	20.19	21.01	20.4	18.99	20.91	23.07
13.16	12.84	12.02	11.83	11.32	11.88	11.93	13.17
32.19	36.98	29	35.22	33.52	41.75	40.61	31.97
99.89	117.21	123.8	112.31	94.11	106.25	125.39	112.35
27.51	26.85	26.62	26.18	28.81	30.43	30.12	28
42.8	54.75	59.23	50.96	54.46	41.98	60.38	46.09
3.53	3.1	2.62	2.75	3.1	3.18	2.55	2.96
43.95	38.82	45.75	39.37	34.16	37.68	41.16	39.94
14.55	12.77	16.5	16.41	11.7	13.72	15.32	16.41
117.84	125.93	87	128.48	133.53	122.53	123.66	140.36
82.26	100.19	94.57	105.94	95.14	92.53	103.45	112.53
90.68	109.78	107.97	105.07	121.87	102.15	93.13	94.29
14.46	12.89	12.37	13.05	13.55	11.05	11.65	14.41
6.94	4.94	5.16	5	6.07	5.29	5.4	5.37
33.92	30.68	29.3	27.53	34.95	31.52	35.89	27.52
89.17	80.37	76.46	77.5	83.89	98.23	87.56	88.08
9.37	9.24	8.37	9.25	8.42	9.75	12.39	9.62
94.13	87.09	81.07	114.71	83.87	97.27	83.72	76.46
14.53	20.07	19.18	18.44	20.09	17.36	13.42	16.16
13.6	15.22	12.3	12.6	14.05	13.25	12.45	13.95
27.71	29.68	30.57	28.24	33.06	23.65	27.16	27.95
29.17	28.52	36.12	29.59	27.02	31.86	32.41	33.48
19.47	20.93	17.76	19.58	18.76	22	17.4	21.85
45.97	61.85	54.86	42.57	52.17	51.04	51.66	50.35
30.57	27.81	25.3	30.71	28.46	24.92	28.19	30.04
22.77	22.81	26.13	22.37	20.61	26.35	24.13	22.95
73.84	69.12	73.44	68.07	65.35	77.87	69.83	67.16
90.92	87.18	97.38	109.03	109.54	83.08	119.41	93.06
43.66	41.97	40.75	44.08	41.7	40.38	41.03	43.89
30.19	31.46	28.71	26.57	31.85	32.25	28.52	32.99
16.76	22.9	20.08	19.48	23.09	19.85	23.48	23.97
17.53	21.51	20.17	21.64	22.7	19.89	17.77	20.84
24.61	22.67	26.58	22.61	23.63	27.13	25.42	25.97
14.96	14.38	16.96	14.55	17.14	15.49	15.85	15
3.06	3.85	2.47	2.73	2.69	3.18	2.68	2.89
120.34	124.88	124.04	131.75	108.49	114.68	128.36	114.11
6.03	6.76	6.32	5.86	6.13	5.75	7.35	6.51
9.69	10.75	10.42	9.18	8.72	10.23	10.01	9.41
19.88	15.7	14.57	16.43	19.27	16.54	17.53	19.31
44.09	28.39	37.6	39.11	38.29	38.08	34.78	33.93
5.5	5.77	5.22	5.48	5.59	4.5	4.8	5.71
6.51	7.16	7.36	7.38	8.41	7.41	8.12	8.61
55.3	48.31	49.78	47.67	41.76	45.27	41.69	45.44
61	63.1	52.35	52.54	54.54	60.52	58.26	53.01
90.77	107.81	73.17	87.23	66.07	83.67	71.34	81.21
33.08	32.44	45.04	37.35	39.36	37.52	34.01	37.9
18.56	16.31	21.81	16.98	17.93	19.67	18.37	18.99
36.81	33.81	39.82	37.6	35.13	41.53	41.31	36.43
92.56	85.3	92.52	102.92	88.52	73.17	103.96	65.13
6.43	7.34	6.68	6.26	6.15	7.12	6.6	6.41
6.19	6.29	6.28	6.38	6.34	6.58	5.71	6.17
45.15	45.78	53.46	57.67	56.28	53.49	47.75	50.9
17.29	16.94	17.74	17.74	20.18	15.76	16.78	18.23
19.16	24.56	15.69	20.39	19.99	19.18	19.46	20.61
62.69	50.97	45.14	48.2	55.04	69.62	51.88	52.14
7.06	6.23	6.32	6.32	5.8	7.91	6.97	6.81
28.57	29.94	31.44	28.97	33.61	33.14	30.37	29.09
34.55	40.54	35.29	29.88	37.8	34.84	32.07	28.79
17.38	13.68	15.88	17.16	16	16.02	14.69	16.16
9.47	10.71	8.4	9.39	10.16	11.07	9.84	10.77
3.28	3.44	3.95	3.2	3.95	2.96	3.54	2.92
35.02	35.08	39.12	37.3	33.81	35.53	41.47	30.96
21.77	19.02	22.76	19.64	21.38	20.37	19.14	17.68
16.09	14.34	13.2	15.63	11.19	13.3	14.67	13.24
19.1	20.56	18.05	19.18	14.05	18.53	20.5	20.88
34.59	35.12	41.12	41.1	37.58	39.81	39.84	37.92
72.01	81	79.41	57.84	75.35	70.15	69.45	72.18
36.51	36.94	38.57	32.42	38.9	34.01	31.2	35.56
48.74	36.91	40.65	46.03	42.03	45.17	36.03	39.75
61.55	51.38	66.09	59.66	65.69	58.55	49.55	63.13
32.59	31.23	27.35	24.56	28.28	26.63	24.72	30.67
3.07	4.24	2.97	3.6	3.91	4.25	3.56	3.85
9.55	6.89	8.22	7.44	9.55	8.4	6.98	7.72
61.8	50.83	53.96	60.93	56.69	50.78	52.42	53.52
9.6	12.64	13	13.99	12.16	10.45	13.05	12.63
8.09	7.7	8.55	6.6	9.15	8.8	8.57	7.72
5.35	4.72	4.59	5.14	4.34	4.15	4.7	4.52
16.93	18.31	18.33	20.64	16.85	17.8	18.78	21.02
28.02	23.7	27.89	27.1	26.88	24.62	25.92	28.61
67.19	68.84	63.27	69.51	64.63	70.18	64.97	64.13
1.62	1.67	1.81	1.76	1.68	2.21	2.03	2.38
8.04	8.78	7.77	8.86	8.63	8.98	7.87	8.12
18.06	16.28	14.83	20.16	19.94	18.68	20.03	17.29
6.28	6.14	6.4	6.76	6.52	6.91	6.09	6.48
13.32	14.42	14.7	13.79	13.31	13.73	11.99	13.16
78.68	78.1	79	75.78	82.76	73.56	75.29	73.27
27.19	25.07	24.99	24.44	26.28	28.36	23.38	22.03
5.14	5.24	5.2	5.46	4.96	4.87	5.77	5.15
104.53	96.97	96.32	122.84	101.21	106.12	114.4	91.62
9.82	11.25	10.56	10.44	10.74	9.06	9	12.08
67.48	74.28	76.22	77.67	81.52	89.89	66.9	76.75
44.04	55.39	49.3	51.66	47.22	45.66	48.46	45.85
33.91	36.43	38.24	35.02	35.18	31.03	39.01	32.61
1.29	1.28	1.28	1.31	1.3	1.28	1.25	1.28
3.96	3.91	4.11	3.93	3.26	3.34	4.56	3.2
3.12	4.32	2.85	3.24	3.28	3.44	3.98	3.52
1.46	1.17	1.31	1.46	1.24	1.54	1.38	1.37
17.1	14.65	14.93	16.03	16.18	17.72	15.81	15.82
30.27	30.07	26.55	28.65	26.95	28.45	39.37	33.75
42.95	61.68	58.63	55.01	51.08	53.39	64.21	50.61
39.02	46.75	51.31	50.05	46.52	41.01	42.76	50.06
8.66	7.68	8.89	8.06	9.52	7.22	7.95	7.41
12.98	14.88	15.81	13.15	13.73	13.9	12.93	13.17
40.76	35.16	37.03	39.8	39.7	33.63	41.5	39.11
29.97	26.61	28.33	33.15	27.57	25.44	27.07	28.63
25.23	21	26.52	27.41	24.84	25.42	26.94	22.36
3.23	2.27	2.35	2.27	2.29	2.24	2.51	2.73
26.95	30.36	26.32	23.42	28.91	22.01	27.48	24.5
36.22	36.74	30.51	31.34	30.86	40.14	40.31	36.68
3.34	3.48	3.25	3.47	3.57	3.24	3.34	3.15
8.81	10.67	8.88	10.36	9.25	9.73	10.53	11.89
75.45	58.27	59.84	61.33	76.03	68.13	59.24	61.55
4.91	5.38	5.11	5.12	5.09	4.3	4.58	5.09
15.52	14.72	13.51	12.21	13.04	11.43	14.07	12.86
4.23	3.86	4.06	3.75	4.59	3.98	4.14	4.13
49.05	45.09	50.99	38.92	45.1	48.84	44.55	50.97
21.85	18.98	20.7	23.44	21.13	24.27	18.95	21.95
15.7	16.65	14.57	15.32	14.68	14.05	15.96	15.86
9.38	10.72	8.4	9.05	8.71	11.63	10.7	8.53
1.15	1.18	1.15	1.19	1.16	1.12	1.18	1.14
74.54	75.59	79.48	65.48	70.35	61.72	60.71	69.33
61.31	57.2	68.45	70.02	77.02	78.63	62.37	61.89
12.24	12.63	13.86	12.71	12.23	14.75	13.35	15.47
25.49	26.66	31.15	27.32	27.29	33.34	32.65	29.53
80.41	98.29	88.84	95.1	92.41	90.99	86.58	94.52
7.24	7.31	6.54	6.18	7.26	7.61	7.21	7.55
15.44	12.9	15	13.51	14.5	10.96	12.76	12.86
10.65	11.39	10.64	10.71	10.76	11.5	9.89	10.15
43.9	41.57	40.88	33.03	40.31	39.53	30.95	39.91
37.68	42.4	43.44	36.82	40.54	39.04	40.51	40.98
4.52	5.03	5.09	4.8	4.61	5.38	5.04	5
35.96	35.15	33.04	34.78	29.54	29.94	28.12	30.8
18.86	18.94	17.76	20.76	25.01	21.23	20.44	19.9
20.72	15.61	18.28	17.89	15.64	16.04	20.54	19.94
48.03	38.9	50.51	34.22	40.04	40.75	41.26	40.08
7.34	7.93	8.96	7.86	7.3	7.62	6.49	7.85
3.55	2.78	2.82	3.05	2.68	2.69	2.78	2.89
20.01	23.88	25.43	24.11	23.17	22.15	20.34	26.52
1.76	1.61	1.77	1.63	1.68	1.77	1.65	1.76
26.85	28.97	35.11	27.15	23.36	31.69	27.68	26.25
18.24	21.35	20.73	15.4	16.38	15.76	17.93	16.71
16.12	17.09	17.66	14.04	16.43	14.36	15.17	14.26
8.99	10.07	11.68	9.81	9.56	9.46	10.33	11.72
3.21	3.76	3.08	2.99	3.2	3.36	2.95	3.11
40.9	38	31.98	46.51	30.35	35.68	40.43	34.2
24.71	29.04	28.42	25.12	27.36	30.7	28.45	26.72
2.07	1.83	2.11	2.23	2.27	1.75	1.86	1.89
4.19	4.05	4.05	4.12	3.74	3.38	4.55	4.07
14	12.85	13.06	12.63	13.43	12.89	10.64	13.96
16.81	14.84	13.87	12.37	13.89	13.94	18.46	13.58
19.59	20.97	18.57	18.37	21.34	21.69	19.45	17.9
32.96	32.77	39.42	25.8	38.53	28.69	32.11	32.65
23.81	22.56	21.84	22.82	20.53	22.21	23.32	23.36
6.85	5.52	5.81	6.51	7	7.01	7.3	5.24
4.26	4.77	5.26	5.19	4.47	4.49	3.84	3.42
15.11	19.55	21.05	21.61	21.24	21.31	19.04	18.65
12.44	10.98	10.99	12.82	11.33	12.95	11.62	12.81
13.07	12.89	11.46	12.92	15.12	14.6	13.41	14.19
32.53	28.76	28.27	32.25	25.04	30.68	29.27	29.02
43.89	54.53	41.22	49.44	56.68	47.88	58.49	54.18
7.76	9.42	7.84	9.98	9.95	9.15	10.96	9.6
45.32	50.15	52.02	51.34	52.13	46.92	49.28	38.09
74.05	64.75	64.49	90.03	74.8	67.06	72.66	62.53
24.03	29.09	27.5	31.43	21.22	26.35	23.04	27.77
9.43	7.93	8.41	9.16	7.01	7.34	8.23	7.7
7.25	7.58	5.84	6.62	6.31	6.71	6.31	6.75
3.75	3.43	3.34	3.37	3.21	3.42	3.46	3.54
12.25	11.39	12.39	12.62	9.96	10.06	11.92	8.74
10.24	11.94	11.52	10.82	11.65	12.49	11.95	10.57
35.63	43.51	36.78	37.39	46.26	42.35	35.49	37.16
8.82	7.54	8.61	6.86	8.01	7.22	7.47	7.85
165.86	157.69	167.32	174.61	183.59	180.47	172.57	191.18
48.81	49.15	52.01	53.64	49.13	54.29	50.22	52.41
50.79	47.08	55.99	51.42	47.86	57.45	57.15	48.77
24.79	24.3	19.1	24.11	25.81	22.45	22.28	20.45
20.02	23.88	22.42	25.65	19.99	33.08	22.08	19.32
68.01	72.87	68.29	77.61	70.62	66.63	75.04	62.05
53.79	52.6	50.48	55.47	43.39	43.62	54.53	54.26
63.92	63.28	58.33	74.46	72.39	69.7	72.63	71.22
45.29	45.77	44.3	45.42	47.96	34.26	41.24	44.69
11.27	9.87	8.63	8.55	8.4	7.83	9.24	7.52
51.22	47.36	46.11	44.11	44.43	50.12	47.36	41.62
9.43	7.54	9.78	9.09	8.81	10.57	7.45	8.49
75.77	79.14	69.77	77.98	71.36	73.73	90.81	67.55
3.52	3.43	3.92	3.43	3.41	3.83	3.9	3.65
1.5	1.45	1.52	1.47	1.51	1.52	1.44	1.53
65.61	50.94	55.92	68.95	54.23	67.57	58.21	54.49
82.61	64.34	72.78	71.13	67.84	72.76	69.25	63.35
37.96	36.85	40.47	38.2	35.41	35.61	41.26	42.16
10.16	10.26	13.11	9.06	11.59	11.67	9.76	10.31
22.52	20.63	27.66	25.39	21.08	23.07	23.46	22.59
34.34	36.82	38.16	39.72	33.66	36.41	36.87	42.43
9.24	11.9	11.28	10.07	12.64	10.86	10.79	12.12
18.41	24.48	21.11	20.37	20.83	18.26	19.27	18.87
3.98	3.38	3.3	4.08	3.78	3.43	3.25	3.34
34.01	33.65	39.21	40.27	35.28	34.07	39.85	36.66
13.09	13.56	10.9	10.9	13.87	15.49	9.1	10.18
68.26	77.49	71.13	85.17	75.35	73.57	76.84	84.61
7.72	8.67	8.97	7.81	7.64	8.97	7.6	8.64
34.31	30.74	30.73	31.77	32.25	33.55	32.97	26.99
30.14	30.33	35.2	28.03	31.26	30.33	29.54	33.79
23.76	23.98	25.79	23.91	24.61	24.81	25	24.27
21.08	33.37	25.82	26.83	17.65	26.22	25.73	21.73
23.49	22.33	24.53	25.61	25.93	20.36	23.43	23.68
49.28	47.33	51.33	42.74	44.53	38.02	49.55	52.47
13.25	15.37	17.82	16.98	14.85	16.81	16.82	17.9
1.39	1.36	1.35	1.36	1.38	1.4	1.35	1.4
21.4	18.04	17	19.89	18.54	20.2	20.3	16.34
14.95	14.16	14.97	13.75	15.66	16.75	18.37	18.6
25.04	30.95	31.8	29.28	30.34	28.03	25	29.07
65.63	80.77	82.14	79.15	71.3	72.74	84.08	61.07
5.7	6.4	4.82	5.81	4.97	5.61	6.3	5.66
10.36	10.6	9.36	10.32	9.66	9.28	10.5	10.3
29.8	19.84	25.85	20.56	22.24	24.87	24.65	20.32
17.6	18.54	15.5	18.9	15.49	14.38	16.07	15.49
11.83	13.05	12.18	10.87	9.97	12.09	10.81	12.07
10.73	12.08	11.87	12.9	13.02	11.26	11.44	11.56
5.88	5.51	5.41	5.18	5.72	4.68	5.57	4.97
47.81	57.96	48.01	49.33	52.87	53.59	54.2	45.65
15.12	14.35	17.93	13.88	15.25	13.82	13.15	15.75
31.61	21.56	33.54	31.19	31.31	20.97	32.41	30.42
52.34	53.86	51.48	52.53	58.54	49.68	49.63	50.37
6.86	6.43	6.04	7.26	6.29	7.4	7.57	5.92
21.59	20.81	21.47	27.21	21.95	28.3	23.81	24.57
43.43	45.26	44.19	36.54	43.12	39.71	41.1	39.09
27.63	31.26	33.43	31.21	30.85	28.48	27.42	34.43
8.17	9.26	7.08	7.59	8.63	7.85	8.47	8.73
101.48	105.47	116.27	107.7	100.26	99.82	104.77	120.55
69.52	78.13	73.6	74.44	75.14	61.17	65.45	55.85
8.79	10.18	8.76	8.24	10.65	9.28	9.56	10.22
21.13	30.86	25.3	25.58	21.61	28.08	22.33	22.78
7.21	7.21	6.63	8.35	7.28	7.26	5.22	7.59
50.22	54.01	51.61	41.78	40.11	43.49	51.53	45.45
20.56	21.23	16.25	17.45	20.32	20.17	18.55	15.18
23.96	28.37	22.16	27.75	28.61	25.39	25.75	25.13
42.93	47.16	42.97	39.2	39.87	35.28	43.43	40.91
6.98	7.34	7.86	5.81	6.93	6.17	8	6.72
8.38	9.66	10.07	8.71	8.87	9.73	9.04	10.69
8.78	9.12	9.93	6.86	8.36	10.25	10.73	9.36
133.38	140.22	154.56	138.76	139.51	125.28	112.84	133.76
7.89	8.68	8.15	8.75	8.62	7.91	9.19	8.2
5.76	6.2	5.29	4.94	5.82	6.39	5.71	5.84
48.67	57.93	55.59	56.38	59.35	50.83	59.92	51.39
4.85	5.07	5.97	4.52	5.49	4.06	4.82	4.47
48.16	40.82	47.58	51.59	43.39	43.13	52.11	66.89
23.27	22.31	24.39	24.38	24.98	22.1	23.6	25.01
22.86	17.66	21.28	25.83	22.9	21.19	18.74	18.49
14.28	11.85	14.18	16.77	14.68	15.24	15.34	15.28
65.46	62.26	73.84	72.74	72.04	52.8	65.64	65.97
21.27	22.78	21.15	20.11	21.6	18.9	20.58	18.96
47.5	63.46	54.72	49.34	59.52	54.4	66.76	59.07
12.41	8.04	10.91	9.95	11.71	10.82	9.76	11.74
38.31	32.56	31.72	33.9	34.33	34.26	33.86	35.21
1.69	1.66	1.79	1.51	1.38	1.71	1.74	1.71
14.63	15.82	13.45	12.53	13.23	15.54	17.88	14.32
1.76	1.76	1.61	1.49	1.74	2.09	1.78	2.02
1.07	1.16	1.1	1.99	1.09	1.09	1.12	1.13
20.96	22.7	21.51	17.46	17.39	19.89	21.1	21.91
44.02	51.6	45	45.82	44.56	36.4	40.53	40.2
18.43	17.39	18.06	17.26	21.76	21.35	17.25	23.08
44.71	39.37	49.19	43.07	36.62	45.61	37.25	40.13
25.03	26.14	25.91	24.65	22.63	28.5	29.25	24.75
48.27	42.69	44.3	45.5	44.27	45.94	37.77	43.38
13.14	13.79	11.03	11.95	12.66	14.02	13.14	15.09
114.54	93.74	89.45	103.5	93.99	102.57	101.71	112.81
38.28	49.84	43.92	34.07	42.39	41.45	38.5	38.96
6.59	6.91	8.49	8.29	6.27	7.63	5.8	6.4
6.24	7.38	7.61	7.4	6.3	6.93	6.87	7.01
20.75	23.44	20.02	20.78	19.05	21.29	21.37	22.67
85.39	76.28	69.23	85.63	73.2	76.25	82.09	74.72
16.21	15.26	17.05	17.98	12.48	14.57	13.55	12.92
8.64	10.09	9.42	7.68	7.12	9.3	7.55	8.34
7.64	9.34	7.36	8.01	7.82	7.37	7.65	9.84
35.99	39.82	42.63	42.74	45.03	39.76	37.01	35.24
27.73	27.98	33.19	22.71	26.85	26.35	23.93	28.24
15.93	20.09	20.12	16.93	18.52	16.29	17.9	20.72
10.64	11.31	9.48	9.68	10.35	11.46	8.97	8.88
50.33	49.19	54.05	54.53	54.44	52.13	58.42	51.38
62.48	49.85	58.68	54.45	61.77	57.56	53.77	54.61
21.95	23.32	16.73	20.51	21.16	20.49	19.25	23.64
17.89	16.12	19.25	16.35	16.16	17.17	19.47	15.41
1.48	1.7	1.46	1.57	1.34	1.49	1.75	1.45
21.86	19.96	19.58	22.67	19.29	18.68	17.27	15.87
12.49	10.09	11.99	12.84	12.45	12.69	10.59	12.49
11.04	10.85	13.06	12.07	11.48	11.68	12.9	10.69
16.48	18.43	11.75	13.64	17.3	15.58	15.27	14.26
14.13	13.33	11.81	15.54	14.56	13.22	12.79	13.76
18.42	18.84	17.51	20.71	17.73	16.19	16.98	20.68
43.24	36.35	43.04	54.13	39.25	41.84	39.21	40.57
89.56	92.77	73.47	93.4	69.61	77.03	70.88	69.88
12.5	9.17	10.26	9.25	13.92	12.31	11.33	10.32
4.06	3.62	3.83	3.77	4.17	3.66	3.53	4.4
6.76	6.48	6.8	8.13	7.06	6.3	6.25	7.14
55.12	48.24	52.49	40.27	51.83	59.83	56.19	52.31
19.49	17.08	21.3	18.49	15.61	15.54	16.34	17.57
62.57	60.68	64.65	65.62	58.07	59.31	69.47	76.11
18.64	19.45	20.73	19.38	19.92	20.95	19.22	18.31
1.65	1.27	1.28	1.31	1.32	1.41	1.02	1.5
8.63	7.53	8.91	9.36	10.17	7.94	9.33	9.69
17.2	14.58	17.55	19.06	17.25	15.16	15.14	14.07
38.07	37.84	36.66	37.28	43.29	36.6	35.78	43.87
11.67	13.99	13.08	11.09	11.11	11.04	12.99	10.17
32.96	34.32	39.52	30.26	36	32.82	34.29	40.16
11.07	8.76	11.09	10.7	12.06	10.75	13.46	11.63
18.78	20.33	22.94	17.8	22.56	23.93	21.66	19.81
14.08	13.42	11.99	15.13	14.44	11.75	13.02	13.34
16.98	22.56	19.44	17.99	19.41	17.74	21.7	21.34
47.82	49.44	50.76	52.54	47.54	46.83	43.96	48.36
49.57	42.83	41.13	51.42	42.07	36.97	40.95	38.77
61.04	64.35	72.45	57.16	59.43	58.54	50.71	56.94
60.52	62.2	51.72	62.1	50.59	66.4	57.74	61.08
49.4	47.69	49.36	48.26	53.32	45.1	53.13	50.16
68.42	61.11	69.8	78.18	79.2	66.65	67.59	67.43
1.59	1.33	1.48	1.3	1.3	1.23	1.34	1.62
24.14	21.66	24.45	25.89	30.1	22.05	23.99	29.33
16.3	16.21	14.05	14.45	16.3	15.17	13.83	14.78
17.58	20.08	18.15	15.05	16.61	15.67	22.17	20.18
36.83	42.91	41.62	37.96	40.49	38.08	48.05	37.64
9.19	9.17	10.24	8.6	9.19	7.86	7.34	8.85
3.13	2.85	2.48	2.73	3.09	2.48	2.72	2.81
44.53	39.52	38.62	37.98	38.43	36.58	39.01	42.05
89.59	106.04	91.12	89.74	99.61	102.35	87.85	84.07
49.73	57.47	60.58	49.35	44.74	55.89	58.36	48.78
25.78	23.06	25	21.58	24.37	22.9	25.94	24.79
12.1	15.03	16.96	14.66	11.42	11.72	14.52	14.43
16.13	18.19	21.93	19.92	22.2	19.34	20.86	21.33
1.27	1.29	1.25	1.27	1.25	1.27	1.29	1.26
45.73	45.64	52.04	53.54	53.88	57.48	56.17	57.69
73.8	87.94	77.01	90.34	68.98	82.5	80.78	75.7
1.03	1.04	1.03	1.04	1.03	1.03	1.03	1.03
89.63	78.29	65.81	105.97	80.49	83.34	89.99	90.52
23.56	24.24	25.72	23.22	21.68	25	26.08	27.49
39.64	40.88	38.35	45.8	44.95	46.76	41.57	38.92
12.38	14.52	13.41	13.33	13.88	13.66	13.52	14.05
13.71	12.25	14.04	12.53	13.8	11.49	11.24	11.74
31.65	26.88	25.36	33.93	30.98	27.07	28.57	30.58
66.34	70.04	66.53	74.49	65.93	72.05	63.29	68.19
41.49	37.69	38.4	34.53	45.13	35.95	35.91	37.33
11.8	12.7	12.23	13.28	12.76	11.57	12.16	9.44
20.77	21.45	19.25	24.75	20.24	21.54	22.41	21.17
42.34	44.93	48.62	43.59	46.61	35.46	48.79	52.5
62.43	73.28	52.24	58.28	51.47	53.11	69.32	51.81
12.09	11.78	10.7	12.09	16.44	13.32	11.95	13.9
30.85	30.25	25.94	31.02	27.19	37.29	30.49	32.33
21.98	22.3	21.81	20.2	17.14	20.66	22.71	20.9
13.68	10.93	13.94	14.08	13.94	14.57	13.59	15.41
1.18	1.39	1.13	1.46	1.09	1.42	1.28	1.21
18.98	17.46	15.57	14.98	19.57	15.83	18.14	16.71
50.33	53	53.5	52.94	60.11	46.77	44.52	48.77
63.87	97.2	70.68	77.57	62.79	74.23	73.99	57.39
1.56	1.57	1.64	1.56	1.58	1.56	1.62	1.59
5.08	5.42	6.3	4.96	6.28	5.52	4.73	5.47
16.11	12.41	12.86	13.67	14.3	15.54	14.36	13.66
73.24	60.85	59.32	56.89	68.84	65.62	66.78	50.44
36.08	26.11	25.83	29.82	33.32	32.57	34.89	35.44
1.99	1.01	1.96	1.81	2	1.15	1.04	1.09
9.62	9.98	10.5	10.1	10.21	10.15	10.72	9.88
13.29	15.5	14.7	16.79	13.31	12.21	14.28	13.42
62.35	60.13	54.42	47.23	51.43	59.85	68.5	53.8
7.1	6.73	7.54	7.65	7.19	6.05	7.18	6.7
108.71	89.46	115.64	97.96	90.92	103.37	93.3	99.04
83.76	86.55	89.64	78.99	90.12	93.08	88.4	81.73
36.13	40.83	48.05	44	37.83	42.57	43.23	46.96
6.9	7.63	7.46	6.21	7.23	7.17	5.6	6.71
22.76	18.61	17.16	14.72	21.28	20.56	20.13	15.96
39.61	38.18	34.22	46.07	41	39.3	41.17	44.47
1.76	1.44	1.58	1.65	1.61	1.82	1.4	1.18
5.39	5.03	6.59	5.16	6.36	6.6	4.78	5.68
56.21	42.77	56.66	60.45	55.35	45.39	62.16	64.47
30.19	28.77	28.94	32.93	29.7	31.11	30.26	29.41
107.15	106.51	126.26	102.8	100.65	117.64	125.13	129.45
34.74	35.86	37.52	34.5	33.83	39.07	32.94	32.89
35.42	31.04	35.69	29.75	26.82	29.51	31.44	29.54
26.04	24.02	24.99	28.89	30.16	27.07	26.74	27
3.08	2.9	3.02	3.04	3.18	3.16	2.98	3.06
23.32	23.14	25.66	22.24	21.61	20.28	27.34	21.49
57.51	60.49	62.29	65.53	46.25	57.39	57.05	62.35
13.52	12.31	13.91	16.82	15.23	12.2	13.3	12.72
24.73	20.18	25.83	20.95	19.59	25.23	18.27	22.74
20.8	25.81	25.71	25.59	24.29	21.55	21.49	26.89
45.34	41.07	41.22	38.24	40.93	34.16	41.68	43.16
137.41	141.17	131.97	113.36	127.26	131.91	139.98	165.24
81.85	71.68	59.11	82.22	63.49	81.6	66.54	69.73
29.21	26.44	30.6	27.94	32.3	34.07	26.56	28.39
11.1	9.83	8.62	8.62	9.08	7.99	9.6	10.17
23.99	23.54	23.98	19.45	22.81	23.06	21.99	18.49
60.38	56.96	56.5	64.81	63.6	58.21	53.55	69.78
68.15	77.5	69.57	62.43	78.07	68.65	57.51	66.13
4.95	5.78	5.99	5.38	5.5	5.81	6.15	5.77
29.93	26.42	25.39	27.36	25.99	30.76	27.82	26.3
42.03	39.53	43.43	42.39	42.47	41.67	46.48	42.16
11.9	9.75	9.43	11.69	9.27	10.17	12.25	8.92
81.88	83.87	85.87	81.46	77.54	69.83	96.71	89.83
50.23	61.8	49.93	55.27	52.85	55.15	50.3	50.2
50.41	46.12	54.48	53.93	52.16	54.64	52.89	57.06
22.94	20.55	23.81	25.57	25.03	25.76	19.28	21.42
28.34	32.18	35.57	28.91	24.6	25.05	25.5	25.44
15.65	13.74	12.64	16.15	11.34	12.21	13.17	12.77
16.07	13.56	14.8	13.31	11.64	15.15	13.52	14.38
24.53	23.32	24.85	25.54	25.79	22.16	19.89	24.04
19.23	21.12	17.38	18.38	18.71	19.68	17.9	21.38
11.69	11.87	13.76	13.02	13.58	14.08	14.44	14.62
13.47	10.9	11.2	15.21	12.47	11.01	10.2	14.06
72.6	100.34	78.99	84.37	87.22	86.47	71.67	75.44
2.7	3.41	2.9	3.75	4.02	3.61	2.97	4.41
6.93	7.43	7.05	6.52	7.38	7.34	6.83	6.76
21.39	17.19	15.33	14.79	15.41	16.92	17.81	21.3
53.78	48.41	62.29	59.87	49.74	53.08	60.05	62.78
41.42	49.2	48.25	40.93	47.7	43.77	42.91	42.74
19.9	24.78	22.71	22.69	22.63	20.84	19.3	23.5
4.89	5.1	5.09	4.92	5.99	5.42	6.08	4.86
21.44	16.98	24.41	17.79	21.58	17.73	22.19	19.8
4.87	4.41	4.72	4.92	5.42	4.3	5.01	4.34
44.42	50.14	41.28	42.59	45.3	48.24	44.16	41
141.48	124.92	109.95	139.37	114.97	93.93	158.51	131.34
9.92	9.46	9.84	11.95	9.89	11.44	10.77	11.74
10.21	8.25	9.67	11.7	9.26	10.57	9.61	9.69
8.9	7.38	8.33	7.43	8.14	8.96	7.84	7.47
51.62	58.43	53.39	57.23	53.93	60.57	59.32	58.39
12.28	15.35	15.5	12.65	15.47	14.87	12.05	12.81
9.43	9.28	9.81	11.08	10.17	10.42	10.61	11.88
71.5	83.18	76.89	76.96	80.69	82.44	85.57	94.6
6.61	7.02	6.01	7.34	7.06	7.72	7.67	6.69
13.7	11.81	11.99	13.5	11.31	11	11.24	12.22
12.33	11.4	14.11	14.12	11.44	12.8	11.04	14.33
29.35	28.71	28.34	23.45	28.4	35.14	30.01	22.66
37.15	41	41.05	38.53	52.76	33.22	42.55	46.26
27.16	25.87	23.64	27.06	21.83	22.42	28.94	28.1
34.05	37.92	42.95	41.08	39.23	32.73	32.68	35.45
5.36	5.12	5.38	4.95	4.84	4.81	5.02	5.06
13.58	11.43	11.83	12.25	12.91	13.4	12.12	12.4
100.62	91.7	133.58	128.78	104.6	120.01	111.87	100.91
19.69	24.37	20.62	19.54	19.31	16.65	18.45	18.03
10.95	9.71	10.16	12.39	10.93	10.92	10.24	10.46
2.74	2.59	2.68	2.14	2.27	2.8	2.57	2.57
50.51	54.34	49.87	45.05	52.13	55.52	50.42	61.95
69.14	68.89	59.5	66.34	57.75	60.71	63.6	66.46
31.28	39.43	36.51	37.73	37.57	34.21	38.26	36.69
7.34	7.56	7.07	6.19	7.32	6.16	7.75	7.3
31.32	37.11	37.23	37.89	33.95	38.69	39.75	38.06
30.82	25.73	24.86	21.23	21.89	23.86	29.01	19.66
3.54	3.95	3.96	4.78	3.66	3.48	3.79	3.68
19.82	23.51	22.8	25.1	21.83	22.41	22.34	23.97
10.23	9.98	8.12	9.49	9.87	10.98	7.8	9.2
1.65	1.52	1.72	1.69	1.65	1.54	1.53	1.67
48.2	49.36	57.73	39.68	47.45	47.68	45.04	44.39
16.4	16.36	14.66	16.46	14.08	13.75	13.46	14.39
44.58	40.56	48.41	46.68	35.34	42.13	45.61	45.31
3.88	4.23	4.34	4.31	4.14	4.34	3.77	4.15
3.52	3.22	3.54	4.14	3.88	3.65	3.15	3.22
18.02	21.94	16.71	20.6	22.94	19.82	16.9	21.57
4.57	4.83	4.68	4.35	4.47	4.2	4.66	4.21
79.5	89.85	84.58	92.11	75.55	74.01	90.87	97.36
13.91	16.88	15.66	16.13	16.67	15.29	12.61	16.26
12.61	12.45	10.66	12.22	12.25	10.51	16.49	14.11
4.44	4.01	4.07	4.37	3.94	3.86	3.5	3.83
35.26	37.11	35.65	36.83	33.99	36.93	39.68	40.78
60.24	64.35	61.23	65.04	56.26	47.68	64.14	48.11
74.39	73.8	82.98	92.36	79.48	74.45	93.72	86.93
77.5	67.4	71.24	62.97	67.77	59.27	74.79	59.61
34.47	32.97	33.24	39	35.75	33.76	34.92	33.53
43.42	42.78	33.78	42.3	33.26	37.91	42.35	38.78
78.47	62.14	74.4	83.52	69.72	75.48	78.5	81.86
18.99	17.16	18.94	18.5	16.63	19.7	17.28	17.08
33.21	35.2	34.1	34.72	28.33	35.2	32.97	37.15
7.42	7.58	6.95	6.49	5.47	6.05	6.55	7.32
75.23	65.9	76.7	76.79	70.42	69.74	69	75.64
23.54	23.99	19.05	17.66	17.28	23.14	19.8	18.61
8.63	9.7	8.57	8.52	10.02	9.13	10.05	10.64
31.96	34.75	31.36	40.7	37.48	36.56	34.35	37.91
17.26	18.37	20.11	17.59	16.45	17.93	15.58	15.95
18.87	14.44	17.36	18.76	19.59	16.6	17.57	19.5
26.67	24.75	23.8	24.96	21.32	21.47	24.97	21.2
33.57	25.6	28.6	31.41	35.07	33.05	30.33	29.07
68.56	64.74	64.38	63.52	54.8	58.32	62.39	66.37
24.85	23.91	27.86	21.64	24.98	26.02	23.75	23.31
26.33	23.44	27.53	25.82	29.6	26.68	28.16	31.39
16.96	16.75	17.5	16.64	17.09	14.2	17.46	13.53
19.98	22.23	20.76	21.07	18.92	21.28	22.05	24.85
3.81	3.87	3.9	3.4	3.72	4.14	4	3.44
64.73	59.21	60.01	64.61	66.75	63.77	69.77	57.3
94.51	101.38	104.31	92.37	97.92	96.16	96.88	89.97
79.94	71.42	85.24	74.2	74.47	68.85	77	73.74
45.99	49.45	56.24	46.21	47.92	40.14	52.86	55.22
1.84	1.99	2.06	1.81	2.65	2.03	2.01	1.99
31.46	26.4	27.78	23.24	24.86	23.94	25.86	24.23
24.55	26.3	22.62	25.96	22.38	27.24	19.58	22.61
65.8	49.82	65.39	63.44	68.29	62.25	68.28	59.85
27.6	35.85	32.29	34.37	32.32	29.62	29.91	31.2
117.25	116.13	116.38	117.38	109.35	112.18	106.61	93.58
17.31	16.28	16.58	15.48	18.97	16.43	17.85	18.77
10.9	14.15	14.8	12.23	13.38	15	14.97	14.53
34.92	29.14	31.53	28.31	35.07	33.21	28.61	28.97
17.98	18.71	17.98	14.86	16	16.8	19.53	17.43
48.35	45.3	50.34	40.96	45.87	47.8	48.2	54.73
19.7	22.36	23.41	22.42	24.26	21.46	26.9	23.89
14.1	13.47	12.97	9.07	11.73	11.84	12.63	12.48
29.16	28.27	30.35	29.26	20.34	25.47	26.28	32.08
26.61	25.15	24.67	28.74	22.74	28.24	25.45	28.67
18.99	21.15	20.68	21.1	18.59	18.61	18.7	20.35
56.67	52.19	48.12	46.91	50.19	62.53	55.52	51.21
30.38	29.4	36.82	31.89	34.89	31.45	33.19	31.29
12.26	12.93	13.82	12.72	14.58	13.04	13.02	12.19
15.75	15.65	13.74	16.21	18.19	16.48	14.67	16.22
18.12	18.11	17.31	16.73	19.77	18.11	20.56	19.19
37.56	34.67	31.63	33.05	30.05	34.34	38.84	28.77
12.59	9.33	8.88	10.25	8.41	11.34	10.79	11.6
9.2	11.03	8.27	9.87	11.21	9.64	10.12	10.69
6.54	6.72	8.96	7.5	7.84	8.14	7.12	7.44
127.47	112.64	141.66	116.29	141.75	160.92	158.49	138.18
11.23	11.62	12.92	11.67	10.87	10.61	10.99	10.95
25.63	24.16	28.28	25.59	26.64	24.55	28.61	24.11
3.07	3.18	2.47	2.8	3.49	3.12	2.99	3.44
118.96	105.56	111.43	92.02	112.61	95	97.53	135.93
4.31	4.48	3.76	5.64	4.55	4.96	4.12	4.85
34.82	39.28	45.12	47.01	38.96	37.77	37.01	35.03
44.58	45.21	41.01	40.5	38.77	43.61	38.08	38.25
21.9	22.64	21.46	28.64	19.44	24.4	19.25	23.93
13.43	13.43	15.77	12.77	13.73	12.71	13.94	14.2
17.93	15.48	17.12	12.1	18.72	18.46	19.65	16.47
1.76	1.68	1.6	1.48	1.43	1.67	1.73	1.45
27.95	27.03	34.09	27.21	28.14	29.76	27.63	27.74
2.65	2.11	2.63	2.02	1.79	1.99	2.35	2.16
7.01	5.48	6.36	6.08	6.07	5.72	7.53	7.44
8.99	8.41	9.09	10.08	8.86	8.74	8.85	9.97
57.86	52.72	58.34	58.77	54.39	49.06	47.77	48.35
5.75	5.82	5.03	5.38	5.71	5.46	5.55	6.19
75.91	74.72	72.12	80.4	63.17	71.11	75.11	72.49
9.76	9.96	9.28	9.78	9.65	9.19	8.73	10.98
5.45	5.51	6.14	6.53	6.48	6.12	6.17	6.9
14.56	15.69	15.74	17.5	15.07	17.07	14.88	14.57
42.66	47.13	44.19	40.16	44.59	45.6	42.62	41.47
22.89	26.63	28.97	25.91	22.53	24.48	28.59	22.92
51.08	50.2	56.24	43.97	53.68	49.08	40.49	44.13
7.29	7.7	7.06	9.09	6.12	6.13	6.32	8.48
27.26	29.67	29.31	24.66	24.95	26.01	30.44	35.44
5.68	6.59	5.28	5.95	5.64	6.1	6.83	5.74
35.07	40.18	33.84	36.28	35.84	41.68	42.3	34.4
23.51	20.62	22.69	22.75	19.79	21.28	23.2	24.92
28.23	26.83	25.37	30.46	28.27	37.83	30.97	29.65
27.67	35.13	33.42	27.09	31.22	30.04	26.68	30.84
63.06	72.92	74.38	59.64	57.83	74.09	67.02	67.36
22.93	23.31	22.78	23.83	25.09	23.43	23.66	21.22
9.21	11	13.64	8.44	8.94	10.21	10.9	11.08
1.96	2.05	1.9	1.82	2.09	1.77	2	1.87
52.31	50.03	48.47	47.18	49.08	51.96	57.39	49.4
59.06	70.68	61.8	77.17	65.46	69.83	74.5	81.72
36.58	29.9	35.9	30.37	43.49	40.4	38.44	33.89
9.03	9.44	9.7	11.67	9.84	10.88	11.1	9.75
11.92	10.01	10.59	12.83	10.29	11.25	13.42	9.94
7.08	6.18	7.28	5.27	5.71	5.96	6.57	6.8
22.19	24.53	27.92	23.36	26.13	23.12	24.56	21.07
39	32.65	40.37	35.04	30.04	29.11	32.1	40.22
48.46	47.48	55.89	52.43	47.31	51.44	63.59	59.78
11.49	10.79	13.87	14.26	11.7	12.68	13.83	12.64
20.96	18.75	23.92	23.74	20.7	18.85	19.47	25.43
19.81	17.67	19.31	18.05	17.53	21.7	19.25	17.87
14.86	18.11	20.16	18.65	20.47	18.03	18.54	20.31
14.48	13.52	16.69	15.39	15.64	14.58	13.23	14.82
28.23	32.99	34.05	31.77	35.12	29.06	31.09	32.88
4.8	4.81	4.29	5.39	4.72	5.9	5.27	4.31
32.65	31.12	36.82	38.13	43.25	34.93	35.78	37.14
12.29	12.63	13.05	10.22	10.98	12.59	12.07	11.24
22.51	28.46	22.89	23.4	25.86	24.73	22.02	19.43
23.82	26.72	28.68	24.94	32.62	30.63	25.77	26.95
32.68	27.01	31.8	37.47	33.18	40.11	38.24	24.95
21.22	19.11	23.31	17.78	21.73	15.27	19.37	18.34
2.71	2.92	2.95	3.27	3.06	3.08	3.17	3.34
42.33	38.06	32.06	31.06	37.43	32.87	36.71	36.16
9.71	10.63	9.91	11.43	9.67	9.68	12.15	10.49
36.33	36.41	30.49	29.78	33.49	28.45	31.11	28.98
16.13	15.22	13.34	14.18	14.67	15.16	15.65	16.96
24.73	20.12	18.44	19.77	21.26	18.54	20.21	21.18
47.03	38.1	50.46	48.21	43.23	39.25	37.41	40.75
95.62	84.01	104.07	101.12	91.12	94.18	79.05	97.18
34.7	28.73	26.64	32.66	33.72	33.09	35.99	41.62
45.79	51.22	43.08	41.84	41.28	44.05	48.75	46.51
48.71	39.68	46.16	44.46	46.62	48.28	49.75	49.12
16.83	17.93	15.79	14.87	15.89	18.21	18.1	16.49
14.48	15.48	13.26	14.48	16.03	13.99	11.03	14.36
20.43	17.87	20.46	17.96	20.16	17.88	18.43	17.14
2.56	2.52	2.51	2.9	2.89	2.56	2.73	2.87
2.59	2.59	2.75	2.97	2.94	2.38	2.34	2.62
43.28	48.89	48.39	48.83	48.14	63.39	49.78	52.7
12.12	14.03	14.76	11.66	12.97	12.34	13.63	13.91
5.04	5.55	5.69	4.44	5.26	4.48	4.76	4.41
23.5	19.39	19.06	20.03	16.99	20.37	18.53	20.39
38.29	38.72	40.98	48.57	33.54	35.93	42.69	38.44
19.34	22.25	23.83	16.86	21.79	18.68	20.09	20
19.94	23.44	21.47	26.5	22.56	22.41	20.37	22.64
61.64	69.61	73.91	73.17	60.71	77.07	83.04	69.96
91.5	90.54	81.73	106.71	96.44	95.06	104.75	90.61
27.03	23.6	21.56	23.53	28.15	20.58	21.21	22.98
15.23	17.08	20.79	19.75	20.54	18.72	18.76	20.42
37.05	42.01	43.99	40.46	34.83	38.23	37.1	33.68
49.24	47.83	50.84	52.67	56.54	51.81	50.91	60.93
29.03	35.05	28.27	31.9	33.98	34.84	32.93	29.15
12.81	12.92	14.76	15.61	15.32	13.6	12.46	17.31
53.81	52.17	61.63	68.24	63.24	77.32	65.63	65.37
27.05	27.21	25.9	26.67	26.65	26.57	23.3	26.01
3.12	3.49	2.64	3.21	3.02	3.6	3.57	3.28
90.62	89.77	89.71	90.66	73.2	80.26	76.4	72.96
49.35	55.93	52.17	46.06	46.78	46.7	64.99	55.09
131.39	146.27	138.17	131.73	108.67	154.5	151.41	136.29
92.25	83.92	74	91.47	86.01	89.8	91.17	90.39
9.9	8.86	9.59	9	6.99	9.32	8.12	9.61
150.07	189.04	144.71	120.45	162.25	145.51	165.72	158.55
157.18	158.11	174.45	178.24	191.7	170.4	187.59	181.06
14.88	17.96	15.12	16	18.21	17.06	20.03	19.95
3.3	4.06	3.44	3.24	3.95	3.96	3.35	3.6
43.85	51.61	48.15	45.16	43.4	57.56	40.24	46.01
11.16	8.77	10.05	9.91	8.17	10.17	9.44	10.5
19.34	19.31	18.55	19.97	22.39	18.11	20.72	16.97
32.75	31.18	26.86	29.25	31.64	30.79	36.15	27.61
1.16	1.17	1.18	1.18	1.18	1.16	1.14	1.15
58.05	59.41	50.65	56.41	61.16	54.84	53.41	57.02
19.84	14.13	16.37	19.3	19.78	17.35	17.64	18.16
2.9	3.2	3.49	4	3.07	3.11	3.1	2.92
85.93	77.08	68.27	79.36	81.23	83.39	70.65	68.02
7.55	5.29	6.02	5.17	7.71	7.07	5.51	7.51
36.1	38.02	36.21	29.72	31.27	32.61	41.71	43.39
30.66	21.6	28.93	31.54	27.32	26.61	24.57	23.68
50.92	51.07	41.88	55.7	53.59	44.22	42.56	51.49
43.32	36.7	45.69	49.52	52.32	37.59	39.25	47.85
36.41	34.25	37.32	33.23	37.77	36.38	35.63	35.12
27.09	26.53	28.35	25.59	22.93	24.95	24.07	23.08
4.13	4.38	4.6	4.68	4.53	3.93	4.39	4.27
2.93	3.18	2.69	2.91	2.74	2.71	2.62	3.07
2.62	2.48	2.95	2.32	2.4	2.73	2.53	2.82
38.14	30.7	33.83	39.78	33.81	31.59	36	30.66
46.65	43.22	40.64	45.23	47.34	48.84	44.66	41.89
24.91	29.39	32.14	25.62	28.51	31.13	33.64	29.03
110.94	99.48	125.34	114.53	106.88	116.68	136.37	105.63
11.31	10.29	9.7	13.28	12.52	11.26	12.91	11.7
62.94	61.51	49.85	52.59	60.21	54.05	52.11	57.75
13.84	11.83	12.73	12.14	12.97	9.36	12.96	12.29
45.69	48.58	38.89	44.88	42.02	36.21	36.4	37.72
54.65	52.5	56.1	65.22	65.76	59.37	61.42	55.71
42.39	34.57	36.96	41.44	41.2	41.37	35.95	34.99
8.91	6.58	8.34	7.98	7.04	8.29	8.3	6.9
11.21	10.39	12.52	11.42	12.47	11.29	13.42	12.91
26.07	24.17	27.62	19.91	24.97	26.19	24.92	26.12
1.49	1.87	1.73	1.38	1.6	1.88	1.67	1.45
31.96	38.69	30.75	34.65	33.94	33.79	33.29	36.35
44.6	47.83	44.8	48.47	47.67	58.95	43.6	41.13
8.96	9.15	6.83	7.97	9.78	8.77	7.63	8.69
4.88	4.9	5.25	4.78	4.9	5.35	4.88	4.72
6.36	5.77	6.15	6.02	6.67	6.94	5.82	6.52
11.78	14.6	13.23	13.08	11.5	12.25	13.01	11.53
12.2	13.18	11.68	11.26	14.9	11.06	12.7	14.13
23.76	18.23	21.54	22.34	18.7	20.58	19.4	18.92
46.49	40.63	44.69	41.71	50.06	39.26	44.16	43.61
32.13	32.76	34.97	29.74	34.21	32.46	30.81	33.26
24.34	19.97	24.3	22.6	18.96	18.08	25.49	19.86
61.49	68.29	54.91	55.23	56.44	72.41	58.15	61.22
6.28	6.21	6.1	7.29	8.77	7.89	8.4	7.39
5.89	4.71	5.84	6.22	5.46	6.56	5.64	5.26
10.62	10.24	9.77	8.19	9.96	9.05	9.17	8.57
15.64	13.34	13.38	15.23	14.37	13.17	13.88	16.7
2.18	2.73	1.77	2.11	2.24	2.53	2.06	2.54
31.3	37.7	34.97	33.99	29.71	46.14	31.65	31.19
93.51	95.45	72.81	86.16	92.1	93.05	97.39	75.95
41.21	47.41	41.46	48	40.91	38	52.19	46.42
23.1	22.11	20.91	19.96	18.31	21.58	21.01	21.72
2.33	1.87	2.23	2.24	2.13	2.45	2.62	2.78
32.13	27.86	33.28	25.4	30.96	33.62	27.42	31.82
5.71	5.59	5.31	4.79	4.21	5.84	6.33	5.9
36.6	31.36	28.46	38.26	25.23	31.67	35.82	29.66
61.24	71.38	61.15	48.92	59.45	51.02	56.44	57.31
85.16	73.72	75.32	60.49	80.78	91.86	98.04	91.57
26.09	23.6	24.47	25.78	21.67	22.24	23.08	23.86
5.46	5.21	5.01	6.14	4.4	4.71	4.94	4.25
15.55	17.18	18.59	18.34	18.37	18.99	14.64	15.19
3.31	3.35	2.99	3.63	3.23	3.12	3.18	3.03
18.07	16.35	16.39	18.57	18.09	15.96	21.03	15.96
77.11	78.69	80.37	72.34	91.07	80.64	71.19	84.19
1.98	2.09	2.05	2.39	2.25	2.02	2.27	2.67
1.85	1.8	1.55	1.66	1.83	1.44	1.7	1.68
21.89	23.96	22.02	22.38	24.15	26.22	24.59	22.18
35.6	33.95	46.64	38.82	36.98	38.41	38.31	42.54
37.22	51.46	43.23	43.29	50.06	44.26	49.69	49.88
12.65	9.2	12.66	12.14	11.95	12.49	13.79	10.55
30.46	36.74	25.81	30.88	27.3	37.25	28.52	28.55
18.68	19.74	19.25	19.9	19.5	18.14	20	21.07
5.16	5.57	5.72	5.76	5.69	5.35	5.66	6.58
12.89	14.92	14.3	14.03	15.9	12.93	11.72	14.08
28.48	32.84	30.15	26.83	28.26	24.62	27.07	29.98
18.59	16.46	17.51	23.08	17.33	16.21	21.87	18.14
56.03	42.75	56.35	48.38	51.9	53.7	47.93	50.41
34.85	46.15	34.26	43.22	36.5	40.68	41.63	42.32
34.13	29.22	37.19	34.31	31.25	33.61	39.77	29.34
91.12	111.53	101.83	110.2	102.68	99.72	98.55	75.93
12.58	11.2	11.17	11.48	11.16	11.84	12.32	11.89
8.41	8.34	8.5	8.39	9.34	7.08	8.84	7.39
37.21	43.65	38.69	47.83	50.07	47.07	47.26	36.82
20.06	19.41	17.29	16.77	17.01	17.19	16.26	15.96
58.88	55.07	61.17	56.55	67.27	66.28	61.27	70.31
41.96	42.98	45.2	49.86	44.39	43.14	43.95	52.36
32.59	34.19	37.41	38.41	36.04	32.42	29.39	31.77
29.94	26.87	26.8	27.15	27.05	24.78	23.39	24.48
44.75	39.49	50.01	43.67	44.44	52.17	51.91	50.44
65.49	61.87	59.39	55.32	64.4	60.04	63.34	61.27
25.18	28.55	28.38	28.93	28.07	30.2	33.5	23.47
24.56	27.56	22.43	24.52	25.57	22.36	24.26	25.89
101.38	89.81	108.36	95.07	96.52	97.53	124.58	106.47
27.22	30.9	26.46	33.34	27.89	22.49	28.08	30.08
109.6	106.39	101.99	101.23	92.68	82.77	96.63	101.43
20.48	23.64	20.09	21.92	20.8	18.2	21.96	23.31
72.33	67.86	65.07	57.19	53.7	55.87	46.83	50.83
26.52	31.67	27.13	29.1	29.53	26.57	30.58	28.69
19.97	20.81	21.14	18.76	19.93	18.84	17.94	22.39
14.2	12.16	13.7	11.88	13.03	13.78	11.24	14.22
70.37	87.79	82.7	70.11	71.51	75.72	79.43	63.71
14.29	15.52	13.01	14.25	14.58	13.43	15.3	14.17
77.94	88.58	78.06	79.42	88.21	76.63	78.05	87.53
45.53	37.31	43.9	39.73	43.88	39.8	37.91	37.9
12.1	13.59	10.93	13.43	12.65	13.18	12.21	11.13
57.01	62.36	53.4	62.35	57.34	57.68	56.24	59.01
83.88	94.26	76.15	86.35	85.59	77.69	89.76	71.31
67.88	74.9	69.77	71.48	68.57	70.61	67.04	63.26
8.25	8.9	8.88	11.6	9.39	8.2	8.06	9.07
61.37	64.55	77.23	66.92	65.62	89.55	71.71	58.46
48.39	52.44	54.49	45.75	55.53	44.62	57.43	51.99
9.45	9.38	10.92	8.29	9.08	7.55	8.76	9.77
19.47	16.84	21.87	20.36	17.71	22.13	17.59	19.21
52.21	46.26	50.87	45.07	53.21	56.02	40.83	54.84
127.41	115.45	125.23	100.33	121.72	124.81	142.71	101.87
18.96	21.35	19.04	20.84	20.66	20.31	22.25	22.36
16.48	13.14	13.72	12.69	14.82	13.91	14.92	13.57
17.83	17.32	19.04	16.63	22.51	17.22	18.35	19.61
45.22	46.41	49.04	45.42	49.01	52.23	49.31	40.24
12.61	11.19	11.77	13.58	15.04	12.93	11.7	12.44
62.08	61.77	65.89	65.84	62.26	53.16	76.23	59.87
67.91	65.83	63.46	70.19	71.75	75.45	74.24	74.19
31.8	33.43	31.41	33.68	32.63	36.79	33.81	31.82
17.93	20.91	14.79	16.92	13.94	16.04	13.84	16.33
34.85	40.41	38.59	40.22	36.95	33.81	45.66	42.49
50.4	51.09	46.9	44.76	57.59	60.27	41.1	52.22
5.52	6.35	5.23	5.2	4.75	4.05	5.59	4.6
36.57	25.56	30.41	32.65	33.88	32.63	28.81	34.6
9.33	9.8	9.48	9.53	9.49	8.74	9.15	9.9
17.35	15.76	15.16	17.58	15.9	16.62	19.99	16.97
98.92	87.94	92.85	92.23	79.82	101.91	102.05	87.17
15.8	15.28	18.34	18.73	17.65	14.24	16.91	16.79
25.45	23.85	25.42	19.45	21.94	23.41	21.12	22.07
30.34	33.63	29.39	31.59	32.1	31.39	29.73	31.29
6.03	6.54	5.31	6.54	6.18	5.62	6.76	6.92
30.37	23.62	36.19	31.78	24.77	25.83	25	21.55
29.51	30.52	31.1	35.68	27.47	34.62	25.59	29.74
46.56	44.43	37.6	48.61	44.61	41.24	49.29	51.32
17.06	18.49	15.05	19.06	14.71	13	17.11	14.49
9.84	10.16	11.81	10.75	9.96	10.67	11.92	8.66
1.31	1.32	1.41	1.33	1.92	1.13	1.44	1.3
11.97	10.82	12.47	14.06	10.59	11.53	11.28	11.16
11.78	15.16	13.96	11.92	15.01	9.81	12.27	10.92
1.5	1.37	1.19	1.2	1.56	1.49	1.57	1.15
44.25	38.81	40.89	44.76	36.02	40.81	37.79	39.15
2.77	3.27	2.99	3.16	2.99	3.12	3.09	3.39
128.52	135.12	117.09	165.86	101.02	108.54	154.14	134.11
45.63	54.25	45.29	41.2	48.19	56.89	47.65	53.48
36.26	29.33	37.76	34.3	36.91	32.74	38.29	29.01
11.42	7.48	11	10.04	9.34	10.2	9.64	9.87
70.89	57.37	62.26	66.38	74.03	60.34	63.86	59.5
37.84	43.19	35.15	37.63	47.23	38.22	44.04	40.64
3.65	3.68	3.4	3.38	4.12	4.06	4.05	4.24
41.6	39.98	43.29	44.32	41.57	38.85	42.84	38.58
13.9	12.47	13.59	16.61	11.53	13.1	14.67	13.16
21.96	22.21	19.66	20.53	19.75	22.6	20.96	21.8
13.57	12.21	10.65	13.16	12.89	11.03	11.1	13.72
21.67	23.98	23.8	22.57	22.6	24.96	25.71	29.14
10.87	11.14	11.55	11.74	12.36	12.52	12.1	11.33
1.27	1.38	1.06	1.44	1.26	1.42	1.57	1.49
14.43	16.55	15.73	15.96	15.51	14.65	16.35	13.71
32.11	37.17	31.79	38.15	34.71	32.78	32.85	29.17
17.31	14.07	15.97	16.74	17.97	11.31	14.24	15.42
1.12	1.94	1.19	1.15	1.16	1.98	1.13	1.14
1.29	1.27	1.28	1.29	1.25	1.3	1.31	1.24
23.31	28.7	22.98	31.38	25.64	28.92	25.35	24.3
35.5	27.93	34.44	32.34	37.23	33.38	34.4	32.01
4.75	5.43	5.48	5.3	5.04	5.4	5.16	4.91
17.2	16.84	16.73	16.22	17.58	17.89	15.85	20.96
65.6	75.11	70.31	58.02	64.29	64.51	58.98	60.89
12.25	12.57	9.58	14.47	12.51	11.38	13.48	12.48
13.68	11.6	12.04	11.92	12.04	11.27	10.39	10.83
25.88	28.1	29.55	28.59	26.34	26.34	27.53	31.12
68.54	59.83	71.93	77.95	56.33	64.46	66.26	70.25
94.37	96.05	106.98	112.48	99.14	85.84	95.96	88.36
4.38	4.41	4.52	4.68	5.11	4.97	4.23	4.61
24.39	23.36	27.79	24.37	23.55	22.51	20.9	22.32
27.25	29.46	25.9	28.83	30.02	31.16	34.63	26.72
8.11	7.34	7.83	8.22	7.05	6.31	6.84	8.07
20.78	27.95	21.19	22.83	23.7	21.32	25.78	24.8
14.41	16.91	12.73	14.83	14.89	17.04	14.97	13.23
48.8	46.22	46.36	44.5	51.96	50.68	59.97	52.31
17.45	20.25	17.16	20.99	18.33	15.52	17.06	18.33
7.02	7.55	7.86	6.7	7.78	7.92	7.35	7.54
47.72	58.6	48.45	42.9	47.41	48.41	48.59	50.52
55.44	57.22	54.64	54.57	49.62	66.34	58.4	47.9
4.38	4.15	4.07	4.76	4.51	3.97	4.77	4.42
1.23	1.14	1.33	1.08	1.25	1.16	1.11	1.26
21.02	28.25	18.85	27.08	20.77	25.24	22.74	25.49
16.96	17	17.62	15.72	17.3	20.13	18.33	20.22
25.41	27.46	31.42	28.65	29.82	29.15	26.62	31.93
44.97	47.92	53.38	52.2	44.48	57.27	56.53	55.3
128.82	114.82	124.89	135.63	138.83	135.33	126.25	96.17
88.4	75.76	82.27	75.14	84.53	80.25	89.23	95.68
8.93	9.84	11.33	11.16	8.53	9.66	9.03	10.17
72.26	73.62	75.41	68.98	87.1	86.07	91.81	80.56
37.15	39.22	36.35	39.2	41.16	35.76	35.38	37.77
