23.13	23.55	23.79	25.9	20.36	27.52	25.32	23.31
50.04	48.33	55.87	43.64	55.85	53.62	48.13	62.91
53.56	59.54	60.57	50.51	60.22	51.99	49.02	48.69
7	6.84	6.68	7.63	5.9	5.68	5.63	5.95
43.78	54.16	52.57	51.54	57.96	47.18	48.75	49.54
4.76	5.05	4.55	4.21	4.23	4.88	4.55	4.61
11.62	12.27	12	14.41	11.1	13.49	14.79	11.72
41.13	32.87	29.89	33.74	30.46	33.3	28.73	33.14
38.87	33.48	43.25	39.42	29.8	34.9	37.7	38.15
1.56	1.56	1.7	1.68	1.64	1.7	1.58	1.64
183.24	184.04	197.14	180.54	185.37	202.61	168.05	209.04
1.22	1.24	1.19	1.2	1.24	1.17	1.23	1.24
22.6	20.02	18.91	19.95	18.35	19.1	21.44	19.07
24.34	24.17	22.36	24.72	20.29	22.81	25.04	20.49
2.86	3.42	3.43	2.91	3.36	3.06	2.52	2.89
11.84	14.61	15.54	13.73	17.68	16.65	13.9	12.96
14.44	15.99	13.55	15.76	15.93	13.92	16.62	16.41
23.03	34.82	28.63	29.82	27.15	32.64	30.5	26.31
47.38	44.3	50.81	47.59	42.03	40.06	44.69	40.66
4.45	4.6	5.22	4.45	4.45	5.12	4.83	4.18
15.08	16.41	14.33	14.64	14.59	12.73	15.79	15.69
147.37	155.13	133.21	129.11	131.64	142.87	122.36	134.05
71.3	60.21	83.96	61.94	71.62	81.72	72.87	68.56
9.9	10.15	10.15	9.45	10.14	11.26	11.06	11.44
152.66	142.85	151.95	141.61	150.72	131.96	177.07	145.74
38.83	29.33	33.03	38.41	38.76	30.54	29.61	32.79
24.55	27.06	27.19	32.67	30.51	22.54	26.46	28.63
20.57	16.6	17.25	20.16	23.52	18.75	18.17	17.7
68.66	71.15	62.76	60.21	66.72	58.19	74.89	63.92
4.17	4.66	4.68	5.46	4.87	5.63	4.91	4.99
34.02	31.79	28.48	26.14	28.7	33.43	36.77	32.58
44.33	47.32	48.53	41.61	39.01	49.88	43.99	40.19
13.86	17.71	17.61	15.26	16.01	17.43	16.86	17.74
17.5	16.33	17.67	19.19	18.24	17.31	16.6	18.83
2.5	2.67	2.19	2.18	2.68	2.44	2.28	3.04
28.15	26.97	30.11	34.19	29.58	35.17	30.85	32.78
6.69	5.47	5.78	8.11	7.24	6.16	7.81	6.36
43.72	39.76	43.65	48.22	36.03	38.19	45.36	51.55
1.37	1.45	1.67	1.43	1.53	1.43	1.49	1.78
19	19.49	17.7	17.17	17.81	13.97	19.07	17.81
7.12	7.62	6.25	7.95	7.87	7.87	6.37	6.66
7.82	8.38	8.05	8.07	8.15	7.86	9.01	8.99
3.9	3.48	3.64	3.09	2.81	2.98	2.74	3.93
16.91	19.93	17.28	19.93	18.66	18.04	17.63	19.3
126.07	127.2	103.28	99.25	107.23	104.25	123.7	118.56
78.79	93.7	78.11	78.46	94.32	78.54	83.48	99.64
61.74	63.01	53.89	63.53	57.05	60.01	60.94	56.65
23.9	23.86	24.41	26.1	27.39	25.01	27.01	24.95
28.17	31.43	23.14	27.82	28.38	35.89	28.06	31.68
19.05	22.05	21.82	18.78	19.31	23.53	16.96	20.25
8.54	9.87	8.44	8.5	9.41	9.06	9.8	7.91
17.58	22.71	20.01	23.19	20.5	22.28	20.56	22.26
172.01	153.68	154.52	190.41	164.8	160.32	174.38	192.49
20.78	16.8	23.21	21.7	19.15	16.86	16.22	18.48
12.29	11.65	11.19	13.19	12.29	12.09	13.54	14.2
25.52	22.27	22.56	21.72	23.88	27.35	24.97	22.8
60.98	78.42	69.27	74.56	54.21	59.95	52.56	64.45
2.49	2.33	2.09	2.46	2.43	2.27	2.48	2.36
28.62	24.25	22.08	27.32	26.1	26.99	29.26	25.58
8.13	10.08	9.71	8.43	8.05	7.61	8.67	8.74
28.77	20.85	25.7	22.95	24.59	24.66	26.31	25.13
89.68	73.16	75.05	86.9	97.6	81.48	64.98	92.75
63.89	67.29	77.1	71.64	62.47	73.85	65.25	65.1
5.05	4.75	4.45	5.57	4.9	5.03	4.66	5.33
17.36	15.47	16.71	17.54	18.45	17.72	14.97	14.87
9.91	10.72	11.25	10.1	9.55	9.24	9.21	8.19
35.23	33.68	31.11	33.84	32.01	31.13	30.64	28.11
30.65	29.33	37.55	32.33	34.26	36.48	30.98	32.24
1.61	1.65	1.65	1.53	1.68	1.63	1.61	1.62
24.03	23.7	25.3	24.3	22.12	24.82	22.61	22.38
28.59	26.81	26.67	25.49	25.58	27.23	27.02	25.9
10.93	8.6	9.22	8.57	9.19	8.22	9.63	9.4
62.2	72.76	74.6	72.12	72.5	60.31	63.95	61.19
1.29	1.35	1.25	1.25	1.14	1.56	1.22	1.25
11.68	15.16	17.16	15.04	13.17	13.32	16.87	16.14
17.74	21.2	19.2	15.92	18.29	16.95	17.26	19.81
54.55	60.15	49.45	49.83	56.48	51.9	51.83	52.14
3.52	2.95	3.37	3.18	3.6	3.93	3.53	4.17
20.13	20.52	20.18	18.64	21.48	18.51	22.62	20.14
18.1	17.05	16.76	19.86	18.03	18.18	20.65	17.23
8.82	6.31	6.78	6.32	7.24	7.08	6.22	5.96
36.19	46.52	46.22	47.43	42.15	45.06	48.22	50.7
52.54	52.33	52.76	56.52	51.43	41.7	44.67	56.32
73.47	64.95	65.28	73.53	67.46	68.3	55.12	77.69
18.77	22.45	23	21.08	20.72	21.75	23.54	18.95
62.11	51.13	55.1	51.68	43.22	53.68	49.81	54.64
8.84	8.92	6.42	7.34	9.89	6.9	9.55	8.09
41.43	37.38	41.67	44.58	42.11	40.55	40.92	35.09
9.62	8.99	8.07	10.08	9.21	9.43	8.66	9.55
54.84	44.76	45.87	53.62	45.7	39.89	47.62	34.05
14.41	18.58	14.58	13.81	17.22	16.88	13.69	13.49
35.6	35.6	24.81	31.16	32.96	30.4	31.81	32.13
31.84	31.12	30.9	30.31	35.6	29.53	28.98	29.24
7.55	9.58	9.59	9.95	9.37	9.94	9.03	10.81
43.66	48.71	40.57	37.23	47.62	43.32	49.13	32.62
6.29	7.34	6.79	7.06	6.23	7.35	7.13	7.73
18.76	18.87	17.26	17.54	19.67	17.42	16.13	16.87
34.19	39.22	33.23	34.16	45.54	35.78	36.72	36.72
70.03	61.98	56.92	62.37	69.93	73.4	58.32	68.86
18.08	20.74	19.47	22.99	16.56	18.32	20.88	19.84
30.34	29.95	29.26	34.28	33.2	29.36	30.7	28.58
29.25	35.59	28.42	31.65	30.5	33.39	31.45	26.68
24.71	24.97	30.74	30.31	24.49	26.57	27.92	30.09
77.36	68.86	84.03	98.09	128.09	94.74	105.03	81.68
3.47	3.66	3.32	3.03	2.81	3.34	3.19	3.45
22.71	23.18	21.7	20.83	17.57	22.81	21.84	20.19
27.15	29.79	22.45	25.46	21	29.19	20.41	28.36
1.55	1.44	1.82	1.77	1.84	1.89	1.34	1.77
70.85	83.46	73.82	76.96	69.31	65.19	77.86	72.19
161.22	128.7	160.95	148.35	162.25	182.88	138.99	139.42
28.56	36.24	34.24	30.09	38.22	32.77	31.62	29.79
11.27	9.69	11.41	10.09	10.56	8.97	10	10.62
7.28	6.98	7.61	6.49	6.8	7.81	7.32	7.81
52.72	60.75	55.6	64.96	62.75	63.83	74.2	63.9
33.27	32.5	40.85	40.71	37.45	35.99	35.77	36.83
1.54	1.45	1.61	1.7	1.58	1.61	1.6	1.55
42.28	39.92	40.57	40.24	37.81	43.6	48.45	37.26
2.69	2.83	3.39	3.05	3.63	3.88	3.19	3.31
25.17	21.22	23.76	19.2	18.63	19.83	23.35	24.21
31.36	36.51	38.21	33.19	36.48	36.82	29.03	34.55
80.18	84.41	91.34	90.26	90.84	83.34	94.44	84.77
40.84	42.69	40.43	36.73	35.82	44.67	43.2	39.72
29.16	31.37	27.28	32.79	26.08	33.65	31.34	29.51
8.84	7.56	6.24	7.62	6.65	8.36	8.06	7.87
44.69	40	41	31.18	43.05	38.34	39.34	34.56
17.2	15.03	15.24	16.71	18.34	16.45	14.47	17.11
22.08	20.81	21.45	20.67	24.04	19.84	21.32	21.46
47.72	50.14	41.75	44.53	48.18	47.98	50.33	49.71
81.54	87.71	80.89	80.7	75.59	75.23	75.47	70.68
3.02	3.18	3.3	3.87	2.91	3.22	3.2	2.69
60.93	55.69	56.29	56.43	58.91	58.86	63.76	60.35
6.67	7.21	6.67	6.68	7.21	6.41	6.49	5.47
7.07	7.15	6.76	7.57	7.99	6.8	8.24	7.69
30.43	34.02	30.97	24.58	33.76	29.26	21.34	33.36
10.67	10.06	10.69	9.21	8.76	8.82	11.07	9.53
5.7	4.59	4.66	4.86	4.52	4	5.53	4.47
44.63	45.96	48.49	49.78	55.09	46.29	57.39	49.89
15.81	14.16	13.55	16.49	13.6	14.14	10.86	13.77
7.91	6.1	8.61	7.54	7.23	8.41	7.5	8.41
60.33	61.71	60.12	49.53	48.26	50.41	46.02	47.56
4.91	4.97	4.29	4.71	4.83	4.92	5.18	5.13
81.1	67.01	79.95	74.42	76.31	68.18	68.71	72.14
54.15	59.16	54.17	45.64	56.22	59.62	56.38	61.64
42.75	45.01	43.07	47.49	45.76	39.13	48.55	50.13
45.46	58.03	55.16	48.77	52.37	46.7	55.49	41.88
8.45	7.79	9.89	8.95	9.58	9.46	8.37	9.62
38.77	41.13	33.37	40.07	37.52	37.54	32.83	38.95
74.32	72.67	70.9	70.34	66.48	75.76	75.62	70.34
24.09	24.14	22.4	19.35	21.61	20.83	19.54	24.06
57.75	50.64	58.17	66.52	50.38	57.16	51.45	53.46
93.72	103.28	88.04	86.94	84.42	114.4	83.61	84.25
10.79	11.59	10.4	13.68	12.06	10.87	12.48	14.58
55.81	55.18	46.83	46.44	52.86	54.34	72.91	48.09
28.77	33.67	31.2	29.11	31.33	31.41	30.76	30
2.05	2.42	2.55	2.28	2.06	2.52	2.58	2.24
73.01	78.56	55.83	66.96	63.79	75.32	70.29	72.85
1.39	1.64	1.28	1.7	1.46	1.35	1.73	2
19.88	23.35	21.07	18.63	18.69	19.42	20.64	18.16
19.66	19.2	23.53	20.17	18.1	22	21.5	23.13
5.21	4.74	5.06	5.78	5.44	6.28	6.02	5.1
13.35	10.97	12.29	13.55	11.48	13.84	15.41	13.12
5.5	4.3	5.2	5.12	5.81	4.54	3.77	5.46
5.49	6.45	6.06	7.18	5.58	6.7	5.93	7.13
26.23	32.1	24.24	27.29	25.02	26.57	22.51	26.69
14.46	15.4	12.32	17.23	16.44	16.99	16.42	16.55
48.44	48.24	44.84	43.91	43.98	46.77	40.14	47.26
69.68	63.84	65.43	60.72	61.97	64.78	54.27	70.4
29.76	41.11	32.94	42.26	37.57	35.84	38.43	38.97
70.75	65.26	53.12	57.37	53.33	71.51	57.92	68.61
29.05	27.2	28.54	28.3	30.81	24.77	27.33	33.07
35.59	28.38	33.21	27.52	24.79	30.86	28.38	29.43
10.72	9.73	10.33	9.8	9.34	9.82	9.36	12.03
5.94	6.29	5.54	6.01	6.1	5.92	6.17	5.54
70.41	86.12	81.1	68.62	75.18	75.58	66.57	79.27
19.95	25.03	15.58	21.02	18.94	19.87	17.89	19.67
22.74	21.4	18.32	21.77	17.79	17.54	16.88	20
25.66	26.83	22.45	23.89	23	23.77	25.15	20.92
66.96	68.8	69.12	70.25	78.54	68.33	78.38	75.95
2.74	2.57	2.73	3.08	2.75	2.54	2.62	2.17
37.26	31.09	25.73	30.18	27.59	30.73	36.41	36.4
24.63	25.05	25.21	27.66	20.19	25.23	23.97	27.13
5.32	4.83	6.08	5.05	5.51	5.66	5.26	4.96
22.64	23.26	22.77	21.28	21.58	17.87	21.25	21.59
5.74	6.85	7.19	6.05	5.67	5.38	5.69	5.55
17.98	18.83	19.34	17.63	18.27	20.39	22.54	20.36
16.08	9.78	12.57	13.85	14.99	12.26	10.06	10.87
6.74	8.24	8.54	9.26	8.08	8.91	8.25	6.8
28.05	21.79	22.22	25.28	27.02	25.53	25.01	20.87
28.4	26.03	29.1	26.64	23.36	32.02	31.42	31.29
72.87	78.11	77.59	86.93	77.37	62.79	80.38	83.27
25.19	22.7	21.24	23.35	24.25	19.77	21.56	20.74
17.32	19.15	20.82	18.65	17.57	17.98	21.58	19.85
26.32	22.93	23.34	22.84	23.59	25.61	19.4	25.07
117.53	116.78	110.84	109.18	120.94	111.32	112.64	115.17
4.97	5.7	5.28	4.51	4.46	5.23	5.37	4.53
46.7	42.9	62.68	46.15	46.62	51.08	60.27	58.63
40.16	43.25	47.99	40.52	40.35	40.61	40.39	40.94
3.68	3.57	3.2	4	2.96	3.48	2.99	3.51
52.9	51.58	55.03	42.5	49.46	52.11	52.16	45.43
4.86	7.71	6.72	6.86	8.18	6.66	7.16	6.52
63.04	53.48	57.23	75.32	70.4	72.3	57.04	60.43
14.15	16.64	15.94	15.09	15.18	13.69	14.62	16.77
4.99	5.9	5.24	5.74	5.52	6.41	5.01	4.98
52.74	43.7	53.51	50.98	63.32	50.44	61.15	60.89
63.66	82.02	59.88	67.96	63.31	68.33	60.31	70.78
42.66	35.95	41.49	44.68	43.86	36.96	39.91	38.48
28.21	22.39	34.57	31.19	28.2	31.27	24.73	30.05
31.22	28.5	24.45	29.95	32.11	28.1	31.96	28.81
6.27	5.95	7.31	7.48	5.8	6.48	6.1	7.1
11.24	13.26	11.68	10.35	12.5	10.92	12.15	10.6
29.13	34.75	34.99	30.72	30.11	34.23	33.86	27.18
28.22	25.49	23.64	26.92	26.75	26.34	23.6	26.4
40.13	42.29	45.49	45.77	48.88	48.71	46.11	47.82
49.35	37.88	54.15	55.44	46.63	47.83	46.13	54.41
2.87	2.48	2.61	2.57	2.38	2.66	2.17	2.79
6.67	7.46	5.74	6.91	6.72	6.72	5.83	6.32
18.3	20.22	17.9	20.41	19	17.92	20.21	15.92
30.26	32.88	37.66	29.09	26.14	30.61	36.44	31.76
55.86	50.32	50.61	60.73	58.62	53.55	40.76	51.71
9.56	9.62	10.04	11.14	9.86	9.3	9.94	9.37
5.81	5.98	6.17	6.01	5.99	6.07	6.67	5.78
56.07	71.72	61.23	64.79	77.13	58.49	67.67	70.81
22.34	22.03	20.61	19.99	19.33	19.19	19	23.76
48.93	48.96	40.47	45.43	47.56	45.09	52.02	46.07
2.82	3.11	2.51	2.82	3.14	2.92	3.37	3.18
42.22	35.37	36.41	27.82	30.16	33.1	33.82	29.3
27.93	30.04	26.99	30.32	24.11	27.42	25.22	27.48
9.2	9.51	10.8	10.95	8.93	10.41	10.51	9.23
8.61	8.35	8.18	8.5	10.6	11.13	10	7.62
8.01	6.82	7.44	8.66	9.9	8.97	8.76	7.03
2.71	2.43	3.11	3.2	2.95	3.01	2.34	3.32
24.52	22.61	18.99	20.5	24.16	23	22.28	25.67
31.51	36.97	34.54	34.18	36.3	35.13	33.04	33.4
5.49	5.93	5.75	5.76	5.13	5.26	5.71	5.7
14.5	12.93	13.87	11.51	12.32	11.5	12.4	15.01
15.92	13.61	14.07	14.17	16.15	14.56	14.42	14.49
17.88	15.44	16.5	16.08	21.64	20.07	15.72	15.25
107.13	81.39	95.61	90.72	104.9	87.27	85.23	92.54
40.92	43.22	42.78	38.02	37.53	41.86	39.35	38.03
28.87	25.53	28.26	28.07	24.44	28.22	23.07	30.74
16.52	14.42	15.09	16.01	16.93	16.4	14.93	17.09
3.59	4.45	3.91	3.3	3.8	3.95	4.2	4.21
4.4	4.86	4.18	5.12	5.66	4.65	5.05	4.05
9.39	8.44	7.7	8.38	7.67	6.82	6.9	7.6
56.48	52.91	60.03	59.26	62.13	55.65	58.1	56.48
18.5	15.47	17.01	17.75	18.62	17.56	19.77	17.71
25.28	24.43	28.57	28.4	27.42	28.23	25.31	31.49
18.33	19.74	21.27	24.01	20.26	17.92	20.8	16.41
66.89	72.34	58.21	73.95	66.18	72.14	64.13	70.56
21.78	20.28	16.35	18.54	17.07	20.09	17.91	16.56
44.69	40.62	40.11	36.84	35.72	42.76	36.81	34.76
31.08	27.41	26.01	33.47	28.03	29.9	29.05	28.69
32.54	35.77	29.48	37.48	37.1	40.7	29.57	39.91
6.16	6.04	5.7	5.72	5.74	5.74	5.71	5.09
51.27	52.14	57.46	63.03	60.98	54.15	53.39	61.26
4.39	4.09	4.52	5.26	5.68	4.42	4.85	4.32
32.36	26.96	32.71	29.85	25.39	35.48	30.44	30.76
10.71	10.94	9.03	12.47	8.4	9.84	9.84	9.9
15.4	14.8	13.28	14.66	15.75	16.98	17	16.68
18.59	15.77	16.15	16.11	16.76	18.5	14.53	16.18
17.24	18.16	17.34	15.71	17.76	14.84	15.77	18.94
66.93	65.61	61.48	75.73	79	55.06	66.91	59.44
47.56	37.92	38.13	35.45	37.98	38.39	40	38.83
29.35	29.61	33.06	30.78	28.29	31.61	27.24	28.84
4.63	4.25	3.77	4.31	3.5	4.08	3.94	4.89
38.3	31.31	39.33	29.39	35.26	37.27	29.52	33.73
6.32	7.34	6.72	6.07	6.47	6.92	6.21	6.24
96.59	110.75	99.06	113.69	110.14	93.49	110.15	126.17
70.01	55.56	65.6	61.99	69.29	59.18	62.27	65.74
25.13	24.19	21.42	20.97	28.63	20.98	26.21	29.34
40.59	41.64	39.46	39.28	36.02	34.93	35.69	38.49
16.58	17.59	22.13	17.96	19.82	20.93	15.53	17.42
42.95	37.09	53.71	51.27	50.63	43.44	39.99	47.28
33.45	40.43	34.59	34.75	30.99	39.26	34.46	31.19
17.26	18.33	14.08	15.13	16.19	17.89	15.89	14.11
27	36.78	30.96	38.17	32.8	32.48	29.93	33.74
132.49	121.62	115.83	134.67	139.56	135.75	117.06	151.42
35.99	36.58	29.31	33.19	36.02	31.84	34.71	37.61
3.28	3.82	3.13	3.5	3.26	3.11	3.9	3.61
65.63	76.69	70.16	64.31	79.94	55.01	69.88	68.21
57.53	55.52	55.98	53.87	55.6	52.16	52.89	54.56
60.59	60.22	55.97	55.64	60.15	49.43	57.73	57.8
116.67	93.66	87.7	101.6	101.07	100.44	88.89	99.36
9.39	10.62	10.43	11.12	10.95	9.04	8.9	10.69
1.62	1.46	1.56	1.65	1.49	1.69	1.52	1.53
20.97	22.29	15.92	20.06	21.8	17.22	14.73	17.33
1.66	1.77	1.65	1.68	1.73	1.76	1.67	1.67
12.66	9.28	8.53	11.34	11.91	12.02	11.74	11.31
1.13	1.12	1.15	1.13	1.16	1.14	1.12	1.15
52.35	38.68	47.73	40.51	34.71	43.56	39.74	49.02
3.9	3.01	4.34	3.25	3.89	4.34	3.89	3.7
45.5	60.18	55.95	53.25	45.72	48.94	51.47	43.6
17.78	20.17	19.57	17.16	15.82	16.9	20.66	18.56
13.61	18	12.12	14.23	14.57	11.32	13.82	12.44
41.69	49.08	43.13	42.67	38.33	39.56	44.97	43.77
5.29	4.78	5.13	4.87	4.24	5.97	4.81	4.84
27.18	35.02	30.25	32.41	35.02	31.32	31.93	33.85
14.03	13.98	13.53	13.25	14.52	12.97	14.41	15.02
25.91	24.59	25.63	26.4	20.53	24.72	23.4	26
32.82	27.84	25.52	24.07	28.98	23.56	30.04	25.81
17.92	15.17	16.51	15.78	15.45	15.69	15.82	15.14
77.16	88.4	90.06	95.15	92.85	77.44	81.6	89.36
23.99	20.54	22.15	20.47	20.63	21.01	20.68	26.36
108.99	100.95	89.67	107.31	103.9	91.73	108.31	89.48
40.16	37.37	38.91	38.63	31.11	39.85	31.91	40.39
32.62	27.62	31.45	27.73	29.41	29.07	27.99	28.2
25.1	20.8	18.92	19.97	19.24	19.49	16.68	19.32
101.67	67.71	85.16	86.9	84.91	99.07	89.83	79.49
1.31	1.32	1.29	1.32	1.3	1.33	1.34	1.31
32.47	28.79	29.18	29.58	30.54	33.96	32.13	35.29
16.09	15.09	17.44	18.21	17.67	15.3	15.4	15.74
24.61	24.97	25.37	30.39	21.71	26.6	22.18	30.41
24.73	22.26	24.24	20.79	23.57	18.35	22.76	22.16
105.59	93.85	94.65	106.87	91.77	105.73	109.06	86.83
12.95	11.6	11.46	13.96	14	12.07	11.57	9.12
15.94	16.84	15.73	17.05	15.13	17.02	20.42	17.35
3.83	3.19	3.07	3.74	3.88	3.52	4.08	2.86
67.89	65.64	61.23	62.88	79.17	59.84	55.66	77.91
2.39	2.05	2.12	1.63	1.73	2.01	1.76	1.82
16.33	16.37	16.91	15.54	15.97	14.32	17.95	16.71
12.55	12.27	13.88	11.81	11.64	13.67	11.28	12.59
11.13	10.2	10.32	11.33	12	11.09	12.31	11.01
44.72	41.06	42.84	43.03	38.1	44.97	48.33	45.58
24.18	23.24	21.38	24.5	21.75	25.23	22.47	21.89
1.6	1.63	1.62	1.97	1.39	1.75	1.54	1.72
10.1	9.02	8.47	10.54	8.08	9.45	8.84	11.3
15.73	18.75	19.41	16.09	12.34	16.88	15.52	14.55
5.83	6.75	6.13	7.16	7.11	6.29	7.53	5.82
10.11	13.58	12.48	12.94	14.58	13.44	11.28	15.24
11.78	9.14	9.58	9.65	10.72	10.34	9.86	9.33
16.71	13.92	16.67	15.22	14.15	13.2	14.94	16
69.15	80.82	54.6	73.67	68.68	83.31	70.13	69.71
24.3	28.77	26.4	32.38	30.72	24.54	29.44	28.89
24.26	20.7	21.69	19.64	21.43	24.38	23.61	24.03
77.23	77.78	89.07	80.18	71.91	67.41	76.88	76.95
25.77	21.39	26.01	29.59	21.76	25.61	24.86	21.33
51.8	52.59	49.95	42.53	47.02	43.44	44.31	51.36
33.42	35.71	32.34	33.24	36.08	35.58	38.57	27.96
7.82	6.51	6.72	6.54	6.23	6.81	7.22	6.79
17.29	18.31	19.93	16.27	17.3	19.69	15.75	17.04
11.08	13.15	10.97	13.5	11.02	11.15	12.38	12.19
41.2	42.45	42.23	50.41	40.8	41.36	44.76	39.65
20.04	18.31	16.16	18.27	19.99	19.34	21.63	17.02
144.14	149.6	148.43	141.03	134.53	122.68	144.26	133.13
15.17	14.78	14.49	15.08	15.34	15.38	15.73	13.29
28.28	30.66	38.37	37.09	32.02	29.12	32.65	28.16
33.42	41.8	40.55	29.71	34.38	33.93	40.29	48.83
38.02	37.83	44.51	41.01	46.63	36.24	40.7	41.63
51.83	39.64	44.24	47.23	45.3	53.1	42.55	47.63
3.48	3.32	2.76	3.02	3.1	3.42	2.96	3.05
17.34	18.08	17.21	19.62	17.59	16.93	16.91	17.83
44.21	51.38	48.52	56.99	49.95	47.25	46.67	52.95
47.12	46.12	38.37	38.95	41.99	53.73	41.59	44.62
6.83	9.13	7.5	6.35	6.02	6.4	6.7	7.85
14.75	17.69	13.98	17.71	13.5	15.5	15.53	13.44
43.62	43.37	40.55	42.59	37.81	43.26	47.75	43.16
15.75	23.27	19.01	20.53	17.77	19.22	19.4	19.08
72.2	67.5	67.28	67.88	74.62	68.04	55.86	78.55
25.35	24.75	17.45	23.99	25.38	22.43	22.9	20.53
13.58	14.48	11.35	13.37	14.25	11.79	13.85	17.53
49.51	48.63	42.61	50.68	43.38	47.31	49.14	43.12
69.38	87.54	91.06	95.44	89.86	74.57	97.64	81.21
109.67	103.08	110.7	105.76	105.53	110.16	116.34	88.16
56.09	59.44	75.15	54.26	61.73	57.68	58.42	61.18
22.87	24.97	23.44	26.43	31.66	22.25	26.29	28.17
5.48	6.4	7.61	6.27	7.93	5.99	6.58	5.81
19.54	25.68	27.14	20.56	22.3	23.28	22.2	18.83
69.43	69.05	70.51	74.89	69.19	59.62	65	68.32
37.4	34.64	43.03	36.94	36.85	44.84	44.96	31.15
9.32	9.92	8.2	8.12	7.79	9.61	7.65	9.17
50.78	49.99	44.39	47.91	49.57	44.65	44.1	44.43
27.25	26.95	22.46	27.26	24.7	25.33	26.01	21.63
69.23	68.34	65.61	61.16	64.73	62.53	63.72	75.15
9.75	10.97	9.89	11.09	8.24	10.68	9.42	9.43
51.9	51.97	57.34	53.8	54.3	46.2	43.04	47.09
5.24	5.54	4.46	4.73	5.07	5.23	5.03	5.23
26.84	25.84	26.65	27.95	28.67	26.2	29.65	26.57
17.13	15.65	14.08	17.52	15.47	19.48	17.73	20.42
58.98	67.91	57.3	53.65	60.56	50.15	54.97	60.58
9.94	7.33	10.44	9.42	10.54	10.97	7.43	7.86
49.18	47.03	49.73	40.9	44.61	44.16	45.96	42.05
17.53	17.78	18.29	19.38	20.9	19.55	22.31	20.55
12.83	13.82	13.09	11.56	15.1	13.92	13.37	15.24
16.27	13.7	16.92	12.95	14.27	12.65	13.83	14.9
23.76	24.77	22.09	18.73	22.89	21.57	24.54	26.52
44.51	39.92	34.26	33.35	42.22	34.12	38.06	37.56
28.64	35.02	41.66	35.73	37.38	37.49	30.47	34.17
116.7	114.43	114.84	137.75	132.04	112.01	94.96	112.85
47.85	51.69	46.56	50.03	53.89	43.32	49.68	51.6
28.86	29.55	32.99	30.86	25.95	30.14	31.27	32.24
47.9	66.01	48.96	49.65	60.42	57.4	55.09	60.17
5.92	5.03	4.82	4.32	5.21	5.69	5.16	4.34
11.5	13.14	9.53	10.88	12.16	12.78	12.29	13.58
4.62	3.84	3.89	4.29	4.05	4.27	4.14	3.71
30.74	36.18	35.39	35.46	35.71	32.24	33.94	34.17
41.03	45.81	39.4	38.57	35.37	37.5	38.09	33.79
24.46	20.22	21.89	24.05	22.67	17.63	19.94	21.85
20.73	21.26	23.12	23.48	22.72	21.09	22.3	21.62
13.65	13.33	14.73	15.56	17.31	11.87	15.54	11.42
6.2	6.11	5.88	7.38	6.16	5.28	6.65	6.46
9.14	9.61	12.03	11.49	11.76	11.95	10.92	9.89
101.66	88.07	93.54	85.49	90.1	86.95	75.85	93.82
22.55	26.02	27.12	24.49	29.62	27	26.21	21.11
16.2	13.72	15.01	14.07	12.83	14.27	14.03	14.99
13.48	13.38	11.64	10.54	13.67	9.28	13.67	10.68
5.84	6.4	7.34	6.65	6.78	6.81	6.6	6.98
28.75	30.39	29.64	27.13	35.37	29.25	26.05	28.5
5.41	5.17	4.93	6.81	5.7	5.56	5.52	5.37
30.02	29.56	28.54	28.62	25.34	31.49	28.89	28.95
6.93	6.54	5.96	7.23	6.86	7.26	6.79	6.78
42.16	41.63	44.27	35.86	36.24	42.73	40.01	38.09
6.09	5.58	6.2	6.89	6.05	6.09	6.16	6.75
6.5	5.77	5.76	7.38	5.65	7.25	5.74	6.21
16.8	17.72	15.08	14.73	16.03	17.53	17.9	14.43
29.91	28.33	27.41	28.12	31.59	28.38	34.32	33.18
46.04	44.73	37.56	35.33	39.73	39.59	47.8	51.02
58.39	59.24	55.2	52.42	56.65	51.37	49.56	51.54
10.2	13.02	11.31	10.81	11.57	13.96	11.69	10.65
5.46	5.46	5.99	4.81	5.26	5.12	5.5	4.44
6.32	6.62	7.63	6.82	6.46	8.17	6.38	6.26
12.16	10.89	9.72	10.53	11.94	10.34	12.19	10.73
32.36	24.69	41.66	31.27	29.72	34.85	31.6	29.25
60.37	57.14	57.88	61.64	68.23	60.72	55.06	64.64
23.25	23.21	25.33	23.25	18.67	22.06	24.13	24.26
26.74	32.15	31.69	37.41	40.84	30.92	32.88	32.6
41	45.72	44.42	47.75	39.26	44.95	44.54	42.71
34.61	37.67	28.33	40.16	36.52	30.93	37.8	30.42
8.88	10.54	9.44	10.29	10.95	12.22	10.23	10.55
25.88	33.34	24.89	25.25	28.02	28.67	26.87	27.9
10.62	10.47	9.45	11.05	12.75	11.32	9.02	10.87
4.68	3.78	4.04	4.37	3.83	4.43	4.41	3.93
29.4	30.86	27.38	28.83	27	30.74	33.3	36.37
8.89	9.09	9.02	8.07	9.79	10.82	9.48	10.75
30.51	44.1	35.66	36.57	33.5	37.38	31.25	31.12
25.32	28.21	26.91	25.84	23.96	28.84	23.64	24.82
21.77	21.07	20.23	19.54	23.61	20.84	22.58	21.48
95.22	89.81	96.71	110.79	96.82	109.4	92.32	100.58
94.22	80.7	77.54	84.89	69.74	78.63	94.59	96.52
61.38	75.25	65.41	60.92	70.17	58.93	62.35	60
38.22	25.6	31.15	30.35	28.08	35.66	30.34	35.18
6.24	5.55	7.57	6.06	6.98	7.9	7.53	6.5
11.96	9.35	11.33	11.05	10.36	12.55	11.62	12.49
6.29	5.34	6.57	6.54	6.21	4.48	5.11	5.65
14.7	15.52	16.91	14.9	16.17	16.28	17.4	18.23
9.47	9.86	9.77	10.53	10.38	9.26	11.41	10.02
11.75	11.79	12.54	12.79	11.7	14.66	11.75	13.7
27.52	25.93	23.53	25.47	24.55	25.98	34.3	28.44
16.99	16.05	14.75	14.9	15.03	14.46	16.33	13.04
15.57	15	15.33	15.77	18.8	12.71	15.29	17.74
1.45	1.59	1.19	1.67	1.68	1.68	1.58	1.76
45.15	37.31	47.57	41.79	45.7	44.23	42.19	50.78
1.3	1.29	1.32	1.27	1.33	1.29	1.24	1.27
2.91	3.95	3.05	3.87	3.41	3.78	3.66	3.55
37.3	37.92	33.97	33.65	34.17	32.73	35.69	36.14
83.32	96.99	76.98	79.39	74.99	80.03	92.78	74.21
26.14	26.01	30.39	26.48	25.63	23.09	23.1	26.06
6.33	8.33	7.69	7.51	7.01	7.73	6.96	8.64
25.91	26.03	25.25	27.91	28.16	24.46	23.59	26.99
11.92	12.42	15.11	14.4	10.18	13.18	13	12.96
144.32	141.84	142.27	113.87	140.21	132.49	131.76	147.63
67.18	66.62	58.91	74.73	67.79	67.97	61.31	58.91
2.86	2.32	2.6	2.51	2.11	2.68	2.19	1.89
51.35	57.82	59.23	62.6	59.75	64.96	59.28	59.34
48.31	45.86	36.58	48.64	40.03	45.53	49.59	47.43
37.43	41.73	41.95	37.79	43.07	33.71	27.81	50.64
74.88	73.92	80.61	81.86	81.44	68.36	74.86	82.01
21.05	22.45	21.86	22.11	23.01	18.93	22.62	20.3
8.53	6.75	7.45	7.33	7.03	8.62	7.34	8.12
5.19	6.18	5.39	5.79	5.46	5.51	5.57	5.82
2.12	1.92	1.9	2.07	1.81	1.96	2.43	1.99
48.96	43.17	50.81	48.77	44.74	43.05	53.22	48.19
21.29	24.09	24.7	17.81	23.28	21.87	22.02	22.29
19.54	19.7	17.37	16.88	17.88	18.75	21.28	13.03
47.29	60.22	57.48	64.17	58.8	48.54	60.75	52.47
65.69	67.36	65.85	64.06	69.54	70.95	66.57	67.85
4.27	4.67	3.65	3.83	4.14	5.08	3.73	4.86
19.36	18.76	19.83	18.65	21.9	18.66	20.1	23.29
4.63	3.58	3.16	4.21	4.51	4.75	4.09	3.89
56.92	53.72	65.68	60.13	55.43	63.97	53.06	55.14
69.97	78.23	68.45	80.97	62.37	67.78	73.5	74.43
2.32	2.06	2.28	2.47	2.25	2.25	2.19	2.43
14.51	15.74	14.38	9.95	15.78	12.32	14.79	13.16
17.29	15.36	15.45	14.47	16.21	14.67	14.63	16.98
18.02	20.01	17.84	18.18	18.86	21.78	18.89	19.6
2.97	2.45	2.58	2.52	2.19	2.48	2.23	2.36
20.07	17.96	20.42	20.13	19.28	19.63	16.16	17.77
7.37	8.72	7.72	6.89	7.56	7.71	7.99	8.41
13.27	16.26	15.78	15.22	14.98	15.29	12.65	15.37
61.74	53.06	57.73	59.08	57.5	55.03	57.9	70.27
48.73	37.59	45.44	40.99	36.99	44.21	33.49	37.51
11.5	13.68	12.97	12.58	12.84	11.52	14.6	12.84
21.33	22.92	19.88	20.61	21.61	20.8	20.15	20.75
1.93	1.85	1.95	1.15	1.03	1.02	1.12	1.04
1.94	2.04	1.99	1.5	1.92	1.9	2.17	1.57
29.02	29.38	32.95	33.27	37.74	28.4	29.03	25.87
47.86	46.24	45.56	48.46	45.21	46.26	41.51	40.94
59.39	58.07	61.67	57.97	53.85	51.77	54.49	52.45
3.47	3.9	3.67	3.27	3.6	3.51	3.93	4.77
53.41	48.45	35.11	35.6	45.59	39.56	48.32	47.15
121.93	96.59	112.78	108.74	112.66	126.07	131.46	113.58
15.82	13.09	15.23	18.2	14.57	17.12	15.8	20.64
55.58	61.53	62.18	56.5	56.56	60.59	51.95	40.81
7.35	6.26	7.21	7.5	7.48	6.16	8.07	7.83
63.23	79.86	60.36	67.23	64.01	72.3	69.28	78.17
54.35	57.16	49.13	42.66	56.03	55.66	59.79	52.77
43.14	40.51	46.12	46.26	40.43	50.32	41.6	46.03
6.2	4.68	5.78	5.1	5.32	5.44	4.62	5.2
66.45	82.71	63.49	71.18	69.55	71.08	70.36	60.82
10.01	9.97	8.99	9.5	11.57	9.96	9.64	9.41
52.6	61.51	65.24	65.95	50.29	55.03	61.66	58.31
1.63	1.84	1.69	1.67	1.72	1.66	1.66	1.76
15.86	13.66	11.19	16.7	17.39	15.99	12.52	16.28
4.88	5.14	4.83	4.9	4.95	5.47	4.25	4.61
37.66	29.91	33.18	30.51	30.85	32.13	38.39	35.8
24.5	30.07	30.49	23.71	26.27	23.39	28.24	25.35
36.57	26.69	30.02	24.21	31.74	35.7	36.51	26.3
50.54	51.71	49.39	45.85	50.98	45.25	44.53	47.73
23.07	19.19	17.95	17.78	19.71	17.54	20.12	22.43
31.66	29.58	30.68	29.69	28.47	29.59	34.52	27.28
14.31	12.72	11.29	13.09	11.37	13.1	14.55	10.3
14.83	12.95	13.64	12.55	12.69	11.18	14.04	13.04
19.37	20.66	20.76	23.34	21.33	16.58	19.06	22.26
3.07	2.62	2.53	2.37	2.8	2.82	2.63	2.83
10.58	13.45	10.52	13.71	10.7	12.32	12.96	12.57
24.84	23.56	22.87	22.37	23.37	25.41	23.58	26.67
39.5	37.64	47	41.83	36.8	42.96	41.51	40.51
33.13	40.41	32.84	28.06	39.67	36.22	36.22	40.56
5.3	4.65	5	4.63	5.6	4.31	4.66	4.87
17.59	20.14	20.13	15.89	14.9	16.69	15.88	15.02
71.81	57.39	51.13	49.7	43.17	66.51	49.71	56.79
7.2	6.07	6.29	5.82	7.44	7.03	5.7	5.76
50.61	43.39	50.57	34.36	47.37	46.03	43.07	51.19
17.31	22.72	21.3	28.18	23.62	22.18	20.88	21.07
35.58	35.95	34.24	39.72	38.04	41.3	40.87	35.94
15.26	16.9	13.68	15.87	19.02	16.26	13.3	16.26
27.12	25.36	20.4	22.92	25.97	26.77	21.41	24.7
101.35	85.39	77.43	70.87	79.17	63.91	65.36	84.96
1.5	1.16	1.39	1.6	1.23	1.4	1.46	1.38
5.02	6.18	5.4	4.63	6.85	6.35	5.08	5.53
29.27	34.81	23.54	26.25	26.11	34.73	30.04	26.86
18.69	23.32	19.14	17.46	21.25	20.59	20.26	19.36
51.88	49.44	42.24	49.4	47.32	46.03	44.85	55.23
125.63	139.24	124.28	130.81	136.27	111.72	105.13	123
50.87	47.67	47.13	36.98	48.5	55.73	51.75	43.32
39.33	30.65	41.83	36.59	42.36	42.8	35.53	37.55
26.15	31.1	27.57	28.79	26.06	28.84	32.16	24.89
8.45	8.22	7.32	8.76	7.77	9.9	7.94	8.09
1.72	1.67	1.75	1.68	1.71	1.63	1.66	1.69
68	62.5	55.11	71.01	70.54	66.59	66.78	72.97
18.52	17.43	16.36	15.42	21.74	17.4	18.48	17.1
51.15	49.79	42.88	46.15	45.03	43.18	37.34	37.1
8.98	9.2	8.26	7.92	8.59	8.85	7.86	8.16
20.63	22.36	23.79	22	22.49	20.77	21.27	18.4
9.93	12.11	9.59	11.32	10.31	11.65	11.7	10.65
36.96	37.38	33.32	31.74	28.37	35.82	27.82	33.44
7.12	7.49	6.95	7.53	6.72	7.48	6.92	7.31
24.31	22.35	23.74	24.08	22.87	26.5	25.31	25.7
6.93	8.86	7.61	7.34	7.78	8.33	8	8.76
23.67	22.08	21.05	27.22	26.12	24.44	27.89	21.46
49.58	51.74	52.42	47.33	47.06	50.81	55.14	53.18
13.69	12.91	10.16	12.37	12.43	13.75	12.27	12.41
8.91	9.99	10.28	9.39	8.18	8.52	8.83	10.02
14.88	14.77	13.36	14.11	14.81	11.9	14.48	11.07
50.64	49.01	48.33	55.28	55.25	45.55	47.44	46.32
34.25	34.81	39.22	35.68	35.2	36.99	39.95	32.79
10.6	11.04	12.1	12	12.08	10.74	10.5	9.04
17.75	17.74	15.76	16.21	16.2	20.82	15.28	18.19
52.25	40.18	43.47	42	53.31	41.74	50.76	45.84
64.41	68.84	65.82	74.47	62.1	82.72	72.36	80.86
24.86	28.65	26.34	32.15	35.9	33.25	28.53	35.16
34.53	34.32	33.02	34.91	30.09	32.72	30.83	29.7
88.31	87.2	93.05	93.92	81.28	93.37	75.08	98.23
15.28	13.02	17.51	14.64	13.52	12.03	15.54	13.51
11.83	9.8	11.85	11.18	13.54	12.33	9.92	9.81
10.09	9.84	9.46	10.58	10.53	8.6	11.77	10.04
32.74	32.62	31.15	30.95	37.68	33.38	29.92	36.74
30.78	30.77	32.63	38.04	32.44	32.43	29.78	31.78
9.65	7.68	7.18	9.67	8.4	8.46	7.49	7.89
25.04	26.06	25.85	23.7	26.15	24.12	23.53	23.43
18.64	18.05	19.66	16.76	18.42	20.63	19.88	18.83
63.49	48.64	41.44	54.08	50.62	53.21	55.02	51.61
23.01	24.06	19.93	28.17	24.68	21.79	26.88	25.13
10.72	11.85	16.66	11.41	13.85	11.1	12.74	15.96
68.72	98.03	89.3	78.38	91.71	63.56	61.87	83.54
6.31	6.42	7.03	5.94	6.95	6.09	5.85	5.95
35.78	38.68	41.9	38.76	38.85	41.29	37.88	39.22
44.16	54.01	54.58	53.7	58.67	56.07	54.02	51.96
32.19	34.11	36.1	28.05	23.59	26.36	30.17	29.31
20.88	28.29	26.84	24.25	23.91	25.65	24.37	25.58
15.96	15.61	14.48	11.9	13.96	13.02	12.66	13.49
2.05	2.46	2.49	2.37	2.31	1.99	2.44	2.3
10.45	12.08	12.05	12.48	10.58	13.94	13.92	11.86
3.67	4.82	4.06	3.28	4.76	3.93	4.47	4.89
8.22	9.11	7.01	8.92	7.49	8.44	8.33	8.38
14.72	16.69	16.57	16.07	14.05	15.61	14.9	13.88
9.74	10.64	8.86	10.86	8.78	9.48	8.39	9.58
35.33	42.57	33.97	34.62	37.25	40.47	49.13	42.09
14.04	17.44	16.23	18.86	18.23	15.57	19.16	16.66
14.28	16.02	17.3	13.8	16.72	18.23	11.34	16.94
52.46	57.16	59.83	66.81	64.22	58.85	60.28	52.7
16.06	16.43	15.26	13.92	13.62	14.93	14	16.25
5.11	4.68	5.43	5.41	5.58	5.28	5.11	4.87
103.5	88.73	129.41	137.6	118.02	94.77	112.5	102.75
6	4.99	5	4.39	5.13	4.97	5.44	4.88
15.87	15.16	16.65	14.61	15.76	19.8	14.41	16.35
122.07	112.73	109.27	119.25	117.36	114.78	112.94	115.2
44.97	45.37	40.69	36.56	51.07	42.11	38.54	42.52
39.37	38.28	40.63	34.4	35	36.64	34.75	41.7
2.21	2.14	2.23	2.21	2.07	2.1	1.9	2.68
8.89	9.21	8.26	8.58	9.35	9.3	10.05	9.71
38.87	36.07	30.55	31.63	29.97	39	33.89	38.93
32.97	29.94	35.47	39.79	31.14	35.92	36.01	31.32
11.17	12.27	10.93	10.26	11.1	12.24	12.58	8.66
46.02	48.66	41.83	37.57	36.1	41.15	38.82	35.52
17.88	22.78	20.55	20.21	20.69	20.67	24.02	21.04
2.45	2.37	2.42	2.31	2.01	2.48	2.71	2.54
32.33	36.32	37.24	33.37	32.2	32.5	33.06	34.24
11.11	12.23	12.21	13.68	13.94	15.38	12.64	12.08
58.76	86.85	64.52	59.24	68.61	67.06	53.96	77.63
11.99	14.13	14.2	11.79	13.38	12.55	13.33	10.3
9.85	11.72	11.15	11.17	9.24	10.53	11.07	11.07
31.93	29.5	26.8	27.83	26.66	33.85	35.21	30.32
24.61	25.69	33.25	29.68	21.87	25.37	26.43	32
49.68	57.14	40.9	44.39	43.81	47.77	44.78	43.63
14.1	17.34	16.32	16.86	14.62	15.53	17.95	14.58
1.27	1.58	1.46	1.57	1.57	1.37	1.47	1.65
38.45	37.82	42.4	39.7	39.78	41.03	44.1	44.34
69.92	68.76	81.94	53.87	63.58	70.53	71.91	60.16
18.68	19.47	17.71	17.02	19.62	21.25	22.78	22.33
64.98	64.92	71.8	65.6	67.36	71.61	68.61	73.13
73.37	84.86	91.4	92.18	72.77	95.57	87.15	86.85
18.47	16.68	12.74	17.27	13.47	15.28	13.26	15.64
13.8	14.28	14.09	11.24	14.43	12.85	13.52	11.66
12.03	10.65	14.12	11.34	10	12.86	11.88	11.12
38.25	40.16	45.51	40.05	46.84	56.41	41.15	50.69
22.12	22.43	18.99	22.16	25.01	23.65	23.92	22.09
68.75	57.83	93.11	74.8	71.57	73.49	56.08	74.95
50.22	52.14	46.99	54.8	55.05	50.52	42.42	60.88
19.05	22.02	22.47	19.64	20.69	23.81	17.85	24.13
51.66	68.14	55.27	53.5	68.21	66.17	71.47	70.08
45.31	47.45	40.5	44.6	41.97	42.95	42.37	49.31
27.32	32.67	30.08	27.46	26.22	27.23	27.52	25.61
33.26	27.39	28.49	30.52	28.33	31.65	35.27	30.65
19.16	21.8	20.75	19.88	23.78	24.18	21.18	22.39
11.34	12.58	10.96	11.68	13.05	10.86	12.32	12.71
42.92	41.02	43.81	42.15	51.88	54.31	45.77	47.4
27.24	29.05	25.73	28.3	23.65	26.66	30.26	28.41
6.77	7.18	6.37	8.44	7.89	7.53	7.15	6.37
45.82	59.72	54.53	52.37	58.79	55.37	39.83	52.39
58.04	64.93	56	60.68	60.24	58.19	67.96	76.24
22.71	21.64	20.87	22.38	23.87	21.92	28.74	21.31
13.11	11.98	13.16	14.32	11.67	11.66	13.16	11.71
41.01	44.59	41.69	33.93	45.83	46.1	39.49	43.38
18.61	16.96	19.2	16.45	17.14	19.44	18.08	15.81
31.58	29	26.4	30.28	29	32.08	32.8	35.95
66.69	63.51	60.08	64.72	71.81	70.03	61.96	60.25
145.32	134.82	171.68	149.05	122.75	125.66	158.73	160.37
82.32	113.94	94.03	104.06	86.88	82.48	92.03	104.11
62.39	58.84	57.62	66.15	59.56	61.41	53.08	66.49
38.23	43.3	40.04	41.87	35.82	37.82	37.31	37.53
8.86	8.27	9.31	10.08	7.24	9.49	10.5	8.84
34.54	34.41	40.61	28.58	36.08	33.07	31.39	35.82
31.44	29.67	35.06	33.53	32.08	33.51	35.17	29.79
47.3	46.04	46.62	42.81	41.45	50.72	52.34	50.27
13.92	15.65	15.04	13.73	13.75	15.59	15.09	14.14
4.95	5.84	5.49	4.92	5.3	4.72	4.99	5.15
1.66	1.85	1.71	1.83	1.74	1.78	1.71	1.84
3.78	3.28	4.23	4.03	3.64	3.86	4.3	4.63
34.16	35.52	28.2	30.32	35.14	32.03	38.18	30.42
103.83	95.09	74.78	83.3	93.58	79.41	84.68	78.06
15.02	13.49	14.97	13.85	12.78	14.84	15.85	12.93
16.69	16.37	16.81	15.27	17.6	17.24	15.6	18.55
23.86	21.42	24.12	23.43	22.01	20.45	22.29	27.58
50.37	38.16	41.75	31.18	35.85	37.88	31.89	39.13
24.37	27.15	29.67	29.33	36.04	26.79	28.69	32.32
9.51	10.56	9.9	9.01	10.35	10.52	9.88	12.65
42.85	38.87	39.89	33.66	37.28	35.65	39.35	40.89
38.51	47.93	44.99	35.88	41.02	40.68	46.28	50.16
23.47	26.8	22.77	21.7	24.52	19.24	22.39	19.33
62.38	65.59	63.99	80.53	69.81	79.46	68.84	72.92
51.1	55.44	55.02	59.55	43.7	44.2	44.98	60.16
26.05	23.32	23.61	28.28	25.31	28.33	25.95	25.28
62.24	61.06	67.46	67.5	64.94	48.09	60.31	75.39
46.48	55.5	45.84	41.84	52.97	46.24	50.7	47.54
5.88	4.53	5.3	4.61	5.62	5.46	5	5.18
7.42	8.29	7.6	7.9	7.78	7.15	7.76	8.38
8.18	7.82	10.07	9.81	10.16	10.56	8.69	10.27
23.35	26.74	24.77	24.72	26.56	20.05	25.67	21.78
31.68	33.18	33.4	34.7	28.8	30.46	34.01	28.11
90.49	94.6	114.31	116.06	85.16	81.03	89.06	90.24
5.24	4.57	5.01	5.06	5.2	5.03	4.95	4.88
59.7	58.2	59.77	63.33	44.83	57.05	50.78	54.61
36.54	39.35	41.37	35.52	36.68	41.39	43.13	34.39
35.07	39.94	33.47	34.95	33.79	39.35	39.22	31.03
5.95	5.94	4.99	5.82	5.85	5.89	5.96	6.23
115.36	90.69	108.28	104.59	96.97	92.05	117.85	101.07
18.45	19.82	20.5	19.48	21.94	19.88	20.08	21.54
1.04	1.37	1.09	1.21	1.04	1.98	1.13	1.14
6.29	6.33	6.05	6.19	7.3	5.2	6.12	7.45
1.13	1.17	1.17	1.17	1.16	1.19	1.15	1.19
14.33	12.53	14.73	13.65	11.64	14.65	12.93	14.13
18.56	18.94	16.8	15.92	16.81	18.29	18.94	18.33
5.89	5.84	6.04	5.38	5.36	5.46	5.79	5.65
33.14	29	31.81	29.05	25.12	27.8	22.29	26.55
13.07	11.69	14.36	13.28	13.78	13.33	12.02	14.04
5.4	4.63	5.03	4.54	4.91	4.46	4.23	4.53
39.37	35.61	36.55	40.41	43.07	37.61	44.27	38.14
45.55	43.23	43.14	40.33	42.75	36.98	38.02	39.33
131.75	120.73	120.88	136.22	126.24	126.44	129.16	142.47
34.85	39.34	40.71	37.13	32.45	36.02	41.1	39.75
6.25	6.7	5.14	6.61	5.49	6.69	8.4	5.11
11.91	11.6	13	12.37	14.27	11.29	10.41	12.25
15.94	20.91	19.11	17.87	18.18	17.39	21.12	18.04
1.46	1.23	1.52	1.67	1.45	1.35	1.41	1.35
40.36	37.49	45.82	45.51	42.23	39.81	34.58	34.94
15.24	18.23	20.42	18.01	18.7	15.14	17.14	15.55
49.95	64.99	75.06	67.9	54.95	60.36	68.22	71.55
6.08	5.09	5.46	6.31	6.19	5.79	5.27	5.76
77.73	99.79	104.58	96	117.31	84.82	106.53	107.6
12.79	12.18	13.8	12.5	12.28	12.04	12.42	9.75
23.69	27.7	24.71	26.73	24.75	29.47	23.97	27.33
39.6	34.55	36.78	42.24	48.47	46.42	35.9	36.16
37.73	36.34	46.88	43.78	40.13	39.38	41.56	38.14
82.4	82.56	72.64	81.96	83.06	70.03	68.21	77.16
1.97	1.02	1.86	1.86	1.79	1.8	1.79	1.95
23.27	32.36	26.55	34.97	28.4	29.36	29.53	30.29
31.46	31.58	31.93	30.77	32.52	32.62	30.23	34.35
11.32	10.75	11.49	10	11.42	11.82	12.08	11.51
33.14	36.95	32.19	30.83	32.81	32.37	32.72	38.56
22.36	19.56	20.98	22.07	19.56	22.79	24.4	19.77
43.56	41.81	49.96	48.37	45.72	49.26	51.19	33.99
69.02	56.08	63.81	69.83	62.38	58.66	58.54	54.77
42.88	35.95	42.63	38.27	41.38	36.91	41.25	34.11
36.48	34.91	42.88	42.28	38.41	40.54	43.78	39.33
33.68	38.17	33.74	26.12	36.18	27.34	31.42	33.35
28.32	28.25	25.42	28.03	24.6	31.44	28.48	26
23.72	22.4	22.73	16.93	21.37	22.78	19.06	25.38
8.99	9.11	8.54	10.98	10.49	10.74	9.19	9.29
14.76	17.03	20.77	18.41	19.55	20.75	18.58	14.95
54.17	37.93	59.67	50.3	46.84	50.58	40.87	49.01
5.49	5.24	6.49	6.11	6.62	5.84	5.74	6.21
69.81	79.05	82.49	81.72	87.75	82.9	67.42	82.1
55.48	58.55	64.29	57.45	62.25	57.64	67.62	62.2
16.92	14.26	19.4	17.29	18.06	15.57	16.11	21.77
43.31	38.16	41.45	34.52	33.13	35.27	43.82	36.69
27.88	30.24	27.29	33.76	26.17	30.4	24.79	34.55
23.9	21.21	21.11	23.84	22.45	22.36	19.9	24.36
72.73	85.38	101.3	95.21	74.16	93.07	74.48	81.35
17.12	18.72	18.26	15.88	16.32	17.57	17.56	17.83
138.39	157.53	142.21	115.3	119.64	113.31	120.67	111.22
41.42	35.76	36.71	34.08	36.49	40.91	40.96	37.64
40.41	37.7	44.07	42.87	45.26	38.58	41.04	38.39
5.92	5.99	5.92	5.47	6.39	6	5.63	5.14
16.8	15.44	19.06	20.32	18.36	20.58	19.41	17.51
11.42	10.3	10.26	11.69	9.67	11.22	9	10.25
36.29	42.93	36.81	45.29	32.87	39.78	45.91	33.29
104.74	127.57	161	129.61	129.84	138.61	145.81	130.18
14.49	12.32	10.87	13.45	13.97	11.27	13.1	13.75
10.93	7.74	11.14	8.15	8.74	8.47	7.78	8.3
34.47	37.32	34.92	29.29	40.3	32.23	26.95	39.41
22.13	23.24	26.18	24.05	22.09	21.67	19.91	22.33
2.12	2.13	2.09	2.02	2.15	2.37	2.08	2.38
38.68	33.92	39.36	33.23	40.63	32.44	36.57	33.85
3.7	3.68	3.42	2.98	2.92	3.17	3.59	2.89
37.71	35.21	44.65	34.32	38.69	41.79	35.58	39.61
22.04	23.56	25.03	20.89	20.79	24.73	23.68	20.39
24.61	25.68	20.8	25.95	26.4	22.16	29.11	27.24
17.69	17.07	18.81	17.21	15.26	15.89	16.17	16
79.14	67.87	83.55	87.98	70.14	75.99	89.88	75.26
2.98	2.63	2.52	2.97	3.08	3.07	3.09	2.76
2.26	2.4	2.28	2.43	2.27	2.46	1.7	2.46
19.94	17.93	16.69	16.31	17.82	19.58	13.71	16.84
5.86	7.17	6.52	6.5	7.42	5.97	7.05	6.62
10.75	13.64	13.97	15.2	11.13	11.87	11.96	12.2
6.58	6.43	5.63	6.2	5.77	5.63	7.28	6.34
27.02	23.49	23.38	18.89	21.29	22.08	25.4	21.68
11.4	11.86	10.76	10.18	11.99	9.69	11.6	12.07
15.79	15.67	15.62	15.41	14.11	15.47	13.99	15.61
10.29	8.97	10.76	10.5	11.75	11.54	9.41	10.3
14.37	17.57	14.24	11.28	16.95	16.3	13.96	14.44
57.81	41.58	39.93	38.13	45.48	36.29	53.68	53.13
77.82	95.43	88.67	84.54	74.16	91.16	87.5	90.19
7.13	8.28	7.65	7.96	8.19	8.23	7.16	6.84
73.02	87.71	95.73	67.28	88.64	99.28	88.59	88.34
12.94	12.88	11.78	12.27	12.67	13.3	12.43	13.73
63.22	55.86	61.4	47.53	60.48	60.75	58.05	67.33
15.52	17.54	18.41	11.73	12.83	18.7	17.45	18.3
6.66	7.49	7.23	6.9	7.75	7.45	8.57	7.26
24	23.48	26.64	26.18	26.3	25.73	25.05	24.27
105.88	129.52	118.22	89.81	104.87	135.28	104.58	108.67
24.55	20.86	22.39	22.05	21.72	22.65	22.96	25.49
46.49	47.09	45.83	47.52	43	42.8	39.52	52.52
7.76	7.64	9.1	9.26	10.05	8.81	9.69	8.41
10.96	13.15	10.43	11.26	10.62	11.04	13.04	10.03
25.95	25.26	25.4	23.16	29.38	28.57	25.24	27.28
58.94	46.44	43.82	44.38	69.22	51.74	59.23	56.09
16.7	16.3	15.36	19.73	16.63	18.38	18.58	16.18
64.87	68.58	57.82	71.11	58.26	57.09	58.46	69.39
11.83	8.92	10.59	9.85	10	10.83	10.9	12.22
57.97	51.22	46.92	43.22	41.26	35.87	50.65	58.72
21.54	20.32	22.18	22.11	19.32	22.64	21.68	17.47
42.78	48.36	40.54	50.45	42.62	41.78	38.14	44.82
50.29	44.28	58.29	54.81	61.88	61.84	62.82	56.32
8.29	9.61	9.4	8.74	9.04	6.85	8.89	8.41
8.11	8.74	8.61	8.4	7.82	8.04	8.01	7.56
57.19	60.25	53.61	43.82	62.96	46.71	42.76	56.79
36.86	33.05	33.63	35.61	36.41	35.55	39.68	35.02
2.03	2.51	2.21	2.74	2.63	2.21	2.78	2.66
25.1	19.39	24.63	23.75	21.92	19.31	26.03	23.98
62.98	46.81	61.83	54.74	72.19	71.31	63.89	68.97
1.77	1.84	1.68	1.77	1.88	1.92	1.77	2
70.74	66.51	60.54	59.66	68.98	56.51	66.03	59.32
28.07	26.87	33.62	26.93	22.81	24.72	24.09	26.57
26.41	31.1	26.3	30.22	28.98	29.14	30.64	30.35
33.91	38.01	40.32	28.45	41.74	36.48	34.48	37.64
22.07	24.24	21.27	21.65	20.64	22.09	22.52	21.19
61.88	63.85	52.04	60.1	58.86	62.22	66.17	53.63
39.77	39.97	41.31	49.49	39.09	50.19	40.61	45.57
30.68	31.49	36.59	33.15	33.82	36.01	29.89	33.28
3.69	3.3	3.97	2.81	3.22	3.97	2.72	2.75
43.37	46.16	47.78	52.79	46.92	46.68	39.61	43.82
24.87	23.39	21.74	23.66	26.64	20.73	21.82	22.9
18.32	15.47	17.08	16.93	16.95	16.99	15.75	15.75
17.3	19.02	19.07	20.61	18.47	17.68	18.83	22.75
3.94	4.26	4.21	3.81	3.79	3.2	3.89	3.69
12.93	15.28	11.89	15.84	15.17	13.56	15.01	15.48
22.54	19.06	20.26	18.9	19.04	22.39	19.94	17.86
2.78	2.7	2.87	3.36	3.14	2.8	2.94	3.06
1.63	1.82	1.74	1.66	1.74	1.7	1.8	1.66
14.04	13.59	13.54	19.32	13.3	17.22	15.39	14.15
31.45	32.88	28.98	29.67	27.4	32.42	31.16	31.97
21.05	20.94	20.16	19.73	19.63	19.26	21.5	17.8
3.21	2.98	3.31	3.16	3.14	2.72	2.75	3.99
18.08	22.13	17.49	21.7	20.82	19.87	14.67	22.94
33.53	28.89	28.2	36.79	32.4	29.63	29.1	27.96
22.08	25.31	26.61	23.7	25.59	23.38	19.8	24.96
86.53	78.38	75.43	73.66	80.45	71.1	65.91	72.73
69.59	70.12	72.6	72.22	77.43	61.2	63.84	67.66
76.25	81.02	81.57	75.9	67.02	87.65	84.67	74.48
49.68	48.7	41.89	52.55	57.74	50.12	42.93	41.99
39.56	36.61	35.76	43.31	45.83	46.3	35.98	35.05
22.4	19.84	18.69	22.12	21.11	18.02	19.68	17.23
20.07	15.71	14.86	16.27	17.32	17.43	19.47	15.64
3.5	3.2	2.99	2.92	3.35	3.84	3.72	3.74
5.69	6.47	6.34	6.37	6.51	5.69	6.07	5.7
30.83	28.69	30.9	25.4	33.86	25.2	29.79	30.01
23.4	26.61	21.21	22.69	23.87	22.28	22.48	20.77
68.28	67.02	67.13	62.15	56.02	58.8	61.43	68.63
6.26	5.9	5.34	7.14	6.89	5.93	7.3	6.56
19.34	17.51	18.74	24.95	20.83	20.9	22.21	19.71
8.58	7.11	6.77	7.41	8.16	6.46	9.11	8.39
6.09	4.94	6.2	6.56	6.82	6.05	5.9	4.67
5.55	6.24	6.17	5.42	5.56	6.69	5.85	6.64
75.09	71.23	79.75	93.81	76.21	71.65	73.24	67.92
22.24	22.86	21.63	23.99	17.71	22.19	27.39	16.33
7.06	8.13	8.32	7.55	7.85	6.73	9.05	7.32
23.07	23.32	19.95	18.52	23.15	23.43	20.69	20.98
24.72	25.29	22.78	20.92	20.15	25.28	21.83	21.46
4.72	4.49	3.62	4.26	4.95	3.84	4.88	3.62
15.77	19.16	18.54	16.84	18.41	20.69	19.92	16.86
28.14	28.51	30.35	23.92	27.14	27.5	27.85	25.16
17.02	19.85	19.96	21.31	19.46	16.74	20.89	19.29
33.48	28.08	33.4	35.31	35.97	41.94	29.92	37.37
1.65	1.79	1.91	1.65	1.97	2.02	1.62	1.88
1.04	1.07	1.9	1.02	1.02	1.99	1.88	1.11
5.85	6.5	7.46	6.52	6.78	5.72	5.97	6.54
3.14	2.4	3.45	3	3.35	3.22	3.09	3.27
26.75	30.95	25.61	32.37	33.78	31.7	36.84	27.34
3.11	3.22	3.03	3.23	3.19	3.35	3.6	3.7
8.71	9.77	9.78	8.3	8.81	10.68	10.71	10.24
23.53	20.08	21.63	17.79	17.14	26.45	23.37	23.23
9.97	9.81	7.68	8.79	9.57	9.32	12.47	8.95
48.84	42.93	49.85	65.02	53.78	42.54	56.61	57.84
23.73	23.19	22.81	24.98	24.63	23.88	24.32	22.33
24.47	21.42	25.91	20.51	25.76	20.62	24.69	22.48
36.1	32.54	27.81	29.75	40.56	34.1	35.16	32.36
23.37	20.49	21.17	18.64	18.68	17.95	22.35	17.15
86.92	70.91	90.23	80.63	98.6	85.18	90.8	90.33
13.49	12.42	13.77	14.36	10.16	12.11	10.36	11.92
2.92	3.06	2.6	2.31	2.67	2.21	3.03	2.73
49.61	57.8	50	42.72	49.13	57.11	51.08	53.11
16.25	14.66	13.76	12.87	14.25	16.66	16.79	17.58
60.58	58.13	58.24	53.25	65.07	65.35	66.48	61.66
35.31	27.79	37.9	42.88	37.69	36.99	39.2	37.88
30.64	22.04	29.49	27.44	34.38	29.15	32.28	32.88
1.76	1.83	1.9	1.76	1.75	1.87	1.83	1.81
10.03	10.46	10.15	12.07	11.46	12.42	9.76	10.81
29.95	25.69	27.38	33.13	28.63	36.22	30.23	27.8
13.65	17.51	15.46	17.61	14.7	16.47	13.83	16.82
2.69	2.52	2.17	2.16	2.4	2.59	2.16	2.28
7.76	7.07	6.4	6.75	7.41	8.38	7.41	6.26
7.96	6.75	6.8	6.06	7.43	7.48	7.86	6.77
1.9	1.08	1.23	1.14	1.93	1.1	1.03	1.24
16.08	21.1	19.35	17.62	17.5	17.84	20.78	18.95
106.61	103.02	115.26	102.98	106.22	124.85	104.9	102.45
31.95	28.6	28.19	27.97	31.23	26.37	24.47	30.68
10.59	10.73	12.07	12.86	11.52	13.26	11.36	15.32
42.46	42.8	49.82	53.01	43.57	50.78	43.45	47.68
78.73	91.46	76.93	84.16	86.74	77.58	89.71	83.94
84.62	71.9	66.69	57.6	63.5	78.99	80.21	79.29
32.9	42.02	37.04	38.11	36.3	37.84	34.95	34.16
5.69	3.97	5.77	5.95	5.46	5.05	5.09	5.17
1.33	1.38	1.36	1.37	1.33	1.37	1.31	1.31
38.27	38.41	34.22	35.71	32.88	29.75	34.28	31.04
1.83	1.06	1.44	1.4	1.21	1.33	1.53	1.37
8.77	8.21	7.14	7.21	7.25	6.38	9.26	8.88
5.39	5.26	5.54	5.6	5.65	4.47	5.45	5.99
63.12	66.95	68.18	67.76	73.38	72.62	76.62	55.01
8.47	7.56	8.02	7.13	7	8.65	8.77	7.17
10.23	12.19	10.02	7.49	10.14	10.9	9.15	11.58
6.17	4.94	5.54	6.57	5.31	5.93	5.25	5.08
8.71	9.53	9.84	9.43	8.82	10.93	10.81	7.6
107.87	87.8	106.12	92.13	100.68	107.35	94.93	106.92
69.57	66.89	75.32	63.16	64.72	83.8	84.2	72.92
49.66	42.26	45.22	36.66	41.1	41.32	45.87	42.01
64.46	63.62	61.47	66.67	60.59	55.34	68.46	61.66
8.62	7.68	8.37	8.09	7.41	7.89	8.13	7.8
9.82	8.09	8.6	7.86	8.51	8.36	8.51	8.04
9.22	8.62	9.39	9.04	9.38	10.17	10.97	9.36
45.47	46.07	45.86	46.71	50.71	44.02	38.45	43.54
10.28	7.73	8.93	8.52	7.76	8.1	8.54	7.82
16.3	13.01	14.39	17.89	17.85	19.28	18.17	14.12
7.3	6.58	6.42	6.23	7.26	5.98	5.8	6.76
8.96	8.31	9.4	9.51	9.3	10.02	9.4	9.77
72.11	86.02	76.68	70.87	58.78	65.74	61.46	70.55
39.76	41.31	47.28	41.23	49.05	50.32	43.43	45.22
54.34	53.86	53.83	46.27	63.49	56.43	54.5	54.76
54.25	62.3	55.74	43.69	50.17	43.02	51.31	58.29
43.99	37.79	46.47	42.9	45.12	42.83	38.05	43.29
131.38	103.25	102.7	126.55	118.98	119.57	123.4	106.75
3.5	3.06	2.64	3.39	2.74	2.7	2.83	3.32
37.04	38.58	44.5	34.15	34.51	34.92	36.34	38.22
127.47	91.98	121.3	103.85	124.74	152.61	141.78	120.21
88.46	78.11	61.21	78.04	65.78	63.07	72.01	68.67
31.54	31.33	38.13	31.17	32.23	29.2	34.95	30.74
20.71	21.43	20.59	21.04	22.26	21.28	23.91	24.54
18.34	16.04	16.74	17.16	17.56	15.16	18.72	15.51
16.26	14.06	15.67	14.3	15.39	13.98	14.35	15.43
60.6	77.58	62.54	80.5	62.56	71.12	65.66	76.49
18.91	19.61	16.3	18.27	18.52	16.4	17.7	18.5
19.64	16.8	19.23	18.67	18.65	20.85	16.38	16.64
38.27	46.76	42.68	40.55	37.39	43.19	42.56	43.32
2.14	2.26	2.41	2.83	2.01	2.32	2.26	2.39
1.13	1.13	1.1	1.13	1.11	1.12	1.13	1.12
10.16	9.1	8.72	8.84	7.48	9.23	9.56	10.49
16.99	18.24	14.87	17.96	17.79	20.2	18.22	19.39
9.31	8.28	8.91	6.74	8.24	8.89	9.14	8.11
22.45	21.04	20.01	23.1	19.55	20.91	26.51	19.98
37.44	40.21	31.15	42.05	41.15	37.81	37.57	33.9
2.34	1.78	2.04	2.24	2.25	2.54	2.04	2.32
2.55	3.15	2.54	2.86	2.17	2.08	2.31	2.39
29.62	26.09	21.23	27.77	26.5	25.25	29.02	25.14
58.07	60.22	68.69	78.85	58.44	75.12	67.97	62.82
4.91	6.36	5.73	5.09	5.11	4.05	4.64	5.18
36.3	28.79	35.02	35.92	34.63	36.56	37.49	32.05
20.13	20.77	21.99	24.71	20.76	25.73	25.24	22.8
44.8	46.26	61.37	52.63	47.53	51.68	51.35	46.28
57.71	67.69	73.02	74.54	57.51	59.39	60.76	62.99
23.94	30.39	23.2	24.19	30.6	29.44	25.52	31.92
3.08	3.48	3.16	2.88	3.72	3.11	3.43	3.09
93.51	106.63	106.58	103.78	99.26	103.89	112.32	115.61
11.72	12.26	11.53	12.47	9.65	9.79	14.36	10.94
3.25	2.92	3.28	3.42	2.82	2.68	2.37	2.89
90.27	86.71	88.08	99.3	72.58	77.64	83.15	75.8
1.68	1.64	1.64	1.59	1.63	1.67	1.64	1.64
19.08	17.72	17.57	19.22	18.68	21.32	22.15	18.88
2.99	2.78	3.26	2.72	3.13	2.82	2.43	3.12
10.76	12.19	12.52	13.15	12.32	11.44	11.25	10.01
29.44	31.13	31.69	30.3	30	29.04	30.74	28.85
1.74	1.78	1.74	1.83	1.73	1.75	1.74	1.71
41.55	36.38	43.87	47.02	50.14	36.73	39.98	36.46
2.92	2.46	2.46	2.51	2.62	2.1	2.6	2.51
20.42	18.23	16.54	13.49	15.21	18.21	18.27	17.42
3.06	2.53	3.57	3.16	2.98	2.98	2.56	2.96
3.79	4.2	3.68	3.37	3.5	3.36	3.54	3.42
16.14	16.15	14.33	12.72	13.23	13.48	14.88	13.84
50.25	44.18	55.5	49.06	46.9	49.08	47.97	47.9
16.24	17.41	15.28	17.19	16.92	19.02	16.28	16.94
24.16	28.92	24.75	21.77	25.34	28.19	27.14	29.31
26.71	26.42	29.35	30.03	27.34	25.88	32.01	31.86
29.77	31.18	27.96	36.48	29	33.17	33.62	41.32
4.86	4.22	4.89	5.34	6.12	4.82	5.54	5.24
22.16	23.27	23.89	22.21	22.43	22.36	24.16	23.77
129.3	102.77	151.78	120.12	120.44	134.49	106.15	157.15
45.43	43.69	47.63	47.2	48.4	49.52	47.94	48.39
30.88	23.49	31.2	26.24	25.56	23.81	28.46	28.89
2.67	3.06	2.92	3.38	2.99	2.88	2.47	3.08
36.52	31.58	25.38	28.74	32.02	30.27	31.12	29.93
31.58	26.89	27.03	23.84	28.28	25.1	27.65	28.2
30.82	31.32	28.83	30.25	33.78	32.23	30.86	33
7.75	7.86	8.73	8.67	7.1	8.55	10.23	9.45
39.49	50.65	51.45	39.25	49.8	46.28	46.05	42.48
1.75	1.69	1.63	1.64	1.73	1.66	1.68	1.6
23.4	18.96	20.79	19.14	22.99	17.13	20.59	20.95
12.79	13.5	13.79	17.06	12.67	15.16	15.65	13.03
189.51	210.23	196.25	220.57	195.72	172.81	183.12	179.26
7.92	7.28	8.58	7.17	6.98	7.91	8.68	8.01
27.65	31.57	27.1	24.77	25.41	22.4	25.8	24.38
1.93	1.11	1.98	1.07	1.96	1.09	1.01	1.12
17.15	17.19	15.04	15.27	15.52	13.39	16.2	18.53
2.4	2.5	2.43	2.25	2.53	2.39	2.53	2.63
129.51	145.94	150.09	120.58	134.42	140.09	162.41	141.38
71.03	62.11	67.08	62.75	66.25	57.33	64.42	66.91
25.64	19.61	27.26	21.63	22.83	20.14	22.55	24.42
44.92	57.79	48.48	49.25	59.26	42.37	57.37	44.24
16.04	11.43	15.01	12.89	15.07	14.17	13.48	13.3
3.04	3.85	3.44	4.13	4.15	4.45	2.94	3.32
14.36	14.22	14	15.13	15.28	17.68	18.34	17.5
14.49	15.78	16.46	13.99	15.16	12.39	15.72	16.05
1.95	1.87	2.05	1.51	2.19	1.85	1.66	1.82
12.23	13.29	15.82	11.21	14.34	14.1	14.67	13.66
23.23	20.96	22.11	23.51	25.33	21.49	23.02	19.79
8.8	8.4	9.52	8.03	7.7	8.01	9.23	8.79
4.67	3.8	4.3	4.32	4.21	5.01	5.36	4.28
4.58	4.65	4.16	3.45	4.83	4.55	3.97	4.91
21.56	18.18	21.46	17.75	15.81	16.95	20.48	15.13
32.59	32.9	35.44	33.35	28.3	36.82	33.18	40.2
16.19	17.39	18.15	15.76	15.23	15.67	17.2	16.74
115.57	103.57	91.4	102.15	93.65	95.43	88.49	95.63
36.64	33.84	32.39	32.17	33.67	32	30.62	32.18
44.2	44.43	38.78	51.63	40.95	45.96	37.62	38.68
44.77	51.41	61.78	46.61	47.26	58.57	42.84	49.3
38.24	31.14	33.44	36.02	37.6	35.55	33.23	33.06
1.16	1.45	1.18	1.4	1.14	1.23	1.12	1.35
