23.05	21.19	23.03	25.91	23.41	20.84	21.3	22.43
57.45	62.77	53.93	58.79	58.15	60.11	61.48	64.11
35.54	52.21	45.59	44.59	47.22	46.48	55.1	47.89
91.92	75.35	68.61	87.54	64.09	74.13	81.51	73.45
6.76	5.05	5.78	7.14	6.06	7.37	6.79	6.15
17.16	19.92	19.23	19.18	20.95	18.04	17.77	16.99
37.48	38.57	41.41	47.19	44.81	48.39	37.76	45.09
30.32	26.71	27.56	26.24	29.08	24.8	27.54	30.53
3.33	3.2	3.46	3.39	3.63	3.66	3.29	3.24
39.37	42.39	46.93	38.12	41.28	42.8	33.36	42.57
10.28	9.31	9.73	10.14	10.18	9.42	9.99	9.87
69.57	78.79	70.23	63.15	65.71	80.11	70.65	81.37
45.64	51.24	50.45	48.71	42.22	44.74	39.42	42.7
155.56	149.9	160.15	142.01	162.92	156.06	163.2	163.41
12.6	14.42	12.18	11.68	12.41	11.04	14.84	11.78
20.12	20.67	23.99	24.1	19.86	19.79	19.26	24.7
26.29	22.68	27.39	24.22	24.66	23.8	25.98	22.65
58.25	49.47	56.48	56.93	52.15	58.64	46.13	55.08
45.64	51.83	54.27	53.41	47.23	50.51	45.88	59.42
17.5	13.62	16.48	14.4	14.74	14.5	17.64	14.76
31.57	31.71	39.8	32.91	32.08	34.46	35.95	29.86
1.52	1.27	1.75	1.41	1.44	1.44	1.39	1.43
30.4	35.14	36.07	37.62	36.15	33.75	34.3	28.62
11.05	10.21	9.77	11.34	10.12	10.32	11.13	10.51
23.17	30.11	30.13	25.35	26.54	23.43	28.52	29.92
33.96	35.7	35.21	36.77	36.33	33.63	31.84	37.17
1.2	1.04	2	1.96	1.98	1.19	1.08	2
37.87	30	32.11	38.77	33.39	40.04	40.41	36.68
15.95	15.59	16	15.92	16.27	14.43	15.12	11.4
7.36	7.81	7.88	7.97	6.87	7.93	8.67	7.75
50.64	46.96	43.33	43.76	43.6	48.41	41.14	45.18
35.03	30.97	33.54	37.54	32.58	37.68	35.61	36.28
13.94	15.21	13.33	13.93	14.73	12.15	16.28	13.94
20.84	25.35	21.99	21.69	22.32	22.99	27.06	21.66
41.75	41.72	43.41	35	36.32	47.27	45.85	38.39
15.51	16.77	12.53	15.87	15.65	12.35	16.81	15.8
20.73	23.59	19.1	18.54	15.82	19.53	19.21	18.27
4.27	4.48	4.9	4.72	3.93	4.88	3.95	4.99
72.94	74.5	69.22	70.29	55.69	71	56.12	61
46.92	47.18	50.01	46.83	38.91	41.57	43.5	42.26
10.03	10.25	11.59	10.88	10.53	10.67	11.45	11.59
11.92	10.28	12.53	12.1	10.61	12.31	13.49	9.79
32.36	32.37	30.3	31.97	29.98	30.19	29.9	31.41
15.53	14.44	18.73	15.03	14.41	19.3	18.5	15.77
34.08	30	32.75	36.89	30.98	34.07	33.66	32.91
1.52	1.7	1.83	1.76	1.76	1.61	1.93	1.71
13.58	13.05	11.53	11.7	11.7	14.08	13.6	11.56
39.95	43.22	37.22	41.54	41.1	33.98	42.31	41.58
11.05	14.01	11.63	15.62	11.82	14.13	14.9	14.03
16.2	15.28	16.48	15.44	11.74	16.21	19.45	13.77
22.72	31.41	24.75	26.97	22.31	25.07	23.54	25.49
34.7	35.13	35.75	33.55	32.19	33.91	34.04	31.33
37.78	28.82	30.13	29.56	33.45	32.72	31.43	29.46
42.24	39.53	35.83	37.66	36.48	36.81	33.18	35.55
13.52	17.07	15.96	16.52	14.31	19.2	17.52	15.54
138.35	140.23	121.07	143.87	154.11	139.43	167.62	169.46
21.47	20.34	16.09	19.61	19.07	23.83	21.34	22.73
44.42	38.54	44.61	36.68	36.28	42.25	41.46	42.19
17.1	14.44	12.74	13.7	14.92	14.46	17.07	14.56
35.22	37.6	34.62	38.67	35.51	31.73	31.24	35.12
40.49	38.71	42.03	46.3	38.68	44.9	38.49	44.39
16.17	12.31	13.77	13.54	15.17	12.74	13.3	13.91
73.8	81.24	67.71	86.84	82.07	78.29	71.8	71.44
52.15	55.03	50.15	55.57	55.16	58.28	61.61	53.93
29.67	26.48	26.21	26.08	27.22	27.27	24.62	29.53
3.68	3.39	3.88	4.09	3.44	3.48	3.29	3.8
12.34	10.72	13.13	12.79	13.09	12.66	10.06	11.77
108.9	102.07	88.94	90.76	109.42	112.62	102.38	134.69
60.59	64.31	76.9	66.31	66.39	71.81	68.71	69.15
16.73	17.68	20.12	18.03	19.13	18.85	16.75	20.8
8.16	8.7	8.94	9.03	6.77	9.46	8.05	6.15
5.1	5.34	5.36	4.2	4.18	4.74	3.8	4.41
2.76	2.37	2.41	2.59	2.43	2.51	2.97	3.04
52.56	51.3	49.22	49.8	49.45	53.6	44.12	51.27
19.97	20.51	21.41	22.13	19.91	24.84	17.3	21.19
6.9	8.1	7.21	8.91	7.95	8.7	6.25	7.14
11.28	11.73	13.75	12.88	11.1	12.46	14.1	13.43
14.41	13.9	14.23	14.58	12.97	12.95	11.96	13.49
41.5	40.83	39.86	41.44	34.49	31.97	33.06	36.61
67.54	60.32	63.3	56.92	66.01	64.93	60.7	55.4
47.68	37.79	50.94	36.41	36.31	37.05	38.18	40.52
104.1	110.9	119.15	136.67	116.71	110.76	120.16	114.34
6	5.1	5.25	6.61	5.66	6.63	6.34	6.04
56.55	44.79	50.07	53.71	50.27	47.75	52.84	54.37
31.99	32.66	34.89	26.77	32.21	28.58	27.85	30.24
29.77	30.66	25.07	30.94	38.03	32.94	29.48	31.88
13.93	16.32	15.04	14.99	16.67	12.62	15.31	13.14
7.8	7.07	7.68	6.76	7.7	7.93	8.25	7.67
36.26	47.5	38.58	33.71	36.13	42.85	44.19	34.95
6.33	6.47	7.62	7.74	6.86	7.13	6.4	6.96
20.01	20.69	20.47	27.73	23.67	24.19	21.5	21.89
35.05	26.9	25.07	29.74	35.44	31.99	31.84	28.09
20.28	16.13	16.09	20.18	24.04	19.48	18.82	18.57
51.28	55.46	45.18	56.05	65.38	48.87	51.87	54.91
40.89	51.09	52.41	41.09	51.56	50.01	51.55	48.1
36.33	36.46	37.21	31.55	40.39	45.82	41.19	33.64
40.56	40.5	38.84	38.69	39.34	38.21	37.37	37.7
32.27	28.13	24.89	28.59	26.98	31.09	27.87	26.96
42.26	40.64	47.55	37.91	39.22	35.08	40.93	41.04
10.44	10.62	10	10.29	9.72	10.53	8.65	9.46
13.18	13.33	12.38	11.39	11.41	14.3	16.61	12.25
2.47	2.41	2.36	2.87	2.4	2.29	2	2.67
10.38	14.08	11.86	13.77	12.03	12.01	14.48	10.14
13.12	12.72	13.64	13.82	13.19	11.75	12.35	15.26
67.84	63.1	79.02	63.12	79.41	66.83	67.28	69.16
88.2	73.51	76.76	84.33	74.26	74.2	84.14	100.35
7.19	8.53	7.19	7.05	6.76	7.46	8.82	6.78
18.05	14.37	18.25	18.21	16.29	17.06	16.11	16.24
15.25	19.08	14.94	14.88	17.31	19.27	18.5	15.7
8.42	8.2	8.11	6.14	8.26	7.09	7.4	7.35
1.97	1.1	1.99	1.03	1.07	1.91	1.02	1.86
3.16	2.91	3.26	3.07	3.4	3.19	3.76	3.85
8.95	7.27	7.75	8.26	8.67	7.23	8.17	8
67.71	72.35	73.78	69.7	67.44	64.82	65.71	71.09
98.65	93.35	106.9	123.92	82.8	95.92	116.74	96.89
3.4	3.28	3.37	3.82	4.18	4.48	3.26	3.59
50.52	57.69	62.57	50.3	46.42	54.78	48.41	50.34
20.46	17.45	19.16	18.3	16.32	18.19	20.35	19.74
9.61	9.45	8.73	8.79	9.09	7.7	9.58	10.35
27.89	20.59	22.23	21.04	23	22.48	23.71	27.12
17.94	17.72	17.48	15.38	16.83	17.05	18.84	16.63
31.05	39.19	38.65	36.31	36.56	35.87	37.4	32.1
8.75	10.73	8.29	9.51	9.84	9.03	9.1	8.88
2	2.13	2.58	1.95	1.92	2.37	2.35	2.43
40.16	34.01	45.33	40.37	37.67	38.53	37.64	37.4
26.68	27.72	31.03	26	32	27.64	25.18	25.92
27.49	22.43	26.02	26.13	30.05	21.14	26.21	26.81
37.32	42.86	38.34	38.6	41.35	49.3	34.8	41.6
69.16	62	74.53	67.1	68.12	63.2	49.81	60.75
111.16	110.65	136.52	128.26	135.68	118.28	130.54	113.88
11.83	11.38	8.56	10.3	11.69	10.52	9.74	10.52
17.54	15.64	14.88	14.38	15.25	14.81	13.27	15.05
24.8	27.02	29.06	32.17	31.73	25.58	27.28	31.33
78.56	79.93	65.12	78.59	79.84	71.99	73.94	73.67
3.17	3.45	3.34	3.41	3.13	3.59	3.32	3.5
72.53	74.7	71.83	81.85	65.07	67.03	61.77	71.58
22.38	19.66	17.02	18.83	21.06	18.82	21.99	22.25
31.39	36.99	36.01	39.79	37.5	35.22	37.98	35.46
89.25	87.43	86.61	87.63	81.93	76.23	81.91	90.03
17.99	19.13	19.82	15.63	16.84	15.81	19.16	14.71
48.39	36.76	43.96	44	47.32	45.83	49.36	44.59
23.27	23.15	22.13	21.66	18.73	20.41	17.56	20.09
51.31	43.02	42.07	45.28	46.07	42.87	33.98	39.42
77.41	66.58	86.41	72.88	77.84	69.32	57.89	69.9
114.99	101.78	86.16	111.23	99.38	113.74	118.14	114.49
4.41	4.33	5.32	4.7	4.95	5.61	5.56	4.7
40.88	36.49	41.82	38.3	41.38	36.72	41.85	34.69
6.07	5.77	6.05	5.38	6.27	5.07	5.66	5.22
1.61	1.54	1.62	1.63	1.66	1.6	1.69	1.63
25.05	24.48	21.36	25.53	24.13	27.71	25.41	23.22
10.84	12.39	13.35	10.7	12.21	13.15	13.27	10.44
3.13	3	2.86	3.22	3.32	2.58	3.96	2.72
56.54	64.55	56.99	58.42	63.11	62.87	63.68	55.53
61.77	53.61	50.53	51.74	48.53	61.4	46.21	54.47
80.13	70.07	102.71	86.13	74.96	69.96	96.91	94.3
12.65	10.28	12.34	13.27	14.78	13.84	12.18	11.4
9.73	7.82	7.19	8.33	7.54	8.68	8.91	8.11
7.69	6.88	6.75	5.68	5.56	6.23	6.63	6.52
11.2	7.99	10.26	7.99	10.39	10.77	9.96	10.18
27.78	31.91	30.94	33.31	30.85	28.25	27.85	32.55
52.49	48.26	50.71	49.79	56.14	58.81	57.57	61.62
11.42	10.84	11.61	11.18	11.14	13.26	9.6	10.94
22.7	26	26.23	25.61	20.42	23.76	20.1	23.6
101.73	103.24	71.6	83.5	105.23	97	88.26	86.12
79.97	65.29	72.02	70.63	65.08	90.19	66.94	62.21
25.09	17.18	22.36	21.64	21.64	22.05	20.28	19.14
1.42	1.33	1.31	1.33	1.33	1.36	1.39	1.35
34.36	34.01	33.35	38.49	30.19	32.01	44.1	34.33
20.34	19.63	16.69	18.3	17.57	17.95	19.51	18.42
77.82	58.85	74.61	63.52	67.73	67.12	78.82	56.57
15.3	15.27	15.21	11.02	14.08	12.73	16.24	13.51
8.35	9.4	8.88	9.92	10.45	7.57	6.35	7.78
12.61	13.9	11.9	13.26	12.34	11.49	13.65	12.22
2.33	2.49	2.31	2.44	2.55	2.38	2.33	1.94
36.53	36.48	36.03	37.81	42.49	42.01	45.6	38.39
8.55	7.71	6.3	6.28	8.05	7.18	5.82	7.61
15.12	15.26	11.71	11.73	14.96	12.55	10.53	14.84
42.7	39.14	40.86	37.07	41.05	43	39.11	40.64
36.97	40.52	34.36	45.74	35.78	39.96	34.36	39.81
13.49	12.98	12.74	11.84	13.69	12.8	10.19	13.53
30.37	36.53	40.41	37.32	33.22	38.32	32.66	33.65
38.3	39.29	34.34	43	31.51	34.12	37.54	33.34
166.57	176.72	186.65	192.99	139.28	171.29	169.49	157
1.47	1.48	1.27	1.3	1.41	1.48	1.47	1.31
54.59	60.83	56.62	52.4	63.45	56.75	56.99	54.8
19.43	25.13	23.79	19.45	21.25	22.36	19.99	16.43
27.7	32.88	29.05	32.35	25.67	28.3	29.16	27.02
42.06	46.28	53.25	46.83	47.9	45.78	49.25	43.59
84.1	76.41	83.28	110.39	91.38	97.91	80.75	86.51
40.46	41.4	40.3	32.9	41.13	35.82	42.75	41.92
3.23	3.57	3.83	4.36	3.39	3.99	3.61	4.27
12.23	11.05	12.74	12.8	11.75	12.15	11.25	12.38
6.43	7.11	7.18	8.72	8.39	7.95	8.05	7.77
44.36	36.31	36.22	35.32	30.04	33.05	37.47	38.13
11.97	9.19	11.69	9.69	8.56	9.53	11.3	9.12
15.33	14.82	15.65	12.02	12.87	11.68	12.78	11.99
27.41	32.8	29.92	35.71	34.09	31.76	34.05	35.87
20.46	23.07	20.25	21.91	19.99	20.89	20.36	17.28
13.76	16.49	14.13	13.2	12.38	14.84	12.01	13.05
11.85	17.84	14.11	12.14	12.96	14.4	14.32	14.87
61.12	60.85	59.18	53.15	58.34	64.48	68.69	57.21
14.23	19.63	17.57	21.75	22.3	18.36	16.95	19.24
13.56	12.72	15.54	14.01	17.69	16.93	17.11	12.73
4.15	4.39	3.94	3.54	4.82	4.47	4	4.26
78.05	75.69	64.94	79.28	85.73	67.49	73.54	81.64
19.36	18.81	17.72	15.68	17.43	17.36	16.3	18.22
8.48	10.22	7.98	8.16	7.38	9.11	9.59	10.67
49.43	51.59	40.66	40.45	44.89	43.91	43.53	35.67
2.98	2.58	3.04	2.4	3.52	2.37	2.63	2.64
6	5.35	5.08	6.08	4.71	5.32	5.4	5.15
3.11	3.82	3.45	3.22	2.77	3.37	3.2	2.89
4.24	4.87	5.29	4.37	3.95	4.58	4.87	3.75
14.43	14.23	13.09	13.6	15.47	14.42	14.1	14.48
62.01	50.97	56.45	49.88	57.43	51.96	49.04	45.15
4.43	4.88	5.23	4.66	5.16	5.04	5.62	4.52
31.37	41.87	37.87	38.96	45.93	43.81	33.64	34.11
7.39	6.6	5.91	5.75	7.36	6.54	6.3	7.01
20.87	15.4	14.86	18.81	17.55	19.28	18.54	21.83
5.69	5.33	5.11	4.74	5	5.32	6.51	4.77
24.28	28.4	27.62	25.14	30.1	25.96	26.22	27.43
31.92	30.46	31.26	33.51	32.18	30.51	35.05	29.64
30.52	32.28	27.79	31.61	30.04	29.64	37.89	33.27
18.49	19.46	19.62	19.07	17.13	18.13	16.85	18.38
23.25	22.39	21.11	21.52	19.55	24.25	21.04	25.45
33.7	31.23	32.48	26.44	26.88	31.54	33.03	33.16
35.18	35.99	37.09	37.9	37.81	28.69	31.11	36.22
59.69	57.4	49.89	54.82	55.31	47.33	49.63	49.77
96.39	111.91	100.62	104.27	113.25	113.13	106.88	116.56
32.07	33.05	28.62	32.92	26.93	26.61	27.33	30.91
37.19	36.58	38	43	44.74	32.22	34.47	43.22
26.93	24.17	25.04	18.78	23.01	23.89	26.02	23.37
1.38	1.33	1.4	1.39	1.3	1.37	1.38	1.36
15.38	13.43	16.1	12.77	15.91	17.82	14.7	13.37
38.54	37.23	51.77	36.48	49.32	46.95	36.92	39.34
40.99	44.49	38.8	38.7	36.74	34.21	41.56	29.05
21.16	19.85	18.59	20.59	15.31	20.33	20.23	19.44
25.83	26.2	25.62	26.73	22.96	25.86	23.7	25.03
27.88	32.34	32.72	28.65	36.58	35.15	30.46	27.23
15.99	12.8	18.49	18.52	17.37	16.08	11.44	18.11
5.64	6.17	7.17	7.22	7.2	6.8	6.47	6.35
43.94	40.6	42.56	38.47	31.79	33.71	34.64	36.5
73.49	70.11	73.1	80.45	78.28	81.62	84.19	64.18
47.89	49.24	55.73	51.95	49.33	47.73	52.19	54.53
80.04	67.25	72.88	66.67	81.21	72.01	84.39	74.06
13.78	12.11	12.73	12.82	12.68	13.95	12.99	10.72
30.34	26.96	27.97	28.26	27.01	31.15	23.65	27.95
15.18	15.22	16.82	17.44	15.67	19.88	17.32	12.8
24.41	21.74	20.12	25.44	25.13	19.71	22.75	19.79
48.99	49.84	49.95	47.93	55.13	52.25	46.91	56.11
46.45	51.39	45.71	50.4	45.06	37.45	46.01	40.41
16.05	19.6	18.42	19.01	17.62	19.14	16.25	19.31
15.71	17.17	16.54	17.43	18.2	18.29	21.52	16.99
14.63	18.35	15.46	14.87	14.57	16.8	13.99	15.34
23.42	31.11	26.66	22.82	27.28	23.08	22.69	29.05
17.13	16.42	14.87	16.97	17.18	15.48	17.47	15.5
38.09	37.98	35.98	40.42	45.97	38.99	34.91	42.68
49.63	51.69	48.76	57.16	62.75	62.47	54.74	61.63
2.24	2.54	2.23	2.82	2.33	2.65	2.49	2.38
18.86	16.42	14.81	16.81	18.53	16.74	18.14	16.01
73.84	68.07	80.08	74.31	74.08	79.03	92.56	82.51
37.88	46.61	43.21	38.22	36.86	38.6	43.55	41
45.01	54.64	40.46	55.09	53.42	43.88	52.98	52.97
20.42	18.33	21.44	17.81	18.93	18.74	17.69	18.37
15.98	20.06	18.33	22.07	20.08	16.79	19.38	17.08
36.41	32.38	27.45	29.78	44.79	33.82	32.81	39.08
67.49	63.49	70.85	71.56	66.32	69.44	73.8	86.01
26.36	21.48	23.66	27.67	24.1	26.86	23.38	23.63
83.85	73.85	85.63	100.37	89.02	101.36	69.65	87.86
20.94	17.64	17.82	15.28	18.31	19.86	16.82	17.51
190.29	172.33	157.16	173.97	188.43	178.69	164.2	165.71
9.29	8.7	10.11	7.53	9.6	9.81	8.38	10.13
3.45	3.58	4.11	3.47	3.46	3.87	3.98	3.15
25.5	22.32	29.64	31.57	26.65	28.15	29.87	25.5
14.56	13.77	13.47	11.68	14.37	12.21	13.48	15.79
8.88	8.77	9.43	10.4	10.1	8.83	10.46	9.74
10.53	10.3	8.75	9.45	9.93	10.54	8.94	10.02
38.44	29.25	36.81	33.92	31.03	28.03	33.38	27.06
3.68	4.74	4.22	4.16	4.34	3.14	3.86	4.62
16.9	17.87	14.98	17.5	17.6	18.3	19.08	19.29
7.07	8.08	7.55	9.42	9.94	8.72	9.05	9.74
12.11	12.93	12.49	14.02	11.67	11.14	12.21	15.52
35.35	36.85	31.81	32.66	36.45	39.16	32.2	35.64
31.09	26.59	26.04	28.87	28.16	25.56	27.75	28.62
38.42	35.3	37.36	32.52	38.56	35.88	37.45	36.63
8.53	8.76	7.71	10.27	7.82	9.07	10.85	8.75
39.71	49.87	43.84	47.44	58.7	45.28	37.37	43.67
13.76	13.85	16.56	14.28	17.59	13	13.23	15.97
73.32	54.31	63.47	58.21	67.03	63.35	69.28	60.49
41.6	39.41	37.73	46.32	31.46	36.55	38.92	41.17
52.67	48.73	56.77	56.7	54.95	49.22	48.74	45.59
12.7	14.63	15	13.53	12.1	12.57	13.58	11.06
50.21	50.16	38.62	39.57	34.29	46.77	33.29	60.59
62.73	76.05	65.63	72.44	71.25	65.65	64.36	77.6
12.48	14.21	14.28	13.05	13.48	13.76	11.84	12.33
54.28	47.48	35.61	42.02	44.81	48.52	42.35	44.9
56.67	52.86	64.32	57.74	61.13	67.13	55.5	47.96
45.43	52.8	49.62	48.14	47.15	44.45	42.09	43.05
12.96	12.26	15.99	14.45	13.83	13.73	17.05	11.86
19.13	18.04	19.65	17.27	18.28	18.21	16.13	15.81
2.3	2.44	1.81	2.11	1.5	1.93	2.03	2.04
66.5	65.48	61.3	71.83	60.15	66.65	69.85	75.61
1.9	1.84	1.91	1.06	1.11	1.94	1.11	1.99
4.51	6.34	5.13	4.67	4.64	4.76	5.38	4.82
26.35	24.71	30.05	28.51	23.12	24.16	27.46	27.73
3.39	2.91	3.88	3.5	3.25	3.31	3.11	3.64
39.28	37.09	38.49	31.95	38.24	41.94	38.37	33.4
46.5	39.33	47.39	38.77	42.1	44.01	43.06	46.81
42.93	59.23	49.47	48.77	59.19	43.95	43.12	44.82
8.48	7.35	8.26	8.16	8.23	7.02	8.86	8.07
120.89	140.57	118.23	105.55	147.38	114.37	128.84	115.26
15.59	11.08	12.1	12.5	13.39	13.49	13.28	14.55
41.67	39.4	36.04	35.24	41.55	36.36	34.9	31.81
1.21	1.72	1.61	1.45	1.32	1.68	1.53	1.35
21.54	24.19	17.51	16.46	22.85	21.25	17.16	20.71
79.39	66.15	78.16	73.68	63.12	61.69	70.6	66.89
17.28	19.97	17.15	17.28	14.34	18.1	18.53	19.15
84.55	89.45	86.41	84.62	90.31	108.64	84.88	97.39
14.85	13.03	12.41	12.76	14.95	12.89	13.76	12.6
50.6	48.6	49.53	56.11	50.23	47.65	53.48	53.99
41.16	45.62	50.35	40.29	38.34	43.31	41.77	37.26
45.81	38.08	39.51	38.77	38.86	36.43	46.41	43.34
51.93	60.19	48.55	53.4	40.34	46.88	49.27	43.27
13.43	15.11	12.99	13.43	13.82	13.46	11.57	15.97
7.28	7.09	8.03	5.88	7.9	7.96	7.18	6.95
11.48	12.59	10.27	12.36	11.31	10.6	12.33	11.76
8.72	9.56	11.35	8.61	9.53	10.44	9.07	9.55
95.77	104.38	98.83	85.74	90.77	86.27	98.46	81.35
26.56	26.08	27.46	27.77	24.83	26.52	28.61	21.29
23.7	17.67	21.97	17.4	20.88	19.9	18.61	20.08
45.22	40.39	40.24	44.1	38.36	45.7	48.99	46.4
9.12	7.76	9.14	8.54	9.54	8.1	8.38	9.48
36.43	37.22	32.07	40.21	37.28	31.84	37.48	36.08
3.7	4	3.34	3.45	3.41	3.31	4.1	3.77
6.62	6.69	8.09	7.37	7.15	7.04	6.63	6.87
42.62	36.21	47.42	35.47	43.21	39.01	34.72	38.84
39.45	38.56	34.39	30.06	38.22	29.91	34.58	35.62
36.7	36.5	28.41	31.35	29.1	29.7	33.77	31.19
71.09	78.24	86.95	67.18	82.32	70.31	83.49	77.73
3.67	4.46	4.28	3.9	3.88	4.6	3.81	4.07
70.9	54.85	70.32	70.74	70.31	67.72	65.62	58.23
44.47	42.09	38.65	39.76	40.61	42.23	35.68	38.91
13.42	14.35	15.13	13.94	16.17	15.95	16.56	13.58
12.87	14.14	17.84	16.96	14.31	15.07	12.7	13.42
34.68	32.22	37.32	31.08	33.28	41.29	32.75	38.64
36.87	34.32	35.08	36.41	38.97	30.52	36.21	40.76
2.73	3.27	3.49	3.22	3.75	3.38	3.68	3.73
3.05	2.89	2.53	2.74	3.04	2.56	2.38	2.67
61.17	69.68	68.9	67.42	60.78	53.45	63.4	48.6
15.53	14.26	14.15	12.98	15.73	16.62	14.35	14.3
93.37	72.74	99.62	90.18	106.84	101.32	88.8	92.98
50.29	47.86	56.18	62.29	48.22	57.77	47.68	49.82
31.74	36.19	28.65	36.06	36.37	30.54	37.13	35.35
43.69	55.1	46.22	47.08	57.66	47.17	51.95	51.23
24.52	32.6	32.9	28.44	24.28	34.72	30.32	30.43
62.39	48.22	52.54	66.66	70.57	61.46	56.57	54.85
28.56	24.37	25.43	23.01	31.65	26.12	24.28	27.62
113.3	104.57	105.99	110.8	108.9	127.19	128.92	97.48
1.69	1.77	1.77	1.87	1.8	1.78	1.87	1.53
18.08	20.68	15.33	20.3	22.17	15.91	21.03	18.03
57.68	65.05	54.54	47.07	66.6	68.13	51.39	60.85
43.92	36.25	31.97	39.91	41.27	49.15	44.98	35.29
31.87	34.79	32.37	37.19	35.28	28.23	34.29	30.98
47.3	43.69	53.13	45.24	59.28	41.17	42.07	52.45
21.07	28.05	22.47	25.4	25.41	21.65	27.93	22.22
47.69	51.1	52.25	48	52.15	43.82	45.98	48.97
4.82	4.64	4.81	5.08	4.43	5	5.33	4.32
4.69	3.81	3.63	5.31	4.98	4.18	4.28	4.38
35.22	39.02	45.89	38.12	33.12	38.71	37.34	31.51
3.09	3.23	3.42	3.81	2.81	3.51	3.36	3.55
7.39	7.81	8.67	8.02	6.64	6.79	9.01	8.35
53.96	49.43	48.06	61.55	47.75	68.25	58.91	52.88
26.82	28.45	29.58	28.38	32.54	26.5	28.58	30.08
26.94	27.85	23.99	22.68	24.88	24	27	22.69
71.35	55.77	64	75.63	70.27	76.56	78.53	81.92
54.98	61.56	64.31	62.16	59.71	74.32	46.13	60.48
1.08	1.18	1.98	1.05	1.87	1.82	1.04	1.89
26.59	23.86	26.99	28.92	26.7	25.16	24.65	25.55
24.27	26.89	30.07	29.88	30.57	25.45	28.89	28.24
19.16	23.93	21.58	25.06	23.29	23.24	22.16	21.21
6	5.61	6.24	5.16	4.02	5.67	4.55	4.96
38.66	43.94	36.81	41.31	47.44	48.09	40.37	44.14
58.9	56.75	74.82	59.9	78.11	66.3	60.6	62.26
11.21	10.83	8.34	8.76	10.03	9.75	10.82	9.57
29.8	24.97	25.79	32.01	29.79	23.75	28.69	25.78
67.76	61.88	79.12	71.59	66.27	82.02	78.77	77.62
28.93	29.26	26.95	29.37	27.54	29.71	31.07	31.59
39.38	48.28	44.89	41.27	36.44	45.21	40.56	34.79
6.18	8.75	7.52	7.93	8.29	7.32	9.8	7.67
35.22	31.46	34.77	36.61	42.61	40.82	38.7	40.59
16.63	18.03	18.76	15.89	16.6	15.34	15.91	16.23
75.32	72.06	50.75	86.85	70.92	78.27	77.56	70.27
21.53	19.98	21.32	25.81	19.83	21.48	22.38	24.08
13.13	12.81	13.83	11.14	11.73	13.55	11.95	15.41
24.82	28.22	21.2	23.01	23	24.27	26.51	23.41
5.49	7.69	7.88	8.31	7.67	6.62	7.11	8.04
17.79	20.65	19.66	20.49	17.7	22.59	21.78	17.58
62.57	58.25	56.25	64.38	60.13	58.09	62.26	56.9
1.32	1.28	1.18	1.42	1.5	1.36	1.32	1.38
29.92	25.94	26.92	29.09	25.16	23.22	22.82	24.36
59.09	64.91	60.68	58.74	55.91	61.23	72.19	66.32
46.97	41.89	43.8	38.09	41.63	43.22	36.24	46.16
26.37	28.14	34.66	31.07	32.38	33.7	33.51	28.8
20.81	22.4	26.8	23.72	26.94	23.89	25.57	23.36
31.71	25.42	27.07	25.61	22.6	30.75	27.85	28.94
43.05	44.48	43.88	51.47	45.15	53.8	43.09	43.07
30.31	41.95	27.76	33.75	35.67	36.36	34.01	31.08
1.58	1.74	1.64	1.72	1.52	1.74	1.73	1.76
3.11	3.62	2.72	2.95	3.08	3.32	3.5	3.04
12.48	16.44	14.23	15.52	12.8	14.05	15.64	15.54
7.81	8.6	6.21	7.39	7.22	7.26	7.77	7.13
58.3	54.5	61.88	69.51	58.54	56.23	51.4	65.96
2.13	1.97	2.69	2.19	2.23	2.15	2.49	2.01
62.17	65.03	57.18	61.47	51.25	65.22	62.21	53.32
26	24.27	20.56	27.11	27.62	27.98	28.63	25.85
27.79	29.4	36.44	31.51	33.9	32.45	32.24	32.39
5.32	6.66	5.52	5.13	5.11	6.78	6.32	5.8
3.74	3.29	3.56	4.08	3.43	3.42	4.29	3.82
19.38	15.72	17.99	19.28	18.11	19	19.97	18.06
24.64	27.29	32.46	25.25	26.55	30.35	28.99	32.43
4.42	4.5	3.59	3.49	4.54	4.31	3.7	3.7
5.66	5.61	5.73	4.88	5.06	5.32	6.19	5.52
43.88	49.79	53.62	51.18	45.79	50.9	50.83	47.02
30.15	31.86	25.8	27.91	29.17	24.83	22.34	21.75
3.78	3.8	3.36	3.89	3.7	3.58	3.1	3.25
38.91	32.53	37.01	35.33	35.7	35.97	37.69	32.5
7.26	5.94	7.45	9.06	8.31	7.73	6.96	7.35
37.51	39.47	29.21	39.85	40.56	32.26	42.41	43.61
36.02	41.69	35.58	39.61	36.88	34.63	44.75	39.86
20.06	19.52	22.95	21.9	20.65	22.95	22.57	20.55
38.15	36.96	33.91	42.04	46.64	40.02	45.04	48.35
34.82	34.91	42.08	34.64	37.95	34.83	38.7	31.15
4.24	4.62	4.3	4.58	3.9	3.85	4.16	4.53
19.1	19.18	17.36	16.89	22.17	23	19.18	22.8
20	19.24	18	17.83	19.17	21.09	22.68	20.17
15.5	14.69	13.34	13.37	13	14.68	14.51	12.76
23.85	23.78	22.63	20.68	22.84	20.9	24.31	18.86
5.21	5.26	5.29	4.58	4.96	4.7	5.7	4.12
3.85	3.76	3.8	3.57	3.47	3.53	3.87	3.49
1.94	2.19	2.12	2.51	2.4	2.03	1.9	1.9
22.09	21.79	21.37	23.16	20.6	23.59	21.07	25.41
83.57	89.84	80.39	98.23	79.88	87.69	96.68	84.49
26.89	23.71	26.48	25.92	24.36	21.09	25.99	24.36
39.66	33.69	40.85	37.15	45.17	37.45	33.16	44.65
19.34	22.39	17.36	18.46	20.73	21.93	18.61	21.42
37.65	41.45	36.77	35.79	42.26	41.47	38.24	40.93
38.17	35.89	46.34	48.45	47.85	41.23	45.35	38.81
50.54	54.19	51.06	62.35	53.81	56.36	53.75	60.44
11.86	11.98	12.76	13.09	13.11	11	12.53	10.61
1.42	1.67	1.78	1.82	1.55	1.76	1.7	1.75
17.28	20.38	21.39	18.26	22	19.54	20.31	21.65
11.66	11.72	9.65	10.44	9.43	11.63	12.48	9.47
18.94	21.8	18.77	21.06	23.41	24.71	22.33	24.87
77.51	77.05	78.86	72.31	83.64	69.55	75.84	84.29
3.94	5.54	4.93	5.59	5.03	5	5	5.01
23.56	29.63	27.5	25.94	28.68	27.53	26.97	25.33
18.48	22.92	23.58	21.5	23.05	16.08	18.99	25.55
8.99	8.47	9.45	9.86	7.62	9.53	9.71	10.19
19.71	17.4	21.35	21.27	21.24	18.38	18.26	19.74
7.93	7.45	6.94	6.03	6.57	7.71	6.21	8.08
28.24	23.01	25.04	24.69	27.4	22.61	25.04	28.94
4.01	3.65	4.22	4.42	3.64	4.57	4.45	3.78
67.36	54.46	56.85	64.1	61.44	60.35	58.82	63.4
3.03	3.64	3.35	2.9	2.78	3.5	3.12	3.02
81.74	90.34	78.23	79.55	85.66	85.67	86.27	84.77
2.61	3.89	3.47	3.84	3.45	4.23	3.78	3.59
5.74	4.59	4.35	5.65	4.3	4.19	4.23	4.63
20.04	18.99	17.15	15.17	16.28	15.52	14.31	15.7
12.28	11.98	12.13	12.41	11.89	11.32	12.91	10.78
10.92	10.11	10.1	11.34	11.32	11.03	11.59	11.48
66.05	64.76	74.65	70.34	67.61	75.74	59.89	63.94
5.92	6.03	5.51	6.24	6.54	5.6	6.38	6.27
4.07	4.44	4.14	4.07	5.04	4.03	3.77	4.85
50.12	46.29	50.38	34.21	50.68	46.05	50.23	46.58
1.37	1.08	1.21	1.4	1.37	1.39	1.31	1.48
29.75	27.42	37.55	26.62	35.91	26.74	34.1	31.71
109.11	107.33	105.31	117.99	101.41	105.87	97.24	86.19
15.59	17.09	14.33	15.95	16.54	16.03	13.02	15.26
19.74	19.49	22.21	23.85	21.13	17.52	18.32	20.12
16.25	14.87	16.22	15.72	16.41	13.9	14.16	12.72
20.29	19.87	17.14	21.58	18.76	15.84	15.87	19.15
15.9	16.23	17.49	20.34	18.38	16.51	18.72	15.13
68.38	57.72	65.63	71.07	66.73	71.46	71.07	61.99
35.51	35.11	25.76	35.77	33.03	31.87	25.4	30.72
8.35	7.44	8.43	7.64	9.37	8.57	8.45	7.63
32.1	30.7	29.06	29.85	35.41	28.8	27.72	30.01
14.57	17.13	17.93	14.49	17.95	15.83	16.98	17.86
11.08	9.87	12.11	10.04	10.81	12.36	11.8	10.71
11.05	12.83	11.92	11.65	13.02	12.19	11.97	12.54
29.86	29.6	30.22	38.63	32.88	39.03	32.59	30.66
4.87	5.24	5.36	5.62	6.57	6.71	6.37	5.86
9.76	10.34	8.23	11.06	9.23	11.1	10.59	10.31
23.7	25.42	22.61	23.7	20.46	19.95	27.57	25.18
77.7	69.51	66.12	85.38	95.72	84.75	93.73	92.75
22.55	19.77	23.18	19.29	19.4	21.31	16.49	23.18
13.56	13.19	18.68	17.52	15.52	18.52	19.74	15
31.08	28.91	25.91	28.1	29.22	26.41	23.77	26.38
23.85	22.41	19.51	18.67	18.46	23.43	18.74	25.42
41.78	46.92	32.71	45.87	39.68	43.76	43.32	49.4
32.21	30.85	30.18	30.91	30.57	32.23	31.2	32.29
22.05	16.99	23.07	20.79	21.21	22.96	19.76	16.98
16.8	18.37	13.76	18.26	16.33	20.19	18.24	16.84
76.98	79.81	69.28	74.09	85.21	90.8	89.99	86.36
19.47	18.26	12.91	18.84	13.91	16.96	16.69	20.07
11.34	11.59	9.56	11.03	11.45	11.2	12.05	12.16
23.53	23.18	26.3	24.96	25.28	23.87	24.32	20.56
44.46	47.07	46.07	49.47	45.47	45.97	37.96	40.52
9.52	9.11	9.96	8.66	10.41	11.36	11.28	11.68
34.76	36.72	35.03	35.5	33.35	36.98	34.75	34.06
54.05	45.4	44.01	46.43	44.59	37.37	42.59	48.86
7.75	6.5	6.55	6.97	6.76	7.29	7.69	8.03
2.35	2.29	2.19	2.28	2.06	2.69	2.19	2.27
4.85	4.97	4.26	4.57	5.4	5.18	5.28	5.23
48.56	38.56	38.76	45.62	40.64	37.4	36.64	43.59
27.81	26.8	33.17	26.94	30.68	26.67	28.53	31.41
178.23	153.64	154.51	183.2	166.59	156.92	152.98	151.68
8.24	7.93	7.39	7.94	8.67	6.68	7.37	7.31
8.76	8.49	6.57	8.8	8.06	7.79	7.92	8.7
33.86	37.54	37.26	33.86	27.35	38.53	28.52	30.46
51.76	57.02	51.38	51.25	53.57	46.09	56.74	47.67
35.37	35.93	44.1	33.29	40.55	28.99	41.12	33.07
21.05	17.74	16.32	17.65	17	18.95	16.87	19.81
6.04	7.29	7.49	9.63	7.12	6.19	5.69	7.24
27.24	24.75	29.05	27.96	26.35	25.21	29.57	25.07
67.8	58.75	58.06	55.26	69.62	53.02	56.84	56.91
3.1	3.15	2.55	2.92	2.52	2.8	2.56	2.72
35	39.59	38.03	41.14	39.35	42.02	44.76	43.68
5.35	3.82	5.11	4.46	4.67	4.56	4.07	4.4
8.74	8.98	10.54	8.1	11.04	9.34	10.65	10.23
5.84	6.58	5.86	5.81	5.38	6.12	5.74	5.66
77.82	86.16	80.56	79.11	82.45	71.05	65.53	81.38
21.43	20.02	19.57	20.08	18.31	22.14	19.15	18.91
21.9	28.16	29.07	23.97	29.01	26.12	28.5	26.56
2.05	1.94	2.05	2.09	2.12	2.49	2.27	2.36
12.98	14.6	11.61	12.81	11.81	12.3	13.86	12.17
30.97	40.19	34.28	36.96	34.92	33.09	37.9	30.1
8.54	8.68	8.07	10.33	8.94	8.9	10.62	8.47
75.79	78.77	89.18	83.93	70.52	85.72	69.82	78.62
26.66	20.51	27.3	22.42	28.6	20.09	25.46	24.34
4.4	3.73	4.35	5.02	4.15	4.37	3.97	4.53
65.54	57.54	56.15	55.49	49.62	70.95	50.83	51.03
23.55	24.04	22.31	26.74	29.02	24.42	25.66	25.38
6.84	6.06	6.02	6.21	5.68	6.27	5.94	5.08
20.16	16.16	16.87	18.02	18.53	17.28	17.6	20.59
56.46	58.74	57.47	51.64	60.86	57.1	54.23	51.54
30.76	32.73	32.57	28.96	28.54	32.16	27.64	34.86
26.48	31.68	33.16	29.86	23.53	28.62	26.9	31.5
26.75	26.04	35.46	27.23	29.82	29.27	30.19	32.35
47.26	47.25	45.66	51.62	40.82	42.06	50.63	45.63
8.47	7.74	8.2	6.87	7.38	7.14	7.58	7.28
17.88	15.88	15.32	14.07	16.54	15.64	14.92	17.06
36.95	35.57	36.1	38.43	36.34	29.39	28.83	30.63
110.27	94.71	89.47	112.15	110.81	94.99	106.82	112.15
41.4	39.49	50.87	42.56	45.75	41.4	57.12	37.93
24.48	23.8	22.63	23.74	20.62	21.36	25.67	22.78
22.02	24.44	21.42	22	24.39	24.82	20.83	25.52
38.99	39.07	35	33.43	32.55	33.94	34.05	36.65
56.89	61.46	63.76	57.03	54.82	59.29	52.94	51.71
76.81	62.91	58.86	64.92	60.36	60.05	61.5	67.78
53.46	42.97	58.25	50.85	57.67	49.97	50.35	58.63
113.63	126.26	121.9	130.45	114.55	133.11	121.2	109.85
6.95	8.21	6.97	8.38	6.94	6.33	7.9	8.79
2.58	2.57	2.37	2.72	2.29	2.66	2.38	2.32
9.53	8.86	10.45	11.09	9.11	8.27	9.51	8.79
16.84	17.11	17.57	15.61	16.83	14.13	19.49	15.43
28.94	25.44	27.71	27.53	30.45	25.34	23.05	27.84
38.76	45.85	51.3	47.68	48.07	47.11	43.38	31.81
2.41	2.76	2.38	2.35	3.06	2.46	2.15	2.57
4.59	4.72	4.75	4.27	4.77	4.89	4.24	3.77
30.46	29.26	33.97	27.79	29.47	29.05	31.59	28.11
36.94	40.66	36.29	43.84	36.09	39.07	32.5	30.3
53.28	65.41	49.02	58.68	58.51	66.18	51.93	55.87
7.57	5.85	6.04	6.49	7.18	5.08	6.46	6.05
71.77	60.1	65.1	83.66	70.58	72.77	64.3	70.71
3.26	3.54	3.6	3.36	3.84	3.76	4.11	3.31
42.54	39.3	34.91	39.87	42.4	39.93	39.96	34.19
13.82	13.78	14.13	14.49	14.21	14.15	16.05	11.98
59.73	58.78	51.13	53.7	66.49	49.42	61.87	53.65
12.28	10.67	12.69	9.96	11.82	10.73	12.06	11.34
38.51	28.68	26.23	31.24	28.79	29.76	34.68	29.9
12.66	14.12	11.29	15.77	11.51	11.66	13.4	15.4
3.21	2.96	3.22	3.69	2.91	2.61	3.28	3.13
90.92	110.77	106.64	89.75	100.7	122.55	102.19	112.44
18.21	16.64	19.65	17.75	16.44	18.18	22.09	16
46.66	56.18	55.25	52.54	54.13	57.78	48.23	55.99
6.46	5.38	6.59	5.54	6.63	6.43	6.52	5.73
29.67	20.93	24.2	27.49	25.23	25.3	29.32	26.21
22.59	20.46	18.4	24.9	22.18	20.59	23.8	24.36
6.53	6.92	7.65	7.46	7.27	6.54	6.17	8.07
3.97	3.98	3.83	4.03	4.19	3.75	3.97	4.07
21.96	16.99	18.93	18.57	20.5	15.72	20.29	20.17
16.69	21.12	17.19	17.84	17.89	13.78	20.7	14.89
45.36	44.56	44.29	47.05	44.64	44.36	41.73	49.63
2.17	2.18	1.94	1.93	2.06	1.73	2.12	2.22
14.93	13.8	13.99	14.76	13.32	16.02	12.23	13.73
63.49	70.87	77.85	63.38	75.47	77.13	70.23	76.15
64.85	58.36	63.69	54.56	63.62	50.81	57.5	47.46
19.66	18.32	22.24	24.23	22.25	19.69	22.17	22.17
49.79	50.16	50.26	54.03	56.39	42.22	46.03	40.29
39.21	40.95	40.37	44.27	34.59	41.72	37.37	32.79
16.94	24.05	22.5	22.91	23.78	20.85	22.53	22.7
50.27	54.22	61.8	54.56	43.99	55.1	64.62	63.09
7.04	6.22	9.22	7.03	6.49	6.34	7.69	7.73
17.06	20.16	21.61	16.29	22.78	19.09	19.29	20.84
12.13	12.83	12.67	11.61	12.13	13.23	12.75	12.39
85.77	80.39	72.53	74.83	69.07	91.23	90.85	91.45
23.25	24.17	24.77	26.74	29.46	21.11	23.71	22.82
42.1	42.66	45.7	33.22	37.82	39.94	39.84	52.29
12.64	13.57	16.63	14.27	14.65	13.65	12.7	16.82
117.12	156.97	154.2	176.47	139.79	158.42	147.83	132.13
38.12	34.63	39.06	35.16	34.45	34.69	46.01	37.08
40.86	35.38	41.1	40.07	32	32.56	43.19	37.66
8.61	8.82	9.72	9.18	8.53	11.48	9.07	9.11
10.93	11.42	11.5	10.96	11.27	11.91	11.23	10.15
25	30.02	26.4	32.05	28.34	25.95	30.22	26.75
11.68	11.86	12.23	14.46	13.14	11.42	9.99	13.57
23.91	17.89	26.31	24.43	25.7	21.64	20.43	21.21
1.06	1.06	1.07	1.06	1.07	1.08	1.06	1.06
35.94	40.77	35.47	32.15	40.32	38.19	37.54	43.33
39.6	44.62	41.26	40.69	41.07	37.74	41.84	42
76.21	68.59	67.87	85.3	61.25	56.14	68.09	76.23
19.56	20.55	18	21.56	20.18	18.36	21.09	19.26
25.88	25.48	23.22	24.11	21.4	24.56	24.83	21.61
30.51	32.03	29.19	24.49	33.16	28.08	35.66	35.99
42.39	42.82	41.59	51.37	44.56	50.29	36.33	33.21
148.43	150.52	127.97	145.65	161.63	149.82	185.05	158.98
20.37	18.92	16.05	15.83	20.76	19.28	16.21	19.49
9.49	9.82	8.83	8.55	7.35	7.51	8.82	8.95
100.32	84.33	115.44	87.09	98.49	90.17	95.54	99.23
10.9	9.71	10.71	11.87	9.58	9.21	12.18	9.69
3.88	4.85	4.25	4.23	3.9	4.26	5.11	4.16
48.89	43.72	50.66	42.13	49.23	59.74	45.93	55.81
23.35	25.15	23.59	24.8	24.28	22.23	20.56	20.07
61.79	62.11	58.24	59.31	61.13	70.23	56.12	71.08
38.38	44.02	47.26	37.39	43.5	38.2	44.38	36.03
26.65	28.71	23.5	23.51	20.03	29.15	27.58	26.25
5.77	6.79	6.11	6.38	7.05	5.52	6.37	5.77
112.5	97.74	90.74	101.05	108.12	105.71	103.54	104.6
52.36	51.83	59.5	54.47	59.36	57.19	55.71	51.78
19.73	15.18	16.56	17.39	21.22	15.82	19.42	15.62
8.21	9.68	11.35	7.98	9.22	8.89	8.6	9.21
41.94	34.02	33.8	30.62	41.14	34.28	43.39	35.62
21.61	24.82	25.28	23.48	23.76	23.99	21.71	23.07
62.33	70.39	57.33	61.89	59.2	56.52	60.74	71.21
83.82	92.41	92.88	79.61	79	82.66	95.9	92.8
23.58	24.16	21.97	23.96	24.91	20.04	19.63	23.26
1.79	1.76	1.57	1.9	2.03	1.59	1.74	1.95
19.12	17.29	18.59	20.18	13.73	15.69	15.19	17.45
5.49	5.08	7.07	5.68	5.91	5.9	6.41	6.4
1.07	1.03	1.14	1.17	1.08	1.26	1	1.1
43.11	41.42	50.44	48.85	42.32	50.43	40.78	46.04
28.21	26.85	27.27	27.67	22.14	26.4	23.3	29.41
39.93	38.27	39.14	35.79	39.18	34.85	44.9	40.26
36.14	33.52	37.58	37.92	34.91	29.17	28.83	37.13
15.91	14.2	13.12	13.5	15.15	11.91	13.54	16.88
46.22	42.66	42.88	43.44	41.56	40.05	44.07	53.07
14.79	15.44	16.74	12.98	16.07	14.14	15.56	15.38
14.25	10.02	11.75	12.18	10.35	12.87	11.83	9.63
72.95	69.05	76.73	74.92	70.42	71.03	76.31	78.18
30.16	28.33	35.39	33.57	29.56	32.62	34.57	37.71
8.09	7.35	7.18	6.07	5.84	7.55	6.37	6.4
9.52	8.95	10.88	8.37	9.74	12.97	10.6	10.88
9.27	9.84	8.84	8.19	9.82	8	7.06	8.82
11.94	13.07	13.86	13.25	10.52	12.38	11.74	12.23
24.32	21.62	20.72	21.82	20.34	19.72	20.2	19.69
48.46	46.86	32.06	38.52	44.38	45.89	36.32	56.54
28.67	29.42	25.87	28.01	25.06	30.31	28.78	26.8
44.3	46.71	45.09	46.41	45.97	52.88	38.79	38.82
80.98	88.7	90.82	99.78	79.34	93.78	73.62	90.47
27.11	25.01	31.34	33.46	28.29	29.95	30.06	28.73
6.92	5.63	6.23	7.36	6.1	5.94	5.9	6.2
9.8	11.19	10.19	11.28	12.17	10.03	10.08	10.42
6.36	7.13	7.32	6.43	5.63	6.58	6.36	7.13
17.14	19.16	20.57	17.1	18.23	18.37	17.34	18.05
30.16	32.18	36.04	34.17	39.06	36.72	33.31	35.28
16.36	15.2	14.25	12.71	12.65	12.54	13.23	14.08
19.67	15.94	20.91	19.2	16.43	20.91	19.93	20.72
125.3	124.26	158.27	123.29	120.31	145.62	134.32	125.26
1.91	2.48	2.49	2.26	2.3	2.16	2.23	2.49
7.68	7.45	7.11	7.49	6.94	7.58	7.52	6.34
1.12	1.86	1.96	1.92	1.88	1.03	1.99	1.9
6.55	5.6	5.8	5.58	5.5	5.62	7.1	5.41
65.65	71.69	61.57	72.73	71.47	60.89	60.24	62.5
3.87	3.5	3.7	3.67	3.65	3.26	3.73	3.82
57.48	44.81	50.96	41.8	54.42	45.76	37.85	51.79
40.84	40.11	36.62	37.52	30.59	43.15	40.43	39.36
12.77	12.51	12.27	14.22	13.73	14.59	13.28	12.68
20.69	19.82	17.28	20.47	23.78	23.08	22.07	22.47
53.25	53.11	50.2	54.34	41.39	51.12	54.96	55.74
3.71	4.21	3.83	3.36	3.96	3.67	3.36	3.51
16.6	18.04	18.78	18.73	14.57	15.91	16.34	17.92
13.59	16.08	16.92	19.79	15.53	16.16	16.39	15.98
17.51	17.09	12.93	15.2	13.8	15.72	14.98	15.1
1.52	1.51	1.4	1.51	1.45	1.38	1.44	1.48
13.16	12.3	11.15	10.68	12.51	12.43	13	12.46
11.25	12.08	12.42	11.68	13.17	11.84	9.97	10.91
8.09	8.9	8.95	11.48	10.69	9.92	11.18	8.53
3.95	3.58	3.76	3.78	3.79	3.26	3.63	3.16
33.26	32.76	29.99	36.19	29.34	31.03	25.48	32.64
32.53	32.23	32.04	25.8	28.35	25.04	31	29.71
18.97	18.22	17.67	17.87	16.39	15.22	17.34	14.75
16.5	13.85	16.98	16.33	18.09	15.41	15.84	15.8
37.47	35.76	35.39	34.4	33.9	36.69	36.01	39.45
20.87	21.63	25.85	19.99	20.4	18.01	19.41	23.94
12.42	13.53	13.08	11.68	11	13.31	12.21	13.36
6.09	5.76	5.51	5.31	5.47	4.26	5.29	5.27
36.96	30.53	31.85	38.35	47.53	38.33	35.2	35.14
102.16	100.56	87	79.87	90.45	71.17	89.56	91.23
31.46	28.12	25.51	31.95	32.52	30.45	39.09	34.13
52.79	49.03	52.22	42.41	47	49.7	45.64	51.54
24.16	22.36	28.32	21.08	25.74	22.08	21.34	23.28
8.27	9.51	7.3	9.26	9.32	8.2	7.51	9.94
5.75	4.42	5.28	4.84	5.84	5.59	5.9	6.02
26.36	20.54	19.09	22.08	21.68	19.18	22.11	18.47
70.97	78.16	65.45	67.37	68.24	72.87	70.52	63.96
61.78	52.86	74.45	47.58	60.5	56.88	52.48	59.01
13.94	15.25	12.28	14.22	11.32	11.78	13.42	15.2
63.44	60.67	66.2	55.43	73.27	81.11	66.89	58.6
18.94	19.13	20.07	19.18	17.82	20.03	20.45	14.97
13.69	13.45	13.92	12.44	12.19	11.4	12.13	11.95
92.91	82.26	73.28	88.9	78.59	100.63	93.42	73.03
35.74	44.32	38.6	44.95	41.24	41.85	34.76	38.54
147.94	135.6	116.08	127.03	141.19	132.24	132.14	131.19
27.38	31.21	23.48	34.02	28.7	30.9	27.15	35.04
1.52	1.62	1.69	1.71	1.67	1.74	1.69	1.57
34.18	25.37	29.19	31.88	26.09	28	24.36	29.05
21.71	20.56	21.55	19	22.21	20.41	18.69	17.25
14.23	15.2	13.26	11.67	16.96	13.73	15.76	13.28
73.04	62.88	68.05	64.41	73.07	70.47	66.9	77.87
19.55	16.51	19.82	20.12	20.53	21.1	17.25	19.21
16.16	16.47	19.3	17.49	15.98	18.03	18.35	19
72.28	61.38	60.57	73.88	70.55	69.12	57.69	63.94
4.83	4.95	4.51	4.91	4.81	4.28	4.98	4.99
53.16	59.69	72.32	66.82	48.25	64.55	52.05	67.6
1.19	1.98	1.01	1.8	1.92	1.11	1.98	1.13
1.94	1.69	1.99	1.77	1.85	1.87	1.89	1.94
21.11	24.64	19.65	19.22	16.39	25.45	20.82	17.45
72.68	61.07	60.61	69.71	65.95	64.97	64.6	67.47
1.11	1.9	1.33	1.23	1.12	1.02	1.22	1.23
27.66	27.38	31.05	28.62	34.93	33.68	31.01	33.39
83.58	85.29	102.43	99.85	79.26	82.44	80.84	81.99
6.79	6.09	6.47	5.95	5.51	6.45	5.53	5.37
15.28	12.01	13.62	11.96	10.14	14.59	14.77	11.69
7.58	6.95	6.39	6.94	7.58	6.23	6.77	6.47
1.62	2.02	1.89	1.86	2.26	1.99	2.27	2.35
22.67	19.61	24.44	19.53	23.74	21.21	24.69	23.16
28.6	25.81	25.22	26.91	29.2	27.39	26.09	23.81
32.97	25.11	32.93	27.84	32.69	29.92	33.52	27
22.4	18.57	18.6	19.83	20.71	19.99	19.04	17.52
21.73	21.93	27.93	23.87	22.47	25.22	22.02	23.48
28.6	31.09	34.07	29.81	29.7	32.31	24.95	28.38
23.21	27.71	25.04	22.18	24.19	22.13	23.43	24.43
43.12	41.62	45.17	46.15	49.97	46.9	52.16	40.47
10.75	11.78	10.01	11.54	12.51	10.22	12.83	9.96
40.12	51.6	52.25	54.16	48.79	40.23	47.37	52.64
89.04	76.96	74.35	93.66	99.7	105.87	73.63	76.82
22.51	20.23	21.6	21.66	20.87	22.51	18.57	20.51
103.44	107.36	78.2	109.63	109.12	113.26	109.09	97.26
17.96	18.63	17.59	21.21	18.21	20.51	16.04	18.39
4.22	4.28	3.54	4.52	3.44	3.77	3.78	4.22
14.31	13.26	13.84	14.98	14.33	13.33	12.08	16.69
23.21	23.47	28.02	27.24	23.99	24.12	23.42	22.32
6.72	5	6.99	7.2	7.56	7.35	5.43	6.58
6.06	7.58	6.09	6	5.66	6.31	6.33	6.3
27.88	26.17	32.53	30.4	31.22	28.02	26.38	25.64
33.16	32.2	32.28	37.61	38.9	34.11	30.21	37.85
13.08	12.03	11.65	11.29	10.81	11.99	11.98	11.29
6.15	6.21	5.26	5.77	5.13	5.29	5.45	5.52
14.64	15.75	14.19	15.74	18.66	15.4	13.73	16.17
2.45	2.48	2.43	2.19	2.03	1.69	2.14	2.2
41.88	36.94	36.87	39.17	38.41	39.63	37.46	40.32
46.49	47.88	52.31	48.68	57.41	45.1	51.92	52.98
102.63	88.43	99.89	81.98	83.24	107.72	99.37	87.2
17.29	22.09	18.14	18.61	18.82	16.99	20.76	21.3
15.66	16.24	12.77	16.57	14.98	16.89	15.31	16.84
14.31	16.62	12.75	17.99	21.15	13.58	17.17	16.4
54.99	58.72	59.74	52.78	49.22	61.87	51.01	59.24
28.82	28.2	28.35	33.69	26.28	24.61	27.18	28.13
64.31	62.25	82.63	69.65	66.07	61.47	60.33	61.98
9.89	10.72	9.06	9.9	9.18	9.88	9.41	10.58
24.65	24.5	24.73	24.57	23.15	26.31	25.26	21.3
7.82	7.98	8.73	7.94	8	6.83	7.03	6.67
133.6	128.38	131.6	119.97	138.2	124.44	132.56	105.5
26.63	27.52	22.45	19.82	21.7	25.52	21.72	20.38
1.13	1.14	1.15	1.18	1.14	1.15	1.15	1.14
19.83	13.53	16.33	15.57	14.5	15.1	17.6	14.86
54.18	63.65	49.38	56.67	61.79	56.82	56.92	46.91
2.78	2.96	2.95	2.08	2.43	2.54	2.54	2.7
28.59	32.59	30.48	29.65	29.17	27.17	34.83	34.35
44	39.9	43.42	37.67	44.88	40.95	42.7	36.34
16.8	16.98	19.5	17.71	16.63	15.96	19.8	17.98
41.28	43.84	35.29	38.29	47.74	40.17	44.41	42.97
19.9	22.2	20.35	22.13	21.61	19.12	20.58	20.88
20.54	15.64	20.35	17.56	16.97	16.91	17.55	14.63
45.8	46.22	46.97	44.83	50.02	46.88	43.99	53.67
53.27	65.81	73.31	67.07	60.48	67.74	63.62	62.35
31.3	30.32	32.99	26.38	37.19	29.93	28.53	31.72
20.38	24.3	22.28	22.66	21.25	20.92	21.64	21.72
57.76	67.62	58.12	60.09	58.89	62.69	59.69	59.92
37.51	35.55	33.8	32.07	35.2	32.97	29.29	27.98
25.76	25.75	29.58	22.21	23.58	26.85	23.97	24.93
9.61	6.85	8.05	7.88	7.38	7.77	7.71	7.82
20.08	22.62	21.37	22.49	18.54	19.98	20.79	20.75
68.37	71.61	66.99	60.58	73.83	72.37	75.04	69.68
14.73	13.43	13.21	13.28	14.21	13.9	15.32	13.15
11.51	11.59	9.26	11.94	9.29	12.99	9.8	12.25
2.02	1.7	1.47	1.5	1.89	1.99	1.89	1.57
33.85	28.2	31	34.72	24.39	28.9	38.46	35.06
49.32	49.06	46.6	43.26	53.5	52.76	42.52	60.9
33.56	30.99	28.82	28.32	25.78	30.58	32.23	23.23
13.9	10.32	11.28	11.01	11.51	12.07	11.93	12.41
43.53	44.39	48.71	48.2	55.44	52.79	52.32	46.39
13.92	15.24	17.7	14.84	17.38	14.62	13.97	15.45
33.05	25.72	24.15	26.02	18.67	24.4	25.13	23.69
38.2	35.89	38.36	43.37	31.03	35.8	41.2	31.43
27.17	30.07	23.53	28.17	24.92	24.51	27.05	26.56
78.39	71.65	63.09	56.19	72.04	55.48	69.77	62.97
24.62	18.94	21.07	17.33	17.78	18.24	19.9	16
10.89	10.16	10.32	11.11	9.25	11.25	11.43	9.68
15.66	16.99	15.7	18.1	18.03	18.68	17.1	20.11
74.76	79.94	86.49	81.62	83.38	89.26	72.17	85.19
6.07	5.67	5.03	5.87	5.73	5.2	5.29	5.47
5.17	5	5.73	5.84	5.39	4.43	5.32	6.2
43.43	46.4	42.01	49.84	51.71	47.97	71.11	54.63
7.06	7.12	5.21	5.72	6.7	6.11	6.18	5.63
38.49	39.5	48.5	40.75	38.09	38.92	40.65	42.47
18.73	19.28	17.23	16.69	18.45	17.64	18.84	15.89
51.6	62.77	53.82	54.1	49.87	50.9	42.02	56.6
7.71	7.3	6.95	7.73	8.25	7.97	8.81	7.89
20.65	19.05	18.17	18.19	20.42	19.01	19.37	20.18
12.83	11.47	14.14	14.43	13.76	15.52	12.72	14.25
20.49	19.65	20.47	20.67	20.15	18.25	21.53	21.25
87.46	83.83	90.63	84.7	81.87	88.93	89.42	74.49
28.99	27.47	32.13	31.73	31.8	25.33	27.65	26.92
71.14	68.8	77.46	79.72	60.33	72.76	74.66	74.93
42.11	40.55	52.58	42.38	51.46	45.37	40.35	43.22
52.19	50.14	42.82	39.15	42.29	47	41.16	52.18
21.22	15.5	21.91	18.9	19.94	18.88	22.22	23.13
12.66	13.83	14.28	13.44	13.7	11.39	14.17	14.65
46.39	48.25	49.32	48.86	39.68	40.66	34.58	50.53
27.63	33.87	31.64	29.61	28.38	34.35	34.63	26.07
53.21	43.76	50	55.7	51.32	41.29	56.05	53.43
51.16	55.39	54.45	46.15	52.72	49.29	48.18	47.25
55.65	56.67	56.27	60.11	63.97	62.28	63.55	54.82
17.65	17.69	18.2	16.37	16.43	15.06	20.83	16.13
12.26	19.37	16.08	13.84	16.63	15.21	13.14	14.05
40.73	48.96	46.12	38.64	41.87	44.4	49.18	47.89
27.37	28.42	23.13	21.88	22.22	25.21	22.54	26.66
14.12	11.84	14.09	13.54	12.69	12.84	13.45	13.63
11.6	9.04	9.51	10.52	9.32	11.08	11.21	11.64
21.14	28.28	24.16	19.53	25.64	19.74	25.41	19.03
6.41	6.39	5.42	6.07	5.62	6.74	6.19	7.07
55.59	61.41	60	47.92	52.61	55.53	46.71	56.36
19.65	20.48	21.4	20.43	19.32	21.4	16.34	20.64
37.91	34.28	33.44	41.62	36.21	36.71	36.34	33.39
43.22	47.46	40.9	40.36	43.92	48.85	46.55	50.29
29.25	24	23.86	25.92	30.69	25.53	25.05	29.23
36.52	30.04	38.28	33.98	35.3	32.31	34.34	34.72
69.81	65.57	68.52	63.31	63.54	59.66	63.01	61.78
10.66	10.92	12.3	11.18	12.69	10.78	12.62	13.09
82.07	77.27	77.83	83.49	82.55	95.51	104.57	85.43
14.82	13.79	14.16	16.11	12.59	13.78	15.07	13.31
48.89	54.04	45.99	51.28	53.54	59.79	50.33	59.68
42.32	35.72	38.98	38.61	39.33	37.87	38.52	45.41
57.67	54.6	52.7	58.22	47.71	44.37	60.27	60.16
20.89	23.28	22.76	22.57	24.52	22.81	21.94	24.79
8.64	7.46	7.89	9.37	9.34	8.26	8.84	7.33
90.94	83.31	78.7	66.66	75.2	93.72	81.33	79.19
31.77	36.38	40.96	31.17	36.42	35.15	39.07	40.19
141.6	132.14	146.49	155.62	143.1	143.26	135.82	128.48
70.76	68.93	59.09	69.58	78.74	62.01	69.07	62.2
15.03	18.17	15.19	20.06	20.22	19.07	16.88	15.84
24.54	24.51	24.74	21.68	19.56	23.5	20.24	21.98
27.48	29.52	28.15	28.61	33.31	34.8	35.34	26.77
9.84	8.65	7.8	10.28	8.77	7.49	9.46	8.65
16.33	15.63	13.76	16.05	15.84	13.15	15.73	15.87
4.31	4.13	5	4.32	4.74	4.35	4.7	4.8
32.68	38.06	43.42	36.76	30.44	41.83	34.32	44.16
20.53	21.94	24.11	25.25	22.54	22.6	21.05	32.36
19.91	19.13	20.14	16.96	18.27	18.15	17.53	19.7
35.47	36.82	34.37	45.57	33.31	41.15	34.12	34.81
12.89	15.07	14.02	15.18	14.31	16.5	12.04	17.71
13.38	12.09	14.4	14.03	15.31	12.34	15.1	11.3
42.47	42.44	46.92	49.92	51.39	42.62	46.81	45.74
25.15	24.15	21.3	21.47	19.18	22.92	21.58	18.12
7.35	8.45	8.99	8.18	7.01	7.1	8.19	8.15
6.34	5.51	6.89	5.41	7.19	6.54	6.76	6.06
16.32	16.9	18.59	16.17	13.99	16.21	14.27	15.49
30.76	28.04	38.02	30.93	35.85	28.13	31.65	33.14
72.32	66.21	58.72	74.25	55.52	56.19	61.99	54.59
20.97	21.53	17.15	26.07	20.22	20.13	16.58	20.71
1.46	1.55	1.51	1.55	1.63	1.68	1.62	1.56
57.97	66.22	57.23	65.94	59.55	52.27	56.82	63
33.05	33.8	32.63	36.19	29.17	26.81	28.74	27.26
60.06	62.12	48.53	59.23	62.14	58.75	54.95	56.86
136.12	150.21	122.84	122.01	100.32	125.83	135.34	121.1
13.37	12.17	14.72	14.79	12.86	17.26	15.13	13.57
96.44	97.7	104.06	86.04	101.45	117.65	82.45	87.2
5.77	6.64	6.38	6.73	5.65	7.69	5.81	5.91
43.13	36.32	50.15	37.39	34.48	37.16	42.61	37.66
23.62	26.33	21	20.27	21.01	25.18	22.23	21.58
61.87	43.45	51.08	58.1	49.44	41.51	51.71	54.46
31.6	31.78	31.85	29.68	32.79	33.23	37.88	29.46
9.55	9.94	10.98	9.85	11.24	10.2	10.5	9.11
10.41	14.32	10.72	11.55	12.96	13.55	12.27	12.91
3.28	3.75	3.03	2.86	3.8	2.91	3.56	3.06
51.33	56.9	46.59	45.28	51.42	51.88	65.88	53.44
61.15	76.12	79.93	74.21	78.2	57.4	75.34	78.88
22.88	24.78	25.04	22.82	25.67	25.93	27.27	28.26
66.19	64.09	58.57	53.71	60.77	54.04	60.21	62.57
1.43	1.43	1.4	1.4	1.42	1.43	1.38	1.42
9.03	10.12	9.03	10.78	8.97	8.18	9.94	9.64
25	24.14	25.71	23.86	30.75	22.76	29.87	25.76
16.82	14.63	15.37	14.65	16.79	16.5	15.79	17.52
12.56	12.3	14.48	14.37	13.37	12.49	14.28	11.95
21.72	20.82	22.17	16.2	21.02	22.92	17.9	19.23
18.27	16.55	15.73	13.52	16.82	14.09	17.93	13.61
17.4	16.13	14.74	16.93	14.71	13.05	18.87	15.18
21.47	19.07	15.93	18.46	17.88	21.1	18.65	16.65
217.31	269.3	224.15	232.06	241.5	248	244.84	289.19
15.62	14.24	13.29	16.47	19.34	20.5	14.47	15.91
72.22	86.16	70.28	86.4	85.69	85.5	71.55	73.36
19.14	18.79	12.8	14.7	19.58	19.11	14.63	18.83
31.72	34.49	39.79	38.9	32.82	37.78	38.67	36.36
23.84	27.71	30.35	25.16	23.2	26.01	25.67	23.38
32.28	35.93	27.6	30.36	28	32.35	32.76	27.46
7.15	8.08	7.41	8.62	7.03	8.26	7.99	8.04
42.83	45.92	40.45	45.8	44.45	51.5	55.86	53.46
32.35	40.75	30.57	38.61	38.48	35.95	32.51	38.19
8.81	9.67	10.27	10.67	12.31	9.86	9.38	10.3
8.29	9.05	8.26	10.02	8.66	7.38	9.26	9.12
30.42	31.57	28.41	28.87	26.66	27.12	30.64	28.98
34.61	33.66	33.22	28.1	34.13	29.44	33.02	31.97
13.86	10.8	10.26	12.56	10.74	10.55	11.62	12.13
40.72	30.7	40.17	31.99	37.01	34.2	32.08	31.87
53.53	54.44	47.08	48.96	47.81	53.98	46.62	48.19
22.31	22.48	17.49	19.21	22.17	18.8	17.3	24.04
5.65	5.08	5.23	5.38	6.33	5.36	5.75	5.05
72.71	68.41	76.63	80.93	74.87	90.49	87.9	71.36
4.33	5.05	5.46	4.32	4.85	5.77	5.28	5.02
23.94	23.77	22.61	25.82	22.57	23.44	24.72	26.08
28.66	33.74	30.29	30.77	33.39	30.38	34.2	34.34
12.88	14.51	12.87	13.65	14.19	13.75	13.32	14.93
15.42	19.44	15.02	15.19	14.41	17.3	14.23	14.95
30.2	28	31.67	31.1	25.73	29.93	36.72	33.9
18.57	20.82	20.15	16.93	17.6	17.45	17.18	19.68
35.66	38.3	36.53	37.49	45.57	52.96	38.54	38.93
7.73	10.03	10.66	10.79	10.85	9.17	9.51	8.99
29.07	24.33	26.94	26.21	26.88	25.01	29.91	27.82
14.17	11.72	10.83	12.77	11.11	11.2	12.11	11.59
13.65	16.92	16.28	14.49	16.02	17.07	17.19	18.86
52.01	47.66	49.75	46.54	53.61	56.23	51.83	62.84
17.87	21.47	19.01	22.87	18.29	24.02	20.65	20.6
19.01	20.54	19.09	19.96	19.31	15.83	18.36	18.08
16.37	15.52	15.76	13.46	16.35	14.73	17.03	12.6
38.16	37.78	38.49	35.71	36.31	44.4	36.9	34.3
6.55	5.5	6.59	6.63	7.65	6.31	6.63	6.72
2.36	2.59	2.23	2.13	2.15	2.1	1.98	2.15
64.3	61.51	55.38	54.57	51.12	53.33	49.12	51.62
11.55	11.64	15.39	15.42	14.43	11.14	14.73	12.3
25.98	26.94	29.12	23.85	25.19	27.14	26.9	31.39
93.84	94.89	111.15	110.33	105.38	100.57	89.83	131.47
21.33	19.97	21.99	18.14	19.5	19.07	22.42	21.97
40.63	36.88	36.68	33.86	30.45	33.99	37.91	35.84
11.28	8.99	10.96	12.34	10.5	11.19	9.99	10.91
26.71	27.6	22.89	31.22	30.23	26.71	34.61	28.76
71.71	85.91	75.74	83.79	83.37	83.28	89.78	73.64
92.12	72.79	76.75	85.69	100.13	82.34	81.33	79.5
33.96	32.9	34.22	31.74	36.66	34.85	32.7	31.93
39.99	49.67	41.44	39.35	39.11	34.61	47.74	36.31
48.92	51.25	43.45	44.32	39.47	44.83	45.51	39.56
3.24	3.56	3.13	3.2	3.22	3.82	4.02	3.47
35.86	28.82	40.72	36.97	30.83	30.84	29.62	29.63
37.04	37.27	32.43	30.41	26.97	30.6	40.92	35.48
4.08	3.63	3.42	3.67	3.26	3.52	3.32	4.1
1.2	1.14	1.06	1.05	1.15	1.16	1.19	1.1
11.86	11.85	9.89	11.89	10.38	12.04	14.87	13.47
1.8	1.8	1.78	1.83	1.8	1.65	1.68	1.69
11.62	10.97	11.89	10.51	8.41	10.52	11.34	10.88
39.64	38.64	31.55	37.2	36.18	36.42	35.09	31.29
17.61	15.64	16.83	14.26	18.42	13.22	17.26	12.75
6.14	5.5	5.58	4.65	6.13	5.44	4.99	6.87
8.61	7.34	7.94	7	6.94	7.6	8.7	7.51
3.55	3.64	3.09	3.23	3.15	3.68	3.09	3.15
5.71	5.53	4.54	5.78	5.62	5.6	5.06	5.31
4.83	5.91	4.79	5.74	4.57	4.75	4.26	4.55
13.24	14.75	14.47	15.32	13.07	14.74	14.94	13.59
39.11	28.03	35.1	34.93	37.5	39.16	35.7	33.64
17.12	13.74	15.89	17.31	17.45	15.77	15.18	16.43
15.87	11.62	16.12	14.05	10.8	11.76	14.02	13.52
7.51	8.28	8.17	8.6	8.86	8.46	7.08	8.62
13.09	13.43	13.72	13.94	12.81	13.74	12.2	13.14
49.57	50.12	45.52	37.7	47.02	37.54	57.15	48.12
31.35	30.37	29.36	29.64	28.66	31.89	28.84	27.01
53.6	65.81	65.51	63.04	58.25	56.23	55.73	61.91
29.36	30.12	31.8	31.17	28.1	29.86	34.47	36.37
6.21	5.96	7	5.81	6.88	6.7	6.47	5.73
9.75	9.5	8.78	9.67	9.01	11.21	11.39	11.76
7.61	7.13	8.54	8.42	8.19	7.11	9.63	9.97
2.81	3.41	2.72	3.09	2.95	3.28	3.27	2.71
22.44	22.47	20.7	24.3	22.41	20.75	24.83	23.82
88.28	93.39	94.58	110.21	81.47	89.75	93.74	87.93
4.57	3.99	3.85	3.54	3.56	3.63	3.63	3.71
37.62	40.89	38.17	40.17	39.04	44.86	44.94	41.71
21.19	21.62	19.18	20.97	23.47	17.78	21.81	17.62
34.4	36.32	35.96	39.29	35.95	36.25	37.61	35.27
4.29	5.06	5.21	3.73	4.14	4.06	4.63	4.23
91.53	116.53	102.59	77.58	91	75.46	84.18	95.52
60.7	55.5	62.35	58.75	75.61	73.14	71.03	67.34
49.86	41.42	47.79	51.91	42.14	30.6	40.44	38.82
2.86	3.65	4.79	3.89	3.05	3.43	3.57	3.85
1.7	1.81	1.74	1.55	1.64	1.73	1.72	1.6
9.25	8.85	8.75	10.13	9.76	9.28	9.93	9.9
34.5	42.95	44.41	37.86	43.93	40.84	39	42.86
11.08	14.13	11.15	11.05	11.95	13.66	11.66	12.54
2.74	2.34	2.52	2.64	2.54	2.37	2.44	2.88
59.12	57.97	53.87	60.61	48.77	39.31	54.24	51.44
63.92	68.34	63.83	73.45	90.72	78.02	85.28	99.25
22.47	18.51	20.04	18.23	25.9	23.34	17.99	19.88
45.47	47.87	39.06	53.52	44.53	48.49	42.49	49.86
3.43	3.51	2.54	3.74	4.06	3.88	3.03	3.47
7.46	6.12	6.57	7.57	7.48	6.03	6.63	6.71
77.17	79.95	69.11	76.96	78.02	79.07	65.23	82
26.72	25.32	29.58	26.16	22.38	28.11	30.66	28.16
30.03	27.8	24.5	29.97	36.33	30.71	26.42	33.06
