15.98	15.89	16.04	16.21	16.13	16.15	16.52	14.13
10.98	10.12	10.41	11.32	10.06	9.54	9.05	9.88
24.51	23.26	26.39	23.62	25.5	23.14	23.06	26.54
14.78	11.68	15.39	15.68	15.09	14.74	13.82	15.43
46.3	52.96	53.27	46.71	56.22	49.36	45.6	49.35
19.51	25.54	30.3	23.92	22.52	28.72	24.51	22.31
14.76	14.69	14.39	13.77	15.1	17.21	15.64	14.25
26.6	29.01	26.04	34.03	31.42	24.34	22.75	30.21
20.62	20.95	20.15	19.98	18.87	15.33	23.11	20.98
83.33	85.3	89.13	80.63	99.77	83.44	82.45	90.2
16.74	17.99	15.34	16.63	17.1	20.15	16.1	15.68
4.47	4.42	5.65	4.74	4.29	4.83	4.64	4.57
86.77	88.17	88.62	104.96	85.68	85.29	95.06	85.56
9.27	9.71	11.23	12.02	9.5	10.23	11.69	9.74
57.32	65.66	73.29	55.78	70.19	73.51	65.32	73.04
7.74	6.22	6.1	5.74	6.16	5.81	4.82	6.49
15.69	18.65	17.84	19.27	15.88	19.26	17.39	15.46
51.03	54.96	52.11	46.21	50.71	52.33	54.07	58.21
13.13	11.79	13.91	13.94	13.65	13.47	14.13	12.57
39	43.71	40.35	47	40.8	46.4	40.64	39.06
75.46	73.2	61.99	83.24	69.35	63.15	71.88	72.7
1.47	1.43	1.45	1.37	1.45	1.46	1.4	1.45
23.64	26	24.35	26.75	30.37	24.67	25.81	24.22
43	44.87	48.47	48.25	40.43	42.72	43.13	47.21
8.7	11.58	11.75	11.31	11.81	8.79	10.86	10.79
32.32	31.3	30.7	37.68	29.49	36.72	37.36	33.68
22.05	24.55	24.51	24.56	25.17	20.27	22.47	22.7
25.12	31.01	33.94	24.17	36.59	36.78	31.16	29.41
25.04	24.78	24.35	21.73	22.51	23.95	23.98	27.67
94.33	98.1	93.35	87.92	104.5	79.85	100.57	91.51
24.11	25.5	28.8	26.4	28.09	27.15	24.35	23.59
33.57	27.14	24.99	30.65	25.77	27.12	27.62	28.36
15	14.76	14.97	13.02	15.8	14.89	14.7	14.57
21.51	19.71	22.44	19.26	19.42	19.72	22.2	19.97
7.24	6.33	7.32	7.11	6.39	7.21	7.55	8.17
39.59	35.58	35.08	39.04	36.32	32.56	34.66	36.71
13.47	14.4	12.81	11.97	11.83	12.71	10.92	13.06
24.87	29.98	27.83	24.58	25.39	26.39	22.29	23.35
20.07	20.61	21.91	18.94	21.79	21.76	21.02	21.48
74.65	66.75	81.92	79.59	83.97	65.61	71.72	75.93
21.48	18.49	21.71	19.77	22.79	17.89	17.59	15.19
103.33	103.36	136.87	122.41	121.28	119.02	114.18	110.88
22.37	23.83	24.72	24.1	22.38	25.73	19.7	25.04
10.78	11.63	11.01	12.48	8.81	11	13.6	12.5
3.97	5.35	5.51	4.43	5.89	4.69	4.66	5.51
58.12	77.95	63.13	64.83	63.87	63.77	67.69	60.82
20.16	18.81	21.85	20.35	19.97	18.99	19.34	19.14
11.1	11.9	9.87	12.34	9.54	13.06	11.32	10.99
36.91	30.49	37.12	30.19	37.68	35.14	29.45	37.27
69.81	70.75	71.33	69.48	69.87	82.2	83.54	77.82
5.77	4.72	5.18	5.39	5.63	4.73	5.47	5.54
1.33	1.19	1.29	1.29	1.34	1.23	1.11	1.21
11.45	8.86	10.48	9.5	11.23	10.75	11.61	10.91
42.81	45.78	39.44	38.83	41.55	45.22	43.24	46.2
15.71	13.62	14.06	15.4	13.81	19.23	16.09	15.71
17.29	15.78	14.64	15.11	16.03	17.36	16.15	16.05
47.69	50.24	44.91	34.77	42.66	48.92	31.83	37.83
52.35	46.39	44.5	47.94	53.32	52.37	63.33	46.12
68.2	77.08	75.8	75.82	56.45	80.66	71.65	69.33
68.24	60.83	67.99	49.65	53.96	61.77	61.33	51.73
11	11.3	10.17	14.42	10.2	13.25	12.64	10.42
20.02	22.01	21.08	20.54	21.76	21.86	20.66	18.79
8.35	6.86	7.6	8.79	6.7	8.21	6.62	7.37
73.39	72.19	74.91	77.4	87.9	72.49	66.22	78.11
34.63	31.18	31.83	27	33.92	32.81	32.28	37.17
81.87	76.89	80.87	89.53	99.51	89.98	92.79	92.52
9.15	9.68	8.03	11.52	10.5	9.78	8.6	10.35
22.44	28.24	23.91	21.43	28.29	21.35	26.55	21.67
9.21	7.45	8.19	7.87	8.89	7.06	8.13	8.68
1.93	2.09	2.17	2.01	2.19	1.75	1.67	1.87
17.17	20.1	15.93	14.87	17.72	16.69	19.41	15.82
80.44	71.42	76.44	70.88	75.73	86.57	78.54	78.29
3.06	2.87	2.95	2.78	2.63	3.03	2.66	2.72
3.64	4.71	3.96	3.49	3.47	3.63	4.01	3.39
5.11	5.29	5.01	6.25	5.01	5.9	5.9	4.83
5.54	5.83	7.15	6.13	5.83	6	6.48	6.7
7.79	9.63	7.94	8.18	8.85	9.33	7.87	9.26
4.31	5.01	5.07	5.68	4.13	4.78	4.73	5.23
15.76	18.87	20.62	16.71	18.51	14.86	17.68	18.75
38.28	40.92	48.82	42.28	39.58	46.49	41.08	35.42
24.03	33.98	27.79	27.26	27.91	27.14	27.9	25.19
31.85	31.45	29.9	27.32	33.32	34.67	29.35	29.42
42.22	44.41	37.04	39.57	41.52	44	36.72	39.82
54.41	55.23	67.61	62.52	77.63	72.01	72.75	66.32
14.99	13.82	15.53	11.28	11.18	12.43	14.09	15.05
16.39	16.71	17.58	18.04	17.54	18.24	15.68	18.42
6.09	5.71	5.84	6.09	6.76	5.52	6.81	4.54
34.42	33.58	37.64	37.28	37.2	30.46	30.06	34.89
7.2	6.54	5.58	6.41	7.27	5.85	6.21	7.89
12.67	15.58	13.9	15.12	13.06	14.79	12.66	11.83
93.73	93.1	99.46	92.22	88.27	89.77	95.18	89.9
10.21	12.34	10.04	9.22	11.52	11.72	11.16	11.19
5.06	4.28	3.88	5.26	4.71	5.33	5.13	4.95
38.89	41.5	42.48	43.08	40.35	39.8	40.08	43.33
31.48	29.69	24.72	28.99	26.1	27.58	31.67	26.03
36.13	34.34	37.88	40.1	31.88	43	45.03	45.43
31.7	30.71	34.97	30.28	24.43	24.79	30.71	26.23
137.1	109.64	95.27	117.59	106.67	104.89	120.63	117.75
30.89	29.6	34.14	24.87	31.35	33.61	33.02	21.88
9.06	8.94	7.78	7.59	7.75	8.35	7.16	9.91
37.07	50.79	44.46	42.48	42.38	44.03	44.8	46
79.38	88.21	85.83	82.1	78.68	96.04	87.87	85.17
54.22	44.83	56.51	52.05	50.4	45	42.94	43.41
5.24	5.15	5.43	5.4	4.58	4.52	5.24	5.51
22.14	25.41	18.19	18.48	20.03	17.54	19.39	18.45
1.84	1.85	1.81	1.75	1.86	1.63	1.8	1.73
43.23	37.14	41.85	52.7	50.64	35.52	39.62	44.66
11.53	10.81	10.81	9.7	11.64	10.16	10.24	10.44
15.37	16.18	17.88	16.44	16.55	16.75	18.2	18.44
5.87	5.53	6.68	6.26	6.42	5.95	5.62	6.47
44.45	37.18	50.07	41.89	43.28	45.04	47.23	50.35
20.52	18.91	18.06	23.79	20.51	23.34	23.09	18.33
82.99	80.82	73.31	68.12	70.93	75.62	78.61	78.16
27.77	25.53	19.71	21.97	25.56	28.92	25.72	25.22
19.08	21.11	18.97	19.43	18.87	19.94	18.52	19.17
25.25	31.11	31.22	34.23	35.01	24.66	24.65	24.75
1.25	1.55	1.4	1.39	1.45	1.4	1.52	1.48
37.15	33.83	34.63	46.3	32.75	31.9	34.72	37.44
21.52	19.63	21.75	20.48	19.06	24.02	19	21.64
98.56	103.41	130.28	86.98	103.81	97.39	111.92	89.38
10.8	11.34	11.79	9.5	10.63	12.05	11.05	9.7
12.33	10.88	12.19	9.6	11.62	12.58	10.52	9.15
18.15	23.04	21.27	18.52	21.5	23.86	21.38	20.84
52.53	46.37	54.55	52.3	56.27	47.62	61.09	47.02
85.65	87.5	85.11	66.82	81.02	80.87	84.83	77.36
7.65	6.37	6.65	7.76	7.17	8.69	9.46	7.25
41.05	34.86	39.21	39.59	38.65	31.87	41.66	36.66
3.43	3.93	4.04	3.19	3.55	3.39	3.2	3.75
9.06	10.44	8.82	7.96	10.09	9.2	10.59	8.32
76.23	71.37	79.45	64.95	62.07	73.9	81.84	69.32
14.35	16.41	13.68	14.62	12.07	12.06	11.81	13.17
50.93	50.57	43.64	48.02	45.99	62.23	53.6	59.01
31.24	32.13	34.43	39.07	31.38	40.83	31.42	37.08
57.79	72.49	66.3	82.99	67.99	82.17	79.56	63.27
30.05	26.54	24.96	30.15	28.79	29.77	26.5	23.21
12.36	13.73	13.86	11.27	12.04	9.57	9.95	10.8
33.6	31.19	31.07	33.9	35.26	31.73	31.11	33.98
116.01	110.36	103.3	99.79	122.66	92.89	99.69	135.39
51.86	60.4	70.03	69.31	55.37	62.11	55.95	60.46
94.07	70.49	75.14	63.32	81.87	72.68	78.35	79.99
7.31	7.04	7.13	8.36	8.58	8.69	7.97	6.68
39.22	42.72	36.4	46.98	33.4	47.35	43.21	44.54
21.87	19.71	18.32	16.78	16.21	16.29	18.93	18.8
88.39	87.99	66.44	73.64	84.11	84.43	77.42	71.68
12.07	12.5	10.89	12.26	14.01	13.34	10.59	11.62
8.33	7.01	7.71	7.6	7.24	6.42	8.33	7.37
1.43	1.16	1.42	1.79	1.59	1.55	1.7	1.48
8.14	10.41	11.61	10.32	10.14	10.83	9.99	11.16
75.15	84.14	67.06	65.7	71.47	70.89	56.37	73.62
13.55	14.3	11.99	16.3	13.86	16.14	15.43	13.08
73.51	78.57	80.23	76.85	92.16	85.92	81.39	71.79
39.93	35.34	38	46.64	45.3	34.6	43.18	43.89
32.75	34.97	34.76	37.37	32.81	34.16	35.68	37.11
50.65	64.72	56.73	56.25	52.77	60.25	55.18	54.84
119.57	124.81	115.81	127.04	129.7	137.72	118.83	136.97
138.54	120.39	132.11	135.05	147.5	144.25	138.16	139.49
61.55	55.85	72.2	66.55	60.73	64.57	70.05	58.16
45.01	32.46	28.61	31.69	31.22	28.55	32.14	37.66
19.64	22.85	20.13	16.94	15.32	17.74	16.84	16.88
18.2	20.22	20.29	20.53	19.38	20.5	17.75	18.51
1.04	2	1.92	1.19	1.21	1.95	1.97	1.01
2.24	2.13	1.9	1.83	1.89	2.42	2.27	2.26
95.68	90.7	92.96	84.88	76.75	89.57	99.77	103.85
74.51	76.27	70.92	73.95	82.74	74.3	86.8	78.37
41.89	48.84	44.83	49.3	48.76	49.65	39.67	45.06
13.68	13.78	14.4	13.63	16.34	12.6	13.91	13.82
21.01	22.65	24.18	29.08	26.72	25.97	23.39	25.33
1.78	1.71	1.86	1.81	1.72	1.8	1.83	1.87
84.85	76.17	78.77	85.41	83.88	88.31	75.76	65.94
44.37	33.29	38.7	44.21	42.73	34.58	43.45	35.12
3.34	2.86	3.25	3.01	3.46	3.18	3.23	3.51
17.98	16.26	12.99	14.92	15.18	15.36	15.52	15.21
14.99	15.27	17.22	15.69	13.13	16.38	13.48	20.23
28.18	27.78	25.06	29.58	26.59	24.95	25.04	30.28
43.18	40.11	38.16	37.97	39.39	41.69	39.99	39.15
39.64	30.19	35.73	34.37	38.24	28.62	33.84	31.4
8.06	6.88	5.8	6.22	6.57	6.03	6.59	6.39
21.36	22.5	19.16	20.64	19.4	18.43	17.5	16.36
16.89	14.37	14.59	15.73	15.57	14.25	14.81	13.56
20.92	19.9	21.7	22.52	18.38	18.58	21.67	24.37
25.06	22.36	25.91	32.52	30.65	31.63	28.32	24.74
9.33	10.94	10.14	9.96	10.84	9.74	9.28	10.25
28.91	25.34	27.24	24.18	25.01	25.29	25.93	23.81
1.65	1.72	1.73	1.67	1.7	1.69	1.66	1.77
77.72	74.37	77.08	72.42	70.92	63.3	60.91	62.92
14.06	16.98	16.2	14.23	15.38	16.47	15.54	14.67
13.11	11.32	11.21	10.31	13.81	10.8	9.84	11.44
1.99	2.22	1.97	2.03	2.22	1.64	1.84	1.86
52.05	55.24	58.16	48	53.76	41.52	44.76	48.73
68.25	56.23	82.2	67.36	69.71	56.55	69.6	81.35
15.57	19.05	14.97	15.99	12.89	13.08	14.04	16.1
69.67	53.67	80.64	72.53	70.52	62.99	76.35	65.74
25.84	25.93	30.6	26.53	27.85	29.42	33.27	24.71
65.8	64.23	67.17	59.6	69.2	64.13	68.04	74.16
1.34	1.39	1.38	1.19	1.3	1.17	1.24	1.19
66.55	57.39	78.29	75.89	59.85	69.31	64.53	62.42
76.72	66.63	68.71	68.08	76.2	63.74	61.89	81.94
4.25	4.28	5.02	4.67	4.69	4.93	4.85	5.02
8.11	8.88	7.79	8.31	7.2	7.43	8.99	8.08
16.69	14.93	19.17	18.65	16.66	14.94	19.25	16.87
1.42	1.54	1.29	1.42	1.46	1.46	1.39	1.43
8.22	7.8	8.82	7.23	7.4	9.07	7.72	8.66
7.06	7.06	6.66	7.36	6.95	8.47	7	6.65
52.14	50.93	51.58	47.72	52.02	50.57	54.52	54.15
6.17	7.48	5.92	7.2	6.9	6.58	7.51	6.34
6.6	7.26	8.64	7.1	6.13	7.37	6.72	6.78
8.51	10.84	12.62	10.47	13.22	11.77	8.62	10.75
21.11	22.88	22	23.67	22.24	25.72	19.68	22.75
55.9	51	56.04	51.4	55.16	49.22	53.58	46.78
37.21	35.98	37.77	32.35	46.61	36.08	41.45	37.51
25.01	23.4	26.34	20.6	26.47	21.15	22.72	29.31
34.45	42.46	43.03	41.48	43.21	46.98	44.62	39.76
38.57	38.02	42.39	42.08	44.11	38.68	39.55	36.02
5.38	6.96	6.75	7.58	7.97	7.64	6.81	6.64
48.46	58.15	55.11	43.91	45.04	61.87	52.91	62.58
18.31	16.27	15.94	15.99	15.05	16.31	18.36	17.24
28.03	31.95	24.59	32.15	30.38	27.48	26.28	33.3
51.14	49.18	45.81	43.46	50.64	61.3	52.63	45.5
19.45	19.08	20.42	17.97	22.43	17.72	17.5	20.99
16.86	16.41	18.16	16.52	20.86	17.26	15.51	17.08
1.11	1.1	1.12	1.13	1.11	1.14	1.15	1.13
21.72	21.07	18.21	19.41	18.59	18.13	21.54	16.34
41.21	53	52.81	50.29	39.76	55.11	42.87	48.3
10.78	12.35	9.68	13.87	12.66	11.27	12.69	11.2
22.54	23.03	22.75	21.62	19.54	28.89	29.15	19.87
69.09	88.38	65.22	93.12	83.29	74.48	79.98	85.21
15.15	14.2	11.82	11.49	13.86	15.41	14.3	13.72
50.05	59.27	51.74	51.72	60.32	53.31	49.28	57.29
10.63	12.09	11.77	10.37	11.14	11.32	9.73	12.34
116.68	114.75	129.91	113.68	138.06	113.98	122.04	126.63
26.99	21.36	24.66	27.41	25.23	18.69	25.56	19.47
22.11	22.05	22.92	22.64	21.25	23.21	22.43	25.8
39.09	38.51	41.31	45.11	37.49	37.62	41.94	45.73
63.97	78.19	67.84	72.04	92.02	70.56	58.86	83.8
49.82	45.88	51.83	44.1	49.07	43.52	45.78	51.88
69.78	70.24	77.73	69.13	78.41	74.32	81.38	68.64
10.36	11.01	10.81	10.65	9.38	11.77	9.11	10.15
105.02	127.79	105.09	106.86	131.53	106.95	96.15	112.31
26.11	25.69	29.31	33	28.16	26.69	30.93	29.82
8.83	8.28	10.3	8.14	8.72	8.44	7.91	9.54
112.04	91.85	127.46	100.03	108.34	116.63	113.17	101.94
2.82	3.4	3.34	3.45	3.48	3.17	3.2	3.16
1.69	1.72	1.69	1.74	1.75	1.67	1.68	1.72
80.43	90.87	84.87	88.13	77.69	79.18	96.84	72.21
39.91	39.87	32.91	34.89	34.85	38.4	31.85	42.69
66.42	51.22	54.19	65.62	50.23	67.54	61.11	63.24
2.74	2.42	2.73	3.06	2.53	2.63	2.37	2.51
16.31	12.76	10.53	12.04	12.39	13.31	14.52	14.68
36.38	34.79	37.32	39.11	35.38	40.63	36.78	40.07
13.65	11.67	13.54	12.01	15.34	14.59	13.88	12.66
69.87	67.31	60.29	80.77	61.58	63.76	62.63	66.65
4.14	4.34	4.46	3.87	4.52	4.43	5.06	5.29
9.6	10.83	9.77	8.96	7.58	9.89	10.43	9.12
44.36	51.42	51.66	40.78	45	55.17	45.48	50.53
3.39	3.9	3.7	3.53	3.95	4.19	4.26	4
37.27	41.09	41.34	45.89	39.72	40.38	37.72	44.89
25.13	26.23	22.36	22.63	25.8	25.77	22.3	23.63
8.82	7.29	7.29	8.28	7.52	7.28	7.95	7.93
51.22	45.47	40.76	40.53	49	45.41	38.41	38.34
15.04	12.56	13.69	14.84	12.21	14.11	9.95	14.3
52.66	59.63	50.87	53.81	61.41	48.6	54.97	51.82
10.67	13.65	14.63	11.33	10.78	13.88	11.68	13.92
7.58	8.86	8.84	9.36	9.23	10.66	10.58	10.95
36.95	53.3	40	46.74	45.35	51.62	49.5	39.96
30.09	23.49	23.48	29.45	30.75	27.58	27.44	29.72
8.68	7.12	8.67	7.96	8.66	7.49	9.06	7.61
10.21	10.51	11.05	10.46	10.26	12.67	10.97	11.1
44.3	46.95	47.24	43.92	55.19	62.67	54.37	49.45
29.23	29.92	32.34	28.92	32.28	31.01	25.26	31.28
37.98	44.1	40.84	46.76	36.8	44.78	40.9	43.05
81.94	81.75	75.59	86.54	78.87	89.2	99.13	92.05
28.73	30.37	38.34	33.36	35.59	32.4	36.09	32.52
21.46	23.48	21.18	27.24	19.31	23.57	19.28	25.99
28.19	24.09	30.5	23.54	26.41	29.81	25.34	28.51
22.34	19.66	17.91	22.52	18.52	18.13	20.06	18.21
27.01	33.36	31.59	25.92	22.23	26.23	23.21	29.14
17.31	12.93	14.23	15.16	13.94	16.99	14.24	16.31
4.85	4.04	4.99	5.77	4.99	4.82	4.92	4.94
51.35	54.45	58.57	55.49	51.4	58.9	56.16	54.46
8.98	10.07	9.24	7.97	10.06	9.36	9.42	11.52
35.06	51.16	42.51	37.47	38.93	36.62	44.15	34.75
86.26	85.83	113.83	116.84	103.51	95.3	97.98	114.15
19.1	18.47	18.77	18.55	20.19	17.12	16.03	16.34
12.88	11.92	12.59	11.55	11.38	11.29	12.2	11.95
9.59	10.21	8.91	12.6	9.96	10.1	11.51	10.24
58.36	56.12	52.06	68.07	65.17	58.33	73.57	55.95
40.4	51.57	50.4	38.18	48.61	45.26	37.15	53.32
26.17	21.64	28.5	26.56	29.17	26.9	31.27	26.04
84.42	73.55	105.32	98.9	78.55	93.04	83.95	98.13
16.09	15.29	14.3	18.5	17.43	16.9	18.86	15.14
3.07	3.58	3.41	2.87	3.28	3.3	3.6	2.99
16.03	15.43	18.02	15.46	14.72	17.65	18.79	16.69
31.04	37.46	38.31	37.29	38.64	35.85	31.82	39.99
30.52	30.44	28.57	23.15	24.79	22.29	27.58	27.99
130.71	125.43	130.99	122.16	138.23	122.97	131.98	119.36
49.27	46.66	49.61	47.42	54.55	58.63	50.89	54.05
50.83	51.45	44	47.66	40.16	39.84	48.61	49.25
23.54	26.23	24.1	21	23.89	23.75	24.19	23.38
50.68	44.13	52.37	46.19	39.34	47.91	46.75	43.15
4.84	4.86	4.68	3.86	4.94	4.47	4.95	3.94
13.6	10.8	11.62	13.14	12.41	11.46	11.21	11.66
52.65	64.69	54.59	60.81	55.9	62	64.66	60.65
13.38	13.65	14.09	13.55	13.98	11.09	12.4	16.16
8.5	8.54	7.81	8.62	9.8	10.59	7.33	9.36
27.16	30.11	32.59	25.75	31.4	27.76	33.1	29.53
69.83	65.35	64.42	61.12	67.38	59.85	59.08	61.97
63.07	57.63	60.23	58.65	67.01	64.58	47.61	57.44
42.99	45.53	39.38	45.38	44.35	41.34	44.34	38.78
8.09	8.23	10.64	9.2	8.63	8.64	6.83	9.64
12.42	11.7	11.75	13.83	13.8	11.62	12.74	10.54
3.64	3.94	3.77	4.01	3.37	3.74	3.07	3.71
20.89	21.61	24.92	23.73	27.03	30.89	26.97	24.69
17.92	18.71	18.44	20.72	21.21	18.69	17.39	19.63
4.88	5.59	5.67	5.76	6.51	5.12	4.92	4.72
32.95	25.1	38	35.08	31.85	31.25	31.54	36.7
15.5	15.56	14.76	15.55	16.68	12.5	13.67	14.63
6.85	5.35	6.02	6.47	6.33	5.82	6.27	6.67
11.22	11.89	12.11	11.57	11.36	11.8	12.25	11.92
71.31	56.41	74.38	76.5	60.71	72.21	67.09	84.62
21.27	19.72	19.87	17.62	17.89	21.32	15.68	16.51
39.78	36.92	38.48	37.75	45.75	43.46	43.06	45.02
11.85	10.15	10.4	9.74	9.63	12.61	10.42	12.35
15.83	19.33	19.51	20.95	17.86	21.15	18.3	16.35
82.29	60.61	84.68	56.58	72	64.99	78.29	69.54
41.88	29.72	39.51	40.24	35.16	30.65	30.16	33.12
18.67	19.01	15.72	19.59	17.87	17.49	17.18	16.15
31.68	36.01	41.03	37.23	35.15	33.95	33.94	37.71
11.12	11.13	10.2	11.21	10.32	11.85	10.04	9.32
12.96	15.69	15.29	14.94	14.14	12.67	16.78	15.61
21.17	20.21	19	20.54	19.95	17.83	17.94	22.32
31.6	22.32	26.91	21.88	22.83	24.44	22.52	24.67
30.8	26.24	30.38	26.64	25.95	30.5	31.5	29.44
83.46	88.45	68.87	82.03	72.29	70.66	65.45	74.26
7.8	6.12	5.18	6.24	5.74	5.85	6.73	6.31
13	13.17	12.8	11.83	10.59	11.76	13.36	13.71
6.28	5.96	8.24	7.19	6.69	6.91	6.79	6.53
25.34	26.54	23.87	25.12	23.48	21.79	23.57	21.67
22.29	22.81	25.08	23.28	27.12	23.62	24.68	27.71
15.96	16.27	15.24	18.17	15.1	13.13	17.8	19.11
40.94	33.33	36.24	32.13	38.04	31.38	34.09	34.79
4.42	4.65	4.56	4.96	4.69	4.14	3.97	4.76
36.9	33.07	37.47	40.26	34.91	35.34	34.8	28.34
30.88	30.02	32.28	32.75	28.36	40.29	31.47	29.49
8.8	8.82	8.56	9.49	9.87	8.91	8.81	8.12
42.32	47.73	42.69	38.34	41.65	37.9	53.23	50.49
8.68	8.22	8.13	9.7	10.91	7.41	10.72	8.84
3.58	3.25	3.55	3.27	3.2	3.3	3.25	4.11
41.3	43.04	44.25	40.36	42.99	43.68	45.37	41.07
7.19	9.85	9.85	10.69	9.7	9.75	10.04	7.58
107.65	104.56	106.46	92.26	102.57	90.83	116.16	86.87
37.17	38.52	38.38	43.43	45.09	44.06	38.31	38.99
28.63	24.23	26.65	24.57	28.83	24.96	25.17	24.94
25.9	21.39	27.47	27.68	25.69	23.42	27.18	23.05
56.49	71.01	65.28	70.51	61.23	67.08	72.18	66.58
49	37.23	47.6	56.13	40.16	46.16	42.62	36.12
41.2	34.82	41.21	43	40.85	38.06	39.74	39.83
26.13	29.92	30.17	31.49	25.06	23.69	32.91	28.95
37.66	35.63	32.15	38.47	31.27	29.05	31.85	42.11
16.76	15.03	16.35	13.21	17.07	13.67	18.4	15.51
1.58	2.22	1.84	1.67	1.62	1.98	1.83	1.8
32.67	30.31	31.15	36.68	32.66	35.94	33.04	35.42
108.86	113.53	112.01	127.89	131.47	104.09	116.73	97.34
4.26	3.69	4.36	3.4	3.99	4.13	3.53	4.04
63.3	46.1	57.56	53.15	54.53	60.87	55.84	58.97
5.26	4.87	4.59	5.08	4.73	4.86	4.89	5.07
44.49	45.51	43.09	47.31	41.02	42.93	48.08	51.14
8.87	7.76	7.88	6.31	6.95	7.68	7.74	7.16
35.82	39.33	37.52	32.62	30.98	29.95	36.48	32.79
19.7	23.15	22.17	21.39	18.82	16.93	21.75	19.27
32.68	41.06	41.8	42.72	40.31	37.1	51.36	44.55
22.89	20.91	23.05	23.75	22.9	24.02	26.54	23.23
79.69	77.31	80.94	68.82	78.13	91.43	68.34	70.65
41.72	57.08	50.5	48.56	57.13	51.22	51.24	50.61
41.17	41.35	42.1	47.42	45.21	46.18	44.14	39.62
111.44	103.16	116.12	103.62	110.98	111.64	96.46	121.39
18.67	24.33	26.02	22.93	19.46	18.21	22.61	22.08
34.46	31.27	39.02	37.04	30.54	34.37	37.49	27.73
23.75	23.59	19.75	24.23	18.73	20.77	20	20.13
38.86	35.95	39.3	45.02	36.65	38.93	37.41	45.33
49.37	39.32	50.43	52.7	44.64	49.72	59.03	51.09
77.23	72.98	66.98	73.22	70.08	76.81	72.64	69.48
20.51	21.17	17.55	17	16.86	20.54	22.18	20.57
15.23	14.82	14.98	13.03	16.02	14.48	15.17	15.46
7.64	8.99	8.65	10.23	8	8.45	8.75	9.21
31.53	31.73	34.43	34.44	32.71	29.39	31.54	34.87
11.75	12.3	11.29	9.25	13.7	14.35	11.35	13.32
42.59	43.57	35.66	43.49	38.94	40.56	44.97	36.16
2.99	2.71	2.9	2.74	2.48	2.24	2.5	2.79
117.65	111.56	105.54	101.4	104.05	116.99	94.73	115.12
10.83	10.09	10.97	9.06	9.86	11.1	9.54	10.12
15.53	17.17	15.35	15.67	15.16	15.92	12.96	15.78
12.38	15.71	15.03	15.47	14.42	12.11	13.51	13.52
46.02	43.69	46.29	47.08	45.04	42.84	50.05	54.48
15.73	16.21	18.01	15.18	14.75	16.43	17.11	17.16
44.25	36.97	36.14	36.93	41.88	38.33	38.19	38.31
23.87	23.08	20.61	23.85	30.56	24.52	26.17	26.84
22.66	21.13	21.1	20.85	22.71	24.06	22.24	20.22
32.97	34.56	34.65	36.35	37.94	38.32	37.55	36.32
3.29	2.64	2.47	2.58	3.04	2.62	2.96	3.09
18.46	20.87	18.31	20.06	18.82	17.74	20.65	18.76
20.52	20.52	23.92	20.99	20.65	18.11	19.65	25
46.15	37.67	33.88	37.11	36.95	50.36	44.08	42.35
15.08	17.48	17.95	20.24	19.76	17.22	19.94	19.21
30.01	31.18	24.93	28.1	31.57	35.54	28.94	31.88
13.01	12.01	13.78	12.99	12.61	10.52	11.75	12.56
18.5	13.88	15.42	17.38	17.48	14.35	18.94	15.29
85.08	81.91	82.04	66.22	74.14	73.06	71.29	61.36
119.04	126.67	116.27	123.46	132.23	122.08	113.4	116.84
56.45	69.52	60.59	69.24	68.39	70.79	63.92	60.96
28.33	29.12	25.76	25.03	26.38	24.62	29.17	22.56
55.74	50.25	53.51	56.77	56.95	60.19	49.27	53.32
42.94	34.81	37.86	46.98	38.84	39.2	40.97	30.37
28.9	31	28.24	31.84	28.42	25.22	30.9	22.44
5.3	5.01	4.92	5.3	5.3	5.72	4.79	5.32
37.23	32.09	34.65	32.39	36.78	33.62	40.01	39.61
56.05	56.2	61.77	44.3	62.1	55.54	58.7	54.99
39.91	29.51	31.71	32.88	30.3	36.04	28.25	36.65
65.84	66.45	76.81	67.92	56.76	66.29	73.68	51.98
42.15	52.8	50.39	36.87	52.34	44.16	37.12	39.61
18.73	15.33	15.88	20.19	17.53	17.01	17.77	20.51
11.05	10.88	10.39	10.76	10.57	14.13	11.39	9.27
8.23	7.9	8.24	8.08	6.83	7.66	6.48	8.61
3.77	3.31	3.82	3.83	3.76	3.75	3.31	3.76
105.05	108.97	90.84	109.64	132.37	94.59	113.06	105.67
41.39	44.71	49.9	46.3	40.28	46.51	41.87	45.88
37.2	44.29	43.14	37.66	44.87	45.28	46.15	40
54.47	47.15	44.04	53	50.65	52.42	56.25	48.31
7.49	7.48	6.06	7.6	7.69	7.96	6.69	7.23
11.5	13.22	14.34	14.45	13.4	13.06	14.33	13.41
22.46	19.19	24.34	23.25	25.97	22.6	23.9	22.5
13.14	12.8	14.34	14.16	12.11	11.74	12.83	11.05
3.52	2.83	2.82	3.2	2.9	3.58	3.19	3.05
12.13	10.74	10.62	12.9	13.45	10.44	11	10.69
84.59	105.75	84.28	77.04	87.85	80.64	94.87	94.63
12.76	9.07	10.56	12.05	9.77	9.76	11.93	10.67
3.2	2.9	3.36	3.28	2.88	2.76	3.33	2.88
12.59	14.47	16.84	16.73	15.14	17.76	12.24	16.73
116.19	111.82	107.75	126.33	122.78	133.23	119.02	97.24
53.02	64.59	61.24	74.36	82.96	61.95	62.64	58.69
5.4	5.88	6.23	5.56	5.35	5.57	5.14	4.83
24.73	23.64	18.62	24.29	19.71	21.55	20.25	24.41
165.83	141.24	206.84	169.26	184.71	208.3	183.3	179.37
72.27	73.93	72.92	71.18	80.29	69.44	78.22	74.77
6.06	5.94	5.15	4.93	5.04	5.29	5.43	5.05
4.06	4.41	3.63	3.5	3.73	3.9	3.85	4.16
7.03	8.59	7.19	8.73	7.99	8.07	7.14	8.76
11.98	10.25	10.44	9.56	13.1	11.13	11.26	12.9
11.48	11.48	11.55	9.67	9.59	8.41	10.42	9.73
7.69	6.24	7.49	7.75	6.7	6.55	6.3	5.69
18.73	16.63	18.77	21	19.01	18.14	18.15	17.93
8.49	8.19	8.99	10.08	9.51	9.88	8.87	7.86
21.41	25.62	21.98	30.5	25.87	23.37	22.04	24.63
1.74	1.71	1.76	1.67	1.81	1.75	1.67	1.69
1.61	1.65	1.66	1.69	1.5	1.91	2.07	1.38
7.99	8.25	8.04	7.6	8.79	8.21	9.17	7.55
28.03	26.97	30.57	27.53	35.39	25.25	33.45	27.62
16.2	13.74	16.32	17.4	17.24	11.99	12	14.43
16.38	13.55	16.61	13.8	15.26	13.98	18.18	13.26
38.07	40.39	41.1	36.07	45.43	38.89	42.94	40.22
71.81	74.01	78.83	78.55	85.77	74.87	71.87	79.54
2.3	2.39	3.13	2.57	2.31	2.59	2.96	2.06
7.64	8.49	9.61	8.81	9.15	10.73	9.63	9.67
4.59	3.85	5.46	4.76	3.96	3.74	4.63	4.51
71.29	63.56	66.18	69.2	51.21	59.85	54.64	48.54
24.71	20.74	28.39	24.46	24.16	20.16	21.41	21.43
19.03	25.31	17.46	17.31	20.98	18.97	21.93	19.93
65.52	70.05	59.34	59.42	69.01	66.71	59.02	51.41
20.77	21.5	22.52	19.95	17.48	20.94	25.44	22.04
81.26	71.97	73.22	65.5	75.19	70.55	71.22	79.15
1.2	1.26	1.03	1.6	1.36	1.49	1.24	1.2
26.8	29.77	27.98	31.28	29.34	31.6	28.24	30.05
5.93	7.79	7.11	5.97	5.49	6.28	6.19	6.59
1.45	1.58	1.51	1.34	1.61	1.57	1.32	1.36
19.52	26.99	21.26	19.9	27.92	21.75	25.67	28.38
89.37	103.82	107.38	100.15	105.82	109.36	120.68	93.95
4.38	3.57	4.51	3.46	3.91	3.97	3.87	3.68
78.9	99.85	85.99	96.13	96.56	97.01	85.27	84.96
12.04	12.16	12.97	13.75	13.33	10	13.89	11.78
17.78	18.34	17.96	16.3	16.53	16.98	18.28	13.71
47.18	43.78	46.88	46.77	46.23	52.13	41.95	46.08
30.4	33.15	35.07	39.02	36.78	36.63	31.86	33.46
16.83	17.64	17.79	21.62	17.56	16.06	15.97	21.1
49.29	59.98	49.08	68.3	57.14	64.13	56.43	72
42.58	42.54	36.55	38.79	36.01	35.99	40	35.62
51.18	42.84	45.68	45.09	41.77	56.69	48.27	52.94
31.37	31.86	31.19	29.78	29.11	28.16	32.72	27.89
48.62	49.78	41.15	53.94	40.29	44.01	48.16	47.77
17.19	18.41	18.98	21.58	20.79	22.17	17.06	20.26
47.59	54.51	68.79	60.53	54.97	61.79	60.96	61.76
6.84	6.73	6.56	5.83	6.82	6.2	6.64	5.64
47.14	50.57	48.57	42.64	50.46	50.07	52.24	51.83
74.74	51.17	58.68	68.98	60.48	59.12	54.31	61.76
6.51	6.7	7.33	6.25	7.05	8.75	7.2	7.68
14.13	17.31	11.4	14.14	12.55	16.34	12.77	14.88
10.12	10.98	11.86	13.44	10.41	12.32	11.91	11.66
5.4	4.3	3.82	4.4	4.22	4.35	4.63	3.24
15.74	13.24	18.12	15.88	13.17	18.07	14.27	17.23
124.53	139.55	132.57	127.45	106.56	132.89	112.94	111.66
58.4	48.97	59.14	60.73	56.02	56.97	64.06	52.39
14.63	13.7	12.36	11.69	13.52	13.23	11.5	17.27
11.87	8.9	8.65	13.3	11.74	11.7	10.88	11.28
10.7	16.81	13.09	12.54	10.02	11.19	9.27	13.1
19.4	17.6	15.13	16.19	18.06	17.83	19.95	17.81
5.23	4.73	4.44	4.75	4.09	4.65	4.76	4.39
36.26	41.28	39.96	37.02	32.79	35.1	43.85	38.61
21.22	18.96	18.92	14.17	18.31	16.59	15.46	18.96
27.5	26.49	32.84	24.81	26.65	23.32	23.43	23.45
39.95	42.96	37.42	38.55	38.79	34.07	38.74	44.03
30.6	23.45	25.87	28.11	26.4	32.75	24.05	24.14
8.27	5.7	5.03	6.46	5.66	6.32	5.89	6.49
43.49	42.66	42.53	36.3	45.6	40.09	48.26	34.82
6.78	6.98	6.21	7.27	8.25	7.42	7.06	8.89
17.75	22.43	21.25	18.06	20.97	24.83	23.12	18.18
20.92	19.16	19.67	20.93	21.13	18.93	20.49	17.75
35.86	43.07	47.57	42.28	36.04	38.25	52.76	45.56
17.5	16.83	18.67	15.66	14.62	17.5	17.34	17.1
84.25	77.79	61.38	100.41	96.71	79.29	67.95	92.16
49.67	44.17	49.71	46.04	44.71	47.05	45.12	44.88
32.65	35.96	32.77	24.69	31.3	27.62	33.26	30.19
26.43	26.37	25.76	25.3	22.61	29.84	25.23	27.44
57.96	67.15	79.97	66.71	65.89	70.61	73.15	62.96
2.74	2.35	2.95	2.57	2.77	2.6	2.93	2.7
37.44	43.06	39.87	35.35	39.01	41.66	41.25	43.26
10.91	11.19	11.61	12.18	10.32	13.88	11.73	11.34
37.35	30.43	42.92	28.13	34.93	39.91	32.3	40.99
26.3	26.77	28.75	29.54	31.18	24.67	27.31	25.09
40.52	28.2	31.6	31.95	36.29	29.06	34.05	37.57
36.87	32.16	35.14	32.35	35.59	36.09	28.65	32.79
60.2	60.98	55.97	53.94	55.79	54.76	56.77	64.73
6.16	7.35	6.93	7.1	7.58	9.21	7.24	7.55
55.62	59.63	69.09	69.58	69.18	72.21	64.53	63.98
50.38	53.52	38.6	60.92	48.38	54.49	45.62	55.94
32.16	33.85	31.72	28.65	24.14	39.25	34.61	30.93
60.49	56.12	57.64	58.57	54.94	59.14	54.96	53.19
37.75	25.77	38.33	30.17	32.31	34.26	30.8	32.3
9.2	9.02	9.36	9.34	10.07	9.96	9.83	11.07
43.02	37.84	28.5	36.38	44.03	42.73	33.79	37.56
46.08	42.05	42.17	45.01	38.58	48.57	57.24	48.29
37.7	28.16	28.13	31.81	27.9	29.1	30.83	35.37
3.08	3.74	3.1	3.23	3.16	3.6	3.89	3.72
42.32	43.83	37.58	39.24	45.92	43.99	42.27	42.79
43.04	47.1	54.21	57.38	44.39	45.07	37.19	43.68
10.21	11.94	10.46	9.93	9.95	12.19	11.03	11.89
11.17	12.41	14.76	13.01	11.65	12.03	12.09	10.75
13.65	13.21	11.72	10.94	13.56	12.13	13.65	11.86
49.25	52.05	51.68	57.88	48.08	45.75	49.57	60.02
6.05	5.89	7.02	6.52	7.64	5.81	8.3	6.43
34.77	30.08	32.77	38.71	36.02	30.76	32.14	28.54
62.56	67.85	61.32	59.37	61.49	81	67.06	60.75
16.82	16.41	15.14	16.97	16.77	15.65	16.31	14.38
37.41	35.14	35.09	30.75	37.85	34.98	32.92	33.91
64.48	68.46	83.77	65.29	75.95	77.49	82.25	81.58
54.36	63.2	63.17	66.51	63.5	51.57	53.99	63.16
12.98	11.13	12.92	14.07	12.17	15.56	13.99	13.48
33.41	44.51	37.62	52.29	53.98	50.05	42.69	48.32
56.39	55.87	54.23	48.62	60.19	64.72	54.93	64.92
10.86	14.74	13.44	13.4	10.7	15.29	14.5	13.18
9.81	9.17	9.84	7.84	9.38	8.46	8.71	8.57
8.74	7.61	8.18	7.99	8.71	8.99	6.61	9.3
14.1	12.53	12.82	10.24	11.32	12.43	13.52	10.9
52.38	55.96	48.81	65.99	58.55	43.38	48.94	45.3
111.28	80.71	102.74	104.39	95.45	90.82	78.44	92.06
3.47	2.97	3.27	2.39	2.56	3.25	2.28	2.95
4.38	5.21	4.41	3.92	4.62	4.88	4.23	4.75
89.54	80.57	87.43	65.05	85.32	77.6	83.62	88.83
13.6	13.29	15.47	14.79	17.54	13.53	15.65	12.31
50.75	40.82	44.48	39.04	39.06	37.78	43.72	43.06
54.78	51.62	54.2	47.91	53.57	47.75	54.9	57.28
24.84	20.05	22.25	22.33	20.61	22.99	19.84	19.81
19.43	19.63	16.37	22.42	20.77	22.05	20.05	16.54
50.93	45.58	45.03	52.32	40.41	50.87	47.05	45.43
41.66	38.76	43.52	39.28	39.09	48.34	41.72	36.52
3.61	4.31	4.4	4.09	3.59	4.11	4.88	3.21
13.98	14.17	16.56	16.07	13.41	16.35	14.4	15.24
28.41	19.99	25.56	23.61	21.15	23.45	26.55	25.63
12.84	12.77	13.88	12.31	11.67	13.68	12.87	12.87
32.51	34.45	31.91	31.9	35.79	35.97	33.82	38.22
36.69	39.89	39.36	41.43	26.04	39.14	39.48	37.42
7.47	6.98	5.15	6.73	6.39	5.75	6.17	8.2
24.8	26.89	26.6	24.22	25.89	26.48	24.65	26.07
4.54	6.27	6.77	7.01	6.3	5.24	5.58	6.24
3.6	3.62	3.64	3.13	2.75	4.04	3.25	3.93
1.36	1.36	1.76	1.69	1.63	1.72	1.6	1.35
43.29	39.3	38.01	33.09	40.67	34.51	38.59	35.5
4.66	4.39	4.14	4.27	3.9	3.2	3.82	3.95
10.37	9.95	10.05	10.62	8.54	8.87	9.97	9.31
63.2	60.68	52.75	63.25	62.31	49.57	62.94	57.49
44.81	41.13	47.72	37.33	33.5	35.87	41.63	41.06
53.21	44.83	56.66	45.66	47.63	52.21	65.12	54.29
57.48	64.4	59.23	53.08	60.06	61	72.09	61.27
38.99	39.05	35.98	45.66	36.8	39.57	38.39	40.08
25.41	30.45	26.36	23.83	25.37	23.29	25.86	25.02
29.7	30.5	28.65	26.17	32.47	28.13	28.78	38.69
54.53	44.36	44.41	41.57	39.58	52.08	42.87	41.06
1.55	1.54	1.73	1.65	1.33	1.44	1.44	1.81
13.22	13.16	15.73	12.39	15.6	14.72	15.11	15.4
4.64	4.22	5.1	4.75	4.54	5.15	4.77	5.75
17.32	16.7	18.14	16.45	17.83	15.71	15.68	16.82
3.45	3.64	3.15	3.32	4.29	3.76	4.44	3.32
3.66	2.87	3.28	3.01	2.49	3.04	2.98	2.64
44.31	44.02	38.7	40.37	39.1	41.45	32.47	50.5
51.13	42.26	44.38	52.58	43.04	48.52	43.52	43
106.71	88.24	107.2	105.15	95.1	90.8	110.33	109.27
124.41	130.13	159.41	110.94	140.67	146.94	132.74	111.9
67.29	61.22	54.38	45.75	54.08	58.52	54.57	78.53
8.37	7.94	7.87	8.34	8.87	8.29	9.21	6.51
57.42	54.29	57.83	62.91	54.7	61.68	58.07	60.23
10.31	9.67	9.5	8.84	9.12	10.65	9.89	9.46
34.9	34.48	39.49	33.26	34.86	35.58	36.17	35.71
1.39	1.33	1.33	1.06	1.45	1.12	1.18	1.59
32.63	43.02	38.9	41.37	41.52	41.15	43.05	36.57
28.64	29.02	34.54	31.02	34.13	31.9	30.03	33.19
24.71	22.43	27.13	28.62	22.46	27.71	23.9	26.82
35.34	33.23	29.11	34.5	33.24	34.47	31.97	33.13
17.57	15.49	17.08	17.06	17.44	15.78	15.94	15.74
10.23	11.04	10.99	10.68	8.55	9.41	13.39	9.02
38.23	33.49	40.31	48.49	35.92	44.53	38.21	31.98
44.86	40.13	38.79	33.87	39.22	42.03	43.95	43.15
6.39	6.77	6.15	6.77	6.29	5.27	6.51	6.92
3.21	3.03	2.93	3.33	3.01	3.14	3.28	3.43
31.74	34.88	31.34	32.35	35.78	36.41	27.26	30.99
46.36	54.88	49.26	50.41	50.95	48.59	49	51.93
49.66	58.12	55.14	57.69	57.42	60.01	66.45	70.26
40.78	52.97	53.16	39.57	60.17	51.11	38.91	53.1
34.57	31.08	33.57	35.72	38.14	37.99	28.58	37.31
128.84	102.77	106.8	132.04	103.02	118.24	124.23	122.98
19.06	19.8	19.36	22.2	18.84	18.91	19.99	20.12
18.73	19.18	19.74	19.68	17.22	20.49	15.36	21.21
49.17	42.21	44.13	49.11	41.34	47.35	51.41	57.48
1.43	1.39	1.46	1.45	1.41	1.42	1.39	1.35
45.95	47.32	36.19	43.86	45.85	42.8	38.04	42.9
6.63	6.44	9.72	8.75	8.57	9.17	8.36	8.02
19.62	20.65	21.39	17.69	21.81	21.29	19.62	19.99
52.1	55.44	55.66	59.96	55.73	58.77	55.69	48.98
5.08	4.99	4.7	5.96	5.2	5.06	4.93	4.86
7.25	6.17	6.36	6.09	5.88	6.46	7.5	6.91
53.34	58.83	67.22	50.33	50.83	47.54	67.69	57.02
5.74	5.15	6.58	5.19	5.54	5.53	6.79	5.83
2.45	2.32	2.12	2.37	2.17	2.35	2.14	2.6
2.53	2.21	2.22	2.26	2.52	2.5	2.23	2.21
47.76	51.23	40.23	54.78	51.04	44.04	47.61	42.81
38.46	52.74	40.78	58.04	48.37	60.44	45.2	51.11
1.42	1.37	1.35	1.03	1.29	1.13	1.26	1.37
20.41	22.03	25.25	32.22	25.6	25.93	23.57	25.72
5.23	4.72	4.1	4.51	4.77	4.03	4.77	4.12
16.33	15.1	20.73	16.75	17.61	20.71	16.32	14.22
13.32	16.67	14.97	12.76	15.04	14.48	13.8	12.97
22.09	20.27	17.96	22.39	18.57	21.8	22.82	16.16
18.26	18.97	18.28	18.58	18.58	19.5	18.55	17
14.91	14.11	15.41	16.22	17.13	15.93	16.44	14.99
1.14	1.13	1.16	1.14	1.13	1.1	1.14	1.15
1.67	1.65	1.53	1.62	1.53	1.55	1.56	1.56
2.28	1.72	2.04	1.92	1.88	1.76	2.24	1.83
17.79	13.01	16.6	17.94	16.26	16.14	16.53	14.7
44.69	35.47	46.43	48.01	43.15	43.27	51.66	49.4
29.77	26.05	22.72	23.35	21.34	23.18	25.22	25.59
35.85	44.54	42.66	44.3	57.65	46.04	42.16	39.29
53.47	53.73	50.7	49.07	62.83	59.39	61.09	58.97
63.46	57.19	56.81	59.45	51.28	65.67	66.82	59.84
22.21	23.41	23.34	25.5	24.81	25.51	23.69	24.4
15.81	17.35	22.45	17.29	17.17	18.03	16.35	18.62
32.38	37.22	28.27	34.59	33.76	23.77	29.75	31.41
35.85	29.89	32.67	30.41	32.14	33.31	28.23	31.17
22.86	23.92	26.14	22.4	27.94	25.4	25.51	26.19
16.41	16.28	15.58	16.57	19.24	18.35	15.46	14.99
1.8	2.24	2.12	2	2.22	2.08	1.85	2.02
135.67	105.9	144.05	156.73	115.06	125.79	116.67	130.19
65.72	62.94	54.03	65.38	74.44	58.54	63.62	61.24
68.81	58.23	68.55	77.11	74.53	67.83	69.52	74.58
15.49	12.83	14.33	16.44	15.42	13.48	13.25	14.98
35.4	39.09	34.6	45.15	36.39	32.4	46.74	38.42
26.3	24.26	22.96	22.57	23.71	25.68	28.17	21.6
11.72	9.17	9.29	9.79	8.64	12.5	9.47	9.18
11.74	13.2	14.89	11.49	13.19	13.83	11.48	12.42
79.71	68.36	62.06	63.85	64.22	77.91	77.18	60.96
16.71	13.31	15.3	13.25	12.97	10.98	12.32	16.03
4.39	4.28	4.32	4.18	4.11	4.06	4.15	4.02
37.91	42.03	50.27	45.49	38.54	38.82	39.34	42.34
27.01	33.31	33.67	35.38	41.96	32.23	33.9	34.43
14.56	15.1	16.41	13	12.19	13.24	10.91	12.42
22.56	23.95	18.09	18.71	25.1	22.31	21.04	19.65
24.58	23.46	23.9	27.24	24.39	23.87	21.63	28.61
32.49	27.85	26.8	25.73	33.61	29.33	30.51	28.65
39.45	34.28	43.72	33.9	32.62	28.93	37.33	34.92
1.94	1.06	1.12	2	1.22	1.06	1.11	1.04
2.66	2.76	2.71	3.33	3.95	2.89	2.98	2.39
16.74	14.92	13.03	13.26	13.97	15.42	12.93	11.58
24.67	27.91	30.58	25.96	27.26	26.23	27.92	26.97
88.92	89.45	81.38	75.71	87.63	91.54	94.73	100.53
30.47	26.88	26.42	27.77	28.33	26.36	33.26	31.23
8.34	7.59	7.23	8.27	7.17	9.21	7.7	7.63
43.29	45.02	39.63	44.04	42.03	44.43	41.52	39.3
12.26	12.29	12.75	12.83	12.88	11.05	14.12	11.02
41.77	40.15	39.87	42.49	43.93	35.48	41	37.13
12.62	9.96	11.28	11.23	10.7	10.14	10.79	11.87
47.73	44.05	48.64	51.45	43.9	46.59	59.49	51.26
16.04	15.67	21.13	19.04	20.46	14.85	16.75	16.65
87.67	78.88	96.78	88.7	82.15	79.94	74.25	71.43
51.4	48.67	53.77	44.94	64.07	54.97	50.01	62.16
5.25	5.32	5.05	5.06	5.67	5.3	6.83	5.05
81.76	84.92	74.9	111.44	86.59	93.38	85.3	97.65
12.11	11.96	12.24	12.57	12.03	13.52	10.52	14.17
9.83	9.59	9.11	10.31	9.47	10.23	10.03	9.43
7.25	6.2	5.07	6.25	6.1	5.92	6.4	5.73
37.15	38.49	37.68	40.94	43.12	42.97	36.85	41.11
37.74	34.2	34.17	35.12	31.42	39.45	47.94	35.82
26.79	30.25	28.27	27.44	19.72	25.31	25.6	26.76
1.36	1.28	1.38	1.31	1.34	1.32	1.38	1.38
15.92	18.45	17.75	16.44	16.4	14.06	15.93	16.04
1.29	1.2	1.41	1.3	1.24	1.53	1.24	1.58
33.96	32.31	27.52	25.38	29.86	30.95	22.6	28.43
1.54	1.59	1.4	1.53	1.56	1.5	1.44	1.51
7.85	7.4	6.56	8.53	8.81	6.95	6.76	9.19
28.69	25.51	22.93	22.69	23.47	25.69	26.08	22.74
46.9	50.69	50.69	55.47	50.35	50.76	52.29	54.52
8.31	10.65	8.81	10.35	9.94	10.02	7.46	10.16
11.61	11.93	12.8	10.57	11.16	12.94	12.52	12.12
7.39	7.55	7.31	7.95	8.01	7.74	7.26	8.47
38.19	30.8	38.25	33.09	31.64	40.48	39.23	35.08
5.96	6.45	7.52	6.47	5.61	5.76	5.68	6.91
17.8	16.64	16.68	19.8	18.15	13.94	21.1	16.71
36.9	39.81	39.74	40.46	40.71	41.4	36.07	37.19
51.3	50.91	48.47	48.56	52.83	48.97	50.78	48.2
25.13	23.09	21.4	20.6	20.32	19.51	23.21	18.05
58.29	67.4	70.98	79.02	66.44	72.67	69.73	65.11
33.86	28.93	28.59	30.51	27.73	28.98	25.57	28.23
2.39	2.09	2.21	2.39	2.13	2.36	1.92	2.28
69.5	65.94	76.15	64.86	71.09	82.63	66.19	71.83
1.89	2.27	2.1	2.15	2.36	2.34	1.41	2.19
11.47	13.58	12.98	13.98	17.78	13.62	13.49	12.34
6.01	4.69	5.46	5.48	4.77	5.76	5.82	5.5
1.48	1.49	1.46	1.66	1.59	1.42	1.42	1.57
27.63	29.1	27.95	28.6	34.66	27.11	26.01	26.25
15.26	15.42	15.03	14.29	15.11	16.46	14.78	16.68
11.82	13.05	12.26	12.4	13.31	13.48	11.04	11.15
39.77	41.24	38.1	45.83	40.41	51.84	53.02	47.21
18.51	21.27	21.87	21.43	24.73	22.98	22.31	19.65
43.52	42.31	51.31	46.86	50.74	42.23	41.82	41.48
52.69	56.37	48.96	51.8	53.09	46.56	48.51	48.91
72.82	68.76	76.4	71.77	73.51	65.3	59.78	63.81
10.69	10.64	12.07	9.93	9.87	11.9	9.79	9.86
20.59	23.66	25.14	23.6	19.32	20.08	27.37	22.77
6.74	4.53	4.32	5.19	5.19	5.49	5.18	7.11
17.36	17.99	15.78	15.79	17.06	18.09	17.85	17.37
22.47	22.05	20.43	20.8	21.1	19.97	21.5	19.25
23.17	20.93	25.55	19.78	20.25	25.83	20.43	21.88
1.86	1.74	1.95	1.93	1.93	2.06	1.91	1.94
20.3	16.21	21.5	18.54	19.5	21.43	18.81	19.8
19.26	20.09	18.3	15.92	18.45	16.58	19.51	17.51
7.99	6.79	6.2	8.35	6.73	7	7.63	6.53
6.92	7.07	8.4	7.81	7.69	7.54	7.91	8.3
3.89	4.1	4.24	4.67	4.43	4.38	3.8	4.39
3.34	3.41	3.32	3.24	3.21	3.29	3.71	3.64
19.14	17.66	14.73	16.08	17.8	14.93	17.86	19.3
90.33	101.59	100.45	93.72	92.89	98.54	100.38	105.14
84.26	77.99	71.2	80.6	82.69	84.4	75.34	78.18
11.29	12.18	11.63	10.55	10.56	13.6	10.6	10.62
19.29	17.65	27.82	18.79	21.77	23.42	21.18	23.02
24.66	18.08	18.55	18.59	18.95	18.93	19	21.99
7.58	6.84	6.58	5.92	6.86	8.43	7.69	6.71
6.53	6.39	6.14	5.39	6.49	5.82	5.2	5.57
20.61	23.88	22.62	21.66	19.53	21.83	19.26	17.12
87.67	81	75.67	76.42	83.83	80.86	87.18	82.78
51.24	45.96	57.31	49.41	48.96	52.98	46.53	45.96
27.82	30.63	32.52	27.93	31.05	25.53	25.82	28.47
58.58	55.36	68.71	65.99	64.63	61.9	73.57	61.64
46.37	45.35	55.17	51.29	46.59	53.29	53.89	55.45
76.51	80.19	82.64	82.87	79.02	69.64	72.52	70.64
1.57	1.76	1.91	1.69	1.54	1.87	1.64	1.8
72.88	72.42	78.28	64.42	69.46	71.19	69.2	72.61
10.36	10.17	9.55	9.58	8.29	8.58	9.5	8.45
8.53	7.67	7.48	8.27	8.09	7.28	8.3	9.39
39.55	41.3	52.29	46.74	47.86	55.22	48.93	48.25
4.15	4.08	4.07	4.23	3.98	4.39	4.22	3.94
1.97	1.94	1.75	2.05	2.01	1.82	1.89	1.88
20.87	21.75	22.91	21.98	19.61	21.71	22.06	23.04
8.66	8.86	7.19	8.55	7.62	8.18	7.7	8.37
67.93	64.03	71.87	66.1	72.52	82.21	69.47	64.96
29.81	27.5	24.71	26.58	26.02	29.86	29.19	28.26
42.88	46.29	40.48	42.77	39.05	45.22	47.59	47.41
130.9	111.7	127.86	128.62	135.43	123.74	126.96	134.86
10.72	10.01	10.04	9.33	10.68	9.45	9.72	9.48
7.74	9.82	8.81	7.83	7.03	9.18	7.84	7.89
25.34	23.04	21.07	18.13	24.96	19.28	24.28	25.03
63.74	58.97	81.91	66.53	77.19	69.63	66.32	72.99
12	14.08	14.39	14.29	16.54	14.11	11.59	16.19
21.47	20.73	21.62	19.41	24.27	24.84	26.88	24.38
13.16	10.7	11.43	12.7	12.29	12.29	12.83	11.57
75.99	72.75	60.69	69.44	75.62	69.45	76.45	61.51
20.64	18.08	19.42	23.5	19.51	22.48	23.06	18.37
10.77	12.48	12.88	10.94	12.2	11.84	13.9	11.42
10.95	13.83	11.14	11.33	12.44	12.04	12.37	13.66
81.51	85.82	96.35	101.8	90.33	82.77	110.26	113.62
27.4	29.53	28.85	27.22	33.94	32.7	32.1	30.8
47.99	47.77	42.9	44.44	48.66	46.76	52.58	52.42
65.13	84.31	69.37	73.61	75.88	75.87	55.79	71.65
34.09	40.12	36.23	35.89	36.8	35.68	34.51	35.99
18.33	20.61	23.42	20.5	24.68	25.26	21.53	20.05
5.21	4.71	5.38	4.13	4.56	4.75	4.58	5.14
59.31	52.29	55.34	48.73	50.44	54.58	53.47	55.88
27.11	24.31	27.38	33.53	27.96	23.79	25.3	26.01
34.3	46.22	35.32	34.94	35.54	35.73	33.48	36.66
31.08	36.77	26.67	29.74	29.87	32.8	30.85	28.3
57.66	56.11	64.25	59.74	68.31	54.68	58.8	57.55
1.94	1.81	1.77	1.92	1.84	1.9	1.98	1.88
35.85	39.76	44.69	33.17	48.52	40.14	34.52	43.49
10.74	13.32	10.67	10.45	10.7	9.81	9.91	10.62
101.44	98.47	100.06	110.45	89.08	95.85	78.42	89.92
29.64	29.87	30.87	33.47	32.54	32.39	28.09	29.53
92.52	99.71	116.85	120.18	134.54	120.16	102.87	117.45
22.52	23.64	19.7	26.3	21.86	30.37	26.97	23.88
25.8	21.72	21.02	21.83	19.16	21.13	18.96	20.48
24.95	23.75	24.9	24.17	23.39	26.38	26.26	25.36
63.59	72.3	87.48	81.6	83.8	82.55	81.52	78.1
44.9	57.58	37.75	43.12	49.29	38.2	44.9	54.04
1.78	1.73	1.77	1.92	1.8	1.77	1.74	1.75
47.81	47.61	46.74	48.02	45.86	50.21	39.03	44.91
11.72	12.87	14.57	12.95	14.12	11.25	11.61	11.35
28.76	32.67	35.11	33.94	32.38	35.3	31.75	28.07
1.53	1.59	1.5	1.63	1.63	1.58	1.52	1.59
8.27	7.29	8.02	9.24	8.19	8.56	8.67	7.97
1.8	1.68	1.72	1.83	1.78	1.52	1.82	1.89
1.82	1.76	1.98	1.64	1.71	1.82	1.81	1.73
19.44	26.16	21.49	20.55	21.63	23.82	19.74	22.89
70.2	61.1	66.46	66.14	53.6	65.04	63.96	58.52
71.09	82.98	68.67	65.22	83.15	94.54	76	82.28
15.93	15.72	16.56	16.05	13.03	14.5	16.2	13.09
11.09	11.5	11.95	11.92	10.43	12.64	10.69	9.4
16.58	16.02	16.83	16.1	14.06	12.52	14.64	17.22
3.92	4.3	3.89	3.92	4.04	3.73	4	3.21
5.69	5.11	6.22	5.29	5.59	6.62	6.08	4.96
21.99	17.48	20.99	23.72	20.9	21.34	24.62	21.41
10.38	9.86	9.73	6.22	10.35	8.98	12.59	8.56
16.39	13.7	15.58	14.01	14.08	15.24	15.28	14.41
69.69	69.46	62.27	68.75	59.3	52.45	73.16	72.32
35.54	39.07	31.49	37.99	30.2	38.75	32.67	30.25
8.32	9.21	8.23	7.14	7.69	8	8.29	8.45
20.95	20.28	18.18	18.1	18.48	21.24	17.58	19.86
2.27	2.27	2.23	2.51	2.54	2.21	2.06	2.33
17.7	18.04	18.92	18.45	23.05	20.39	18.27	14.26
50.25	60.09	50.03	55.67	54.31	56.43	65.88	47.4
44.96	41.38	54.11	49.93	36.94	47.26	40.29	48.57
15.37	18.22	16.83	16.89	16.03	17.36	18.13	16.25
23.32	24.63	26.25	21	25.7	23.09	24.35	24.48
1.54	2.14	1.82	1.77	2.05	1.83	1.92	1.87
46.2	43.15	44.87	47.29	43.2	43.54	45.96	52.46
18.25	16.51	16.45	14.18	15.77	18.74	15.34	16.62
152.84	162.16	149.1	182.53	138.46	157.18	169.47	155.11
7.77	6.42	8.55	8.43	8.49	8.37	7.47	7.72
24.86	22.29	23.91	31.92	21.67	33.51	29.65	30.07
24.01	25.82	22.93	19.38	20.69	21.58	27.06	20.76
19.8	22.36	21.03	18.92	21.16	25.53	22.6	17.26
8.61	9.23	7.17	6.5	9.13	8.02	8.86	8.17
55.1	59.37	47.78	51.54	49.6	54.98	40.07	53.44
92.17	80.61	97.84	80.99	84.62	96.19	94.6	68.1
12.26	12.73	14.22	11.74	12.56	13.83	13.12	11.75
2.69	2.6	2.22	2.79	2.37	2.52	2.82	2.43
24.28	20.72	28.01	26.2	19.21	22.56	26.7	20.91
4.19	4.45	4.63	3.59	4.09	4.3	3.97	4.11
63.54	81.09	61.26	65.59	73.85	89.25	72.37	90.13
25.64	26.85	28.49	28.94	26.09	30.7	31.5	36.59
12.81	12.12	10.66	13.29	11.4	12.13	11.49	11.7
6.4	7.06	7.36	6.19	6.56	6.55	5.54	5.67
39.51	44.84	43.54	39.69	47.63	39.4	40.01	41.85
6.42	7.04	7.38	7.21	6.58	7.68	6.64	5.86
34.8	21.39	25.03	30.59	24.52	28.76	27.24	26.05
42.64	59.86	54.07	49.1	51.39	56.7	45.51	65.81
116.76	134.68	102.27	125.46	132.37	126.25	101.62	123.06
25.76	19.67	20.76	19.58	21.13	17.68	22.18	18.96
11.1	11.67	10.66	9	12.48	9.89	10.33	10.15
36.95	35.29	27.91	38.02	32.51	38.92	39.75	34.76
54.67	47.44	44.54	47.83	40.83	47.23	45.75	45.92
2.95	2.98	3.26	2.46	3.22	3.05	3.2	2.95
84.36	73.75	91.65	85	76.48	82.96	83.88	95.18
8.26	7.75	8.78	7.97	7.67	7.33	8.75	8.85
58.83	66.4	57.33	74.84	62.3	70.08	64.24	69.18
15.92	14.76	18.28	15.68	18.95	16.83	16.58	17.8
12.73	10.11	12.72	12.42	10.96	11.29	10.08	9.53
9.79	8.94	10	8.5	10.06	8.14	10.53	9.32
25.22	26.45	25.97	20.57	26.83	22.81	24	24.88
13.9	13.88	16.18	12.47	12.37	13.13	14.27	14.21
6.96	6.75	6.91	6.68	6.94	5.76	6.92	6.73
4.27	4.78	3.64	3.55	4.43	4.89	3.82	3.41
67.91	60.25	56.12	61.08	59.77	54.12	66.44	60.15
64.19	71.52	75.93	63.79	65.96	63.09	71.05	74.13
23.67	22.46	22.64	20.69	24.78	21.16	20.41	23.7
38.27	35.49	39.09	34.95	31.83	35.27	36.59	37.17
2.67	2.42	2.54	2.07	2.27	2.1	2.08	2.07
12.89	13.01	14.85	11.79	13.73	13.85	12.94	12.17
57.8	68.85	60.18	65.45	58.8	63.92	70.95	60.66
15.39	13.16	13.43	12.54	15.39	12.06	14.15	13.39
39.12	44.15	42.32	41.2	41.8	48.99	42.08	40.37
7.44	7.74	6.61	6.69	7.1	7.04	5.89	6.95
1.02	1.96	1.16	1.1	1.07	1.13	1.2	1.94
10.68	9.73	10.16	10.37	9.05	11.11	10.11	8.71
12.84	13.1	13.44	12.51	13.01	13.02	13.57	13.35
68.98	68.23	65.73	67.25	61.68	78.91	64.41	62.01
62.18	87.23	66.98	68.41	80.85	81.61	74.87	74.44
39.04	38.93	41.27	39.86	35.36	40.81	33.06	42.21
38.4	43.17	40.46	36.63	41.13	43.58	39.93	44.36
21.48	20.84	26.67	24.34	20.65	21.18	19.43	24.78
2.95	3.05	3.05	2.44	3.28	3.47	2.92	3.38
16.99	18.33	18.08	24.14	22.08	20.63	18.65	20.63
18.85	18.62	17.05	15.92	17.25	17.43	19.86	15.98
8.92	10.26	8.21	11.45	9.48	10.21	9.57	9.53
4.45	4.09	3.48	4.7	3.93	4.22	4.76	4.01
29.29	32.64	32.95	29.31	28.12	31.54	27.05	27.7
12.99	19.46	18.09	15.72	21.47	15.11	15.84	14.35
88.58	89.33	96.52	76.93	89.52	74.25	100.24	86.24
15.14	13.9	16.93	14.76	17.22	16.61	17.14	15.88
44.15	46.52	49.66	55.78	55.67	43.35	43.34	47.57
1.14	1.17	1.14	1.55	1.13	1.12	1.18	1.02
37.08	27.04	34.54	28.54	31.15	25.5	32.13	35.69
61.44	63.92	68.57	60.3	72.49	70.28	63.29	62.1
9.35	8.96	9.64	10.48	9.14	8.97	8.88	9.69
33.6	30.52	29.19	31.52	30.67	32.91	27.34	32.66
4.45	4.27	3.87	4.83	4.44	3.95	4.89	3.74
4.88	4.98	4.39	4.89	4.15	5.52	5.33	5.15
66.45	72.15	68.26	63.53	64.28	62.02	67.16	74.32
9.35	9.62	9.24	7.45	10.69	8.4	9.8	10.39
56.94	58.71	58.75	73.9	58.2	59.1	72.53	62.88
12.03	9.93	8.97	12.28	12.23	11.75	12.26	10.49
17.01	17.24	16.97	19.73	15.25	17.97	23.56	22.08
21.81	20.96	19.09	21	17.7	27.03	24.71	25.14
19.49	18.17	18.05	19.32	13.05	16.61	16.94	15.63
46.47	40.94	34.14	42.25	40.83	37.64	39.75	36.59
39.54	35.39	50.77	41.25	37.98	39.78	40.43	43.43
15.41	16.64	18.15	15.34	14.83	17.79	16.57	15.68
1.9	2.03	2.12	1.84	1.51	1.7	1.72	1.88
61.18	71.25	70.62	68.15	62.08	70.36	59.56	54.89
5.11	5.09	5.65	4.3	5.26	4.68	4.37	5.47
23.79	26.79	30.32	23.7	31.18	29.13	24.86	22.67
50.68	63.74	62.47	56.55	59.65	59.95	56.4	61.42
2.79	2.47	3.35	2.16	2.59	2.55	2.36	2.15
13.03	18.54	14.97	15.1	13.67	11.83	12.88	17.9
9.31	9.25	8.39	7.56	8.36	8.73	8.06	8.49
11.07	12.1	10.81	12.72	10.59	10.72	11.98	10.5
23.04	23.87	28.71	25.61	27.77	19.78	23.48	27.48
4.47	4.28	4.62	4.76	5.11	3.57	5.33	5.05
15.4	16.54	15.39	11.69	16.22	16.05	18.05	13.99
45.29	46.11	49.88	49.74	44.93	56.25	48.2	48.06
18.4	20.36	16.85	16.72	16.51	18.55	17.95	15.35
11.93	12.28	12.83	12.94	14.79	14.74	11.68	13.23
16.55	18.91	16.33	17.02	19.06	18.86	20.13	16.86
32.75	31.23	33.23	35.77	38.37	36.58	33.6	34.5
34.26	34.91	33.07	36.71	35.8	34.84	43.47	29.8
1.84	2.31	2.27	2.53	2.22	2.29	2.02	1.95
28.81	30	31.15	31.36	31.16	29.28	26.71	31.77
50.34	38.97	47.68	47.79	51.74	46.48	49.31	45.19
29.15	30.47	31.82	35.15	30.01	32.8	25.88	29.52
48.1	57.19	47.26	38.56	42.48	45.61	49.91	39.75
22.42	21.28	19.15	17.39	16.99	18.21	19.38	16.35
20.01	15.97	17.78	14.7	19.41	16.65	17.88	16.98
54.28	57.48	55.46	53.79	49.77	50.71	49.45	52.56
3.95	3.72	3.74	3.46	4.15	4.16	3.77	3.28
20.29	18.28	16.77	18.06	18.14	16.88	19.36	18.22
14.39	16.6	16.4	13.34	14.16	15.66	14.38	16.37
55.87	62.04	55.69	71.21	54.38	67.29	64.12	53.78
67.78	69.03	62.84	64.07	52.39	57.74	66.51	71.12
37.3	37.01	32.49	38.83	47.87	41.93	47.44	34.96
17.66	16.67	16.59	15.59	14.61	14.24	13.35	18.45
21.63	22.74	22.97	24.85	23.39	23.71	20.13	22.56
6.22	7.4	5.19	6.54	6.28	6.42	5.7	5.2
74.45	67.5	65.64	68.05	67.16	61.43	64.68	71.41
43.16	52.92	43.71	36.95	46.73	43.33	46.78	39.35
23.53	31.42	23.08	23.11	24.97	23.46	25.01	25
22.42	25.25	23.67	21.47	27.32	23.17	21.25	23.52
99.49	76.86	93.32	100.76	80.83	80.5	81.11	75.93
30.88	25.52	33.97	27.81	31.05	24.02	28.2	28.33
37.37	46.87	50.61	48.46	49.96	53.42	49.13	49.71
39.92	38.73	41.62	48.78	41.46	52.51	45.72	56.41
19.81	19.32	19.8	16.73	14.08	13.1	17.9	18.35
71.61	83.51	81.94	76.36	82.46	70.98	77.68	58.35
19.85	19.39	20.51	21.28	19.54	18.54	18.2	17.84
77.18	86.27	87.09	69.14	88.31	92.94	122.12	80.34
15.62	14.18	17.54	14.57	14.09	18.33	13.4	13.26
15.74	16.09	18.05	15.69	13.58	18.34	16.95	17.55
51.84	48.02	52.03	52.61	42.79	52.47	55.62	42.09
29.34	29.91	28.48	22.36	26.17	28.06	26.08	32.23
32.33	31.73	22.15	27.33	27.1	18.2	29.16	25.98
54.35	65.55	57.63	56.61	55.86	58.02	49.91	59.44
25.06	24.14	26.99	22.84	26.89	21.45	21.2	22.21
6.11	6.36	5.64	5.73	5.6	6.1	5.1	6.17
38.44	43.1	37.13	34.75	30.81	30.48	38.13	38.48
29.34	30.54	24.95	27.97	30.39	30.62	29.77	30.58
118.31	108.3	92	115.68	108.68	113	101.32	116.44
31	38.79	41.92	34.29	38.4	35.99	34.22	34.41
9.2	11.08	8.67	8.5	8.09	7.45	8.37	9.52
11.01	13.19	12.28	14.51	11.69	11.18	13.52	12.72
8.06	8.48	8.44	8.89	9.03	8.07	7.2	8.34
16.65	15.85	16.59	15.66	14.12	15.62	15.61	15.04
47.96	49.14	48.9	53.29	47.36	51.59	43.76	51.17
9.1	8.44	8.41	9.07	8.11	8.62	9.29	8.17
49.32	48.51	42.95	35.19	41.12	44.52	40.74	41.92
20.72	26	20.49	23.65	25.87	26.6	25.7	22.51
105.16	86.6	95.03	95.19	79.39	93.86	90.57	91.59
13.84	14.74	12.77	13.13	12.61	19.18	15.28	13.42
3.31	2.61	2.82	2.72	2.91	3.17	2.7	2.49
15.92	16	12.18	12.25	17.8	18.49	16.83	20.33
15	15.16	14.79	14.91	13.02	14.59	14.81	13.28
21.94	20.65	18.84	19.65	22.4	21.71	25.22	18.94
17.34	17.51	19.63	19.6	15.38	16.31	20.41	20.45
5.78	5.9	6.95	4.85	4.73	5.7	4.97	5.1
56.3	52.15	46.54	50.45	52.48	51.09	53.66	51.79
34.14	43.55	39.7	45.33	36.29	41.29	41.4	33.79
14.45	14.62	13.13	15.83	13.75	13.95	14.28	14.78
117.62	106.6	117.46	133.34	103.94	138.03	125.53	120.16
3.1	3.04	3.35	2.81	2.86	3	3.08	2.94
93.62	100.35	83.06	78.48	79.01	77.14	79.26	94.87
63.81	51.56	56.15	60.21	65.1	58.69	61.34	63.77
2.39	2.36	1.86	2.3	2.26	2.55	2.39	2.44
8.61	8.67	9.36	9.78	8.67	9.84	8.09	9.69
66.53	66	61.82	57.12	65.57	59.14	64.65	67.87
11.43	8.02	8.99	10.67	10.9	8.62	11.45	10.13
32.03	32.99	28.83	35.83	33.69	32.03	31.13	40.7
45.05	35.78	44.31	32.6	39	40.06	35	37.79
21.76	20.64	20.97	21.59	19.9	21.13	21.25	25.85
5.96	5.56	4.74	5.15	4.54	4.03	4.65	5.42
1.97	1.13	1.01	1.92	1.98	1.81	1	1.94
42.08	49.2	41.05	45.43	48.76	44.42	39.99	40.74
27.16	21.25	22.69	19.53	22.17	26.03	23	20.21
5.08	4.92	4.99	3.85	5.88	5.07	4.79	4.58
49.21	42.62	49.1	43.65	46.39	43.35	34.68	40.29
8.3	7.51	8.54	8.67	9.26	8.04	7.65	7.06
