22.98	26.38	25.74	24.39	21.54	24.95	24.34	25.86
38.03	36.25	33.9	33.24	37.04	39.92	29.77	29.5
18.22	19.18	21.98	20.74	21.07	22.34	20.75	20.6
3.41	3.37	3.01	3.25	3.71	3.95	3.31	3.42
33.83	40.16	39.24	35.7	41.79	37.26	37.89	33.94
76.41	81.17	76.07	81.25	78.55	92.12	91.75	87.01
6.56	6.19	6.68	4.81	5.41	5.11	5.16	5.86
20.11	16.53	23.05	20.89	19.92	18.57	23.76	20.4
31.53	36.55	34.63	36.88	39.81	29.57	40.24	42.67
21.28	24.6	26.48	24.46	24.63	20.91	27.6	23.57
7.15	7.41	5.56	6.91	6.01	5.6	6.18	6.36
5.31	5.45	4.31	5.21	5.92	5.39	5.43	4.6
60.26	60.83	62.11	57.2	64.16	58.8	60.16	65.84
46.78	42.25	42.6	37.39	39.9	45.61	49.24	41.71
8.1	11.12	8.23	7.87	10.82	8.42	9.81	10.32
42.51	39.66	38.75	38.75	42.97	48.47	50.35	39.67
59.91	62.29	58.32	67.14	56.48	68.61	47.97	58.22
35.48	36.66	39	40.05	35.49	43.57	42.44	35.02
27.96	33.97	26.75	32.25	24.59	32.22	28.57	26.47
1.39	1.83	1.61	1.93	1.81	1.55	1.55	1.41
19.9	16.79	18.82	17.29	20.38	18.59	24.35	19.36
38.64	40.23	40.34	34.76	41.18	44.77	40.96	38.76
7.28	6.05	7.38	6.97	7.75	5.9	6.55	6.5
9.26	8.28	9.27	7.8	8.25	7.53	9.72	8.01
26.29	28.01	23.76	30.41	27.99	23.82	23.55	20.46
4.64	4.54	5.21	4.87	5.1	5.45	5.64	5.21
10.54	9.6	9.27	11.9	11.98	10.95	11.48	11.59
37.71	39.13	42.75	40.43	32.23	39.16	41.5	40.29
15.51	16.5	13.99	15.65	12.81	14.77	13.02	13.52
2.06	2.15	2.37	2.28	2.25	2.49	2.17	2.14
7.16	8.3	6.75	7.75	7.51	7.49	8.14	7.17
7.25	6.9	8.38	7.16	8.92	8.9	8.05	8.67
51.39	47.97	53.89	58.19	56.19	48.42	65.74	55.98
10.8	11.76	11.26	9.37	11.57	11.59	12.65	14.04
13.57	17.61	15.65	15.25	12.55	14.21	15.49	13.78
5.27	3.51	3.29	3.83	4.31	4.1	3.05	4.35
25.58	22.47	22.1	20.51	23.87	22.34	23.4	19.98
17.51	17.32	18.94	21.09	17.25	24.16	17.86	21.1
46.05	42.33	44.07	44.59	55.33	38.08	45.26	52.74
55.23	57.86	64.09	69.21	53.24	50.62	58.24	57.36
61.35	53.08	82.57	74.25	67.18	67.54	60.13	61.38
81.86	69.22	61.67	72.04	70.08	82.28	64.78	80.7
5.51	5.82	6.17	5.44	4.13	5.79	5.33	5.65
7.46	6.07	6.56	8.1	6.15	6.95	5.61	6.76
44.05	42.66	49.81	41.36	36.56	43.18	43.42	35.95
7.52	9.1	9.63	7.86	7.81	9.53	8.78	7.5
27.07	27.21	31.98	32.81	34.6	34.64	24.12	26.57
29.76	28.61	22.08	26.23	26.75	23.34	26.71	26.74
23.45	24.75	19.54	22.6	23.5	20.8	22.14	20.02
40.59	46.07	42.03	39.6	48.31	50.38	54.39	50.09
16.8	18.2	17.04	17.52	18.9	20.95	15.91	19.77
63.87	50.1	70.68	63.77	73.05	63.5	61.61	72.77
11.32	14.05	13.42	11.91	14.56	14.76	13.01	11.92
7.72	7.79	6.33	8.22	8.27	6.75	7.18	6.85
17.73	19.85	19.95	23.59	16.03	21.61	19.28	22.17
24.2	27.58	31.09	26.19	27.51	28.3	28.16	31.78
26.62	25.32	27.04	26.92	25.48	23.11	22.73	25.98
70.75	58.23	55.49	48.89	65.83	61.58	54.22	57.75
3.63	3.61	3.87	3.33	3.69	3.44	4.08	3.15
3.56	2.7	2.93	3.19	2.93	2.49	2.98	3.31
5.45	6.23	6.52	6.27	6.41	5.14	6.39	5.68
24.9	24.96	24.31	24.64	28.02	21.44	25.62	24.55
36.72	39.16	41.33	37.35	34.82	35.14	41.88	35.08
51.03	53.12	55.77	50.15	52.74	60.18	54.78	54.01
47.71	45.78	46.06	55.9	53.28	54.08	46.59	46.97
24.29	23.32	29.17	28.83	27.12	25.53	23.13	23.35
26.38	28.02	28.89	23.75	27.87	24.41	27.81	23.56
42.39	46.3	35.41	51.43	38.99	40.24	38.13	36.62
14.86	13.9	13.5	14.4	16.99	16.32	12.43	13.77
9.42	8.37	8.7	8.95	10.22	9.12	8.73	9.41
28.94	28.88	20.58	26.79	26.97	28.64	24.98	27.99
42.63	36.06	37.87	38.85	47.57	35.41	33.84	41.43
6.68	8.35	7.92	7.52	6.65	8.56	8	9.88
26.83	25.05	24.94	25.22	25.94	21.98	25.34	23.41
43.97	37.42	39.08	43.82	43.6	31.01	37.95	46.19
16.72	17.98	19.78	18.95	19.57	16.58	17.37	19.44
12.47	17.8	13.31	14.37	15.75	17.95	17.38	14.1
64.81	56.99	74.84	67	73.73	69.35	72.74	77.44
26.13	32.03	29.87	29.39	27.05	31.3	30.83	30.52
6.38	6.14	7.03	5.83	6.7	6.41	6.4	5.15
13.22	19.34	16.81	19.49	14.88	17.02	16.76	16.59
26.96	26.15	23.64	23.11	25.01	26.49	30.51	26.37
4.89	3.55	4.54	3.74	4.94	4.94	4.33	4.18
43	34.01	34.15	37.11	41.16	29.41	35.29	31.48
120.62	116.14	118.12	139.3	129.51	136.09	120.69	112.59
113.16	117.58	126.99	125.28	123.5	121.86	108.05	134.62
8.61	9.79	7.97	8.07	9.86	9.17	8.4	8.3
67.77	65.26	62.91	86.44	72.22	69.5	68.05	53.86
22.65	23.84	25.53	25.44	27.01	24.75	26.95	25.78
80.82	82.15	67.04	87.61	68.06	76.99	88.35	82.92
28.47	31.27	34.79	25.83	32.81	28.86	31.64	28.26
17.03	18.66	18.27	21.58	21.83	21.75	17.36	21.03
6.63	5.71	7.39	6.86	6.93	7.46	6.4	6.01
42.04	38.63	33.56	40.9	36.44	33.26	36.35	36.26
24.53	20.69	22.95	28.13	26.89	28.09	26.31	24.29
39.39	35.87	30.97	36.51	41.63	41.68	37.09	41.6
65.92	76.72	65.65	67.55	61.85	64.18	62.93	68.15
1.99	1.53	2.22	1.77	1.86	1.76	1.76	1.6
2.57	3.13	3.8	3.61	3.77	3.55	3.13	3.63
20.1	21.32	21.7	20.42	24.47	28.18	25.27	24.8
5.42	4.7	5.43	5.2	6.19	4.48	5.12	5.19
53.46	48.17	46.42	46.19	51.72	54.48	62.05	59.21
37.04	37.47	39.72	39.92	33.47	47.7	44.87	46.36
20.7	22.45	24.13	20.85	16.44	19.53	24.36	25.44
51.82	55.94	45.66	48.48	45.21	47.12	49.99	47.74
3.69	4.37	4.26	4.26	4.45	3.74	3.75	3.91
41.37	44.76	38.77	46.88	39.1	33.79	32.76	39.12
12.75	13.92	12.89	14.7	15.72	15.3	15.1	12.58
56.73	64.2	58.71	65.99	60.02	59.96	65.69	59.92
57.08	62.87	62.15	53.53	52.86	61.29	58.01	56.51
26.1	22.87	21.76	24.74	24.89	34.6	25.06	24.06
5.07	5.78	6.01	5.01	6.38	6.55	4.58	5.43
7.86	6.71	6.65	6.32	5.54	5.58	6.97	7.1
48.44	58.35	59.48	58.42	60.65	45.95	55.92	51.43
13.41	10.94	12.78	13.44	14.36	12.3	11.51	11.07
3.85	5.21	5.26	5.03	6.07	4.73	5.21	4.81
55.17	50.71	47.86	58.09	50.18	56.89	57.99	65.32
40.12	42.37	42.26	37.12	53.02	40.75	33.07	44.82
3.17	3.03	3.14	3.72	3.42	3.11	3.13	3.61
41.97	52.57	52.2	48.56	41.63	45.35	45.93	55.88
51.64	57.43	58.88	54.24	43.09	58.64	48.38	50.84
45.13	42.09	46.62	47.89	45.41	44.13	43.41	48.93
19.74	17.43	17.42	20.18	23.13	18.79	21.53	23.43
49.85	50.57	47.05	42.88	46.6	52.66	40.34	52.39
1.87	1.83	2.03	1.78	1.84	2.13	1.73	1.79
5.8	6.39	5.01	5.58	5.07	5.75	5.67	5.56
45.66	45.07	47.19	38.88	42.01	36.82	42.57	51.2
14.12	16.57	12.04	14.32	12.79	13.41	16.8	14.65
57.25	49.08	53.45	46.9	51.52	48.64	54.31	52.65
16.63	13.49	17.72	17.72	19.38	16.71	17.58	18.18
33.08	30.06	35.14	39.8	38.61	31.33	32.26	34.31
17.37	16.18	16.9	17.71	18.76	19.18	18.29	19.67
1.25	1.26	1.22	1.2	1.29	1.22	1.18	1.21
1.16	1.08	1.17	1.42	1.14	1.22	1.33	1.96
54.62	53.07	55.68	47.74	53.23	47.22	38.33	39.65
27.85	34.31	26.58	24.46	28.3	29.43	27.3	31.18
55.14	55.28	64.11	55.51	52.25	51.03	49.68	50.77
40.67	37.35	39.43	45.08	42.61	39.08	35.94	36.74
25.84	26.03	29.71	36.16	28.05	29.2	35.69	25.38
7.83	9.11	7.71	8.84	8.36	7.63	6.28	9.35
100.11	94.11	109.19	105.65	99.86	110.97	110.54	90.7
31.71	30.93	23.41	28.29	24.9	24.69	24.29	27.42
28.39	28.27	27.12	24.98	25.78	29.42	28.25	25.58
31.49	30.98	30.99	31.53	30.53	30.16	28.95	32.12
54.77	71.83	72.73	67.8	61.79	63.59	60.46	69.25
128.38	91.62	108.57	116.66	127.2	119.34	127.1	114.85
14.61	11.77	13.7	14.84	14.89	13.71	15.21	13.45
7.1	7.81	7.01	5.34	7.3	7.54	8.28	7.05
6.44	6.25	7.68	7.04	6.87	7.09	7.37	6.8
31.77	25.17	22.72	26.4	26.67	27.67	30.76	30.22
26.85	34.52	34.18	35.44	30.11	36.95	28.5	30.76
17.85	21.02	23.51	20.87	22.55	20.4	21.87	23.56
30.78	36.88	36.78	30.05	40.39	36.22	34.95	34.41
16.61	12.55	13.94	14.64	15.32	13	13.05	11.82
9.27	10.72	10.4	9.1	10.48	7.64	9.5	9.56
32.9	29.18	23.99	34.07	28.49	31.99	28.09	33.71
6.05	8.41	5.54	8.58	7.5	7.29	8.05	7.59
24.29	34.41	27.7	27.27	25.62	27.96	29.69	32.59
9.35	10.03	9.3	8.83	10.36	9.2	9.76	10.68
112.16	97.95	108.19	99.21	87.31	88.66	80.55	69.26
16.24	14.58	15.01	17.42	13.61	16.72	15.16	15.9
3.86	3.75	4.41	3.22	4.6	3.77	4.11	3.48
22.89	23.69	25.64	23.25	22.09	26.94	29.45	23.37
66.18	58.81	56.87	63.83	60.3	59.01	49.95	57.75
65.71	63.25	63.4	67.39	70.92	64.84	60.46	58.63
7.08	7.81	6.88	8.24	6.88	5.98	6.69	6.79
38.22	40.01	42.94	53.03	40.3	35.9	38.4	39.5
45.97	48.29	46.03	54.33	47.43	46.93	36.75	48.12
62.81	61.98	72.19	54.61	72.14	64.96	67.09	53.43
10.78	11.8	11.36	10.47	10.89	12.35	11.58	12.54
18.92	17.33	18.44	20.18	19.79	18.67	17.63	18.04
32.66	25.72	26.68	31.62	30.16	31.38	23.79	24.81
20.36	21.57	22.72	23.91	23.33	21.31	26.46	25.94
18.53	18.4	19.01	17.82	22.53	21.43	17.21	17.6
15.04	19.95	19.29	18.99	20.26	17.83	17.94	17.85
58.32	49.14	52.4	51.6	55.77	50.97	51.45	60.32
8.84	9.5	7.37	7.91	12.07	10.28	9.22	8.29
8.11	9.49	9.35	9.38	8.39	8.03	10.11	9.39
23.45	23.3	24.62	23.97	23.88	21.2	22.51	23.31
9.15	8.27	7.92	8.84	9.93	8.99	6.29	8.6
39.37	42.87	41.45	38.78	48.56	46.49	41.1	39.53
2.98	3.25	2.81	2.71	2.91	2.9	3.16	2.96
11.7	12.75	11.8	11.79	11.7	9.85	10.03	12.33
48.52	53.41	60.82	51.07	55.37	56.67	52.31	58.69
39.29	44.95	39.51	37.13	40.99	38	45.1	30.78
41.36	41.65	41.61	45.72	42.76	34.88	35.8	39.03
24.4	24.69	21.77	20.57	21.78	22.73	23.15	19.19
11.04	11.32	9.05	12.13	9.95	10.02	9.88	9.4
9.77	10.1	8.15	10.54	9.87	8.18	11.36	8.04
40.43	36.76	40.56	43.5	39.16	46.46	40.37	36.55
13.43	15.63	14.18	16.53	15.18	14.26	15.72	15.5
42.13	37.07	30.76	34.61	36.5	44.85	37.58	40.71
22.85	29.17	24.45	25.72	27.52	27.26	21.96	25.75
3.39	2.86	2.93	2.41	3.44	3.16	2.7	2.58
6.01	7.46	7.24	8.18	7	6.81	5.71	6.41
4.46	4.96	4.76	3.7	4.52	5.45	4.09	3.63
50.01	59.88	56.13	57.73	71.03	73.76	61.42	54.03
15.86	13.92	12.41	11.17	13.69	13.2	15.65	12.66
5.09	6.7	5.12	4.85	5.44	5.13	5.49	5.87
1.35	1.41	1.5	1.66	1.27	1.64	1.35	1.23
12.99	14.53	14.87	14.97	15.6	12.94	13.69	13.33
1.21	1.27	1.21	1.26	1.24	1.24	1.24	1.2
71.77	83.09	78.05	68.88	54.12	67.19	74.37	72.89
24.21	20.63	20.97	27.84	21.97	25.68	30.21	30.91
8.15	7.86	8.13	8.05	9.23	7.77	8.04	7.25
34.02	32.66	31.65	33.18	30.95	41.76	34.11	33.26
26.98	27.98	31.49	27.74	27.74	29.69	28.94	28.51
29.79	27.35	25.63	28.33	25.17	26.58	29.61	25.84
14.47	19.69	17.17	19.31	20.69	17.31	15.62	15.91
33.76	38.83	34.09	31.25	29.93	39.03	35.13	32.71
20.53	24.18	27.03	24.69	26.83	20.51	25.07	24.4
113.16	112.49	126.64	119.54	112.07	126.32	126.31	109.41
7.91	6.67	8.17	8.02	6.56	6.26	5.67	6.11
21.82	19.99	20.67	21.98	18.16	17.06	21.1	19.89
12.05	15.78	12.75	12.75	13.44	14.25	11.87	13.98
7.69	7.3	9.19	7.61	8.09	8.02	8.09	7.89
19.07	18.96	17.71	16.3	20.68	19.14	17.08	18.38
48.4	46.73	46.68	45.48	43.28	61.71	51.49	48.42
69.34	68.26	87.88	78.1	82.99	70.55	72.55	87.03
43.01	39.2	42.84	39.99	40.95	41.66	49.95	43.2
22.44	19.51	24.49	21.85	23.74	22.54	17.69	22.09
36.64	40.39	37.53	40.53	33.67	33.92	38.35	32.86
24.83	21.89	23.37	24.71	29.86	23.98	23.63	24.09
29.93	26.56	30.47	28.97	28.52	30	26.43	22.44
1.11	1.26	1.4	1.13	1.12	1.43	1.42	1.27
26.93	33.52	30	27.74	26.49	27.78	20.2	23.1
1.62	1.83	1.94	1.76	1.49	1.96	1.76	1.74
4.26	4.94	4.26	4	4.81	4.35	3.73	3.7
8.04	7.2	6.53	7.45	6.95	6.89	8.07	7.05
49.73	58.11	48.55	57.93	49.97	52.29	52.88	64.54
33.76	41.99	40.1	31.02	30.79	29.92	33.3	29.21
9.25	11.21	10.89	8.93	7.83	7.64	9.21	8.56
20.97	22.53	19.99	25	23.25	24.07	23.55	21.35
13.08	12.07	12.48	14.56	12.63	14.34	14.17	11.43
13.77	13.2	13.15	13.35	13.27	12.73	12.87	13.61
37.03	27.59	36.64	42.53	37.16	32.93	37.89	37.78
9.52	11.03	10.21	9.7	10.66	10.47	10.51	12.7
21.6	21.07	20.72	19.66	23.93	24.53	21.37	24.73
76.41	66.85	64.68	72.34	52.2	64.56	70.77	62.57
1.33	1.4	1.49	1.39	1.38	1.25	1.38	1.36
12.77	11.97	15.04	12.14	12.37	13.65	13.27	13.6
84.75	86.52	76.63	75.32	78.66	88.66	88.12	89.98
29.68	25.41	28.28	25.53	26.88	24.34	26.28	28.61
12.59	13.91	13.03	13.29	14.86	12	16.62	14.43
35.44	43.65	42.43	38.11	39.53	42.56	43.01	37.53
11.07	12.85	12.32	11.93	11.36	11.72	12.34	10.72
22.87	25.8	27.42	29.35	24.05	28.64	28.1	25.41
45.75	46.1	49.52	42.04	57.14	50.27	50.25	42.02
15.31	16.75	19.55	17.54	14.48	17.09	19.53	15.24
35.2	35.8	39.64	35.18	34.2	41.33	38.22	34.86
21.34	22.93	24.55	20.07	19.22	19.89	18.28	22.81
33.99	28.58	25.89	30.64	28.25	31.65	31.72	28.44
4.37	4.72	3.68	4.96	4.92	4.76	4.93	4.29
62.18	68.41	62.79	60.86	66.55	50.39	65.69	66.54
3.43	2.89	3.26	3.38	3.29	2.41	3.01	2.53
43.74	36.39	44.62	35.08	43.51	39.15	40.79	45.7
36.32	31.54	37.94	37.72	25.95	36.53	35.84	37.73
15.31	18.97	18.18	18.29	23.19	19.76	19.28	20.72
12.02	10.09	10.76	12.28	12.42	10.4	11.87	12.12
13.08	12.15	11.9	14.4	14.12	14.06	11.34	13.05
1.55	1.5	1.52	1.5	1.47	1.44	1.49	1.52
117.79	109.82	100.52	88.6	103.63	101.59	108.45	109.96
9.66	12.21	9.86	9.09	10.9	8.2	11.01	10.52
21.35	22.35	20.94	22.7	22.11	23.72	23.89	20.72
3.06	3.24	3.25	3.78	3.29	3.17	3.36	3.38
21.44	22.37	23.72	24.35	26.52	29.51	23.69	24.84
22.72	24.75	22.53	24.75	24.55	28.21	21.07	25.59
49.76	54.62	58.79	48.42	57.1	55.45	49.84	48.57
88.42	99.03	101.11	97.23	98.21	91.67	92.36	104.8
2.19	2.1	2.17	2.15	1.87	2.48	2.1	2.29
60.74	54.16	57.97	61.13	57.31	48.74	59.84	64.74
6.95	9.84	8.43	8.35	7.69	8.7	7.14	9.44
1.09	1.12	1.03	1.24	1.14	1.2	1.09	1.3
90	84.79	85.26	84.75	76.6	81.6	77.12	76.77
89.22	72.16	76.67	74.41	85.14	79.16	77.04	78.49
4.91	5.42	4.51	5.15	4.48	5.81	5.16	3.86
5.99	6.54	5.97	6.92	7.03	6.58	5.16	6.62
34.92	38.31	32.07	35.94	42.92	40.01	42.49	37.36
18.59	17.51	19.66	18.36	16.88	17.57	20.69	18.27
22.27	25.32	22.84	21.98	20.64	17.27	16.49	21.72
17.13	18.88	17.86	25.27	24.39	21.14	16.74	18.91
8.35	6.1	8.42	5.64	8.98	7.62	6.81	8.2
19.42	11.94	15.1	15.8	15.77	19.22	16.41	13.95
70.57	57.03	76.07	63.19	71.88	66.59	63.79	80.37
30.99	28.62	26.53	33.82	31.53	29.41	31.83	25.61
8.32	8.17	7.85	7.65	7.52	7.48	7.45	6.3
46.83	41.93	44.29	39.9	47.93	42.85	48.03	36.94
62.5	53.85	59.86	59.3	61.24	63.47	58.51	58.31
26.34	24.21	22.93	23.6	23.22	21.28	22.38	25.82
5.04	4.81	4.55	4.97	6.02	5.45	5.43	5.34
73.49	88.29	90.23	75.3	75.37	84.92	74.29	83.25
30.88	29.84	32.16	33.7	34.84	35.84	35.51	39.45
1.42	1.23	1.24	1.42	1.33	1.5	1.11	1.59
12.42	9.99	13.51	12.78	10.63	13.1	11.57	10.93
14.38	15.26	16.77	16.18	14.5	14.9	17.54	14.59
11.53	11.16	10.82	12.32	9.96	13.86	10.09	12.41
21.8	15.9	20.28	20.24	19.11	22.84	21.58	23.13
27.65	21.76	29.65	24.96	28.11	27.73	26.03	26.78
19.87	23.29	22.22	25.37	21.66	22.99	21.69	19.05
42.53	50.66	49.27	37.94	47.67	43.66	45.1	38.99
26.31	24.35	23.12	24.3	24.63	25.46	26.16	26.87
13.69	13.15	14.58	13.25	12.9	13.5	14.05	14.28
19.93	27.25	17.88	23.03	23.91	19.44	19.45	22.73
17.41	16.2	19.47	19.36	18.73	17.49	16.66	19.66
22.08	19.77	23.93	20.98	27.3	22.29	24.1	22.02
36.37	33.35	35.18	38.53	36.39	36.81	39.88	29.96
49.72	43.69	58.11	43.92	41.54	42.52	44.85	48.97
19.95	19.58	19.74	17.86	16.16	16.45	18.72	17.18
18.68	15.44	15.32	15.68	19.48	14.24	16.51	16.77
29.77	25.17	32.53	31.07	24.19	32.32	31.94	26.91
34.66	53.28	50.22	55.58	50.47	53.41	40.34	53.05
16.77	17.85	14.36	15.61	13.79	11.85	14.08	16.88
15.23	16.68	14.99	17.91	16.81	15.77	15.13	18.62
20.11	21.94	20.16	20.65	21.56	27.42	22	21.34
3.06	3.12	3.21	3.03	3.38	3.75	2.96	2.89
1.22	1.16	1.14	1.04	1.24	1.28	1.24	1.17
3.85	4.58	3.93	3.76	4.28	3.87	3.78	3.47
12.59	13.54	12.45	14.12	15.04	17.36	13.49	12.12
20.56	26	23.43	26.9	21.23	24.92	22.97	26.4
41.71	48.22	33.33	38.33	42.9	41.62	36.53	37.04
42.58	34.23	30.18	36.07	39.75	36.93	36.67	32.29
65.62	54.85	59.29	49.96	58.06	58.97	47.92	57.17
33.52	28.53	24.76	26.2	24.73	27.1	26.66	24.74
33.74	31.39	40.4	36.23	40.31	31.38	32.11	40.44
69.69	74.45	62.45	63.32	69.55	60	65.92	68.27
16.09	18.43	16.94	16.5	17.71	19.7	13.5	18.02
3.97	4.04	4.28	4	3.71	4.3	3.76	4.39
11.61	13.47	11.86	10.21	10.96	10.61	11.97	10.75
100.55	77.18	114.83	112.45	110.12	97.04	115.14	90.68
37.75	37.32	40.07	38.78	37.06	37.13	38.41	39.17
100.36	88.65	70.56	87.63	97.27	87.39	91.35	81.05
33.67	35.27	26.96	27.09	35.06	34.49	38.03	35
9.72	9.29	10.7	8.82	9.2	9.37	9.45	10.63
51.61	44.59	63.58	51.32	50.45	49.46	56.34	60.51
26.54	28	24.08	26.38	22.17	24.97	22.58	24.67
2.2	2.11	2.34	2.46	2.2	2.1	2.07	2.08
68	62.5	74.97	68.59	77.89	81.01	68.99	64.76
4.27	4.41	4.99	4.36	4.59	4.29	4.48	4.06
33.29	29.47	32.62	29.8	28.21	29.58	33.83	31.45
7.05	5.53	6.6	6.71	6.93	6.61	7.24	8.36
9.75	9.82	10.31	12.21	11.08	10.33	10.75	11.36
48.7	50.48	47.63	44.64	51.23	51.79	46.49	51.73
16.98	15.95	12.71	14.17	15.34	15.44	12.22	11.6
44.91	39.44	47.33	43.44	48.92	47.53	43.85	46.4
121.49	137.15	139.38	133.72	132.03	112.72	138.45	126.87
70.56	77.44	76.4	80.21	75.99	72.59	74.34	76.49
94.81	95.75	90.16	93.78	95.5	108.87	94.34	79.23
25.06	17.5	19.54	21.2	20	18.04	21.72	22.04
46.19	51.58	46.57	50.35	58.49	45.54	53.17	54.82
8.39	9.11	6.87	9.81	8.47	8.63	6.73	7.95
44.32	34.96	32.37	35.92	35.07	39.58	40.22	30.76
130.47	102.14	122.79	91.75	117.97	108.75	103.92	133.93
107.85	91.04	95.85	103.07	107.15	94.17	117.76	89.57
6.81	7.42	7.76	6.14	7.15	5.95	6.05	6.41
4.58	5.03	4.36	3.6	3.45	4.74	4.11	4.74
30.38	29.74	25.4	33.74	37.34	29.16	28.5	38.31
40.2	36.41	35.82	35	41.21	34.53	36.49	37.67
2.33	2.33	2.74	2.27	2.78	2.74	2.35	2.4
28.13	36.34	29.66	30.58	29.05	28.88	29.07	27.04
46.15	47.05	50.86	41.99	42.61	38.47	42.17	38.8
46.98	54.69	47.17	45.53	52.71	45.53	50.46	49.8
12.34	10.68	12.85	10.21	12.21	9.82	10.83	12.79
6	6.02	6.43	5.97	6.82	6.93	5.51	7.21
15.44	19.57	16.98	17.01	21.12	19.38	19.49	18.98
49.41	33.12	34.68	42.48	40.57	34.84	40.35	38
46.33	50.65	52.69	53.8	50.76	55.25	60.58	54.21
15.54	13.52	15.51	13.75	15.75	12.32	16.01	12.91
19.56	22.55	21.47	23.16	23.39	24.36	23.39	21.53
7.23	8.61	6.3	7.54	6.5	7.4	7.15	6.23
19.61	18.01	16.58	19.84	20.95	19.88	19.25	17.63
14.23	16.11	15.31	13.67	14.94	13.77	13.84	15.31
34.3	28.9	26.05	32.63	33.52	33.81	32.72	29.7
47.25	47.73	52.85	50.5	48.1	57.22	45.33	57.6
6.79	7.75	7.52	7.85	8.59	6.71	7.66	8.83
33.4	34.2	30.65	35.2	35.62	34.89	34.65	40.17
9.43	10.36	10.76	11.58	10.45	9.64	9.47	9.93
21.23	24.79	19.76	23.32	25.05	18.79	18.71	24.43
25.39	24.65	23.43	23.1	23.62	23.5	27.03	21.69
45.61	44.46	38.93	47.41	43.29	40.88	51.95	40.58
3.77	2.94	3.29	3.43	3.73	4.04	3.61	3.92
37.22	40.88	42.17	45.08	37.86	42.4	36.06	37.23
15.84	19.93	16.43	18.83	14.76	17.82	16.11	17.54
5.74	6.41	6.33	6.42	6.1	5.4	6.19	6.62
103.14	88.98	88.77	84.67	85.5	96.33	85.13	94.4
93.23	78.12	97.27	76.91	90.59	100.88	83.39	90.09
55.21	66.78	59.06	57.19	64.12	55.89	55.62	57.35
21.65	19.15	17.8	18.17	16.31	18.85	14.07	17.68
11.77	11.65	11.18	10.73	12.64	10.34	10.37	10.15
41.22	38.25	34.42	41.69	41.01	46.03	41.95	35.56
79.54	80.93	81.92	80.37	85.01	81.57	78.69	84.91
5.79	6.31	5.02	5.64	5.98	5.82	5.9	5.66
11.73	10.51	10.86	13.01	9.94	13.23	11.73	10.41
24.02	27.88	32.29	26.25	26.82	25.94	36.23	29.69
40.59	45.75	40.67	42.4	40.9	49.3	49.46	39.58
15.37	22.31	24.04	17.06	20.88	16.96	19.32	19.94
11.73	13.91	10.97	11.49	14.15	14.89	12.87	10.55
7.52	7.68	8.93	6.92	8.21	7.86	7.8	6.28
37.35	33.44	34.43	32.01	33.88	37.19	38.51	36.47
18.86	19.84	22.97	20.94	21.37	26.01	24.29	20.68
24.57	26.15	27.91	30.77	26.85	24.83	28.7	24.97
51.93	37.7	60.22	54.69	47.63	47.88	49.04	47.75
27.83	24.01	28.36	30.21	23.97	24.57	24.67	29.65
161.28	166.93	145.39	181.67	121.58	142.18	144.48	155.65
32.13	31.87	33.59	27.47	38.52	30.25	30.45	32.74
51.27	53.21	49.01	49.18	53.87	48.17	56.66	54.84
28.67	26.62	25.99	27.34	30.63	23.73	24.43	24.8
8.3	6.77	8.18	8.37	8.2	8.78	9.53	8.72
4.85	4.77	5.08	5.27	4.56	4.2	6.14	4.99
23.93	22.21	20.18	22.8	24.52	23.74	24.01	25.7
92.43	83.96	93.87	92.68	83.06	82.51	82.52	96.39
36.56	38.55	35.06	32.32	34.77	35.96	33.38	43.04
100.19	84.76	81.09	88.39	93.95	87.1	74.23	71.5
19.84	19.07	19.01	19.9	21.69	20.15	23.84	19.54
36.25	35.77	37.8	39.43	34.31	36.53	34.43	40.84
56.78	52.76	52.1	41.43	43.3	47.32	57.17	45.72
12.06	11.66	10.81	9.06	9.68	9.25	8.83	10.76
27.86	28.97	31.32	23.68	28.96	28.04	22.91	27.33
53.23	51.89	44.11	47.69	46.92	52.85	57.04	51.5
33.99	32.17	32.62	33.78	27.42	30.93	31.08	28.47
32.71	30	34.32	26.2	34.08	39.8	30.79	35.15
40.03	42.39	33.28	39.09	39.78	37.44	39.81	42.4
81.61	85.67	89.12	84.5	91.07	73.16	81.79	96.2
53.91	57.96	61.38	55.36	64.63	53.82	65.05	57
67.44	75.43	75.53	59.31	72.16	73.62	74.89	64.09
4.1	3.68	3.64	4.08	3.18	2.92	3.69	4.3
29.16	23.97	27.46	29.45	24.38	28.04	31.24	24.37
39.6	35.13	44.29	34.92	37	34.36	39.41	42.08
111.78	86.16	91.99	94.17	102.63	111.03	99.7	87.78
20.84	25.03	23.73	22.33	26.19	29.14	28.1	21.74
5.58	5.11	5.6	4.27	5.21	5.19	4.96	5.8
11.22	13.48	14.7	11.84	10.15	14.97	12.23	13.66
69.2	60	63.72	67.11	60.76	53.58	63.94	58.85
9.23	10.5	13	10.17	8.25	9.21	9.79	8.05
17.8	24.84	24.42	18.19	24.18	26.26	20.39	26.31
34.25	42.91	35.47	37.21	33.8	37.97	41.82	30.72
20.07	21.7	16.11	16.99	20.46	19.19	20.07	18.18
14.2	13.73	11.71	14.26	11.69	13.02	16.31	14.42
31.11	28.03	31.52	30.61	27.73	30.34	24.35	33.96
23.51	19.26	26.5	26.36	26.95	27.38	23.02	24.66
1.65	1.71	1.7	1.74	1.56	1.75	1.61	1.71
11.29	10.15	10.4	8.99	7.54	10.57	8.28	8.58
12.94	13.51	14.97	13.58	15.05	13.84	13.22	16.19
4.25	5.02	5.16	4.53	4.14	4.27	4.87	5.43
3.31	2.76	3.51	2.78	3.49	3.1	3.28	3.52
9.28	12.38	9.7	10.9	10.22	13.01	8.77	10.77
46.9	45.79	45.52	44.23	36.63	45.07	46.76	46.01
5.53	5.55	4.83	6.3	6.51	6.45	6.17	6.74
22.28	23.58	22.67	18.08	21.01	24.63	18.59	24.98
33.1	33.05	30	26.29	30.14	39.26	28.15	30.79
18.66	16.78	19.35	15.13	18.12	18.04	24.18	22.4
10.51	11.66	11.4	11.05	10.42	11.26	9.51	10.04
3.87	3.6	3.74	3.6	3.69	3.98	3.81	4.28
25.86	26.62	25.51	26.56	21.38	25.98	24.96	23.04
70.69	86.58	97.63	68.15	72.38	97.43	61.1	82.94
23.01	26.66	23.48	28.7	24.63	26.91	24.8	32.19
48.27	49.53	60.09	41.07	49.84	51.99	44.73	51.96
39.96	42.71	35.56	31.03	38.83	44.05	43.51	38.59
1.92	2	1.52	1.76	1.86	1.67	1.81	1.62
3.61	3.46	3.21	3.74	3.06	3.78	2.92	3.16
19.57	17.61	20.28	16.09	19.76	16.7	15.95	15.96
13.19	17.26	15.86	14.2	16.08	13.7	16.92	15.13
10.81	10.55	8.92	12.32	10.4	12.77	10.96	11.26
86.61	86.11	71.98	78.74	72.39	59.8	87.59	88.44
32.02	37.62	34.63	34.47	28.45	33.83	35.4	33.49
1.43	1.39	1.5	1.57	1.45	1.25	1.57	1.57
2.8	3.1	3.02	2.41	2.23	2.78	2.92	2.63
63.58	68.58	65.09	70.46	82.3	77.16	75.28	73.08
47.99	42.5	43.08	41	52.43	38.39	41.82	47.14
9.74	7.91	10.53	10.78	8.97	8.99	7.75	8.95
36.04	39.82	41.44	40.21	35.63	39.67	41.79	33.54
48.59	41.54	54.41	52.51	55.16	51.22	54.76	60.12
3.5	3.67	3.55	4.02	3.72	3.24	3.64	3.79
127	113.38	127.8	98.59	115.98	118.91	98.19	111.79
11.11	10.15	12.59	14.74	11.78	12.74	10.14	10.22
51.04	60.87	73.24	60.01	56.42	58.54	60.83	58.94
65.21	67.99	70.24	66.23	58.51	66.63	50.95	62.05
9.87	8.92	9.5	7.1	6.92	8.56	7.61	10.07
30.44	27.46	24.12	26.87	27.88	26.29	26.87	24.52
1.25	1.62	1.3	1.38	1.61	1.48	1.57	1.4
22.22	26.47	24.95	28.12	27.24	28.91	25.09	28.91
14.64	13.48	13.9	13.23	14.84	12.03	17.1	13.78
72.92	76.33	72.6	57.07	71.03	65.99	79.41	86.94
17.25	18.31	17.92	17.52	17.32	15.83	14.73	16.16
44.84	33.02	49.03	40.75	42.06	35.05	34.61	31.88
18.28	16.89	21.55	15.78	14.66	15.87	16.27	19.42
19.44	22.61	25.14	18.18	21.99	21.97	24.99	24.9
19.95	18.11	17.82	15.4	19.3	15.87	17.41	18.01
32.28	29.39	33.53	32.15	25.21	26.35	31.53	30.93
12.25	12.83	13.18	10.06	12.72	14.13	11.66	10.18
9.24	10.92	11.54	9.9	10.56	11.82	9.51	9.46
17.66	18.95	20.54	17.9	19.68	17.22	16.56	17.08
47.77	43.69	38.66	50.77	40.32	37.48	39.91	48.18
54.89	55.31	65.46	44.52	69.43	53.89	64.96	55.28
39.64	38.76	33.59	42.9	37.97	42.95	36.12	39.56
8.06	10.22	9.46	7.44	10.26	10.81	9.09	10.76
23.64	26.82	22.92	25.87	26.89	25.71	27.36	22.72
1.9	1.91	1.81	1.92	1.84	1.86	1.88	1.85
33.46	34.9	30.87	32.36	32.01	34.5	35.88	30.17
20.28	25.3	22.91	21.6	24.17	25.3	21.98	20.14
48.4	52.64	47.95	49.5	50.98	49.1	53.32	55.14
43.65	40.5	34.29	37.37	39.16	41.53	37.29	34.01
11.87	12.94	11.45	11.19	13.57	12.56	9.52	13.96
23.36	26.15	25.05	30.56	25.42	23.98	21.55	27.96
8.98	7.76	10.29	10.1	8.91	9.49	9.39	9.72
65.84	55.25	70.4	65.64	57.53	66.96	73.37	69.2
5.23	5.43	4.85	5.32	5.32	4.41	4.67	4.69
105.03	79.19	100.86	91.05	96.03	88.81	95.45	93.38
100.56	89	89.03	79.39	71.01	88.36	86.09	94.18
9.92	9.52	9.51	8.93	9.7	8.8	10.1	9.82
17.02	17.53	16.08	18.31	18.51	17.74	18.61	16.92
5.72	7.11	7.28	6.03	6.88	7.46	6.97	5.72
5.12	4.51	4.56	5.28	5.72	4.35	4.94	5.04
23.26	24.45	22.03	27.1	24.5	29.83	22.99	24.71
12.33	12.73	13.53	14.25	12.43	11.72	14.6	12.94
29.04	31.7	33.51	28.38	32.25	29.79	33.45	26.8
53.17	65.66	53.09	49.51	55.07	46.35	53.19	49.2
39.05	52.9	45.26	45.96	41.64	52.38	46.85	46.25
5.92	5.77	5.24	5.87	5.08	4.74	5.61	6.22
1.63	1.88	1.96	1.7	1.84	1.8	1.37	1.65
12.05	11.29	9.75	11.56	10.15	10.76	10.17	13.11
6.63	6.19	8.36	8.45	7.16	7.1	7.37	6.45
64.28	68.06	78.09	73.34	61.22	69.47	67.16	68.16
34.09	28.1	32.83	28.9	23.92	37.1	31.37	31.79
34.16	32.4	40.67	31.87	40.84	40.77	32.3	32.53
38.44	35.92	40.91	31.61	35.72	39.47	40.59	44.1
23.88	24.15	22.59	27.71	28.83	21.26	23.83	21.51
42.21	42.55	26.22	27.36	37.94	33.09	35.48	38
28.44	31.63	30.53	28.2	30.22	28.47	30.11	22.46
20.73	18.6	22.4	22.22	22.15	23.1	21.97	24.02
28.04	29.38	33.27	34.46	28.12	35.08	30.49	27.16
42.26	35.17	42.51	45.15	50.31	43.97	31.92	40.26
32.3	39.91	39.73	36.37	39.38	37.3	46.35	39.18
8.73	10.33	8.86	10.71	8.49	9.64	9.34	7.96
9.47	10.4	7.9	11.09	11.3	11.53	10.4	10.6
37.83	30.53	38.28	31.68	38.21	36.54	38.37	34.41
9.98	9.12	9.43	7.45	8.01	8.75	9.79	7.67
17.73	16.66	16.07	14.95	16.04	15.67	16.05	17.9
8.62	9.66	10.16	8.08	8.47	10.34	9.27	10.25
25.46	28.83	28.42	26.83	24.49	27.34	25.88	24.84
4.28	4.96	5.34	5.08	6.41	6.09	5.44	5.16
30.95	26.48	28.58	29.12	25.45	31.53	27.5	26.1
17.47	24.05	17.18	18.22	20.55	22.69	22.47	18.04
5.96	5.73	6.15	6	5.23	6.56	6.01	6.64
59.89	74.8	68.84	55.3	76.63	68.75	70.21	82.4
10.63	11.5	11.76	12.21	12.15	10.81	13.08	11.54
8.13	6.63	6.97	7.63	7.83	6.63	6.96	8.38
69.57	78.44	61.01	72.37	69.43	65.95	80.59	61.98
14	16.8	11.17	13.5	14.27	17.01	14.89	11.54
10.71	11.95	11.12	10.1	11.24	10.84	10.56	11.14
12.59	11.87	14.21	15.97	14.45	13.22	13.04	12.17
25.15	22.61	22.59	21.94	17.5	19.89	19.63	22.53
26.23	28.54	26.7	28.93	25.99	22.91	29.08	25.44
22.14	19.8	19.89	21.61	22.87	23.87	20.36	23.02
39.68	32.6	40.65	36.73	42.55	33.53	46.82	42.59
65.02	57.54	69.33	63.78	54.41	56.23	65.12	72.37
57.37	54.82	50.53	45.11	59.17	60.9	55.42	53.71
30.23	27.44	30.87	32.33	26.58	29.53	27.87	31.62
23.55	24.64	28.08	27.02	27.02	22	25.5	26.35
9.75	11.51	10.35	11.24	10.64	11.72	9.03	12.03
16.04	14.25	13.21	15.49	14.63	15.17	15.36	17.19
30.62	37.85	40.05	43.14	34.14	32.45	37.58	32.28
58.74	65.22	66.77	54.5	57.27	65.14	59.13	58.48
20.34	19.85	18.73	17.2	20.15	20.86	17.86	20.66
12.88	13.56	14.18	15.8	15.01	12.54	11.27	17.41
5.33	5.52	5.37	6.04	5.65	3.96	5.73	4.38
17.32	16.09	19.68	16.04	16.18	13.54	14.14	13.75
11.38	11.24	10.39	12.17	9.46	10.85	10.5	10.95
24.17	22.85	25.77	25.71	21.14	22.78	23.46	22.9
35.9	31.07	29.99	37.08	31.87	26.99	31.79	34.93
22.89	18.92	25.13	22.93	20.99	20.45	20	22.79
45.82	45.38	43.11	45.07	47.52	51.15	42.23	53.36
58.11	58.55	57.3	51.7	66.93	68.33	60.51	66.84
24.74	24.73	22.73	22.71	24.69	27.03	25.81	25.52
16.41	14.34	15.57	16.05	16.92	15.78	13.66	14.62
18.62	27.8	20.51	22.84	26.44	25.96	27.69	29.02
90.64	90.2	77.4	73.82	69.61	77.18	75.83	88.83
46.52	49.94	47.93	48.6	47.12	45.25	43.96	58.53
9.87	11.15	10.57	10.96	10.01	8.44	9.38	8.36
35.13	32.15	32.57	28.09	25.66	34.86	25.32	31.58
13.18	15.23	14.44	14.36	14.82	15.3	14.84	11.05
49.95	53.42	42.92	52.22	42.86	46.24	44.58	45.2
88.01	92.65	82.74	85.74	107.3	77.84	99.08	83.28
30.37	30.77	32.27	30.08	30.72	30.57	37.91	41.17
45.76	44.26	58.25	47.44	45.44	53.12	59.77	47.22
39.17	31.94	45.49	40.93	38.78	41.89	42.21	46.03
22.25	18	20.21	25.58	20.29	22.3	23.06	20.3
18.29	15.76	18.96	18.69	15.53	17.25	15.29	15.26
35.16	40.57	38.24	32.87	42.39	41.85	35.79	39.37
12.69	11.19	10.6	13.48	12.09	11.33	12.02	10.71
58.35	43.87	50.46	53.87	51.14	51.33	55.05	53.19
94.72	101.98	105.94	108.25	86.7	94.8	81.29	94.7
12.13	12.03	13.16	13	11.79	11.51	10.59	11.23
80.11	83.92	74.14	78.02	82.19	80.35	80.14	66.44
68.05	92.35	83.92	95.25	84.54	93.98	86.13	73.87
33.14	26.27	30.37	25.71	24.07	32.59	28.09	29.34
8.11	10.53	10.39	8.75	10.19	9.25	9.28	11.53
4.58	4.47	4.69	4.46	4.82	3.83	4.28	4.09
5.83	6.06	6.42	5.76	7.92	7.84	5.69	6.83
18.35	22	16.95	15.96	20.05	18.6	19.8	19.08
31.99	30.09	36.6	32.9	27.34	35.35	31.59	31.13
17.78	13.84	17.85	17.59	16.45	21.41	16.94	19.79
27.85	30.18	35.73	33.58	30.31	29.06	30.16	28.66
122	140.25	130.44	142.82	147.22	119.75	127.19	149.31
1.89	1.82	1.79	1.03	1.89	1.77	1.88	1.79
25.33	24.45	26.27	21.14	26.42	25.66	26.85	24.76
1.1	1.05	1.99	1.18	1.45	1.13	1.09	1.27
1.13	1.01	1.34	1.31	1.05	1.14	1.09	1.05
18.36	17.95	20.87	14.67	19.88	15.8	16.58	17.23
15.98	19.4	24.91	15.86	17.03	15.05	18.52	18.78
108.11	118.99	104.75	109.03	114.93	97.87	117.49	111.46
27.57	36.63	30.97	30.68	32.56	26.88	33.05	41.5
11.72	14.08	16.29	13.71	18.28	15.15	14.41	13.83
18.29	18.06	21.7	19.34	20.91	20.48	18.75	18.47
143.84	146.17	147.5	117.28	132.11	136.66	128.78	112.17
19.68	21.64	19.29	24.83	20.68	22.13	23.62	24.87
24.38	20.51	26.12	29.49	25.47	22.28	21.44	24.99
10.68	10.84	9.92	9.62	11.68	11.14	9.51	10.68
38.6	35.66	40.78	35.89	28.57	33.46	32.77	32.43
18.44	19.72	17.21	19.51	21.27	16.61	17.73	20.41
22.31	23.41	22.41	23.45	24.6	25.41	26.18	21.7
64.9	74.95	82.3	55.73	67.61	69.37	71.68	71.41
8.9	9.25	8.53	10.44	10.53	8.42	11.07	9.83
22.31	26.23	23.97	24.19	27.19	24.66	25.86	24.73
12.22	14.37	9.9	11.38	12.04	12.02	11.47	12.7
4.55	4.7	4.66	5.75	4.98	4.67	4.22	4.16
26.65	29.3	27.92	26.27	22.77	24.18	28.3	28.63
133.78	129.57	145.31	127.47	156.58	154.21	130.51	152.41
13.32	10.69	12.21	11.67	13.51	12.39	12.57	13.15
1.17	1.14	1.11	1.19	1.2	1.03	1.31	1.34
8.47	9.4	7.64	7.89	6.95	7.18	7.35	8.03
7.06	6.96	7.26	7.14	6.56	7.42	7.03	7.34
20.09	14.16	18.03	16.29	18.49	15.68	15.83	17.8
34	33	25.36	33.89	33.93	36.52	34.34	37.43
1.36	1.35	1.31	1.29	1.32	1.36	1.38	1.37
20.95	22.41	19.22	18.77	18.22	21.2	20.79	23.58
4.14	5.36	4.75	3.96	4.25	4.69	4.16	4.15
50.04	44.99	54.67	49.95	50.75	45.81	54.34	49.49
47.2	42.68	47.97	51.94	53.18	46.9	51.68	49.09
3.1	3.01	3.45	2.96	3.04	2.84	3.27	3
47.63	52.16	50.54	51.46	50.35	49.93	49.62	58.93
23.2	22.4	25.66	24.42	26.82	29.46	25.4	25.77
7.48	6.44	8.06	7.51	8.48	9.2	6.92	7.78
34.45	31.04	36.72	32.59	35.13	27	32.94	33.11
104.18	87.4	96.34	85.41	96.81	102.37	95.29	87.16
1.79	1.71	1.72	1.56	1.36	1.57	1.44	1.35
4.52	3.67	3.33	4.11	4.12	4.88	3.91	4.56
17.13	17.26	16.8	21.28	18.92	16.91	15.13	15.21
3.27	2.88	2.17	3.12	2.39	3.18	2.92	3.1
7.71	10.53	8.06	8.08	9.56	9.32	7.98	10.32
175.8	117.66	139.56	147.26	157.33	134.92	136.2	126.71
89.55	98.47	76.1	90.84	86.17	79.97	94.13	88.3
56.78	63.18	55.81	52.65	59.82	68.04	62.64	66.55
9.18	10.16	8.55	11.1	11.87	10.83	9.65	10.5
6.25	5.7	5.43	5.86	4.68	6.17	6.06	5.79
2.88	2.89	2.51	2.8	2.8	2.65	2.95	2.42
13.04	14.62	18.16	12.84	16.75	14.02	15.34	20.25
8.1	7.25	6.52	8.1	7.58	6.37	6.48	6.4
12.48	12.06	10.15	12.52	12.82	12.06	11.64	12.8
16.59	14.27	14.93	14.02	15.5	15.99	13.16	11.66
44.58	43.28	46.14	38.36	35.4	43.01	50.39	46.19
11.71	10.64	13.71	14.14	13.01	12.75	10.95	13.32
54.13	52.67	54.96	61.11	63.18	47.37	52.6	55.63
1.74	1.49	1.65	1.49	1.96	1.57	1.75	1.78
41.67	50.07	39.24	38.03	43.02	40.91	35.36	43.78
1.62	1.67	1.65	1.58	1.69	1.65	1.74	1.69
93.26	93.05	89	93.29	75.68	92.95	81.6	92.18
50.22	55.8	56.47	50.76	46.41	56.52	50.22	44.2
61.18	57.1	54.51	60.63	51.6	58.23	52.58	64.42
12.86	13.19	13	12.84	13.66	13.27	12.25	10.92
11.47	11.88	12.5	11.91	13.13	11.27	12.03	11.56
82.4	72.78	77.36	82.78	76.05	76.59	90.28	73.93
61.36	66.88	60.35	53.14	75.17	59.63	66.93	71.12
35.84	33.46	39.36	36.21	27.65	32.63	26.62	29.06
18.62	16.02	17.24	18.08	16.58	22.32	18.73	16.58
12.31	13.83	12.24	10.8	11.85	11.39	11.2	13.07
50.62	56.08	54.47	42.05	53.66	57.11	50.09	67.52
17.23	15.71	16.25	16.52	15.19	15.99	16.39	15.08
15.98	18.87	16.81	16.69	16.57	18.27	14.37	16.76
33.82	38.72	36.65	35.19	45.76	36.56	39.88	28.66
7.72	8.35	7.73	5.76	6.7	8.22	9.32	7.42
34.69	33.22	30.88	33.95	33.11	32.26	36.12	31.33
37.58	35.63	46.91	38.85	38.47	40.63	41.99	43.96
25.14	25.94	22.2	25.28	28.82	23.96	29.23	19.64
9.74	10.39	10.76	10.95	9.73	10.34	11.23	10.27
1.93	2.14	1.68	2	1.96	1.79	2.03	2.13
4.86	5.81	5.92	5.06	5.52	5.67	4.84	4.72
30.68	33.84	35.42	34.71	37.23	34.39	41.06	37.39
9.07	10.03	9.67	10.57	11.32	9.73	9.11	9.71
11.58	13.28	12.26	11.92	11.53	11.21	13.6	12.34
1.66	1.48	1.78	1.45	1.91	2.01	1.75	1.93
1.7	1.93	2.56	2.17	2.44	2.18	2.06	2.28
28.24	30.84	32.78	30.95	32.29	33.56	28.12	31.56
35.88	35.8	41.67	40.71	35.04	30.67	36.6	32.85
15.23	15.22	17.82	13.51	12.77	15.3	16.05	13.57
1.08	1.07	1.08	1.08	1.09	1.07	1.08	1.07
11.26	13.71	10.54	12.53	12.63	11.94	14.13	10.74
55.46	47.33	57.32	58.26	55.64	57.83	49.21	53.41
7.9	9.99	9.35	8.85	7.73	7.28	10.07	8.02
3.4	3.21	3.12	3.37	3.55	2.83	3.13	2.91
11.52	12.31	12.49	11.22	12.81	12.58	13.68	12.92
12.7	13.46	15.4	11.74	13.87	12.72	16.27	13.69
3.81	4.56	4.02	3.55	4.24	4.35	2.92	4.13
42.47	40.93	48.59	45.68	48.74	46.14	42.53	40.69
21.38	17.41	18.56	17.5	21.63	15.76	23.4	20.51
34.68	32.54	35.48	35.11	35.62	38.94	41	32.25
1.6	1.89	1.83	1.6	1.86	1.79	1.84	1.79
43.48	48.53	47.62	56.96	47.89	41.63	50	49.57
5.2	4.7	4.41	5.39	4.74	4.89	4.01	4.39
18.87	18.84	18.42	19.13	24.32	19.42	23.96	23.04
1.91	2.02	2.02	1.97	2.05	1.95	2.4	2.17
12.32	16.09	14.29	14.96	13.67	12.22	13.58	13.55
15.31	10.99	11.71	12.23	12.03	12.82	12.76	13.01
50.06	53.77	40.54	42.39	49.65	35.47	42.72	47.51
42.84	50.32	39.27	51.76	41.08	38.4	38.9	38.76
40.54	45.71	39.7	48.9	38.96	41.1	44.98	43.83
33.94	27.41	36.8	32.13	28.67	37.09	36.64	40.35
23.24	25.99	22.66	22.49	22.83	23.72	24.02	29.56
14.1	15.77	16.93	14.54	12.94	11.09	13.78	15.5
16.65	13.98	13.78	16.27	18.02	18.16	13.07	16.92
17.18	17.04	16.68	17.55	14.39	17.61	17.36	21.07
18.95	20.24	18.96	17.75	17.99	19.1	19.82	21.58
1.85	1.96	1.93	1.16	1.07	1.96	1.98	1.94
1.8	1.91	1.83	1.89	1.79	1.83	1.74	1.88
43.26	39.43	52.8	48.36	44.91	45.99	44.34	43.63
6.49	6.17	6.18	6.41	6.88	6.12	8.31	7.02
24.02	19.26	27.74	23.65	22.26	21.64	25.54	24.27
18.92	17.52	18.65	17.96	15.32	21.42	20.24	21.7
31.04	29.37	32.5	28.12	27.75	33.19	33.74	26.78
44.26	35.97	38.78	36.05	43.67	34.65	45.09	36.54
10.87	12.18	13.14	10.37	10.87	13.08	11.52	13.67
22.18	19.76	19.57	20.71	21	19.31	19.3	21.25
49.18	55.06	55.58	48.09	44.57	51.52	51.33	55.23
8.76	8.22	6.99	8.05	7.24	7.97	7.03	7.93
9.28	10.69	9.72	10.05	8.39	9.67	8.61	9.36
12.7	12.24	10.57	13.07	12.84	13.63	13.41	12.88
29.37	30.38	32.79	30.28	30.97	28.09	33.29	30.92
22.58	20.7	18.75	20.31	20.85	24.25	21.81	24.38
1.42	1.41	1.5	1.48	1.38	1.44	1.38	1.43
32.67	41.31	38.32	39.34	37.94	27.78	36.8	34.94
12.69	13.69	15.06	12.81	15.07	12.83	13.36	14.79
102.04	107.66	84.88	97.29	107.49	110.53	96.69	89.04
5.34	5.97	6.19	6	6.18	5.66	5.25	5.6
22.17	20.67	19.3	17.28	18.3	23.93	21.47	21.36
32.54	34.61	41.08	40.79	31.69	33.05	30.83	39.76
28.77	27.47	30.92	32.23	29.5	29.73	28.92	28.37
37.71	39.87	28.37	37.88	32.89	32.6	28.83	28.64
76.18	68.65	70.53	79.26	83.14	79.81	69.41	77.48
58.1	74.88	55.84	59.91	56.49	55.23	70.23	62.86
18.11	12.36	12.27	12.6	13.34	10.35	13.37	12.02
36.21	38.65	47.18	44.63	35.45	38.23	38.37	38.08
103.46	107.16	104.69	99.32	107.66	79.16	104.31	109.17
34.03	28.74	29.41	25.69	29.6	26.15	28.35	35.5
15.92	20.16	17.45	18.04	17.81	16.99	16.72	17.57
7.45	5.79	8.81	7.12	7.01	8.27	6.44	7.62
42.77	40.11	38.38	41.38	37.19	35.98	42.21	40.84
8.06	9.69	9.78	11.54	9.37	8.63	9.38	7.52
44.5	38.33	34.95	37.71	42.59	44.78	32.92	37.59
2.02	2.04	1.99	2.31	2.11	1.85	2.21	1.93
4.59	6.07	5.26	5.48	5.78	5.41	5.45	5.61
90.6	70.18	87.8	95.44	87.44	94.37	104.01	72.99
26.57	24.53	28.33	24.29	29.45	23.13	21.83	19.51
16.14	18.56	16.53	19.79	16.43	19.63	19.81	18.95
13.49	12.22	14.05	12.13	12.72	12.54	12.59	12.28
13.8	14.84	16.28	12.31	14.11	13.49	15.26	14.45
6.66	5.53	5.95	5.04	5.4	5.76	5.65	5.45
24.5	20.46	22.88	21.4	24.73	24.45	24.25	20.47
14.75	13.24	10.93	13.47	11.84	13.31	13.81	14.22
16.23	20	21.75	14.97	17.63	16.57	18.81	17.68
23.22	26.73	21.93	17.35	24.42	20.67	25.69	25.49
14.27	14.32	12.41	11.87	11.5	13.66	11.13	12.88
60.46	57.57	66.14	59.09	55.95	61.93	52.65	53.32
40.42	43.71	49.09	39.09	40.84	36.18	40.76	44.13
3.69	4.16	3.53	3.23	3.23	3.13	2.9	3.28
35.83	38.38	37.47	35.9	38.53	38.32	35.62	41.29
89.91	97.32	93.23	107.15	101.31	104.04	101.65	97.09
30.41	35.98	35.42	33.26	33.87	37.78	36.53	32.86
19.16	14.5	16.74	20.09	18.09	20.79	18.51	21.08
58.01	62.25	56.27	56.9	50.36	52.18	54.68	50.21
26.64	30.97	28.98	25.95	27.17	28.27	29.77	30.62
73.68	57.56	67.52	77.55	62.8	56.14	55.58	70.34
29.46	27.08	31.78	29.71	33.11	30.72	29.78	27.52
4.21	4.17	4.87	4.45	4.71	4.26	4.45	4.32
39.92	35.32	46.74	40.81	38.64	43.84	41.88	41.58
30.23	32	25.14	31.61	28.9	32.27	25.41	29.16
35.06	26.52	29.9	36.31	28.67	25.39	33.62	29.94
20.74	25.82	23.39	22.15	18.3	23.32	18	16.99
73.11	79.51	83.67	75.91	82.45	65.2	71.21	67.37
29.35	34.92	28.1	33.38	27.78	28.46	32.32	29.84
19.33	19.15	16.84	18.55	20	17.12	14.45	17.75
59.14	49.57	44.85	46.93	60.43	54.55	50.91	45.26
17.24	18.83	17.13	17.62	13.9	18.6	16.91	17.66
26.51	27.06	33.14	28.49	28.89	30.79	30.07	25.32
32.35	26.23	28.2	28.4	28.65	38.23	30.52	30.76
95.02	103.43	100.05	110.91	95.59	120.09	105.84	98.77
21.81	21.06	25.07	26.19	24.55	26.65	21.42	27.64
64	62.02	69.53	56.36	52.18	57.03	55.07	53.56
49.22	41.43	43.12	48.17	45.62	36.67	39.97	45.18
8.58	9.68	8.69	8.35	9.02	8.41	8.39	8.92
20.53	21.24	18.12	18.06	21.28	21.41	19.38	22.92
14.54	11.32	16.22	14.68	13.71	13.99	15.26	13.6
12.46	13.01	11.92	13.03	11.37	12.5	12.89	12.73
11.9	11.66	9.71	9.87	11.35	10.9	10.06	10.42
12.07	16.49	18.12	11.64	16.33	18.22	14.47	14.75
43.26	40.37	37.24	38.56	43.55	35.92	36.58	47.42
46.07	49.92	38.02	48.13	54.97	42.52	46.15	56.46
52.62	56.12	48.81	51.71	54.87	45.33	53.16	54.82
24.56	18.7	29.58	28.46	33.15	26.61	26.88	25.29
11.86	11.47	14.26	11.97	12.43	12.16	13.45	12.63
78.96	67.57	73.87	75.83	84.31	74.66	90.04	77.41
118.27	139.31	115.68	109.48	130.7	117.22	94.89	121.54
9.02	9.71	11.33	10.49	9.92	8.51	10.1	11.37
10.43	9.57	10.65	10.17	10.3	11.49	7.22	9.18
10.13	8.34	8.51	8.63	9.37	8.04	8.35	9.17
20.97	17.35	16.4	16.77	20.9	20.31	21.04	20.29
9.22	10.67	8.71	10.92	10.85	13.32	9.5	11.02
49.44	52.97	46	35.63	40.14	46.39	52.12	42.26
2.38	2.1	2.43	2.09	2.37	2.27	2.33	2.33
60.07	57.43	53.94	42.89	48.22	54.25	55.89	51.23
45.33	39.6	34.36	35.34	32.45	32.45	34.02	37.16
27.52	26.14	20.39	21.73	21.49	20.13	26.18	27.28
111.4	112.49	97.28	104.84	96.93	129.36	107.86	107.33
1.15	1.94	1.33	1.24	1.08	1.37	1.23	1.38
31.91	27.71	31.43	28.45	29.08	29.64	32.62	32.22
1.31	1.26	1.25	1.24	1.29	1.28	1.34	1.3
33.22	38.95	34.07	28.51	37.05	38.18	39.73	33.48
30.57	30.5	32.54	25.79	36.23	29.67	31.3	35.91
31.6	42.37	38.73	35.14	32.03	35.07	37.71	32.48
9.63	10.8	9.34	9.97	9.27	8	10.17	9.15
116.74	142.69	136.57	128.1	136.77	136.63	109.49	123.82
11.76	12.43	11.03	14.43	15.23	13.23	13	11.91
32.34	38.72	39.85	31.05	35.93	32.28	38.57	39.98
12	9.57	9.61	11.58	9.92	11.72	8.95	11.79
20.56	22.47	19.27	23.11	19.62	22.88	19.36	21.3
19.24	20.31	20.78	18.03	16.27	20.3	17.08	20.64
3.58	4.24	3.68	4.51	3.95	4.9	3.81	3.42
57.95	48.84	62.74	60.04	50.01	60.2	55.66	67.94
26.04	24.71	24.31	23.47	22.88	19.95	21.64	22.85
3.22	3.49	3.12	2.99	2.92	3.54	3.57	3.11
4.1	4.25	4.66	4.46	4.5	4.37	4.69	4.07
39.08	45.5	41.59	42.27	36.54	43.9	43.96	38.48
53.14	57.24	48.54	60.93	61.21	53.13	58.89	58.61
74.62	65.31	68.07	67.34	71.13	59.02	67.16	66.52
69.45	69.46	64.92	60.65	66.32	64.56	85.01	59.18
80.88	77.01	77.39	71.04	57.86	64.11	61.19	82.48
6.2	6.42	7.67	6.94	6.69	7.24	7.04	7.12
10.49	10.55	13.05	11.73	11.99	9.6	10.92	10.08
8.24	8.96	9.16	9.61	7.2	8.66	9.29	8.54
56.53	52.58	66.16	86.62	67.7	62.64	67.42	68.81
3.93	3.82	4.04	4.57	4.08	4.21	4.48	4.9
20.13	21.18	22.33	21.77	17.04	17.98	17.51	17.1
9.63	10.01	9.33	9.06	9.19	9.12	9.88	9
24.4	25.6	29.21	24.41	26.05	31.9	30.2	28.31
21.92	22.82	20.78	25.02	24.93	22.06	21.97	22.83
14.22	14.06	13.95	12.88	14.46	13.5	13.59	15.24
144.93	109.89	137.22	120.91	143.82	129.17	122.61	106.03
50.56	47.33	55.77	46.92	55.47	49.09	52.73	51.59
19.7	17.76	16.08	20.28	21.91	26.97	19.26	20.5
13.94	11.76	12.47	13.54	9.72	11.6	13.33	12.82
13.34	12.03	12.21	11.48	12.2	10.82	12.2	11.12
15.4	14.29	15	15.43	14.28	14.87	11.66	15.92
20.54	25.16	26.72	22.92	24.24	22.78	20.68	23.36
28.41	32.68	28.24	27.95	28.93	23.52	25.44	26.14
4.08	5.37	4.91	3.84	5.21	4.75	5	3.98
29.66	26.83	29.17	32.11	30.6	27.2	26.69	25.8
11.49	9.34	10.52	10.8	10.64	11.64	9.15	11.22
50.1	42.68	40.16	43.27	42.3	45.37	37.84	41.56
28.34	30.66	29.87	22.47	30.23	28.12	28.07	23.84
93.33	93.31	122.28	102.13	109.48	100.72	99.6	109.34
17.78	18.95	20.13	21.22	20.06	20.69	20.29	15.78
82.39	97.83	95.45	86.89	105.88	105.26	92.66	94.94
65.09	56.54	71.24	71.51	57.02	65.95	63.76	59.44
12.83	8.13	10.34	9.61	9.22	7.33	9.02	10.33
11.5	10.85	11.03	12.05	11.84	12.86	10.08	10.33
46.95	46.88	45.25	38.91	41.35	42.08	51.93	45.05
148.31	146.54	161.75	143.95	172.19	130.62	144.9	144.54
23.69	19.5	21.64	29.21	23.8	23.97	26.99	21.98
12.04	12.15	10.39	11.07	18.08	13.37	13.12	12.44
5.93	6.81	7.26	7.14	7.72	7.2	7.18	6.1
33.52	38.38	35.35	32.78	33.28	35.68	32.46	37.01
21.27	22.74	19.41	19.21	22.3	26.56	24.13	23.1
29.42	35.75	30.4	27.67	28.61	30.96	27.24	24.2
147.36	127.82	132.17	143.57	122.93	121.43	114.79	139.56
25.37	26.41	28.49	25.06	24.75	25.71	27.09	25.42
16.33	16.8	19.75	18.59	16.04	21.9	16.53	18.32
3.36	3.2	3.37	3.15	3.96	3.55	3.69	3.85
53.16	57.11	59.68	53.21	52.08	55.12	58.17	58.29
77.97	79.38	82.14	75.94	72.64	70.29	76.19	65.06
6.69	6.05	6.32	6.68	6.43	7.49	6.62	5.48
18.41	18.55	18.76	20.62	20.85	21.77	20.54	20.22
5.2	6.54	5.16	5.85	6.88	6.28	6.51	5.79
36.86	36.42	50.29	46.92	35.25	40.5	36.12	46.95
36.66	31.2	26.32	33.31	32.06	27.68	30.37	27.11
34.44	35.39	42.63	34.81	31.96	46.39	38.42	38.79
5.99	6.56	6.38	6.64	7.47	6.92	7.31	7.09
76.73	64.51	75.87	68.96	83.81	77.48	64.18	64.63
35.71	42.49	31.24	32.46	27.52	33.9	26.58	31.5
2.63	2.89	2.19	2.61	2.63	2.85	2.69	2.72
38.88	41.38	49.39	44.76	41.8	39.87	49.33	45.5
5.47	6.38	5.5	6.43	5.5	4.98	5.62	5.74
59.77	62.09	69.9	61.78	59.76	58	62.06	64.98
2.7	3.34	4.25	3.57	3.25	3.28	3.91	3.73
7.69	9.66	9.12	8.51	6.82	11.34	8.27	8.92
59.43	64.98	62.83	57.49	65.62	63.47	63.2	51.76
13.81	15.53	15.44	13.93	12.5	12.83	13.54	14.76
3.82	3.51	3.59	3.51	3.49	3.7	3.87	4.14
7.54	7.54	8.18	7.59	6.98	7.16	7.37	8.08
14.18	12.03	14.75	12.9	13.63	11.34	13.38	14.98
16.1	13.31	15.37	15.74	15.13	17.73	15.95	18.12
1.68	1.65	1.81	1.6	1.77	1.91	1.73	1.7
48.16	40.04	47.77	50.43	43.68	52.07	47.8	53.98
12.41	11.43	12.22	10.95	13.71	13.63	12.96	11.75
71.47	83.47	67.63	88.53	74.45	77.47	92.55	93.14
78.71	61.69	64.47	66.1	73.15	72.27	56.49	57.77
12.19	13.16	12.97	13.35	12.05	13.6	12.14	11.52
9.71	11.49	10.86	9.18	10.39	11.07	10	9.89
40.39	44.7	49.01	51.95	46.82	49.07	47	45.7
38.77	37.88	47.05	46.83	43.76	38.22	50.09	48.7
31.94	33.8	39.81	41.06	32.2	45.13	47.54	49.78
28.16	28.81	29.32	26.17	26.14	26.47	27.09	24.64
31.47	32.78	34.68	28.9	29.48	27.46	31.19	30.33
31.33	38.14	38.61	43.36	40.64	35.53	38.91	37.85
170.02	186.15	179.19	188.58	176.15	179.7	168.59	181.14
154.62	135.32	138.92	149.52	141.31	165.2	145.67	117.67
4.08	3.48	3.2	3.54	3.52	2.98	3.48	3.8
61.54	70.67	60.18	74.99	80.99	80.08	80.85	74.01
61.32	60.24	77.29	55.45	72.21	55.3	73.78	63.23
22.55	16.62	20.94	22.94	24.85	26.86	19.99	22.92
25.67	25.78	22.48	20.59	26.1	24.32	25.02	26.88
7.16	6.71	7.14	6.48	6.94	6.94	6.86	6.98
8.34	6.98	10.35	8.8	8.79	8.1	8.35	9.6
54.85	48.68	45.42	55.28	52.2	53.71	54.42	56.38
10.11	8.69	10.89	10.53	11.09	10.06	12.1	10.34
8.06	7.84	7.67	8.24	7.58	7.33	7.9	7.09
5.24	5.86	6.14	6	5.53	5.41	5.91	6.64
40.91	30.98	36.73	39.19	28.01	36.32	32.16	34.78
13.35	11.32	11.31	13.89	12.61	13.58	12.73	14.51
31.48	37.67	40.02	32.31	35.92	39.85	39.04	39.09
4.17	4.41	4.68	4.29	4.09	3.68	4.12	4.97
13.97	12.08	14.03	14.75	12.83	13.69	15.06	14.59
11.87	13.17	10.33	11.75	10.12	10.63	11.23	13.56
27.98	30.86	31.69	31.7	26.91	30.59	26.8	28.31
39.08	42.67	42.85	40.39	37.8	40.63	36.82	44.11
30.22	35.32	35.87	38.33	33.29	30.38	30.94	27.26
31.74	30.25	30.34	31.16	29.42	31.15	26.55	26.34
18.91	17.63	22.72	22.7	20.82	18.76	16.11	20.4
2.06	1.79	1.73	1.8	2.26	1.64	1.67	1.86
16.5	17.81	15.38	13.95	15.36	15.67	15.91	14.4
41.99	48.67	48.47	44.86	42.04	47.71	39.84	39.84
22.4	21.87	23.3	20.21	21.7	20.23	21.9	24.02
33.28	32.9	39.07	34.82	35.1	33.62	40.72	42.11
13.22	12.01	11.65	16.99	13.97	15.95	11.69	13.89
78.84	94.58	80.74	84.82	92.02	72.46	116.15	98.07
50.23	37.98	41.57	41.39	40.62	37.54	42.16	46.9
13.14	14.88	12.75	12.26	14.31	13.77	15.65	13.97
29.1	31.63	31.2	29.29	27.66	27.51	25.22	24.63
11.1	15.57	14.92	15.98	9.65	14.15	13.33	11.08
27.45	32.43	26.23	28.46	26.34	27.92	34.96	28.11
17.92	15.72	19.51	14.93	16.4	16.11	15.46	16.11
32.97	33.52	31.9	35.9	32.43	31.06	29.44	27.99
22.6	25.94	24.89	28.7	26.52	25.74	28.97	26.66
6.95	7.53	7.82	10.26	8.38	7.19	7.4	7.45
3.38	3.8	3.62	3.89	3.87	3.76	3.67	3.29
11.39	12.08	9.71	10.11	9.87	9.68	8.52	8.98
11.56	11.22	11.69	12.74	12.61	14.54	11.32	12.42
12.5	15.73	19.05	14.49	18.33	13.4	18.23	16.01
10.22	10.58	11.2	9.84	9.43	8.83	10.31	9.98
13.31	10.42	12.51	12.98	11.59	13.72	10.73	13.44
46.87	55.16	56.08	51.77	44.89	40.23	53.45	48.5
77.49	51.47	75.09	59.3	80.43	69.35	69.32	86.74
23.24	24.1	22.16	22.15	21.63	23.98	19.37	21.31
5.12	4.83	5.53	4.4	5.14	5.41	5.07	5.14
3.85	4.65	4.63	4.72	3.35	4.56	4.01	4.38
29.77	32.84	34.48	32.53	35.75	32.13	30.48	30.23
31.04	32.82	36.04	31.83	35.36	35.67	32.81	33.33
38.11	36.68	31.77	44.58	39.71	31.04	31.97	37.03
19.26	22.67	22.95	22.33	21.15	23.71	22.05	21.4
53	47.04	56.81	53.43	59.92	56.02	53.8	50.86
1.58	1.64	1.72	1.85	1.82	1.75	1.94	1.95
18.99	20.08	18.33	20.9	25.11	18.97	21.53	16.96
25.26	24.83	25.58	22.55	30.27	25.68	27.42	23.59
8.83	9.78	8.91	8.86	8.46	7.21	9.62	9.19
15.9	17.11	15.38	15.05	17.57	17	16.34	14.43
5.35	6.68	5.85	6.26	6.62	5.12	6.84	7.14
13.56	13.42	11.2	13.1	11.6	13.6	15.28	12.85
109.49	104.98	119.76	118.28	116.85	121.01	121.57	113.67
13.56	11.67	13.39	12.18	11.94	13.16	13.11	13.34
28.4	25.46	24.14	27.23	28.94	30.6	30.48	28.69
1.88	1.02	1.91	1.8	1.94	1.84	1.89	1.07
56.51	55.55	60.79	61.39	59.45	60.13	53.14	52.23
26.65	26.99	29.85	26.33	22.31	28.4	28.56	33.72
17.7	19.36	16.65	17.14	15.54	18.33	17.46	18.59
32.93	31.72	30.53	29.53	33.44	31.64	29.27	35.59
10.91	9.71	9.91	11.22	10.04	8.55	10.45	9.57
38.54	40.4	37.81	47.27	42.94	44.74	43.51	40.79
13.12	15.23	12.69	14.52	15.33	16.14	15.88	16.31
36.07	31.17	34.58	27.33	31.67	28.5	37.62	33.06
7.04	6.69	8.21	6.53	6.89	8.03	7.98	8.29
7.71	6.05	7.21	5.68	6	5.75	5.33	6.29
24.55	26.61	23.02	28.73	24.34	27.1	26.37	23.54
39.25	43.63	41.6	43.5	36.33	42.14	39.22	36.82
34.06	56.31	40.96	46.75	42.55	39.48	42.97	40.95
45.09	46.56	48.55	48.28	43.31	36.97	41.44	34.55
3.95	4.77	5.06	3.8	3.47	3.66	3.23	3.48
15.35	19.16	17.77	17.71	13.24	17.73	17.41	18.14
16.77	17.62	14.16	16.15	17.68	16.43	13.29	16.68
27.11	26	37.11	30.97	27.18	30.88	23.75	32.6
49.27	50.29	52.56	50.5	58.42	55.22	53.26	47.23
30.9	22.14	21.77	23.19	23.68	29.53	23.22	29.88
8.97	8.95	9.15	10.52	8.63	9.69	8.48	8.98
2.73	2.86	2.8	2.52	2.83	2.49	2.9	2.81
20.83	20.61	24.2	24.04	23.8	24.27	22.19	19.33
4.94	5.06	4.64	5.43	4.33	4.39	5.22	5.19
16.47	16.71	14.08	16.45	16.35	17.08	19.07	15.2
46.02	48.7	44.2	48.7	41.4	41.68	52.71	50.61
17.84	16.41	20.05	20.82	17.84	20.7	21.59	20.67
60.23	70.72	72.61	60.19	52.22	61.92	49.94	53.51
2	2.35	2.1	2.01	2.24	2.26	2.44	2.35
13.57	12.97	15.48	15.24	17.35	13.63	13.37	15.08
19.06	20.34	20.3	15.65	19.11	19.38	18.86	20.6
4.78	5.19	6.35	5.43	5.94	5.47	4.99	6.03
6	8.22	6.94	7.76	8.88	8.08	7.72	6.76
31.02	32.58	34.85	27.57	32.6	26.89	33.73	33.08
10.92	9.43	12.83	10.31	11.8	12.02	11.58	12.63
3.42	3.28	2.58	3.36	3.97	3.31	3.38	2.88
