12.24	11.82	11.52	11.61	11.68	10.98	10.89	10.03
19.8	17.68	19.85	18.56	19.84	18.51	20.03	19.2
30.19	28.7	29.98	31.51	29.22	28.29	29.93	32.06
9.99	11.12	10.78	13.87	11.09	11.45	11.64	9.95
56.69	54.99	73.57	65.34	55.03	64.6	47.43	56.96
19.27	16.05	17.05	19.45	15.84	16.76	16.98	20.04
20.34	27.53	24.36	25.08	27.98	24.62	30.88	31.47
22.98	25.62	29.85	25.92	23.82	26.84	23.15	26.79
20.87	21.78	23.53	21.52	22.53	22.99	23.5	23.44
11.99	11.64	12.46	12.53	14.1	14.26	12.81	12.4
43.15	40.65	40.55	55.15	48.1	47.15	52.5	40.09
57.27	55.42	48.81	46.33	48.28	47.47	61.43	53.76
32.44	32.68	37.06	32.3	34.32	35.26	29.91	38.42
63.3	65.6	76.91	52.49	82.55	62.73	73.17	67.14
8.19	6.38	6.02	6.7	7.22	7.19	7.28	6.85
14.82	13.16	11.72	14.94	12.67	10.94	12.46	12.2
15.53	13.93	14.38	13.6	11.58	13.72	13.84	15.7
21.66	25.48	25.69	20.31	18.74	19.42	21.46	22.75
21.46	19.23	17.82	21.73	21.65	19.78	17.57	18.59
6.06	6.7	6.87	7.29	6.84	7.42	6.7	6.78
2.52	2.21	2.68	2.13	2.95	3.05	2.5	2.63
2.83	2.93	2.33	2.86	3.24	2.78	3.12	2.9
23.25	22.85	22.71	22.63	21.33	22.52	24.23	24.17
11.33	13.32	12.42	10.13	11.41	11.73	12.02	13.7
4.11	3.59	3.65	4.15	3.49	3.3	3.54	4.1
7.57	7.72	8.36	7.52	7.25	9.25	8.94	7.94
27.22	28.18	28.71	27.18	31.16	28.64	30.85	26.6
35.13	39.41	45.16	40.55	36.34	44.02	44.86	42.41
1.05	1.07	1.06	1.06	1.05	1.06	1.05	1.06
14.29	13.12	14.44	14.89	15.33	13.34	14.69	12.01
38.08	36.13	41.53	41.58	39.44	42.36	40.59	40.32
78.31	80.6	85.04	73.52	70.56	74.48	69.25	71.73
136.72	142.6	132.88	129.57	148.8	147.32	106.47	145.86
2.66	2.58	2.91	2.4	2.63	2.54	2.7	2.94
17.01	16.57	16.72	18.08	17.78	22.01	23.86	14.55
11.01	10.5	7.95	8.92	10.05	9.82	8.66	9.51
30.23	34.48	31.53	32.24	34.89	31.54	36.62	34.48
91.87	101.3	85.49	86.94	90.37	96.82	76.48	102.89
46.49	42.62	39.7	39	43.9	40.13	34.55	37
8.14	11.73	10.06	12.47	9.68	11.48	12.44	11.47
91.91	85.7	114.48	90.68	99.38	98.48	91.46	86.61
30.13	27.24	31.17	28.03	32.03	31.11	26.26	29.56
11.01	11.48	10.68	10.87	11.46	13.38	13.08	10.38
18.95	18.4	19.63	17.64	17.34	17.31	17.8	19.94
10.56	9.65	9.6	9.45	10.62	10.4	9.84	11.7
24.2	21.2	22.93	21.64	22.74	21.25	18.17	18.72
29.74	27.63	36.18	41.84	31.15	32.19	28.6	29.22
78.72	77.51	78.45	82.34	74.14	81.9	70.87	87.87
10.87	9.85	9.57	10.17	11.25	11	8.78	10.6
19.59	22.53	18.8	20.67	27.92	19.06	19.22	18.9
7.85	6.53	7.73	7.75	8.49	6.9	7.8	8.18
15.71	14.84	16.03	16.78	11.92	15.85	14.98	17.55
17.17	16.71	17	17.31	15.9	15.23	15.7	15.95
14.36	13.75	13.29	15.64	14.1	13.31	14.43	14.42
31.93	27.98	35.9	31.84	30.77	30.16	31.69	36.8
77.45	81.03	65.07	67.69	63.16	74.51	65.66	71.86
27.59	33.01	32.19	35.62	30.09	27.58	30.39	30.93
8.07	10.64	9.45	10.21	9.66	11.17	10.32	10.38
7.43	9.49	7.1	6.82	7.53	6.84	9.6	8.65
24.36	26.12	24.18	22.9	20.65	25.81	22.24	19.51
26.93	19.93	22.95	20.74	22.72	27.46	27.36	22.09
28.06	23.04	26.48	24.71	27.53	25.11	27.86	29.46
8.9	6.8	6.05	7.73	7.89	7.9	8.93	7.55
1.78	1.73	1.65	1.72	1.62	1.54	1.5	1.75
19.92	20.1	21.2	18.73	17.37	18.08	20.17	18.43
22.25	20.6	21.16	24.81	21.75	21.02	26.13	23.88
69.28	69.29	59.13	66.26	68.1	69.55	70.22	57.29
4.68	4.76	4.08	5.05	4.43	4.51	4.42	4.91
30.89	34.99	25.51	29.56	31.42	33.17	28.77	27.79
39.69	32.73	34.18	30.11	29.74	26.5	35.7	37.08
19.87	21.37	26.06	21.66	24.06	18.56	23.7	23.23
3.18	3.54	3.61	3.61	3.84	3.64	4.17	3.95
9.57	9.89	9.53	10.81	9.13	11	9.23	10.01
8.67	7.13	7.1	7.31	8.2	8.43	8.38	7.2
9.32	8.46	8.22	7.61	8.39	9.16	9.57	8.77
52.72	60.46	66.32	56.26	51.56	59.65	50.99	53.62
7.26	7.49	6.69	6.73	6.75	6.25	6.35	6.78
31.32	28.45	29.33	30.1	33.84	31.44	30.16	28.69
16.88	15.63	16.86	16.53	15.1	17.26	18.81	17.02
13.59	14.74	18.14	15.16	14.46	16.6	15.44	16.33
117.69	103.65	113.34	125.69	113.54	133.09	145.14	127.7
16.03	16.28	23.55	19.07	20.42	22.43	22.7	19.19
43.93	41.39	45.86	38.66	48.52	56.3	56.72	50.59
93.62	82.28	78.49	84.53	83.89	96.36	81.39	81.88
6.99	6.95	6.2	6.51	6.64	7.44	7.7	7.31
15.31	17.4	18.13	16.68	17.12	17.03	15.62	13.54
75.52	80.58	76.6	86.3	76.96	79.92	74.77	89.16
151.43	125.08	156.41	127.76	138.76	153.5	141.42	121.33
79.47	79.11	86.64	74.52	84.45	96.5	92.42	85.93
68.9	79.49	78.21	78.39	74.62	62.24	78.74	82.48
18.55	16.65	14.52	15.36	19.55	18.53	14.11	17.38
52.53	58.79	49.28	50.47	55.56	51.98	56.45	60.58
10.91	9.12	10.75	9.85	8.31	9.49	8.53	8.25
13.19	14.7	17.98	14.76	14.68	16.71	13.19	15.94
114.17	106.12	86.56	118.27	113.71	110.75	134.14	104.8
31.18	27.71	24.85	29.81	28.67	29.05	29.01	29
58.43	56.5	56.42	53.52	55.78	49.87	51.22	43.52
1.14	1.01	1.92	1.16	1.18	1.14	1.98	1.99
3.56	4	4.42	4.45	4.76	3.66	4.42	4.02
4.71	3.95	5.06	5.77	5.17	4.7	4.4	4.51
45.48	51.72	43.85	55.52	44.04	45.81	45.6	50.89
11.98	13.04	16.41	14.12	15.14	17.82	15.29	13.7
35.86	37.52	38.98	36.1	38.87	40.45	37.39	39.25
10.86	12.44	13.25	12.87	13.83	11.35	12.43	12.11
7.96	7.33	7.04	7.21	6.7	5.57	6.27	6.57
27.61	24.9	29.81	29.01	27.04	31.36	32.3	29.52
30.92	31.74	33.58	31.01	32.88	26.45	34.81	27.76
1.59	1.41	1.55	1.57	1.51	1.45	1.57	1.51
40	45.91	46.13	51.47	53.65	48.66	48.23	44.31
2.18	1.98	1.91	2.2	2.16	2.32	2.62	2.35
16.15	16.5	16.62	17.54	15.6	16.86	14.37	20.02
48.75	42.63	46.31	41.85	36.96	38.07	46.21	43.43
2.16	2.05	2.74	2.62	2.67	2.15	2.51	2.39
38.95	37.12	35.15	39.23	32.91	39.44	38.45	36.94
6.99	7.75	8	8.57	8.64	8.57	7.95	9.05
57.91	56.81	63.77	55.66	61.02	50.47	50.16	59.65
22.33	22.68	21.63	19.53	22.13	19.68	23.17	19.78
22.96	26.02	19.45	18.57	25.51	24.97	20.13	19.96
58.12	49.33	49.27	48.37	60.92	53.91	53.44	45.25
52.7	58.07	49.38	47.07	41.53	54.77	51.69	51.53
17.24	18.25	14.04	14.06	18.09	16.18	17.25	16.14
106.35	93.72	102.95	90.66	82.57	102.29	95.16	103.65
25.88	21.8	23.15	32.58	23.73	25.83	31.59	20.81
28.78	27.49	24.59	23.19	22.05	25.77	26.22	29.78
2.28	2.76	2.29	2.44	2.25	2.5	2.14	2.46
1.39	1.52	1.33	1.53	1.57	1.51	1.45	1.06
31.51	26.23	33.33	34.57	31.7	30.55	30.22	33.35
2.9	2.31	2.66	2.86	2.56	2.73	2.4	2.84
20.05	16.59	18.14	19.45	16.9	16.97	19.9	19.21
4.26	3.79	3.57	4.06	3.79	4.47	4.35	4.62
1.1	1.11	1.1	1.11	1.1	1.1	1.1	1.1
10.97	10.66	12.43	10.45	14.51	12.08	12.12	11.79
39.28	31.16	42.12	35.22	33.93	34.53	37.92	35.78
38.2	30.3	35.17	39.79	34.03	34.23	40.72	34.96
55.96	53.01	53.58	53.09	48.33	53.58	57.34	49.06
7.31	7.07	7.07	7.65	5.79	7.07	7.21	9.23
12.81	12.51	13.44	12.55	10.93	12.02	12.92	11.79
36.25	35.76	41.43	41.76	46.87	46.19	50.19	58.87
16.21	15	16.66	16.36	15.6	16.39	16.11	16.2
9.5	10.28	9.66	9.56	12.21	7.73	10.29	10.08
45.32	43.9	37.82	38.01	34.85	43.56	41.02	31.86
57.94	68.97	54.01	66.8	68.48	62.52	57.53	61.56
173.56	147.1	221.05	216.24	188.57	148.34	173.74	162.21
16.11	15.38	14.82	14.27	18.01	15.43	18.09	14.53
9.8	13.26	11.39	11.82	10.79	11.01	11.27	13.64
47.23	47.29	54.3	60.41	44.16	46.21	54.31	62.63
56.93	63.44	60.43	52.63	71.58	64.57	59.34	61.68
3.98	3.72	4	4.2	3.13	4.22	3.97	3.81
22.97	18.71	23.06	19.94	21.74	18.42	21.26	24.04
18.25	17.66	25.85	19.12	20.06	20.65	23.02	20.6
68.58	74.2	62.96	67.11	59.51	59.48	55.62	64.45
30.67	36.81	34.4	33.05	33.42	35.13	34.75	31.04
101.47	75.96	75.61	75.77	80.21	88.05	81.08	75.42
20.12	22.07	21.46	21.45	21.88	23.26	23.52	20.94
17.84	18.11	17.36	18.69	18.31	19.51	17.76	17.78
29.61	26.98	26.84	30.93	27.46	30.31	23.69	30.46
3.58	3.58	3.82	3.3	3.42	3.19	3.4	3.71
22.1	28.93	24.41	24.86	26.48	31.95	32.46	26.39
89.34	90.64	76.4	88.98	88.32	87.46	93.06	92.27
28.29	28.03	27.98	31.55	31.62	31.72	24.85	29.57
31.22	35.19	32.09	44.75	35.6	33.42	40.87	34.6
32.46	34.63	28.07	24.63	30.42	31.05	31.25	26.64
43.06	53.18	46.71	55.39	53.97	56.2	45.46	45.38
50.21	46.47	52.03	50.41	36.08	49.41	49.2	38.38
71.5	65.55	65.93	75.93	61.64	65.91	79.25	69.38
17.11	18.18	20.54	15.53	18.11	14.8	14.76	18.69
7.96	9.15	8.24	8.18	9.89	9.19	10.67	7.93
32.08	37.76	30.87	28.38	33.17	35.04	33.84	36.04
115.13	120.37	145.94	121.29	156.12	136.02	147.72	129.79
89.63	60.58	69.77	80.22	76.87	69.53	70.21	74.67
17.19	16.5	21.21	18.28	14.11	17.72	18.79	14.74
35.57	35.52	36.35	35.5	34.95	29.03	30.42	34.78
33.94	31.49	28.54	33.73	30.28	34.85	39.26	34.72
21.77	20.71	26	24.82	27.19	22.6	23.83	21.68
12.2	11.18	12.27	11.42	11.72	9.94	10.29	12.83
23.55	23.12	19.43	19.71	22.08	20.93	21.99	20.82
35.08	31.8	34.72	36.65	22.81	31.93	27.18	30.05
8.37	7.66	6.97	8.62	6.48	5.86	5.91	6.78
2.74	2.99	3.09	2.48	2.16	3.21	2.59	2.85
19.09	20.25	20.98	21.48	17.81	18.09	17.61	18.2
37.98	37.01	33.63	40.92	39.04	43.7	38.7	38.59
26.45	24.52	28.05	30.67	27.62	21.37	27.21	28.36
94.27	82.43	95.94	115.45	106.79	93.42	90.53	113.41
50.87	45.74	44.78	53.59	57.34	54.04	53.74	53.16
12.77	16.79	17.14	16.66	15.79	14.13	15.77	16.87
18.76	20.76	19.29	19.77	21.24	21.96	20.21	19.32
48.09	44.73	46.85	53.71	44.76	43.26	47.07	48.19
2.12	1.87	1.89	1.95	1.67	2.42	2.02	1.88
28.87	29.24	34.91	28.5	32.13	30.47	34.23	39.69
2.32	2.51	2.17	1.86	2.49	2.23	1.9	2.13
23.29	22.42	21.75	24.26	21.15	25.71	24.19	25.02
1.26	1.03	1.85	1.03	1.94	1.87	1.89	1.13
12.66	12.13	10.55	12.28	7.53	11.89	14.86	11.76
35.46	27.94	31.49	31.57	34.03	27.22	28.67	35.1
22.12	23.64	19.91	20.58	22.35	20.96	20.05	19.93
24.2	19.31	17.58	18.13	20.42	20.73	19.77	20.15
34.26	32.17	29.72	31.22	34.56	30.51	34.21	29.43
4.81	5.17	4.88	5.81	5.06	4.85	4.56	4.51
2.55	2.35	2.31	1.92	1.83	2.34	2.52	2.65
25.7	29.69	33.49	29.78	32.64	31.14	30.07	36.2
3.69	3.43	3.78	3.95	3.15	3.53	3.4	3.55
31.72	24.98	24.41	24.93	25.76	23.54	29.81	26.71
21.86	21	21.04	19.83	19.56	21.61	19.07	21.75
17.64	16.87	18.54	21.61	22.49	18.45	21.55	19.11
6.3	5.57	5.71	6.34	6.1	5.55	5.83	5.5
4.72	5.05	4.55	5.02	4.29	5.01	4.99	4.47
20.76	23.08	19.26	18.13	17.6	17.98	23.09	21.93
25.9	25.71	25.79	26.05	22.46	27.21	31.62	27.07
50.87	47.68	61.22	57.1	48.96	66.5	43.97	50.04
42.13	40.01	42.23	34.39	42.61	47.42	40.26	33.84
8.64	7.55	8.85	7.44	7.3	7.49	7.98	8.37
30.61	33.46	31.79	41.43	29.48	37.45	34.72	30.87
16.12	15.46	14.79	16.61	17.97	16.13	13.73	15.96
2	2.03	1.9	1.84	2.02	1.74	2.21	2.22
45.19	44.45	42.44	40.8	50.17	48.3	40.31	47.67
95.48	88.71	83.63	80.54	79.93	68.52	66.2	79.45
24.33	20.96	23.97	28.54	19.81	23.03	28.25	18.53
70.54	73.62	73.99	64.83	68.92	59.02	66.41	53.43
38.04	31.97	37.55	40.07	35.62	31.51	31.06	35.24
74.81	79.17	87.74	74.98	84.32	79.21	79.47	76.34
53.33	42.17	42.91	37.7	47.68	45.24	40.35	48.63
57	55.17	57.89	65.56	61.96	56.01	61.08	58.15
21.2	21.39	20.47	23.98	21.53	22.43	22.25	22.98
4.52	5.65	5.37	5.06	4.75	4.93	4.47	4.81
29.67	30.04	36.19	34.77	36.51	37.24	32.8	35.14
82.06	74.11	95.24	100.06	79.17	67.27	74.42	74.44
10.73	12.68	11.64	11.77	9.47	10.51	12.26	10.63
16.04	15.48	14.24	13.89	13.21	12.32	12.04	13.1
52.23	49.09	50.61	54.57	49.93	51.56	43.34	55.03
6.59	5.02	5.66	6.39	5.23	4.95	5.55	5.46
2.82	2.7	3.07	2.76	2.72	3.4	2.54	3
19.54	13.98	18.38	19.23	21.68	17.43	18.53	15.89
13.21	11.1	11.98	10.28	11.95	10.84	12.03	13.62
1.48	1.37	1.91	1.76	1.86	1.62	1.69	1.63
33.31	37.59	41.96	39.28	37.21	39.17	44.23	40.82
8.35	7.28	8.85	8.96	7.32	8.41	9.56	8.15
47.96	46.13	47.19	33.71	44.25	44.24	54.34	34.74
14.41	12.4	13.14	13.88	14.06	11.83	10.46	13.17
39.88	34.1	34.31	42.41	33.98	37.01	38.36	42.89
59.29	63.81	58.68	51.56	61.24	61.85	51.68	56.46
8.54	8.48	9.36	11.37	10.5	8.93	9.91	10.58
28.05	31.47	30.77	33.42	29.83	31.46	32.2	27.25
6.67	6.78	6.78	6.34	6.44	7.04	7.12	5.81
4.99	5.34	4.08	5.24	4.08	4.83	3.79	3.92
42.23	42.39	38.93	38.17	44.68	42.97	37.28	48.03
80.43	88.32	90.8	81.56	79.01	84.62	72.53	89.78
13.87	13.6	15.02	14.91	15.38	14.36	13.1	13.24
6.87	6.77	7.29	5.8	6.88	4.78	6.36	6.21
49.62	64.72	65.59	51.65	71.23	68.16	58.36	55.09
17.39	22.9	21.29	21.89	20.85	19.91	17.72	17.5
48.56	54.49	54.74	56.33	41.99	41.33	55.4	49.94
66.01	64.15	65.79	64.39	55.56	59.53	76.58	64.81
32.3	36.16	35.08	39.9	36.22	34.33	38.82	31.15
48.9	41.39	47.33	39.03	42.08	35.41	38.61	43.04
12.67	13.89	13.68	13.36	13.66	16.65	14.79	13.4
107.57	99.93	121.52	117.15	145.59	130.47	127.96	132.18
179.06	180.96	169.57	180.26	155.76	166.24	157.23	171.9
27.4	31.41	33.14	26.26	30.95	33.93	30	29.39
143.49	153.06	151.32	144.29	161.25	145.53	141.41	157.32
25.47	23.64	20.46	20.96	26.62	26.32	25.91	30.23
25.47	22.52	22.94	25.03	24.1	23.71	22.4	22.45
12.9	10.1	12.01	9.36	11.57	10.73	12.42	9.6
19.51	18.36	16.53	20.75	20.69	23.36	17.23	17.84
18.33	17.85	20.12	19.65	17.84	20.15	18.58	20.39
62.96	82.85	69.05	65.97	70.63	79.88	69.07	64.42
86.2	86.85	95.16	97.1	96.68	94.11	94.64	90.18
45.47	47.64	48.09	50.87	55.31	49.57	52.44	56.75
8.87	8.69	9	8.85	8.28	7.99	7.45	7.9
77.24	90.6	91.54	89.04	89.99	105.84	86.91	79.52
44.85	39.01	42.73	40.72	40.58	40.92	40.3	38.27
33.22	31.8	32.05	34.44	29.17	29.62	30.03	31.22
8.48	7.54	8.61	8.61	7.35	8.39	7.42	7.13
59.96	62.76	72.89	75.7	67.32	75.74	68.75	85.22
5.91	5.11	5.58	5.5	6.34	5.82	5.39	6.49
4.49	4.19	4.72	4.4	4.11	4.86	5.25	4.43
23.61	22.28	21.81	18.03	22.61	23.64	22.51	24.78
89.75	74.58	91.95	82.27	81.24	78.61	93.38	72.14
24.94	17.34	24.39	18.94	22.86	22.6	20.01	23.28
19.77	18.57	17.65	24.45	21.99	17.17	27.76	21.33
49.03	70.07	58.87	67.55	64.01	66.39	54.59	59.36
4.46	4.85	4.16	4.35	3.56	3.74	4.06	4.25
37.86	42.3	49.25	53.03	44.42	46.96	43.9	36.22
16.27	15.93	17.93	16.45	14.47	19.13	20.39	19.76
42.72	42.33	35.2	37.41	41.89	39.86	49.23	38.3
1.47	1.54	1.43	1.48	1.35	1.5	1.46	1.44
2.61	2.47	1.9	2.25	2.22	2.41	2.08	2.25
121.83	112.79	103.27	100.34	113.8	105.3	125.43	108.96
18.23	17.57	18.79	23.57	15.37	22.72	17.41	21.09
33.31	35.75	44.89	32.19	34.36	36.86	32.84	36.52
8.66	8.14	8.19	9.53	8.9	8.34	8.75	11
107.25	105.59	125.37	108.11	113.34	92.01	130.01	121.78
18.08	17.57	16.78	14.21	15.5	15.08	18.83	15.14
1.62	1.7	1.66	1.65	1.64	1.65	1.58	1.61
14.26	12.48	12.84	13.21	12.87	13.37	14	14.63
47.76	44.25	43.05	40.03	43.73	41.43	34.47	30.97
162.58	144.49	168.14	144.95	139.28	160.94	142.05	133.92
21.25	16.7	20.4	24.63	23.57	21.57	25.31	18.54
3.99	3.35	3.99	3.87	4.04	4.86	3.42	4.01
11.38	13.05	10.32	12.31	10.84	10.91	9.33	12.05
5.96	9.13	7.32	8.31	7.89	7.32	7.9	6.69
18.6	22.11	18.83	19.18	21.89	23.11	22.31	22.4
1.62	1.71	1.69	1.63	1.7	1.75	1.61	1.72
46.25	51.22	49.39	41.62	47.44	44.4	49.35	42.31
1.82	1.92	1.92	1.95	1.75	1.85	1.83	1.1
55.64	42.3	48.5	45.7	54.54	45.33	51.72	43.01
39	58.64	56.13	46.29	55.47	46.75	49.04	51.46
23.72	18.98	16.72	21.71	22.33	24.15	22.24	22.02
11.46	13.6	15.02	15.98	15.18	16.53	13.81	15.2
35.26	39.03	46.54	37.4	41.24	35.77	37.91	31.12
25.98	24.65	25.48	26.67	22.97	23.83	30	22.3
18.71	19.43	17.84	16.97	17.08	16.91	15.81	17.6
10.57	13.06	12.31	11.17	11.3	10.53	11.54	11.55
12.85	13.53	11.36	11.47	11.46	11.21	11.41	12.38
37.08	34.8	37.41	35.06	39.6	38.65	41.2	37.17
54.97	52.14	51.05	50.56	49.97	56.03	58.95	54.57
83.48	86.66	79.26	112.01	83.24	88.82	84.83	94.39
31.33	36.31	32.33	30.08	30.44	29.95	27.62	30.31
74.55	76.67	87.94	81.86	78.09	71.27	75.33	84.19
14.47	16.48	16.15	12.87	15.18	16.9	15.6	15.59
13.65	11.91	11.56	11.56	11.2	11.69	12.25	11.53
22.22	19.6	21.13	21.78	29.45	21.86	19.3	21.45
34	34.38	35.55	34.62	40.52	34.82	38.8	38.49
8.84	7.94	8.28	8.47	9.76	7.36	9.15	9.06
12.07	11.45	10.45	9.94	8.57	9.82	10.96	9.75
40.71	50.32	48.51	51.45	42.55	45.45	43.14	57.1
27.79	23.54	24.39	29.21	22.54	21.29	23.8	24.89
41.52	51.77	49.01	46	51.16	42.42	44.88	40.68
90.13	87.82	72.55	77.33	80.24	81.63	86.07	72.76
2.4	2.39	2.54	2.16	2.29	2.36	2.2	2.46
2.89	3.26	2.64	2.91	3.51	3.45	3.69	3.14
28.95	29.79	29.49	24.56	31.03	27.79	34.25	32.03
2.98	2.99	2.7	2.62	2.33	2.27	3.19	2.7
23.22	26.63	26.4	27.68	26.37	24.6	22.76	21.44
4.9	3.9	4.48	5.36	5.23	5.07	5.02	5.38
65.13	64.55	72.27	62.25	48.16	59.54	69.34	65.11
28.95	29.69	32.76	21.5	20.85	30.59	27.59	25.16
18.01	15.62	20.24	16.05	18.7	16.1	21.52	18.18
23.43	23.97	24.42	21.7	22.84	18.56	24.74	26.91
11.26	13.07	12.88	13.74	13.18	14.94	13.41	12.14
49.48	51.11	44.16	45.32	44.45	50.07	51.3	47.33
24.57	21.39	17.16	23.91	20.68	16.79	19.83	22.59
66.89	56.71	66.15	58.54	73.32	63.11	57.32	61.85
7.93	7.08	6.9	7.7	7.39	6.47	8.35	6.91
4.8	4.73	4.42	4.64	4.67	4.56	4.56	4.36
6.63	5.38	5.78	6.36	5.16	7.52	6.86	6.79
25.73	22.06	22.02	20.92	24.84	20.6	23.86	24.61
1.25	1.25	1.25	1.32	1.3	1.26	1.31	1.26
81.17	77.91	86.73	74.92	89.55	89.72	91.8	100
30.66	47.85	36.47	42.51	41.33	33.43	46.74	43.93
60.75	69.7	72.35	56.09	64.9	59.73	67.11	59.41
25.66	22.45	30.68	23.41	30.01	25.23	24	31.54
37.38	39.46	47.98	43.19	46.32	42.14	40.25	36.6
1.45	1.34	1.4	1.34	1.38	1.31	1.18	1.31
36.7	38.2	37.81	37.96	47.04	38.13	39.42	30.6
33	32.9	34.29	34.96	40.68	37.19	34.72	37.58
10.73	11.61	13.77	8.93	12.45	10.05	9.93	9.43
156.11	144.72	141.87	164.21	164.34	151.21	138.36	151.57
40.88	43.55	42.47	42.56	41.56	38.74	43.51	53.14
21.46	22.77	28.56	18.85	19.07	19.33	21.9	19.39
3.11	3.27	3.67	2.85	3.16	2.97	3.31	3.05
3.95	5.66	3.58	4.87	5.46	4.38	5.42	4.35
61.51	56.36	64.66	53.56	58.8	52.16	54.7	55.56
5.71	6.43	5.81	6.16	6.9	8.38	5.98	6.43
102.9	86.39	93.73	103.3	82.42	106.71	89.65	86.63
11.94	11.34	8.99	10.96	11.99	9.98	12.91	10.99
45.4	46.22	45.46	43.42	52.51	44.75	49.68	41.18
70.91	76.19	70.41	80.42	81.01	61.19	67.7	81.29
30.13	30.67	33.26	31.19	30.72	30.68	24.26	26.26
13.84	16.16	13.48	18.19	14.61	15.07	13.15	15.09
46.83	51.61	57.8	42.94	49.97	52.83	64.01	53.19
7.34	7.71	7.07	7.12	7.39	6.84	6.72	6.3
18.78	16.54	19.12	15.88	18.36	15.3	14.41	15.71
8.89	8.33	10.29	9.06	7.76	7.64	8.43	8.45
44.69	50.45	32.82	44.67	48.37	53.06	44.16	43.43
5.75	5.57	5.72	5.41	6.13	4.38	6.42	6.02
87.55	82.74	87.47	93.4	79.88	98.16	92.48	90.08
24.78	16.82	17.77	21.97	21.09	21.04	18.32	17.46
2.3	2.01	2.39	2.43	2.43	2.22	2.17	2.32
3.28	3.66	3.31	3.84	3.39	3.18	3.58	3.22
48.59	38.51	43.3	45.67	37.5	41.72	46.29	45.85
1.45	1.57	1.58	1.58	1.63	1.55	1.48	1.57
5.86	6.37	6.15	5.6	7.12	4.87	7.24	6.81
58.72	61.86	61.07	59.93	60.03	60.71	65.42	68.43
28.9	24.18	21.67	24.39	32.24	23.84	25.37	28.33
31.57	24.83	31.37	31	29.16	26.52	26.19	30.7
63.87	51.85	64.84	62.94	61.42	67.74	63.87	71.11
37	47.62	44.2	31.16	39.58	37.42	33.44	34.57
30.19	27.02	32.91	29.28	30.48	33.75	30.65	28.01
32	38.58	31.06	39.78	38.02	35.68	30.19	36.73
15.57	13.93	14.02	14.56	13.31	13.21	10.16	13.31
2.34	2.14	2.5	2.21	2.57	2.39	2.21	2.34
25.88	20.23	25.49	26.67	24.44	25.31	23.85	23.8
7.69	6.15	6.85	6.73	5.91	7.78	7.21	6.56
17.73	16.72	14.16	14.56	16.78	19.52	14.34	16.73
72.14	71.1	82.77	64.04	61.45	74.89	82.7	68.98
7.24	7.12	7.07	8	7.94	6.25	7.31	7.39
47.46	55.44	49.9	51.75	47.67	58.15	46.76	57.28
3.76	3.39	3.78	3.24	3.58	3.99	3.37	3.62
24.53	26.19	30.17	22.47	27.61	28.36	27.91	24.21
25.72	24.2	27.35	23.43	25.33	26.06	27.77	23.71
17.9	17.9	19.96	19.83	17.73	22.02	17.92	17.55
4.11	5.75	5.12	4.3	4.86	5.23	5.3	5.62
11.5	12.93	12.43	11.43	11.7	11.72	14.14	12.13
31.32	42.38	31.5	36.79	34.98	34.83	34	37.88
38.66	52.34	48.29	45.16	46.66	40.39	34.54	47.35
7.94	7.65	8.56	8.44	8.02	7.55	9.3	6.99
2.2	2.81	2.55	2.57	2.22	2.33	2.29	2.49
52.21	50.89	50.96	47.76	37.27	48.39	45.74	46.9
48.3	73.61	68.89	61.18	69.64	62.22	64.39	64.85
21.11	19.22	24.81	18.48	20.05	17.87	22.35	21.82
11.38	11.82	12.06	9.79	12.71	13.72	10.97	11.62
38.61	34.3	35.79	34.9	36.26	31.53	38.49	39.54
11.5	14.3	11.3	15.77	16.4	13.89	15.24	14.18
32.02	33.02	28.42	30.19	31.99	28.38	34.24	32.21
17.7	15.8	19.58	16.91	17.05	21.75	17.32	14.31
45.33	49.73	45.18	37.88	38.09	35.29	42.17	44.83
65.87	52.13	46.51	64.29	69.33	58.69	66.79	59
23.39	23.06	20.8	23.24	26.63	22.96	21.88	19.88
3.55	4.2	4.47	4.32	4.64	4.63	4.05	4.1
27.34	25.86	29.13	27.75	25.95	30.62	24.62	27.89
74.73	65.21	59.06	77.78	84.67	67.88	54.65	79.52
4.66	4.01	3.82	4.2	5.64	4.37	4.05	4.52
1.76	1.7	1.77	1.69	1.84	1.7	1.63	1.72
164.34	118.63	134.86	158.2	150.53	127.72	145.65	142.55
14.86	12.91	12.64	13.92	13.03	14.16	13.36	14.11
68.6	87.33	75.31	66.24	75.41	71.16	69.72	81.19
48.05	50.56	45.19	52.09	55	51.39	47.88	56.48
13.14	11.86	13.81	12.18	12.78	9.52	9.56	10.7
58.25	48.33	50.97	51.76	54.97	69.13	48.01	63.62
9.87	9.08	11.69	9.53	9.8	10.58	11.74	10.22
20.55	28.49	27.16	25.76	25.33	29.3	26.27	24.73
6.61	5.76	6.88	6.69	5.1	6.94	6.43	6.54
13.8	13.61	13.47	12.99	15.35	13.76	12.25	14.87
37.19	34.04	30.98	29.57	37.19	36.41	33.21	37.82
16.61	12.1	15.05	14.77	14.18	14.05	15.14	12.17
55.7	58.4	49.48	67.51	58.88	71.44	61.02	56.54
15.05	13.22	14.34	14.17	14.75	11.37	16.43	13.79
9.12	7.71	8.57	8.49	8.13	7.23	8.51	6.29
12.48	10.17	10.07	12.71	11.98	11.57	10.23	12.17
36.86	30.02	30.17	32.77	33.6	32.71	34.88	37.04
12.05	12.97	14.05	11.67	15.59	15.32	13.77	11.55
33.21	36.26	33.41	33.54	33.43	40.25	43.04	35.24
25.67	27.45	24.52	29.14	26.62	22.44	27.5	21.29
15.85	16.3	17.65	19.64	19.98	14.74	17.16	18.8
8.66	9.81	8.67	9.47	11.39	10.57	9.07	8.19
2.55	2.34	2.57	2.48	2.58	2.81	2.73	2.42
50.24	55.44	53.35	59.94	47.44	51.91	45.69	47.33
103.02	96.33	117.87	110.08	98.52	104.19	86.42	96.16
30.27	33.04	34.36	33.1	31.21	26.5	27.57	30.2
7.51	7.55	7.88	6.03	6.79	7.1	7.26	7.96
60.62	57.53	51.41	58.2	54.37	65.83	57.58	73.4
24.81	33.34	23.21	25.89	31.66	28.05	28.3	26.14
4.7	3.9	4.25	3.8	3.55	4.23	4	4.65
34.36	36	40.28	40.51	40.24	30.88	31.07	35.17
136.44	128.54	123.84	107.8	147.87	124.55	104.64	124.35
4.95	4.93	4.15	4.63	4.27	5.04	4.4	4.98
22.06	18.02	19.37	20.88	20.37	22.28	20.72	23.83
1.1	1.95	1.97	1.05	1.05	1.98	1.14	1.96
38.11	37.94	37.05	35.37	35.05	37.4	35.48	45.14
42.34	43.87	38.97	49.47	46.69	42.47	46.61	43.01
30.76	29.69	25.24	28.75	22.62	27.91	32.54	28.7
8.26	9.24	7.86	8.13	7.65	8.64	7.56	7.88
1.92	1.58	1.66	1.67	1.68	1.82	1.36	1.7
5.83	5.32	6.83	4.28	5.25	6	5.68	5.3
83.9	84.17	77.97	97.57	88.49	98.77	75.9	94.21
37.16	35.06	36.23	36.29	37.92	34.35	37.68	44
38.62	36.95	37.86	44.08	35.73	41.24	42.54	37.19
19.45	18.33	18.19	21.03	17.85	19.56	21.94	21.86
23.64	23.45	25.08	24.26	25.43	25.67	21.81	24.88
29.54	35.23	38.92	29.47	35.13	34	36.88	35.52
34.54	37.4	28.09	40.75	37.31	36.14	37.32	46.01
20.7	16.8	24.44	17.82	17.33	23.76	19.15	23.2
44.56	45.71	45.34	44.51	48.48	46.42	36.1	46.91
10.29	10.12	10.69	9.61	10.86	9.92	9.92	10.84
24.13	28.9	24.55	23.23	27.33	25.88	26.8	28.4
14.35	13.98	11.1	12.86	15.58	12.21	13.1	13.26
10.65	7.77	9.32	10.07	10.1	9.54	9.35	12.14
2.39	2.71	2.72	2.38	1.88	2.26	2.57	2.46
34.95	36.75	37.46	41.18	28.65	38.69	36.36	29.95
27.39	23.57	23.61	26.71	24.65	24.68	27.22	25.82
7.86	7.1	7.57	6.71	9.21	7.96	7.92	7.22
34.6	34.54	40.26	28.74	34.3	31.21	30.44	27.7
56.71	44.71	46.67	48.23	50.3	50.18	46.88	48.95
18.65	23	23.18	15.98	19.21	23.78	20.52	22.8
34.2	37.4	37.82	31.98	27.52	33.18	35.72	33.25
20.71	17.71	15.68	22.11	28.08	20.86	22.98	22.03
2.56	3.88	3.16	3.17	3.41	3.96	3.6	3.61
86.39	92.01	90.77	70.58	83.29	73.29	81.05	101.59
121.69	110.6	112.84	137.53	136.63	101.97	123.23	109.3
5.13	6.26	5.06	5.08	5.4	5.25	6.25	4.79
9.48	9.41	9.5	9.02	9.5	8.9	9.56	10.17
36.59	29.99	36.01	33.8	29.84	33.53	40.64	43.02
4.9	5.32	4.53	4.57	4.32	4.84	5.02	4.75
67.24	69.18	69.53	72.56	66.3	74.11	59	84.3
7.89	6.22	6.86	7.65	7.5	7.2	7.3	7.73
5.25	5.6	5.49	5.47	5.55	4.86	5.42	4.81
62.9	53.09	48.73	53.85	37.54	49.24	54.58	67.98
9.98	11.99	10.22	9.43	11.75	11.34	9.46	11.11
32.74	28.44	32.48	30.8	28.21	29.48	33.98	27.56
14.96	13.2	13.68	12.89	14.42	13.63	14.8	15.77
6.27	6.64	6.67	7.55	6.33	7.26	7.13	6.82
49.55	52.44	50.43	58.45	48.12	59.87	60.93	57.36
19.17	16.51	14.47	18.81	18.65	14.62	17.51	18
62.96	62.19	60.38	56.96	73.6	58.03	60.59	61.44
44.47	45.26	38.2	45.93	38.76	48.11	39.52	39.02
48.23	53.17	56.85	52.55	47.91	47.84	56.07	54.54
35.5	36	30.03	33.34	29.37	28.23	36.72	26.68
7.13	9.32	9.52	9.17	10	9.97	9.31	9.34
12.81	13.67	11.87	12.91	11.63	14.49	11.48	15.92
16.68	14.36	16.76	18.35	16.48	17.41	17.38	13.91
24.47	26.3	21.01	21.09	21.85	21.87	22.02	22.23
12.47	15.05	11	17.33	13.8	13.02	16.28	15.63
15.18	11.73	14.43	13.75	14.7	13.87	11.63	12.94
73.66	74.93	86.88	74.67	70.7	81.17	70.61	70.07
12.02	9.38	10.33	11.87	10.1	9.77	8.36	10.72
47.64	41.28	43.63	38.12	43.24	43.31	41.13	36.5
1.19	1.25	1.13	1.51	1.36	1.39	1.32	1.13
18.51	22.8	22.06	20.63	20.98	19.95	19.22	21
1.92	1.88	1.95	1.88	1.11	1.85	2	1.75
67.29	58.91	68.49	64.99	82.59	69.71	63.36	48.81
48.23	48.98	45.37	56.48	59.13	49.65	51.39	44.3
1.69	1.7	1.72	1.76	1.65	1.6	1.8	1.67
24.43	30.36	25.26	24.24	25.99	26.97	32.89	29.16
17.95	14.45	15.29	17.02	14.6	13.35	18.06	15.91
67.76	77.49	77.35	79.84	80.57	87.72	83.25	74.02
16.6	16.52	9.75	15.69	15.26	14.5	15.85	11.86
37.49	29.78	33.56	28.55	40.15	36.75	34.75	30.24
3.28	3	3.41	3.08	2.62	3.21	2.5	3.18
19.41	17.82	20.19	18.28	18.54	17.54	20.62	21.08
11.69	13.26	10.93	13.01	11.89	14.76	10.56	14.91
30.32	28.21	24.98	26.26	25.72	24.94	22.77	24.85
56.71	52.73	54.98	58.77	55.66	65.11	61.29	65.91
35.8	35.31	30.89	28.37	32.72	38.4	40.86	40.9
6.27	6.49	5.41	5.63	5.99	4.87	6.96	5.62
20.81	25.74	29.9	20.21	23.61	22.44	18.81	24.37
33.1	38.11	36.4	50.51	41.04	35.55	40.13	29.97
24.92	24.88	28.45	23.56	23.78	26.2	23.16	27.14
12.57	14.3	13.91	13.85	14.6	15.42	11.13	14.21
28.62	24.7	24.99	23.62	21.54	24.62	19.62	24.58
31.42	36.02	31.37	33.68	34.33	37.67	35.35	43.79
25.21	28.04	29.98	29.85	31.5	31.2	28.17	25.76
34.65	37.47	35.41	43.33	36.79	30.82	33.28	36.44
15.36	15.92	14.7	17.84	17.39	14.91	16.8	19.36
55.94	66.86	65.49	72.38	57.11	72.64	69.76	79.39
25.08	24.09	21.8	27.03	27.45	25.54	23.68	24.09
12.97	14.92	14.84	13.14	14.59	16.59	14.69	14.35
4.5	5.31	5.36	6.93	5.28	5.22	4.84	4.55
32.17	34.74	26.52	32.36	38.55	35.01	35.82	34.26
4.4	3.71	3.62	3.35	3.69	3.89	3.16	3.53
39.16	48.61	40.66	36.64	42.69	46.42	43.41	41.43
79.77	107.99	88.28	93.58	102.37	109.08	90.04	87.2
29.64	33.76	38.88	33.13	28.45	31.17	29	31.29
9.97	9.69	10.2	8.29	8.76	7.79	9.29	9.09
20.09	21.25	24.76	22.93	22.18	21.97	21.45	21.89
2.92	3.3	3.28	2.84	3.27	2.52	3.25	3.35
64.9	66.9	69.79	67.38	69.73	72.37	63.83	53.17
64.14	61.56	52.77	64.36	69.75	66.38	65.09	53.98
2.06	1.99	2.71	2.71	2.27	2.86	2.1	2.07
28.52	28.09	26.6	31.03	35.14	36.85	26.5	32.02
3.68	3.47	3.91	4.59	3.46	4.04	3.16	3.64
14.61	11.39	15.16	15.62	16.51	16.5	13.8	13.74
80.68	71.09	77.64	78.11	72.07	77.05	75.45	81.82
10.75	11.66	10.45	11.07	14.59	12.07	12.27	11.66
18.01	13.07	16.41	14.63	14.65	14.03	15.29	18.82
23.2	27.63	21.09	26.76	26.76	29.38	33.52	26.63
22.95	25.89	24.44	24.01	24.6	25.05	23.87	23.95
6.6	6.5	6.45	6.97	7.47	5.97	6.26	6.29
58.8	55.84	45.05	58.92	63.27	59.26	66.04	54.94
7.21	7.44	8.06	6.6	7.58	7.02	7.85	7.83
21.29	20.52	23.1	25.62	19.52	21.54	24.32	23
64.83	72.93	97.99	70.87	71.45	79.81	71.8	71.69
21.75	20.72	16.84	24.39	21.72	22.95	23.32	23.69
22.15	25.08	25.81	29.05	26.05	23.79	27.01	21.89
11.84	11.69	11.35	11.49	10.24	9.46	12.67	10.97
20.8	20.49	21.67	20.27	22.68	22.63	21.51	16.25
11.05	10.67	13.76	10.3	12.53	9.88	10.36	10.89
44.47	42.92	50.08	51.25	57.64	53.6	48.84	50.19
7.38	9.46	9.39	8.99	10.06	8.02	10.25	10.52
17.11	17.47	13.24	17.41	14.96	15.94	19.24	14.43
137.42	149.74	121.32	138.25	138.16	143.74	149.81	132.55
9.09	7.71	7.73	8.58	7.86	7.36	8.55	7.55
21.51	16.48	16.18	19.41	15.66	14	18.59	17.27
12.88	13.19	13.11	10.09	10.6	13.84	12.31	11.14
2.98	2.96	2.46	3.11	2.95	2.22	3.24	2.96
11.72	11.79	13.57	12.02	11.43	10.83	11.03	11.28
40.29	33.28	40.32	34.01	32.71	37.9	39.99	34.97
23.19	24.47	23.79	26.66	26.11	23.93	23.98	21.8
44.04	41.31	42.36	40.81	35.5	40.23	37.38	38.81
7.21	6.54	8.31	8.1	6.56	7.56	8.01	7.01
15.05	13.67	19.71	14.87	16.43	15.31	16.02	12.7
2.03	1.82	2.45	2.35	2.17	2.45	2.56	2.28
4.46	5.95	5.88	6.4	5.33	5.79	6.12	6.46
18.34	17.79	23	16.09	21.12	23.65	20.53	21.36
37.01	38.49	37.41	36.63	38.31	38.08	41.58	35.07
2.17	1.93	1.95	1.98	2.3	2	1.85	2.21
24.02	24.48	28.89	24.86	24.97	26.85	32.58	23.77
8.67	9.86	12.54	10.57	9.16	9.81	10.13	10.52
40.33	35.46	40.63	48.16	39.38	39.3	39.51	35.03
45.44	42.3	41.13	33.99	38.53	41.24	37.57	49.54
2.11	2.51	2.12	1.85	2.22	2.6	2.21	2.29
2.63	3.22	2.54	2.75	2.65	3.37	2.51	2.75
52.29	50.74	59.16	53.78	48.99	54.59	49.71	49.81
48.03	48.31	40.43	49.64	51.56	45.88	37.81	43.23
44.38	46.68	47.09	55.03	46.41	44.34	44.27	51.58
3.71	3.84	3.09	3.06	3.76	2.94	3.11	3.76
32.83	42.15	33.07	35.43	32.63	36.06	34.55	35.67
14.47	10.99	12.52	11.6	14.53	14.12	13.3	12.28
38.4	48.1	55.13	47.31	37.79	40.47	53.77	56.48
24.98	24.69	28.69	24.85	26.82	21.67	20.89	23.2
32.05	33.11	36.07	30.96	30.44	34.18	38.11	33.41
8.23	8.65	8.8	8.49	7.79	6.49	8.73	7.32
68.44	59.27	62.41	53.45	57.6	56.29	67.72	70.09
39.52	47.67	38.4	46.76	40.98	35.74	46.67	44.41
5.36	4.63	4.26	4.2	4.58	3.69	4.48	4.19
20.56	21.33	20.03	15.73	20.7	17.61	17.37	17.68
79.01	76.64	66.91	74.76	71.45	70.33	75.3	63.27
4.52	4.01	4.63	4.44	4.09	4.28	4.08	4.32
60.39	57.58	63.9	56.48	63.76	55.92	56.27	52.43
39.74	46.35	48.67	47.35	36.93	41.78	49.82	41.04
182.37	189.46	163.47	153.61	186.45	188.35	180.46	170.05
41.01	44.65	38.76	49.09	41.88	44.76	45.38	37.03
12.18	9.78	12.07	13.69	13.31	13.69	12.98	12.7
57.2	60.48	66.74	67.91	51.04	55.62	63.95	66.45
22.02	22.68	21.33	19.81	19.14	21.42	19.56	23.32
7.86	8.56	8.28	10.62	9.88	9.02	9.45	9.09
13.27	12.85	14.85	12.76	15.04	13.7	16.17	13.16
1.32	1.28	1.25	1.34	1.32	1.36	1.32	1.28
2.25	1.97	1.74	2.46	1.65	2.55	2.32	2
34.13	27.8	35.03	31.11	35.92	34.25	39.3	33.63
65.34	79.36	68.09	71.84	81.43	62.05	67.6	77
2.42	3.05	2.7	3.31	3.57	3.4	2.72	2.34
7.15	8.61	7.74	6.32	6.47	6.14	7.49	8.05
57.26	51.26	44.58	40.63	42.89	45.52	45.84	48.53
4.41	5.42	4.63	5.15	5.23	5.54	4.52	5.22
5.13	5.18	4.78	4.49	4.62	4.26	4.55	4.66
10.39	11.36	12.14	10.15	10.94	11.23	11.8	10.49
4.65	4.25	4.81	4.32	5.55	4.67	5.94	5
57.88	53.03	49.82	52.88	48.98	51.89	45.9	54.42
23.61	20.85	22.45	22.72	21.22	21	21.74	24.94
12.48	13.7	14.17	12.7	16.15	14.12	13.58	12.07
3.88	4.42	3.9	4.02	3.85	3.16	3.17	4.15
36.63	39.06	43.32	41.09	41.01	40.63	34.61	32.33
3.82	3.67	3.88	3.74	3.62	3.5	3.61	4
48.56	55.87	55.8	57.16	59.9	50.01	41.49	59.36
26.82	26.52	23.47	24.19	23.47	28.17	27.04	23.43
23.41	21.34	20.77	27.18	25.64	23.96	24.28	24.39
13.08	12.19	13.11	12.45	13.11	11.28	14.49	12.06
28.33	27.74	24.04	25.92	27.13	27.22	24.5	22.63
46.45	50.4	51.38	46.16	47.19	42.47	49.11	41.6
9.54	8.38	9.12	11.52	7.3	8.26	8.94	10.37
35.09	35.9	33.68	35	31.65	32.1	35.42	39.59
85.3	81.2	80.98	70.15	73.85	76.39	70.81	77.52
28.56	29.45	29.11	31.88	30.42	29.05	27.6	28
7.34	6.9	6.75	6.8	7.27	5.5	7.06	6.44
8.91	8.79	8.47	9.84	8.61	9.47	9.53	9.66
45.4	60.48	49.59	52.77	53.24	49.25	60.35	46.96
19.57	15.18	22.09	21.88	17.82	22.71	20.9	20.55
14.22	17.01	16.24	17.59	13.72	16.23	15.16	15.94
24.2	26.14	26.25	26.41	25.66	26.44	24.97	23.22
3.88	3.98	3.78	3.72	4.08	4.93	4.6	4.37
21.75	18.03	17.7	20.41	19.41	17.36	20.96	23.79
33.07	33.98	28.92	27.09	28.94	39.01	40.14	33.14
49.3	56.92	53.99	57.6	53.41	48.35	55.12	47.42
16	14.31	12.73	13.43	14.15	13.46	11.81	16.19
5.11	6.32	5.76	5.48	5.18	6.18	4.45	4.55
15.46	18.57	19.64	16.46	18.37	19.98	20.49	16.95
55.23	46.06	47.51	53.38	45.89	44	54.07	54.67
28.81	32.85	24.6	27.51	27.91	29.36	27.63	25.38
40.66	53.11	55.3	53.88	54.52	67.79	50.64	48.63
42.21	41.89	41.16	42.42	40.35	45.38	38.97	40.3
44.57	41.98	36.39	42.95	50.11	38.53	40.13	45.85
6.61	7.44	7.03	6.46	6.67	7.21	7.09	6.89
6.9	7.6	6.93	8.19	7.06	6.38	6.92	7.35
68.23	72.39	77.37	75.91	71.48	61.48	65.78	71.7
21.67	18.41	18.28	22.24	20.57	19.37	23.78	23.94
64.14	57.28	65.55	56.55	67.91	54.71	61.9	72.02
32.53	35.15	33.39	30.19	36.37	31.11	24.23	33.91
2.88	2.97	3.26	3.36	2.87	3.31	3.18	2.84
6.7	6.45	6.76	6.83	7.41	7.25	7.01	7.63
23.38	31.31	22.66	30.53	27.02	26.59	23.94	25.29
54.35	58.68	50.76	49.41	47.48	59.06	54.8	61.82
25.59	18.62	18.76	22.42	25.16	21.23	21.77	21.87
22.37	21.7	21.5	21.1	21.55	22.71	20.68	18.31
86.35	77.3	84.71	90.68	85.82	78.81	92.92	79.49
1.1	1.96	1.99	1.88	1.97	1.9	1.92	1.04
15	15.99	13.73	18.07	17.24	17.43	13.85	14.91
25.86	28.76	30.97	26.37	25.16	33.49	29.68	28.06
3.24	3.51	4.16	3.64	4.08	4.25	4.67	3.55
49.4	52.59	41.3	46.64	43.31	40.68	46.82	40.69
49.94	41.98	55.06	56.84	48.54	46.3	47.98	52.46
47.52	55.05	59	44.88	55.08	50.47	52.73	54.79
24.82	20.96	23.61	25.2	24.09	22.14	19	21.29
13.06	14.11	13.59	12.22	11.97	13.78	13.83	14.17
48.48	38.49	40.65	42.98	35.86	49.33	38.78	45.81
31.93	24.31	26.48	25.32	28.14	22.85	28.21	29.22
14.5	14.13	12.96	14.11	12.18	13.34	13.27	15.22
8.3	6.57	7.41	8.37	9.64	7.99	7.78	8.56
30.38	27.76	25.45	29.89	26.85	27.03	26.69	31.02
16.29	14.66	17.13	14.07	15.57	14.95	16.57	14.09
69.44	60.75	56.44	60.05	61.36	52.47	62.24	63.46
20.87	17.46	17.83	21.05	16.66	20.07	19.66	19.12
43.08	51.2	42.91	42.65	44.71	43.35	42.9	51.05
97.55	92.68	85.67	86.71	95.44	81.16	104.96	95.49
3.33	3.63	3.85	3.11	3.55	2.93	3.15	3.61
12.98	10.89	11.39	12.26	12.16	13.05	14.81	12.52
84.01	79.99	82.28	82.07	76.24	87.08	90.03	102.22
5.71	5.74	5.11	5.24	6.02	5.82	5.65	5.28
154.88	136.37	133.68	137.01	149.12	143.7	125.44	126.53
17.52	18.75	21.47	18.93	22.58	19.09	19.5	15.53
22.02	21.32	19.76	20.91	23.31	23.46	24.12	20.3
1.54	1.55	1.5	1.48	1.58	1.54	1.43	1.51
13.43	12.19	13.02	11.59	12.22	13.92	11.2	13.37
6.91	6.6	7.06	8.15	6.73	5.46	6.5	7.29
20.08	18.36	19.11	17.92	20.53	23.73	22.19	22.73
86.66	91.48	84.44	76.45	95.89	95.74	92.1	81
97.02	94.46	86	103.21	87.77	112.3	109.09	97.43
17.98	14.98	13.63	18.43	15.91	14.97	17.86	16.77
30.97	30.41	30.27	31.11	26.22	25.87	31.03	27.73
28.75	30.41	30.79	32.21	25.06	30.75	27.44	29.71
13.57	12.32	13.81	16.08	14.84	14.1	13.94	16.63
79.04	75.33	75.35	63.15	80.68	69.07	70.19	67.95
24.21	25.54	23.05	23.66	22.65	23.63	24.86	26.57
71.83	68.75	49.57	58.15	65.62	69.88	71.85	68.16
5.47	5.02	5.82	5.45	5.39	5.7	5.22	5.48
87.09	82.96	67.18	72.54	63.47	57.52	65	66.86
19.26	21.37	20	19.39	17.89	18.12	17.26	19.5
12.55	12.42	12.64	10.19	12.19	11.91	11.83	11.62
163.14	151.86	159.17	159.75	132.89	176.94	156.95	137.52
35.57	38.06	35.64	39.27	33.77	34.67	38.97	27.84
29.06	35.19	24.35	23.56	26.81	28.83	33.04	25.21
14.18	15.56	16.43	14.62	15.67	11.92	15.41	15.48
41.67	35.69	30.88	45.49	33.97	36.49	33.79	40.54
6.9	7.37	6.9	6.47	7.96	6.76	6.91	6.79
36.08	50.53	41.88	52.32	55.11	39.72	52.69	45.03
25.09	34.44	35.85	32.7	24.9	27.85	28.29	35.84
7.65	7.93	7.81	7.03	6.91	8.3	6.48	8.12
37.02	39.89	38.82	41.23	42.47	39.73	39.1	33.92
50.71	46.83	43.13	44.6	44.56	37.83	44.32	43.98
2.15	2.84	1.76	2.33	1.97	2.47	2.28	2.04
35.39	39.01	31.03	29.82	24.4	28.71	30.54	33.04
11.08	10.87	11.49	12.07	11.32	8.93	9.57	11.91
24.94	23.61	23.7	24.4	18.78	22.25	24.93	21.73
73.15	59.75	64.49	70.75	77.58	69.32	68.01	66.04
47.39	61.05	66.48	60.52	58.52	63.95	55.37	54.26
3.38	3.6	3.68	3.42	3.72	3.7	4.18	4.14
4.69	4.76	4.57	5.29	5.03	3.92	5.02	4.39
9.72	10.4	8.49	8.6	10.1	9.51	8.92	9.56
4.52	4.1	3.78	4.68	4.76	3.96	4.31	3.49
23.87	24.9	27.5	27.97	23.71	25.75	25.94	22.27
10.37	10.05	9.52	9.46	10.1	11.97	11.44	10.16
187.37	155.71	159.23	179.5	165.83	166.46	156.43	131.85
8.79	7.83	9.02	9.12	9.05	10.14	10.27	7.34
82.61	76.09	92.91	87.78	70.77	67.11	81.83	94.55
50.04	45.94	58.55	51.75	47.93	50.66	59.05	46.53
10.5	9.98	11.15	9.56	8.36	12.51	9.07	8.97
47.55	50.63	47.25	46.87	37	52.12	47	42.06
28.25	26.61	30.44	29.49	25.96	27.47	29.68	29.61
39.66	40.88	33.78	40.44	43.71	38.39	37.05	43.12
1.52	1.47	1.56	1.64	1.84	1.98	1.8	1.57
13.22	12.7	12.01	13.88	14.68	12.8	15.1	12.04
117.49	117.73	140.3	109.1	89.59	89.9	113.17	114.71
44.95	46.32	36.97	47.51	45.04	40.86	46.22	46.96
28.15	28.79	34.71	37.19	26.1	30.58	28.44	36.81
5.8	5.53	5.13	5.13	4.56	4.25	5.48	5.33
63.66	70.83	67.94	53.99	59.65	57.12	68.91	61.86
24.53	23.54	26.12	27.87	21.94	29.8	29.86	29.58
47.69	55.56	57.5	50.88	52.14	41.42	51.05	59.06
7.12	8.16	8.43	6.64	7.09	7.05	7.86	8.68
24.88	31.66	20.09	24.41	26.6	23.75	22.1	27.57
8.8	7.31	8.96	8.76	6.9	9.17	9.67	8.43
47.62	53.77	53.22	46.64	55.36	40.41	47.33	51.78
12.59	11.35	11.95	11.73	11.75	12.15	16.93	13.11
20.52	17.34	19.39	19.9	19.34	21.46	21.74	21.08
50.76	49.06	54.33	52.39	51.94	47.32	46.14	59.06
24.33	28.08	29.33	32.6	28.1	34.28	33.02	29.76
18.48	21.36	21.66	19.69	19.71	16.01	18.9	18.53
9.37	9.28	8.24	8.74	7.86	8.08	8.22	8.07
24.23	30.24	26.15	26.94	23.15	29.41	23.25	23.13
2.2	2.15	2.73	2.2	2.33	2.35	2.33	2.28
31.99	30	25.58	26.65	25.8	25.23	29.89	31.95
3.44	4.5	4.16	3.8	5.13	4.61	4.58	4.03
4.72	4.82	4.45	5.26	5.35	5.08	5.53	5.97
10.03	10.39	11.97	8.75	10.31	9.29	9.06	10.68
17.24	21.07	22.83	18.71	20.34	17.69	21.05	19.3
20.68	24.41	27.88	21.97	22.5	24.9	21.73	20.81
53.37	46.41	43.18	55.42	50.97	45.11	50.59	51.03
28.55	23.14	26.73	24.05	22.99	23.68	21.75	22.36
11.32	11.67	9.95	11.01	10.95	10.66	9.84	11.31
9.02	7.53	8.11	8.67	7.63	9.3	7.89	9.72
57.12	46	49.82	43.66	45.73	49.51	51.36	43.15
104.7	86.24	98.69	88.53	99.61	90.62	92.56	86.91
8.54	8.78	9.05	7.49	8.32	7.93	7.75	8.61
10.48	9.17	10.28	8.86	11.49	10.59	11.02	9.67
40.24	38.68	39.52	39.81	40.21	35.93	48.17	37.45
68.93	71.28	70.01	68.47	54.55	68.63	57.78	61.2
42.77	33.6	34.49	38.88	34.14	33.1	37.03	39.03
5.96	5.21	5.46	6.19	5.08	5.97	5.05	5.39
7	6.5	6.04	6.42	6.35	5.06	6.65	7.18
35.26	30.67	30.07	32.84	41.26	41.03	34.83	29.1
4.07	3.82	3.95	4.19	4.05	3.61	4.25	4.02
12.27	11.72	12.64	13.48	12.12	13.16	13.3	10.12
6.51	5.14	7.13	5.36	5.83	5.05	5.98	5.38
22.86	18.51	23.66	23.86	20.85	21.77	25.4	22.61
19.5	20.08	20.14	15.54	19.47	21.89	24.05	22.38
6.92	8.76	9.9	9.28	7.96	9.33	8.92	8.58
20.24	20.56	19.22	18.8	21.65	21.56	17.84	15.64
46.48	44.36	48.76	55.88	51.07	47	38.36	36.5
73.78	88.53	94.96	89.26	76.79	86.81	87.08	75.56
5.33	4.4	6.15	4.24	3.88	5.53	4.86	5.7
27.23	24.15	27.1	22.65	25.05	27.6	25.13	25.81
5.18	6.59	5.64	5.98	6.56	5.71	5.45	5.42
14.16	13.11	13.61	14.01	15.07	14.63	15.51	17.6
5.45	5.14	5.23	4.76	5.17	5.55	5.6	6.37
27.56	27.43	28.17	24.91	26.65	28.55	34.8	28.34
57.96	81.99	70.65	75.28	60.87	61.14	75.18	63.94
38.54	35.46	36.36	30.87	29.79	37.61	38.86	43.17
15.96	16.82	16.24	17.55	16.09	15.56	17.14	21.86
1.59	1.84	1.25	1.73	1.78	1.66	1.5	1.58
23.85	21.12	23.94	22.61	20.76	21.69	21.67	15.53
93.06	86.18	102	103.38	80.74	80.57	92.85	85.02
25.41	22.53	24.97	24.29	22.78	25.25	24.09	26.14
22.79	19.81	19	26.1	24.15	24.11	22.82	23.73
117.86	91.06	81.51	91.97	106.97	104.51	73.7	99.72
11.5	12.53	11.44	10.69	10.36	11.88	12.31	12.44
9.1	6.69	8.64	8.99	6.96	7.48	7.9	9.02
14.59	15.49	16.22	16.36	14.02	16.62	14.42	14.32
41.42	43.81	46.25	41.6	38.45	42.37	42.31	42.08
3.64	3.47	3.43	3.26	3.59	3.66	3.65	2.82
41.28	50.11	50.86	50.98	45	47.63	47.89	51.04
63.61	64.6	69.48	66.16	52.4	71.32	62.12	62.41
37.85	34.07	32.18	26.71	23.86	30.09	27.13	31.72
61.57	68.53	70.17	70.17	82.35	74.79	70.25	73.23
17.15	16.7	14.44	15.29	16.07	13.94	14.69	15.4
24.95	26.93	23.36	28.97	27.4	26.77	22.12	27.62
32.99	23.82	28.47	32.58	24.28	27.43	29.13	33
64.5	63.58	74.12	69.54	70.3	56.7	54.91	67.43
1.28	1.34	1.27	1.4	1.67	1.33	1.35	1.26
114.56	112.02	107.69	118.66	95.68	96.44	96.84	123.31
37.93	50.49	43.25	51.85	48.89	41.78	43.93	49.26
14.58	16.46	11.73	13.5	16.26	14.69	12.07	15.8
19.99	23.11	22.98	21.93	19.5	22.2	17.69	27.01
10.96	14.15	12.97	12.02	12.27	12.78	11.29	12.37
3.15	2.78	3.18	3.28	3.43	3.32	2.93	3.18
20.92	22.38	18.73	21.7	24.13	22.1	21.85	24.63
71.19	60.76	66.91	57.28	73.84	77.14	49.18	52.04
12.15	14.68	13.82	16.24	14.35	13.76	12.79	13.17
61.51	76.92	67.4	56.85	78.55	80	68.41	69.24
16.03	21.08	16.62	16.8	18.02	15.53	20.41	19.75
52.47	48.04	52.43	45.96	52.86	45.26	48.68	44.53
36.67	32.71	37.69	31.84	38.58	36.78	29.79	35.19
9.33	11.34	9.66	11.1	9.6	11.71	9.15	11.18
1.15	1.14	1.14	1.13	1.15	1.13	1.13	1.14
33.22	30.36	32.87	28.19	29.85	35.69	24.93	33.09
15.04	14.93	19.61	18.31	19.4	18.2	19.1	17.06
8.52	7.99	9.23	8.73	9.39	8.58	8.96	8.42
17.63	16.09	18.29	18.16	20.59	16.61	18.56	18.77
27.23	19.18	26.58	19	22.56	20.52	19.83	22.21
154.1	115.91	144.1	138.96	158.46	138.5	141.75	120.25
7.31	7.59	6.8	6.42	7	7.73	7.23	8.45
3.37	3.25	2.7	3.91	2.7	3.12	2.86	2.83
9.02	7.59	6.74	8.12	8.55	7.71	8.42	6.66
60.24	59.39	64.01	62.83	69.21	72.03	57.95	50.54
49.62	57.01	53.64	42.32	53.3	49.19	58.9	53.41
47.63	44.85	38.16	38.07	40.94	41.1	40.86	46.79
23.63	22.39	21	22.46	23.01	21.21	19.64	25.13
81.47	82.07	74.4	89.57	74.95	91.89	75.67	72.26
75.29	75.66	75.81	82.99	71.96	82.72	71.23	65.8
34.62	31.9	25.99	39.59	26.49	32.69	29.54	29.92
7.45	7.96	8.59	6.28	6.35	8.91	6.46	6.48
4.01	3.64	3.19	3.06	3.56	3.94	3.26	3.21
37.73	37	43.53	35.95	40.57	42.04	37.92	40.23
28.1	30.24	30.41	33.09	28.17	28.13	26.04	25.13
22.33	27.86	26.76	21.4	26.92	25	22.92	26.74
33.56	38.12	30.44	32.6	34.96	31.75	31.13	31.26
29.09	29.79	31.26	34.04	28.79	30.9	32.19	30.15
4.06	4.3	4.11	4.49	3.86	4.47	4.12	3.68
113.69	111.22	109.1	109.42	94.01	116.04	119.87	115.59
24.45	23.15	25.19	23.37	23.72	24.53	20.61	22.51
23.72	27.87	32.04	30.77	28.13	29.53	25.71	26.34
12.81	13.23	13.72	12.45	12.76	10.7	11.33	11.09
1.93	1.8	1.02	1.75	2	1.08	1.82	1.09
8.77	9.31	8.6	9.11	9	6.51	8.97	8.45
15.86	15.71	14.85	18.81	17.91	19.1	19.25	19.7
11.83	11.23	12.49	11.47	12.16	10.61	9.33	10.82
36.28	31.3	37.3	35.1	46.58	31.08	35.36	33.34
12.75	11.17	11.27	13.63	12.17	10.71	11.58	11.54
25.04	28.53	32.59	30.56	29.06	24.95	26.91	24.32
12.01	14.15	10.02	13.88	12.87	12.96	14.22	12.05
39.99	34.09	29.95	33.18	34.43	39.39	33.79	34.41
82	91.81	92.41	92.55	96.11	98.15	87.2	97.9
9.77	12.95	10.66	12.38	12.47	13.63	11.85	13.05
78.18	78.91	77.6	71.58	79.67	83.32	74.09	80.83
42.88	59.29	51.84	55.74	60.14	53.9	60.37	58.16
66.34	69.89	70.55	73.87	71.46	67.27	79.51	59.93
17.65	19.25	21.4	17.88	18.85	20.9	19.38	18.08
44.96	45.81	51.52	38.8	46.5	36.03	38.63	42.16
11.24	11.9	13	14.28	15.47	13.95	13.3	12.72
15.38	20.55	17.51	17.25	13.81	18.62	18.08	17.28
17.6	17.18	16.48	17.27	14.8	18.49	16.17	19.58
24.82	21.11	25.31	24.35	22.31	29.48	27.16	26.23
32.59	25.95	22.38	33.64	26.38	25.72	27.82	24.58
20.22	20.82	21	18.64	17.42	21.86	16.63	16.97
19.57	16.12	20.24	20.13	20.02	20	17.56	16.91
10.46	11.39	10.71	13.39	11.85	10.96	10.58	11.55
25.72	25.71	27.48	25.74	30.53	27.52	24.02	32.97
9.47	9.04	9.76	9.52	9.59	8.11	9.3	9.82
11.4	11.02	9.81	11.5	11.39	10.11	11.5	11.35
84.08	86.39	89.2	90.93	88.35	92.11	86.75	103.05
28.69	22.78	18.1	27.05	27.74	26.89	28.97	23.81
48.46	51.28	46.83	42.96	49.27	46.72	62.01	48.75
8.75	11.76	8.75	9.28	8.15	11.38	8.62	9.37
23.31	22.09	25.16	24.07	26.69	22.31	24.04	24.16
34.84	38.52	37.97	27.76	33.85	34.29	31.68	28.52
24.69	25.36	23.99	27.2	19.15	26.13	28.56	23.46
44.18	38.4	37.49	31.62	36.02	36.3	39.97	36.78
7.98	9.1	9.36	8.19	7.31	9.48	8.46	8.38
3.19	3.03	2.94	3.34	2.55	2.74	3.23	2.65
15.71	19.89	14.56	15.75	16.9	15.88	17.2	20.3
21.24	24.56	22.95	23.3	22.97	23.57	21.04	23.7
1.19	1.99	1.1	1.1	1.1	1.88	1.95	1.23
29.35	23.92	24.73	30.88	23.18	28.06	25.88	22.16
34.57	35.44	37.14	30.14	31.13	35.9	31.37	27.24
45.73	48.91	47.42	40.39	44.5	40.49	46.49	42.07
13.84	16.05	13.19	13.42	17.05	15.4	14.9	12.9
48.73	51.68	48.93	46.46	48.19	53.36	44.76	55.65
23.12	23.55	25.87	21.24	18.19	18.46	24.9	19.8
77.38	83.67	77.2	92.72	78.8	89.9	78.82	70.11
11.04	11.65	15.55	12.73	13.86	12.75	11.22	10.81
42.08	49.33	41.58	44.75	46.67	42.16	44.33	43.72
2.22	2.38	1.87	2.07	2.6	2.4	2.39	2.64
16.52	18.55	15.4	16.97	18.22	19.46	16.88	18.2
26.33	25.06	24.74	25.06	28.41	29.88	31.09	27.8
3.88	3.4	3.55	3.3	3.64	3.2	4	3.46
23.46	20.72	20.91	23.07	20.2	19.91	19.38	21.85
13.24	14.49	11.35	10.24	13.67	11.18	11.41	9.27
47.81	45.78	39.83	46.45	41.84	54.99	45.77	42.52
42.19	36.13	43.05	37.26	39.93	34.59	40.3	39.85
17.1	17.25	15.73	15.26	16.98	17.5	19.24	18.31
1.03	1.37	1.08	1.19	1.11	1.09	1.16	1.27
4.06	4.34	3.95	4.01	5.48	4.9	5.14	4.8
42.95	44.58	35.02	36.02	43.81	42.77	35.33	39.98
40.62	40.5	35.53	42.09	45.45	39.47	36.48	39.57
16.47	20.89	19.24	20.3	19.88	20.49	14.78	16.36
26.01	22.89	24.67	21.41	25.07	29.27	30.07	26.23
55.13	55.27	63.98	66.22	70.47	54.8	48.41	54.96
68.95	53.89	63.25	75.76	65.37	58.24	59.28	54.72
1.72	1.62	1.73	1.7	1.72	1.76	1.8	1.83
16.34	12.33	14.15	13.69	14.34	16.64	16.57	13.94
20.42	22.26	25.77	24.18	24.65	20.07	24.62	26.91
118.42	125.43	121.01	134.03	118.72	142.04	95.3	121.79
31.36	32.46	36.95	34.85	37.94	29.36	32.65	30.93
97.5	85.31	85.1	88.01	108.24	101.31	102.17	94.79
7.14	6.76	8.04	8.07	7.76	7.53	8.23	7.79
15.22	19.85	15.03	13.88	18.39	15.96	19.25	17.5
160.09	128.77	135.41	146.83	128.91	152.45	176.75	115.27
25.68	20.09	27.19	23.18	24.59	25.68	30.76	22.56
21.27	17.34	21.01	21.41	15.28	21.29	17.06	18.31
39.14	43.32	33.36	45.65	36.7	42.31	39.22	40.88
13.32	10.55	13.1	10.68	11.8	12.32	13.54	12.68
11.88	13.22	14.25	11.91	15.94	11.58	13.69	15.42
41.62	55.43	43.4	43.99	39.6	43.66	45.28	50.24
2.08	2.1	1.82	1.49	1.83	1.76	1.93	1.91
34.09	37.04	36.16	37.79	36.97	35.83	32.65	37.85
51.75	57.65	46.49	60.71	51.35	53.87	49.9	60.47
15.69	14.99	15.7	18.53	15.38	15.99	14.11	15.75
6.14	7.37	5.45	5.31	6.3	5.87	6.05	6.35
4.52	4.47	4.8	4.71	4.77	4.19	4.07	3.99
19.25	18.58	23.53	17.03	19.38	21.31	18.22	16.13
20.51	20.02	19.72	21.14	19.84	19.7	16.93	22.53
31.3	34.19	31.1	28.19	24.1	24.29	28.47	27.09
32.04	34.1	33.46	29.9	24.91	28.37	22.46	32.94
8.53	7.42	9.44	9.85	8.01	8.81	6.74	9.03
2.73	2.61	2.98	2.93	3.16	3.08	2.92	2.52
4.79	5.62	6.66	5.87	5.23	5.33	6.73	5.53
20.26	19.46	19.92	19.15	21.42	23.46	19.14	19.26
51.6	61.01	66.65	59.32	55.69	54.35	61.59	73.52
33.11	29.66	28.51	30.05	32.38	36.6	38.15	36.29
12.54	12.64	10.83	13.12	12.81	13.83	14.03	12.71
6.77	6.74	7.52	6.59	6.53	5.62	5.44	5.97
25.95	25.49	18.59	21.6	20.88	20.11	23.9	22.77
61.12	63.31	50.3	53.94	63.95	62.1	55.56	51.03
12.96	14.96	14.66	16.69	15.82	15.28	15.95	16.94
3.97	4.14	4.35	4.06	4.43	4.41	4.24	4.52
21.47	21.57	19.45	22.98	19.19	19.56	19.61	20.14
89.04	82.42	76.6	73.14	73.33	79.8	76.89	76.78
36.12	36.27	42.81	44.54	45.35	42.49	54.33	39.79
8.95	7.89	8.5	9.12	10.22	7.25	6.48	8.83
23.04	18.3	23.31	21.13	18.58	18.5	18.94	19.72
78.84	79.16	88.51	92.37	75.11	83.87	92.17	73.42
13.7	12.69	12.5	11.98	12.74	13.81	15.44	13.67
7.14	7.57	6.24	8.41	9.9	7.15	7.86	7.07
55.54	71.53	70.12	70.16	54.13	76.21	61.77	70.15
64.76	76.26	75.63	61.92	72.14	82.59	64.03	77.38
71.46	68	70.06	65.27	61.95	77.08	64.16	63.86
75.54	97.49	85.55	84.48	82.65	85.29	81.89	86.55
38.38	29.91	27.61	35.03	27.37	35.55	34.79	28.43
13.25	11.75	12.26	11.53	9.14	9.92	13.33	11.45
48.47	59.32	54.62	63.25	66.76	53.16	58.83	64.22
32.14	28.51	33.61	29.46	33.16	37.48	34.92	30.92
3.78	4.2	3.75	3.6	4.13	3.86	4.68	4.19
25.65	31.33	33.81	31.07	34.09	29.04	28.05	25.4
10.72	9.86	10.49	9.75	9.15	9.33	10.39	11.94
45.41	41.97	35.94	45.32	37.73	32.95	43.04	39.39
14.91	14.88	15.91	12.67	11.93	13.33	12.47	13.99
1.69	1.8	1.72	1.71	1.72	1.72	1.55	1.75
14.23	13.16	12.16	14.02	13.31	13.27	12.03	12.44
16.33	17.01	14.37	13.32	17.11	17.09	19.91	16.76
7.4	8.56	6.73	6.35	6.59	8.85	7.03	6.31
41.57	47.31	29.61	43.35	40.25	43.19	40.59	41.24
93.49	99.06	104.15	92.7	89.96	93.84	89.94	96.91
18.27	20.58	20.04	23.63	24.22	22.91	18.96	19.69
38.8	41.79	38.38	31.35	33.71	33.03	34.97	34.9
87.31	77.6	78.9	74.2	73.71	72.87	74.06	74.42
54.37	59.5	49.5	58.49	56.96	67.41	48.94	61.81
10.74	13.8	13.11	12.14	9.42	11.65	11.86	11.64
3.96	3.72	4.04	3.27	4.08	4.79	4.67	3.71
56.24	50.97	54.28	59.35	62.99	53.18	57.08	52.96
65.87	58.5	62.74	60.39	51.89	63.02	52.74	60.26
23.71	27.67	26.76	23.23	24.71	30.11	27.71	25.91
1.24	1.39	1.28	1.26	1.35	1.19	1.34	1.37
44.81	51.18	49.69	53.64	52.02	42.94	45.58	43.18
11.45	11.32	10.66	12.6	11.7	12.26	11.26	14.51
28.28	26.01	28.25	23.82	22.22	19.55	22.17	26.81
8.14	6.66	7.63	9.06	9.52	8.41	8.12	6.87
