26.17	29.41	26.83	26.09	30.88	27.92	30.91	29.69
17.69	16.6	18.31	19.03	17.7	17.84	14.53	16.96
6.49	6.13	7.1	5.95	6.1	7.28	5.68	6.97
4.42	3.76	3.81	3.5	3.29	3.64	3.35	3.37
122.8	124.81	94.71	122.31	128.48	106.99	119.29	130.47
33.79	38.13	42.12	34.47	40.23	38.71	35.47	32.23
1.94	1.75	1.92	1.87	1.79	1.89	1.82	1.86
46.38	39.04	59.01	52.51	56.2	42.15	57.44	42.37
109.29	132.56	116.85	115.68	119.72	97.47	121.65	113.07
27.13	26.79	25.41	24.95	25.81	27.64	24.01	23.08
65.08	67.63	54.9	61.1	67.94	60.32	72.23	62.17
29.09	25.81	27.7	28.3	26.07	30.1	27.57	24.78
42.05	37.72	41.16	38.41	37.16	41.77	39.37	35.36
49.64	65.82	60	52.57	53.73	49.02	57.85	57.62
5.32	5.87	5.38	5.41	5.51	5.35	5.36	5.82
13.83	11.5	12.6	10.68	12.66	10.24	11.29	12.33
16.5	23.86	24.09	23.58	22.38	21.69	26.51	24.8
19.4	18.9	19.42	16.92	22.03	25.19	25.9	20.21
19.62	17.82	17.04	21.3	19.24	18.34	15.04	21.67
39.08	37.03	28.87	39.09	30.24	34.04	34.14	32.38
1.4	1.37	1.35	1.37	1.38	1.42	1.34	1.43
49.82	42.08	36.67	37.97	44.26	38.21	41.37	39.47
14.34	13.23	11.17	13.4	11.62	12.15	14.38	13.01
24.78	25.3	20.37	23.15	26.85	23.23	24.07	21.52
27.5	26.85	31.73	22.92	22.09	29.48	27.88	27.82
25	24.57	27.28	19.17	23.26	22.99	22.2	26.11
41.06	44.43	44.59	47.16	44.55	42.33	46.7	37.78
88.87	88.4	87.47	93.55	99.73	89.84	70.72	87.93
7.82	6.48	8.11	7.02	7.74	6.89	7.78	7.65
33.11	31.24	33.91	29.03	34.76	34.15	33.34	28.59
5.73	5.94	6.06	5.57	6.33	5.21	5.95	6.01
62.17	60.92	65.32	73.32	50.61	63.9	66.73	57.61
27.19	25.41	31.25	28.58	26.54	25.81	29.1	33.63
56.86	52.85	64.23	57.31	60.68	55.21	62	59.31
7.72	9.22	7	7.36	8.49	7.75	8.06	7.78
28.12	29.96	25.85	32.33	26.68	31.56	29.21	27.44
8.81	9.86	10.94	10.89	10.57	11.46	9.39	9.82
12.09	10.17	10.61	10.83	10.22	9.78	9.99	10.44
47.77	52.02	47.22	51.89	52.2	53.76	55.65	38.39
49.04	52.19	61.18	50.99	50.22	48.22	52.98	47.18
37.11	32.56	39.76	35.52	47.51	36.78	38.39	34.22
7.34	8.28	8.83	7.46	8.21	8.79	7.48	8.08
12.33	13.52	10.87	12.18	10.11	12.12	14.61	10.85
9.68	7.38	7.86	8.71	8.64	8.02	7.33	7.98
8.58	10.71	11.26	10.74	9.53	9.32	11.34	11.69
118.09	95.01	108.95	113.88	100.1	90.37	105.76	82
34.51	39.91	33.11	32.8	43.32	37.83	42.98	32.01
58.35	53.54	64.92	60.61	57.01	68.49	60.75	73.79
18.07	20.55	18.35	27.01	21.84	24.72	26.99	24.48
40.84	41.58	30.39	36.47	32.67	32.2	33.36	34.68
3.82	4.93	4.23	3.94	5.4	4.82	4.17	4.8
29.51	25.93	26.29	31.67	24.41	27.15	29.33	29.15
12.84	13.57	15.4	16.88	15.85	15.43	13.08	14.53
45.68	40.4	40.45	38.4	37.41	34.25	48.42	42.17
18.92	22.16	17.31	20.88	20.51	25.22	16.34	23.05
71.02	69.63	60.82	61.36	78.37	66.36	69.62	70.06
95.84	85.61	83.21	80.25	99.93	75.62	84.21	74.73
79.59	61.64	61.05	61.12	67.33	67.97	74.55	59.65
16.82	21.75	16.73	18.83	17.6	16.02	21.08	16.91
4.87	6.37	5.39	6.97	7.73	6.71	6.67	7.96
43.18	48.18	56.9	48.31	47.7	48.74	49.18	38.4
20.24	21.99	18.87	17.83	21.22	22.77	17.55	20.91
6.87	7.11	8.4	8.33	6.71	7.24	7.77	6.42
67.88	71.98	73.27	76.16	76.9	65.21	61.13	69.19
37.21	43.82	49.48	43.62	44.41	44.91	41.52	42.73
29.03	31.11	24.8	29.23	28.42	30.95	28.43	30.89
8.77	9.13	8.77	8.4	8.63	9.05	10.34	9.7
48.97	46.71	43.27	43.19	41.14	43.12	35.93	38.49
106.26	107.19	101.7	126.88	113.38	120.5	130.92	131.06
11.72	18.46	17.94	18.26	15.98	16.37	17.05	13.9
42.14	32.36	30	32.92	33.9	40.73	26.41	29.68
6.99	6.54	6.49	7.64	5.98	5.86	7.31	7.67
14.2	14.52	14.07	13.37	14.27	12.13	13.99	13.8
36.57	33.55	30.78	37.5	35.99	29.62	34.33	33.19
31.04	27.17	23.04	27.14	22.97	27.2	23.53	28.88
26.48	22.72	26.33	29.68	30.46	28.59	24.73	24.9
52.4	47.91	43.71	47.27	41.89	55.46	44.74	45.55
10.11	9.84	8.05	8.65	10.82	9.22	12.4	9.38
34.19	37.81	41.62	44.9	37.33	35.71	43.88	34.62
18.85	16.08	15.09	16.51	16.85	15.77	16.72	18.68
38.14	37.17	45.24	50.1	40.03	39.49	35.8	40.92
18.27	19.82	20.91	20.95	22.12	16.24	15.51	15.84
14.09	12.45	10.87	11.44	11.59	14.16	13.95	11.83
6.75	6.79	5.3	6.34	6.07	7.01	6.94	6.41
30.91	27.1	29.45	23.31	29.32	23.25	24.64	29.36
11.96	8.7	9.85	10.33	10.33	10.46	9.38	9.5
31.88	35.33	34.96	30.23	36.51	27.28	29.2	31.99
15.98	14.9	16.41	14.55	16.04	15.16	17.54	15.74
47.79	56.46	51.99	68.47	58.7	52.01	56.05	48.95
35.35	39	36.62	27.46	32.05	32.76	33.67	26.53
75.96	76.23	93.39	72.3	82.48	78.99	82.97	73.82
9.76	10.53	11.79	10.34	8.65	10.49	10.33	11.2
6.34	6.64	7.62	7.61	6.67	6.65	6.52	7.22
10.31	10	14.09	10.2	10.59	10.62	12.36	9.87
61.32	57.74	56.95	64.93	60.27	60.15	45.4	61.04
7.64	9.18	8.2	8.55	8.84	8.67	7.38	7.74
188.46	161.48	154.55	191.08	181.11	182.58	172.49	183.32
19.61	21.42	24.53	25.66	18.87	26.8	20.46	20.38
7.74	5.99	5.54	7.22	6.14	7.55	7.86	6.49
48.4	66.07	60.69	58.97	60.18	67.53	50.28	63.9
13.59	10.35	11.67	13.08	12.95	11.08	11.34	12.82
58.68	59.9	60.31	64.28	60.88	63.51	54.9	50.94
26.1	29.82	34.11	29.35	32.34	31.4	27.24	30.33
6.09	6.05	4.97	6.13	5.83	5.13	5.96	5.01
26.15	19.27	23.86	20.38	23.06	20.65	23.34	20.29
15.32	11.7	14.55	13.49	14.69	15	13.36	12.79
29.44	34.68	31.37	29.58	32.32	28.12	24.44	36.07
64.78	78.13	59.57	69.05	63.7	66.71	64.29	66.79
20.89	21.2	24.12	25.59	22.16	24.04	24.9	22.46
27.69	34.26	31.37	23.89	27.3	32.37	38.45	26.65
23.84	22.39	21.38	21.32	21.34	22.87	21.78	23.25
11.1	13.42	9.15	9.76	10.3	10.31	10.23	11.49
15.21	16.03	15.68	14.56	17.86	15.33	16.51	14.02
1.37	1.35	1.3	1.49	1.35	1.51	1.28	1.29
4.24	3.84	4.45	3.77	3.02	4.12	3.86	4.2
43.44	49.78	51.2	43.13	39.51	39.57	36.61	38.76
16.28	21.29	16.25	23.04	18.5	20	17.38	22.06
21.15	17.82	22.35	21.01	20.18	19.54	24.5	24.01
4.49	4.79	5.36	4.57	5.14	4.84	5.41	5.02
22.35	23.58	20.84	21.97	18.49	21.86	21.55	22.17
4.19	4.81	4.35	4.88	4.98	5.39	4.61	4.88
25.16	28.31	31.43	28.39	29.78	27.92	32.77	33.76
12.17	14.63	13.98	14.58	13.46	14.5	12.94	12.16
63.21	62.47	63.99	63.1	65.65	70.63	71.37	75.14
4.79	7.02	6.03	6.41	5.36	5.61	5.32	5.39
3.23	2.9	2.26	2.92	2.71	2.88	3.15	2.91
3.43	2.84	3.55	3.24	3.33	3.03	3.35	2.66
10.92	10.06	11.84	12.19	13.21	12.52	9.6	9.28
12.84	10.15	13.66	11.66	11.53	12.22	11.95	11.23
24.02	33.47	29.59	35.79	34.12	31.07	33.91	32.14
6.6	6.22	6.47	6.09	6.26	5.68	6.08	5.8
3.44	4.04	4.23	4.47	3.82	3.4	4.11	3.98
35.7	41.45	28.08	38.92	31.56	31.63	33.63	36.65
45.81	53.55	47.14	53.78	41	49.17	44.96	49.61
46.85	44.75	41.36	36.05	42.25	44.35	49.02	41.23
10.6	10.25	9.89	9.93	10.11	10.38	10.07	10.69
23.04	22.79	23.46	23.09	23.61	21.15	25.04	27.92
17.22	19.84	18.42	18.49	12.68	19.77	17.05	16.71
9.57	9.03	9.54	7.83	10.72	9.6	7.99	9.25
26.99	26.61	24.86	19.29	23.05	29.8	25.21	21.12
57.49	57.2	64.82	53.63	57.1	63.45	56	56.23
33.76	41.92	45.01	34.44	44.24	33.26	34.58	40.01
8.97	9.69	7.09	9.91	8.84	10.03	8.94	8.63
7.35	8.55	9.29	8.57	9.21	9.96	8.59	8.14
31.52	35.16	31.89	40.56	27.76	28.75	35.84	27.6
42.88	40.65	45.34	41.46	41.47	44.48	47.16	44.99
14.18	12.8	12.87	14.63	13.51	10.55	14.8	14.71
18.26	19.44	17.54	20.22	21.95	23.86	18.47	21.03
27.4	37.58	31	36.75	33.95	34.45	30.14	39.02
13.09	10.57	9.46	11.73	10.64	11.06	11.61	12.59
5.86	7.71	6.2	6.53	7.7	5.97	4.99	5.86
1.92	1.77	1.82	2	1.8	1.72	2.27	1.45
8.48	8.3	7.56	7.42	8.52	7.27	7.15	7.62
17.92	16.72	14.72	15.23	16.74	17.01	16.65	17.1
1.04	1.95	1.07	1.15	1.07	1.16	1.18	1.04
12.79	12.13	11.73	9.59	12.39	11.34	11.77	10.45
24.23	20.61	18.8	20.79	20.19	26.72	21.83	17.98
9.99	10.18	10.77	10.78	9.32	10.55	9.07	10.38
71.53	58.2	49.53	60.13	61.14	57.76	50.22	47.52
1.18	1.37	1.15	1.37	1.47	1.23	1.25	1.45
2.76	3.04	3.09	3.34	2.66	2.69	2.52	2.41
22.48	22.71	22.17	19.63	18.26	18.71	21.9	19.28
29.51	26.22	29.34	31.78	33.22	32.66	31.73	29.78
13.08	13.57	12.42	15.65	14.09	13.44	13.35	14.18
26.43	20.89	18.85	19.6	19.63	21.37	26.69	21.13
14.07	13.45	13.75	14.48	13.25	15.34	15.83	15.97
12.85	12.92	14.49	13.51	13.01	12.73	14.62	13.71
71.47	105.69	89.4	83.44	80.17	78.16	74.03	82.12
10.59	9.89	10.9	11.39	8.25	9.88	10.04	10.43
69.37	63.91	75.66	86.24	92.36	75.74	64.61	78.9
9.78	11.83	10.45	11.1	12.3	10.92	11.09	10.99
13.17	11.76	11.12	11.52	12.52	10.67	14.72	10.39
40.01	34.25	34.72	32.94	36.57	43.68	32.92	31.62
55.15	59.69	60.76	51.02	55.51	59.75	54.76	59.51
20.13	25.52	17.28	18.72	18.24	23.44	19.53	21.64
41.78	39.83	33.06	42.58	33.98	37.21	27.03	34
57.02	53.97	51.62	49.74	53.59	48.67	57.33	49.02
60.94	70.67	67.47	60.99	75.28	85.84	79.12	75.35
18.28	15.28	18.94	14	13.68	13.57	16.7	16.47
68.15	82.51	79.66	74.1	68.42	63.39	73.34	76.26
15.4	18.13	22.2	20.04	17.5	16.65	16.43	17.58
46.81	53.13	48.64	54.57	57.41	57.41	51.65	53.75
4.83	4.49	4.17	4.53	4.33	5.02	4.86	4.73
16.17	16.37	21.14	17.71	16.29	16.36	18.09	16.46
2.43	2.82	2.62	2.12	2.12	2.13	2.58	2.69
12.78	10.92	13.9	10.35	12.65	13.02	13.68	12.69
69.22	75.6	78.58	77.1	76.04	75.78	75.46	72.6
28.66	29.21	26.59	27.08	30.85	37.32	27.08	28.75
44.04	45	44.06	45.98	37.42	42.57	40.37	36.16
3.76	3.88	3.65	3.8	3.41	3.09	3.81	2.99
27.57	27.27	28.65	23.56	23.66	24.34	26.68	30.01
33.84	26.88	28	31.08	28.85	30.73	32.63	23.92
59.75	40.74	45.31	49.3	49.55	52.63	41.46	55.78
86.91	64.47	76.85	67.32	73.32	65.8	65.64	67.23
31.1	37.28	35.6	34.55	34.93	38.86	38.67	40.76
65.7	57.41	56.7	69.03	58.84	64.58	64.93	52.16
42.77	41.82	48.77	37.62	53.13	44.8	44.41	52.19
15.42	14.22	15.49	17.81	17.95	18.26	19.31	16.89
54.43	38.95	41.32	48.04	46.88	43.57	42.47	37.65
14.89	15.98	18.16	16.98	16.84	15.51	16.48	12.01
10.83	9.09	10.79	10.31	7.9	8.45	9.89	10.89
23.84	27.05	25.29	25.66	21.92	26.39	19.15	25.84
13	9.78	10.95	10.41	10.85	11.1	12.38	9.51
1.86	1.72	2	2.04	1.72	2.17	2	2.09
62.58	52.56	53.69	57.48	55.24	57.53	51.82	53.49
24.63	28.75	29.08	28.63	21.08	27.12	25.57	26.43
5.15	5.43	5.27	5.25	6	5.53	4.84	4.82
54.22	52.9	49.07	45.93	44.36	36.72	54.65	49.7
24.5	26.09	25.4	26.26	24.1	22.84	24.6	22.52
26.24	21.55	22.94	22.65	21.68	18.49	20.86	23.02
2.47	1.99	1.98	2.69	1.92	2.31	2.21	2.04
32.38	28.52	33.85	28.74	31.38	31.95	35.17	31.23
37.72	42.65	41.83	43.42	35.35	37.44	45.23	49.98
45.4	40.2	47.87	46.13	36.9	47.01	41.5	37.24
7.15	8.49	8.95	7.54	8.28	8.79	7.04	7.85
23.69	23.37	24.04	23.82	27.58	24.82	23.43	22.86
29.13	27.83	25.09	23.89	25.89	29.45	30.16	25.99
63.58	53.75	53.21	53.32	62	56.53	62.23	58.97
120.4	149.93	147.36	184.92	144.23	138.23	140.63	134.5
1.86	2.51	2.33	2.56	2.49	2.29	2.67	2.41
38.4	35.33	39.91	37.22	36.59	36.72	45.17	41.15
30.32	37.53	29.77	28.03	31.05	29.75	28.91	32.44
17.94	18.12	20.44	19.21	14.55	15.27	20.26	19.91
4.34	5.66	4.47	5.27	5.89	5.27	5.69	4.6
12.65	11.16	12.43	10.83	11.13	12.22	12.24	10.83
31.75	29.31	32.58	30.44	32.97	27.81	33.62	29.13
14.17	12.21	14.02	13.77	13.7	12.89	14.44	12.53
32.52	26.57	24.62	31.4	33.37	31.69	31.23	28.48
66.19	59.8	51.22	52.18	58.78	53.03	52.52	53.46
30.95	30.8	25.86	31.25	28.97	31.09	30.64	27.6
9.43	8.85	8.65	8.38	9.44	9.56	8.54	7.77
20.8	27.04	22.77	20.64	20.85	22.54	29.92	25.17
25.71	20.8	22.04	24.76	22.04	22.2	20.21	20.07
35	41.23	38.94	43.09	38.79	37.68	36.65	41.73
11.29	11.92	10.3	12.32	10.64	11.32	11.04	11.42
32.51	36.2	33.74	36.2	39.72	34.36	41.91	39.2
13.3	11.61	12.57	12.21	11.02	12.06	12.41	11.94
2.41	2.44	2.91	2.15	2.25	2.7	2.25	2.56
9.44	11.48	13.16	14.44	12.84	12.49	11.78	14.46
6.16	5.17	6.19	5.97	6	6.67	6.13	6.69
31.18	24.33	35.6	32.56	30.76	24.94	29.29	33.13
5.23	4.37	4.76	4.88	5.08	5.08	4.71	4.84
31.58	33.1	22.66	24.16	29.28	30.56	25	33.98
9.43	10.23	12.65	11.65	12.81	9.41	10.5	9.22
29.96	38.81	32.46	27.5	34.87	33.35	24.77	28.91
40.61	42.75	46.35	44.88	32.53	36.43	36.37	38.37
24.7	24.54	23.91	23.47	18.99	22.49	26.23	21.21
16.38	19.78	18.08	17.78	16.37	19.54	16.4	18.44
19.22	18.05	20.44	16.43	18.72	15.43	18.81	18.63
10.44	11.76	10.74	9.82	11.99	10.2	9.77	10.25
9.68	11.11	9	9.96	10.12	9.8	11.9	10.05
47.71	39.97	43	41.99	44.69	39.38	38.55	50.59
32.42	40.48	51.9	41.92	37.46	40.89	37.61	38.27
7.93	10.7	9.92	11.14	9.63	9.53	9.32	8.98
8.99	10.79	10	10.31	10.81	10.91	8.77	11.12
45.33	41.23	35.53	43.61	41.08	37.04	47.43	40
37.17	40.98	38.96	45.71	43.88	40.36	32.59	48.29
4.32	5.03	5.21	5.57	5.9	5.39	4.62	5.25
20.02	19.78	16.19	17.31	17.2	18.8	16.64	14.75
38.18	31.98	35.37	32.13	39.78	31.57	33	38.46
14.93	18.45	20.63	20.37	19.41	19.41	16.11	16.44
41.17	43.28	37.6	37.2	37.1	36.93	41.43	38.55
1.77	1.67	1.7	1.57	1.62	1.62	1.74	1.63
26.01	23.81	20.77	18.9	19.21	23.99	23.53	21.25
19.21	21.01	21.73	20.87	16.31	15.89	18.69	18.13
27.42	28.15	30.03	29.56	28.19	28.44	24.89	30.45
21.24	22.61	20.68	18.94	24.71	19.64	22.11	15.46
7.02	6	5.89	7.73	7.34	5.95	6.76	7.84
31.77	33.15	32.88	30.35	31.19	26.9	27.61	28.79
32.96	41.67	33.57	50.02	41.26	41.94	38.72	40.57
10.21	10.69	10.82	10.4	11.3	11.47	10.94	10.18
80.58	67.32	74.68	77.07	64.75	57.43	68.17	80.7
32.12	37.08	40.12	39.59	43.15	41.25	42.7	40.72
55.3	56.65	48.5	54.62	52.5	54.57	51.82	49.46
6.15	5.28	6.19	4.35	6.02	5.46	4.5	5.36
53.77	70.68	55.19	59.62	56.63	55.82	63.9	55.09
33.42	31.39	29.19	32.48	25.73	34.3	33.12	30.38
9.39	7.74	8.26	7.49	7.38	8.65	7.83	8.98
18.63	17.89	21.6	19.7	19.68	17.22	20.4	19.48
63.03	53.14	59.38	56.92	61.91	50.81	62.84	59.07
87.8	104.76	85.92	98.95	98.14	105.97	87.5	100.56
31.94	33.93	39.86	31.81	33.08	35.98	37.38	31.63
15.12	19.46	18.35	18.89	13.49	16.64	16.33	15.94
13.79	15.6	13.23	15.42	15.69	15.44	15.93	14.33
1.44	1.54	1.93	1.61	1.64	1.5	1.59	1.88
108.3	106.99	111.61	92.4	108.82	107.87	117.72	108.08
49.29	40.5	45.31	47.46	43.51	37.35	38.28	48.79
3.87	4.13	4.3	4.01	4	3.54	4.31	4.07
21.97	18.08	21.86	18.23	16.66	18.74	20.2	16.88
11.58	9.61	9.72	9.18	12.24	9.89	12.18	9.7
32.25	28.36	27.57	24.9	33.11	22.54	26.95	25.18
57.85	42.8	47.92	43.02	52.98	58.35	61.68	55.04
88.43	82.73	76.28	95.76	99.88	101.14	92.42	85.2
77.19	80.31	74.36	85.62	62.43	91.52	66.31	70.69
43.02	37.59	35.81	37.79	31.73	37.08	41.36	34.77
23.38	19.96	23.38	21.69	21.76	18.5	21.35	23.93
83.78	79.07	72.05	70	69.39	57.38	51.75	72.5
1.18	1.09	1.09	1.91	1.13	1.2	1.02	1.1
7.5	8.59	7.29	6.66	7.59	6.86	7.07	8.5
16.41	15.71	21.62	16.89	17.1	20.34	18.18	15.73
3.01	2.67	2.58	2.64	3.36	2.58	2.58	2.21
39.37	38.28	40.98	36.89	48.64	41.08	38.74	43.34
17.17	14.5	15.61	17.44	19.47	15.43	17.65	15.96
9.03	10.23	10.48	9.78	10.45	9.27	8.93	8.27
41.25	45.82	48.77	44.21	59.19	55.72	50.28	50.24
43.65	39.48	40.67	38.84	40.16	37.73	31.53	39.76
37.29	31.41	39.33	37.38	38.24	33.97	38.23	39.45
80.71	77.6	72.58	81.5	80.25	70.79	77.33	74.49
7.47	6.99	7.73	8.87	6.68	7.18	7.8	7.54
34.49	36.81	29.2	33.63	34.75	34.52	29.15	36.46
6.66	8.28	6.7	5.35	7.21	6.22	7.23	7.51
2.41	1.63	2.01	1.56	2.15	2.34	2.18	1.84
13.84	13.55	13.14	13.73	12.46	14.76	14.76	15.73
44.2	49.15	44.12	52.55	41.42	46.77	50.1	44.86
3.38	3.64	3.42	3.7	3.36	3.37	3.23	2.89
7.77	8.85	9.54	9.74	10.18	9.19	7	8.85
8.62	9.08	9.69	8.57	6.74	9.42	9.74	7.03
31.34	32.92	32.38	30.08	36.47	30.7	43.08	37.94
6.98	6.73	9.46	7.02	7.36	7.21	8.45	8.55
21.6	18.91	20.87	19.81	19.92	21.11	21.49	20.97
88.55	82.56	85.35	84.05	70.38	70.46	78.73	98.84
1.53	1.46	1.56	1.48	1.46	1.5	1.59	1.44
15.7	15.97	15.62	15.27	18.02	15.21	15.7	14.63
45.51	29.52	39.36	32.66	36.23	38.62	36.8	45.15
53.71	65.74	62.25	62.84	58.32	71.98	54.02	66.27
34.44	33.17	35.25	27.86	32.15	32.68	32.58	37.91
32.7	33.79	35.71	34.43	37.7	34.14	39.53	33.12
13.7	13.37	15.71	12.28	14.09	13.11	13.34	13.34
1.81	2.12	2.06	2.02	1.98	1.53	1.85	1.64
4.96	4.62	4.33	5.44	5.2	4.76	5.4	5.02
28.9	33.84	33.3	33.41	35.17	34.3	34.18	31.57
88.66	78.57	71.11	75.11	78.83	76.41	81.09	89.93
28.29	29.57	30.95	29.55	29.95	23.34	26.12	26.44
26.21	23.89	27.88	23.07	26.43	26.23	29.02	23.02
41.61	40.16	44.26	40.68	50.55	47.66	45.11	39.95
10.41	7.7	7.8	7.05	7.98	7.27	8.82	7.3
6.01	5.25	5.81	5.31	5.89	6.76	6.01	5.48
46.98	47.09	52.1	58.48	45	51.4	59.55	49.65
43.19	53.95	47.81	54.12	45.22	52.37	46.5	52.95
34.95	40.5	46.04	48.83	39.5	47.36	43.99	37.75
5.02	5.28	5.69	4.86	4.88	4.56	5.18	5.89
27.38	25.89	29.07	22.97	28.37	21.74	26.83	24.56
88.46	80.58	87.75	93.14	77.3	84.52	87.8	74.15
22.72	23.44	18.8	24.56	25.45	26.59	23.05	21.33
50.43	52.68	52.36	46.14	50.25	43.58	59.17	46.49
58.5	53.35	57.08	48.48	56.02	56.35	44.77	55.24
2.91	3.54	2.58	2.79	3.01	3.25	3.61	3.15
6.03	4.97	5.47	5.11	5.38	5.16	5.76	4.99
49.39	56.57	56.91	52.06	48.81	58.71	51.03	53.19
63.71	60.04	62.71	61.44	61.67	58.24	60.85	73.57
37.36	31.46	35.13	31.99	36.52	35.72	30.52	35.85
54.42	59	62.04	63.96	56.44	58.64	64.35	53.03
3.65	4.64	4.32	4.2	4.24	3.68	3.94	4
7.93	7.76	5.12	6.62	7.14	6.96	7.53	7.52
11.4	12.67	13.26	10.23	12.89	12.99	11.27	13.09
53.55	54.76	43.37	47.17	40.75	52.67	39.13	46.71
47.95	45.43	41.75	34.44	39.19	42.6	38.48	44.63
9.1	10.15	9.36	9.95	10.14	8.43	9.61	9.56
106.08	92.49	107.6	130.66	109.43	107.05	89.79	106.75
12.88	13.67	13.69	14.29	15.19	14.97	13.67	14.33
47.35	51.52	50.19	44.27	49.79	44.91	41.89	51
22.52	25.12	22.28	22.16	22.95	27.44	27.18	27.24
98.07	110.79	90.48	101.62	123.91	100.22	106.17	98.26
14.49	13.67	12.03	14.3	13.95	12.54	14.72	14.47
17.12	19.05	15.12	18	17.01	15.82	15.38	15.2
57.38	74.57	76.76	72.46	73.51	67.83	75.69	90.41
79.72	81.38	69.4	60.61	66.29	76.49	79.83	83.82
72.19	69.06	79.22	71.8	74.97	81.95	75.15	93.28
10.56	9.93	9.13	10.1	8.46	9.88	9.15	9.58
20.77	17.13	18.96	18.62	17.5	19.03	18.69	18.1
7.17	8.17	7.51	7.59	6.18	7.57	7.73	7.56
10.48	11.43	10.9	10.31	13.45	11.84	9.58	11.17
3.64	3.86	4.11	3.57	4.27	4.25	4.38	4.36
4.98	6.12	4.97	5.51	5.26	6.75	6.38	5.8
49.87	59.91	44.05	51.06	52.52	52.24	56.55	50.26
44.07	36.34	45.78	38.77	39.23	41.22	45.05	44.95
11.23	9.19	11.8	11.36	11.62	11.81	11.03	11.39
1.04	1.03	1.05	1.04	1.04	1.04	1.03	1.04
84.97	102.16	113.26	98.35	113.38	104.98	91.23	90.78
38.53	44.61	47.68	46.14	39.21	44.45	41.02	44.18
31.56	27.22	27.71	26.7	30.15	26.54	26.04	31.19
2.85	2.8	2.85	3.2	3.04	3.08	3.34	3.02
18.18	18.52	17.92	19.46	14.65	16.26	16.55	17.85
33.84	34.76	33.7	38.11	36.28	38.21	34.01	34.32
1.69	1.46	1.3	1.88	1.57	1.45	1.09	1.45
3.85	3.41	4.08	3.53	3.89	3.15	3.85	3.85
16.12	12.59	14.44	16.48	17.43	17.39	14.21	17.28
54.73	49.68	50.21	43.81	52.53	54.77	48.26	47.1
17.84	18.3	24.73	23.31	22.26	18.9	20.18	18.91
91.18	79.64	65.78	87.17	83.3	94.24	74.02	95.06
29.48	39.97	40.78	37.61	38.05	44.39	45.46	36.64
17.62	18.51	18.49	14.19	18.63	17.17	19.84	15.59
67.78	77.73	67.07	75.74	77.02	77.68	79.52	67.65
35.92	45	45.56	42.95	41.03	43.57	45.26	46.58
32.49	29.75	31.23	35.63	29.09	31.21	32.1	30.18
11.62	11.57	10.34	13.66	11.2	10.91	12.61	10.84
23.95	22.88	26.5	23.47	26.5	26.09	26	23.58
9.33	9.81	10.92	11.06	11.11	10.09	10.92	9.61
63.46	69.75	72.96	61.01	70.64	65.87	61.84	68.61
1.42	1.52	1.65	1.57	1.34	1.44	1.6	1.27
8.6	7.79	7.83	7.19	8.33	8.56	9.59	7.43
28.54	34.58	29.99	37.6	36.25	34.24	28.07	27.92
22	20.22	25.98	22.64	18.53	22.91	22.17	21.85
71.68	70.09	72.26	63.48	64	67.77	74.07	52.82
19.77	17.33	20.7	19.2	18.9	20.3	17.33	25.52
22.93	25.97	23.26	20.55	23.37	25.83	24.52	23.37
40.46	36.55	32.21	40.64	36.45	44.85	36.73	38.62
15.01	16.65	16.61	15.59	16.98	15.73	13.59	16.04
40.38	53.64	44.14	44.96	51.79	51.84	47.1	48.6
14.98	16.29	14.08	13.82	12.53	15.22	13.86	15.35
21.67	23.69	19.25	21.81	17.4	19.41	21.86	27.16
73	81.54	72.24	83.07	75.18	78.95	82.98	68.8
5.8	6.44	6.92	6.76	6.07	5.03	5.25	6.74
35.41	39.38	34.92	35.7	35.11	38.35	36.07	39.02
39.42	43.7	37.69	47.09	45.55	42.27	45.18	42.5
17.38	13.78	12.8	16.85	15.02	13.43	16.28	15.89
37.92	29.18	30.34	43.54	30.55	30.73	32.94	32.18
32.91	20.81	18.24	20.46	22.64	27.2	24.29	22.36
77.19	75.41	92.43	80.21	98.87	78.33	71.3	80.79
6.48	6.99	5.88	5.49	5.34	5.17	6.48	5.96
11.25	12.55	14.38	13.77	11.58	12.26	12.65	14.17
58.75	56.47	59.32	58.47	54.11	57.58	52.67	53.36
17.21	16.25	21.82	22.62	19.74	16.6	18.11	17.53
8.14	9.38	8.6	9.05	9.13	8.02	8.94	9.65
6.38	7.62	7.33	7.33	6.36	8	5.98	6.12
42.55	43.17	40.69	36.35	41.73	37.57	39.21	40.12
81.29	69.23	83.36	79.89	77.04	80.53	95.04	76.95
31.7	27.91	29.16	28.16	28.43	24.84	24.77	23.02
54.43	51.13	50.27	56.69	49.8	58.8	50.23	58.71
45.07	43.52	41.26	38.37	39.64	42.11	37.25	39.74
16.66	17.53	20.45	18.66	17.66	18.53	13.62	18.1
11.77	12.57	12.93	10.92	10.07	10.14	10.5	9.02
50.26	49.99	57.24	46.16	56.32	55.15	52.29	51.31
40.87	36.37	41.66	38.03	35.44	39.4	38.49	41.01
50.55	67.96	58.43	74.85	55.43	64.58	58.49	53.71
16.7	16.24	18.47	19.25	17.7	17.08	19.28	19.29
7.86	7.96	6.87	8.34	7.46	9	10.3	7.33
4.06	4.26	4.91	4.79	3.79	3.88	5.15	4.59
96.72	119.34	89.5	105.93	110.38	98.18	84.65	99.04
10.63	11.01	11.42	11.49	10.77	10.03	9.94	9.35
81.97	69.86	84.12	96.15	94.37	83.04	90.5	80.84
8.53	9.6	9.08	7.07	9.71	9.29	7.77	8.37
11.2	10.37	12.08	8.72	10.5	10.26	10.4	11.2
12.59	14.57	11.08	10.29	12.99	12.09	13.06	10.48
23.38	23.83	23.69	21.04	22.47	16.85	18.14	22.75
49.33	45.56	45.13	49.74	55.46	41.68	51.55	46.61
58.2	75.33	67.13	70.94	69.66	77.23	61.11	57.54
13.05	11.62	14.12	13.46	13.64	17.01	11.35	13.82
45.84	57.22	66.84	62.91	63.9	61.7	54.08	60.94
20.47	19.4	17.7	16.92	17.48	21.23	17.99	25.06
5.85	5.93	5.26	5.18	5.62	6.48	5.78	7.52
4.15	4.9	3.82	4.54	3.68	3.83	4.91	3.55
161.75	152.98	115.31	128.5	144.19	127.24	132.5	152.16
75.54	78.88	83.12	64.19	68.3	79.5	71.47	69.76
29.44	26.85	29	24.39	32.13	27.47	23.16	27.16
7.04	5.22	5.9	4.77	5.47	5.29	5.82	5.24
26.2	24.56	23.98	23.14	27.6	24.2	22.6	26.02
5.43	5.09	4.13	5.55	5.69	4.83	3.89	4.57
104.27	114.22	73.22	102.19	96.03	111.57	101.91	108.95
1.98	1.13	1.28	1.08	1.1	1.09	1.24	1.26
78.25	88.48	73.13	78.45	82.41	86.57	66.56	73.36
5.99	6.96	5.07	6.48	5.74	6.07	6.92	6.06
57.38	53.07	52.1	61.35	45.18	56.36	52.7	56.18
18.32	25.19	23.27	21.27	22.58	18.72	24.18	17.46
12.23	11.88	13.86	12.97	12.82	12.41	11.63	11.84
9.6	8.92	8.71	8.09	8.57	7.57	8.03	9.19
32.7	25.23	24.98	21.59	32.98	24.24	29.85	24.74
38.26	42.41	40.54	39.89	40.85	48.81	48.94	54.33
14.21	13.02	14.25	14.79	13.43	14.61	12.63	13.22
11.25	8.71	8.99	8.45	12.06	8.5	10.17	10
14.7	16.04	12.51	14.08	15.81	11.85	11.28	14.28
92.29	92.03	101.99	100.49	85.43	108.44	86.03	83.76
9.52	9.1	10.02	9.84	11.48	10.1	11.42	8.86
51.23	53.36	53.33	45.73	56.43	57.35	53.33	47.55
29.12	30.49	31.03	31.87	31.58	39.36	34.53	37.78
18.01	19.48	20.29	17.9	19.89	16.42	15.93	18.85
5.64	6.68	7.43	7.31	5.66	6.74	7.02	6.99
94.88	85.06	79.46	89	94.41	79.19	75.97	69.55
103.21	96.03	85.34	91.42	82.6	99.35	95.99	83.19
18.49	20.78	20.49	19.19	15.83	15.66	21.95	16.8
37.67	42.33	41.92	49.74	45.71	47.1	49.34	48.23
17.37	20.56	17.93	22.99	16.01	20.4	22.94	18.6
20.01	18.7	16.43	21.19	19.52	23.8	19.18	18.61
11.23	9.09	9.93	9.66	9.84	9.5	10.77	9.51
23.9	25.78	24.54	21.28	21.47	18.12	19.37	21.14
7.64	8.76	7.45	6.22	5.78	6.24	6.55	6.94
30.44	36.26	34.98	31.65	39.07	31.09	34.63	31.39
12.09	12.73	11.22	12.11	12.48	12.78	15.81	10.79
24.49	22.08	20.16	22.58	20.7	22.87	24.1	21.93
16.36	16.53	17.97	16.85	16.91	16.95	15.54	20.13
16.81	18.3	15.93	16.31	15.18	18.29	19.45	18.27
14.22	11.84	11.73	11.46	12.1	10.32	11.16	14.67
10.13	11.33	12.07	10.97	10.66	11.23	9.53	9.62
33.87	34.57	31.58	35.26	28.2	33.38	33.36	32.3
40.12	46.38	35.6	34.72	42.68	34.03	39.14	41.47
12.51	15.48	16.11	15.26	14.45	16.88	13.22	14.08
24.46	23.35	26.26	23.48	21.65	21.48	25.62	26.29
71.08	74.91	75.38	71.16	64.92	64.49	66.12	63.2
44.78	66.27	63.87	58.69	64.04	51.55	61.38	48.76
30.14	31.76	35.24	29.1	28.73	27.77	32.2	25.97
16.09	18.34	15.98	15.41	14.62	19.33	17.57	14.63
10.07	10.12	9.6	8.37	10.62	8.74	9.01	8.14
15.98	13.44	17.06	16.12	14.83	14.11	14.38	14.57
29.83	28.71	25.37	27.85	23.92	24.23	27.17	31.34
17.4	24.86	20.6	25.83	23.1	28.49	27.51	25.37
13.04	14.24	15.65	13.77	12.4	13.83	14.43	11.44
14.65	13.41	13.08	13.83	12.28	13.83	12.9	15.02
29.44	23.07	26.52	26	24.75	24.04	21.91	28.53
3.76	3.58	3.44	4.61	3.98	4	3.63	3.54
51.65	53.3	50.46	52.22	61.02	47.84	62.58	52.99
140.02	139.71	141.91	138.26	136.54	139.4	150.72	129.13
24.83	23.37	27.52	23.3	22.72	23.36	24.09	28.86
24.81	23.19	20.72	23.52	21.3	23.21	24.21	18.98
11.63	14.68	13.82	15.46	12.55	13.41	11.9	16.14
57.72	64.58	65.99	65.6	68.75	64.46	64.38	68.85
19.4	23.16	18.95	21.82	19.37	18.67	23.07	22.98
5.07	5.43	6.57	6.22	6.65	5.69	6.28	6.19
17.09	19.59	16.73	19.89	15.42	18.5	18.61	22.03
16.66	15.66	17.17	15.37	17.51	23.17	17.43	17.28
11	12.55	11.76	11.44	12.13	11.38	10.84	10.64
40.05	44.53	45.25	49.12	34.43	39.84	44.03	45.59
28.48	33.12	36.96	34.22	29.59	29.85	32.47	33.88
6.6	7.76	7.65	6.47	6.43	6.63	6.94	6.85
24.37	29.69	25.84	30.05	23.84	31.95	25.62	26.15
12.15	10.71	11.28	13.09	11.33	12.66	11.81	10.89
38.27	29.47	34.53	34.49	37.48	30.97	31.37	34.12
18.21	19.58	18.44	17.6	12.57	17.15	17.8	17.47
9.1	8.96	8.37	7.71	7.54	8.57	7.97	8.38
47.61	48.99	50.68	41.55	47.46	51.21	50.61	48.53
18.67	19.28	20.63	18.79	20.4	17.95	17.75	18.78
38.09	32.6	48.12	44.79	36.74	35.09	37.88	44.04
7.58	7.03	7.43	7.52	7.52	8.5	7.76	10
6.52	5.27	6.31	7.56	6.8	6.36	6.97	6.61
7.46	7.45	6.83	7.84	6.85	6.98	8.2	9
2.34	2	2.31	1.85	1.82	2.05	1.87	1.99
4.69	4.58	4.72	5.48	5.04	5.51	4.59	3.97
5.62	5.99	7.31	4.98	4.36	5.42	5.45	4.46
6.4	6.4	7.09	6.24	6.38	6.83	6.26	6.72
14.95	13.79	11.06	12.39	14.42	13.92	13.39	12.92
24.65	20.69	26.36	21.91	23.67	25.98	19.04	26.3
135.82	123.66	141.18	123.66	120.9	116.3	119.56	114.07
4.02	5.27	4.75	4.37	4.55	5.73	4.97	4.21
48.67	50.36	46.96	43.3	49.12	44.65	43.54	44.91
4.59	4.57	4.5	3.93	4.81	5.33	5.05	5.37
5.51	5.65	5.91	5.26	6.06	5.56	6.39	5.22
28.74	31.81	27.27	26.91	32.55	26.27	24.51	29.21
100.12	86.46	101.61	109.81	73.88	84.81	78.41	93.09
2.2	2.06	1.53	1.78	2.17	1.89	2.04	1.79
27.81	27.48	23.08	24.2	22.56	26.37	24.8	26.33
44.64	38.72	46.58	52.13	42.37	51.55	45.38	54.15
11.64	11.5	10.6	12.18	11.44	12.7	11.23	9.54
17.53	18.24	18.19	16.73	19.97	17.63	17.19	15.77
31.53	42.34	34.47	45.58	41.3	45.3	50.02	36.03
43.78	42.08	46.84	50.44	45.12	45.04	44.27	38.29
24.17	31.65	25.2	26.42	23.35	23.01	23.22	24.94
28.89	31.86	39.48	31.69	38.31	32.57	31.55	36.87
20.3	19.69	16.39	19.82	21.71	18.86	17.61	15.17
68.06	67.45	71.53	59.7	80.93	63.49	63.93	54.66
34.9	32.62	25.34	31.64	31.64	28.66	31	30.49
4.2	4.64	5.22	4.7	4.45	5.96	5.16	5.01
29.58	29.77	27.07	28.86	26.94	30.5	36.25	37.9
69.45	81.47	65.62	87.07	68.75	65.77	66.58	61.32
20.32	16.74	19.46	17.67	17.14	16.21	18.32	15.26
42.44	49.05	47.9	34.56	42.8	34.82	42.29	42.57
63.2	59.29	51.04	48.36	62.84	50.29	55.67	58.93
59.99	66.6	58.17	62.89	67.83	61.37	58.43	62.89
22.38	23.56	20.94	20.74	25.32	21.87	19.55	22.44
11.15	12.16	11.59	11.45	9.61	9.35	11.55	10.47
15.7	15.61	15.67	12.99	13.58	13.92	15.27	17.4
36.38	38.11	30.32	37.99	43.95	37.85	40.11	51.06
65.05	61.18	54.28	56.58	56.07	53.15	63.28	63.96
16.33	17.69	18.2	17.4	15.79	19.21	19.82	14.63
2.55	2.21	2.65	2.93	2.29	2.9	2.44	2.77
10.88	8.95	10.86	10.05	8.28	11.35	9.26	10.18
35.04	40.05	36.95	41.25	33.37	34.99	33.49	30.05
73.77	72.39	70.26	63.09	77.13	74.45	70.61	72.57
71.89	61.61	52.8	61.01	69.52	64.69	57.15	73.69
69.41	59.74	71.58	57.29	74.06	65.97	52.44	60.66
23.78	22.99	25.16	25.54	22.35	27.11	25.97	21.94
117.6	139.84	105.23	130.88	129.22	118.39	121.41	146.2
103.01	110.14	94.74	108.87	105.87	100.04	99.71	103.77
74.48	91.24	77.18	60.02	72.06	70.58	63.13	70.89
17.15	18.51	16.04	18.24	14.08	15.56	14.29	15.57
6.02	6.33	5.91	6.63	6.4	7.8	8.08	6.68
29.08	41.27	44.51	35.65	33.11	32.39	39.79	31.49
25.79	23.58	24.82	24.06	20.67	22.02	26.73	26.42
44.99	56.39	43.6	48.89	51.74	57.83	46.04	44.75
13.29	12.87	14.68	11.79	11.25	14.31	12.18	10.96
42.26	41.07	38.02	38.45	39.41	45.73	39.38	38.05
10.33	9.24	8.8	7.23	9.07	7.25	7.5	9.44
16	12.71	16.51	17.31	15.1	13.4	13.66	13.8
27.61	29.48	31.31	38.3	35.1	26.24	32.94	29.8
19.77	21.53	18.06	23.11	24.72	22.36	22.92	22.11
51.92	72.5	55.98	60.52	71.6	55.86	57.63	51.25
35.82	35.94	43.1	36.72	30.6	31.79	34.31	44.47
66.82	67.4	59.91	66.79	59.41	59.5	56.14	60.04
76.21	76.26	78.68	76.55	86.07	89.46	76.85	84.65
4.84	4.12	4.37	4.07	4.03	3.8	5.01	3.91
12.51	15.75	12.62	17.14	15.2	15.2	12.96	12.02
2.19	1.86	2.05	1.93	2.2	2.03	1.92	2.11
62.33	68.46	58.45	67.86	52.92	60.52	70.33	59.68
107.79	109.87	104.02	112.36	111.51	123.4	127.31	116.32
45.33	54.71	47.48	52.51	56.39	44	56.58	53.38
4.24	3.29	3.58	3.73	3.73	3.66	3.39	3.32
6.63	6.83	8.06	6.78	6.85	6.4	6.54	7.53
4.31	4.22	4.38	3.89	3.77	3.74	3.76	3.63
2.3	2.41	2.66	2.2	2.56	2.44	2.16	2.28
35.68	31.42	33.67	37.15	32.24	36.3	38.62	36.96
107.92	122.71	107.55	107.98	103.72	125.07	119.83	123.68
9.08	7.98	6.81	8.27	8.19	9.29	7.71	8.1
11.07	8.94	10.54	9.5	11.02	8.96	10.52	9.76
25.83	25.99	20.96	19.96	21.06	19.31	21.13	24.62
14.66	12.15	13.54	11.93	12.19	12.69	12.31	11.77
12.26	12.61	12.9	12.55	12.73	12.81	11.4	15.41
19.85	18.3	18.47	20.48	16.11	20.29	18.76	18.12
19.87	14.05	16.39	15.45	16.58	15.31	17.82	16.12
11.83	13.74	13.5	14.06	12.32	15.65	16.01	12.88
15.88	17.18	17.03	17.93	13.59	17.75	15.03	16.6
44.62	41.58	44.51	41.29	42.28	39.95	41.27	35.55
34.54	34.33	28.94	36.06	36.24	42.87	30.88	32.77
21.05	24.51	27.39	21.89	21.76	22.65	22.35	25.97
10.23	11.92	9.9	8.91	10.38	11.41	10.28	10.09
81.6	62.01	76.73	66.91	70.48	67.23	87.92	69.87
10.85	7.4	9.71	11.04	9.71	12.72	12.44	10.73
15	17.19	16	15.19	17.21	16.74	15.33	15.84
2.36	2.12	2.23	1.83	2.25	2.23	2.32	2.22
25.56	28.33	23.21	25.02	26.5	24.97	27.05	26.12
8.61	7.79	9.84	10.45	9.81	12.82	7.44	9.54
5.38	5.38	5.76	5.17	4.59	5.04	4.75	5.56
8.75	11	9.09	9.83	7.38	8.7	9.85	8.97
1.08	1.2	1.99	1.29	1.03	1.22	1.19	1.25
51.86	49.97	41.85	41.04	44.66	47.41	45.51	37.56
45.39	50.11	51.94	51.17	48.77	50.03	56.95	47.22
10.41	10.41	8.65	8.81	11.49	8.19	9.72	10.43
10.2	9.17	11.2	9.77	11.2	9.73	11.05	11.66
12.87	14.53	12.8	13.48	11.45	9.56	11.46	12.37
12.78	14.17	16.15	13.21	14.48	14.34	15.41	14.48
50.54	52.54	55.48	51.91	47.91	49.41	61.51	51.31
2.76	2.92	3	2.88	3.01	3.46	3.07	2.74
35.7	29.79	31.81	36.18	30.32	37.05	34.58	27.09
8.7	9.93	9.67	8.66	7.82	9.69	8.23	9.38
9.05	10.17	8.76	9.47	10.46	9.69	10.88	10.72
46.49	43.05	39.78	41.42	40.12	50.8	49.87	46.75
58.29	53.51	43.64	53.35	49.01	51.05	48.82	53.52
55.5	63.74	51.94	66.94	63.95	56.92	52.04	55.3
13.46	15.23	10.97	12.58	14.78	13.39	14.7	12.36
16.43	21.36	18.62	19.48	15.46	18.72	17.71	20.7
77.9	95.28	71.86	87.84	83.78	90.06	80.85	87.49
24.39	23.52	25.89	22.51	27.19	27.33	26.66	27.16
22.23	27.24	27.74	24.45	28.5	23.62	25.39	22.99
6.49	5.57	7.27	5.49	7.47	6.6	6.49	5.4
86.13	93.76	83.93	78.8	88.11	71.46	81.47	64.05
5.61	4.71	5.18	3.89	5.3	4.76	5.01	5.83
129.93	88.71	117.53	108.06	106.36	115.16	117.16	123.75
26.51	22.46	20.25	22.34	16.81	18.17	20.24	15.3
70.11	84.84	69.62	87.36	96.82	74.39	76.34	68.15
19.01	17.78	16.76	19.4	16.48	17.89	20.23	16.12
134.95	118.11	113.59	123.7	140.14	115.68	152.08	132.49
31.64	32.31	26.48	29.9	27.44	29.88	23.12	30.52
7.98	9.29	8.77	9.7	6.84	8.62	8.14	8.71
7.91	9.47	9.07	7.43	8.17	7.43	8.5	8.72
54.51	57.3	63.68	63.15	69.95	62.83	53.98	64.27
32.13	28.96	28.42	35.9	32.18	29.23	33.36	37.94
7.42	6.87	7.22	8.28	8.37	7.64	6.98	7.75
8.51	8.09	8.74	9.08	8.71	7.42	7.78	7.74
38.97	35.04	30.82	33.04	39.32	33.48	32.39	34.23
7.72	6.42	7.11	7.22	7.35	7.33	7.89	8.04
23.38	27.66	22.28	24.47	23.2	26.52	31.07	26.21
74.83	81.05	89.23	77.67	79.62	79.01	71.31	79.83
71.53	61.48	58.93	70.58	77.19	77.49	74.61	74.39
7.88	8.71	8.74	8.64	10.05	11.15	10.89	11.26
15.06	15.83	16.04	11.37	15.72	13.94	14.51	14.85
75.94	67.51	71.34	64.82	79.39	58.86	63.64	69.86
12.23	13.08	10.91	11.9	9.77	11.15	9.67	11.96
3.47	3.35	3.2	3.44	3.44	3.64	3.91	3.34
9.29	11.57	8.15	8.56	8.4	8.91	9.66	8.14
3.54	3.47	3.51	3.53	2.88	3.12	3.42	4.17
42.4	40.58	41.14	31.23	37.94	35.15	41.91	38.49
17.16	17.09	16.12	16.4	18.25	18.43	16.04	13.35
43.03	53.96	56.67	58.2	56.7	55.81	50.19	52.27
116.69	110.85	110.83	122.18	112.66	116.66	124.29	106.35
91.98	87.09	111.47	84.96	90.88	94.49	77.07	98.98
29.52	29.65	28.04	21.59	29.53	30.61	27.66	29.74
28.56	28.19	23.86	31.19	30.03	30.12	24.41	24.32
30.65	30.9	28.17	30.49	36.83	36.29	27.59	27.81
1.3	1.26	1.27	1.32	1.34	1.31	1.24	1.26
123.83	123.53	122.16	103.42	132.46	114.86	117.61	110.16
18.97	19.5	16.75	18.11	20.41	19.98	15.04	20.61
44.64	43.41	38.11	42.15	42.61	35.98	42.87	40.56
27.34	25.47	23.03	24.8	26.38	25.52	29.04	27.64
13.41	13.87	13.95	11.1	11.86	12.32	14.05	13.14
16.38	17.35	17.25	18.3	14.21	16.9	14.04	15.65
10.7	11.01	9.76	10.27	10.45	11.93	11.95	9.3
130.87	137.19	137.68	154.8	128.85	133.83	141.16	155.76
4.24	5.01	4.66	5.5	4.9	4.8	3.83	4.99
30.15	36.26	35.03	39.28	33.54	37.38	35.92	29.43
28.64	36.06	41.31	41.84	31.84	33.47	45.11	34.74
49.37	50.35	55.57	57.12	56.18	50.76	49.15	56.8
42.91	30.81	38.04	37.68	37.33	30.75	43.68	33.13
10.59	9.88	9.28	11.85	10.2	8.81	8.49	9.16
21.23	18.89	19.39	19.03	18.14	19.16	18.52	22.03
19.59	20.71	19.32	21.57	18.42	24.35	22.16	21.54
121.09	102.43	93.03	124.09	115.2	128.5	110.86	121.73
54.52	58.1	52.56	57.26	50.09	41.37	56.09	48.87
56.83	53.99	53.28	51.3	69.77	61.99	63.84	54.04
3.51	4.11	3.84	3.47	3.86	3.78	3.85	3.49
12.36	11.33	12.5	10.26	9.86	12.26	10.38	9.71
24.34	24.38	26.26	28.03	26.07	21.66	26.75	21.73
75.11	62.85	79.12	61.37	65.85	56.3	75.38	64.88
22.09	17.65	24.07	17.32	19.29	22.36	21.05	19.24
133.48	117.5	117.33	154.12	130.7	147.83	130.62	140.08
18.87	18.59	18.48	18.69	19.52	17.83	16.51	21.53
70.8	70.93	65.31	70.75	75.91	53.12	70.59	71.46
21.45	21.86	20.11	24.98	20.31	19.11	18.85	17.91
20.64	21.36	19.11	20.03	17.88	18.6	19.46	19.9
6.59	7.37	8.21	6.72	9.23	7.03	7.25	8.18
54.71	38.45	55.11	61.5	42.66	54.09	56.36	43.72
64.07	60.57	60.83	62.46	51.62	58.7	63.73	60.73
33.43	30.67	37.71	25.18	33.2	30.24	32.38	34.56
57.36	62.43	64.27	52.47	49.53	45.1	46.72	63.33
49.33	48.29	39.54	52.36	47.51	58.07	42.25	53.21
10.03	10.04	11.48	12.61	13.49	10.05	10.11	13.8
11.38	13.62	12.75	13.12	12.65	13.75	11.54	12.51
10.66	13.75	9.9	11.35	9.92	11.07	11.06	9.75
30.66	29.37	26.61	25.84	28.79	27.06	27.57	24.65
9.65	7.19	8.03	9.34	7.03	7.1	8.64	6.69
36	41.06	31.13	35.91	37.05	37.4	38.86	40.2
40.31	34.44	32.6	33.29	31.88	35.19	32.98	36.97
39.24	32.69	28.83	31.9	24.18	28.5	35.04	32.14
36.28	42.13	40.35	34.86	40.26	48.36	41	42.22
30.82	31.38	30.91	32.06	28.41	30.4	26.3	40.52
86.73	66.96	67.37	75.74	75.68	84.88	70.11	83.27
6.29	6.37	6.8	5.81	6.9	5.21	6.17	6.07
24.33	23.87	24.8	22.69	23.45	21.3	22.63	22.07
28.95	22.04	26.79	21.22	17.43	24.49	22.07	22.83
21.8	19.82	17.91	15.49	20.98	19.76	20.15	20.86
7.77	7.27	8.58	9.44	7.98	8.76	7.65	8.66
20.83	19.01	19.19	19.69	20.56	17.18	17.5	17.6
25.22	26.76	27.47	21.76	26.13	22.9	24.43	26.22
26.67	32.31	33.83	30.1	30.7	29.53	30.27	27.6
91.59	92.78	83.97	90.61	87.76	101.24	95.27	88.96
16.55	16.2	19.37	17.8	17.15	18.67	18.26	16.42
149.85	171.96	129.33	132.46	118.96	140.37	136.4	132.92
16	14.16	12.13	16.14	14.14	10.85	14.37	13.72
27.16	30.08	25.98	29.13	27.66	29.95	32.39	40.28
125.04	101.42	90.87	117.05	109.15	130.61	99.13	90.95
14.27	18.72	16.91	16.02	17.64	18.15	18.81	21.86
79.17	72.96	75.11	79.42	66.39	77.29	72.85	80.54
25.88	24.46	26.21	21.05	22.43	21.86	22.7	19.22
32.77	31.46	31.54	33.85	34.58	29.55	29.08	22.19
75.8	74.58	70.22	66.22	69.54	76.63	67.55	66.68
30.14	26.97	27.35	30.61	35.58	25.4	29.56	25.98
53.15	56.69	51.76	53.58	57.33	54.7	50.96	54.17
69.13	60.98	56.02	56.3	54.31	65.83	54.6	55.76
47.06	44.05	42.62	37.86	37.47	44.3	49.13	44.44
12.99	14.59	13.02	11.65	13.31	12.52	13.56	15.11
8.92	6.74	8.77	9.42	8.84	7.98	8.57	9.06
23.2	23.14	25.43	28.42	18.75	21.5	24.36	23.91
22.4	22.95	23.24	24.47	26.22	24.94	25.88	28.42
25.11	24.52	24.1	24.52	24.94	24.81	25.12	24.21
63.32	63.57	57.57	56.79	59.28	59.48	64.36	61.83
9.91	7.62	8.22	8.84	10.44	11.15	10.31	9.3
4.01	4.66	4.92	4.96	4.62	4.82	4.02	4.21
81.09	76.4	82.49	69.25	76.43	79.39	78.58	74.07
3.31	3.52	3.62	3.65	3.31	3.2	4.15	4.19
46.6	50.2	41.76	43.07	51.14	38.1	44.75	43.22
42.06	36.61	45.34	40.06	38.97	39.62	35.4	43.43
27.79	40.8	39.74	31.39	35.66	29.18	36.74	34.17
8.25	10.44	9.03	11.28	11.17	9.32	9.15	10.92
29.34	27.89	28.39	36.09	31.16	28.07	26.78	31.11
2.36	2.41	2.73	2.29	2.4	2.4	2.35	2.73
32.36	29.73	30.52	26.94	33.13	31.35	30.92	34.54
13.78	17.22	21.57	17.66	17.06	16.36	17.83	15.14
22.6	24.64	21.48	25.51	26.82	22.01	21.34	19.36
6.88	7.61	7.2	7.69	6.71	6.63	6.69	7.35
42.04	38.12	51.23	41.48	35.52	45.7	37.5	43.43
41.69	46.51	36.6	35.22	41.8	40.35	35.37	40.44
32.36	35.3	35.55	39.2	37.08	35.78	29.36	36.64
1.62	1.72	1.74	1.71	1.52	1.62	1.7	1.45
24.96	23.55	21.1	24.76	25.71	20.33	24.84	22
67.67	81.54	71.58	66.68	72.15	65.71	88.36	92.08
38.79	27.13	27.22	37.03	32.26	27.07	33.34	30.29
30.7	30.01	24.09	27.22	31.15	28.26	34.72	27.91
74.89	85.76	80.99	85.79	83.59	75.27	83.44	71.19
44.38	32.28	36	45.89	46.49	36.28	36.03	43.53
7.95	7.12	8.26	8.96	7.95	7.52	7.69	8.18
28.78	28.45	27.95	28.57	28.8	34.8	34.46	30.25
27.22	34.76	33.74	36.43	46.23	32.75	41.66	31.83
50.57	47.22	60.73	46.88	46.5	52.44	52.58	53.44
30.8	34.1	37.26	36.66	38.53	34.49	35.57	39.61
35.27	34.17	34.83	33	35.06	31.74	33.42	32.86
50.37	58.6	59.48	64.44	46.46	52.14	51.26	49.28
104.33	110.26	104.22	92.91	104.77	90.41	95.92	119.72
8.09	8.35	7.19	6.61	6.8	7.89	8.09	7.74
18.4	15.82	15.8	19.08	20.27	16.83	20.72	18.35
20.81	21.21	15.47	23.38	19.91	17.21	20.55	19.38
17.07	20.02	18.58	15.28	17.69	19.91	19.2	17.69
3.38	3.58	3.45	2.75	2.73	3.05	3.86	3.16
102.61	92.86	82.7	83.85	84.68	99.1	88.87	93.84
59.89	56.95	61.07	48.41	57.68	55.07	51.24	61.6
87.67	101.95	89.37	94.23	90.8	89.95	90.09	86.6
5.07	4.72	5.1	5.25	5.13	5.23	5.13	4.78
28.75	26.36	26.67	32.24	31.72	27.75	30.67	24.18
124.95	118.27	127.06	131.79	120.1	105.92	125.19	130.19
3.7	4.56	3.92	3.55	3.91	3.89	4.53	4.96
25.48	25.73	21.73	22.12	23.24	24.15	25.48	24.63
42.8	43.67	45.13	44.32	45.27	44.46	46.07	47.17
7.46	8.2	7.99	8.45	7.81	8.39	7.98	7.37
58.86	77.02	70.94	77.4	58.2	61.21	71.76	68.76
8.5	6.42	8.13	8.23	6.64	7.31	6.14	6.76
18.56	15.05	17.82	19.6	18.02	16.35	18.63	17.75
42.98	49.3	60.66	60.74	49.84	50.41	52.43	51.75
11.46	12.26	10.38	10.46	10.38	8.8	11.77	12.87
2.14	2.35	2.49	2.41	2.13	2.39	2.43	2.38
44.15	37.09	45.57	45.81	39.39	46.85	43.19	44.88
2.18	2.43	2.26	2.29	2.03	2.35	2.04	1.83
12.37	12.79	15.2	14.5	16.73	11.98	13.89	15.51
3.81	4.91	4.73	5.5	4.63	5.02	4.39	5.28
10.54	8.12	10.22	8.97	9.73	10.92	10.15	8.3
5.16	7	6.82	7.05	5.97	7.06	5.24	6.2
14.32	18.89	17.39	17.48	17.75	11.48	16.51	18.93
16.77	18.75	19.02	18.66	22.12	17.54	15.12	16.87
25.87	24.47	22.32	20.58	23.86	22.02	20.38	22.79
42.68	37.5	37.31	42.37	44.31	39.19	35.93	37.25
17.85	19.86	21.45	13.99	17.88	20.02	17.69	18.7
23.45	21.81	19.84	20.92	18.77	23.45	27.29	31.95
32.57	40.28	37.47	44.42	46.22	45.42	42.01	35.63
82.84	73.76	75.46	75.04	95.32	75.01	78.52	80.07
48.87	43.07	52.31	50.31	52.83	48.38	54.02	47.25
39.64	43.35	39.43	50.83	38.37	44.17	39.19	44.6
38.55	31.33	37.7	40.3	54.15	46.28	43.98	43.93
25.38	23.19	17.92	18.47	19.8	21.39	21.67	23.66
23.8	21.06	18.79	20.29	18.95	20.18	20.6	22.9
4.41	4.29	4.43	4.37	4.19	5.36	3.9	5.3
10.89	12.1	10.99	11.1	9.87	11.04	10.34	11.43
37.89	42.48	38.8	36.67	36.91	40.72	39.73	37.21
70.6	72.44	61.03	59.19	59.92	67.89	62.72	53.09
7.14	8.81	7.59	6.63	7.44	7.76	6.86	6.66
15.22	14.57	15.83	12.35	18.16	12.93	15.29	14.28
100.8	86.47	91.6	90.41	95.67	97.66	84.58	109.38
39.8	43.06	41.33	42.24	38.95	31.05	35.73	44.1
11.55	8.49	10.35	11.01	10.72	12.27	10.96	9.9
6.49	6.42	6.15	6.36	7.23	6.51	5.56	7.08
29.61	30.85	28.32	26.14	26.41	26.18	23.97	25.32
61.18	44.19	54.53	47.84	46.05	50.62	48.39	49.6
26.65	30.22	28.59	28.32	24.59	23.13	24.39	24.55
7.87	8.94	8.46	8.61	11.07	6.64	8.05	10.52
81.78	65.71	66.83	63.26	73.28	68.82	68.19	67.73
4.31	4.32	4.67	4.19	3.97	4.04	4.1	4.14
30.85	31.86	24.47	23.64	28.33	27.18	29.66	26.21
29.79	27.05	31.97	29.23	32.34	29.73	28.12	25.59
45.48	38.35	38.94	40.22	40.76	43.49	43.15	39.13
132.2	149.7	128.1	117.58	127.32	105.96	99.63	96.04
10.91	8.91	11.64	11.2	10.59	11.28	11.42	10.89
84.62	72.17	77.93	95.8	82.44	75.51	75.25	68.63
28.02	27.06	27.12	27.71	29.86	24.98	29.86	31.4
22.47	22.15	23.18	24.75	23.08	22.38	24.6	25.32
5.21	4.75	3.99	4.5	3.84	4.33	4.31	4.32
1.32	1.3	1.3	1.33	1.28	1.28	1.35	1.29
69.5	58.37	64.64	64.79	57.33	53.6	61.62	60.84
59.8	64.45	50.44	54.7	71.44	51.02	50.87	54.36
23.14	20.96	21.54	23.05	23.74	26.3	24.23	24.74
60.42	54.47	63.82	59.99	69.32	56.11	66.59	61.17
66.14	60.12	70.88	70.04	66.3	51.97	73.78	72.2
14.56	17.01	19.49	16.6	18.92	15.83	16.56	15.93
4.91	5.71	4.6	4.51	5.49	4.69	3.84	5.03
7.31	6.52	7.51	7.55	6.39	8.41	7.9	6.63
14.66	13.43	12.96	10.98	11.97	10.82	13.14	10.78
5.82	7.14	5.51	6.39	5.95	5.99	5.55	6.71
9.91	9.05	9.48	10.81	9.67	9.12	12.07	10.21
17.08	20.62	22.48	17.16	20.05	19.04	23.07	19.26
45.2	48.21	41.98	42.34	42.03	49.03	51.16	52.91
2.45	2.38	2.08	2.85	2.33	2.1	2.3	2.2
12.56	15.6	16.86	13.89	16.67	13.81	13.79	16.3
26.54	23.63	24.54	25.01	25.4	26.57	23.73	21.78
41.97	35.04	42.07	33.07	37.57	36.8	40.28	34.44
8.52	7.99	7.21	8.64	9.37	8.51	8.33	7.78
39.18	32.69	36.58	37.91	40.07	35.7	43.87	40.08
22.34	25.95	22.83	24.82	25.47	28.46	21.71	23.6
69.37	67.82	75.78	65.56	51.48	64.41	60.06	66.42
39.46	36.72	35.93	38.42	37.32	40.27	35.17	36.97
20.05	25.74	21.11	22.98	22.44	20.19	21.55	21.2
7.17	7.25	6.21	8.9	8.03	7.66	7.72	6.11
20.95	18.76	22.12	21.49	20.32	18.05	18.47	20.41
115.09	110.41	111.05	125.89	101.01	131.06	105.82	104.69
37.54	32.2	36.71	41.91	36.05	35.18	37.34	37.92
9.45	9.84	9.57	10.17	8.47	9.89	6.56	8.27
3.2	3.58	3.53	3.41	3.6	3.13	3.29	2.94
37.8	38.38	42.41	38.73	39.27	41.91	33.16	37.57
26.63	25.55	30.75	28.94	27.57	27.67	23.64	29.95
90.59	107.57	73.88	101.73	98.81	100.02	97.33	88.6
35.54	30.61	32.38	31.52	27.91	32.33	28.94	36.61
15.32	14.68	15.13	14.28	13.8	16.69	15.77	16.4
31.1	44.48	43.09	33.62	33.41	33.52	38.55	34.73
9.13	11.61	11.76	10.6	10.32	10.38	10.67	8.54
29.36	22.95	29.33	31.69	26.42	25.6	23.96	31.48
31.44	30.64	37.05	32.04	29.77	31.33	30.6	29.59
56.31	49.44	51.24	54.53	56.04	49.72	50.12	51.52
19.44	20.61	22.1	22.64	20.49	18.47	19.81	17.21
56.17	49.16	53.59	51.92	54.83	57.85	60.87	60.82
15.7	15.87	14.52	18.21	16.35	16.01	15.08	16.61
29.14	29.57	25.38	27.19	26.45	26.3	27.49	24.42
30.41	27.76	23.06	27.29	26.65	25.63	27.66	29.78
171.21	174.58	156.42	210.78	218.02	217.87	158.91	166.1
8.62	8.21	8.36	6.9	8.87	7.88	9.01	8.16
14.11	14.63	15.58	16.95	18.09	16.48	14.86	15.03
47.72	47.97	47.59	55.46	51	56.02	43.78	50.62
51.89	41.39	39.82	45.63	43.51	45.95	40.96	44.06
28.54	25.85	25.4	24.01	27.81	30.51	26.67	26.91
33.43	35.41	32.73	34.75	39.12	34.38	42.95	35.2
8	7.3	9.26	7.34	7.5	7.83	7.64	7.59
15.43	17.69	16.84	16.32	16.6	16.02	15.86	17.23
2.65	2.62	2.77	2.63	2.39	2.94	2.82	2.26
42.39	48.91	44.77	47.19	54.37	55.88	49.53	56.24
60.08	56.73	58.06	66.6	67.09	63.32	56.89	56.43
12.51	14.71	13.91	15.23	13.21	14.19	14.6	14.12
43.42	44.47	43.93	44.88	41.4	39.89	39.11	39.26
33.03	31.49	33.03	36.3	34.64	31.43	38.06	37.66
28.99	22.69	27	28.86	24.6	30.15	23.67	24.91
88.23	65.97	70.46	87.13	85.47	67.31	71.92	87.02
49.88	36.8	38.75	40.93	48.98	43.44	41.97	36.9
24.98	26.53	20.95	21.69	21.69	21.64	25.26	22.81
28.79	33.41	33.52	32.72	32.47	33.09	33.51	34.08
59.4	43.59	69.57	56.83	64.22	50.3	54.77	63.63
31.32	34.57	35.8	37.42	28.69	36.47	33.51	36.19
24.35	19.41	18.8	23.84	19.26	22.09	20.76	23.21
2.29	2.58	2.58	3.13	2.54	2.64	2.23	2.25
90.37	86.14	99.66	90.71	71.52	91.61	99.02	83.83
18.08	13.93	16.98	19.02	16.16	15.13	16.72	17.09
7.16	8.32	10.14	7.52	9.11	7.51	9.9	8.26
40.84	35.74	33.78	37.86	41.76	39.55	35.15	39.6
73.65	79.12	86.5	86.87	88.02	75.38	76.32	69.7
3.52	3.27	3.38	3.16	3.5	3.28	4.52	3.91
67.77	74.31	64.77	80.84	57.96	63.56	65.53	63.79
20.2	20.12	19.85	23.86	23.91	24.02	19.89	21.2
67.39	74.7	56.71	80.47	66.82	62.02	49.68	70.69
165.04	204.22	167.66	167.88	170.81	175.68	139.64	162.47
36.43	36.91	34.94	34.11	35.01	35.35	31.69	32.57
56.3	51.48	57.01	56.89	67.44	61.43	74.35	64.46
82.25	92.29	80.89	82.28	67.93	85.56	80.82	78.11
50.69	48.05	58.88	45.65	51.15	50.97	50.58	49.41
15.53	16.06	18.08	18.99	17.61	14.85	13.97	15.51
34.42	30.91	31.66	32.43	25.6	37.03	28.91	31.15
26.81	28.05	28.84	30.37	29.6	29.45	32.08	28.16
31.42	31.73	33.53	30.79	33.94	28.32	29.79	30.82
6.81	8.34	6.68	8.37	5.98	7.56	6.41	6.47
31.72	31.28	43.33	34.47	27.76	31.13	35.21	34.15
17.61	18.9	19.3	20.63	19.41	22.21	19.14	19.99
24.01	20.09	20.28	19.55	21.01	18.76	19.64	19.14
23.93	23.83	22.35	26.45	22.11	22.37	25.89	23.87
34.72	38.82	39.25	33.3	37.25	40.2	40.56	38.52
11.4	13.45	12.53	8.74	12.11	11.48	11.09	12.23
9.18	9.4	8.32	10.4	8.72	9.7	6.7	8.99
33.05	34.63	27.52	36.98	38.81	39.43	41.34	31.71
22.78	21.24	22.11	20.34	23.27	20.92	21.68	18.5
6.15	6.24	6.81	5.2	6.67	5.8	6.51	5.78
4.24	4.04	4.27	4.68	4.21	5.2	4.4	4.71
20.1	17.72	15.85	17.35	21.22	20.22	17.73	19.78
1.94	2.09	1.99	1.99	2.18	1.97	2.22	1.88
29.66	33.85	27.88	33.76	31.59	31.3	34.25	29.99
38.68	34.68	34.27	34.16	27.95	30.09	32.94	33.9
38.97	34.79	40.61	42.01	36.98	41.05	37.12	41.15
18.5	18.83	18.27	20.24	18.05	20.59	18.59	18.83
18.26	15.34	17.28	13.69	18.98	17.16	17.3	17.47
50.03	51.05	45.61	46.23	48.35	42.69	50.93	40.82
1.25	1.18	1.12	1.02	1.06	1.2	1.03	1.29
7.79	9	8.76	10.13	8.47	10.64	9.53	8.35
3.15	3.24	3.18	2.88	2.76	2.66	3.17	2.54
2.61	2.67	2.56	2.22	2.43	2.42	2.69	2.62
27.39	31.21	31.62	29.25	29.07	28.38	28.22	30.39
64.91	87.37	87	80.67	79.95	74.46	72.81	88.13
9.99	10.69	10.35	11.35	9.8	11.07	10.4	11.78
41.11	47.41	41.68	54.96	55.64	55.13	53.67	56.39
28.15	28.98	27.81	21.91	31.87	25.61	23.8	30.53
40.8	39.84	42.89	44.89	42.44	41.76	37.14	30.22
17.92	14.54	13.67	16.66	17.94	14.25	16.71	17.06
45.76	39.38	52.91	51.58	46.04	51.17	52.23	45.93
38.5	39.05	53.29	47.88	46.15	39.48	41.03	51.88
29.46	35.44	32.21	34.66	30.89	31.86	29.4	30.45
27.3	29.44	30.54	26.98	27.11	31.08	30.37	31.06
9.5	10.02	9.16	8.67	9.32	8.76	8.22	8.13
5.36	7.04	6.47	5.44	7.53	7.29	7.21	6.26
12.09	9.1	13.59	9.47	10.48	11.69	11.82	10.47
49.45	50.09	45.32	50.44	41.16	39.34	43.47	44.9
91.59	87.22	76.01	95.38	97.74	67.86	82.07	73.1
38.13	40.06	44.6	31.63	39.93	46.74	42.82	44.97
22.22	22.88	21.86	27.63	17.45	20.48	18.79	25.77
5.65	6.29	7.56	5.84	6.51	7.38	7.48	5.94
28.5	24.38	28.82	25.97	30.58	25.32	29.9	25.77
42.29	54.92	51.56	48.33	46.42	49.6	49.3	49.93
45.56	34.81	46.24	43.2	50.28	37.97	42.8	44.36
77.01	90.49	62.97	73.65	63	69.17	69.52	69.98
15.47	11.86	12.89	13.56	13.23	13.21	15.32	13.56
48.11	48.6	40.11	45.18	44.92	40.21	38.64	45
94.49	89.22	81.88	89.05	90.23	82.3	113.86	97.41
84.95	76.53	85.96	82.25	85.53	78.08	85.52	72.31
41.26	36.51	34.11	41.35	34.04	42.71	34.76	30.07
43.61	37.78	34.58	38.7	41.79	32.41	34.26	33.9
153.5	156.89	154.75	129.61	142.33	117.71	152.95	147.74
5.83	6.96	6.25	5.39	5.68	6.63	6.56	6.26
53.51	48.88	57.66	47.68	52.06	49.54	52.61	53.19
67.95	72.64	71.91	77.28	73.12	67.05	60.98	73.94
58.17	60.86	51.22	63.83	67.87	49.08	74.62	47.3
9.99	10.89	11.15	12.72	9.49	11.34	10.67	12.26
74.74	62.53	79.05	67.4	64.22	74.56	62.88	69.69
1.29	1.31	1.29	1.43	1.37	1.44	1.51	1.34
1.19	1.19	1.22	1.2	1.19	1.2	1.24	1.23
94.82	75.13	107.4	117.23	93.99	98.83	101.8	92.74
46.7	51.53	47.83	46.45	58.39	55.44	48.91	42.96
10.02	10.06	10.41	9.34	10.01	9.87	9.61	11.88
13.72	14.84	17.31	15.56	14.3	14.64	15.23	14.31
1.07	1.06	1.07	1.06	1.08	1.07	1.07	1.07
29.32	28.16	29.69	27.59	27.74	29.14	25.66	30.19
3.62	3.91	4.65	4.15	4.45	4.59	3.88	3.96
48.03	49.01	51.64	55.95	55.57	58.69	57.78	58.28
1.94	1.06	1.06	1.11	1.09	1.13	1.03	1.1
43.17	51.04	39.13	49.48	44.63	41.66	41.96	36.02
11.92	11.26	10.06	10.41	11.57	9.68	12.87	10.47
7.75	6.05	6.45	5.78	6.83	5.88	6.09	4.9
15.34	19.37	15.28	16.28	15.87	18.24	14.96	17.52
7.48	8.77	8.5	8.35	8.88	7.97	8.95	7.61
24.65	24.62	24	28.36	26.41	29.04	25.13	23.35
9.24	9.45	9.83	9.69	8.29	9.12	7.71	9.66
59	60.11	77.7	73.47	66.46	82.49	76.68	72.94
