3.78	5.39	3.93	3.79	4.32	4.61	3.66	4.05
1.62	1.59	1.59	1.57	1.78	1.78	1.53	1.65
37.14	49.27	36.71	35.06	41.64	46.79	35.52	39.38
35.93	31.79	32.45	30.47	28.09	27.11	25.73	35.13
2.57	2.85	3.65	3.02	3.24	2.51	2.82	2.78
63.13	65.88	74.86	79.74	65.73	68.34	75	58.55
17.05	17.56	14.88	17.25	12.44	17.86	16.06	17.4
35.6	33.32	35.28	38.48	29.49	25.55	28.02	30.86
39.93	41.25	47.53	40.2	39.39	42.71	40.54	38.88
18.38	17.41	16.06	17.23	17.14	15.96	17.81	17.52
6.03	5.85	5.45	5.79	6.39	5.33	5.38	5.58
11.3	13.09	12.18	12.15	12.21	10.92	12.75	13.25
25.57	19.1	21.97	22.72	22.38	20.36	20.88	18.48
4.22	3.51	3.78	3.63	4.74	4.02	3.92	3.65
1.56	1.64	1.77	1.69	1.82	1.64	1.65	1.77
27.77	26.53	27.17	28.73	25.46	35.19	24.87	29.06
17.94	20.73	21.37	19.03	18.2	21.3	20.1	20.89
2.97	3.63	2.82	3.69	4.34	3.25	3.81	3.62
30.28	31.39	32.38	34.55	34.36	31.18	29.39	28.13
3.36	2.97	4.06	3.37	3.91	3.33	3.43	3.17
24.43	21.62	28.31	24.14	20.96	23.36	20.82	25.54
11.22	11.03	13.63	11.65	13.43	11.34	13.76	13.55
11.9	12.07	12.77	13.63	13.46	13.5	14.05	12.3
26.95	25.42	27.9	23.37	30.41	25	27.25	27.46
36.21	33.76	31.7	37.24	35.29	33.94	30.17	28.95
37.09	31.97	38.18	31.75	30.22	29.48	33.95	32.39
23.36	22.33	23.93	27.25	25.9	21.1	20.4	22.82
1.59	1.55	1.33	1.42	1.52	1.71	1.3	1.52
1.62	1.36	1.68	1.75	1.32	1.54	1.65	1.91
27.01	26.08	23.43	23.38	26.83	26.49	30.58	23.01
17.6	18.64	15.41	18.44	16.87	16.21	15.75	15.55
23.36	21.22	20.79	24.92	21.48	22.97	19.34	23.48
105.56	124.21	131.41	103.42	128.39	122.13	148.75	129.5
28.88	33.81	32.38	34.31	35.59	30.48	30.18	27.51
59.31	64.53	70.15	59.72	66.27	70.15	61.99	56.54
45.82	35.06	35.67	41.04	38.23	37.64	40.23	40.48
48.35	57.02	53.84	60	60.79	53.5	54.07	51.71
36.18	36.69	32.82	39.4	31.75	33.37	26.4	38.1
26.93	22.34	29.51	25.56	25.02	24.75	27.43	27.6
21.63	20.51	22.95	21.38	21.99	23.02	19.31	17.89
31.53	28.35	30.76	32.13	32.12	35.12	29.69	27.68
37.39	47.55	43.79	40.29	45.64	41.94	50.28	48.16
26.88	23.12	24.84	23.54	24.26	23.18	22.42	26.27
38.13	47.39	47.37	45.56	41.18	46.71	47.5	44.94
21	24.13	24.32	25.38	23.18	23.92	20.85	19.51
10.33	9.66	11.14	10.02	8.08	10.03	9.82	9.09
1.58	1.77	1.98	2	1.81	1.55	1.77	1.73
43.44	42.76	50.44	44.84	45.55	57.04	47.01	43.72
37.89	52.99	33.68	36.77	42.99	41.63	35.23	35.76
15.99	16.67	15.26	14.34	13.88	14.49	13.04	13.15
26.52	28.93	26.77	30.49	22.56	24.26	34.04	24.32
53.64	57.81	44.29	54.35	60.16	54.36	64.99	52.17
88.67	93.98	96.13	86.79	85.05	78.45	78.62	91.83
16.25	16.93	15.16	15.48	18.45	20.47	15.84	18.22
27.07	22.33	23.17	25.67	26.79	25.2	21.44	24.94
48.04	51.94	56.77	52.84	46.92	48.39	50.93	39.6
42.28	35.49	33.68	27.11	34.72	36.41	38.48	34.29
12.04	13	10.23	11.62	10.32	11.74	10.4	9.96
33.63	24.78	29.32	26.02	21.71	28.1	26.53	31.08
32.26	35.45	28.52	34.44	33.33	33.46	25.95	32.44
58.44	60.16	56.27	60.72	59.61	64.48	56.4	54.01
48.69	48.28	51.32	54.52	55.59	53.57	50.64	52.46
29.42	24.58	25.48	25.04	27.22	30.43	24.64	28.28
9.9	11.98	9.24	9.17	9.38	10.44	10.31	9.23
30.08	28.1	25.21	28.22	34.44	28.77	29.94	29.17
25.39	26.23	23.64	26.93	28.89	29.72	27.2	28.37
18.61	26.3	32.95	28.93	25.73	28.03	27.49	26.09
97.11	113.57	102.87	119.63	109.12	97.27	104.93	111.33
65.14	73.43	70.45	76.44	67.45	64.84	62.89	68.47
6.99	8.16	7.04	8.06	9	7.29	7.88	7.86
2.53	1.77	1.98	2.57	1.94	2.43	2.19	2.37
20	21.39	17.18	19.7	19.21	19.67	19.21	18.8
10.04	9.05	8.23	9.29	9.75	9.97	9.48	11.01
27.95	22.74	27.2	23.25	24.66	20.65	24.33	25.03
20.51	22.93	22.6	19.6	20.58	24.09	21.56	18.57
1.71	1.63	1.84	1.64	1.79	1.67	1.75	1.74
73.48	89.42	91.82	81.54	63.35	85.9	82.77	76.96
23.19	28.49	26.6	23	25.18	30.56	28.07	26.41
12.56	14.58	14.25	12.32	15.27	14.83	13.12	11.8
9.12	9.54	9.5	8.54	8.87	8.31	9.01	9.95
1.84	2.24	2.27	1.82	1.81	2.16	2.04	2.26
17.52	17.07	17.64	19.25	18.72	16.49	18.55	16.4
187.22	275.06	225.52	218.58	242.22	159.88	196.58	206.02
3.36	3.91	4.06	3.58	3.81	4.89	3.82	4.06
39.66	46.29	38.49	35.62	48.29	36.11	42.18	41.14
1.07	1.97	1.01	1.92	1.73	1.88	1.89	1.07
19.26	19.42	20.03	20.04	19.25	20.04	17.99	16.41
15.5	19.51	21.47	16.64	20.99	18.49	18.86	15.77
134.71	129.92	111.19	117.56	136.37	112.5	120.35	129.57
25.97	19.96	24.95	21.8	20.31	24.07	25.92	29.96
8.97	10.72	9.02	8.98	8.66	8.84	9.15	7.15
6.31	5.72	6.11	7.08	5.13	6.61	6.29	6.58
97.97	123.32	108.78	100.67	105	103.74	103.47	122.78
66.09	67.3	67.98	66.63	66.25	63.31	66.74	60.25
81.41	65.89	71.31	59.56	71.87	68.46	67.61	72.23
37.29	36.81	44.18	37.44	32.89	34.57	35.56	35.33
13.4	12.1	12.52	14.51	12.97	12.06	13.33	14.41
1.89	1.43	1.27	1.29	1.93	1.36	1.45	1.37
26.56	28.44	27.47	35.1	27.96	29.08	29.14	31.01
7.91	6.91	5.71	8.52	8.81	7.91	6.19	6.93
99.23	104.37	96.43	122.2	122.43	91.84	108.43	108.15
91.08	82.09	88.5	81.78	85.7	69.07	74.84	86.26
61.31	48.69	48.73	48.59	49.01	54.34	50.08	44.25
1.33	1.46	1.19	1.33	1.55	1.27	1.5	1.2
30.09	25.51	29.83	28.24	27.59	28.54	29.16	25.39
11.2	9.59	10.21	9.75	8.63	10.21	10.03	10.66
90.03	82.41	86.66	104.47	93.52	85.32	98.63	94.95
12.68	14.65	13.28	16.27	16.53	14.89	13.94	13.21
14.48	14.14	12.89	14.81	13.6	14.06	12.18	13.93
1.81	2.2	1.85	1.94	2.05	2.12	1.97	1.82
3.87	4.04	3.88	4.36	3.67	4.04	4.39	3.97
7.46	8.23	7.54	7.36	8.3	7.76	7.45	7.73
78.44	92.31	107.41	84.97	97.98	85.37	89.38	83.1
59.13	56.24	50.24	52.63	53.79	50.66	57.76	51.95
29.15	25.88	30.01	25	20.63	22.83	32.34	29.95
68.26	73.15	65.18	84.24	70.72	83.37	69.46	79.82
13.25	13.4	15.06	14.57	12.44	14.08	13.91	16.14
16.39	16.36	14.12	17.14	19.11	17.78	17.2	22.34
19.1	23.31	25.77	20.9	27.57	23.15	25.17	24.45
51.84	48.8	47.75	51.59	37.41	42.6	38.14	42.17
24.13	32.22	23.58	25.01	21.6	23.57	29.63	22.63
62.93	57.84	49.33	52.84	51.08	68.95	68.58	64.88
36.9	31.76	33.28	36.34	31.5	34.22	32.12	38.47
26.17	32.62	32.53	34.27	32.01	35.63	33.47	42.22
4.1	3.98	3.88	4.21	3.84	4	4.5	3.08
34.41	34.66	35.1	31.91	29.99	28.62	33.97	27.47
6.74	7.18	8.35	7.92	6.6	6.53	5.84	7.09
32.7	41.89	27.76	41.22	30.43	35.5	38.22	39.15
37.46	39.61	29.91	35.08	35.28	33.63	29.64	38.32
2.29	2.05	2.74	2.35	2.03	2.08	2.83	2.44
32.12	42.89	43.51	34.65	42.17	39.12	43.53	41.93
101.9	88.77	99.18	106.36	116.34	96.37	97.24	117.62
11.79	11.47	12.91	12.1	16.07	11.7	11.44	11.92
5.51	4.16	4.87	4.21	5.55	4.64	4.01	4.11
97.31	101.08	108.94	112.64	102.53	108.54	115.44	105.48
70.25	73.17	66.3	67.74	76.7	67.36	68.86	62.84
1.7	1.87	1.87	1.78	1.65	1.97	1.71	1.97
6.19	5.04	7.55	6.5	7.56	5.58	6.08	6.33
9.88	9.22	7.99	9.88	9.59	10.21	10.54	9.3
83.35	99.37	96.35	105.37	93.92	93.94	81.17	103.34
54.49	57.65	58.63	50.09	58.18	62.99	65.89	47.05
64.46	61.52	55.25	65.25	50.26	60.76	70.67	47.28
23.19	21.54	24.23	19.62	16.97	21.44	19.31	19.67
20.52	21.99	23.3	23.85	19.83	21.84	30.01	26.19
14.46	15.28	15.38	14.94	18.55	14.7	13.74	14.86
5.59	7.29	6.29	7.47	7.33	7.4	7.45	5.97
2.65	3.94	2.79	2.85	4.02	2.96	3.25	3.37
52.07	43.72	57.61	44.8	49.06	46.1	44.68	50.54
19.71	24.99	24.73	24.15	19.88	17.81	24.59	21.6
70.19	101.66	99.64	75.81	95.13	87.32	77.02	86.75
19.87	18.24	15.68	18.56	18.07	19	19.66	15.5
23.64	27.15	23.03	23.77	22.82	25.46	23.33	23.7
23.91	22.11	24.04	20.11	22.56	21.71	20.37	22.41
31.96	34.68	32.73	27.92	37.81	30.71	41.77	31.19
11.83	11.28	12.04	12.63	11.04	11.2	12.76	11.4
65.47	53.82	75.79	70.52	54.11	59.66	62.22	62.38
59.18	58.81	65.52	70.7	64.9	56.04	63.99	59.63
10.88	12.1	8.88	10.4	9.48	8.97	10.78	11.99
1.48	1.65	1.54	1.66	1.65	1.57	1.57	1.68
26.1	25.47	30.82	34.33	29.85	31.61	28.41	31.56
53.66	40.36	47.52	45.47	49.34	54.01	44.87	51.48
88.06	94.1	74.52	87.14	91.48	86.41	113.76	93.72
55.79	55.93	56.85	54.23	56.66	52.76	51.38	60.81
27.45	29.95	24.84	23.74	27.51	22.67	21.85	27.45
8.46	9.43	8.41	7.69	9.33	9.36	9.53	6.95
14.38	12.69	11.85	12.37	14.55	11.01	11.47	12.78
3.54	2.61	2.93	3.62	2.49	3.28	3.32	3.12
37.84	41.72	39.23	38.79	45.88	33.57	35.31	40.27
12.54	13.7	11.56	12.77	12.81	14.4	12.77	12.39
5.65	5.1	4.47	5.4	4.32	5.11	5.05	4.54
61.34	58.82	48.9	71.38	72.63	73.01	65.57	60.8
38.45	44.14	40.8	40.24	42.68	33.44	39	37.49
18.52	19.22	23.12	25.03	19.29	20.07	18.95	20.81
3.15	3.16	2.69	3.75	4.38	3.45	3.75	3.67
19.85	24.98	24.85	23.12	25.2	27.99	29.25	30.22
37.47	45.04	39.24	42.48	39.83	45.35	37.88	45.64
63.91	62.38	69.1	67.35	69.42	66.84	63.73	56.27
33.13	32.52	29.08	28.81	32.75	31.92	32	28.04
25.7	24.09	25.74	25.12	21.93	23.33	23.9	21.79
13.34	12.93	12.95	15.06	11.71	14.13	12.72	11.24
25.68	23.94	26.72	27.02	22.44	31.66	29.98	27.67
32.36	36.76	28.93	29.38	33.07	36.49	29.82	33.41
4.84	7.56	6.44	6.8	6.77	5.85	6.23	6.96
33.52	32.69	38.84	37.24	36.75	30.55	28.66	31.14
3.46	3.03	3.67	3.32	3.41	3.78	3.87	2.88
89.83	72.29	77.79	93.17	82.11	59.12	77.92	71.41
9.14	8.33	9.11	10.74	10.5	10.41	10.88	10.66
29.78	32.24	31.3	34.52	33.03	29.8	34.97	31.39
9.25	9.53	11.52	12.64	11.02	10.5	9.2	11.74
19.3	18.69	16.84	17.56	19.26	19.2	16.04	18.48
63.72	58.4	58.11	62.61	61.03	69.68	53.74	60.77
9.2	8.98	10.03	8.98	8.38	9.63	8.22	8.65
103.56	67.27	85.03	100.41	88.15	104.31	72.2	74.63
1.44	1.29	1.23	1.14	1.34	1.34	1.33	1.13
73.36	82.76	91.03	75.38	91.26	89.94	77.72	83.35
34.19	33.56	31.2	29.88	32	33.29	36.4	38.09
47.76	40.16	49.28	40.33	46.22	44.62	38.69	50.24
35.77	28.73	32.57	30.93	31.7	27.27	27.19	26.96
58.86	57.29	69.38	57.23	65.83	47.84	59.25	53.13
22.17	26.6	23.67	21.64	20.25	23.85	22.94	22.22
54.73	58.49	62.84	59.56	70.02	55.38	68.89	66.73
34.75	27.32	26.22	27.75	30.91	35.21	33.5	34.97
72.24	82.16	74.71	69.55	72.13	72.21	62.79	76.77
10.76	10.47	9.99	8.69	8.72	11.73	10.62	11.02
15.14	11.51	14	12.47	12.26	14.88	12.61	13.35
6.02	5.48	6.57	5.47	5.73	6.47	6.1	5.76
25.69	32.77	29.26	35.99	27.88	31.75	35.81	35.01
57.6	56.87	49.31	46.46	52.52	51.12	51.28	58.38
6.94	7.55	7.02	8.26	8.48	7.37	7.45	7.7
34.59	36.88	34.88	36.52	40.45	31.09	34.43	34.69
25.35	24.68	26.16	25.53	24.04	24.39	25.49	26.61
14.7	13.88	11.33	11.38	10.87	13.53	14.53	12.32
27.39	31.42	28.04	22.76	28.42	24.1	27.98	20.19
66.97	67.99	73.22	63.06	70.26	78.5	72.31	54.24
12.14	10.38	9.52	10.73	9.82	12.42	12.15	9.37
9.32	10.35	8.73	10.54	10.58	8.55	10.09	9.58
7.02	9.2	8.52	6.57	8.87	9	8.09	9.66
22.71	19.7	22.25	20.66	21.58	20.37	19.33	25.45
18.37	18.44	19.39	22.46	21.23	20.08	19.5	19.15
13.2	18.9	17.93	16.55	18.1	16.71	16.37	15.17
17.9	23.75	18.23	18.88	20.03	17.2	21.08	22
34.26	34.31	33.23	25.89	34.83	29.48	37.52	29.77
107.63	118.18	91.59	111.25	124.04	93.12	129.5	102.2
15.16	12.02	13.57	12.52	14.98	14.04	14.36	12.17
2.32	2.08	1.95	1.97	1.96	1.99	2.05	2.19
45.65	47.67	52.06	50.77	42.91	42.59	49.1	53.53
30.76	29.28	31.66	34.85	33.32	28.67	29.89	31.08
11.03	10.15	15.42	12.17	9.84	11.11	11.45	12
62	62.11	82.14	61.63	74.76	70.79	56.67	80.01
43.95	48.83	51.14	55.73	46.96	51.19	54.92	52.72
34.15	27.51	24.64	24.68	27.85	31.66	27.39	30.86
23.47	18.15	24.26	20.39	18.65	21.46	21.87	20.82
14.59	12.77	11.73	14.2	14.68	13.26	16.19	14.86
94.61	97.49	80.14	79.25	89.49	88.5	81.89	86.58
4.23	5.81	4.82	5.58	6.01	4.63	5.32	5.73
4.93	4.55	4.76	5.81	5.33	5.24	4.32	5.25
29.66	28.29	30.59	36.27	36.33	34.98	40.56	37.36
3.86	4	4.05	4.05	4.51	4.44	3.95	4.32
14.39	12.92	12.24	13.92	14.24	15.04	16.52	15.56
12.82	13.43	10.85	10.6	11.9	12.11	14.51	9.85
17.19	16.49	15.19	18	15.99	17.68	14.73	14.94
9.06	9.83	9.31	8.92	8.45	9.08	10.26	9.63
6.84	5.86	6.36	7.13	7.82	6.02	6.74	7.2
75.03	70.95	60.86	76.41	75.65	76.72	82.24	86.97
16.04	12.28	12.97	13.52	16.89	12.92	14.8	14.41
59.06	57.35	55.53	60.29	70.63	77.59	55.21	75.51
6.37	5.91	6.26	5.67	5.64	5.8	5.11	4.49
18.95	10.51	18.75	14.98	16.07	16.37	18.64	18.66
22.88	21.29	28.34	27.69	24.25	25.35	22.13	24.59
58.08	60.24	55.88	52.78	55.38	66.94	56.68	66.93
18.01	22.95	23.57	23.6	17.79	20.71	20.31	20.16
17.8	19.83	15.06	15.62	16.59	16.23	19.8	12.86
29.01	28.76	34.25	31.46	29.98	29.24	29.14	34.5
22.08	28.34	21.39	27.37	25.09	23.57	20.71	20.6
44.66	35.41	42.92	37.35	36.54	42.31	43.71	39.43
2.32	2.78	2.7	3.05	2.99	2.75	2.62	3.22
11.63	10.53	11.67	11.8	10.98	10.22	10.35	10.16
3	2.3	3.1	2.35	3.4	2.99	2.87	2.52
1.12	1.06	1.18	1.98	1.28	1.05	1.1	1.98
12.23	11.39	14.16	14.82	12.64	16.96	14.08	15.26
17.7	20.57	17.67	17.31	18.84	17.56	16.6	17.43
34.46	43.26	31.91	36.78	37.39	44.58	30.05	33.69
41.56	33.34	31.11	32.93	41.9	35.76	42.08	44.81
26.04	26.96	18.9	27.34	23.03	22.44	24.62	22.97
88.1	70.97	92.28	76.08	69.91	74.62	81.93	83.63
7.67	6.72	7.13	7.49	7.11	7.46	7.01	7.3
20.08	20.25	20.18	21.32	24.39	24.91	22.97	22.76
56.31	74.3	62.19	47.71	59.01	71.06	52.42	62.42
4	4.72	4.6	4.63	5.18	5.23	4.38	3.28
6.97	7.53	5.77	7.82	7.11	7.36	5.59	7.45
12.04	13.42	13.32	13.88	15.94	15.38	10.79	14.27
9.69	9.91	10.36	11.55	9.83	10.15	9.51	8.85
36.43	30.96	37.29	35.02	31.94	30.49	32.43	33.61
20.27	20.27	20.77	22.22	21.87	23.7	26.22	18.46
48.88	53.39	51.47	47.41	50.05	53.78	54.13	51.64
12.04	11.29	10.63	12.76	14.65	10.23	11.6	11.96
5.18	5.86	5.37	5.64	4.84	5.23	6.02	4.97
115.16	112.1	102.01	92.72	98.89	109.81	119.82	98.87
14.09	12.1	13.67	14.4	15.81	13.15	15.23	15.56
33.77	27.25	27.47	27.94	30.94	24.64	24.6	26.75
67.98	67.36	68.19	82.86	72.8	78.95	61.6	67.96
26.37	25.31	21.26	22	25.65	26.25	24.44	23.92
17.69	21.17	21.08	23.38	18.53	20.85	21.27	18.03
45.76	40.54	39.88	39.25	33.55	39.26	37.8	33.64
14.26	13.39	11.32	11.75	9.29	11.42	12.92	11.45
36.98	44.86	43.52	42.57	38.89	41.99	48.09	43.33
23.99	19.45	22.39	17.58	14.71	17.66	20.02	16.25
19.21	23.71	20.03	22.17	21.28	21.35	24.58	17.39
63.55	55.56	53.91	77.23	63.43	66.56	65.86	65.43
26.49	28.36	29.43	32.74	26.26	26.79	25.11	27.96
41.3	38.02	33.84	38.52	35.54	41.6	32.27	33.26
26.56	25.2	29.64	26.94	23.53	29.78	27.09	29.55
27.9	32.71	24.6	29.78	32.25	29.06	22.7	27.3
99.28	103.37	106.54	75.13	80.49	91.97	82.5	94.77
20.76	16.65	17.56	19.61	20.74	19.07	16.78	16.45
63.37	58.77	62.64	67.57	69.91	74.27	74.83	64.54
31.55	26.79	25.02	25.2	24.28	22.88	26.12	21.57
28.05	27.05	27.13	27.43	33.9	32.8	36.41	31.97
15.61	20.56	21.58	15.59	20.31	19.11	17.8	20.15
13.98	15.63	14.95	15.01	13.95	13.01	13.71	12
22.6	20.7	26.39	24.08	23.67	23.85	22.67	22.94
2.02	1.87	1.81	1.94	2.1	1.77	2.34	2.06
40.97	34.67	35.5	41.08	41.92	38.1	41.75	36.7
6.93	7.93	7.78	8.99	9.36	10.01	9.26	7.2
25.9	26.28	26.92	25.75	29.52	25.24	29.77	21.52
21.39	23.75	21.78	22.92	23.13	17.75	21.23	24.27
60.48	72.94	66.09	69.54	61.48	62.69	63.99	72.67
17.32	16.11	14.44	17.09	18.54	17.58	15.56	18.89
10.18	9.42	9.83	8.69	8.79	6.98	8.63	10.22
22.74	21.89	22.75	23.25	26.12	22.29	22.05	24.46
1.03	1.04	1.02	1.09	1.18	1.03	1.1	1.09
8.61	10.73	11.03	10.55	11.62	12	10.57	12.87
42.81	38.62	38.96	56.63	46.57	38.04	47.89	49.46
3.38	3.24	2.76	3.46	3.72	3.26	2.94	3.32
9.4	11.63	13.23	12.21	12.53	11.37	12.57	11.47
7.38	7.25	8.63	8.38	8.49	8.15	7.44	8.05
22.08	20.49	27.49	25.55	20.15	21.94	25.2	21.96
56.18	57.83	52.56	56.45	51.22	50.84	59.5	52.93
20.67	20.61	15.93	21	18.44	16.63	19.4	18.25
70.08	85.28	67.05	74.98	77.49	76.58	70.75	78.06
6.83	6.8	8.34	6.35	8.45	6.09	6.93	7.88
46.16	37.4	42.81	48.8	43.07	46.39	47.74	53.1
33.36	32.68	35.46	38.23	42.13	39.03	35.3	35.35
12.56	12.42	10.91	14.2	11.6	15.65	11.4	14.45
74.58	68.59	75.49	73.83	61.79	72.69	71.13	70.73
51.65	52.67	47.64	47.45	51.95	60.91	55.78	59.42
31.95	40.74	36	37.21	36.2	36.03	32.83	33.83
7.25	7.16	7.41	6.84	7.34	6.4	7.45	7.75
42.66	39.45	37.81	37.09	39.45	35.13	33.29	38.45
3.45	3.84	3.66	3.95	3.7	3.69	3.67	3.64
44.14	41.42	37.51	39.18	43.55	40.18	42.18	45.43
11.15	9.02	12.78	10.39	10.02	9.69	8.19	10.28
15.96	16.87	15.45	16.36	18.2	16.88	15.06	16.4
40.52	40.77	38.47	45.02	44.64	33.84	37.85	36.39
58.54	47	51.52	60.84	54.88	55.31	57.16	58.74
18.75	18.18	15.14	19.53	15.82	16.26	15.71	18.89
49.42	47.12	54.82	55.89	53.58	47.54	50.59	45.27
38.23	38.72	44.39	37.06	35.63	34.87	29.12	33.49
37.61	44.19	43.09	41.42	34.96	31.42	31.21	35.98
22.28	16.88	20.44	17.73	19.12	20.17	16.72	19.66
9.01	8.13	10.27	10.81	10.19	8.19	8.74	7.66
4.92	4.43	4.89	4.79	4.86	3.76	4.46	5.06
13.57	10.64	11.35	12.5	11.86	12.45	13.66	14.34
1.42	1.53	1.34	1.28	1.57	1.27	1.51	1.16
24.28	28.08	24.12	21.67	27.62	29.39	20.46	25.32
73.23	82.17	89.75	80.38	83.71	72.55	99.45	86.84
50.15	47.75	44.45	45.46	42.57	48.53	40.63	54.87
2.98	3.27	2.59	2.82	2.89	3.21	2.86	2.57
7.55	6.44	7.16	7.51	7.05	6.3	6.48	6.43
74.56	78.76	79.68	84.45	64.48	72.31	82.13	69.38
30.75	32.49	36.49	34.55	45.28	38.01	35.94	35.94
26.71	24.12	25.67	25.56	28.31	31.99	28.92	25.81
24.6	28.21	21.88	21.22	22.84	27.79	26.79	23.45
7.74	7.61	8.53	10.74	8.75	7.73	7.85	8.57
5.69	5.26	5.17	5.05	4.49	4.45	4.38	5
11.31	11.08	9.39	8.39	10.16	9.85	8.34	11.21
10.06	10.91	12.3	10.72	10.81	10.24	10.24	10.92
28.43	25.63	28.6	29.42	32.13	26.26	30.31	32.54
41.89	43.09	43.37	41.2	44.89	51.32	41.72	39.07
38.52	43.13	49.53	39.67	40.32	36.27	40.63	37.12
5.97	5.98	6.6	6.45	6.38	6.89	5.56	6.13
18.48	14.89	17.47	19.14	15.61	15.37	15.67	15.47
1.92	1.67	1.82	1.83	1.59	1.94	1.93	1.82
22.09	22.18	20.15	22.52	21.75	19.49	19.95	23.56
5.15	4.52	4.91	4.5	5.05	5.38	4.13	4.96
58.01	67.7	61.58	57.29	59.72	64.1	68.83	67.38
73.46	90.15	95.98	83.07	76.57	90.23	74.92	78.17
32.29	34.8	34.96	27.07	30.61	30.66	32.02	33.2
54.69	55.21	51.28	57.15	52.55	44.7	47.81	53.17
4.64	4.44	4.56	4.46	5.06	4.53	4.2	5.48
3.92	3.7	4.57	4.53	4.24	4.22	4.63	4.19
18.3	18.13	16.99	19.91	23.82	18.17	20.1	18.65
10.5	9.95	10.78	8.05	9.71	10.62	12.19	9.93
70.18	56.49	52.36	52.45	53.78	55.2	52.05	44.74
1.28	1.29	1.26	1.31	1.29	1.3	1.3	1.28
13.29	14.62	14.43	14.17	14.87	14.64	14.17	14.75
10.46	10.21	9.65	10.22	9.94	13.74	8.87	8.78
14.5	13.68	15.51	12.77	14.39	13.74	13.35	14.08
103.52	92.69	81.07	87.61	73.83	81.16	94.56	83.41
57.18	50.03	57.91	56.28	60.47	51.61	57.85	48.2
43	44.34	39.55	38.98	37.64	37.27	35.94	38.54
16.82	17.87	14.6	16.12	17.24	16.48	14.16	16.12
1.9	1.74	1.75	1.88	1.96	1.84	1.87	1.97
61.57	58.97	61.52	63.58	64.65	55.19	57.76	54.88
86.24	88	89.13	81.98	77.27	83.35	85.86	69.2
17.9	21.21	19.6	21.53	22.96	20.24	20.69	20.29
55.93	42.8	61.69	54.25	57.02	46.33	58.88	50.69
10.25	9.97	11.18	11.63	12.4	11.6	13.2	14.13
11.1	10.96	8.69	10.89	10.36	11.23	12.92	10.73
14.58	13.73	17.67	12.69	13.23	15.71	14.93	12.53
6.99	5.83	5.31	5.56	5.51	6.18	4.41	5.38
11.47	12.3	13.94	13.15	11.02	14.79	12.01	10.64
66.22	86.17	65.32	64.3	58.04	66.23	65.59	67.46
24.71	21.65	25.09	26.27	21.49	20.07	23.23	18.94
8.07	8.92	8.2	7.36	7.01	7.8	7.48	8.06
9.02	8.09	8.02	9.17	6.82	7.91	7.88	7.09
4.51	4.47	4.14	5.47	2.75	4.45	4.4	4.66
6.35	5.9	5.57	5.96	5.87	4.9	6.45	6.56
102.24	110.1	106.35	95.23	105.49	100.01	103.39	111.79
17.92	20.05	21.48	21.4	19.54	19.29	20.41	20.42
20.44	20.99	18.99	23.68	23.85	20.65	19.65	22.95
6.74	6.5	6.79	7.03	5.53	6.16	6.4	6.05
25.84	21.38	29.74	21.53	19.68	20.57	24.67	19.91
75.62	75.09	86.44	63.93	78.34	77.97	77.77	80.2
10.02	9.94	10.89	9.54	11	11.21	11.81	11.25
20.98	20.53	21.35	28.67	24.58	21.7	24.26	23.69
7.45	8.6	8.06	9.38	7.59	7.18	7.68	6.43
1.07	1.96	1.87	1.15	1	1.89	1.04	1.97
15.42	17.43	15.24	15.25	18.54	13.44	14.99	14.81
4.34	4.08	3.72	3.98	4.26	3.93	3.98	3.99
9.12	8.32	9.58	8.55	7.38	9.72	8.77	10.56
64.83	53.3	55.58	64.87	62.75	55.28	49.83	65.03
32.84	36.15	30.25	33.28	34.52	33.28	39.11	37.37
11.04	11.87	11.44	11.48	11.9	10.36	11.79	12.3
31.68	30.1	36.44	33.7	35.27	37.2	39.56	37.02
76.65	66.64	84.62	83.87	84.77	76.32	82.22	88.8
21.7	25.08	23.44	27.13	23.24	23.66	25.15	21.06
2.46	2.11	2.18	2.62	2.03	2.25	1.87	2.22
18.61	14.55	19.03	17.59	16.15	17.25	16.46	13.9
11.84	12.37	10.35	11.98	9.95	10.06	11.92	12.66
36.07	31.34	30.22	28.06	28.34	26.09	25.86	30.03
51.95	68.23	61.18	67.79	64.62	53.57	61.74	67.43
23.98	25.02	25.95	25.28	27.51	28.11	26.75	32.59
51.01	38.58	45.02	47.77	45.24	43.01	40.38	38.34
21.91	22.74	19.74	19.37	18.13	22.52	22.16	22.24
48.92	38.6	41.06	36.32	36.89	35.95	41.91	36.9
23.5	21.25	23.78	21.48	22.69	24.51	23.6	23.11
29.13	33.59	24.05	26.58	29.89	27.52	29.24	29.54
18.11	13.54	12.61	15.66	16.48	13.73	14.22	15.62
21.6	18.04	20.5	18.91	21.3	22.87	19.17	20.64
48.92	53.46	60.56	57.81	50.49	49.57	46.33	58.51
20.64	20.9	20.96	17.61	19	17.74	21.33	20.2
48.58	35.96	47.85	38.05	46.27	40.98	40.85	49.36
14.18	12.7	12.9	11.46	14.01	13.34	13.67	11.27
6.43	7.02	6.96	5.36	7.51	7.11	6.08	5.32
12.81	14.48	9.46	12.51	12.49	14.16	11.61	12.26
33.65	37.01	34.75	41.32	38.43	42.36	35.93	39.04
65.94	66.28	58.35	65.29	61.46	50.09	47.38	59.15
20.39	18.44	18.59	22.67	21.81	20.03	19.78	18.29
17.35	17.55	17.7	18.13	15	15.65	15.71	18.74
84.41	95.84	96.4	80.27	80.46	89.05	84.93	98.13
36.55	33.86	32.44	33.31	30.33	40.93	30.93	28.88
41.36	39.22	39.28	46.23	42.51	37.98	44.6	38.16
12.39	13.17	12.66	12.09	12.61	13.07	12.6	14.49
3.36	3.88	4.26	4.52	4.5	3.92	3.7	4.39
13.3	12.92	11.31	11.64	13.44	12.05	12.09	12.65
36.16	32.08	34.6	31.94	26.16	33.17	31.87	36.42
30.98	38.08	38.81	40.71	40.75	42.59	33.37	33.65
25.51	30.41	30.44	22.19	28.36	33.41	27.4	26.53
6.81	7.34	9.06	7.11	7.33	7.28	6.8	7.03
3.29	3.6	3.51	3.82	3.86	3.51	4.07	3.76
46.77	63.79	55.06	65.2	55.6	56.26	65.43	54.63
14.53	13.22	15.38	14.29	13.09	13.26	9.94	14.49
101.36	104.26	119.59	130.27	116.76	98.77	117.31	117.51
45.57	38.79	40.7	39.72	44.19	44.34	40.36	40.76
10.18	9.11	10	9.06	11.47	9.33	9.29	8.93
79.38	82.46	85.51	89.59	90.38	81.9	86.49	77.71
6.67	6.88	6.54	7.7	6.4	8.09	6.78	6.78
5.19	7.17	5.91	6.52	8.11	7.28	6.33	5.87
11.66	10.31	11.34	9.54	12.09	9.44	10.7	9.78
23.39	20.9	23.1	22.35	21.41	19.69	21.05	19.8
42.95	45.53	44.33	40.22	39.61	41.83	36.02	35.25
4.95	5.7	5.17	4.62	5.51	4.59	4.28	4.93
18.78	19.47	21.42	18.64	22.5	18.82	17.32	22.75
28.91	35.34	27.97	32.56	33.57	31.57	34.44	33.98
32.06	29	32.1	25.05	30.29	25.82	29.17	34.51
6.31	6.29	7.22	8.38	8.02	7.24	6.25	5.89
33.43	44.39	39.05	37.74	39.06	34.75	36.19	39.51
54.45	44.57	50.3	41.4	47.16	42.73	47.42	57.04
28.26	30.81	32.17	30.42	29.77	28.76	28.64	27.88
86.61	88.38	81.97	95.42	80.3	82.9	80.47	98.42
63.42	62.32	58.23	60.37	63.03	69.09	65.82	71.89
6.25	5.76	4.91	6.08	5.08	6.88	5.32	5.26
48.93	52.54	41.46	55.81	52.24	52.48	44.41	52.87
37.4	41.22	34.72	35.98	41.78	37.88	40.56	45.31
10.9	9.47	11.16	10.63	10.06	11.85	11.1	11.55
33.47	46.17	43.12	44.34	33.83	42.87	46.08	40.27
26.32	25.19	28.49	25.62	20.13	22.38	23.83	26.79
6.04	5.97	6.95	5.93	6.73	4.77	6.84	7.13
4.71	4.46	4.59	4.95	4.98	5.33	4.81	5.67
64.64	64.79	72.82	81.78	65.76	67.96	85.16	78.16
15.2	10.93	13.44	14.22	14.96	11.2	13.01	14.22
7.6	5.55	7.62	5.4	7.27	7.49	6.82	7.74
45.94	49.21	47.03	44.99	45.49	48.06	40.35	47.6
10.11	12.85	13.13	12.03	11.87	13.7	13.16	12.94
47.54	50.37	41.51	37.23	35.83	41.65	44.06	47.84
9.35	9.29	9.35	6.88	7.78	9.26	7.42	8.39
96.72	93.87	76.58	69.37	78.26	82.05	80.17	79.16
3.32	3.03	3.86	4.05	2.89	3.14	3.16	3.1
7.59	6.21	6.43	5.99	6.93	6.77	6.53	7.42
53.23	67.02	60.22	72.65	75.43	73.64	58.14	67.73
43.51	42.98	45.53	50.33	35.26	37.7	52	56.59
22.75	21.33	21.45	21.44	23.32	26.86	23.89	25.05
3.63	3.42	3.75	3.7	2.93	3.73	3.81	3.5
2.89	2.44	3.16	2.7	2.62	2.6	2.64	3.06
71.89	54.51	57.04	61.76	55.07	61.77	58.78	55.31
11.31	14.42	15.9	12.01	14.97	14.64	12.52	13.94
58.69	46.52	53.05	54.8	61.44	51.4	53.61	54.81
25.65	27.34	31.93	24.75	32.04	24.5	32.74	31.08
131.77	126.03	133.33	141.25	153.31	122.99	132.83	142.88
40.16	32.48	36.99	35.75	35.89	35.14	34.83	37.64
4.38	5.72	5.09	5.36	4.57	4.81	4.89	5.57
37.61	46.2	37.34	36.81	39.02	45.73	40.14	38.05
16.8	16.91	19.54	18.18	16.32	14.44	19.12	17.99
27.66	27.72	26.74	28.36	32.8	27.5	25.02	31.92
42.63	46.53	57.97	46.5	46.91	51.21	44.89	46.3
27.78	31.97	27.45	25.51	30.01	26.09	25.04	27.6
2.29	2.13	2.16	1.75	2.89	2.07	2.35	1.83
17.09	17.42	12.98	17.67	15.53	13.86	15.57	16.25
45.33	53.24	53.15	55.63	53.84	63.98	49.95	47.74
52.26	43.58	44.6	47.7	53.4	48.61	41.62	44.26
9.12	10.36	9.64	11.8	8.54	8.57	9.26	9.37
9.48	7.19	8.48	8.37	9.83	7.51	8.06	8.64
12.48	9.77	11.36	11.5	11.15	10.41	12.19	9.35
5.61	6.04	5.84	6.3	6.04	5.32	5.69	5.28
11.77	10.78	11.44	11.7	10.19	10.19	10	13.12
49.08	43.74	43.57	38.28	44.99	44.32	41.37	41.1
43.85	37.8	50.47	44.5	40.49	44.91	46.94	37.04
4.78	4.41	4.02	5.03	5.07	4.35	4.27	4.97
31.35	26.99	29.91	30.28	29.19	24.75	28.21	30.27
31.71	23.81	25.64	25.93	26.97	28.96	24.51	29.73
21.09	16.5	17.96	18.37	16.84	18.99	18.56	14.65
17.87	15.53	17.84	18.86	16.92	15.34	17.47	19.09
27.21	30.76	27	24.39	29.49	27.78	30.69	33.14
4.51	5	4.69	4.25	5.91	4.78	5.18	5.07
38.49	39.65	42.57	42.45	41.02	40.21	39.25	39.19
25.91	24.36	23.09	21.39	26.82	23.69	19.68	23
15.44	16.48	13.52	15.96	14.34	13.78	16.48	16.64
64.1	52.03	48.34	51.4	49.08	45.51	54.13	53.81
34.07	29.1	30.15	34.49	29.4	33.74	32.28	33.64
79.59	66.2	70.62	77.78	84.38	65.36	92.68	73.41
131.2	107.88	116.09	121.74	127.65	114.73	132.02	153.76
23.74	30.46	27.88	26.84	23.01	25.24	30.74	25.75
33.11	38.38	34.38	32.82	34.85	37.78	33.41	33.95
4.02	3.97	3.26	3.54	4.1	3.31	3.44	3.46
61.54	55.02	56.68	52	39.25	49.74	51.88	51.97
6.67	6.3	6.38	6.94	6.91	6.97	6.2	7.24
24.81	21.46	21.19	23.6	24.35	27.63	25.8	21.65
13.19	14.97	14.36	19.05	15.18	14.7	16.81	16.18
22.85	23.67	24.65	23.65	25.65	26.33	21.26	27.55
110.12	103.24	85.76	79.63	82.06	68.32	86.19	78.29
32.49	31.85	26.3	28.03	36.62	36.3	32.46	33.16
11.66	11.66	10.25	11.63	11.4	9.9	10.47	10.68
2.68	2.37	2.68	2.42	2.51	2.73	2.8	2.42
87.27	103.49	100.18	96.65	72.93	89.77	76.6	88.72
9.03	9.9	9.24	8.32	7.98	8.84	8.85	9.24
6.22	5.53	5.66	6.1	6.59	4.97	4.56	6.24
5.44	4.98	5.65	6.4	6.24	5.02	5.12	5.55
3.81	3.63	3.94	3.23	4.19	3.58	3.51	3.52
4.03	4.35	4.94	5.6	3.82	4.35	4.02	3.97
19.43	19.33	19.35	14.86	19.94	22.35	19.5	19.33
191.43	197.63	173.51	164.63	167.41	150.86	191.28	164.01
13.11	20.11	19.01	17.17	19.4	15.95	17.74	19.21
23.13	22.06	20.39	17.95	19.56	25.81	20.89	23.57
20.09	21.5	18.9	15.03	19.01	16.23	20.47	18.73
8.06	6.74	6.71	6.54	6.08	6.6	6.24	6.9
57.45	54.12	50.43	58.67	63.87	57.66	46.29	53.37
10.24	8.48	9.4	11.17	10.81	9.85	9.65	8.74
20.04	21.28	20.19	21.5	25.95	22.28	22.32	24.39
34.3	38.44	34.14	34.07	33.81	33.13	36.63	34.2
72.56	81.89	75.4	67.7	75.85	68.24	75.95	71.75
29.85	28.68	32.89	31.22	34.06	30.76	28.75	32.82
77.35	88.13	68.34	68.9	84.89	76.39	87.94	78.54
38.11	44.03	39.3	39.73	43.22	38.18	33.56	35.46
47.54	40.88	48.08	44.54	43.35	42.77	43.77	38.9
2.59	2.07	2.2	2.15	2.19	2.2	2.33	2.13
37.67	38.34	40.14	46.17	40.44	43.82	44.56	47.01
8.97	9.12	8.94	12.47	8.65	7.67	8.43	7.76
8.8	8.77	10.5	9.09	8.49	9.59	9.24	8.64
19.98	22.89	18.75	21.57	19.45	24.19	23.1	20.13
5.65	4.48	5.42	5.19	5.15	4.43	4.72	5
14.34	15.76	15.48	15.92	14.5	17.19	17.17	17.59
7.49	6.87	7.28	8.28	7.78	6.78	7.27	7.3
56.23	66.76	60.16	52.42	59.08	50.65	65.6	60.26
25.76	24.77	25.91	21.73	25.22	30.12	27.94	25.43
3.95	4.65	3.92	3.88	4.09	4.38	3.99	3.36
118.26	134.56	116.86	124.58	129.42	114.06	126.44	134.53
39.55	37.07	34.16	39.35	31.02	35.95	36.27	34.73
20.03	20.54	18.52	19.09	21.54	20.65	18.6	17.05
53.31	44.72	52.79	45.26	55.93	41.27	53.89	42.82
44.53	35.81	44.5	36.03	35.12	37.7	43.15	39.29
69.05	71.1	61.7	62.92	58.5	67.31	70.48	60.74
3.37	3.01	3.22	2.88	3.13	2.87	3.25	3.03
58.59	51.46	52.72	45.39	44.07	43.17	55.36	46.15
77.05	69.31	91.87	82.4	86.16	74.01	79.25	90.01
20.96	24.01	21.96	23.28	22.26	21.85	20.43	18.85
15.03	15.79	16.67	13.37	13.83	15.73	13.08	14.53
130.11	95	108.18	88.52	83.44	118.48	107.21	95.08
47.56	54.73	53.68	58.62	50.38	57.35	53.93	63.44
44.26	38.35	37.82	39.39	44.12	32.29	36.17	38.11
7.46	7.69	9.95	6.99	9.2	8.47	8.55	8.28
76.38	81.67	57.52	84.66	78.77	86.01	66.39	83.18
64.39	62.37	58.11	66.48	63.1	65.72	64.24	63.6
17.86	14.95	19.93	14.7	15.86	18.1	17.39	15.89
16.4	14.89	14.15	16.1	12.84	16.31	20.41	17.31
63.82	65.15	66.64	67.57	67.38	59.21	56.3	62.01
2.41	2.15	2.22	1.98	1.45	1.83	2.07	2.25
6.61	6.52	6.67	7.07	6.19	6.38	7.36	5.8
10.32	10.62	11.18	11.85	10.56	11.22	9.97	10.67
56.24	57.82	59.65	54.68	56.96	60.08	63.02	54.17
65.26	75.66	70.14	64.49	59.45	55.27	64.84	62.53
40.38	45.82	44.44	36.15	42.34	36.96	33.51	45.62
19.4	19.91	20.38	22.89	22.8	20.23	22.12	23.06
9.53	7.9	7.91	7.89	7.73	7.62	6.62	8.27
10.21	8.57	8.95	9.8	8.91	7.93	9.67	9.05
5.77	5.78	5.93	5.39	6.6	4.9	5.98	5.38
1.3	1.31	1.32	1.37	1.3	1.38	1.32	1.31
25	27.22	29.68	29.77	32.62	26.5	32.6	24.2
61.02	54.85	51.59	46.8	51.14	61.02	58.54	56.57
30.65	28.68	29.8	26.58	26.79	29.38	30.02	28.56
8.55	7.31	8.45	9.91	10.73	10.24	10.08	10.84
21.93	18.79	18.94	18.41	18.72	20.78	20.56	16.27
17.59	20.87	18.09	16.55	21.37	22.74	18.91	20.67
8.41	7.68	8.16	8.92	7.68	7.28	6.79	7.89
12.54	12.38	11.5	13.46	13.27	13.36	13.78	12.29
19.85	19.57	22.27	18.91	23.09	24.81	21.94	23.2
20.23	18.77	18.07	16.69	16.01	17.9	19.46	16.85
65.18	65.1	60.64	72.56	68.52	60.57	56.3	70.29
22.25	21.1	20.68	18.46	18.74	16.53	19.78	18.15
8.7	10.25	9.63	8.18	11.38	7.79	8.79	10.1
84.08	61.24	71.11	58.03	65.24	60.1	65.56	73.2
73.43	63.26	58.21	57.52	58.15	69.9	62.26	63.15
52.12	54.97	47.14	48.43	46.76	45.46	44.64	36.77
78.86	83.48	81.09	87.72	80.14	62.71	73.23	89.5
14.92	15.05	13.73	16.62	15.96	12.04	16.95	15.56
11.93	11.7	11.34	10.57	12.26	9.8	11.49	11.33
35.2	37.05	37.38	39.3	34.16	37.67	44.23	37.6
38.57	36.93	47.47	32.76	38.93	38.21	36.3	41.38
50.7	38.82	44.9	41.01	45	33.37	41.62	53.26
27.65	30.32	33.46	26.03	30.77	33.37	27.23	33.78
20.65	23.21	21.4	23.74	23.17	20.97	21.12	20.82
87.82	112.79	88.52	95.88	109.13	89.73	88.38	113.67
11.09	10.71	9.91	11.75	8.75	9.7	9.55	11.92
79.91	86.28	73.41	96.25	91.1	84.71	91.07	81.2
7.91	8.97	8.39	8.18	8.4	7.78	7.92	7.21
27.04	25.55	26.02	25.84	28.85	29.92	26.94	25.84
56.56	44.74	50.05	56.58	46.01	50.63	41.91	52.1
192.64	143.48	151.11	149.34	155.88	160.5	176	138.81
16.06	11.02	13.56	15.74	14.95	13.99	10.84	15.43
1.47	1.57	1.51	1.52	1.57	1.48	1.43	1.59
2.31	2.13	2.44	2.33	2.31	2	1.65	2.05
47.96	41.32	46	45.98	49.32	44.96	42.17	47.19
31.34	34.36	34.75	36.49	29	33.78	31.85	31.77
43.31	47.5	49.12	41.28	45.04	41.82	40.34	46.19
42.87	56.29	48.19	50.63	41.75	54.12	45.98	42.9
27.57	28.79	33.45	34.04	23.7	30	28.56	31.11
5.73	5.44	6.05	5.23	5.12	5.31	5.16	4.95
2.5	2.28	2.31	2.69	2.42	2.35	2.46	2.41
1.38	1.27	1.34	1.34	1.36	1.36	1.32	1.36
93.94	96.47	86.31	79.23	72.9	78.48	84.55	79.63
18.64	20.18	16.5	17.37	20.36	19.48	21.85	18.48
6.42	6.34	7.17	5.09	6.65	5.38	5.62	6
78.51	85.83	63.72	72.32	98.26	79.78	65.92	83.02
69.16	73.04	74.51	67.99	64.68	82.09	60.5	75.59
20.58	20.5	18.85	19.01	16.73	20.01	18.47	14.18
2.98	2.88	2.36	2.81	2.93	2.36	2.65	2.51
3.21	3.07	3.54	3.39	3.37	2.92	2.74	3.56
28.88	26.62	22.33	24.87	27.38	27.87	30.22	25.27
1.3	1.29	1.21	1.42	1.18	1.29	1.36	1.43
40.18	42.6	40.89	40.95	41.02	41.67	38.36	44.18
95.19	77.18	85.09	99.88	79.16	88.75	94.44	96.66
2.44	2.66	2.24	2.42	2.13	2.19	2.21	2.33
39.18	33.96	38.87	39.65	36.73	35.18	40.32	39.66
4.33	5.6	5.12	5.67	5.22	5.24	5.73	5.62
38.72	36.38	33.75	35.69	28.74	27.13	29.32	36.05
43.95	42.3	43.43	48.21	38.23	34.97	41.06	41.29
3.25	3.02	2.94	3.27	2.59	2.95	2.69	3.27
17.06	17.3	16.96	17.49	21.1	20.17	19.61	17.57
6.36	6.51	5.48	5.24	6.08	4.98	7.35	6.01
31.12	36.48	33.83	31.88	35.15	40.02	39.24	43.54
3.42	3.34	3.44	3.02	2.87	3.18	3.66	2.9
50.72	56.28	53.99	60.54	57.55	53.69	52.15	48.2
37.59	39.65	44.07	37.12	35.8	33.01	48	37.6
93.3	79.82	83.63	81.46	66.6	89.96	97.86	95.27
76.84	75.55	69.75	81.13	71.57	70.51	77.47	78.85
40.24	33.02	36.28	30.21	33.8	47.07	37.75	33.85
19.54	22.08	21.16	19.12	19.67	20.18	23.17	19.58
24.62	27.97	30.82	26.79	29.23	29.43	25.86	25.68
3.07	2.92	2.75	3.25	3.16	3.09	4.34	2.85
26.82	23.37	26.77	25.09	28.11	25.33	30.96	25.52
5.75	5.8	7.41	6.8	6.13	6.63	6.29	5.72
17.48	17.38	21.28	19.65	15.72	18.83	15.02	16.88
22.32	13.85	16.22	18.22	15.07	18.63	19.08	16.56
1.05	1.05	1.05	1.04	1.06	1.05	1.06	1.06
20.47	20.18	24.69	20.93	25.01	20.5	20.28	20.4
98.49	108.69	96.6	85.74	89.87	112.48	87.41	89.43
22.13	18.68	20.36	19.1	21.9	18.4	18.31	21.05
24.5	27.71	26.22	26.03	31.66	29.19	27.09	28.88
14.8	16.72	17.85	14.1	17.07	15.45	17.71	13.86
15.97	15.9	18.31	17.05	17.38	15.26	17.49	13.69
106.04	117.84	102.39	112	105.24	117.86	84.29	86.8
26.85	36.37	34.21	26.64	24.07	33.42	27.49	32.44
83.83	88.85	90.64	79.54	88.86	70.28	90.44	96.72
37.21	44.13	35.62	41.4	37.26	47.65	37.24	41.72
2.18	2.55	2.5	2.32	2.65	2.51	2.5	2.92
31.36	31.25	31.22	26.86	37.55	29.1	30.48	27.88
66.17	67.56	74.64	61.48	73.97	70.51	75.91	77.08
24.87	27.17	19.43	23.94	25.47	21.96	19.17	24.68
24.89	27.74	25.56	26.03	24.31	24.69	25.07	27.14
13.94	12.82	16.09	14.44	13.92	14.08	13.41	12.87
66.16	58.79	54.6	57.46	65.29	53.82	54.68	65.45
1.26	1.46	1.44	1.41	1.43	1.39	1.28	1.4
35.98	34.5	37.21	35.09	31.73	32.19	36.27	30.53
33.1	33.56	37.14	37.67	40.51	39.66	32.84	34.88
45.37	46.76	59.19	44.13	61.35	46.54	51.83	53.42
123.67	115.89	106.65	105.2	102.48	125.62	105.11	110.02
57.95	50.69	62.2	56.73	66.96	56.85	55.45	51.02
23.01	24.01	25.06	25.57	21.9	22.45	19.48	17.99
21.3	18.33	20.24	19.42	16.79	19.53	16.53	19.63
36.88	31.33	30.89	33.26	36.9	33.52	34.43	27.83
44.74	48.04	55.85	53.74	46.79	50.62	54.38	52.43
7.03	6.21	6.65	6	6.43	6.94	5.78	6.22
41.84	38.51	27.55	32.2	42.09	35.42	36.71	33.49
25.01	27.36	28.74	25.05	27.93	26.19	21.23	21.83
7.51	8.25	8.76	8.41	8.08	7.75	7.63	7.48
7.55	7.4	8.57	6.84	7.33	7.45	7.2	9.38
29.74	25.59	24.58	25.44	27.42	30.07	30.51	26.78
19.07	18.55	16.71	20.17	18.37	20.8	20.06	19.01
8.55	8.57	8.06	7.61	7.71	7.91	8.71	9.02
67.61	78.24	76.67	64.07	65.7	66.58	69.51	75.48
77.33	79.12	78.53	82.77	81.85	75	73.92	74.85
10.52	9.84	8.22	10.15	8.75	9.85	10.11	8.8
10.23	11.03	10.46	10.22	11.53	10.64	7.75	7.57
3.6	4.22	3.87	3.78	4.06	4.34	3.87	4.18
26.43	24.41	24.68	26.18	26.84	25.34	21.53	26.03
37.53	29.91	35.23	24.47	30.55	34.1	26.14	33.11
54.07	62.34	71.78	55.55	61.58	58.71	63.79	54.57
1.5	1.55	1.79	1.92	1.6	1.57	1.6	1.54
8.46	8.84	9.82	9.69	10.46	8.48	9.32	8.9
17.94	18.29	20.3	18.55	17.73	18.49	18.64	22.69
15.41	13.43	17.19	18.2	16.19	15.6	18.15	17.08
2.23	2.18	1.93	2.14	1.84	2.16	2.04	2.23
39.96	40.06	39.29	31.4	31.31	39.85	29.79	30.16
20.87	18.88	21.09	19.35	19.63	20.89	19.25	17.43
6.16	5.37	5.93	5.34	5.7	4.97	6.29	5.9
23.99	26.25	26.71	25.79	26.25	21.85	23.45	25.21
11.19	10.55	11.31	12.53	10.34	9.62	8.97	10.4
17.43	18.8	17.29	19.38	18.58	20.41	18.78	18.6
106.76	123.92	112.95	93.96	109.97	92.41	89.29	82.57
1.07	1.11	1.98	1.2	1.02	1.06	1.27	1.03
13.43	12.66	15.83	14.85	13.68	12.35	12.48	14.85
29.08	31.35	29.09	33.06	28.68	39.06	27.12	32.93
35.13	42.88	34.2	43.17	36.76	42.14	32.43	34.07
23.51	29.98	31.29	24.6	23.59	28.52	24.13	27.33
16.09	23.4	18.59	19.15	18.92	18.85	18.58	20.9
25.25	25.91	27.29	22.62	26.36	24.41	23.91	27.75
1.72	1.76	1.85	1.87	1.82	1.83	1.74	1.87
23.27	25.93	26.74	27.83	29.32	25.85	22.83	26.27
9.4	11.36	13.19	11.55	12.27	14.7	10.99	13.12
52.9	46.48	53.92	45.79	54.86	53.11	45.72	54.51
34.65	34.67	34.29	34.7	39.62	35.24	42.35	35.55
48.92	50.8	48.89	37.11	50.72	45.82	51.08	53.71
11.77	11.61	11.46	11.2	13.07	11.44	10.84	11.03
3.81	3.81	4.24	3.04	3.46	3.1	4.23	3.58
6.09	4.49	5.54	5.86	6.15	5.57	6.57	5.79
13.79	13.28	12.6	12.62	13.38	14.29	11.82	11.38
8.67	8.31	7.06	7.47	9.22	8.79	8.89	9.35
24.57	19.88	26.72	21.79	22.2	22.87	20.49	24.63
25.8	26.42	26.78	28.07	22.72	24.78	31.03	25.41
26.02	18.7	19.05	19.01	20.54	21.68	21.59	19.79
39.35	35.5	38.93	38.53	36.77	35.67	34.31	39.68
57	51.97	54.95	60.71	54.38	47.75	64.35	51.13
23.2	21.89	26.51	31.28	29.01	23.24	24.43	30.24
6.36	4.89	5.24	5.84	5.21	4.56	5.61	5.96
84.05	101.03	107.51	88.24	106.7	108.29	82.69	98.83
5.66	4.58	5.71	6.52	6.26	5.61	6.28	5.57
3.34	3.46	3.71	4.28	3.22	4.08	3.42	3.33
26.36	29.5	32.55	24.51	28.34	30.72	28.76	28.94
3.98	3.77	4.2	4.52	3.5	4.16	3.82	4.54
3.02	3	2.94	3	3.03	3.58	3.11	3.34
25.32	29.05	26.7	30.4	29.31	31.75	26.23	30.83
13.71	12.17	11.44	14.18	15.01	12.74	12.11	10.1
100.72	131.21	132.92	99.3	135.86	139.35	108.71	123.86
60.78	58.48	53.67	56.96	49.5	48.3	51.85	51.24
19.58	14.92	15.26	16.9	17.06	16.95	13.17	16.03
4.74	3.41	4.32	3.79	3.39	4.22	4.18	4.7
14.05	16.08	16.21	14.01	13.29	14.24	12.21	13.19
8.86	9.43	9.66	8.87	8.68	8.5	9.53	9.69
37.4	31.17	32.55	33.67	29.22	35.36	35.85	31.28
15.8	15.83	16.09	13.52	16.44	15.65	16.57	17.53
43.23	36.54	38.28	39.1	39.34	41.32	40.66	31.95
33.8	31.58	34.54	31.13	33.64	38	32.73	30.12
24.94	26.81	25.5	25.27	23.66	25.29	23.7	23.28
30.97	37.95	28.14	32.99	30.61	35.31	30.15	38.1
56.2	58.42	59.32	60.57	69.24	62.24	61.25	54.61
10.16	12.25	10.83	11.16	11.14	10.44	9.43	10.14
10.08	8.99	8.72	8.13	10.28	12.46	11.26	8.71
71.56	62.19	66.73	59.38	70.45	60.69	65.59	58.1
4.11	4.11	4.03	4.27	4.83	4.52	4.28	4.49
1.2	1.27	1.27	1.24	1.3	1.24	1.24	1.27
6.88	6.52	7.12	8.33	6.59	7.4	6.46	6.78
29.77	37.38	25.83	29.27	29.98	32.19	28.08	30.82
8.52	7.65	8.99	7.85	7.67	8.83	8.33	8.32
63.92	71.08	66.38	63.91	59.67	56.83	65.75	66.21
6.25	6.35	5.84	5.43	6.61	5.98	6.62	5.79
2.06	1.82	2.04	2.05	1.68	2.01	1.95	2.04
46.63	41.12	37.03	39.24	41.96	43.37	39.68	40.62
11.64	12.23	10.9	11.05	11.43	10.36	11.69	10.81
49.62	46.08	45.2	47.78	48.03	43.72	54.26	43.16
8.18	8.62	9.06	8.4	9.46	8.44	9.11	9.04
109.47	92.13	90.96	108.58	93.89	84.59	108.74	107.92
16.59	13.17	14.18	16.28	17.55	14.6	12.98	13.16
22.82	23.8	23.15	20.58	23.31	24.66	25.05	24.76
19.14	18.5	21.78	20.38	19.81	19.01	17.47	17.51
55.94	51.2	49.14	49.67	51.3	47.77	46.37	50.52
2.71	2.6	2.55	2.58	2.46	2.36	2.34	2.62
18.86	18.56	18.96	18.04	17.02	17.99	17.09	16.8
15.85	16.09	19.51	14.85	16.27	17.53	15.86	14.85
23.34	20.15	20.45	21.66	23.31	19.33	21.12	22.98
22.85	26.51	24.15	22.04	24.97	22.03	24.55	23.42
4.05	3.82	3.12	3.68	3.62	3.4	3.7	2.91
1.73	1.79	1.76	1.73	1.75	1.71	1.75	1.71
13.48	15.51	15.27	14.18	15.15	16.16	12.04	13.94
35.92	31.32	32.45	34.04	28.77	29.43	30.53	31.22
5.09	5.97	5.76	5.35	5.22	6.08	5.24	6.56
42.01	38.47	37.53	29.07	38.47	38.28	42.02	39.02
14.87	13.91	17.62	21.14	14.97	15.95	18.22	17.5
41.17	36.67	41.25	38.53	42.88	36.51	36.95	31.92
16.54	15.56	14.57	14.84	11.97	15.82	13.98	10.41
5.16	5.45	4.89	4.65	4.32	4.93	4.04	4.37
11.22	8.86	9.13	8.11	9.33	8.74	8.72	8.38
5.18	5.27	5.04	4.21	4.53	4.19	5.13	4.48
11.62	8.84	9.2	10.47	9.58	9.93	10.19	12
33.1	30.59	30.29	37.78	27.31	35.22	32.09	29.47
6.84	7.43	6.33	6.42	7.18	8.27	7.87	8.02
90.54	80.26	89.39	92.49	75.9	88.75	94.61	102.13
33.5	34.83	33.26	32.58	31.4	38.89	31.16	40.55
26.05	27.28	21.85	33.64	27.03	21.58	26.02	22.14
3.94	3.49	4.11	4.72	3.45	4.08	3.4	3.78
99.77	124.02	117.67	93.97	97.11	114.59	112.19	93.16
17.45	17.19	21.5	16.95	20.43	16.97	16.54	17.45
35.38	26.95	30.43	28.55	29.63	32.05	23.75	34.8
8.46	8.9	9.1	8.41	8.73	8.81	9.37	9.07
24.51	27.35	25.95	27.67	30.63	27.23	25.12	29.09
1.5	1.47	1.44	1.42	1.47	1.48	1.48	1.53
31.61	35.6	34.46	39.33	33.01	34.76	28.9	36.25
33.42	32.64	33.32	31.19	25.34	24.22	35.21	29.21
3.8	4.35	4.53	4.65	3.89	4.45	4.72	4.12
5.5	4.78	6.27	6.64	4.29	5.64	5.32	5.22
11.64	14.19	12.42	12.64	11.06	14.28	12.09	12.64
53.16	50.24	43.71	45.31	46.72	41.34	40.72	39.03
14.93	13.5	14.12	12.48	13.89	14.84	12.6	13.94
17.49	15.81	17.8	16.51	18.37	15.44	20.34	17.7
21.81	18.18	27.82	23.81	24.06	27.06	23.41	20.01
62.53	52.29	66.92	53.14	54.36	64.75	54.65	53.48
7.9	8.08	8.21	8.13	8	7.79	8.6	7.79
55.85	66.14	59.66	58.42	63.66	55.16	55.3	61.82
34.44	37.22	34.17	32.24	32.17	34.41	32.12	33.95
13.5	16.26	16.15	18.7	15.32	17.84	17.3	16.61
20.35	23.1	22.84	20.04	17.31	20.58	21.92	23.18
69.1	54.92	60.16	58.76	71.66	63.65	76.18	58.5
29.48	30.46	31.03	30.22	30.48	28.43	24.87	31.61
8.6	11.1	9.79	12.62	11	10.09	13.78	11.29
61.02	54.85	50.26	60.42	62.77	54.55	47.89	65.91
35.43	37.54	41.6	44.3	34.03	33.08	44.29	35.39
34.29	28.85	32.41	36.9	32.08	32.55	34.35	32.72
17.03	19.18	20.25	16.61	17.85	18.76	17.87	18.09
12.67	13.34	13.21	14.31	13.64	15.37	12.42	14.55
38.94	41.45	38.57	38.98	32.62	41.13	32.89	38.76
7.19	7.22	7.77	5.68	6.79	8.45	6.7	7.4
41.57	37.04	40.48	52.19	36.04	40.74	36.88	34.39
18.8	17.03	19.04	15.4	18.26	16.56	16.57	15.7
12.32	13.62	14.08	12.6	12.74	9.97	13.19	12.16
8.59	9.89	9.46	9.11	9.83	10.49	9.37	10.03
49.59	41.95	50.78	52.9	41.93	38.03	48.68	54.46
1.37	1.29	1.45	1.42	1.35	1.43	1.17	1.6
37.11	31.05	32.16	34.2	39.87	31.9	36.95	36.69
12.96	11.9	12.84	13.16	15.37	13.45	14.01	13.17
92.32	73.36	92.43	95.58	110.17	79.35	82.72	87.95
66.94	76.64	74.12	77.33	78.3	76.36	64.23	84.51
95.73	84.8	90.93	94.3	91.5	98.72	88.64	105.69
46.44	49.79	46.29	41.25	57.03	46.15	49.97	46.13
24.16	21.04	22.67	23.5	23.32	21.55	23.6	27.12
3.68	3.8	3.94	3.91	4.35	5.22	4.33	3.13
9.19	9.36	10.18	8.39	9.97	8.71	9.32	9.41
22.2	28.33	24.37	25.26	20.34	26.1	26.02	24.58
9.79	9.2	10.9	9.44	9.51	8.18	11.6	8.64
8.04	6.6	7.33	9.47	8.03	6.89	6.46	5.43
12.25	14.24	14.73	13.42	14.19	13.38	14.27	15.93
10.99	14.66	12.7	12.18	12.3	11.62	12.95	11.6
17.11	16.51	14.38	15.93	16.59	14.32	15.13	15.29
71.66	66.87	63.23	61.48	62.56	52.33	54.6	63.4
21.15	15.64	13.81	13.73	16.23	17.24	13.42	14.39
7.29	7.37	7.16	8.17	6.28	6.84	7.16	7.67
66.4	56.34	64.44	62.13	48.51	55.53	56.52	67.33
16.51	13.58	21.18	18.42	16	14.69	18.66	18.52
22.54	21.9	22.28	25.25	23.05	18.38	19.74	19.99
19.94	21.55	21.47	19.12	20.91	18.31	22.17	20.99
37.25	47.61	45.37	41.11	43.02	39.61	42.02	43.57
7.43	9	8.16	7.52	7.58	10.43	8.15	6.91
52.55	56.69	58.72	56.36	58.85	52.39	57.96	56.9
6.75	8.48	6.89	6.83	7.17	8.17	6.99	7.01
3.79	3.71	3.32	3.19	4.51	3.7	3.97	3.2
15.38	15.4	12.3	13.3	16.41	14.37	16.93	14.42
45.99	45.04	45.86	50.37	39.47	51.81	46.46	58.5
5.08	6.07	7.46	6.37	6.99	7.2	6.47	6.31
61.59	78.21	72.95	64.16	60	63.03	52.47	65.84
19.84	24.29	21.13	23.77	23.22	22.28	26.5	30.67
7.34	7.97	8.4	8.49	7.61	7.57	9.39	9.9
43.67	38.61	44.41	34.09	43.84	46.29	40.88	40.62
7.17	8.11	7.01	6.9	5.97	7.09	6.77	7.03
26.11	24.41	24	26.83	23.3	24.02	24.26	25.32
29	27.9	26.84	31.77	25.93	27.94	27.46	34.6
11.76	14.88	13.25	15.47	13.13	14.06	12.33	14.8
9.31	9.95	8.34	10.03	10.33	9.8	9.29	9.8
4.71	4.92	5.51	5.13	5.04	4.72	5.69	5.19
39.46	41.25	40.12	41.85	48.11	39.09	48.41	39.06
45.27	41.5	29.59	35.79	34.96	36.91	32.54	44.27
1.77	1.8	1.76	1.83	1.71	1.77	1.74	1.69
59.7	54.99	48.7	49.39	43.98	57.1	61.11	56.28
21.79	25.89	23.07	18.98	23.49	22.3	24.13	23.62
48.97	44.37	41.23	45.25	46.45	40.26	50.4	53.44
40.52	41.25	41.68	40.66	46.67	40.98	36.76	39.49
73.48	82.98	70.73	62.07	81.16	72.03	69.21	69.87
41.61	33.2	46.45	35.88	40.44	35.74	32.5	32.95
94.8	95.77	89.22	112.52	95.19	108.73	90.29	107.48
26.26	30.21	25.13	27.17	21.65	28.56	28.97	24.22
1.12	1.24	1.12	1.09	1.85	1.08	1.13	1.22
4.14	3.59	4.35	4.06	4.19	3.98	3.13	4.65
40.49	39.24	48.55	34.46	37.73	34.95	31.21	46.21
18.65	18.35	17.47	17.28	21.88	17.12	16.5	16.2
69.77	71.3	72.86	81.8	68.92	76.36	80.06	69.45
7.54	7.49	6.19	7.85	6.85	6.85	6.99	6.45
12.75	11.79	14.73	12.98	13.5	14.67	13.75	14.08
83.72	73.36	86.93	65.17	81.34	82.2	77.46	82.29
34.65	38.68	33.66	37.07	35.72	26.49	33.11	34.33
29.2	29.11	27.44	30.66	24.9	28.04	38.94	29.92
137.97	135.28	140.06	129.04	115.95	109.71	142.38	132.77
69.19	72.75	83.69	68.63	60.57	79.06	76.65	82.44
13.19	16.37	13.82	16.56	14.55	16.09	15.86	17.17
25.99	28.25	30.2	28.8	27.99	25.32	31.86	27.75
58.51	57.21	77.37	70.77	72.81	72.24	71.13	61.07
94.72	85.49	81.4	83.02	79.58	79.35	82.42	71.02
44.63	42.89	41.41	38.71	42.89	44.79	42.36	41.13
77.26	60.61	80.06	66.9	80.73	79.5	80.65	72.88
20.85	18.23	16.51	14.72	12.83	14.56	17.17	14.89
16.77	21.31	19.33	20.74	15.14	25.58	17.62	23.41
22.71	21.16	19.56	23.19	25.38	26.28	24.64	25.9
33.02	36.38	33.26	38.66	36.28	36.55	38.41	38.74
32.42	29.81	31.79	32.17	27.32	29.42	38.84	32.96
62.82	49.5	47	46.11	48.29	62.22	40.91	61.04
57.81	64.94	51.46	55.19	71.01	76.84	60.71	58.53
4.53	4.02	4.61	3.77	3.67	3.34	4.61	3.18
8.83	7.83	7.37	8.51	9.31	8.6	8.62	6.69
14.96	15.87	14.89	14.96	15.76	12.8	14.11	16.95
59.87	62.73	75.05	61.94	62.28	71.43	62.48	61.24
1.33	1.32	1.58	1.34	1.59	1.33	1.49	1.26
24.45	28.63	23.88	22.89	27.49	22.57	22.06	25.64
3.5	3.83	3.87	4.36	3.4	3.4	3.74	4.36
6.1	5.77	5.55	5.57	6.95	6.33	6.64	6.52
24.42	22.5	19.79	19.6	19.86	20.6	21.52	22.52
74.14	80.61	77.6	64.39	72.62	58.62	79.76	77.59
12.48	12.36	11.73	12.46	14.15	11.47	9.39	12.55
70.45	80.42	64.1	63.69	77.11	58.15	69.11	66.23
21.7	23.33	21.43	20.08	19.68	19.78	21.51	19.35
3.73	3.63	4.02	3.72	3.69	2.94	3.41	3.49
23.86	26.62	27.15	28.06	21.57	31.39	26.3	25.79
27.55	25.82	24.25	24.57	26.26	25.35	25.36	28.2
29.64	29.57	27.24	27.4	33.53	25.29	29.9	33.36
45.94	45.29	51.5	57.18	47.67	54.89	53.74	54.35
11.75	11.42	12.73	13.07	11.55	13.42	13.21	11.6
14.12	15.35	12.62	12.57	15.85	16.4	17.28	15.58
40.06	40.99	43.58	41.29	41.41	55.88	38.04	44.7
32.67	30.07	29.62	30.44	34.01	27.68	32.23	27.28
57.78	57.16	54.87	59.28	62.97	52.28	61.52	70.87
5.42	5.41	4.25	5.1	4.79	5.53	6.02	6.12
84.69	91.39	84.39	88.04	98.91	87.92	89.15	96.63
50.06	43.06	44.98	43.7	46.27	43	35.82	46.23
40.79	37.88	39.46	37.29	48.32	39.32	33.82	40.85
52.33	60.33	59.85	56.17	60.95	52.22	61.89	60.99
71.43	67.55	82.78	86.47	75.5	80.7	73.28	55.27
36.22	48.41	41.57	44.94	54.25	46.88	46.29	42.17
3.88	4.68	3.59	3.58	3.86	4.16	3.75	4.63
1.93	2.15	1.97	2.07	1.82	2.39	1.89	1.57
32.73	43.34	35.21	34.68	30.91	38.53	35.28	41.01
29.33	32.44	29.76	26.52	29.67	29.13	29.85	31.15
16.74	16.57	17.37	19.51	17.53	19.27	20.09	16.97
43.74	39.19	47.02	42.67	44.69	58.36	40.46	46.54
20.66	23.59	23.94	22.85	22.09	23.83	22.04	22.45
19.14	21.54	20.31	18.56	16.35	20.16	18.53	19.07
30.94	31.02	32.3	33.05	28.25	36.5	36.42	32.63
30.57	31	36.93	33.86	39.69	25.26	25.45	29.82
1.79	1.72	1.79	1.78	1.69	1.66	1.85	1.72
25.69	21.23	23.46	19.49	21.81	19.48	26.32	21.7
12.03	11.36	9.55	9.17	11.07	10.74	11.24	11.83
11.89	13.15	12.57	12.92	11.45	13.29	14.48	16.58
15.94	15.06	16.35	18.26	16.71	19.24	14.98	15.84
50.27	40.34	57.83	55.31	49.77	43.56	48.85	55.12
75.91	60.4	70.34	76.02	57.05	64.7	70.23	67.86
28.23	29.84	29.22	33.29	32.98	32.94	31.39	26.29
39.37	37.63	52.93	46.79	47.01	49.82	39.19	47.67
31.69	32.23	31.72	33.39	33.69	32.2	28.89	26.64
117.59	104.98	148.61	106.5	96.15	107.24	104.06	99.94
8.61	9.2	9.87	8.86	9.8	8.74	10.38	7.71
17.95	19.01	24.72	23.2	20.08	21.53	20.34	19.83
22.27	22.77	22.13	21.58	22.05	20.63	21.46	22.26
31.51	27	30.42	33.97	28.18	31.28	30.54	29.86
30.08	33.72	36.48	31.64	38.42	33.55	28.19	39.81
29.77	25.82	25.57	26.29	25.23	26.8	20.2	22.69
58.63	54.63	58.2	53.91	54.04	56.75	58.04	57.97
60.5	58.71	63.49	55.79	55.56	58.42	53.78	54.6
42.01	46.16	38.81	39.23	44.1	47.64	32.43	41.43
32	30.9	24.92	24.5	30.24	22.22	27.08	28.1
41.41	42.37	52.94	50.51	40.84	39.93	41.7	50.42
56.84	57.47	60.16	54.72	65.6	61.81	55.63	66.48
34.64	33.81	32.5	28.15	32.11	27.41	29.34	33.38
50.9	53.31	41.3	41.74	42.09	36.34	39.78	42.13
74.42	63.09	81.94	76.16	81.56	78.69	93.21	73.7
68.83	69.66	66.89	65.46	62.98	66.35	79	69.73
70.71	64.19	60.81	72.54	77.39	74.67	74.95	80.12
5.59	4.04	4.51	4.98	4.3	4.69	4.87	4.99
45.53	47.19	54.78	43.28	41.57	49.64	42.06	41.95
10.58	14.02	12.27	10.84	13.98	9.63	11.04	12.73
46.81	47.26	56.37	42.63	52.35	41.85	38.85	41.2
19.89	16.92	16.74	20.67	20.66	19.48	16.95	16.12
50.72	52.66	46.03	48.89	52.46	54.47	65.73	50.46
32.86	32.23	31.67	28.02	31.14	38.63	35.6	33.27
1.14	1.05	1.87	1.87	1.8	1.91	1.87	1.93
26.77	30.87	30.52	29.9	24.93	26.32	27.65	28.17
2.04	2.55	2.49	2.59	2.79	2.51	2.22	2.51
7.5	6.52	6.57	7.13	7.22	7.39	6.54	7.55
52.14	49.81	53.35	58.22	45.8	45.84	43.45	53.2
72.43	78.06	62.99	65.24	68.63	77.38	61.64	77.59
12.16	11.4	12.63	11.77	11.21	11.64	11.89	10.55
